BRENTFACTORS[1538]:=MakeImmutable([ ,,,,,,,,,,,, [ 490462454268229 ],,,, [ 876895370167 ],,,,
  , [ 1409176649 ],, [ 1063680049 ],,, [ 6912913070418508563514309 ],, [ 64321742840471 ], 
  [ 1072655011 ], [ 118115838818693020642288570492858321559168981 ], 
  [ 224146765250931960097 ], [ 8146591435973765325691312129 ],, 
  [ 2632191402697440079866035760100441 ],, 
  [ 414769548078914790911047673, 115107384367479099779666757384327643 ],,,, 
  [ 257926186461667, 16932624730560359 ], [ 220300235988253 ], 
  [ 2961286333, 1928917564914100420275155857213733, 
      2033718929861458375099608044281807807487186653 ],, 
  [ 84385834921, 1259857227961, 4555561607413682494686121 ], [ 52664893604465442052453339 ], 
  [ 182656425544937, 338886817279867473440229158423470887007061 ], 
  [ 10248368737, 512394222481 ], [ 20327594437927073347 ], [ 795217530941818281901 ], 
  [ 237389932570762857401643071323 ], [ 435677498518086505805339333 ], [ 31728008617 ], 
  [ 66105323416036432964197 ], [ 18628061651, 1118944920028297891, 19277947586618742011761 ],
  [ 2381338579313, 594800192548847961075737 ], [ 51937686445117439909735131901866639 ], 
  [ 117825968023595638925938847309 ], [ 18682125863957 ],, 
  [ 12752943041, 3298702734001, 395658432871771, 30915222371585996357 ], 
  [ 225768784257239, 621299992710259, 1832080850100807815995279 ], 
  [ 3464021453887, 1024424570440657, 100458827299971656481203737414336513 ], 
  [ 78143109937793, 72238436514036597563084939802204184321 ], 
  [ 67536655031, 29852751886897751104801, 58127146256880658903077991, 
      65168952652907918673381412385731 ], [ 30935048518903 ], 
  [ 1214654659, 102199933971920456159 ], [ 250212889831567858924967237573256431417 ], 
  [ 195879967177, 182339671477025437, 14024557945501527691 ], [ 4083509157497557201 ], 
  [ 2368607375360335434263, 47140944325045749927771553 ],, [ 5808024979, 93539704592237 ], 
  [ 1953397430277666977 ],, [ 73603357776845173533241 ], [ 13747894184310123839 ], 
  [ 33286772093160591856200013 ], [ 23618201212807, 49142824850174094440881621969369 ], 
  [ 14738234175668362721 ], [ 253840506973993, 140125643299163264689 ], 
  [ 58464502911695381704964583700151515827067481 ], [ 1383773680483 ], 
  [ 718418835877, 19441037093060437 ], [ 1048063953568721, 327636623509593521372029901 ], 
  [ 3472316198759, 14601289709612993, 18991040854280507335582095871 ], 
  [ 14602082959, 1930219671871 ], 
  [ 395547736584449681, 2155079811663480895945312685837190444163913 ], [ 1246331050178771 ], 
  [ 130248734761 ],, [ 197178230789, 119528404188730667677, 1082602413751375085917577 ], 
  [ 23645375216433367, 8877192382495875731407 ], [ 819957102526456114805341 ], 
  [ 29764041121, 7717053775001 ], 
  [ 7101818452299173239393, 59315788007275000215224077607524129 ], [ 48384721321 ], 
  [ 30002262557019219267851, 16692080443307587177491175591391 ], 
  [ 425586960926590321, 28609417478374090777 ], [ 864412949038284715517786385716475601 ], 
  [ 6102171541 ], [ 4734144445900452300261452683 ], 
  [ 16130452976458488023, 120393154307848260121, 54406118797192983433387672421, 
      62627781943333607356971630243103 ],, [ 15801702984271 ], 
  [ 355466757563, 407759305507, 48990624391769147189 ],, [ 709683996607813 ],, 
  [ 13632894481691, 9115742434895224109797091, 6495130423620742077753725084766521 ], 
  [ 21948234505538641, 43606970725034299042144357 ], 
  [ 2113921453057, 5179700816625357582946644497, 281701398290718304839233413752337548529 ], 
  [ 1316174112974701 ], [ 22521839209069 ], [ 52605960671051, 4816873391060097221 ],, 
  [ 716008206558532213, 563149041965656728677317 ], 
  [ 1390787658667325081, 873434290624266495118875031 ],, [ 1251186241, 155743736763001 ], 
  [ 2546602543 ], [ 23686553801413999 ],, 
  [ 11046574349, 8379675508169838133, 8324652314051011200415817 ], 
  [ 43179699864217173805852501 ], 
  [ 2073095511735711079, 71699261079507999117517, 174629123814998777131633110931 ],, 
  [ 32067165313 ], [ 43969866495334398511, 144809974875720772655826259 ], 
  [ 79017251561, 13147462210141253671 ], [ 20973401563 ], 
  [ 21238354369, 29953656893968501, 3685933379742729589 ], [ 361087239856140703010029 ],, 
  [ 97294624741 ], [ 2370816601, 9909699194137 ],, 
  [ 501310945243, 165273627454388928934021, 
      1778142747002566958742982199202395412416827582425721 ], [ 209814136447571848472590481 ]
   ,, [ 29115692700116223751304837629 ], [ 3116963191, 10968876053 ], 
  [ 26544997435517937091, 169594726704152830010789, 1211915588807442731573936719 ], 
  [ 2260561929261284493073 ], [ 4617011411 ], [ 7134942066847027 ], [ 240573657031 ], 
  [ 877344029713369 ], [ 12384978076567770413053, 55504406847822377384583197 ], 
  [ 656752796251 ], [ 135536561177756685809 ], 
  [ 3665511769, 4817850472273, 2667690465407257, 1478361893236776706535214121 ], 
  [ 4808737369, 3474276602131, 4520083135591 ], 
  [ 1944055037, 2625146102611906838273, 166261525762206090824012021 ], [ 18120419461 ], 
  [ 75419573269 ],, [ 66931417271, 484366621294443631157 ], [ 27985084381, 201268006199503 ],
  [ 846812709761, 929012714455201 ], [ 2131002763 ], [ 44020194067, 48483388189 ], 
  [ 36908694079 ], [ 85519578627700226534823869 ],, [ 31850583179, 63136161816310573 ], 
  [ 19582526213 ], [ 72719344153, 1160329470213313 ], 
  [ 18959875091, 39232716251, 433883874139 ], [ 25178946841 ], 
  [ 2562525631, 4223541458725458442021 ], [ 561408230173669 ], [ 3340485686861 ],, 
  [ 689586394208754001 ], [ 643448716821186125873 ],, [ 21953865696514906177 ],, 
  [ 2009011592198127961, 2353967164891742514290101 ], [ 50690517187 ],, 
  [ 28858024693, 583347015899977332511 ],,, [ 318617420086128211 ],,,, [ 66190791151 ],, 
  [ 639966006913, 5449124315329 ], [ 63213032153 ], [ 198299610749 ],, [ 2084365107560401 ], 
  [ 3792751885081, 40410553808903 ], [ 21344014891, 7457326061527 ],,, 
  [ 3394258459, 130147137647872638103 ], [ 11758292842252223963391407285251 ],, 
  [ 14013737984968861, 423188293519172393790629257 ], [ 3281751521 ], [ 1089809185636631 ], 
  [ 1249523716807, 13520337584329, 1036022731149331 ], 
  [ 68405337937, 35552533906974449, 1705851900907939201 ],, [ 305009140544724891153271 ], 
  [ 93385922525946661435471 ], [ 31911331101037, 14574861909765853, 251425120099529269 ], 
  [ 2574255785417048449 ], [ 3734202267581760551 ],, 
  [ 2192064689809, 1954781215758418295043073, 21522410630763097482876334969, 
      9939916686671643738458374708995721 ], 
  [ 7057730834911, 3260314620735299, 1431918220582910201 ], [ 1135636993 ], 
  [ 90588343477, 21648072832650957060943, 3118447151880356681841943 ],,, 
  [ 4682383391482178350861, 212510942864431360229365861 ],, 
  [ 86806742177, 19474510400170771457 ], [ 2038982600251, 3968245348545453751 ], 
  [ 121281927506295732947552863 ], [ 1022113647022217699 ],, 
  [ 191558820601, 1359121687527763 ], [ 1936054441, 41568894767501851, 529330068095903117201 
     ],, [ 123843837641 ], [ 2249969456377, 104969279369393 ], 
  [ 36992620381861, 384927717434833 ],,,, [ 35891868034457 ], [ 90268265686493 ], 
  [ 50239592943459826561 ], [ 3200890183, 197524564361708707 ], [ 10115109709 ],, 
  [ 1273780313663813 ], [ 2204957954712101 ],,, 
  [ 242727138872033558241691817, 1223596453993825128135753089 ], [ 3317794027 ], 
  [ 504774140253650710807501 ], [ 97944157027509841 ], 
  [ 648387723205153, 51560683566997538423953, 329997561987336142236643153 ],, 
  [ 94977250626101434787312168599 ], [ 2203928136691 ], [ 1811945807767221761 ],,, 
  [ 194934972121 ], [ 8188258261, 190036752952021 ], [ 2583012386503, 958562365019419 ], 
  [ 1765497388649524507 ],, [ 207421730209 ], [ 54745386461, 5403280087199228441 ],,, 
  [ 4401525612388498341529 ], [ 4933989587781967 ],,, [ 509178284095441, 79001939512530193 ],
  [ 524191388033911774243159 ],, [ 28967925961944751 ], [ 2156497608892900129 ], 
  [ 638665466609 ],,, [ 169468200071669968245841 ], [ 57825595679 ], 
  [ 28927573515133, 87161861923219 ], [ 87982822013, 8138062414310551 ], [ 28360405289 ], 
  [ 2319009697621, 100883330874210121 ],, [ 20698542150763 ], 
  [ 5680864801, 435849009659030017, 825871601092662086198385952513 ],, 
  [ 5030195581, 10004189388811 ], [ 24171885901 ], 
  [ 7581429017, 30615696608661845581, 39931362713626996657 ], [ 81199750003112551 ], 
  [ 9496843501646821037380699 ], [ 1945796280821 ],, [ 282172547731411261 ], 
  [ 386660005507, 1034086939499, 56095248548821 ],, 
  [ 53720010301, 17577378971504127744409501 ], [ 8340387329 ],, [ 127715115971506387 ], 
  [ 284977505347937 ],,,, 
  [ 27241307633, 102079767329, 33847790852261, 1091984250444550001309 ], [ 375602654877781 ],
  [ 4085414051 ], [ 461051289953, 68486367153067 ], [ 71620789225753 ],,, 
  [ 1897146839255221 ], [ 911185458377, 26295150467266950397 ], [ 246091761803 ],,, 
  [ 256805349250504321, 879531760094316101761 ], [ 410537406254446873 ], [ 54114669883 ], 
  [ 3453813161 ],,, [ 13397803033669 ],, [ 4181625479761 ],, [ 197798509261 ],,, 
  [ 331258963891688663869 ],, [ 2378497991 ], [ 9044817601 ],, [ 2727384193, 141600845257 ],
  , [ 1993512821, 2830067136518761, 38940853819750862584829041 ],, [ 18213740443 ],, 
  [ 2810669201 ],,, [ 179871606367 ],,, [ 19107473701, 883458460732751 ],,, 
  [ 156443509410719 ],,, [ 5699010645721, 765822903566653 ],, 
  [ 1309528201, 1972571866909103, 33302464291657116637 ],, [ 56113457888311240480561 ],,,, 
  [ 353998583485457, 60104346451497713 ],,,, [ 56278161617 ],, [ 11224683845486053832641 ], 
  [ 11688839359426937 ], [ 72398898541, 236929408441681 ], [ 242576484301, 55876134487729 ],,
  , [ 10139331809 ],, [ 416173469510107 ],,,,, [ 2741385313, 2161626015749 ], 
  [ 124791708464257 ], [ 5874542318261, 112713854902671331, 15439483460495879401 ], 
  [ 1028744827506913487 ], [ 4049325739, 332879573233, 17029426001347 ],,, 
  [ 18723115711, 3732170194745053034221 ], [ 1446581778023 ], [ 714060490782017 ],, 
  [ 11294699501, 48227361181, 116506285409 ], [ 70502812141, 647357560501, 486714475837481 ],
  [ 733982008321 ],,, [ 29549418907 ],,,,, [ 105574351551014789 ], [ 153351101111311 ],,, 
  [ 102521331689763862895497 ],, [ 29499023581 ],, [ 162920403634801 ], [ 31519868423 ],, 
  [ 1331813851, 36783327377831 ],, [ 745744309138303 ],,,,, [ 849155325039909961 ],, 
  [ 713071255073 ],, [ 1435593589, 5153385901 ],, [ 67129003585960237, 83146492930774513 ],, 
  [ 32902311721, 85004952129551, 4556389315577821, 282973785841992521 ],, [ 24603535896481 ],
  ,,, [ 1101901057, 3288736302121 ],,, [ 199173316777847 ], [ 35472244078503761 ], 
  [ 162082280557 ], [ 1107247129, 36488377823 ], [ 1874958517 ],,, [ 38640268630225021 ],, 
  [ 124214313696257 ], [ 259831518151, 282767904749233 ], [ 1930165329661828206258601 ],, 
  [ 2918268198997 ],, [ 7596131419, 1070939183298449 ],, [ 1098559676714449 ], 
  [ 536349512327 ],, [ 19822116961 ], [ 7172940071261 ], [ 19130681014289209 ],, 
  [ 7743782191909, 162060950497267 ], [ 234281494961 ],, [ 28543675253 ], [ 265680921433 ], 
  [ 76225677566221, 657382537304533, 1763805773558557, 4312239847348769732917 ], 
  [ 2556225996941 ],,, [ 14008235009, 2179914416143153 ],,,, [ 143976056698634914601 ],, 
  [ 1243693861 ], [ 16393115897 ], [ 14101170241, 357643289761 ], [ 5496736207 ],, 
  [ 2153525053 ], [ 142308042769059745733 ], [ 3213568291, 3196490682431, 20733923310018341 ]
    , [ 6057764497 ],, [ 11152737361 ], [ 3595876171 ],,, [ 28745346493 ],, [ 5030380759 ],, 
  [ 9027812561, 11195282864273 ], [ 2054503571 ], [ 599639264683, 562307468016431233 ], 
  [ 2036669200597 ], [ 7054777001, 132087319296232683001 ],,,,,, 
  [ 27580133153, 119158790587, 1082659176314123 ],, 
  [ 51784037595041, 2444527776589613195573, 111321240728501379153917 ],, 
  [ 3739705594838611, 861384814635374311, 98597506192336813250851 ],, 
  [ 2102796869633, 468479461401940686337 ],, [ 42610058262313307 ],,,,,,, [ 245028212071 ], 
  [ 2227298833, 5369867337937033, 747508184883429619939309 ],, 
  [ 130524560653, 3810485724629489 ], [ 27766480351, 7207303095301 ], 
  [ 415577503801, 7523857796504531 ],, [ 58737203831893802689, 100683783146396164173889 ],,, 
  [ 787133390999869 ], [ 166776143559929 ],, [ 62347129951, 5740061216473 ],, [ 2417696609 ],
  ,,, [ 2491735501, 2264475067381 ], [ 19226512441 ], [ 3455393882573 ], 
  [ 1111499608836457 ], [ 127110797377, 256603208801 ],,,,, [ 37788685651, 2411307973999 ], 
  [ 4872328451, 78695454142720801 ],,,,,, [ 35464361427317 ], [ 13446406663, 58324249801 ], 
  [ 117697515378787063, 300065072627416087351 ],, [ 1682242801 ],, [ 35631633715199 ],,,, 
  [ 16768979424031377242741 ], [ 68833050514453 ], [ 30891488833 ],, 
  [ 13940642476530431598691 ],, [ 211040523409, 499443368378333809 ], 
  [ 2748895537242859, 9672646475332483 ], [ 472072827398385011 ],, [ 203893025042881 ],, 
  [ 29889678945567839, 2583281617715511467 ],,,,,, [ 2545216031956250633 ], 
  [ 4714290089731 ], [ 416116616320662137 ],, [ 3709474441, 5724607733332321 ],,,,,, 
  [ 1076161913836157611 ],,,,,,,,, [ 17895908773 ],,,,, 
  [ 68417928097, 396139969906081, 8920736150336683553 ], [ 83251344525867673 ], 
  [ 47942447375861 ],,, [ 101397759517 ], [ 3498510601 ], 
  [ 4363357351, 52807739320771, 14975558951771461 ], [ 157399266641 ],, 
  [ 2817722179, 150244898076109 ],, [ 69478102119841 ],,, [ 1260255487 ], 
  [ 122310254812224961 ],,,,,, [ 427369451393268451627561 ],, [ 1444402396561 ], 
  [ 7376770579 ],, [ 31971052391 ], [ 39218498617 ],, [ 13941221911 ],,,,,, [ 10026993061 ], 
  [ 15852657781 ], [ 1845901073, 7226860141, 3615034985941 ],, [ 7332125495041 ],, 
  [ 1547647690537117651 ],,, [ 15874917139 ], [ 245200257448579597 ],, [ 372289779340337 ],,,
  , [ 939307757939101 ],,, [ 1003311271 ],,, [ 380148955319986329127087 ], [ 30514940513 ], 
  [ 1696105441 ],, [ 16080417346437405406771 ],,,, [ 67511004477181, 108173498336797 ],,,,,,,
  , [ 4154302117879 ],, [ 164802621421 ],,,,, [ 17734902719 ], 
  [ 20619506671, 49906179241, 924582452645881, 6784790225963791 ],, [ 5688202633 ],,, 
  [ 63276900267871 ],,,,,,, [ 21041331003577 ],, [ 4857669912833, 1615071498376513 ], 
  [ 44971233721 ], [ 11091401201 ],,,, [ 284280196299251 ],,,, [ 16768736849519383 ],, 
  [ 14294904742569049 ],,, [ 5954299279 ],,, [ 5021407477, 155041558955207 ],,,, 
  [ 3486304999 ],,,,,,,, [ 58018247557 ],,,, [ 53207505533647, 97848026757181 ],,,,,, 
  [ 838601351657233, 2268617437348153, 3800655468673489 ],,,,, [ 2683115737 ], 
  [ 40400158501, 248163480001, 121034280925506001 ], [ 1956165749 ], 
  [ 1448336209, 57591483841 ],, [ 34815267084859 ],,,, [ 269510974731331 ],,,,,, 
  [ 1893799748249 ],,,,,,,, [ 1197293257, 31346789801, 18199113776101257313 ],, 
  [ 27798012631, 1909076003137, 54578148805909 ],, [ 308478591409, 952603752474001 ],,,,,, 
  [ 441836209081 ],, [ 4081039810849 ],,, [ 3038621167 ], [ 1047572717, 11181590692076201 ],
  , [ 155498781001 ],, [ 710131861297, 5668899004682497 ],, [ 80233385589499 ],,,, 
  [ 317975196883 ],, [ 5202153601, 87300447061842401 ],,,, [ 7034651694337 ],, 
  [ 1565250389 ],, [ 1076627991889 ],, [ 1446153624303391 ],,,,,,,, [ 17233138927 ],, 
  [ 46917886822181 ],,,,,,, [ 26941575961 ],, [ 170618778041 ], 
  [ 15472062371, 387289351080001 ],,,, [ 22604249779 ],,,, [ 1572928758697 ], 
  [ 73726203779 ],,, [ 2584029136189 ],, [ 2517088237669133 ], [ 34318385531 ], 
  [ 16297248171889 ],,,,,,,, [ 400166015089 ],,,, [ 4075539169479493 ],,,, 
  [ 2519488943, 1553943209816149, 11592175928291083 ],,,, [ 18173850887 ],,, [ 9727396559 ], 
  [ 878280275461, 4919055406381, 97713527009889496501 ],,,,,,,, 
  [ 5031832049, 60815837811997 ],,, [ 428152925138909 ],,,,,,,, [ 2024763287 ],,,,, 
  [ 1831933843, 2542126549 ],,,,, [ 16128563441 ], [ 139345642801, 493785735284701 ],,, 
  [ 211012084627 ],,, [ 2197835503 ],, [ 3245836681 ],, [ 24324580477471 ],,,, 
  [ 6497108677 ],, [ 42198182465809 ], [ 326141338741 ],,, [ 11152195841 ],,, [ 2327460799 ],
  , [ 2669760901 ],,,,,,,,, [ 1080855623 ],,,,, [ 1867203379 ], 
  [ 242353634101, 20842817034341 ],,,, [ 1117846097, 5594182754033, 431540184142801 ],, 
  [ 45651933754087 ],, [ 476683350973 ],,,, [ 1042657711241609, 68635517773247713 ],, 
  [ 9525103046731 ],,,,,, [ 10273500481 ],,,,,,, [ 119675115457 ],,, [ 733147699871 ],,, 
  [ 3705686069 ],,,,, [ 10282163646259 ],,,, [ 4012155437 ],,,,,,,, [ 4023756001 ],, 
  [ 1042897821697 ],,, [ 27313412671 ],,,, [ 1245133621 ],,, 
  [ 2696751843211, 2849942236673431 ],, [ 876852677762197 ],,,,,,,,,,,,,,,,,,,,,,,,,, 
  [ 1530915047688541 ],, [ 135985118200417 ],,,,,,,,,,,, [ 38320212097 ],, [ 19322915947 ],,,
  , [ 653308189801 ],,,,,, [ 659900031628993 ],, [ 3001604191 ],,, [ 9618790459 ],, 
  [ 29269711379 ], [ 1490692729 ],,,,,,,,,,,,,,,, [ 2337471705241 ],,, [ 2311009369 ], 
  [ 14362738757 ], [ 15214006711 ], [ 1064503717, 176588987647 ],,,,,,,, [ 6370972453 ],,,, 
  [ 7666631281 ], [ 906787836529 ], [ 239491948301 ],,, [ 10767058037 ],, [ 4270999591 ],,,,,
  ,,,,,, [ 3448696242529 ],,,,,,, [ 50652629759 ],,,, [ 5311059629 ], [ 321155936998441 ],, 
  [ 7089407561 ],,, [ 6286031291 ],,,,,,,,,,,,, [ 97122709261 ],,, [ 3915681697 ],, 
  [ 1011487291 ], [ 1568468267804161 ],,,,,, [ 2952319820410249 ],,,,,,,, [ 28579473869 ],, 
  [ 21304464833 ],,,,,,,,,, [ 3838273867, 19151200709 ], [ 3197252590183 ],,,,,,,,,, 
  [ 18549760217 ], [ 35984649191 ],,,,,,,,,,,,,,,,,,,, [ 1286538551 ],, [ 32010472573 ],,,,,,
  ,,,,,,,, [ 1295369533 ],, [ 384093537913 ],,,,, [ 1303123177 ],,,,, [ 12553537889 ], 
  [ 193523637469 ], [ 2819213161 ],, [ 18135352387 ], [ 35111861269 ],,,,,,,, [ 5768611201 ],
  ,,, [ 77134383301 ],,, [ 3548168873 ],,, [ 89499084091, 984749877619 ],,,,,,,, 
  [ 3818806777, 194625491959 ],,,,,,, [ 69230900993 ],,,,,,,,, [ 10294335461 ],,, 
  [ 1141778513 ],,,,,,,, [ 3826725121 ], [ 71972221289 ],,,,,,,, [ 5401723861 ],,,,,,,,,,, 
  [ 1482912229 ],,,, [ 169159784641 ],,,, [ 388567022177 ],, [ 18412444498501 ], 
  [ 16557799087 ],,,,,,,,,,,,, [ 1922113421 ],,,,,,,,,, [ 652326083189101 ],, 
  [ 13240069753 ],,,,,,,,,, [ 75720184339 ],, [ 1165168357 ],,,, [ 443096258833 ],,,,, 
  [ 296582202313 ], [ 1268524891 ],,,,,,,,,,, [ 314154924101 ],,,, [ 3770534953 ],,,,,, 
  [ 52056258031 ],,,,,, [ 272561882497 ],,,,, [ 69913884281 ],,,, [ 1444636651 ],,, 
  [ 4531923379, 338848113367 ],,,,,,,,,,,, [ 1704556501 ],,, [ 2826438009529 ],,,,,,, 
  [ 3349879974421 ],, [ 1398278599 ], [ 10512434291 ],,,,,,,,,,, [ 1389785167 ], 
  [ 83001303101 ],,, [ 3159185251, 1595410006249 ], [ 1928491091 ], [ 5355581461 ],,,,,,,,, 
  [ 251471982721 ],,,,,,,,, [ 51883832521 ],,,, [ 3683886137 ],,,,, [ 535548328927 ],,, 
  [ 3984676741 ],, [ 4147980553 ],,,, [ 693315769357 ],,,,, [ 7028736089 ],,,,, 
  [ 1066397459 ],,,,,,,, [ 8342388799 ],,,,, [ 10862809013293 ],,, [ 2761531631 ],,,,,,,,,, 
  [ 1143600841 ],,,,,,,,, [ 17996682241 ], [ 1080209749 ],,,,,,,,,,,,, [ 2465888801 ],,,,,,,
  , [ 16934090519, 8913212877067 ],,,,, [ 1235598391 ],,,,,,,, [ 9807002063 ],,,, 
  [ 103839409801 ],,,,,,,,,, [ 1329390221 ],,,,,,,,,,,, [ 178236439687 ], [ 2828114833 ], 
  [ 7386996241 ],,,,,,,, [ 23354304236231 ],,,,,, [ 26360823491 ],,,,, [ 6696005629 ],,, 
  [ 38916692431 ], [ 13340192527 ],,,,, [ 78284992321 ],, [ 8172917803 ],,,,,,,,,,,,,,,,,,, 
  [ 7157717201 ],, [ 5770157251 ],,,, [ 25478993381 ],,,,,,, [ 2201143913 ],,,,,,,, 
  [ 34767493109 ],,,,,,,,,,,,, [ 301251326737 ],,,,,,,,,,,, [ 26170805893 ],,, 
  [ 1584023923 ],,,,,,,,,,,,,,,,,,,,,,,,,,,,,, [ 2948572727, 69958849759063 ],, 
  [ 84228577343 ],,,,,,,, [ 2782562833 ],,,, [ 1143185867 ],,,,,,,,,,,, [ 1817710243 ],,,,,,,
  ,,,,, [ 2124385771 ],, [ 1053584353 ],,,,,,,, [ 1787474701 ],,,,,,,,, [ 3446174209 ],,,,,,,
  , [ 3550100737 ],,,,,,,,,,,,,,,,,,,,, [ 14774039099 ],,,,,,, [ 135510593401 ],, 
  [ 13065494587 ],,,,,,,, [ 17523591391 ],,,,,, [ 49060055269 ],,,,,,, [ 29076940967 ], 
  [ 21128135257 ],,,,,,,,,,, [ 1966036591 ],,,,,,,,,, [ 3138139404011 ], [ 1016117239 ],,,,,
  , [ 19027412353 ],,,,,,,,,,,, [ 3008376853 ],,,,,,,,,, [ 4973278459 ],,,,,,, 
  [ 45364847365027 ],,,,, [ 2017602019 ], [ 3096926047 ],,,,, [ 168622884121 ],,,,, 
  [ 21055089619 ],,,,,,,,,,,,,, [ 1269516641 ],, [ 67581314041 ],,,,,,,,,,,, [ 67962925211 ],
  [ 3279963541 ],,,,,,,,,,,,,,, [ 1851462463 ],,,, [ 67771368391 ],,,,,, [ 4503451177 ],,,,,,
  ,,,,,,,,, [ 1173440017 ],,,,,,,,,,,,,,,,,,,,,,,,,,, [ 48603530713 ],,, [ 30463070401 ], 
  [ 4308610517 ],, [ 1957044967 ], [ 15974444821 ],,,,, [ 63568561051 ],,,,,,,,,,,,,,,,,,,,, 
  [ 214919772343 ],,,,,,,,, [ 45864587371 ],,,,,,,, [ 55082483719 ],,, [ 1059182419 ],, 
  [ 8712936893 ],,,,,,,, [ 2095026541 ],,, [ 2213448931, 3224379313 ],,,,,, [ 17133533371 ],,
  ,,,,, [ 1054261309 ],, [ 4275543859 ], [ 2000797859911 ],, [ 84300016519 ],,, 
  [ 8438667301 ],,,,,,, [ 26194995163 ],,, [ 14368099861, 130613620901 ], [ 2190690251 ],,,,,
  ,,, [ 1221455171 ],,,,,,,,,,,,,, [ 4531494511 ],, [ 3704178031 ], [ 2060990089 ],,, 
  [ 5572668253 ], [ 82887177641 ], [ 2299279849 ],,,,,,,,,,,,, [ 2653712923 ], 
  [ 5150764631 ],,,,, [ 19194477121 ],,, [ 3108667927 ],,,,,, [ 5880501703 ], 
  [ 252326200351 ],,,,,,,,,,,, [ 3391626613 ],,,,,,,,, [ 4177662959 ],,,,,,,,,, 
  [ 28044089923 ],,,,,,,,,,,,,,,,,,, [ 7275237481 ],,,,,,,, [ 403154695061 ],,,,,,,,,,,,, 
  [ 29007181297 ],,,,,,, [ 2224022833 ], [ 66647369777 ],,,,, [ 2502447151 ],,,,, 
  [ 7489700947 ], [ 4420962281 ], [ 11763354443 ],,, [ 2669561641 ], [ 19385867731 ],,,,, 
  [ 2167218941 ],, [ 1558848737 ],,,,, [ 31251469789 ],,,,,,,,,,,,,,,,,,,,,,, [ 1858126301 ],
  ,,,,,,,,,,,, [ 11411916409 ],,,, [ 2838436217 ],,,,,,,,, [ 996304807243 ],,,,,,,,,, 
  [ 6749930401 ],,,,,,,, [ 9123051929 ],,,,,,,,,,,,,,,,,,,,,,,,,, [ 2083886491 ],,, 
  [ 2888937661 ],,, [ 1528138657 ],,,, [ 39048153061 ],,,,,,,,,,,,,, [ 7459093531 ],,,,,,,,,,
  ,,,,,,,,,, [ 23561216947 ],,,,,,,,,, [ 1001019889, 335357631793 ],,,,,,,,, [ 100011530581 ]
   ,,,,,,,,, [ 56919281299 ],,,,,, [ 1877838471793 ],,,,,,,,,,,,,,,,,,,,,,,,,,,,,,,,,,,,,,,,,
  , [ 1817426101 ],,,,,,,,,,,,,,,,,,,,, [ 11081233837 ],,,,,,,,,,, [ 15432877123 ],,,,,,,,,,,
  ,,,,, [ 1520734069 ],,,,,,,,,, [ 2993492321 ],, [ 6023245351 ],,,,,,,,,,,, [ 102106111969 ]
   ,,,, [ 6136247723 ],,,,,,,,, [ 43550843324801 ],,,,,,,,,, [ 1884682141 ], [ 11454875779 ],
  ,,,,,,, [ 36741774381853 ],,,,,,, [ 8039035549 ],,,,,,,,,,,,, [ 2006752117 ],,,,,,,,,,,, 
  [ 79219902269 ],,,,, [ 12036609259 ],,,,,,, [ 1800395431 ],,,,, [ 8651178607 ],,,,,,,,,,,, 
  [ 1133148691 ], [ 5135965633 ],,,,,,,,,,,, [ 30906341449 ],,,,,, [ 676429993009 ],,,,,,,,,,
  , [ 13280267761 ],,,,,,,,,,, [ 12732628361 ],,,,,,,,,,,,,,,,,,,,, [ 20974609657 ],,,,,,,,,,
  ,,,,,,,,,,,,,,,,,,,,, [ 1156537021 ],, [ 2156170501 ],, [ 1587034369 ],, [ 12606187141 ],,,
  ,,, [ 8294379601 ],,,, [ 3140536957 ],,,,,, [ 1697949061, 218097249131 ],, [ 5778951949 ],
  , [ 6915453696953 ],,,,,,,,,,,,,, [ 2697141767633 ],,,,,,,,,,, [ 6553164349 ], 
  [ 1841212801 ],,,,,,,,,,,, [ 3061179757 ],, [ 1157370061, 3429796063 ],,, [ 19368058141 ],,
  ,,,,,,, [ 7490883853 ],,,, [ 2469882740551 ],,,,,, [ 384685825309 ],,,,, 
  [ 8299577329078309 ],,, [ 1848052666513 ],,,,,, [ 8052304501 ],,,,,,,,,,,,,, 
  [ 234501524737 ],,,,,,,,,,,,,,,,,,,,,, [ 12469589263 ],,,,,,,,,,,, [ 1039402477 ],,,, 
  [ 7968212933 ],, [ 13289816233 ],, [ 9638010541, 20185997203 ], [ 11439858961 ],,, 
  [ 61955974831 ],,,,,,,, [ 93858634283 ],,,,,,,,,,,,,,,, [ 26680073743 ],,,,,,,,,,,,,,,,,,,,
  ,,,,,,,,,,,, [ 34531732117 ],,,,,,, [ 2159058007 ], [ 3364034153 ],,,,,,,,,,,,,,,,, 
  [ 15404367841 ], [ 3532244497 ],,,,,,,,,, [ 2622250003, 15019375247 ], [ 1469668201 ],,,,, 
  [ 43686659035969 ],,,, [ 4794850993 ],,,, [ 7488399257 ],,,,,,,,,,, [ 630240040267 ],,,,,,,
  ,, [ 29096714329 ],,,,,, [ 53413185151 ],,,,,,,,,, [ 1046515541, 1230349709 ],,,,, 
  [ 2595600877 ], [ 12873326819 ],,,, [ 1441363013 ],, [ 1141125521, 156754359497 ],,,,,,,,,,
  ,,,,,,,, [ 85143575479 ],, [ 54990029917 ],,, [ 1322711587 ], [ 4185382561, 35432218433 ],,
  ,,,,,,,,, [ 50056628491 ],,, [ 1394150473 ],,,,,,,,,,,,,,,,,,,,,,,,,,, [ 1710036049 ],,,,,,
  ,,, [ 1846138747 ],,,,,,,,,,,,,,,,,,,,,,,,,,,, [ 3937604857 ],,,,,,,,,,,,,, 
  [ 16968839341 ],,,,,,,, [ 1715666833 ],,,, [ 308214792649 ],,,,,,,,,,,,,,,, 
  [ 198278415089 ],,,,, [ 1039836043 ],,,,,, [ 41899482577 ], [ 1340666321 ],,,,,,,,,,,,,,,,
  , [ 26345470399 ],,,,,,,,, [ 68581913227 ],,,,,, [ 9978814033 ],,,,,,,,,,,,,,, 
  [ 5297231413 ],,,,,,,,,,,,,,,,,,,,,,,,, [ 81809544673, 771529998719357 ],,,,,,,,,,,,,, 
  [ 2250761167 ],,,,,,,,,, [ 8936785801 ],,,,,, [ 5762351167 ],,,,,,,, [ 1396836625141 ],,,,,
  ,,,,,,, [ 2259011533 ],,,,,,,, [ 1132303351 ],, [ 26641394321 ],,,,,,,,,,,,,,,,,,,,,,,,,,,,
  ,,,,,,,,,,,,,,,,,, [ 358252325903 ],,,,,,,, [ 5130019655567 ],, [ 276628689121 ],,,,,,,, 
  [ 1478694169 ],, [ 2078571251 ],,,,,,,, [ 1480333489 ],,,,,,,, [ 1623509351 ],,,,,,,,,,,, 
  [ 1150009459 ],,,,,,,,,,,,,,,, [ 4257190243 ],,,,,,,,, [ 26709032611, 39188839561 ],,,,,,,,
  ,,,,,,, [ 1940833987, 15190077673 ],,,,,,,,,, [ 17951481049 ],,,,,,,,,,,,,,,,,,,,,,,,,, 
  [ 4858982899 ],,,,,,,,,,,,,, [ 29813646097 ],,,,,,,,,, [ 56624425111 ],,, [ 18915367927 ],,
  ,,, [ 2099883199439 ],,,, [ 1462661779, 1567889629 ],,,,,,,,,,,,,,,, [ 1689018791 ],,,,,,,,
  ,, [ 16501037057 ],,,,,,,, [ 3079101913 ],, [ 3110423707 ],,,, [ 2647045003 ],,,, 
  [ 11724488389 ],,,,,,,, [ 8228550971 ],,,,,,,,,,,,,, [ 16507316377 ],,,,,, [ 4096716361 ],,
  , [ 17663580607 ],,,,,,,,,,,,,,,,,,, [ 1394994613 ],,,,,, [ 4356330491 ],, [ 6845594461 ],,
  ,,,,,,,,,,,,, [ 2030231701 ],,,,,,,,, [ 1382354689 ],, [ 10819202491 ],, [ 27216997441 ],,,
  ,,,,,,,,,,,,, [ 23595328217 ], [ 1995105451 ],,,,,,,,,,,,,,,,, [ 3015430409 ],,,,,, 
  [ 2484861121, 1822153703281 ],,,,,,, [ 1510673041 ],,,,,,,,, [ 8210404801 ],,,, 
  [ 4536811577 ],, [ 10803236251 ],,,,,, [ 11635870153 ],,,,,,,,,,,,,,,,,,,,,,,,,,,,,, 
  [ 3796787396797 ],,,,,,,,,,,,,,,,,, [ 1032995221 ],,,,,, [ 2034989581 ],, [ 31413716129 ],,
  ,,,, [ 556050599231 ],,,,,,, [ 156072484801 ],,, [ 1418358217 ],, [ 96513916481 ],,,,,, 
  [ 8287911997 ],,,,,, [ 4817695111 ],,,, [ 119113581421 ],,,,,,,,,,,,,,,,,, [ 1337477233 ],,
  ,,,, [ 493789132171 ],, [ 16285690081 ],,,,,,,,,, [ 1138943863 ],,,, [ 33983388653 ],,,,,,,
  ,,,,,,,,,,,,, [ 2008898767 ],,,,,, [ 330998400217 ],,, [ 1139531221 ],,, [ 1827613789 ],,,,
  ,,,,, [ 1366745227 ],,,,,,, [ 34043872171, 48208022801 ],,,,,,,,,,, [ 6007627471 ],,,,,,,,,
  ,,,,,,,,,,,,,, [ 9355329793, 11982387841 ],,,,,,, [ 6138051901, 12435930601 ],,,,,,,,,,,,,,
  ,,,,,,,,,,,,,,, [ 2938402623157 ],,,,,,,,,,,,,,,,,,,,,,,,,,,,,,,, 
  [ 1964220301, 2005512617 ],,,,,, [ 13113860759 ],,,,,,,,,,,,,, [ 2007724057 ],,,,,,,,,,,,,,
  ,,,,,,,,,,,,,,,,,,,,,,,,,,,,,,,,,,,,,, [ 157434236129 ],,,,,,,,,,,,,,,, [ 31695525749 ],,,,
  ,,,,,,,,,,,,,,,,,,,,,, [ 2631245251 ],,,,,, [ 15770016809, 50436231029 ],,,,,,,,,,,,,,,,,,,
  , [ 15189668887969 ],,,,,,,,,, [ 3987918481 ],, [ 2024562961 ],,,, [ 18733674913 ],,,,,,,,,
  ,,,,, [ 3295596881833 ],, [ 8714814289 ],,,,,,,,,, [ 2173088293 ],,,,,,,,,,,,,,,, 
  [ 1501008043 ],,,,,,,,,,,, [ 102845826491 ],,,,,,,,,,,,,,,,,, [ 17300749337, 155472151537 ]
   ,, [ 14399567179489 ],,,,,,,,,,,,,,,,,,,,,,,,,,,,,,,,,,,,,,,,,,,,,,,,,,,,,,,,,,,,,,,,,, 
  [ 9109173649 ],,,,,,,,,,,,,,,,,,,,,,,,,,,, [ 4790462801 ],,,,,,,,,,,,,, [ 18604161649 ],,,,
  ,, [ 9681394321 ],,,,,, [ 14747003941 ],,,,,, [ 3501785120329 ],, [ 13545309103 ],,,,,,,, 
  [ 1573230781 ],,,,,,,,,,,,,, [ 6020778817 ],,,,,,,,,,,, [ 1843730641 ],,,,,,,,,,,,,,,,,,,,,
  ,,, [ 14032040653 ],,,,,,,,,,,, [ 2474185393 ],,,,,,,,,,,,,,,,,,,,,,,,,, [ 9282276745351 ],
  ,,,,,,,,, [ 76934866501 ],,,,,,,, [ 2307708313 ],,,,,, [ 3587582753 ],,,,,,,,,,,,,,,,,,,,,,
  ,,,,,,,,,,,,,, [ 1146081301 ],,,,,,,,,, [ 17090916481 ],,,,,, [ 1249143451 ],,,,,,,,,, 
  [ 102644644961 ],,,,,,,,,,,,,,,,,,,,,,,,,,,,,,,,,,,,,,,,,,,,,,,,,,,, [ 12098587021 ],,,, 
  [ 56377137361 ],,,,,, [ 22934000953 ],, [ 1900901281 ],, [ 1204826459 ],, [ 53222548069 ],,
  ,,,,,,,,,,,,,, [ 5311384121 ],,,, [ 515331679721 ],,,,,,,,,,,, [ 1982516453 ],,,, 
  [ 216617305321 ],,,,,,,,,,,,,,,,,,,,,,,,,,,,,, [ 32344413091, 113139418681 ],,,,,,,,,,,,,,,
  ,,, [ 1004269753 ],,,, [ 1215963113 ],,,,,,,,,,,,,,,,,, [ 1333999501 ],,,,,,,,,,,,,,,,,,,,,
  ,,,,,,,,,,, [ 2358855397 ],, [ 2922397297 ],,,,,,,,,,,,,,,,,,,,,,,,,,,,,,,,,,,,,,,,,,,,,,,,
  ,,,,,,,, [ 131621694601 ],,,, [ 3199970621 ],,,,,,,,,,,,,, [ 2071813773779177 ],,,,,,,,,,,,
  ,, [ 10566588752833 ],,,,,, [ 21835937737 ],,,,,,,,,,,,,,,,,,,,,,,,,,,,,,,,,,,,,,,,,,,,,,,,
  ,,,,,,,,,,,,,,,,,,,,,,,, [ 112442422951 ],,,,,, [ 1312948477 ],,,, [ 7400404321 ],,,,,,,,,,
  ,,,,,,,,,,,,,,,,,,,, [ 20444678701 ],, [ 287257980673 ],,,,,,,,,,,,,,,,,, [ 9675652681 ],,,
  ,,,,,,,,,,,,,,,,,,,,, [ 1347898807, 4198340899 ],,,,,,,,,,,,,,,, [ 75582370301 ],,,,,,,,,,,
  ,,,,,,,,, [ 209520857911 ],,,,,,,,,,,,,,,,,,,,,,,,,,,,,,,,,,,, [ 4581496363 ],,,,,,,,,,,,,,
  ,,,,,,,,,,,,,,,, [ 2666919361, 306468823057 ],,,,,, [ 41933909851 ],,,,,,,,,,,,,,,,,,,,,,,
  , [ 3852064063 ],,,,,,,,,,,,,,,,,,,,,,,,,,,,,,,,,,,,,,,,,,,,,,,,,,,,,,,,,,,,,,,,,,,,,,,, 
  [ 1545555709 ],,,,,,,,,,,,,,,,,,,,,,,,,,,,,,,, [ 4412950441 ],,,, [ 8553056761 ],,,, 
  [ 75580479703 ],, [ 1047319681 ],,,,,,,,,,,,,,,,,,,, [ 4099958101 ],,,,,,,,,,,,,,,, 
  [ 1546116073 ],,,,,,,,,,,,,,,,,,,,,,,,,,,,,,,,,, [ 1455269551 ],,,,,,,,,,,,,,,,,,,,,,,,,,,,
  ,,,,,,,,,,,,,,,,,,,,,,,,,,,,,,,,,,,,,,,,,,,,,,,,,,,,,,,,,,,,,,,,,,,,,,,,,,,,,,,,,,,,,,,,,,,
  ,,,,,,,,,,,,,,,,,,,,,,,,,,,,,,, [ 4282542001 ],,,,,,,,,,,,,,,,,,,,,,,,,, 
  [ 59530658581, 87990901399 ],,,,,,,,,,,,,,,,,,,,,,,,,,,,,,,,,,,,,,,,,,,,,,,,,,,,,,,,,,,,,,,
  ,,,,,,,,,,, [ 11755497601 ],,,,,,,,,,,,,,,,,,,,,,,,,,,, [ 9162355861 ],,,,,,,,,,,,,,,,,,,,,
  ,,,,,,,,, [ 54563783017 ],,,,,,,,,,,,,,,,,,,,,,,,,,,,,, [ 3233554057 ],,,,,,,,,,,,,,,,,,,,,
  ,,,,,,,,, [ 54413442907 ],,,,,,,,,,,,,,,,,,,,,, [ 1152901961 ],, [ 2305186265647 ],,,,,,,,,
  ,,,,,,,,, [ 14572886401 ],,,,,, [ 14942375659 ],,,,,, [ 28313847589 ],,,,,,,,,,,,,,,,,,,,,,
  ,, [ 3571269157 ],,,,,,,,,,,,,,,,,,,,,,,,,,,,,,,,,, [ 136409325581 ],,,,,,,,,,,,,, 
  [ 2840113873 ],,,,,,,,,,,, [ 863144270604769 ],,,,,,,,,,,,,,,,,,,,,,,,,,,,,,,,,,,,,,,,,,,,,
  ,,,,,,,,, [ 45610159051 ],,,,,, [ 1059951973, 25307855257 ],,,,,,,,,,,,,,,,,,,,,,,,,,,,,,,,
  ,,,,,,,,,,,,,,,,,,,,,,,,,,,, [ 6471117577, 12960109369 ],,,,,,,,,,,, [ 24047670277 ],,,,,,,
  ,,,,,,,,,,,,,,,,,,,,,,, [ 3584056009 ],, [ 22390005401 ],,,,,,,,,,,,,,,,,,,,,,,,,,,,,,,,,,,
  ,,,,, [ 3058712281 ],,,,,,,,,,,,,,,,,,,,,,,,,,,,,,,,,,,, [ 19526378017 ],,,,,, 
  [ 1673327053 ],,,,,,,,,,,, [ 16581002923 ],,,,,,,,,,,,,,,,,,,,,,,,,,,,,,,,,,,,,,,,,,,,,,,,,
  ,,,,,,,,,,,,,,,,,,,,,,, [ 15068570191 ],,,,,,,,,,,, [ 356905253923 ],,,,,,,,,,,, 
  [ 11033990101 ],,,,,,,,,,,,,,,,,,,,,,,,,,,,,,,,,,,,,,,,,,,,,,,,,,,,,,,,,,,,,,,,,,,,,,,, 
  [ 120947314591 ],,,,,, [ 9480034033, 1147944146497 ],,,,,,,,,,,,,,,,,,,,,,,,,,,,,,,,,,,, 
  [ 1389711649, 9660630937 ],,,,,,,,,,,, [ 19278458497 ],,,,,, [ 3352397372101 ],,,,,,,,,,,, 
  [ 2250453367 ],,,,,, [ 18654115321 ],,,,,, [ 40206172723 ],,,,,,,,,,,,,,,,,,,,,,,,,,,,,,,,,
  ,,,,,,,,,,,,,,,,,,,,,,,,,,,,,,,,,,,,,,,,, [ 2779059641 ],,,,,,,,,,,,,,,,,,,,,,,,,,,,,,,,,,,
  ,,,,,,,,,,, [ 9558845387419 ],,,,,,,,,,,,,,,,,,,,,,,, [ 1282151011 ],,,,,,,,,,,,,,,,,,,,,,,
  ,,,,,,,,,,,,,,,,,,, [ 6017389561 ],,,,,,,,,,,,,,,,,, [ 59299506001 ],,,,,,,,,,,,,,,,,,,,,,,
  , [ 2753390641 ],,,,,,,,,,,,,,,,,,,,,,,,,,,,,,,,,,,,,,,,,,,,,,,,,,,,,,,,,,,,,,,,,,,,,,,, 
  [ 11350451509 ],,,,,,,,,,,,,,,,,,,,,,,,,,,,,,,,,,,,,,,,,,,,,,,,,,,,,,,,,,,,,,,,,,,,,,,,,,,,
  ,,,,,,,,,,,,,,,,,,,,,,,,,,,,,,,,,,,,,,,,,,,,,,,,,,,,,,,,,,,,,, [ 2593569133 ],,,,,,,,,,,,,,
  ,,,,,,,,,,,,,,,,,,,,,,,,,,,,,,,,,,,,,,,,,,,,,, [ 30713029777 ],,,,,,,,,,,,,,,,,,,,,,,,,,,,,
  ,,,,,,, [ 1192423501 ],,,,,,,,,,,,,,,,,,,,,,,,,,,,,,,,,,,,,,,,,,,,,,,,,,,,,, 
  [ 3009955453 ],,,,,,,,,,,,,,,,,,,,,,,,,,,,,,,,,,,,,,,,,,,,,,,,,,,,,,,,,,,,,,,,,,,,,,,,,,,,,
  ,,,,,,, [ 195775489999 ],,,,,,,,,,,,,,,,,,,,,,,,,,,,,,,,,,,,,,,,,,,,,,,,,,,,,,,,,,,, 
  [ 25101729199, 48803072683 ],,,,,,,,,,,, [ 114472244251 ],,,,,,,,,,,,,,,,,,,,,,,,,,,,,,,,,,
  ,,,,,,,,,,,,,,,,,,,,,,,,,,,,,,,,,,,,,,,,,,,,,,,,,,,,,,,,,,,,,,,,,,,,,,,,,,,,,,,,,,,,,,,,,,,
  ,,,,,,,,,,,,,,,,,,,,,,,,,,,,,,,,,,,,,,,,,,,,,,,,,,,,,,,,,,,,,,,,,,,,,,,,, [ 1010557549 ],,,
  ,,,,,,,,,,,,,,,,,,,,,,,,,,,,,,,,,,,,,,,,,,,,,,,,,,,,,,,,,,,,,,,,,,,,,,,,,,,,,,,,,,,,,,,,,,,
  ,,,,,,,, [ 232133825821 ],,,,,,,,,,,,,,,,,,,,,,,, [ 3446959951 ],,,,,,,,,,,,,,,,,,,,,,,,,,,
  ,,,,,,,,,,,,,,,,,,,,,,,,,,,,,,,,,,,,,,,,,,,,,,,,,,,,,,,,,,,,,,,,,,,,,,,,,,,,,,,,,,,,,,,,,,,
  ,,,,,,,,,,,,,,,,,,,,,,,,,,,,,,,,,,,,,,,,,,,,,,,,,,,,,,,,,,,,,,,,,,,,,,,,,,,,,,,,,,,,,,,,,,,
  ,,,,,,,,,,,,,,,,,,,,,,,,,,,,,,,,,,,,,,,,,,,,,,,,,,,,,,,,,,,,,,,,,,,,,,,,,,,,,,,,,,,,,,,,,,,
  ,,,,,,,,,,,,,,,,,,,,,,,,,,,,,,,,,,,,,,,,,,,,,,,,,,,,,,,,,,,,,,,,,,,,,,,,,,,,,,,,,,,,,,,,,,,
  ,,,,,,,,,,,,,,,,,,,,,,,,,,,,,,,,,,,,,,,,,,,,,,,,,,,,,,,,,,,,,,,,, [ 252649272061 ],,,,,,,,,
  ,,,,,,,,,,,,,,,,,,,,,,,,,,,,,,,,,,,,,,,,,,,,,,,,,,,,,,,,,,,,,,,,,,,,,,,,,,,,,,,,,,,,,,,,,,,
  ,,,,,,,,,,,,,,,,,,,,,,,,,,,,,,,,,,,,,,,,,,,,,,,,,, [ 1048625041 ],,,,,,,,,,,,,,,,,,,,,,,,,,
  ,,,,,,,,,,,,,,,,,,,,,,,,,,,,,,,,,,,,,,,,,,,,,,,,,,,,,,,,,,,,,,,,,,,,,,,,,,,,,,,,,,,,,,,,,,,
  ,,, [ 20679267841 ],,,,,,,,,,,,,,,,,,,,,,,,,,,,,,,,,,,,,,,,,,,,,,,,,,,,,,,,,,,,,,,,,,,,,,,,
  ,,,,,,,,,,,,,,,,,,,,,,,,,,,,,,,,,,,,,,,,,,,,,,,,,,,,,,,,,,,,,,,,,,,,,,,,,,,,,,,,,,,, 
  [ 3402258553 ],,,,,,,,,,,,,,,,,,,,,,,,,,,,,,,,,,,,,,,,,,,,,,,,,,,,,,,,,,,,,,,,,,,,,,,,,,,,,
  ,,,,,,,,,,,,,,,,,,,,,,,,,,,,,,,,,,,,,,,,,,,,,,,,,,,,,,,,,,,,,,,,,,,,,,,,,,,,,,,,,,,,,,,,,,,
  ,,,,,,,,,,,,,,,,,,,,,,,,,,,,,,,,,,,,,,,,,,,,,,,,,,,,,,,,,,,,,,,,,,,,,,,,,,,,,,,,,,,,,,,,,,,
  ,,,,, [ 32606977261, 260340889381 ],,,,,,,,,,,,,,,,,,,,,,,,,,,,,, [ 15030244531 ],,,,,,,,,,
  ,,,,,,,,,,,,,,,,,,,,,,,,,,,,,,,,,,,,,,,,,,,,,,,,,,,,,,,,,,,,,,,,,,,,,,,,,,,,,,,,,,,,,,,,,,,
  ,,,,,,,,,,,,,,,,,,,,,,,,,,,,,,,,,,,,,,,,,,,,,,,,,,,,,,,,,,,,,,,,,,, [ 19756855273 ],,,,,,,,
  ,,,,,,,,,,,,,,,,,,,,,,,,,,,,,,,,,,,,,,,,,,,,,,,,,,,,,,,,,,,,,,,,,,,,,,,,,,,,,,,,,,,,,,,,,,,
  ,,,,,,,,,,,,,,,,,,,,,,,,,,,,,,,,, [ 1879368481 ] ]);
