BRENTFACTORS[410]:=MakeImmutable([ ,,,,,,,,,, [ 159167296927 ],,,,,,,,,,,, 
  [ 777048157222518704184631891 ],, [ 311747474888806501 ],, [ 8474156443, 1254180171313 ],, 
  [ 564731278877251909, 27951388879497682663 ],, 
  [ 17452987477, 1092449374825898587231372607 ],, [ 771194700343 ], [ 1052660228131 ], 
  [ 79473075759342721 ],, [ 1376040334693 ], [ 1463741588173471501 ],,,,, [ 11155795874653 ],
  [ 27133516618781 ],, [ 6659099397545688139 ], 
  [ 1348101287944561, 32862675444788597006383074184392134176854014895731 ],, 
  [ 116903009468769159769183 ],, [ 1557651294649, 10464029011156621561 ],, 
  [ 1650909721, 19349278432651955354467, 18778701018922707906677119 ], [ 50036828329 ], 
  [ 3720679473611, 54499129621789534710277689306631711 ], [ 28907119978105566737 ], 
  [ 4295301140234080817668790563877948928784351 ], [ 2593868113, 7245464410567672070917 ], 
  [ 275482461935299165123 ],, 
  [ 3145562723, 636379193434970404258620505492199, 229775386698531209625978916327190951 ],, 
  [ 2185604569, 1280345273788897 ], [ 292119133822376257 ], 
  [ 753679647241, 4945679572458431, 1499318174563303624239448966225961 ], [ 1238864881 ], 
  [ 2309030869053680173499857 ], [ 9603007632700589, 20454454175793520619213 ], 
  [ 5046090416336959947829665979654684430593212451 ], [ 2987785571, 70493125501 ], 
  [ 154363149487, 4898711791273361 ], [ 11566029097873, 2454744892507057 ],, 
  [ 1975261985813, 557838795432626561003 ], [ 16145432559355518593716703795251 ], 
  [ 74246696355090812473, 4926753512768701846331478546581 ],, [ 30619100427319 ], 
  [ 5082579963284393, 27806599851037298297508305413807 ], 
  [ 169336035761, 54687753021491041, 63951853556599801133681 ], 
  [ 296828368368681900581346683053, 928825578282607683810568378108857116668028837319670729 ],
  [ 44784972893, 11659402364757478103 ],,, 
  [ 204661847231, 3279221930906225344775883130756271 ], [ 1090175389, 120365729118079 ], 
  [ 846729678332084600979734917, 144238465036083013082939793497569891291519 ], 
  [ 62447312304961, 27749619030932122193, 726980615202610275794321 ], 
  [ 706306520923469201, 161048425540855343505251960087 ], [ 47625397124159672821 ], 
  [ 30518368727035600283686597603 ], [ 1642351615633, 920940967411383783689289667430681 ], 
  [ 7085476905217, 1414710900546359390842995737274601, 70330631712932351489002641421095439 ],
  [ 31934561355592546419464888143510206499291779387624645101 ], [ 12711248445815460071 ], 
  [ 92700923224515830983006445510977 ], [ 481189544689709 ], [ 39831932617 ], 
  [ 2734588047941057151930732652596845822830561 ], 
  [ 312700027923674425286701, 1047761030628944610494787818751327701 ], [ 66995063198709769 ],
  , [ 3130769609557, 444795654603613782257566964609 ], [ 39669008017250519775841602929 ], 
  [ 33597079007687762659055656950646246411 ], 
  [ 58331925751511, 43536682857180913, 7204557927512699296742468326201465755635519059909 ], 
  [ 16809077619949, 67490487894019278089 ], 
  [ 14931637836327037493670133, 54610809368352041583857746117 ], 
  [ 4919654428919, 435487063647955651, 90113773056727872919 ], 
  [ 2049087371, 42518131906806161, 208944529112949886552185596534931511 ], 
  [ 7034343963537803556173581 ], 
  [ 1893915216929, 5644051370987121020290434845754127030585613996497 ],, [ 5538510524329 ], 
  [ 17991372286488737291041, 123618682844770148021237761 ], 
  [ 182691795089, 14018588191032135645151144133, 2898389508775280640046714811047516184363369 
     ], [ 20063355391, 80598383760493, 405856507274200984717, 208080095600372042808321679, 
      9049415046788406623137937603351348259724890283 ], [ 400830222351246209 ], 
  [ 172841018374952971, 3104223856234112389, 5111807896087687389052906368103 ], 
  [ 87238388401, 258159421853233866841 ],, [ 5491653833, 141827609040731209 ], 
  [ 4053669623293, 1652407464842521 ], 
  [ 1534325161, 10526069262047064874212158199697177810582740319692618504588459276697 ], 
  [ 1352225962643734001, 55019076550839899709102765690001 ], 
  [ 361807537725594183542131, 144191021970401317689458506687 ], 
  [ 1932797549086021, 2307420576498361, 380017581144395116891 ],, [ 127154905261 ], 
  [ 6259471310460161, 2134254943016608949188991, 3908195042503695805931827590821 ],, 
  [ 5790603982346965197196314307874653198251773113 ], [ 51123050189, 3861019787479 ], 
  [ 34920399034933, 56957348824972975811062229639 ], 
  [ 870808274641, 354810443885594033834493091, 778366406009298498629201191 ], 
  [ 130361699819550049, 14515676142579550753, 4216608640215784381191970663073, 
      889595620089833961772338709176405686856593 ],, 
  [ 145866734923353119059, 265356234784520185470457 ],,, [ 26161300743707966113 ],, 
  [ 1962460578546319853, 24491015454296692570699 ], 
  [ 1248825144241, 3738119575498302681217441 ], [ 7084466866391 ], 
  [ 227242411259135528095497635308231525129 ],, [ 66329550243636123074982170001601 ], 
  [ 4255866737, 107943981764177843 ], [ 891587998201, 43864477337374544078959864167301 ], 
  [ 45740632799 ], [ 87675411856044194633591809 ], [ 39947141791 ], 
  [ 342719128524689897861651 ], [ 8646806096521, 73391830695285648466831 ],, 
  [ 682496997957870859703 ], 
  [ 2968195383338964144157171609808443, 35811433433793962148125361693189767297 ], 
  [ 476833292929218481 ],, [ 2205522949401599353, 154027810953485635993 ], 
  [ 427274503762157119, 6599101119242929745856858500567866871292307 ], [ 5077557069389461 ], 
  [ 2046175849, 2414286457083684041, 1756990896327332957670600259698417127149209 ], 
  [ 38818778086441 ], [ 8022807889 ], [ 1589575333078379, 3818654168568765091 ], 
  [ 36430115737, 80248314489001, 54062438677884988177 ],, [ 3184779352073731 ],,,, 
  [ 51885578303464773635311 ], [ 1597735301 ], 
  [ 15365463521, 16223202008902511862731370913, 29186470941874647398569321328553314033 ], 
  [ 2594980531818403, 3222105709671429136639 ],,,, [ 40776227091146530179457711 ], 
  [ 31756310969657 ], [ 30248425021, 271607653286872133332963933 ], 
  [ 2104170557017, 8743408556044134958413035219228930974889 ], [ 9391174981 ],, 
  [ 1176742929407, 2025084914579 ], 
  [ 10908411255007817, 8229563669517866000813368083757, 
      95660869003403404450402787364937278973 ],,, 
  [ 3641378711, 62401112406037, 180389027190328633, 634281474851645232529 ], 
  [ 78071759880890619571382593 ], [ 322693782375108309527226457 ],, 
  [ 1290018302949343885711, 27711565085676485051919271 ], [ 45339788287270972153 ],, 
  [ 28042680840749460867535641411867947850211710958385599794441256369483 ], 
  [ 1465383202516407901, 118012424202105347837821 ], [ 2687800796185181276539065068401 ],, 
  [ 18316392314253027198205363 ], [ 1861094020110295657, 10728720755144981512267 ], 
  [ 227263847269, 7305168960673, 15740513330077, 30484420985808925160600087187342253 ], 
  [ 35686651230817721 ],, 
  [ 1731651049, 11493083836507313413683847, 3114989601425345790022790341 ], 
  [ 15577990715041 ], [ 3426816251 ], [ 2946861751, 1448584866268100022689821699878266413501 
     ],,,, [ 9924330893, 520130122903 ], [ 5988302245561 ], 
  [ 347814198375236801281, 232165203996429317816353, 65617198521612460308162433 ],, 
  [ 22619863121 ], [ 2718927049 ], [ 512923965864266952613031872261 ], [ 78530469234200153 ],
  ,, [ 33061771611457, 1823913466637473, 2860777095646849, 706519234003922753, 
      183955518461434962817 ], [ 1072166148451, 1259354603272501 ], 
  [ 59977501189079, 680843675131871116423, 474073149027057553524073 ], [ 646356577180667 ],, 
  [ 85625554948409171 ],, [ 3500598088032267367246333 ], [ 7404994561, 116171584326913 ], 
  [ 2270745812884117 ], [ 918518876221051513981 ], 
  [ 572430648457316951, 314596726481515601621 ], [ 70557682753, 107236908318478769 ], 
  [ 911960221489 ], [ 276090333864998011241 ],,, [ 8815090611935389827095641 ], 
  [ 28402793612227, 1964204309461649443, 12213946973568060029 ], [ 360550562250223 ], 
  [ 1037575109, 742962880717, 20903357466617, 211454945420886858670241 ],,, 
  [ 25208103661963 ],, [ 7466730133, 121745039850487 ], 
  [ 164280445474501, 433400047234501, 1371707522762316251 ],,, 
  [ 550948939131437776918574081 ], 
  [ 1945644791711, 109886646949543669, 13519096292134288641002833009 ], 
  [ 26382288781, 2887781934691 ], [ 18941442605687780660663434241 ],, 
  [ 40784770704464001011680846687 ], [ 2148793501 ], [ 55106565083441 ], 
  [ 1755145144875711313 ], 
  [ 5773190699, 7208419875259, 24984620006242595525287429, 3477955402625338819959324443 ],, 
  [ 3229568477868310777 ], [ 12085544951, 6299975407948943387441 ], [ 22782302831 ], 
  [ 3171169147, 23923375942444591386388117 ], 
  [ 44896516153, 11136738049367629, 114609427328900831333, 37038128506774885579650929 ], 
  [ 616312282366652059, 1365376812559133918604501631 ], [ 78775835311 ],, 
  [ 1036420140093290321 ],,, [ 523817930127104801 ],, 
  [ 24132872669, 119816014481900817868314862187 ], [ 717405821941457791 ], 
  [ 298206521790300481807, 14783176845374062871012837257 ], [ 103000941702107062652641 ], 
  [ 653325008431, 25071531672007477, 90792084995737147299187, 487096549572283058447141 ], 
  [ 11649894043, 598182645721039635283, 6365695955982046578493 ], 
  [ 597833931371, 7174254183367565833853, 19649676593081855095277, 
      163451960429227374389545861 ],,,,, [ 3266129951963737633, 37520399905119814103017057 ],
  [ 298411898385839201443 ], [ 199326844469521541 ], [ 2801700277 ], 
  [ 23905476149, 4206607519129, 2561119236176115749 ], [ 137200042877 ], 
  [ 1322388149688649 ], [ 20809858141 ], [ 30898879969 ],, [ 35213273326773344546883773 ], 
  [ 4574305655595172503319 ], [ 66866934301, 2237196821943063834541591812301 ], 
  [ 164865799309 ], 
  [ 2192907555493258789, 236758916360203651093, 291755179269602943108320242221493 ], 
  [ 63270013991336750071 ], [ 1446867743440855143098520569681 ],, [ 14424391841887 ],, 
  [ 10437144170069 ], [ 267333282399768737017 ],,, [ 9329642089 ], 
  [ 1153221583, 88849189739, 85497610839349 ], [ 1779950572554969219096847 ], 
  [ 284812787071 ],, [ 11539390996689791 ],, [ 10430356399 ], 
  [ 1338887681, 20906927750169281 ], [ 201775706951185597 ], 
  [ 29141386751947, 46207837005849414463 ],,, [ 1794308400301 ], [ 6979651209811633 ],, 
  [ 17840539451865067718028873277193 ], [ 2573639751545479 ], 
  [ 610216322761, 32554594811947971102451 ], [ 598694405669 ], 
  [ 221408933861178886032648937 ],, [ 26486035673 ], [ 10115274903431, 6196389332044111 ], 
  [ 12605266801, 848717492238522817 ], [ 63634136768747 ],, [ 66531373861 ],, 
  [ 1845268263763 ], [ 12960389251, 83750609014561 ], [ 3072526977284248051 ], 
  [ 5155171716829886882729, 679877988713338087649761, 3517118913106362026195497 ],, 
  [ 13974750047, 69823217808968021, 3179421904384319811961691159 ], [ 2955561325907 ],,, 
  [ 2815927326101 ], [ 29431725571 ], [ 1694092061691615604129, 1533600922086748127644081601 
     ], [ 55984165754731 ],, [ 14399205212781881 ], 
  [ 2703511389653, 106716091823815157223933929 ], [ 80030197969, 1978747070330647 ], 
  [ 235189559471983109347 ], [ 34643333323481 ], 
  [ 1187134561, 1162768104721, 81393203078041759009705441 ], [ 17712841021019393 ], 
  [ 23327825147645393844826941841 ], [ 3420956353400747164523851 ], 
  [ 1567524463597, 27364851448136749 ],, [ 6356206653271, 15617434047361341751 ], 
  [ 19892338787 ], [ 59301009453624890864708881 ], [ 108948630691332063001 ],,, 
  [ 365532186289, 46502564453053 ],, [ 34233526757 ], 
  [ 65204046001, 428640318751, 1194410894295001 ],,, [ 486343731170265949 ], [ 1002462581 ],
  , [ 15882006515833, 34505387631709 ], [ 11478805861 ],, [ 291208519681 ], [ 1639042795391 ]
   ,,,,, [ 16135147964907593697069931 ],, [ 453551896943881, 29034030566349078817 ], 
  [ 9329549617 ],,,,, [ 18705345419351, 488149317359777 ],, 
  [ 34502183788001, 16412111848505550616001 ],,,, [ 6093869658727113028849936841 ], 
  [ 496150400044105021 ], [ 5042640989, 19859809660910539030019 ],, 
  [ 25105214037972179833, 184964670275110467293454169 ], [ 9619390562153 ], [ 273600288571 ],
  [ 9710150809895834227 ], [ 10123549026997824726833922533 ], [ 4878007591549 ],,,, 
  [ 66528111613 ], [ 30861055787 ],, [ 604898751374984641 ],, [ 465432532447 ],, 
  [ 143578919117203681 ],, [ 16185147692086166173 ],,,, 
  [ 13522944871, 1086494274961, 508979571357029191, 1367909018475705701, 
      396459487149068055451088131, 24026758319391723427621869991 ], 
  [ 88410258511, 90996143351111, 329762743986010879 ], 
  [ 155382700452337, 1008513678831402241 ],, [ 1210807008167, 68047951167695536493 ],, 
  [ 1207069789120959248893 ],,,, 
  [ 198851057673841, 4269825023054712531521, 6249972825287865409217681 ],, 
  [ 3016650822204174786321029, 17771993099331767922235039 ], [ 121607123741 ], 
  [ 540484183802665462861 ],,, [ 470446900453 ], [ 6485468824129 ], 
  [ 6570747719, 308061540121 ], [ 317517855431851, 376523372098086134271579001 ], 
  [ 30442525969483 ],, [ 6550298471779 ], [ 132022175323, 618094196288793499399 ],, 
  [ 760446815382481393 ],, [ 125129741237, 1512767480902273861, 48194434580318188529 ],, 
  [ 1212020881 ],,,, [ 4384800001, 4373614968353473, 2607600377766241457 ], 
  [ 13722550996690411 ],,, [ 9860879341, 3002212580329 ], [ 6957023123 ], 
  [ 2398175929002001 ], [ 2823378330349459 ], [ 5341597097 ],, 
  [ 203179112580841372291, 144005672234110749028567 ],, 
  [ 87058446173749, 1411927366511882966009447377922029 ], [ 184875553194931 ], 
  [ 3432861683, 103813018267412737180105387, 1451206505123266442287932179 ],, 
  [ 190904449670881, 15745755225621639605445479521 ],, [ 126049433409677941869484591627 ],, 
  [ 216283020481315789, 679184949983560679077, 783992653863679301638609 ],, 
  [ 9676964097394507 ], [ 834551897122711, 168187102553456383 ],,, 
  [ 213092418999556120605001 ],, [ 1249553019721, 14426944652034369504481 ], 
  [ 35576413231, 1633066941931 ], [ 58471613044673274702292708387 ], [ 50701359061 ], 
  [ 942058499719430366089121, 1498101962206470442890573601 ], [ 117863099719 ], 
  [ 22485450012282131044574413 ], [ 86112630831533 ], 
  [ 58877503501, 1028481681928413249322501 ],, [ 111359099251, 185743410085419689 ],,,,,,,, 
  [ 13033600291 ],, [ 1119324673, 27677469939812983937616752398849 ],,,, [ 7618196756749 ],, 
  [ 74525583153701 ],,,,,, [ 46254253446252025753 ],, [ 3696201072980100057487 ], 
  [ 7837529871131 ], [ 46250742186926948083974057784887073 ], [ 1613836171 ],,, 
  [ 37579872989, 108054853927357, 1706290165414920647238278407261 ],,,, 
  [ 5899446483571641361 ],,,, [ 2162103612316561 ], [ 36689212319 ],, 
  [ 7695369910615472191 ], [ 31979573037857, 1280045773810991886063553 ], [ 26389558361 ], 
  [ 58473775543 ], [ 24153304593113 ],,,, [ 2085905273 ], 
  [ 12112111138849, 3702810259102682953 ],, 
  [ 707727694957, 86020602275149, 13180373002948883, 10195577709255327391 ],, 
  [ 24002604642872953356658013 ],, [ 112786324424083864026346267 ],, [ 2444860975147361 ],, 
  [ 160118359743634976864251 ],, [ 65881792597 ], [ 16524451964341, 20980039470431 ], 
  [ 87941633035059211 ],, [ 526681093019394624554064673, 928804665945140264776637497 ], 
  [ 540997776827, 7658644376116051999 ], [ 204219598774058535886241271931 ], [ 39966950861 ],
  [ 11817082820437753, 11065414077409543022029 ],, [ 52154909403839579, 264260627777741407 ],
  , [ 21083662657 ], [ 447512513843, 105863387349150271 ],,, [ 73418498961421 ],,,, 
  [ 10532468917770274910120369, 394442686083199615498769281 ], [ 775510200271 ], 
  [ 519834946859 ], [ 14099037949 ], [ 3127382340601, 72463028209483381 ], 
  [ 17992759919606467 ], [ 177734160926580245933941 ],, [ 2380811294431184865236017 ], 
  [ 158587613427637 ],,,, [ 1591962621433 ],, [ 18399538109 ],, [ 3412095178627 ],, 
  [ 24518811419622433 ],,,,,,,, [ 1142026399411 ], [ 13307875500097, 157434440531454649 ], 
  [ 2912392900259317 ],, [ 1793285881 ], [ 1318379026889 ], [ 1448082959, 7428962587 ], 
  [ 16332811714561 ],,, [ 1637116154383519 ],, 
  [ 26664792491, 46947135746141, 9914092236619187 ], [ 11305945873, 130811569758372673 ],, 
  [ 34259328613, 343378124906081 ],, [ 1138765860553 ],,, [ 102075518399, 357311087269 ],,,,
  , [ 9274207333, 351301663842121 ],, [ 7971424649 ], [ 1644184063 ], 
  [ 1506746886677761, 23827443547918343175041 ], [ 95991838379, 1235630501009 ], 
  [ 72501386137, 11126723362342153, 857378130795465583 ],,,, [ 1051634383 ], 
  [ 8626630867, 2712116283559 ],, [ 26590311138997 ], [ 1192836292051, 13866136564151 ],, 
  [ 2753270606057 ],, [ 144753148861 ], [ 1163346114391, 11005183633471, 156175704822041 ], 
  [ 576905730353, 2718545009441, 190063343980273 ],,,,, [ 1763759854342262123 ], 
  [ 42146875451 ],, [ 60326823078761 ],,,, [ 366379825057 ],, [ 4216293251, 514538885621 ],, 
  [ 766148719582849, 2413849379625273409 ], [ 13532358215507 ],, [ 13335013801 ],, 
  [ 104968705357597 ], [ 27896564321191 ], [ 5586138433, 505471303891 ],,,, 
  [ 5755177927, 44620658569261, 4186898015536147 ],,,,, [ 2290861121 ], 
  [ 121408677226452617 ], [ 2077601041, 2053178316121, 7776077928917051311 ], 
  [ 48274792639 ], [ 264786300797, 245465881265455469 ],, [ 5139613403, 1321749282988949 ],, 
  [ 1744231051513, 1914704626921 ],,,, [ 5780373079601 ], [ 60549058663 ], [ 1246092121 ],,, 
  [ 2623633531, 8204250518491 ],,,,,, [ 2730464677 ], [ 6445770948521 ],,,,,,,, 
  [ 80577072001 ], [ 6637455343 ],, [ 40651934467 ],,,, [ 16263376704628819 ],,,,, 
  [ 51771558676261 ],,, [ 1113864321571 ], [ 1592893153 ],,, [ 138595070687 ], 
  [ 9482418461, 4693461084461 ],,,,, [ 1432240151 ],,, [ 19639365695269 ], [ 2019906197 ], 
  [ 138661505251, 52227552870751 ], [ 611065624392493 ],, 
  [ 11195863033, 327394689313, 4479129894523 ],,,, [ 2397508327, 2015940068741 ], 
  [ 245674422244261 ], [ 9594874206806923 ],, [ 642560220168479 ], [ 114383228542556540317 ],
  [ 141770564607914257 ],, [ 17104651831 ],,,,, [ 2213513763330101 ],, 
  [ 21692448073, 209142693701 ],, [ 6088395457 ], [ 1326759701 ], [ 3547643914201 ], 
  [ 21841344127 ], [ 10823610689 ], [ 1524087676151, 168675253738591 ], [ 25258564501 ], 
  [ 497035319127359 ], [ 2949370087 ], [ 322459379029, 4510357821828451 ],, [ 83736444551 ],
  , [ 18380391103973 ], [ 9962171801, 56844559609 ],, [ 330582048311 ], [ 2801252147 ], 
  [ 194139220969 ],,,, [ 12170929949, 313542127421 ], [ 3235985777 ], 
  [ 13631712109, 249977296903540827097 ],, [ 43930972801 ], [ 4257540883 ],,,,,,, 
  [ 641684814193, 1193651416457 ], [ 236619907117327 ],,, [ 1005173989, 1668245069 ], 
  [ 272352066697 ],,, [ 207150192481 ],, [ 29823947893 ], [ 886820510672461 ],,,, 
  [ 1418222884325077 ],,,, [ 223299130081, 260158559777 ],,, [ 126301318316561 ], 
  [ 415481234359, 1871544346723 ], [ 46411155649, 3337516231297 ],,,, [ 2090957221 ], 
  [ 337362777486253 ], [ 224779628587 ], [ 6179443073, 199223379109 ],, [ 38828954863 ],, 
  [ 60535952449123 ], [ 5471730365401 ],,, [ 76737917560653889 ], 
  [ 407793890097169, 5249362686957772993 ],, [ 7373469971580851 ], [ 1172845155064133 ], 
  [ 1728900553, 24444845948455789 ],, [ 7774349717, 168792416111677 ],,, [ 8606319661 ], 
  [ 259148362314271 ],,,,,,, [ 48481589201 ], [ 372017631827 ], [ 7825366867 ],,,, 
  [ 99946595075939 ], [ 2288266649 ],,,,, [ 4409403400247 ], [ 787231331611771 ], 
  [ 8096221123 ],, [ 4738328113 ], [ 429306680377 ],, [ 663796187861 ], [ 133386582271 ],,,,
  , [ 5416171139543611 ],,,,,,,,,, [ 6818401801, 5874811059041101 ],, 
  [ 65729411089, 17361796784971 ],,, [ 324962433361, 471670538981 ],,,,, 
  [ 913444648619529391 ], [ 1804711043, 6530109020802421 ],, [ 1154033827, 80542161173 ], 
  [ 590657422454921 ], [ 103350019121947111 ], [ 2177938864657 ],,,,,, [ 25914029807 ],, 
  [ 92948691529 ],,,,,, [ 624574200661, 972850242439084561 ],, 
  [ 4550938796213, 43377521616577, 82399446081289 ], [ 160487650373175757 ],, 
  [ 869501675461 ], [ 46371838969, 10248893637280273, 68911914498465169 ],, 
  [ 714270324344809 ], [ 67107843529, 38654393954382091 ],,,, 
  [ 1149575467, 19221631145441, 3298274949608000147 ], [ 2583309809 ],,,, [ 634492556984329 ]
   ,,,, [ 30010331821793 ],, [ 209314165983473179 ],,, [ 3336287659, 2043076328173 ],, 
  [ 22392302843 ],, [ 3166552661, 766083518237, 30106544005963, 7791107459239441 ], 
  [ 11579498437807 ], [ 120595806173701 ], [ 1049742017 ],, [ 12809185649233 ], 
  [ 41268074052031 ],, [ 814064139990091 ],, [ 954090881713 ], [ 43860840013 ],,,, 
  [ 16135537489 ], [ 1598871549871 ],,,,,, [ 12814881467 ],,, [ 308216821834699 ],,, 
  [ 6478842079, 1783975738927 ],,, [ 1551734017 ],,,,,, [ 20374071199, 188338787561 ],, 
  [ 39087417087001 ],, [ 98623586383837 ],, [ 9557434429 ],,,,,,,, [ 50804239817 ],, 
  [ 67258636005157507 ],,,,,, [ 449583569658961 ],, [ 57631596898177 ],, [ 3196901377 ],,,, 
  [ 15971537300753, 322825881234173, 2470558964597093 ],, [ 1604225505608461 ],,,, 
  [ 318543015121 ], [ 41533632991 ],,, [ 69938978497 ],,,,,, [ 486984086699041 ],,, 
  [ 2771396437 ],,, [ 9595141812901 ],,, [ 206541592687, 2380068979003 ],,,,,,, 
  [ 417379876095401 ],, [ 1335523968613 ], [ 33423406354073 ], [ 145174460369 ],,,, 
  [ 10099934513497, 12401392190989, 46185674331493, 776396654394061 ],, [ 3651114981874421 ],
  [ 35843681791 ],, [ 7240342189 ], [ 17236961089 ],,,,,, [ 628585867081 ],,,,,, 
  [ 99669370731163 ], [ 653315164171 ], [ 2150835649 ],,,, [ 3021175529737 ],,,,,, 
  [ 64403652259, 18214062054787, 21031022289699469 ],,,,,, [ 1294048081, 31789884241 ],, 
  [ 694328675786663 ],, [ 165797720657, 3743170361145697 ],, [ 2201732918701 ],,, 
  [ 13840760473 ], [ 21556184904958597 ],, [ 211501862569, 3367989714997 ],,,,,, 
  [ 3110050483 ],, [ 16227308269, 283770695969 ],, 
  [ 8804106173, 19251768090859, 78941271907388707 ],,, [ 255105965567 ],,,,,,, 
  [ 15921820957969 ],, [ 1001003658367001 ],,,,,, [ 12168026729, 161119107778201 ],,,,,,,,, 
  [ 2557612273 ],, [ 1895061631 ],,,,,,,,,,, [ 40136778419, 426947480521, 8111303886260983 ],
  ,,, [ 7825370671, 1278001416511, 142812370275777541 ],, [ 122617664933 ],, [ 10158174707 ],
  , [ 2890585657 ], [ 2624801807, 2866802423 ], [ 24059771742101 ],,,,,,,, [ 1478526901 ],, 
  [ 185655911761, 613964641753, 4170973221691453 ],, [ 4392002310361, 27313656019231 ],, 
  [ 130781594777 ], [ 8180133769 ], [ 129116142763 ],, [ 204961240901, 97540341047189 ],,,, 
  [ 1550451601, 188796078001 ],, [ 1032253561 ],,,,,,,,,,,,,, 
  [ 17338630589377, 83831919445249 ],,,,,, [ 3637558805401 ],,,, [ 2730629883893 ], 
  [ 35476071859 ],,, [ 16797374827771 ],, [ 447971987233 ],,,, [ 23444095575613 ],,,, 
  [ 3373452241 ],, [ 289998201673 ],,,, [ 2123574800861347 ],,,,,,,, [ 1127249443 ],,,, 
  [ 28590790521551 ],,, [ 4909827079 ], [ 2677978785593 ],,,,,, 
  [ 22210603733, 1352753544781 ],, [ 2293490461 ],, [ 1756796301697, 11521887780817 ],,,,,, 
  [ 3290118925213 ], [ 2540797451 ], [ 8098656001 ],,,,,,,,,,,,,,,, [ 41161194577 ],,,, 
  [ 5281393001 ],,,, [ 5058424861681 ],, [ 3952262911, 40355099621 ],,,, 
  [ 50945669441, 25123571730611 ],,,,,,,,,,, [ 179872356023 ],, [ 289651804093 ], 
  [ 5565105649 ],,,,,,,,,,,,, [ 44779821256451 ], [ 3341640283, 365359749880997821 ],,,,,, 
  [ 1066942167183445057, 11064258855334492417 ],, [ 1529682414941 ], [ 4803787243 ],,,,,,, 
  [ 87734949760151 ],,,,,, [ 2182785223601 ],,,,,, [ 5588262289 ],,,, [ 1166939971 ],, 
  [ 14489768833 ],,, [ 14625003251 ],,, [ 49545605539 ],, [ 309150689764801 ],, 
  [ 85052265689, 5033875931939 ], [ 3249139987, 28897516699 ],,,, [ 153908380103 ],,,,,, 
  [ 5791079897 ],,, [ 3112337329 ],, [ 1230656770363, 108993795990019 ],, [ 379863405601 ], 
  [ 5325195397, 7877694109 ],,,,, [ 12604553751227 ],, [ 5962747649 ], 
  [ 2490751297, 32484892339 ], [ 6335558641, 14072482958881 ],, [ 46959585248621 ],, 
  [ 11316171301, 8714843537177 ],,,,,,, [ 2161443313 ], [ 27346188803509 ],,, 
  [ 100273416751 ],, [ 156505178609441 ],,,, [ 1643403331 ], 
  [ 255970200481, 5154469333312801 ], [ 82949557519 ], [ 818137539181 ],,,,,, [ 4162334401 ],
  ,,,, [ 26321052601621 ],,,,, [ 36339577979651 ],, [ 42967669981633 ],,,,, [ 1626242207 ],,,
  ,,,,, [ 1449863621 ], [ 5221521103 ],,,, [ 38624898271 ],,,,, [ 2813161301 ], 
  [ 34950186289 ], [ 64093189091 ], [ 7779122525113 ],,,,,, [ 778746843617 ], 
  [ 1534994011 ], [ 2755044821759, 3359945290063 ],,,,,, [ 17773729923073 ],, 
  [ 4364027622649 ],,, [ 1270018873, 3337289047 ], [ 67273653539 ],,,,,, 
  [ 4164090209, 415941386593 ],, [ 51415858057 ],,, [ 6021706753 ],,,,, 
  [ 1198261357, 2056113439 ],,,,, [ 14388262687 ],,, [ 802293917418293 ],,,,,, 
  [ 10046662649 ],,,,,,,,, [ 7186953621667 ],,, [ 15230407131941 ],, [ 52401110619421 ],,,,,
  , [ 31629270061 ], [ 173158976911 ],,,,, [ 46940655469 ], [ 1195888301 ],,,,,, 
  [ 1217107716329 ],, [ 1468222807 ],,, [ 31408128217, 43242687730106191 ],, 
  [ 124510543785009089 ], [ 8480545417 ], [ 27796162432631 ], [ 1319454623 ],,,, 
  [ 1067270401 ],, [ 2132100847 ],,, [ 16664074775021 ],, [ 1021953017, 79200342658664011 ], 
  [ 101382934231 ],,,,,,,,,, [ 1100877697 ],,, [ 64862010522121 ],,,, [ 299618056910401 ],,,
  , [ 1740094589 ], [ 4315706971 ],,, [ 322356895600153, 2548315674126884689 ],,,, 
  [ 1296658949 ], [ 1650766783 ], [ 34242559441 ],,,, [ 149100635129 ],,, 
  [ 1595015371, 1210961128331 ],,, [ 27110102114369 ], [ 1147607501 ],, [ 7887953336083 ],,,,
  , [ 76825947937, 1416341553409 ],, [ 4082874167 ],,,,,,, [ 34881240409 ],,, 
  [ 658625895457 ],,, [ 51204959893 ], [ 1617375217, 8101030753 ],, 
  [ 642041494051, 136618581430651, 138919992916651 ],, [ 26418680441077 ],,,, 
  [ 725970365713 ],, [ 1691968422563 ],, [ 7918573501 ],, [ 1734554611 ],, 
  [ 1788919242241, 1647208448052059777 ],,,,,,,,,, [ 1000831117012417, 4687012259589259 ], 
  [ 3888673301 ],,,,,,,,,,, [ 20847076139299 ], [ 13170702539 ],,,,,,, [ 350792884009723 ],, 
  [ 5571864649889 ],, [ 9462760429 ],,,, [ 248584069366621 ],,,, [ 485273629487 ],,, 
  [ 25261973153, 1554861444751 ], [ 43492394791 ],,,,,,,, [ 7117922794164084319 ],,,,,, 
  [ 25160242193 ],, [ 1472183071, 12028204033 ],, [ 171558998507521 ], [ 11890180849 ],,, 
  [ 678055295213 ],, [ 460120229281, 47812254252727 ],,,, [ 62170547209 ],,,,,, 
  [ 8647753057 ],,,,,,,, [ 38376316470575113 ],,,,, [ 6346494841 ],,,,, [ 79927045947208963 ]
   ,, [ 71429230959661 ],, [ 4462297013 ], [ 37606326917521 ],,,,,, [ 486503792407 ], 
  [ 512949657147007 ],,,,,,,,,,,, [ 4435991789, 1971827838413, 17014402354352677 ],,,, 
  [ 14917992461, 18557593213995481 ],,,, [ 10732779019 ],,,,,, 
  [ 260422900201, 729111625993801 ], [ 21967733521 ],,, [ 18987159283049 ],, 
  [ 1724562489709207 ],,,,,,,,,, [ 453575193322289 ],,,,,,,, [ 6788698177 ],,,,,, 
  [ 9920347651 ], [ 124997188271 ],,,,,,, [ 24755112191, 209522657447 ],,,, 
  [ 6853273363, 12082853197, 61957402130227 ],,, [ 23241594151 ], [ 2478083323, 29659390333 ]
   ,, [ 4702474393, 14608110575521 ],, [ 1767119395051, 5230108574141201 ],,,, 
  [ 166737029671549, 1041615608004500329 ],, [ 59909288154241 ],,,,,,, [ 1005200281 ],,,,,,, 
  [ 291479090942491 ],, [ 13686205944529 ],,, [ 2199915001 ],,, [ 467596963980109 ],, 
  [ 25310404905202129121 ], [ 230863158109 ], [ 17331279659 ],, [ 32025388777 ],, 
  [ 475917960959761 ],,,,,,,, [ 421920367951561 ],,,,, [ 19907023303 ],,, [ 3476867413 ], 
  [ 4719523733 ], [ 46767329393 ],,,,,,, [ 3960042997 ],,,,, [ 56187970309 ],,, 
  [ 3273315061 ],,, [ 1306564069 ],,,, [ 417017687563 ],,, [ 4777338253 ], 
  [ 949695448494933391 ],,,,,,,, [ 1450602691 ], [ 1137871127, 6029479499 ], 
  [ 76125495241, 455269028968001, 5116895222312281 ], [ 7056932521 ],, [ 2156730001 ], 
  [ 285785048059184786689 ],,,,, [ 4676290273 ], [ 1609687951 ],,,,,, 
  [ 256104390541, 1330422350857 ],, [ 473140479241, 278386171445537 ],,,, [ 996117092281 ],, 
  [ 497606194853 ],, [ 4874091473, 9171297599, 3699788369467 ],,,,,,,, 
  [ 36205382872051, 54826590475483 ],,,,,, [ 12169715581 ], [ 3078450229 ], 
  [ 1090772214537293 ],, [ 189849271489 ],, [ 1329989397337, 260321802339493 ],, 
  [ 3723176101 ], [ 66401372701 ], [ 739858394621 ], [ 2874689423 ],,, 
  [ 745996885171, 1491954543408899 ],, [ 3913181594717, 467914596270257 ],,,, 
  [ 26530833906520001 ], [ 56089670821 ],,, [ 4060373115642973 ],, [ 1076275169 ],,,,, 
  [ 1961823007 ],, [ 305225078533 ],,,,,,,,,,,,, [ 22769551499 ],, [ 14789206426801 ],,,,,, 
  [ 107608163869 ],,,,, [ 1810313917 ],,,,,,,,,,,, [ 19839675773 ],,,,,,,,,,, 
  [ 139159594099 ],, [ 403431167569 ],,,,,,,,,, [ 1848054293, 8566414343 ], [ 36058798051 ], 
  [ 800856502129 ],,,,,,,,,,,,,,,,,,, [ 2964860761 ],,,,, [ 1635509401 ],,, [ 5032529473 ],,,
  ,,, [ 1424507179 ],, [ 33296102149 ],,,,,,,,,,,,,,,, [ 3266149634959 ],,,,,,, 
  [ 5077304563 ],,, [ 1386686479 ],,,,,,,,,,,,,,,,,,,,,,,,, [ 10219246567129 ],,,,, 
  [ 1286361539 ], [ 6229730657 ],, [ 12080062331 ], [ 13263203461 ], [ 1409506369 ],,, 
  [ 12535173151 ],,,,,, [ 5650944829 ],,,,, [ 4085623918780081 ], [ 1140485509 ],,,,,,,,, 
  [ 16541288749 ],,,,,,,,,,,,,,, [ 3504284653 ],,,,,,,,,,, [ 2914532963 ],,, [ 198136659401 ]
   ,,, [ 9088613561 ],,,,,,,,,,,, [ 6804189038081 ],,,,,,, [ 3192128647 ],,, [ 1686667501 ],,
  ,,,,,,,,,,,, [ 3350004577 ],,, [ 2449643123 ],,,,,,,,,,, [ 5865419459 ], [ 151434080401 ],,
  , [ 9033993011 ],,, [ 5991268245121 ],,,, [ 23407744333 ], [ 19947732001 ],,,, 
  [ 433056502601 ], [ 1580851081 ],,,,,,,,,,,,,,,, [ 3621480283 ],,,,,,, [ 11592714379 ],,,,,
  ,,,,,,,,,,,, [ 4028744810851 ],,,,,,,,,,,,, [ 37793948041 ],,,,,,, [ 131709822991 ],,,,,, 
  [ 2318945869 ],,,,,, [ 8736090463 ],,,,,,,,,,, [ 2998089659, 3316946167, 11656756249 ],,,,,
  ,,, [ 17241706043 ],,,,,,,, [ 15580891747, 28915076737 ],,,,,, [ 2542996801 ],, 
  [ 15813040963 ],, [ 25770779033 ],, [ 51235837538827 ],,,,, [ 59932469231 ],,,,, 
  [ 43657989761 ],,,,,,,,,,,,, [ 12920923121737 ],,,,,, [ 702613980661 ],, 
  [ 1744472837, 3399127601 ],,,, [ 1446282737 ],,,,,,,,,,,,, [ 179567300287 ],,,,,, 
  [ 13725362100481, 66975124315861 ], [ 26645734279 ],,,,, [ 121100357593 ],, [ 8481741049 ],
  ,,,, [ 1876472833 ],,, [ 5516547809 ],,, [ 120064574057 ],,, [ 27562309679 ],,,,,,,,, 
  [ 406734072023 ],,,,,,,, [ 571057195717 ],,,,,,,, [ 2943948705263 ], [ 5927091193 ],,,,,,,
  , [ 8203875913 ], [ 9742964689 ], [ 1904401171 ],,,,, [ 7116171961 ],,, [ 17186416483 ],,,,
  ,,,,,,,,,,,,,, [ 1049890993 ],,,, [ 9838156693 ],,,, [ 190609211761 ], [ 6909372823 ], 
  [ 51707688919 ],,,,,,,,,,, [ 9251996041 ],,,,,,,,,,,,,,,,,,,,,, [ 804433082701 ],,,,,,,,,,,
  ,, [ 3731535601 ],,,,,,,,,, [ 117951704641 ],,,,, [ 14067435924691 ],, [ 66228822019 ],,,,,
  , [ 1397439973 ],,,,,,,,,,,,,,, [ 28401662957 ],,,, [ 5022057861127 ],,,, [ 1876493375821 ]
   ,,,,,,,,, [ 246172247821 ],,, [ 1039222183 ],, [ 698492193001 ],,,,,,,,,,,,, 
  [ 2184888817 ],,,,,,, [ 1653683281 ],, [ 909735829507 ],,,,,,,, [ 1698597811 ], 
  [ 1706895919, 24254671897 ],,, [ 34049323219, 92713894159 ],,,,,,,,, [ 7907010217 ],, 
  [ 1237897616651 ], [ 4780977037 ],, [ 93647108201 ],,,,,,, [ 7856895061 ],,,,, 
  [ 2096072801 ],, [ 2538017299 ],,,,, [ 2895899473 ], [ 4518550081 ],,,,, [ 690075623773 ], 
  [ 1807720801 ], [ 26749158791 ],,,,,,,,,,,,,,,,,,,,,,,,,,,, [ 1542886831 ],,,,,,,,,,,,,,, 
  [ 1023537433 ],,,,,,,,,,,,,,,,,,,,, [ 4351263823 ],,,,,,,,, [ 1222965433 ],, 
  [ 25107439921 ],,,,,,,,,,,, [ 6560452967 ],,,,,,,,,,,,,, [ 1872202417 ],,,,,, 
  [ 20039450719 ],,,,,, [ 16679574017 ],,,,,,,,,,, [ 5651848459 ],,,,, [ 15472180678673 ],,,,
  ,,,,,,,,, [ 1108352743 ],,,,, [ 11839388573 ],,,, [ 6688420441 ],,,, [ 2953915241 ],,,,,, 
  [ 10239598609 ],,,,,, [ 79327600687 ],,,, [ 2461158239 ],, [ 144775905397 ],,,,, 
  [ 424365985651 ],,,,, [ 2421925411 ],,,,,,, [ 1196763751 ], [ 4310431049 ],,,,,, 
  [ 86267221529 ],,,, [ 38233801633 ],,,,,,, [ 62187120361 ],,,, [ 477876679001 ], 
  [ 1189302797 ],,,, [ 2540352457 ],,,,,,,, [ 7690938401 ],,,,, [ 8539051751 ],,,,,,,, 
  [ 326347767853 ],,,,,,,,,,, [ 934042235641 ], [ 21518476951 ],,,,,,,,, 
  [ 1618310893, 1860762019, 58724241151 ],,,,,,,, [ 19557132403 ],,,,,,,,,,,,,,,, 
  [ 17242861269859 ],,,,,,,,, [ 1087776667 ],,,,,,,,,,,,,,,,,,,,,,, 
  [ 1821835151, 24486806051 ], [ 53366883193801 ],,, [ 464923927843 ],, [ 1690579201 ],,,,,, 
  [ 22217645413 ],,,,,,, [ 125825532031 ],,,,, [ 117538979483 ],,,,,,,, [ 794794262579 ],,,,,
  ,,,,,, [ 5574087067 ],,,,,,,,,,,,,,,,,,,,,,,,,,, [ 4235587201 ],,,,, [ 3467812501 ],,,,,,,,
  ,,, [ 1301502721 ],,,, [ 14147605981 ],,,,, [ 987790871461 ],,,,,,,,,,,, [ 58426977841 ],,,
  ,,,,,,,,,,,,,,,,,,,,,,,,,,,,, [ 2102469433 ], [ 25232616091 ],,,,,,,,,,,,,,,, 
  [ 1567801327 ], [ 3085089103 ],,,,,,,, [ 9335112581 ],,,,,,,,,,,,,,, [ 16942735324391 ],,,,
  ,,,,,, [ 1938660481 ],, [ 15073354801 ],,,,,, [ 1497162353 ],,,, [ 9038629632313 ],,,,,,,,,
  ,,,,, [ 1424687989 ], [ 24824750347 ],,,,, [ 1035682889 ],,,,,, [ 7295044769 ],,,,,,,,,, 
  [ 761007369841 ],,,,,,,,,,,,,,,,,,,,,,,,,,,, [ 163980295261 ],,,,,,,, [ 6455414089 ],,,,,,,
  ,, [ 2057747539 ],,,,,,,,,,,,,,, [ 51958522657 ],, [ 8579051851 ], [ 147742513783 ],,, 
  [ 7208275933 ],,,,,,,,,,,,,,,,,, [ 19532313373 ],,,,,,,,,,,, [ 1065079743769 ],,,, 
  [ 35521018457 ],,,,,, [ 2772365143 ],, [ 902407115893 ],,,, [ 117437672801 ],,,,, 
  [ 579210507781 ],,,,,,, [ 17209019101 ],,,, [ 7831938353 ],,,,,,,, [ 3691688321 ],,,,,,,, 
  [ 1584979969 ],,,,,,,,, [ 47603447791 ],,,, [ 142029072099071 ], [ 315912573793 ],,,,,,,,,,
  ,,, [ 1834286947 ],,,,,,,,,,,, [ 2667137227 ],,,,,,,,,,, [ 9892924109707 ],,,,,,,,,,,,,,,,,
  , [ 4547025001 ],,,,,,, [ 42710525551 ], [ 5299953053 ],,,,,,,,,,,,,,,, 
  [ 1247707441, 78966758844641 ],,,,,,,,,,,,,,,,,,,,,,,,,,,, [ 10727682913 ],,,,,,,, 
  [ 13760679798641 ],, [ 8412589121 ],, [ 14618309113 ],,,,,,,,,,, [ 1844170901 ],,, 
  [ 2990370749, 35281484417 ],, [ 46911890401 ],, [ 144484572871 ],,,,,,,,, [ 27898974559 ],,
  ,,, [ 13558700021 ], [ 12792507487 ],,,,,, [ 2862316879 ], [ 26107556201 ],,,,,,,,,,,,,,,,
  , [ 5758172137, 5832453331 ],,, [ 3079347833209 ],,,,,,,,,,,, [ 4893746941 ],,,,,,,,,, 
  [ 2672197153 ],, [ 1821008641 ],,,,,,,,,, [ 222308069303 ],,,,,,,,,,,,,,,,,,,,,,,,,, 
  [ 1702299037, 130900529017 ],,,,,,,,,,,,,,,,,,,,,,,,,,,,,, [ 12625107907 ],,,,,,,,,,,,,,,,,
  ,,, [ 30090338183 ], [ 1204574851 ],,,,,,,,,, [ 47336515381 ],,, [ 2914740893 ],, 
  [ 11060685001 ],,,,,,,,,,,,,,, [ 1284128551 ],,,,,,, [ 1519097561 ],,,,,,,,,,, 
  [ 17675923747 ],,, [ 400219653907 ],, [ 68144813141 ],,,,,,,,,,,,,,,,,,,, [ 39332001857 ],,
  ,,,,,,,,, [ 883535999491 ],,,,,,,,,,,,, [ 18283546849177 ],,,,,,,,,,, [ 16382094121 ], 
  [ 7148986633 ],,,,,,,, [ 1450744093 ],,,,,,,,,, [ 68323796323773467 ],,,,, [ 984723653587 ]
   ,,, [ 19170474571 ],,,,,,,,,,,,,, [ 29297784917 ],,,,,,,,,, [ 15878622211 ],,,, 
  [ 1942700833 ],,,,, [ 658688397727 ],,,,,,,,,,, [ 2021862809 ],,,, [ 2945188027 ],,,,,,,,,
  , [ 869477702833 ],,,,,,,,,,,, [ 45020205121 ],,,,, [ 3860308741 ],,,,,,, [ 41643453073 ],,
  ,,,,,,,,,, [ 6057158489 ],,,,,,,, [ 13692540553, 21007030189 ],,,,,,,,,,,,,,,, 
  [ 33503303653 ],,,,,, [ 1661763611 ],, [ 1810832015341 ],,,,,, [ 2062046509, 2688763711 ],,
  ,, [ 1547910389 ],, [ 159635513761 ],,,,,,,,,,,,,,,,,,,,, [ 21730862749 ],,,,,,, 
  [ 17413850717 ],,,,,,,,,,,,,, [ 33628057201 ],,,, [ 119939284573 ],,,,,,,,,,,, 
  [ 5354141329 ],,,,,,,,,,,, [ 2234360669, 2893051463 ],,,,,,,,,,,, [ 4688686021 ],, 
  [ 4460210437 ],,,,,,,,,,,,,,,,,,,,,,,,,,,,,,,,,,,,,, [ 293646997841 ],,,,,,,,,,,,,, 
  [ 78716954177 ],,,,,, [ 806285966251 ],,,,,, [ 36701864581 ],,,, [ 1287416216321 ],,,,,, 
  [ 5920635881 ],,,,,,,,,,,,, [ 8414332921 ],,, [ 1938110263 ],,,,,,,,,,,,,,,,,,,,,,,,,,,,,,,
  ,,,,, [ 3365419879 ],,,,,,,, [ 62256316337 ],,,,,, [ 41924413801 ],,,,,,,,,,,,,,,,,,, 
  [ 10995407047, 165212742943 ],,,,,,,,,,,,, [ 3995466073 ],,,,,, [ 4525606471 ],,,,,,,, 
  [ 65170598533 ],,,,,, [ 1734334561 ],,,,,, [ 8124583252501 ],,,,,,,, [ 5121943793 ],,,,,,,,
  ,,,,,,,,,,,,,,,,, [ 48519497631859 ],,, [ 3538032079, 125911617259 ],,,, [ 757843796461 ],,
  ,,,,,,,,,,,,,,,,,,,,,,,, [ 5055181561, 86362774741 ],,,,,,,,,,,,,,,,,,,, [ 1082560160153 ],
  , [ 1169219327 ],,,,,,,,,,, [ 32304138382363 ],,,,,,,,,,,,, [ 356268012431 ],,,,,, 
  [ 8809194049 ],,,,,,,,,,,,,,,,,,,,,,,, [ 2400371201 ],,,,,,,,,,,,,,,,,,,,,,,,,,,,,, 
  [ 1573301201, 3900720559 ],,,,,, [ 4675989869 ],,,,,,,,,,,,,,,,,,,,,,,, [ 247372050257 ],,,
  ,,,,,,,,,,,,, [ 1450633829, 8652704789 ],,,,,,,,,,,,,,,,,,,,,,,,,,,, 
  [ 4243908817, 95864944393 ],,,,,,,,,,,,,,,, [ 1153513217 ],,,,,, [ 7840808341 ],,,,,,,, 
  [ 87900043171 ],,,,,,,,,,,,,,,,,,,,,,,,,,,,,, [ 2138734813 ],,,, [ 1366397801 ],, 
  [ 2089492081 ],,,,,,,, [ 1406506391 ],,,,,,,,,,,,,,,,,,,,,,,,,,,,,,,,,,,,,,,,,,,,,, 
  [ 32617985137 ],,,, [ 16251419141 ],,,,,,,, [ 2386309609 ],,,,,,,,,,,,,, [ 55162125409 ],,,
  ,,,,,,,,,,,,, [ 4631861557 ],,,,,,,,,,,, [ 1973532391 ],, [ 16950421057 ],,,,,,,,,,,,,,,,,,
  ,, [ 6492673097 ],,,, [ 3051120641 ],,,,,,,,,,,,,, [ 10191975251 ],,,,,,,,,, 
  [ 21141492401 ],, [ 151811621887 ],,,,,,,,,,,,,,,,,,,,,,,,,,,,,,,,,,,,,,,,,,,,,, 
  [ 105794183857 ],,,,,,,,,, [ 9730798969 ],, [ 1232787301 ],,,,,,,,,, [ 599722021501 ],,,,,,
  ,,,,,,,,,, [ 1640046319 ],,,,,,,, [ 1268617171 ],,,, [ 21927676051 ],,,, [ 1416704147 ],,,,
  ,,,,,,,, [ 1227209839 ], [ 21306460501 ],,,,,,,,,,,,,,,,,,,,,,,,,,,,,,,,,,,,,,, 
  [ 514389028609 ],, [ 27138571529 ],, [ 1475404919 ],, [ 38769324481 ],,,,,,,,,,,,,,,,,,,,,,
  ,,,,,,,,,,,, [ 2475746639 ],,,, [ 1615955983 ],,,,,,, [ 97552161121 ],,,,,,,,,,,,,,, 
  [ 36870694921 ],,,,,,,,,, [ 3825254161 ],,,,,,,,,,,,,,,,,,,,,, [ 87878774089 ],,,,,,,,,, 
  [ 2292217051014924013 ],,,,,,,,,,,, [ 6412706887, 33247274497 ],,,,,,,,,,,,,,,,,,,,,,,, 
  [ 6001195609 ],,,,,,,,,, [ 117660720269 ],,,,,,,, [ 7050650293 ],,,,,,,,,, [ 670633409233 ]
   ,,,,,,,, [ 1375925059 ],,,,,,,,,, [ 4167150593 ],,,,,,,,,,,,,,,, [ 115256555521 ],,,,,,,,,
  ,,,,,,,,,,,,,,,,,,,,,,, [ 18144174497 ],,,, [ 17475076121 ],,,,,,,,,, [ 1850399209 ],,,,,,,
  , [ 46325357261 ],,,,,,,, [ 6770707607899 ],, [ 131735849473 ],,,,,,,,,, 
  [ 202783368936359 ],,,,,,,,,,,,,,,,,,,,,,,, [ 13518674387 ],,,,,, [ 20478382993 ],,,,,,,,,,
  ,,,,,,,,,,,,,,,,,,,,,, [ 1289275777 ],,,,,, [ 5388288001 ],,,,,,,,,,,,,,,,,,,,,,,,,,,, 
  [ 26586921071 ],,,,,,,,,,,,,,,,,,,,,,,,,,,,,,,,,, [ 38000310877 ],,,, [ 23405152753 ],, 
  [ 336686511331 ],,,,,,,,,, [ 6537516361 ],,,,,,,,,,,,,,,,,,,,,,,,,,,,,,,,,,,,,,,,,, 
  [ 1647936109 ],,,,,,,,,,,,,,,,,,,,,,,,,,,,,,,,,,,,,,,,,, [ 1812809281 ],,,,,,,,,, 
  [ 4088253599 ],, [ 2051503765453 ],,,,,, [ 2739780343 ],,,, [ 6896008393 ],,,,,,,,,,,,,, 
  [ 9754770481 ],,,,,,,,,,,, [ 10042674049 ],,,,,,,,,,,, [ 203422794305749 ],,,,,,,,,,,,,,,,,
  ,,,,,,, [ 1647475849 ],,,, [ 1310775649 ],,,,,,,,,,,,,,,,,, [ 67616631671 ],,,,,,,,,,,,,,,,
  ,,,,,,,,,,,,,,,,,, [ 129306964957 ],,,,,,,,,,,,,,,,,,,,,,,,,,,,,,,,,,,,,,,,,,,,,,,,,,,,,,,,
  ,,,,,,,,,,,,,,,,,,,,,, [ 2462529889 ],,,,,,,,,,,,,,,,,,,,,, [ 27820814689 ],,,,,, 
  [ 3600285571 ],,,,,, [ 1004453341 ],,,,,,,,,,,,,,,,,,,,,,,,,,,,,,,,,,,,,,,,,, 
  [ 4890033601 ],,,,,,,,,,,,,,,,,, [ 46536351553 ],,,,,,,,,,,,,,,,,,,,,,,,,,,, 
  [ 2244645701 ],,,,,,,,,,,,,,,, [ 59482164961 ],,,, [ 5632013833, 22646627329 ],, 
  [ 23482787659 ],,,,,,,,,,,,,,,,,,,,,,,,,,,,,,,,,,,,,,,,,,,,,,,,,,,,,,,,,,,,,,,,,,,,,, 
  [ 1140554691169 ],,,,,,,,,,,,,,,,,,,,,,,,,,,,,,,,,,,,,,,,,,,,,,,,,,,,,,,,,,,,,,,,,,,,,,,,,,
  ,,,,,,,,,,,,,,,,,,,,,,,,,,,, [ 16816431169 ],, [ 2058804521 ],,,,,,,,,,,,,,,,,,,,,,,,,,,,,,
  ,, [ 12191179393 ],,,,,,,,,,,,,,,,,,,,,,,,,,,,,,,,,,,,,,,,,,,,,,,,,,,,,,,,,,,,,,,,,,,,,,,,,
  ,,,,,,,,,,,,,,,,,,, [ 2466599617 ],,,,,,,,,,,,,,,,,,,,,,,,,,,,,,,,,,,,,,,,,,,,,, 
  [ 3882386461 ],,,,,,,,,,,,,,,,,,,,,,,,,,,,,,,,,,,,,,,,,,,,,,,,,,,,,,,, [ 337791924193 ],,,
  , [ 3455120000141 ],, [ 114117191569, 151106119057 ],,,,,,,,,,,,,,,,,,,,,,,, 
  [ 2916752329 ],,,,,, [ 47081152249 ],,,,,,,, [ 251595229411 ],,,,,,,,,,,,,,,,,,,, 
  [ 5078531251 ],,,,,,,, [ 5354532541 ],,,,,,,,,,,,,,,,,,,,,,,, [ 1095794389, 179169292639 ],
  ,,,,, [ 4632256417 ],, [ 4156979231 ],,,,,,,,,, [ 4623683401 ],,,,,,,,,, [ 4148320201 ],,,
  , [ 3886664783, 8443200767 ],,,,,,,,,,,,,,,, [ 245391698131 ],,,,,,,,,,,,,,,,,, 
  [ 10495497541 ],,,,,,,,,,,,,,,,,,,,,,,,,,,,,, [ 1859537791 ],,,,,,,,,,,,,,,,,,,,,,,,,,,,,,,
  ,,,,, [ 1493159959 ],,,,,,,,,,,, [ 8650565533 ],,,,,,,,,,,,,,,,,,,,,,,,,,,,,,,,,,,,,,,,,, 
  [ 2730343309 ],,,,,, [ 62120580757 ],,,,,,,,,,,,,,,,,,,,,,,,,,,,,,,,,,,,,,,,,,,,,,,,,,,,,,,
  , [ 4588030241, 10500670981, 13146574741 ],,,,,,,,,,,,,,,,,,,,,,,,,,,,,,,,,, 
  [ 4424483893 ],,,,,, [ 27049255021, 68761376911 ],,,,,,,,,,,,,,,,,,,,,,,,,,,,,,,,,,,,,,,,,,
  ,,,,,,,,,,,,,,,,,, [ 225347679961 ],,,,,,,,,, [ 36919396001 ],, [ 20738967517 ],,,,,,,,,,,,
  ,,,,,,,,,,,,,,,, [ 18829456691 ],,,,,,,,,,,,,,,,,,,,,,,,,,,,,,,,,,,,,,,,,,,,,,,,,,,,,,,,,,,
  ,,,,,,,,,,,,,,,,,,,,,,,,,,,,,,,,,,,,,,, [ 53312050369 ],,,,,,,,,,,, [ 1963982941 ],,,,,,,,,
  ,,,,,,,,,,,,,,,,,,,,,,,,,,, [ 2493067873 ],,,,,,,,,,,,,,,,,,,,,,,,,,,,,,,,,,,,,,,,,,,,,,,,,
  ,,,,,,,,,,, [ 15906615229 ],,,,,,,,,,,,,,,,,,,,,,,,,,,,,,,,,,,,,,,, [ 1383829357 ],,,,,,,,,
  ,,,,,,,,,,,,,,,,,,,,,,,,,,,,,,,,,,,,,,,,,,,,,,,,,,,,,,,,,,,,,,,,,,,,,,,,,,,,,,,,,,, 
  [ 101720594401 ],,,,,,,,,,,, [ 2119731121 ],,,,,,,,,,,,,,,,,,,,,,,, [ 1904852569 ],,,,,, 
  [ 13661764951 ],,,,,,,,,,,,,,,,,, [ 20476752277 ],,,,,,,,,,,,,,,,,,,,,,,,,,,,,,,,,,,,,,,,,,
  ,,,,,,,,,,,,,,,,,,,,,,,,,,,,,,,,,,,, [ 12570028381 ],,,,,,,,,,,, [ 6233542159759 ],,,,,,,,,
  ,,,,,,,,,,,,,,,,,,,,,,,,,,,,,,,,,,,,,,,,,,,,, [ 1064837377 ],,,,,, [ 1388526661 ],,,,,,,,,,
  ,,,,,,,,,,,,,,,,,,,, [ 2046378577 ],,,,,,,,,,,,,,,,,,,,,,,,,,,,,,,,,,,, [ 1688336509 ],,,,,
  ,,,,,,,,,,,,,,,,,,,,,,,,, [ 9740565781 ],,,,,,,,,,,,,,,,,,,,,,,,,,,,,,,,,,,,,,,,,,,,,,,,,,,
  ,,,,,,,,,,,,,,,,,,,,,,,,,,,,,,,,,,,,,,,,,,,,,,,,,,,,,,, [ 7161464941 ],,,,,,,,,,,,,,,,,,,,,
  ,,,,, [ 47727690979 ],,,,,,,,,,,,,,,,,,,,,,,,,,,,,,,,,,,,,,,,,,,,,,,,,,,,,,,,,,,, 
  [ 4249844659 ],,,,,,,,,,,, [ 4270502167 ],,,,,,,,,,,, [ 4058730241 ],,,,,, [ 11587089841 ],
  ,,,,,,,,,,, [ 1008390095442397 ],,,,,,,,,,,,,,,,,,,,,,,,,,,,,,,,,,,,,,,,,,,,,,,,,,,,,,,,,,,
  ,,,,,,,,,,,,,,,,,,,,,,, [ 3477563251 ],,,,,,,,,,,,,,,,,,,,,,,,,,,,,,,,,,,,,,,,,,,,,,,,,,,,,
  ,,,,,,,,,,,,,,,,,,,,,,,,,,,,,,,,,,,,,,,,,,,,, [ 18020668177 ],,,,,,,,,,,,,,,,,,,,,,,,,,,,,,
  ,,,,,,,,,,,,,,,,,,,,,,,, [ 11384832541 ],,,,,,,,,,,,,,,,,,,,,,,, [ 19465065019 ],,,,,, 
  [ 66739001869 ],,,,,,,,,,,,,,,,,,,,,,,, [ 178854333529 ],,,,,,,,,,,,,,,,,,,,,,,,,,,,,,,,,,,
  ,,,,,,,,,,,,, [ 85719912823513 ],,,,,, [ 439428958021 ],,,,,,,,,,,,,,,,,,,,,,,,,,,,,,,,,,,,
  ,,,,,,,,,,,, [ 2098005463 ],,,,,,,,,,,,,,,,,,,,,,,,,,,,,, [ 692399566849 ],,,,,,,,,,,,,,,,,
  ,,,,,,,,,,,,,,,,,,,,,,,,,,,,,,,,,,,,,,,,,,,,,,,,,,,,,,,,,,,,,,,,,,,,,,,,,,,,,,, 
  [ 1030635649 ],,,,,,,,,,,,,,,,,,,,,,,,,,,,,,,,,,,,,,,,,,,,,,,, [ 245500756801 ],,,,,, 
  [ 21941931133 ],,,,,,,,,,,,,,,,,,,,,,,,,,,,,,,,,,,,,,,,,,,,,,,,,,,,,,,,,,,, [ 1021628473 ],
  ,,,,,,,,,,,,,,,,,,,,,,,,,,,,, [ 35455531249 ],,,,,,,,,,,,,,,,,,,,,,,,,,,,,,,,,,,,,,,,,,,,,,
  ,,,,,,,,,,,,,, [ 15231240520861 ],,,,,,,,,,,,,,,,,,,,,,,,,,,,,,,,,,,,,,,,,,,,,,,,,,,,,,,,,,
  ,,,,,,,,,,,,,,,,,,,,,,,,,,,,,,,,,,,,,,,,,,,,,,,,,,,,,,,,,,,,,,,,,,,,,,,,,,,,,,,,,,,,,,,,,,,
  ,,,,,,, [ 158250062881 ],,,,,,,,,,,,,,,,,,,,,,,,,,,,,,,,,,,,,,,,,, [ 22557724729 ],,,,,,,,,
  ,,,,,,,,, [ 5622219541 ],,,,,,,,,,,,,,,,,, [ 1007963113 ],,,,,,,,,,,,,,,,,, [ 8436930001 ],
  ,,,,,,,,,,,,,,,,,,,,,,,,,,,,,,,,,,,,,,,,,,,,,,,,,,,,,,,,,,,,,,,,,,,,,,,,,,,,,,,,,,,,,,,,,,,
  ,,,,,,,,,,,,,,,,,,,,,,,,,,,,,,,,,,,,,,,,,,,,,,,,,,,,,,,,,, [ 279294356941 ],,,,,,,,,,,,,,,,
  ,,,,,,,,,,,,,,,,,,,,,,,,,,,,,,,,,,,,,,,,,,,,,,,,,, [ 21212327137 ],,,,,,,,,,,,,,,,,,,,,,,,,
  ,,,,,,,,,,,,,,,,,,,,,,,,,,,,, [ 1515290521 ],,,,,,,,,,,,,,,,,,,,,,,,,,,,,,,,,,,,,,,,,,,,,,,
  ,,,,,,,,,,,,,,,,,,,,,,,,, [ 4472527333 ],,,,,,,,,,,,,,,,,,,,,,,,,,,,,,,,,,,,,,,,,, 
  [ 6182519113 ],,,,,,,,,,,,,,,,,,,,,,,,,,,,,,,,,,,,,,,,,, [ 20439445069 ],,,,,,,,,,,,,,,,,,,
  ,,,,,,,,,,,,,,,,,,,,,,,,,,,,,,,,,,,,,,,,,,,,,,,,,,,,,,,,,,,,,,,,,,,,,,,,,,,,,,,,,,,,,,,,,,,
  ,,,,,,,,,,,,,,,,,,,,,,,,,,,,,,,,,,,,,,,,,,,,,,,,,,,, [ 8327635669, 83881164313 ],,,,,,,,,,,
  ,,,,,,,,,,,,,,,,,,,,,,,,,,,,,,,,,,,,, [ 1433738041 ],,,,,,,,,,,,,,,,,,,,,,,,,,,,,,,,,,,,,,,
  ,,,,,,,,,,,,,,,,,,,,,,,,,,,,,,,,,,,,,,,,,,,,,,,,,,,,,,,,,,,,,,,,,,,,,,,,,,,,,,,,,,,,,,,,,,,
  ,,,,,,,,,,,,,, [ 8079700501 ],,,,,,,,,,,,,,,,,,,,,,,,,,,,,,,,,,,,,,,,,,,,,,,,,,,,,,,,,,,,,,
  ,,,,,,,,,,,,,,,,,,,,,,,,,,,,,,,,,,,,,,,,,,,,,,,,,,,,,,,,,,,,,,,,,,,,,,,,,,,,,,,,,,,,,,,,,,,
  ,,,,,,,,,,,,,,,,,,,,,,,,,,, [ 3497674441 ],,,,,,,,,,,,,,,,,,,,,,,,,,,,,,,,,,,,,,,,,,,,,,,,,
  ,,,,,,,,,,,,,,,,,,,,,,,,,,,,,,,,,,,,,,,,,,,,,,,,,,,,,,,,,,,,,,,,,,,,,,,,,,,,,,,,,,,,,,,,,,,
  ,,,,,,,,,,,,,,,,,,,,,,,,,,,,,,,,,,,,,,,,,,,,,,,,,,,,,,,,,,,,,,,,,,,,,,,,,,,,,,,,,,,,,,,,,,,
  ,,,,,,,,,,,,,,,,,,,,,,,,,,,,,,,,,,,,,,,,,,,,,,,,,,,,,,,,,,,,,,,,,,,,,,,,,,,,,,,,,,,,,,,,,,,
  ,,,,,,,,,,,,,,,,,,,,,,,,,,,,,,,,,,,,,,,,,,,,,,,,,,,,,,,,,,,,,,,,,,,,,,,,,,,,,,,,,,,,,,,,,,,
  ,,,,,,,,,,,,,,,,,,,,,,,,,,,,,,,,,,,,,,,,,,,,,,,,,,,,,,,,,,,,,,,,,,, [ 204167649601 ],,,,,,,
  ,,,,,,,,,,,,,,,,,,,,,,,,,,,,,,,,,,,,,,,,,,,,,,,,,,,,,,,,,,,,,,,,,,,,,,,,,,,,,,,,,,,,,,,,,,,
  ,,,,,,,,,,,,,,,,,,,,,,,,,,,,,,,,,,,,,,,,,,,,,,,,,,,,,,,,,,,,,,,,,,,,,,,,,,,,,,,,,,,,,,,,,,,
  ,,,,,,,,,,,,,,,,,,,,,,,,,,,,,,,,,,,,,,,,,,,,,,,,,,,,,,,,,,,,,,,,,,,,,,,,,,,,,,,,,,,,,,,,,,,
  ,,,,,,,,,,,,,,,,,,,,,,,,,,,,,,,,,,,,,,,,,,,,,,,,,,,,,,,,,,,,,,,,,,,,,,,,,,,,,,,,,,,,,,,,,,,
  ,,,,,,,,,,,,,,,,,,,,,,,,,,,,,,,,,,,,,,,,,,,,,,,,,,,,,,,,,,,,,,,,,,,,,,,,,,,,,,,,,,,,,,,,,,,
  ,,,,,,,,,,,,,,,,,,,,,,,,,,,,,,,,,,,,,,,,,,,,,,,,,,,,,,,,,,,,,,,,,,,,,,,,,,,,,,,,,,,,,,,,,,,
  ,,,,,,,,,,,,,,,,,,,,,,,,,,,,,,,,,,,,,,,,,,,,,,,,,,,,,,,,,,,,,,,,,,,,,,,,,,,,,,,,,,,,,,,,,,,
  ,,,,,,,,,,,,,,,,,,,,,,,,,,,,,,,,,,,,,,,,,,,,,,,,,,,,,,,,,,,,,,,,,,,,,,,,,,,,,,,,,,,,,,,,,,,
  ,,,,,,,,,,,,,,,,,,,,,,,,,,,,,,,,,,,,,,,,,,,,,,,,,,,,,,,,,,,,,,,,,,,,,,,,,,,,,,,,,,,,,,,,,,,
  ,,,,,,,,,,,,,,,,,,,,,,,,,,,,,,,,,,,,,,,,,,,,,,,,,,,,,,,,,,,,,,,,,,,,,,,,,,,,,,,,,,,,,,,,,,,
  ,,,,,,,,,,,,,,,,,,,,,,,,,,,,,,,,,,,,,,,,,,,,,,,,,,,,,,,,,,,,,,,,,,,,,,,,,,,,,,,,,,,,,,,,,,,
  ,,,,,,,,,,,,,,,,,,,,,,,,,,,,,,,,,,,,,,,,,,,,,,,,,,,,,,,,,,,,,,,,,,,,,,,,,,,,,,,,,,,,,,,,,,,
  ,,,,,,,,,,,,,,,,,,,,,,,,,,,,,,,,,,,,,,,,,,,,,,,,,,,,,,,,,,,,,,,,,,,,,,,,,,,,,,,,,,,,,,,,,,,
  ,,,,,,,,,,,,,,,,,,,,,,,,,,,,,,,,,,,,,,,,,,,,,,,,,,,,,,,,,,,,,,,,,,,,,,,,,,,,,,,,,,,,,,,,,,,
  ,,,,,,,,,,,,,,,,,,,,,,,,,,,,,,,,,,,,,,,,,,,,,,,,,,,,,,,,,,,,,,,,,,,,,,,,,,,,,,,,,,,,,,,,,,,
  ,,,,,,,,,,,,,,,,,,,,,,,,,,,,,,,,,,,,,,,,,,,,,,,,,,,,,,,,,,,,,,,,,,,,,,,,,,,,,,,,,,,,,,,,,,,
  ,,,,,,,,,,,,,,,,,,,,,,,,,,,,,,,,,,,,,,,,,,,,,,,,,,,,,,,,,,,,,,,,,,,,,,,,,,,,,,,,,,,,,,,,,,,
  ,,,,,,,,,,,,,,,,,,,,,,,,,,,,,,,,,,,,,,,,,,,,,,,,,,,,,,,,,,,,,,,,,,,,,,,,,,,,,,,,,,,,,,,,,,,
  ,,,,,,,,,,,,,,,,,,,,,,,,,,,,,,,,,,,,,,,,,,,,,,,,,,,,,,,,,,,,,,,,,,,,,,,,,,,,,,,,,,,,,,,,,,,
  ,,,,,,,,,,,,,,,,,,,,,,,,,,,,,,,,,,,,,,,,,,,,,,,,,,,,,,,,,,,,,,,,,,,,,,,,,,,,,,,,,,,,,,,,,,,
  ,,,,,,,,,,,,,,,,,,,,,,,,,,,,,,,,,,,,,,,,,,,,,,,,,,,,,,,,,,,,,,,,,,,,,,,,,,,,,,,,,,,,,,,,,,,
  ,,,,,,,,,,,,,,,,,,,,,,,,,,,,,,,,,,,,,,,,,,,,,,,,,,,,,,,,,,,,,,,,,,,,,,,,,,,,,,,,,,,,,,,,,,,
  ,,,,,,,,,,,,,,,,,,,,,,,,,,,,,,,,,,,,,,,,,,,,,,,,,,,,,,,,,,,,,,,,,,,,,,,,,,,,,,,,,,,,,,,,,,,
  ,,,,,,,,,,,,,,,,,,,,,,,,,,,,,,,,,,,,,,,,,,,,,,,,,,,,,,,,,,,,,,,,,,,,,,,,,,,,,,,,,,,,,,,,,,,
  ,,,,,,,,,,,,,,,,,,,,,,,,,,,,,,,,,,,,,,,,,,,,,,,,,,,,,,,,,,,,,,,,,,,,,,,,,,,,,,,,,,,,,,,,,,,
  ,,,,,,,,,,,,,,,,,,,,,,,,,,,,,,,,,,,,,,,,,,,,,,,,,,,,,,,,,, [ 14053278901 ],,,,,,,,,,,,,,,,,
  ,,,,,,,,,,,,,,,,,,,,,,,,,,,,,,,,,,,,,,,,,,,,,,,,,,,,,,,,,,,,,,,,,,,,,,,,,,,,,,,,,,,,,,,,,,,
  ,,,,,,,,,,,,,,,,,,,,,,,,,,,,,,,,,,,,,,,,,,,,,,,,,,,,,,,,,,,,,,,,,,,,,,,,,,,,,,,,,,,,,,,,,,,
  ,,,,,,,,,,,,,,,,,,,,,,,,,,,,,,,,,,,,,,,,,,,,,,,,,,,,,,,,,,,,,,,,,,,,,,,,,,,,,,,,,,,,,,,,,,,
  ,,,,,,,,,,,,,,,,,,,,,,,,,,,,,,,,,,,,,,,,,,,,,,,,,,,,,,,,,,,,,,,,,,,,,,,,,,,,,,,,,,,,,,,,,,,
  ,,,,,,,,,,,,,,,,,,,,,,,,,,,,,,,,,,,,,,,,,,,,,,,,,,,,,,,,,,,,,,,,,,,,,,,,,,,,,,,,,,,,,,,,,,,
  ,,,,,,,,,,,,,,,,,,,,,,,,,,,,,,,,,,,,,,,,,,,,,,,,,,,,,,,,,,,,,,,,,,,,,,,,,,,,,,,,,,,,,,,,,,,
  ,,,,,,,,,,,,,,,,,,,,,,,,,,,,,,,,,,,,,,,,,,,,,,,,,,,,,,,,,,,,,,,,,,,,,,,,,,,,,,,,,,,,,,,,,,,
  ,,,,,,,,,,,,,,,,,,,,,,,,,,,,,,,,,,,,,,,,,,,,,,,,,,,,,,,,,,,,,,,,,,,,,,,,,,,,,,,,,,,,,,,,,,,
  ,,,,,,,,,,,,,,,,,,,,,,,,,,,,,,,,,,,,,,,,,,,,,,,,,,,,,,,,,,,,,,,,,,,,,,,,,,,,,,,,,,,,,,,,,,,
  ,,,,,,,,,,,,,,,,,,,,,,,,,,,,,,,,,,,,,,,,,,,,,,,,,,,,,,,,,,,,,,,,,,,,,,,,,,,,,,,,,,,,,,,,,,,
  ,,,,,,,,,,,,,,,,,,,,,,,,,,,,,,,,,,,,,,,,,,,,,,,,,,,,,,,,,,,,,,,,,,,,,,,,,,,,,,,,,,,,,,,,,,,
  ,,,,,,,,,,,,,,,,,,,,,,,,,,,,,,,,,,,,,,,,,,,,,,,,,,,,,,,,,,,,,,,,,,,,,,,,,,,,,,,,,,,,,,,,,,,
  ,,,,,,,,,,,,,,,,,,,,,,,,,,,,,,,,,,,,,,,,,,,,,,,,,,,,,,,,,,,,,,,,,,,,,,,,,,,,,,,,,,,,,,,,,,,
  ,,,,,,,,,,,,,,,,,,,,,,,,,,,,,,,,,,,,,,,,,,,,,,,,,,,,,,,,,,,,,,,,,,,,,,,,,,,,,,,,,,,,,,,,,,,
  ,,,,,,,,,,,,,,,,,,,,,,,,,,,,,,,,,,,,,,,,,,,,,,,,,,,,,,,,,,,,,,,,,,,,,,,,,,,,,,,,,,,,,,,,,,,
  ,,,,,,,,,,,,,,,,,,,,,,,,,,,,,,,,,,,,,,,,,,,,,,,,,,,,,,,,,,,,,,,,,,,,,,,,,,,,,,,,,,,,,,,,,,,
  ,,,,,,,,,,,,,,,,,,,,,,,,,,,,,,,,,,,,,,,,,,,,,,,,,,,,,,,,,,,,,,,,,,,,,,,,,,,,,,,,,,,,,,,,,,,
  ,,,,,,,,,,,,,,,,,,,,,,,,,,,,,,,,,,,,,,,,,,,,,,,,,,,,,,,,,,,,,,,,,,,,,,,,,,,,,,,,,,,,,,,,,,,
  ,,,,,,,,,,,,,,,,,,,,,,,,,,,,,,,,,,,,,,,,,,,,,,,,,,,,,,,,,,,,,,,,,,,,,,,,,,,,,,,,,,,,,,,,,,,
  ,,,,,,,,,,,,,,,,,,,,,,,,,,,,,,,,,,,,,,,,,,,,,,,,,,,,,,,,,,,,,,,,,,,,,,,,,,,,,,,,,,,,,,,,,,,
  ,,,,,,,,,,,,,,,,,,,,,,,,,,,,,,,,,,,,,,,,,,,,,,,,,,,,,,,,,,,,,,,,,,,,,,,,,,,,,,,,,,,,,,,,,,,
  ,,,,,,,,,,,,,,,,,,,,,,,,,,,,,,,,,,,,,,,,,,,,,,,,,,,,,,,,,,,,,,,,,,,,,,,,,,,,,,,,,,,,,,,,,,,
  ,,,,,,,,,,,,,,,,,,,,,,,,,,,,,,,,,,,,,,,,,,,,,,,,,,,,,,,,,,,,,,,,,,,,,,,,,,,,,,,,,,,,,,,,,,,
  ,,,,,,,,,,,,,,,,,,,,,,,,,,,,,,,,,,,,,,,,,,,,,,,,,,,,,,,,,,,,,,,,,,,,,,,,,,,,,,,,,,,,,,,,,,,
  ,,,,,,,,,,,,,,,,,,,,,,,,,,,,,,,,,,,,,,,,,,,,,,,,,,,,,,,,,,,,,,,,,,,,,,,,,,,,,,,,,,,,,,,,,,,
  ,,,,,,,,,,,,,,,,,,,,,,,,,,,,,,,,,,,,,,,,,,,,,,,,,,,,,,,,,,,,,,,,,,,,,,,,,,,,,,,,,,,,,,,,,,,
  ,,,,,,,,,,,,,,,,,,,,,,,,,,,,,,,,,,,,,,,,,,,,,,,,,,,,,,,,,,,,,,,,,,,,,,,,,,,,,,,,,,,,,,,,,,,
  ,,,,,,,,,,,,,,,,,,,,,,,,,,,,,,,,,,,,,,,,,,,,,,,,,,,,,,,,,,,,,,,,,,,,,,,,,,,,,,,,,,,,,,,,,,,
  ,,,,,,,,,,,,,,,,,,,,,,,,,,,,,,,,,,,,,,,,,,,,,,,,,,,,,,,,,,,,,,,,,,,,,,,,,,,,,,,,,,,,,,,,,,,
  ,,,,,,,,,,,,,,,,,,,,,,,,,,,,,,,,,,,,,,,,,,,,,,,,,,,,,,,,,,,,,,,,,,,,,,,,,,,,,,,,,,,,,,,,,,,
  ,,,,,,,,,,,,,,,,,,,,,,,,,,,,,,,,,,,,,,,,,,,,,,,,,,,,,,,,,,,,,,,,,,,,,,,,,,,,,,,,,,,,,,,,,,,
  ,,,,,,,,,,,,,,,,,,,,,,,,,,,,,,,,,,,,,,,,,,,,,,,,,,,,,,,,,,,,,,,,,,,,,,,,,,,,,,,,,,,,,,,,,,,
  ,,,,,,,,,,,,,,,,,,,,,,,,,,,,,,,,,,,,,,,,,,,,,,,,,,,,,,,,,,,,,,,,,,,,,,,,,,,,,,,,,,,,,,,,,,,
  ,,,,,,,,,,,,,,,,,,,,,,,,,,,,,,,,,,,,,,,,,,,,,,,,,,,,,,,,,,,,,,,,,,,,,,,,,,,,,,,,,,,,,,,,,,,
  ,,,,,,,,,,,,,,,,,,,,,,,,,,,,,,,,,,,,,,,,,,,,,,,,,,,,,,,,,,,,,,,,,,,,,,,,,,,,,,,,,,,,,,,,,,,
  ,,,,,,,,,,,,,,,,,,,,,,,,,,,,,,,,,,,,,,,,,,,,,,,,,,,,,,,,,,,,,,,,,,,,,,,,,,,,,,,,,,,,,,,,,,,
  ,,,,,,,,,,,,,,,,,,,,,,,,,,,,,,,,,,,,,,,,,,,,,,,,,,,,,,,,,,,,,,,,,,,,,,,,,,,,,,,,,,,,,,,,,,,
  ,,,,,,,,,,,,,,,,,,,,,,,,,,,,,,,,,,,,,,,,,,,,,,,,,,,,,,,,,,,,,,,,,,,,,,,,,,,,,,,,,,,,,,,,,,,
  ,,,,,,,,,,,,,,,,,,,,,,,,,,,,,,,,,,,,,,,,,,,,,,,,,,,,,,,,,,,,,,,,,,,,,,,,,,,,,,,,,,,,,,,,,,,
  ,,,,,,,,,,,,,,,,,,,,,,,,,,,,,,,,,,,,,,,,,,,,,,,,,,,,,,,,,,,,,,,,,,,,,,,,,,,,,,,,,,,,,,,,,,,
  ,,,,,,,,,,,,,,,,,,,,,,,,,,,,,,,,,,,,,,,,,,,,,,,,,,,,,,,,,,,,,,,,,,,,,,,,,,,,,,,,,,,,,,,,,,,
  ,,,,,,,,,,,,,,,,,,,,,,,,,,,,,,,,,,,,,,,,,,,,,,,,,,,,,,,,,,,,,,,,,,,,,,,,,,,,,,,,,,,,,,,,,,,
  ,,,,,,,,,,,,,,,,,,,,,,,,,,,,,,,,,,,,,,,,,,,,,,,,,,,,,,,,,,,,,,,,,,,,,,,,,,,,,,,,,,,,,,,,,,,
  ,,,,,,,,,,,,,,,,,,,,,,,,,,,,,,,,,,,,,,,,,,,,,,,,,,,,,,,,,,,,,,,,,,,,,,,,,,,,,,,,,,,,,,,,,,,
  ,,,,,,,,,,,,,,,,,,,,,,,,,,,,,,,,,,,,,,,,,,,,,,,,,,,,,,,,,,,,,,, [ 2822750209 ] ]);
