BRENTFACTORS[7765]:=MakeImmutable([ ,,,,,,,,,, [ 346152462371 ],, [ 10963837679159 ],,,, 
  [ 926923656900211, 35517669768211198759 ],, [ 41452636826567 ],, [ 8005192399 ],, 
  [ 3657983576831 ], [ 1280720595937 ], [ 8891113669983228451 ],,, 
  [ 209762436101, 244331985353 ], [ 5324055978934213, 201952904950764534643 ], 
  [ 178608697831 ],, [ 8742688993, 16744655617, 100563936833 ], 
  [ 86228475760087, 85186346356221297021451 ], [ 283190814386027 ],,,,, 
  [ 3164246983, 43253238639057487, 2025057020651722984329617917 ], [ 78456031171361 ], 
  [ 4649187474879139954460894195575049, 31439992285578525810396852686234228051 ], 
  [ 300252360721192069 ], [ 5245330147, 332992010054777 ], 
  [ 1536259297, 3205663836433779727407878027321 ], 
  [ 4942191667360748851, 121133720252098184041 ],, [ 3421238890937569711 ], 
  [ 2454947261623753857889 ],, [ 498139805351 ], [ 12800022331, 2148847185263071 ],, 
  [ 2764656173, 510977640351985333 ], [ 6778102354360021, 205534938111529090364767 ], 
  [ 6954895421 ], [ 4492185209 ], [ 54991042505533, 17025724985679528950315826283 ], 
  [ 665708844551084207023 ], [ 221841777323565875621 ], [ 4147080781 ], 
  [ 51857919143, 18836737749257 ], [ 7349191856735480782226960173658259247811149 ], 
  [ 27643941739 ], [ 8227265472950759723045057, 7819030728122373483618877780813997633 ], 
  [ 19375695324855638783431 ], [ 597610070674783, 5814302432733290857136161 ], 
  [ 35914771097053439 ], [ 5370664620374509, 133338479629136350819182293445870041 ], 
  [ 358834894032919 ], [ 6119606419360001, 329519116933204031 ], [ 84947350670257 ], 
  [ 27922026238815225144031373761586279526889 ], [ 258040401461 ], 
  [ 293660426509, 6684171749810120653672243 ], 
  [ 21286160251, 1002134215366096914426352607401, 135258764124438529186811476378683151 ],,, 
  [ 10827604399, 5602954908822634650929928459191443933 ],, 
  [ 1199076481, 3232869841, 35652806796401, 110220089715521 ], [ 4125184363, 186804722341 ], 
  [ 2466605487041, 6347661502333, 14817225854333603, 
      512680546022456040286612353542317427055742036027 ], 
  [ 16487505121, 464855825801, 291274894623890531 ], 
  [ 881403664572649, 115298482218508597, 6664103512848564905038561 ], 
  [ 157302926441, 11335910920094067361, 201931885452790210331 ],,, [ 2328785571712236669913 ]
   ,,, [ 22599522037 ], 
  [ 5546418169, 7249845471077043629, 27597323011548598548722990254293193, 
      1255199539470394448047575110376008933 ],, [ 15565071544644172490943809209 ],, 
  [ 8497841024119740001, 1478653500906009595947914028230689 ],, 
  [ 132470578166431, 682987012363993 ], [ 52103559559789 ], 
  [ 2165549035261392901, 232423178714855844901, 65815185219637978998799801, 
      51311162389222842704049710974483174702501 ], [ 74552734891, 22892027445248019655951 ], 
  [ 3888796858668233159446691041, 3769554509973788886699561267521854426951153 ], 
  [ 70285397801049196169103361 ], [ 25064351945456970047198557417 ], 
  [ 32508767265577189231 ], [ 3308184211, 3035253826433753669605613 ],, 
  [ 78067537988222748817, 72484122008229920300912677297581913561 ], 
  [ 619111520605538942117 ], [ 8988563298330661, 114076259780737462602336031 ],, 
  [ 296499945058241 ],, 
  [ 1493606917937658086615858899, 12749595618437613793060880105988466470874612363 ], 
  [ 1562557095461 ], [ 1616439183917 ],,, [ 6975216952568621 ], 
  [ 7812790441, 242392155540481, 5337594985152728861655800891727974149932841 ],,,, 
  [ 6476420429, 2914965841228800614609, 586490773107340839625703477, 
      360984407831398829772956784457 ], [ 57089886301501 ], [ 806391151399 ], [ 1405928609 ],
  , [ 3900438067 ], [ 89161014767501 ], [ 18997444199 ], 
  [ 1143067201, 411636827953574734237 ], [ 29214267419, 126058062234812848813 ],, 
  [ 26432415678961, 1970805319757578733941, 780635309199959503266481 ], 
  [ 3808649585456809, 513557793517741795033 ], [ 1835514493, 5531761889, 11493030771718631 ],
  , [ 881259235211437 ],, [ 3597612167482771531 ],, [ 6149346061 ],,, 
  [ 5829543481, 42739945756914030967 ], [ 407602178733121 ], [ 21102249038257 ], 
  [ 36384693229, 2500177822378916441 ],, [ 591991938409811384671 ], 
  [ 23382909830417152623121 ], [ 31148624341 ],,,,,,, [ 1165418571197135697121 ], 
  [ 9349942337, 12416757746181858133 ],,, [ 20362895169590829936449 ], 
  [ 9964926841, 3504259726111, 14756659481743411, 1243863399539531337411571 ], 
  [ 13594374160945530391079 ],, [ 37799204869660921 ],, [ 5520880652821 ], 
  [ 381794097172537009, 8514108614867618285058291499 ],, [ 86060071381 ],, 
  [ 6155764221195751 ], [ 3079492610228988067736689 ], [ 272614546223863 ],, 
  [ 1083297356303, 1721056629255739 ], [ 20796451381 ], [ 299620917542197, 955792897115933 ],
  , [ 67837912015129777 ], [ 1257661897, 211797767880961, 747128555161201 ], 
  [ 6279664769364731 ],, [ 10696744081, 343080814121 ], [ 5775777361, 2932264582813121 ], 
  [ 1961723075509, 35441612455537 ], [ 19975944881 ],, 
  [ 309578895553, 3915537529706478913, 8614218831308439633089599681 ],,, 
  [ 32158184246806411, 53590926885224431, 362194071487664131 ],,, [ 996071007708309457 ], 
  [ 20719281409 ], [ 49687836898728255291573601 ],, [ 604629537667 ], [ 7397552233 ], 
  [ 2263971173641 ], [ 1473169292761, 108131024293541, 39811763041611785579681 ],,, 
  [ 3227652481, 9791666561 ], [ 35015255312379119053 ], 
  [ 251217465241, 278199880351, 45153872312323330069291 ],, [ 16078243877 ], [ 207387737551 ]
   ,,,, [ 6043374234006019 ],,, [ 291212292361, 157151284401541 ],,, [ 17323917948331 ], 
  [ 183193540858745761 ],,, [ 1684855611523564537 ], [ 66743914249 ],,, [ 904799231413771 ],,
  ,, [ 6014398178641031, 141232650015480391, 2991971147127282811, 53800730690154952981 ], 
  [ 2284488497, 520911738987037, 2707240381313346761, 33196180538772048961 ], 
  [ 100718690221937881567 ], [ 74031746881, 837686464189, 15801890536139, 295211569291520491 
     ],, [ 2837092449050884561, 12697722401789665593121 ],, [ 1994477753894769749857139747 ],
  , [ 91231154213 ],, [ 25139073301711, 335656789970737 ], [ 111681345907, 2086089636431737 ]
    , [ 7270253516753 ],, [ 104454964751 ],, [ 4730224969 ],, 
  [ 716118027503, 64127265751309, 40620834065281976976749 ], 
  [ 73131733561, 176921880481, 519337686747511 ],,, [ 819928076830560721 ], 
  [ 39198154487040451519 ],, [ 663252092317, 60387254102827 ], 
  [ 104706350459, 2067786628838445409215509 ],, [ 1221826765352953 ],, [ 30170149975169 ], 
  [ 210979030813 ],,, [ 308792981869926121, 1800028623316286161 ], [ 738786084756331 ], 
  [ 107060584481 ], [ 9371684869 ], [ 7427169078084367, 390203790872226872987 ],,, 
  [ 4655238733 ], [ 1450428583, 155411687467 ],, 
  [ 2826185041, 11754579761, 148632330830251531481, 1150966252126932214121 ], 
  [ 1931301199, 5100531732792329 ],,, [ 75630564037063589 ], [ 851433749857063621 ], 
  [ 111999916466905113505717 ], [ 92262417589271329 ],, [ 1478901481226069 ], 
  [ 2281456208527105711 ],,,,,, [ 307521744854609 ], [ 177131394795961 ],, [ 188349123223 ],
  , [ 3056074673, 212784036096563 ], [ 20101392742905440810083 ],,, [ 6957312911 ],, 
  [ 543874296419777 ],,, [ 551280654521, 331321615099055596465291 ],, 
  [ 46382413875303047207329 ], [ 2204105301863 ],, [ 36200129836190443729831 ],, 
  [ 113186333030611 ],, [ 37365413052683 ],,, [ 26999341710923 ], [ 376831251707 ], 
  [ 157714676997974209 ], [ 3746203501 ],,, [ 3710950766137, 1432646105693750326033 ],, 
  [ 2971867566898832311711 ], [ 698827516781, 35596020160387, 388938125528947 ], 
  [ 1166124769, 882786750353, 1130221185722100541 ],,, [ 8025387971 ], 
  [ 35522425009, 60513931297, 23996487055969 ],, [ 90266079598111 ],,, [ 1528952375347 ], 
  [ 64319071938509737 ], [ 3509672620357 ],, [ 1308139951 ], [ 41205573300299 ],, 
  [ 7008236629 ],, [ 173006367032101 ],, [ 12795840289 ], 
  [ 9027553519, 9155212399171, 9891725289217 ], [ 9803426077, 2729212015342787263 ], 
  [ 2105401526731 ],,, [ 1328035369, 1915459669 ], [ 24440768358737 ], 
  [ 10031272201, 20049275161, 327479271841, 10203144799605841, 243656059877715346139521, 
      1389359876265182531428921 ], [ 20847300917 ],, [ 18292863733 ], [ 439815115013 ],, 
  [ 12808002373, 1726827772489 ],,, [ 3863979863137 ], [ 22051225696331341 ],, 
  [ 3774589513, 253375801737433, 27942742088561478433 ], [ 4640396021 ], 
  [ 3260840551, 45876094141307, 312686251302384829 ], [ 1008856947784501 ], [ 1119331321 ], 
  [ 64239860429291 ], [ 132956012953 ],,,,, [ 1838788363 ], 
  [ 6956306629633, 201650142292563073 ], [ 1235630551 ], 
  [ 1717806007246393, 152602070341069849 ], [ 830621438263 ], [ 393048359962597 ], 
  [ 190690293491 ],, [ 15135943742743 ],,, [ 9504238379480227, 33382851605433697 ],, 
  [ 8740135801 ],, [ 135993324483881 ],,,, [ 77949021277 ], [ 10772604157459 ],,,,,,,,,, 
  [ 28803301451 ], [ 26964826849, 48887737309 ], [ 8700377891 ], [ 326131157458081 ], 
  [ 20702711131429 ], [ 113201263561 ], [ 7184238447229 ],, [ 892888341705637 ], 
  [ 36699302640971, 546101648182661 ],, [ 479806074401 ],,, [ 28052230653749 ],, 
  [ 2854197352579 ], [ 14843348881, 29342308181, 221926450321 ], [ 25014740903 ], 
  [ 384891533446986540001 ],,, [ 398557512472741 ],, [ 8267987561, 31714317754997 ],, 
  [ 437310753463, 17467268647151, 37941653471107 ], [ 10251831041 ],, [ 320517691859 ],, 
  [ 45617744505428881, 15948213707178085297 ], [ 81160138365671, 2667206115779831 ], 
  [ 3183637201 ],, [ 32240862165875777 ], [ 1258357523, 12344623406069 ], 
  [ 15886328393915101 ], [ 18827541662513 ], [ 816084677925076057 ], 
  [ 10921887079, 1846856757253, 24351946268341 ], [ 600886400131310681 ], [ 43898290801 ],,,
  , [ 22010123143 ],,, [ 169541537988870653761, 26221522825474214423190853 ], 
  [ 48258398327, 2603079718609, 25273293893132717 ], [ 15813485582611475761 ],,,, 
  [ 1841535832501, 19826730140185333 ],,,,,,, [ 24869488305115651 ],, 
  [ 15055762789, 1934491931421193 ],,, [ 56417059027708321, 58698046975309921 ],,, 
  [ 10748971273531 ],, [ 859543540171 ],, [ 6336416325367 ],, [ 4466223867439 ], 
  [ 23327899421, 121034370486067781 ], [ 23003340181, 150748136863 ], [ 266853695029 ], 
  [ 21457722457 ],, [ 2974026331, 41697463471291 ],, [ 18611580716429, 41370694742104984271 ]
    , [ 16253918221, 133598533207, 3539450803643764537249 ],,, [ 40146478693 ],,, 
  [ 2828777113, 23070431354832793 ],,,, [ 119877791741 ],, [ 4936045201 ],,,,,,, 
  [ 7794025229 ], [ 2179457838671 ], [ 77626974283 ],,,,, [ 77877038249, 81905197073573 ],, 
  [ 5027409709537, 4065473906123893, 66970544190048535061 ],,,, [ 31094248472851 ],, 
  [ 143388569864508210295600373 ],, [ 301332188593 ],, [ 89337223793554901233 ],, 
  [ 339381227141713513 ],,,, [ 1990380723637, 92491648134433, 1048259947008983 ],,,, 
  [ 10587853862587 ],, [ 3941083468393 ],, [ 90248373601 ], [ 4429934209 ], [ 597654550489 ],
  , [ 10995024050803420259 ],, [ 18566555449822544981 ],, [ 215344542755773 ], 
  [ 1624637353 ],,, [ 5236134331, 170339759689783, 1680417543359623, 22326156921948412259 ],
  , [ 13696665800161 ], [ 1906477609511 ], [ 14422660313 ], [ 93348673237 ], 
  [ 12815344369, 64623391169, 6714841731912522505601 ],, [ 1158095664653581 ],, 
  [ 15169132085978729 ],,,,,, [ 672993361907, 765019662649243 ],, [ 48166939841 ],,,,, 
  [ 1662158161, 14562800898618961 ], [ 383558129989 ], [ 2710650949 ], [ 3104405124577 ],, 
  [ 249324631043037521 ],, [ 14674596654209 ],,,,,,, [ 318777104257 ], 
  [ 6408120001, 2683967384401 ],,,, [ 12078074698235993 ],,,, [ 4699413096064961 ], 
  [ 261219718106066959 ],,, [ 23963559481117 ],, [ 1911084392359 ], [ 346561747141 ],, 
  [ 539384583721 ], [ 1829521021, 14783923309, 66881623657, 217245721483117 ],,,,, 
  [ 34901165237 ], [ 583964158753 ],,,,,, [ 2471728158103681 ],, 
  [ 31163233649, 4416467849281 ],, [ 11569923708583 ], [ 1963907681 ],,, 
  [ 7486618019, 5174435587267 ],,,,,, [ 5793341360633 ], [ 200134183621, 3300118068691 ], 
  [ 3461423041 ],,,, [ 11813735701, 125070197201 ],, [ 62671482965629 ],,, [ 3466330741 ],,,,
  ,,,,,,,,,,, [ 5399814751 ],,, [ 4016035973 ],,,,, [ 309115362202819 ],,,,, 
  [ 53531248435283 ],,,,, [ 48127679137 ], [ 1275483691 ], 
  [ 15598893481, 35990382061, 177590185004731, 4929732845725016971 ], [ 25980944933 ], 
  [ 124335602393 ],, [ 1425612675667 ],,,, [ 8207175463129 ],,,, [ 4704160969 ],, 
  [ 2692134516998081, 14660995532151937 ],,,,, [ 1213694561 ],,,,, [ 16202176537 ],,,, 
  [ 42026665999 ],, [ 6898003201 ],, [ 1582469954803 ],,,,, [ 4191960517 ], [ 1242337024657 ]
   ,,, [ 49729320763738723 ],,,, [ 4374317221, 1644340331551 ],,, 
  [ 16191363547, 10216168528807 ],, [ 4024723653521 ],, [ 26406125341 ],,,,,,,,, 
  [ 314234188468261 ], [ 111106150027361 ],,, [ 5005285223261 ], [ 1505658673 ],,,,,,,,,, 
  [ 6138869441953 ],,, [ 4799330539 ], [ 8550538638181 ],,,,,,,,,,,,,,,, 
  [ 566550926131, 17760081342097 ],,,, [ 177319935061 ],,,,,,,,,,,,,,,, [ 34846195329791 ],,,
  ,,, [ 2977944720210041 ],, [ 7944145903 ], [ 8072548921 ], 
  [ 18461596889473, 427865546080177 ],,, [ 2098312399 ],,,,, [ 66151628553113 ],, 
  [ 4332718573 ],,,, [ 47858200891 ], [ 11455639147 ],,, [ 619546549863721 ],, 
  [ 5854029809, 50657749795313 ],,,, [ 20227221638053921 ],, [ 7552777049 ],,,,,,,, 
  [ 1346150951, 3090962101 ],,, [ 7212106471 ],,, [ 36836081081 ],,,, [ 311291889040681 ],,,,
  ,,,,, [ 6539544793 ], [ 41984681730811 ],,,, [ 1350811892137, 6944486396716111 ],,,,,,,, 
  [ 6002352217, 3444521570911, 187834839224887, 243956243997019 ],,,, [ 12128414002417 ],,,,,
  ,, [ 182803463519, 591754533437 ], [ 290184418369, 27565643913931 ],,,,, [ 3343920401 ], 
  [ 2339390241901 ],,,,,, [ 94628693893, 2160933332191783 ],, [ 26444700055633 ],,,,,, 
  [ 5707611929 ],, [ 4559687701 ],, [ 3832573807 ],,,, [ 3926338720453 ],,,,,,,,,,,,,,,, 
  [ 5024293708801039 ],, [ 10175030941 ], [ 4522340609 ],, [ 8149306043 ], [ 4368599553217 ],
  , [ 10901507233, 9566703853367 ],, [ 2216889469, 13556697673 ],,,,,, 
  [ 5797049689, 42112971129079 ],, [ 62873689629077, 307378172413157 ],, [ 25523967045713 ],
  , [ 72270099459841 ],, [ 2184508639, 76064064453452557 ],,,,, [ 7053936221 ],,,,,,,,,,, 
  [ 269337920289043093 ],, [ 4891992421 ],,,, [ 3865829977 ],, [ 1636065857 ], 
  [ 14802019261 ],,, [ 794869203151 ],,,, [ 17716649341679 ],, [ 64759907053 ],, 
  [ 7059613404149 ],,,,,,,, [ 2098524049 ],, [ 12000513169, 475527807217 ], [ 56601443167 ],,
  ,,,,, [ 3606457609 ],, [ 5869993637 ], [ 14369766809 ], [ 6744506221 ],,,,,, 
  [ 2041880563 ],,,,,, [ 4068565667977 ],,,,, [ 1747332557 ], [ 2451758077, 3611509249 ],,,,
  , [ 5889935731 ],,, [ 13747207717 ],, [ 39292985737 ],,,,, [ 112807294003 ],,,, 
  [ 14811068749 ],,,, [ 74883228293 ],,, [ 352022259233 ],,,,,,,,,,, [ 2644862780251 ],,,,,,,
  , [ 6451422337 ], [ 2265704173 ], [ 4558432201 ],,,,,,,,,,,,,,, [ 2635125901 ], 
  [ 10480493869 ],,,,,,,,,,,,, [ 7459494391 ],,,,, [ 43657789477 ],,,,, [ 240624654377 ],,,,,
  ,,,,, [ 1865667007, 1023545149857343 ],,,,,,, [ 2706070907 ],,,, [ 3703307851 ],,, 
  [ 1896817441, 2609986037 ],,,,,,, [ 5514501301 ],,,,,,,,,,,,,, [ 571331649869 ],, 
  [ 61107278983 ],,,,, [ 58144305167593 ],,, [ 21554680789 ],,, [ 20382373964311 ],,,,,,, 
  [ 19654020187 ],,, [ 2016159529 ],,,,,,,,,,,, [ 52721467177 ],,,,,,,,,,, [ 2704973941 ],,,
  , [ 2771859721 ],, [ 15554467963 ],,,,,,,, [ 46265648467 ],, [ 71054693797 ],,,,, 
  [ 45238628353 ],, [ 204096960023221 ],,, [ 30959011067, 73450046899 ],,,, [ 9673916431 ],,,
  ,,,,,,,,,,, [ 1508858623 ], [ 258524403304861 ],,, [ 9597312187 ],,, [ 6848035807 ],,,,, 
  [ 41563250621 ],,,,,, [ 5018712161 ],,,, [ 2967533857 ],,,,,,,, [ 444669890219 ],,,,,,,,,,,
  , [ 8698483399 ],, [ 56088799883 ],,,,,,,,, [ 1902693889 ],,,,,,,,,, [ 816371068127 ],, 
  [ 5162046949 ],,,,,, [ 1519832231 ],,,,,,,,,,,,,,,,,,,,, [ 1228080617 ],,, [ 3029094331 ],,
  , [ 77519437772437 ],, [ 1795480903 ],,,,,,, [ 207641422669 ],,,, [ 38048060591 ],,,,, 
  [ 2567372501 ],,,,,,, [ 206269373501 ],,,,,, [ 2462700641 ],,,, [ 7642370929 ],,,,,, 
  [ 7519458949 ],,,,,, [ 1100390617 ],,,,,, [ 65372025991 ],,,,,,,,,,,,,, [ 5233268353 ],,,,,
  ,,,,,,,,,,,,,,,,,,,,, [ 45599114251 ], [ 26597021533 ],,,, [ 11088124321 ], 
  [ 23409048209 ],,,,,,, [ 29566375609, 32178708409 ],,,,, [ 1832385493 ],, 
  [ 544961304721, 64226199363481, 95543514661351 ],,,,,,,, [ 2303625581 ], [ 1316670877 ],,,,
  , [ 1715051381, 2712519013 ],,,,,,,,,,,,,, [ 14482400353 ],,,,,,,,,,,, 
  [ 3262883501, 245481402151 ],, [ 1196330689 ],,,,, [ 3806665747 ], [ 1719631387 ], 
  [ 14414237587 ],,,,,,,,,, [ 7892428897 ],,,, [ 9617784457, 24616352923 ],,,,, 
  [ 1549791847 ], [ 1272525229 ], [ 588238789601 ],, [ 14706410203 ],,,,,,,,,, 
  [ 80654592589057 ],,,,,,,,,,,,,,,,,,, [ 874515496139 ],,,,,,,,, [ 2723938961 ],,, 
  [ 206907290899 ],, [ 16559474531 ],,, [ 1018628953 ],,,,,,,,, [ 3199742813 ], 
  [ 1497036763 ],,,,,,,,,,,,,,,,,,,,,,,,,,,,,,,, [ 4824728281 ],,,,,,,,,,,,,,,,,, 
  [ 2173868561 ],,,,,,,,,,,,,,,, [ 3973003009 ],,,,,,,,,, [ 72373404637 ],,, [ 4534691851 ],,
  ,,,,, [ 3668011337 ],, [ 27896704369 ],,,,, [ 6757523471 ],,, [ 16743689768191 ],,,,, 
  [ 6267002759 ],,, [ 2112842377 ], [ 2616857575931 ], [ 85501239937 ],,, [ 6108663373 ],,,,,
  ,,,,,,,,,,,,,,,,,, [ 2926115081 ],,,,,, [ 1633388513 ],,,,, [ 6636601469 ],,,,,,,,,,,,,,,,,
  , [ 3759778069 ],,, [ 1145677069 ],,,, [ 6152562103 ], [ 7938222763 ],,,,, [ 1046592817 ],,
  ,,,,,,,, [ 1580977927 ],,,,,,,,,, [ 82951138817, 250212863489 ], [ 24163149341 ],,,,,,,,,,,
  ,,,,,,,,,,,,,,,,,,,,,,,,,, [ 1015082701 ],,,,, [ 3117558571 ],,,,, [ 91745266721 ],,,, 
  [ 3671867400889 ],,,,,,,,,, [ 7054386571 ],,,,,,,,,,, [ 3022456301 ], [ 277273590073 ],,, 
  [ 293754696019 ],,,,,, [ 22179570001 ],,,,,,,, [ 2213033411 ], [ 1581612349, 2436369961 ],,
  , [ 9259539193 ],,,,,, [ 296554794163, 687533882149 ],,, [ 31239178561 ],,, [ 1109194507 ],
  ,,,,,,,, [ 5156190649 ],,,,,,,,,,,,,,,,,,,,,,,,,, [ 23798585581 ], [ 2205261451 ],, 
  [ 18176323751 ],,,,,,,,, [ 2533549943 ],, [ 11245387129, 77725912969 ],,,,,, 
  [ 522252387737 ],,,,, [ 7487599687, 16976427577 ],,,,,,,, [ 5008967773853 ],,,,,,,,,,,,,,,,
  ,,,,,,, [ 2869826646571 ],, [ 2179060753 ],,, [ 6209605081 ],,, [ 3097227673 ],,,,,,,, 
  [ 332803275557 ],,,,,,,,,,,,,,,,,,, [ 11075093551 ],,, [ 3126926557 ],,,,,,,,, 
  [ 2579281993 ],,, [ 115102699681 ],,,,,,,,,,,,,,,,,, [ 2541819337, 5508992287 ],,,,,, 
  [ 1130273477617 ],,,,,,,,, [ 4346969059 ],,,,,,,,,,,,,,, [ 1385859889 ],,,,,,,,,,,,,,, 
  [ 1654081003 ],,,,,,,,,,,,,,,,,,,,,,,, [ 10485722887 ],,, [ 63084244081 ],,,,,,,,,, 
  [ 145850908201 ],,,, [ 27295697089 ],,,, [ 1691715397 ],,,,,,,,,,,,,,,, [ 88846421809 ],,,
  , [ 1883408809, 22369551913 ],, [ 9545378641 ],,,,,,,, [ 1240211200141 ],,,,,,,,,,,,,,,,,,,
  ,,,,, [ 11379678367 ],, [ 2197075033 ],,,,,,,,,,,,,,,,,,,,,, [ 1046404759 ],,,,,,,,,,,,,,,
  , [ 105262653313 ],,,,,,,,,,,, [ 2360197211 ],,,,,,,,,,,, [ 430297791793 ],,,,, 
  [ 1648309969 ],,,, [ 2700552401 ], [ 169307456713 ],,,,,,,,,,,, [ 1049553649 ],,,,,,, 
  [ 16364676511 ],,,,,,,,,,,,, [ 2320938649 ],,,,, [ 59568155443 ],,,,, [ 2346314371 ], 
  [ 3648816637 ],,,,,,,,,,, [ 16932303391 ],,,,,,,, [ 57658327483 ],,,,,,,,,,,,,,,,,,,, 
  [ 36061233553 ],,,,,,,,,,,,,,,,,,,, [ 165020028259 ],,,,,, [ 38373424241 ],,,,,,,,,, 
  [ 2143743211 ],,,,,,,, [ 256868390761 ],,,,,,,,,, [ 512425707229 ],,, [ 59840372131 ],,,,, 
  [ 2697845041 ], [ 7839144739 ],,, [ 197436722233 ],,,,,,,,, [ 157856017993 ],,,,,,,,,,,, 
  [ 1988161531 ],,,,, [ 42906944045701 ],,,,,, [ 2387480057 ],, [ 1816725007 ],,,,,,,,,,,,,,,
  ,,, [ 50733190481 ],,,,,,,,,, [ 7077840881 ],,,,,,, [ 206535506797 ],,,,,,,,,,,,,,, 
  [ 61404758449 ],,, [ 16049352799 ],,,,,,,,, [ 3403212121 ],,,,,,,,,,,,,,,,,,,,,,,,,,,, 
  [ 3949211449 ],, [ 1092621451, 103030998151 ],,,,, [ 338841478571 ],,,,,,,,,,,,,,,,, 
  [ 135773035369 ],,,,,,,, [ 36502624321 ],,,,,,,, [ 10441719047453 ],,,,,,,,,,,, 
  [ 3608051201 ], [ 3460625299 ],,,,,,,,,,,,,,,,,,,,,,,,, [ 14112775249 ],,,,,,,,,,,,,, 
  [ 1887919441, 43166378641 ],,,,,,,,,,,, [ 25138058713 ],, [ 1459758389 ], [ 6437005021 ],,
  , [ 3912501577 ],,, [ 74074076053 ],,,,,,,,,,,,,,,,,,,,, [ 1033817131 ],,,,,,,,,,,,,, 
  [ 3311645081 ],, [ 1487337253, 2144003473 ],,,,,, [ 3106782433 ],,,, [ 1099762129 ],,,,,,,
  , [ 16637786873 ],,,, [ 2045532481 ],, [ 2909107559 ],,,, [ 8740749989 ],,,,,,,,,, 
  [ 20937431521 ],, [ 6358339667 ],,,,,, [ 44707794433 ],,,,,, [ 2367219251 ], 
  [ 315867938541583 ],,,,,,,,, [ 7576081321 ],, [ 486846114743 ],,,, [ 78381353509 ],, 
  [ 666386937569 ], [ 1943350657 ],,,,,,,,,,,,,,, [ 791617646497 ],,,,,,,,,,,, 
  [ 26180614417 ],,,,,,,,,,,,,,,, [ 22493623861 ],,,,,,,, [ 2175071641 ],,,, 
  [ 1486194923761 ],, [ 19405794403 ],,,, [ 306798480311 ],,,,,,,,,,,,,,,,,, 
  [ 80269387383137 ],,,, [ 379851608453 ],,,,,, [ 12024880669 ],,,,,,,,,,,,,,,,,, 
  [ 17757912002137 ],,,,,, [ 5993294803, 38353552249 ],,,,,,,,,, [ 14111065741 ],, 
  [ 5602022879, 87434144423 ],,,, [ 47752889577499 ],,,,,,,, [ 130267639781 ],,,,,,,,,,,,,, 
  [ 1396387801 ],, [ 1154666287 ],,,,,,,,,,,,,,,,,,,,,,,,,,,,,, [ 21034567513 ],,,,,,,, 
  [ 5552708401, 221553584641 ],,,,,,,,,, [ 5666561011 ],,,,,, [ 10886827009 ],,,,,,,,, 
  [ 168749058781 ],,,,,,,,,,,,,,,,,,,,,,,,,,,,,,,,,,,,, [ 18938429767 ],,,,,,,, 
  [ 2254035181 ],,,,,,,,,,,,,,, [ 49444216711 ],,,,,,, [ 1870754280137 ],,,,,,,,,,,,,,,,,,,,,
  ,,,,, [ 7017873859 ],,,,,,,,,,,,,,,,,,,,,,,,,,, [ 1094854051 ],,,,,,,,,,,,,,,,,,,,,,,,, 
  [ 37579230721 ],,,, [ 55700578867 ],,,,,,,,,,,,,,,, [ 18733667401, 666984820951 ],,,, 
  [ 5226556481 ],,,,,,,,,,,,,,,,,,,,,,,, [ 2627888201 ],,,,,,,, [ 95887614673 ],,,,,,,,,,,,,,
  ,,,,,,,,,,,,, [ 6772734109 ],,,,,,,,, [ 1551464467183 ],,,,,, [ 175946998141 ],, 
  [ 19049461181 ],,,,,, [ 1252836817 ],,,,,,,,,,,,,,,,,,, [ 116190147991 ],,,,,,,,,,,,,,,,,,,
  ,,,,,,,,,, [ 2277197849 ],, [ 1311459031 ],,,,,,,,,,,,,,,,,,,,,, [ 5188485529 ],,,,,,, 
  [ 941602790311 ],,,,,,,,,,,,,,,,,,,,,,,,,,,,,,,,,,,,,,,,,,,,,,,,,,,,,,,,, [ 23615670493 ],,
  ,, [ 3308220049, 16925889184769 ],, [ 2343308467 ],,,, [ 9016821223 ],, [ 6936015601 ],, 
  [ 2920993849 ],, [ 11912840505721 ],,,,,,,, [ 124991943253 ],, [ 305135286011 ],,,,,,,,,,,,
  ,,,, [ 7627688533 ],,,,,,,,,,,,,,,,,, [ 1085958100657 ],, [ 60019139507, 1811735957525077 ]
   ,, [ 1584999313, 15345055741 ],,,,,,,,,,,,,,,,,,,,,,,,,,,, [ 73188632113 ],,,,,,,,,,,,,, 
  [ 9578238101 ],,,,,,,,,,,,,,,,,,,,,,,,,,,,,, [ 1039016822141 ],,,, [ 2394376241 ],,,,,,,,,,
  ,, [ 2137542109 ],,,,,, [ 1199726981 ],,,,,,,,,,,,,,,,,, [ 40442388913 ],, [ 19100647201 ],
  ,,,,,,,,,,,,,,,,,,,,,,,,,,,,,,,,,,,,,,,,,,,,,,,,,,,,, [ 68197133293 ],,,,,,,,,,,,,,,,,,,,,,
  ,,,,,,,,,,,,,, [ 1174253081 ],,,,,,,,,,,,,,,,,,,,,,,,,,,,,,,,,,,,,,,, [ 1327037441 ],,,,,, 
  [ 94785899147 ],,,,,,,,,,,,,,,, [ 3407950141 ],,,,,,,,,,,,,,,,,,,,,, [ 559615590661 ],,,,,,
  ,,,,,,,, [ 11560482697 ],,,,,,,,,,,,,,,,,,,,,, [ 10531778801 ],,,,,,,,,,,,,,,,,,,,,,,,,, 
  [ 9975655681 ],,,,,,,,,,,,,,,,,, [ 25637681857 ],,,,,,,,,,,,,,,, [ 15998561101 ],,,,,,,,,,,
  ,,,,,,,,,,,,,,,,,,,,, [ 1806376141 ],,,,,,,,,,,, [ 1274231281 ],,,,,,,,,,,,,,,,,,,,,,,,,,,,
  ,,,,,,,,,,,,,,,,,,,,,,,,,,,,,,,,,,,,,,,,,,,,,,,,,,,,,,,,,,,,,,,,,,,,,,,,,,,,,,,,,,,,,,,,,,,
  ,,,,,,,,,,,,,,,,, [ 3317596001 ],,,,,,,,,,,,,,,,,,,, [ 12852808321 ],,,,,,,,,,,,,,,,,,,,,,,
  ,,,,, [ 14898130765057 ],,,,,,,,,,,,,,,,,,,, [ 11998968733 ],,,,,, [ 6287202149971 ],,,,,,,
  ,,,,,,,,,,,,,,,,, [ 10620766111 ],, [ 2667390301, 143256004901 ],,,,,,,,,,,,,,,,,,,,,,,,,,,
  ,,,,,,,,,,,,,,,,,,, [ 2553276787, 14727164149 ],,,,,,,,,,,,,,,,,,,,,,,,,,,,,,,,,, 
  [ 8297442121 ],,,,,,,,,,,,,, [ 1847578627 ],,,,,,,,,,,,,,,,,,,,,,,, [ 55316286121 ],,,,,, 
  [ 1940480257 ],,,,,,,,,,,,,,,,,,,,,,,,,,,,,,,,,,,,,,,,,,,,,, [ 31629094141 ],,,,,,,,,,,,,,,
  ,,,,,,,,,,,,,,,,,,,,,,,,,,, [ 2930021249 ],,,,,,,,,,,,,,,,,, [ 3733520851 ],,,,,,,, 
  [ 11950579452529 ],,,,,,,,,,,, [ 3009308251 ],,,,,,,,,,,,,,,,,,,,,,,,,,,,,,,,,,,, 
  [ 1422327169 ],,,,,,,,,,,,,,,,,,,,,,,,,,,,,,,,,,,,,,,,,, [ 4894826329, 10399844341 ],,,,,,,
  ,,,,,,,,,,,,,,,,,,,,,,,,,,,,, [ 663373188721 ],,,,,,,,,,,,,,,,,,,,,,,,,,,,,,,,,,,,,,,,,,,,,
  ,,,,,,,,, [ 80753918761 ],,,, [ 107694518527 ],, [ 2330217397 ],,,,,,,,,,,,,,,,,,,,,,,,,, 
  [ 1982002751 ],,,,,,,,,,,,,,,, [ 1858439623, 19448023159 ],,,,,, [ 636569943013 ],,,,,,,,,,
  ,,,,,,,,,,,,,,,,,,,,,,,,,, [ 24288408577 ],,,,,,,,,,,,,,,,,,,,,,,,,,,,,,,,,,,,,,,,,,,,,,,,,
  ,,,,,,,,,,,,,,,,,,,,,,,,,,,,,,,,,,,,,,,,,,,,,,,,,,,,,,,,,,,,,,,,,,,,,,,,,,,,,,,,,,, 
  [ 239499861781 ],,,,,,,,,,,,,,,,,,,, [ 6866123881 ],,,,,,,,,,,,,,,,,,,,,,,,,,,,,,,,,,,,,,,
  , [ 6390432001 ],,,,,,,,,,,,,,,,,,,,,,,,,,,,,,,,,,,,,,,, [ 2339273641 ],, [ 23169216943 ],,
  ,,,,,,,,,,,,,,,,,,,,,, [ 5606026147 ],,,,,,,,,,,,,,,,,,,,,,,,,,,,,,,,,,,,,,,,,, 
  [ 1088672929 ],,,,,,,,,,,, [ 839755941841 ],,,,,, [ 288990760291 ],,,,,,,,,,,,,,,,,,,,,,,,,
  ,,,,, [ 6593640817, 180973759569373 ],,,,,,,,,,,,,,,,,,,,,,,,,,,,,,,,,,,,,,,,,,,,,,,,,,,,,,
  ,,,,,, [ 9790680241 ],,,,,,,,,,,,,,,,,,,,,,,,,,,,,,,,,,,,,,,,,,,,,,,,,,,,,,,,,,,,,,,,,,,,,,
  ,, [ 4933686049 ],,,,,,,,,,,,,,,,,,,,,,,,,,,,,,,,,,,, [ 4416513949 ],,,,,,,,,,,,,,,,,,,,,,,
  ,,,,,,,,,,,,,,,,,,,,,,,,,,,,,,,,,,,,,,,,,,,,,,,,,,,,,,,,,,,,,,,,,,,,,,,,,,,,,,, 
  [ 16304848249 ],,,,,,,,,,,,,,,,,,,,,,,,,,,,,,,,,,,,,,,,,, [ 3547444861 ],,,,,,,,,,,, 
  [ 4715842561 ],,,,,,,,,,,,,,,,,,,,,,,,,,,,,,,,,,,,,,,,,,,,,,,,,,,,,,,,,,,,,,,,,,,,,,,,,,,,,
  ,,,,,,,,,,,,,,,,,,,,,,,,,,,,,,,,,,,,,,,,,,,,,,,,, [ 5273823301 ],,,,,,,,,,,,,,,,,,,,,,,,,,,
  ,,,,,,,,,,,,,,,,,,,,,,,,,,, [ 152707354801 ],,,,,,,,,,,,,,,,,,,,,,,,,,,,,,,,,,,,,,,,,, 
  [ 63878440081 ],,,,,,,,,,,,,,,,,,,,,,,,,,,,,,,,,,,,,,,,,,,,,,,,,,,,,,,,,,,,,,,,,,,,,,,,,,,,
  ,,,,,,,,,,,,,,,,,,,,,,,,,,,,,,,,,,,,,, [ 106222501009 ],,,,,,,,,,,,,,,,,,,,,,,,,,,,,,,,,,,,
  ,,,,,,,,,,,,,,,,,,,,,,,,,,,,,,,,,,,,,,,,,,,,,,,, [ 2233693855501 ],,,,,,,,,,,,,,,,,,,,,,,,,
  ,,,,, [ 6988806511 ],,,,,,,,,,,,,,,,,,,,,,,,,,,,,,,,,,,,,,,,,,,,,,,,,,,,,,,,,,,,,,,,,,,,,,,
  ,,,,,,,,,,,,,,,,,,,,,,,,,,,,,,,,,,,,, [ 3435248503 ],,,,,,,,,,,, [ 5597607601 ],,,,,,,,,,,,
  ,,,,,,,,,,,, [ 11479229257 ],,,,,,,,,,,,,,,,,,,,,,,,,,,,,,,,,,,,,,,,,,,,,,,, 
  [ 7848272629 ],,,,,,,,,,,,,,,,,,,,,,,,,,,,,,,,,,,,,,,,,,,,,,,, [ 7548694861, 10567950721 ],
  ,,,,,,,,,,,,,,,,,,,,,,,,,,,,,,,,,,,,,,,,,,,,,,,,,,,,,,,,,,,,,,,,,,,,,,,,,,,,,,,,,,,,,,,,,,,
  ,,,,,,,,,,,,,,,,,,,,,,,,,,,,,,,,,,,,,,,,,,,,,,,,,,,,,,,,,,,,,,,,,,,,,,,,,,,,,,,,,,,,,,,, 
  [ 11753037451 ],,,,,,,,,,,,,,,,,,,,,,,,,,,,,,,,,,,,,,,,,,,,,,,,,,,,,,,,,,,,,,,,,,,,,,,,,,,,
  ,,,,,,,,,,,,,,,,,,,,,,,,,,,,,,,,,,,,,,,,,,,, [ 4841524711 ],,,,,,,,,,,,,,,,,,,,,,,,,,,,,,,,
  ,,,,,,,,,,,,,,,,,,,,,,,,,,,,,,,,,,,,,,,,,,,,,,,,,,,,,,,,,, [ 10260562561 ],,,,,,,,,,,,,,,,,
  ,,,,,,,,,,,,,,,,,,,,,,,,,,,,,,,,,,,,,,,,,,,,,,,,,,,,,,,,,,,,,,,,,,,,,,,,, [ 16801534051 ],,
  ,,,,,,,,,,,,,,,,,,,,,,,,,,,, [ 1425457441 ],,,,,,,,,,,,,,,,,,,,,,,,,,,,,, [ 2343241951 ],,,
  ,,,,,,,,,,,,,,,,,,,,,,,,,,,,,,,,,,,,,,,,,,,,,,,,,,,,,,,,, [ 39869256601 ],,,,,,,,,,,,,,,,,,
  ,,,,,,,,,,,,,,,,,,,,,,,,,,,,,,,,,,,,,,,,,, [ 6127114501 ],,,,,,,,,,,,,,,,,,,,,,,,,,,,,, 
  [ 2054982961 ],,,,,,,,,,,,,,,,,,,,,,,,,,,,,,,,,,,,,,,,,,,,,,,,,,,,,,,,,,,,,,,,,,,,,,,,,,,,,
  ,,,,,,,,,,,,,,,,,,,,,,,,,,,,,,,,,,,,,,,,,,,,,,,,,,,,,,,,,,,,,,,,,,,,,,,,,,,,,,,,,,,,,,,,,,,
  ,,,,,,,,,,,,,,,,,,,,,,,,,,,,,,,,,,,,,,,,,,,,,,,,,,,,,,,,,,,,,,,,,,,,,,,,,,,,,,,,,,,,,,,,,,,
  ,,,,,,,,,,,,,,,,,,,,,,,,,,,,,,,,,,,,,,,,,,,,,,,,,,,,,,,,,,,,,,,,,,,,,,,,,,,,,,,,,,,,,,,,,,,
  ,,,,,,,,,, [ 3418339861 ],,,,,,,,,,,,,,,,,,,,,,,,,,,,,,,,,,,,,,,,,,,,,,,,,,,,,,,,,,,,,,,,,,
  ,,,,,,,,,,,,,,,,,,,,,,,,,,,,,,,,,,,,,,,,,,,,,,,,,,,,,, [ 4008317461 ] ]);
