BRENTFACTORS[5408]:=MakeImmutable([ ,,,,,,,,,,,,,,,,,, [ 3040811483649520023002887 ],, 
  [ 2237167292653063 ], [ 3931129854961 ],,, [ 2881766480401 ],, 
  [ 4438429059313, 18221992107607 ], [ 35052792209 ], [ 223362951290665231 ],, 
  [ 6089094134352955337497571063804676829193 ], [ 11147847353703761080321 ],, 
  [ 7295274937553 ], [ 2111100881, 3880041271, 2418548483471 ],, [ 4440742148830279 ], 
  [ 219662041454620970602849337 ],,, [ 171739922111609 ],, 
  [ 81126561031, 3605589372132851393 ], [ 6150676970232961, 130381063458178193 ],, 
  [ 2164346005908338257, 418149893478363692590457 ], [ 322779826820848307111 ],, 
  [ 18545305374121, 4887726972801195937, 10933377592441544375125762927 ], 
  [ 468190891475873732401 ],, [ 386969301008139154813 ], 
  [ 3827603609, 10106386438791754262044394801 ], [ 96956924736262277080531 ], 
  [ 3553875467231, 57551079607158949241 ], [ 15021509358519767517201588641 ], 
  [ 18699669889, 4751081746039, 12435973592882532022765431153967 ], [ 1889511562481 ],, 
  [ 3060620223721 ],, [ 1541809283110775801093331052998607707953 ], 
  [ 123414011978671, 1394941634564077543349071, 76177718949316153504204821001807 ], 
  [ 26150674494027852135116020729217 ], [ 1300622441 ],, [ 26324996153617619663 ], 
  [ 521218568956384261 ], [ 43066813723205360515615048183 ],,, [ 1424096897134897 ],, 
  [ 430725997291, 51147121238945201, 6270163600024355094884417 ], 
  [ 17259644157001, 28139497811430017593951, 21312543794496987472121551, 
      45278352385528089064444201 ], [ 76403655761 ], [ 3012340965814158287 ], 
  [ 44934584021007143218691443 ], [ 9022676451554209001 ], [ 696645859097921 ],, 
  [ 2400851759040601 ],, [ 22801325737, 20032720163531886301 ], [ 1070045111 ], 
  [ 950657712787, 1005125337121, 9790506420623582399177, 
      1159345270749129789016856063445486889807721 ], 
  [ 12539634511, 62894451305377, 46458385430368299181326919231 ], 
  [ 47068545184321, 5536586123814216116449 ],,,, 
  [ 5429864582980153, 4829731316350805146945937, 52234498739604514669660278492170721469 ], 
  [ 51308652579624483258487 ], [ 45957623064011801, 1141983263337726811, 7008815793081805819 
     ], [ 4182506159833116601 ], [ 4966914499009, 155022835213767424920545297859398977 ], 
  [ 80477903814560071 ], 
  [ 186293467697, 590298919560354481, 1399234591302167089, 7103297061417185729801513, 
      6489525263465639703412450342799083 ], [ 179040310435801, 3065704743013653511 ], 
  [ 1993190891212901, 1403933094222208775090501 ],, [ 2696185569313 ], 
  [ 206903100240913, 858672088119457 ],,, [ 1157991424759654686209647399667 ],, 
  [ 1083006493957, 1512248337037, 8692726178989, 86015690148061 ], 
  [ 26947815215726183, 4411047249476866473647 ], 
  [ 417535408809157619971, 2409337218600036814985678313751641146771 ],,, [ 2711628457 ],, 
  [ 3468946711, 2841512978205764201 ], 
  [ 11065081884229, 93867396362911289, 1531877122547873029, 381570435790000874152228748933 ],
  [ 4943481375464445483073 ], [ 14613549403, 32276994419, 7678530065539 ], [ 32830934753 ], 
  [ 29616589441, 83832138001, 270835320370910401 ], [ 43360836421937 ], 
  [ 172889238584601370831833256402027 ], [ 2601696247 ], 
  [ 85573836169, 746074821197, 32210901974497, 21234080307017126220093601372291839421, 
      1175163080928037441743827148118352243293 ],, 
  [ 2105435179, 2689702042897297, 23925274781376496123, 2699098027627216163761, 
      5853363243655042882243 ], [ 1819222423, 667597967354863 ], [ 76809691393 ], 
  [ 12616660543159, 72927903013607329 ], [ 408093561331, 1543345534872117211 ], 
  [ 2484449358943, 3223576212001 ], [ 1521315973, 93971853757, 68277637467908641729573 ], 
  [ 15439697737724917175840623 ], [ 10182572633 ],, 
  [ 30770139809, 78050024531473, 41803062117723377 ], [ 42287418819599, 59058356485796671 ],,
  , [ 785493733157430937955768720861001521 ],, [ 2568276611, 32114322259 ], 
  [ 704371309460622233 ],,,, [ 14072612527 ], [ 367539832643169337, 9211642221603440753489 ],
  [ 41346565550274884903 ], [ 3178074723047611854623251 ], 
  [ 82630486969, 542655877629169, 172047263612945663 ],, [ 843716558431 ], 
  [ 3254119177, 1386002024947 ],, [ 148449477541 ], [ 549980287807, 16185176408887 ],,, 
  [ 2043393266872642561 ], [ 4326204919, 11367565679 ],,, 
  [ 67127353047884149, 17188613021900955225181, 213165424378941220738637 ],,, 
  [ 264214735770431 ], [ 610567249489, 555239979249542806129, 1185564981588393603439201, 
      433285543510469339355451297 ],, [ 172684966437916299233891 ], 
  [ 18211681937503, 54453741332329 ], 
  [ 121187043449, 2063778228873077, 16874006466003277, 2518217873135000619271961 ],,,, 
  [ 80309338834561, 46429456203656671553, 745912198509255444011489 ], [ 257814789150539329 ],
  [ 2284847346185376281 ], [ 1181765161, 89076236833, 118992146327 ], 
  [ 131439654034349681682576995391541 ],,,,, [ 6660051768551 ], 
  [ 2423370193, 11148920353, 2042559325539255673 ], [ 7600904607649 ], 
  [ 4405153429277, 378223245056216411857 ], [ 41106923929 ],, [ 117702494642569 ],,,, 
  [ 700959483121, 2307530350711, 6610552146978760076530201 ], [ 534654561854492017 ],, 
  [ 202115649187 ], [ 10250028817103 ],,, [ 3701251859, 282244919353 ], 
  [ 91565830935964381991 ], 
  [ 66053004553, 25663654493206909, 23249418269055809009461, 
      2513996568948517233813383967016544745229393 ], 
  [ 10118022084707071, 81617211186673441, 62646351496189417391 ],,, [ 100338455707046338081 ]
   ,, [ 37015846717967515783080361 ],,,, [ 1145835317603 ], [ 144494041335671 ], 
  [ 2243591117277121, 37239855055463516291569 ], [ 113307801223, 5845044861503 ], 
  [ 452913591259 ], [ 21036867558913933233961 ], 
  [ 33697450601, 6049123315177175738045201, 17259398971141650088175407138022451901 ],,, 
  [ 10947760254577 ],,,, [ 132661321382071, 1047799519915657, 1049292932942717777 ], 
  [ 879916505761, 5753724999309712503199201, 3005350890884960951897157553, 
      290643599600256058726959103166584001372653 ], [ 543736331278673801 ], [ 766323713131 ],
  [ 2038203712777, 87210043197171049 ], [ 28067321489 ],, [ 13280585472789222183571 ],, 
  [ 3475678673 ],, [ 6855134994976889657 ],, [ 626907498443041, 4187615220832318602721 ],,, 
  [ 1389407977873 ], [ 40746192139829840249 ],, [ 582972985585033, 19315061944275966027337 ],
  [ 124989293660126897 ],, [ 469471701481 ], [ 30219604001, 2908032596727580573001 ], 
  [ 169796430165457 ], 
  [ 12454729935971520315889, 28769534977339497922813, 54356832321192570213180613 ], 
  [ 63643284559727401, 99019696797535485511 ], 
  [ 117183609931, 109081869499215073, 1101674238249031961, 30236804388188987873 ], 
  [ 102510847111 ], [ 16841541815809 ], 
  [ 4060866767, 11409041428517857, 704661197955501702409001 ], 
  [ 54236671011673, 2278795975613347 ], [ 8798622886943, 1347354111513932999 ], 
  [ 473109085472141, 17192816496625188003994244681 ],,,,,, 
  [ 47860464163, 162301611928144739 ], [ 253048522159 ],,, [ 7675280619931 ],,,,, 
  [ 50210402551 ], [ 11046893929, 3330883836097 ], [ 2313365027357481641 ], 
  [ 13538930102374359208147 ], [ 110130056137 ], [ 255847340561 ],, 
  [ 35974402027433720705137 ],, [ 566385190501506613, 9265003413500677079869 ],,,, 
  [ 61911456440010577921 ], [ 10149721634497, 124531603181914657 ],,, 
  [ 11991468818221, 2247349956929412761 ], [ 1434202875481 ],,, [ 135259726513735695557969 ],
  [ 1065493155959005159 ],, [ 2196235898039, 1064076889525703 ], 
  [ 1246257601, 137918032363602242701, 59977184779146377548886401, 
      87098094378841359018288301, 3123657635351514934943491634900523886142081359801, 
      8964354063984631854328237337393709466824258756901 ],, 
  [ 96134880841, 368855590541564828192081 ],, [ 6377561361305499809 ],, 
  [ 165984735020257, 2381212608763897, 7720371555770250177368131 ], [ 2334222311 ], 
  [ 947306804137, 10455340359061753, 716431506446888233, 1081972146804550155617 ], 
  [ 15192103039, 21882946463440159 ],, [ 7548367025369767 ], [ 47465098905964897 ],,,, 
  [ 33273925827714439837, 20517233606352917809002653 ], [ 7988144767908799807 ],,, 
  [ 10794324481 ],, [ 289800188371 ], [ 3408994327, 69205427671 ], 
  [ 39421458605017, 23854751774386562379315061, 1564600531406517343399033657 ], 
  [ 170092587601 ],,, [ 7118020618682497 ],, [ 818131674842051131 ],,,, 
  [ 2697169907, 137330938154143267 ],, [ 565515424479448801, 11405389421448975457 ],,, 
  [ 772361016799 ],,, [ 34722147036836449 ], [ 195671803391, 49447707184289, 166041579642233 
     ], [ 15443020001 ], [ 105440751182437324681 ], [ 252848825771133307 ], [ 47355417569 ], 
  [ 34241885351624833 ],, [ 15881753461577851, 1090857900350289813146651 ],, [ 6435625153 ], 
  [ 52020179217577 ], [ 992672242416939781787300443 ], [ 1229288853985321 ], 
  [ 302376925066814197, 10243924478057452957 ], [ 99238224707004601 ], [ 18382896954320641 ],
  , [ 7085124060561869236561 ],,,,,,,, [ 42799932353, 39803934339137 ], 
  [ 1608562513, 67356733713751 ],,, 
  [ 759742918085108130973, 1055429358119016705073, 863125985699360731069046953 ], 
  [ 1063219343, 765157885007 ], [ 409551092935798315459, 10152284084265719905147 ],,,,,, 
  [ 7758136621 ], [ 87022500073 ], [ 287298575203, 16478441094083 ], [ 87174795457 ], 
  [ 282846771457 ], [ 22615349681, 9113357502481, 5517292880277641 ], [ 4387515079523 ],, 
  [ 1709675199829, 832110064287001 ],, [ 9631112401, 66375227552568554491 ],, 
  [ 75123928993 ],, [ 202978713601 ], [ 1707831481 ],, [ 529982800999087 ], 
  [ 50028896161995169, 14205256790011110227 ], [ 2276535887473 ], [ 2372792801 ],, 
  [ 1187377261963 ],, [ 1836619957, 6428092746641, 4217143762051777 ],,,, 
  [ 66241462234052433169 ], [ 4983901091161 ], [ 116399994251 ], [ 6842309452393 ],, 
  [ 130082925082657 ], [ 8240885281 ], [ 232890825481 ], [ 11338745352585451841 ], 
  [ 3903270146689, 957598610180767 ], [ 157494576116308867168129 ],, 
  [ 2800067632741, 268354244084724269292829607227441 ],, [ 108371494435917659 ],, 
  [ 2191764984961 ],, [ 95533360383744859 ], [ 1806352293481 ], [ 2591095355509 ], 
  [ 540306642996121 ],,, [ 9388141057, 37609748168978593 ], [ 717344663325967 ],,, 
  [ 13185713869, 290181436309, 4210833878025517, 15935070985971101, 32401175538800941, 
      183278422015496543381, 40667612562168800251036649 ], [ 3394948121, 136835114153119 ],,,
  ,, [ 12725211152699936593 ], [ 15207014279, 20652014993 ],,,,,,, 
  [ 17147336851, 414272381401 ], [ 55520759999 ], [ 1360223546309 ], [ 114900560767 ], 
  [ 116615593956560707 ], [ 42791542551031 ],, [ 10558698919 ],, [ 2117389033 ], 
  [ 26447335963361, 386619645594121 ],, 
  [ 1669802301553, 514777360849753, 2468833088164526084233 ], [ 1308456521 ],,,,, 
  [ 65429002549 ], [ 8160704119 ], [ 321868788447611 ],,, [ 934518226549799 ],,, 
  [ 3712802857, 222845769097057 ],, [ 4169293890569 ],, [ 19556871325441, 15927903020282881 ]
   ,,,,,,,,,, [ 14972532121 ],, 
  [ 1036971673, 21405429733, 748653793343413, 1684327665286595341 ],,, [ 261249707071 ],,,,, 
  [ 3821579501, 180074689001 ],, [ 90796982467 ],, [ 218468498977 ], [ 480971194031 ], 
  [ 6445207891 ], [ 1060838531102767 ], [ 28949314721, 4918412552365789, 12708310482305089 ],
  ,, [ 5799871463 ], [ 33856089089 ],, [ 26376320583134723 ],, [ 238536385573 ],, 
  [ 38766933521, 49126390657, 46090234865964577 ], [ 12905193458887, 418771929403903 ],,,,, 
  [ 371739965892675012776189 ], [ 15480061801, 43415926596280351 ],,,,, [ 531098087921 ], 
  [ 9686048527, 5532680899963369 ], [ 1083719912409587006821 ],, [ 451680584107777 ],, 
  [ 5576703849137, 72621946902689 ],,,, [ 1368217441 ],, [ 586665383153 ],, [ 3682670556737 ]
   ,,,, [ 18651097124364504029 ],,,, [ 3513075891841 ],, 
  [ 8371602561841, 895873912260204587 ], [ 4555334551 ], [ 1381531009 ],, [ 141518553283 ],,,
  , [ 3853638497 ], [ 1156829881 ], 
  [ 414762842041, 814503439737615406309, 1568021449619037867073 ],, [ 336918551006216297 ],, 
  [ 2437632209, 477268324152011057 ], [ 3328995953 ], [ 2005551480364771 ],, 
  [ 2781180218643741840641 ],,,,, [ 18797298281 ],,, 
  [ 543711344224974139241, 17759697854130123402957401 ],,,, 
  [ 281974530774929, 830234283839973073681 ], [ 1489376071 ],,, [ 41377422997 ], 
  [ 366914825287 ], [ 4820618611801, 57807036193076281 ],, [ 10234209473, 14124776342630113 ]
   ,,,, [ 142651973948942153, 13268074555104931633, 74712757133736642581, 
      84288147499614357130837 ],, [ 218420542913 ],, [ 41625677690148518401 ], 
  [ 1927598119 ], [ 1626059758262658811 ],, [ 1354676928589, 9865717538137 ],,,, 
  [ 658273908813487873 ],, [ 94370497028696081 ],,,, [ 1106068082411, 3367439017646843 ], 
  [ 220457697001, 1820590846801 ],,, [ 67779716707 ], [ 8080575799 ], [ 20229091267201 ],,,, 
  [ 269256787489, 616579049686081 ],, [ 370487861771 ],, [ 8294375968261 ],, 
  [ 16077178269048331 ],, [ 12162273452449 ], [ 17807399017 ],,, 
  [ 16423265856889, 680413982748280623673 ],, [ 4794087468061387 ],, [ 9928268402330881 ],,, 
  [ 7309768033 ], [ 1982103315277 ],,,,,, [ 2049730801, 103442940858401 ],, [ 75849949909 ],
  , [ 4067381254369 ],,,,,, [ 15360280321, 63240213306601, 38612295994656455941 ], 
  [ 523136751623 ], [ 196864077482777 ],,,,,, [ 41908840381, 46444748089, 4758417090700393 ],
  ,,,,, [ 2677845811 ],, [ 682970091337 ],, [ 276002484859 ],, [ 7027780961, 443631292801 ],,
  ,,,, [ 40323809219 ],, [ 6851163005633, 10129636696577 ],, [ 58053781257669721 ], 
  [ 232903900783 ],,,,, [ 72334931567089 ],, [ 627655800113, 2553605590937 ], 
  [ 2677818673 ], [ 523593231701 ],,,,,, 
  [ 2872361707, 95045970827, 181637007033169, 198493804463947 ],,,,,,,, 
  [ 3231545080069352803 ],, [ 21974451186977572681 ],, [ 12092851817 ],, 
  [ 6574811041, 478920580754401 ],,,, [ 17791404220141 ], [ 5463739201 ],, [ 4830736332481 ],
  ,, [ 184086572270561 ], [ 24867498647 ], 
  [ 3541347193, 4681504202900699653, 20281399881777159967057 ],, [ 18221569819 ], 
  [ 406914586681, 467631378481, 560522295203641 ],, [ 1017152863, 6598424383 ],,, 
  [ 40980364541, 63017152361, 13890074691079660234061 ],, [ 4471813627 ], [ 320678938199 ],,,
  ,, [ 13265723153, 1916713553805975893 ],,, [ 6486380993 ],, [ 73372410361 ], 
  [ 72006877099 ],, [ 1524051101161, 52176176333400965442292081 ],,,, [ 82744536401 ],,,,,,,,
  ,, [ 16371706121 ],,,, [ 4341144273769 ],,,, [ 1972526419 ],, [ 7016735659124101 ],,,, 
  [ 26126811839969 ],,, [ 826220938297 ], [ 25203274699174193 ], [ 27485938537 ], 
  [ 136132798185603841 ],,,,,, [ 11305157394930173, 32260344544433917 ],,,,,,,, 
  [ 111150188287081717, 137819661847772857 ],,,,, [ 3441194761 ],,, 
  [ 1572554117, 70825364261, 201783989401 ],,,,,, [ 28945986857 ], 
  [ 8492310919, 35234502031 ], [ 27559613701 ],, [ 110203240867 ],,,, 
  [ 1357676377, 243978399491, 3927520291390361 ],, 
  [ 111942543721617766153, 468806105277413319349 ],, [ 108196265683811, 549710616727121 ], 
  [ 19046854063 ],,, [ 6482337732307 ],, [ 762661696083654137 ],,,,,,,,,,,,,,,, 
  [ 41440916197 ],,,, [ 6923954593, 8268816205697 ],, [ 1306947440371 ], [ 36448313183 ],,,,,
  ,, [ 575840579113 ],, [ 15140340888457, 49099615157881 ],,,, [ 2510815873 ],,,, 
  [ 1891340087653, 478020570486373, 505073414754313 ],,,,,, [ 710186900977 ],, 
  [ 34928972189437, 481322431489693, 24192061885102347309581 ],, 
  [ 8649805361, 17450865097, 562953752939 ],, [ 5733528289, 12085255603489 ],,,, 
  [ 3116829077, 40503729949, 43400166587977 ],,,,,,, [ 2809671671 ], 
  [ 447712747003801, 309430038485151901, 169349744978027687701 ],,,, [ 118160060929 ], 
  [ 3776811161 ],, [ 13895624569 ], [ 1889092830497, 8314480263721, 429386593489157 ],,,,,, 
  [ 1854276587 ],, [ 15504554921, 61040966761, 18864485423317, 32295578052481 ],, 
  [ 31634631269947 ],, [ 122334778111681 ],, [ 38594222969 ],, 
  [ 3427268461, 214814180197, 9102472768621 ],,,, [ 2562849318529 ], [ 42638231249 ],,, 
  [ 32248158097, 50096667468229 ],,,, [ 13303386721 ],,,, 
  [ 11109638161, 9106758109174082641 ],,,,,,,, 
  [ 67017912001, 257089797961, 60013711326201961 ],,,,,,, [ 16857998071 ], [ 7857562849 ],, 
  [ 238656667811 ],,,,,, [ 1467823734757 ],, [ 12398160811, 1703838326107 ], [ 8989450543 ], 
  [ 10075034173073 ],,, [ 4349924641 ], [ 3123549217, 7004525683176422641 ],,,, 
  [ 31586020142657 ],, [ 6622264897 ],, [ 2008843514776981 ], [ 51056176393 ], 
  [ 182505422753 ],,,, [ 12196777603, 9855078255779 ],, [ 87418186134241, 14570749489052069 ]
   ,,,, [ 9886110006401 ],, [ 104183744281, 17667538455659 ],, [ 2001990265453 ],,, 
  [ 23692813471 ], [ 1499113926001, 27482968506001, 272951759331046001 ],,,, [ 11378787817 ],
  ,,,, [ 5203138553 ],, [ 108298069273 ], [ 29524696213 ],, [ 6164851264651 ],,,,,, 
  [ 536980309169409207841 ],,,,,, [ 6951507049 ],, [ 1121460507949 ],,,,,,,, [ 25869432821 ],
  ,,,,,,, [ 16464050318161, 12455661545001469 ],,,, [ 55343989518593 ],, [ 9665780251 ],,,,,,
  ,,,, [ 6262750301, 7405903061, 111934098361 ], [ 37051961897 ], [ 1809447026059 ],,,, 
  [ 8822979257 ],, [ 248878546597, 12524715811310413, 1154831757919138993 ],,,,,,, 
  [ 1199641951 ],, [ 38540987809 ],,, [ 15208192437121 ],, [ 90062957689 ],,,,,,, 
  [ 3554051689 ], [ 119601383640331 ],, [ 1147059441529, 5495043236593 ],,,, [ 5404557937 ],,
  ,,, [ 32446258609 ],,,,,,,,, [ 181720944931 ],, [ 8888567393 ],, [ 2993109683 ], 
  [ 486725557701671 ], [ 1726066506817, 4211097405553, 13013037682597, 13371154055209 ],, 
  [ 5494080072001 ],, [ 68505431681 ], [ 7211928839 ],,,,,,,,,, [ 4282013503 ], 
  [ 4918244444989, 1878075043222393 ],,,,,,, [ 8761153831 ], [ 358678469154001 ],, 
  [ 85205194427 ],,,,,, [ 1635115239829, 18013393128557, 163261529084333 ], [ 357581887111 ],
  ,,,,,,,,,, [ 17877214721 ], [ 4374812863 ],,,,,,,,,, [ 12919223783 ], [ 30130107677 ],,,,,,
  ,, [ 1098810101, 285785092081, 1154517946325621, 9050259044187281 ],, [ 1048517923 ], 
  [ 154574754881 ],,,, [ 2421404033 ], [ 37419600241, 32002412844601, 1884443751243439423489 
     ],,,, [ 1086739249 ],,,,,,, [ 3017760703 ], [ 73463990401 ],,,,,,, [ 289325858959 ],,,, 
  [ 23454793116553 ], [ 2967569881 ],,,,,, [ 371361706843 ],, 
  [ 3830662380341, 188971925854241 ], [ 20352907609 ], [ 1436728619 ], [ 8162460991 ],, 
  [ 39440805601 ],,, [ 62355450238321 ],,,,,,,, 
  [ 6869255401, 2003449092181, 4130459927689, 32426813038681, 989930213862361 ],,,,,,,,,, 
  [ 14251134946819 ],, [ 7283929537 ],,,, 
  [ 5472925193, 174037813177, 43852160579729, 311380030694609 ], [ 35110821719 ], 
  [ 1032403153 ],,,,,,,,,,,,,,,, [ 70099894091 ],,,,,,,,,,,,, [ 4043998039 ],,,,,,,,, 
  [ 363061129273 ],,,,,,,,,,,, [ 4166193937 ],,,, [ 125851073437 ],,,,,,,, 
  [ 215441146101936329 ],,,, [ 69141262081 ], [ 1228107281 ],,, 
  [ 1481176013, 3888235817, 1322498560169, 2387634956461, 12084388079597, 749444894546641, 
      16276684704850181, 179058016606509413 ],,,,,,,, 
  [ 1149185257741, 765557135022853, 655871874569139662893 ],,,, [ 6795513233 ],,, 
  [ 2383958279 ],,,,,,,, [ 1079520823, 208492585159 ], [ 9769147417 ],,,,,,,, 
  [ 80717540233873 ],,,,,,,, [ 8671602721, 373676322212620531061 ],,,,,,,, 
  [ 856095209201, 1129367916377 ],,,,,,,, [ 1607774521, 2533288353241 ],,, [ 1918745820841 ],
  ,,,,,,,,,,,,, [ 3957586447 ],, [ 2315501689 ],,,,,, [ 43080815311 ],,, [ 7166201857 ], 
  [ 3930825383 ],,,,, [ 8799235747 ],,,,,,,,,,,,,,, [ 44843731943 ],,,,,,,,, [ 2071742419 ],,
  ,,,,,,,,,,,, [ 89005427809 ],,,, [ 46969834913 ],,, [ 336336628633 ],,,,,,,,,,,,,, 
  [ 12271091641, 832273667527 ], [ 3261367979, 214888665707 ],,,,,,,,,, [ 22322024280109 ],,
  , [ 3036480767 ],, [ 7314441503 ],, [ 83647414033 ],,,,, [ 76345855697, 1237350064369 ],, 
  [ 27680223761 ],,, [ 19855996513, 3045917852063 ],,,, [ 9016945631 ],,, [ 589581622969 ], 
  [ 320067673327 ],,, [ 4018587553 ], [ 6302283487 ],,, 
  [ 1606477913, 2294917769, 14467879297, 42642286013 ],,,,,,,, [ 51005451457 ],,, 
  [ 261975882529 ],,,,,,,,,,,,, [ 10069111361, 30416958602801 ],,,,,,,,,,,,,, 
  [ 2162527753, 31364781379, 59181748123 ],,,,,,,,,, [ 11419537792129 ],,,,,,,,,,,,,,,, 
  [ 152884324981 ],, [ 973784305313 ],,,,,,,,,,,,,, [ 6049470421, 231408995623093 ],,,,,,,,,,
  ,,,,, [ 3405357577 ],,, [ 89798347115371 ],,, [ 3259445113 ],,,,, [ 2799740689 ],,, 
  [ 34461787751, 57382815751 ],,, [ 803057349161 ],,,,, [ 9511689377 ],,, 
  [ 1417548193, 146874669749 ],,,,,,,, [ 8163683137, 13020685501, 54172029719389 ],,,, 
  [ 66064555969 ],,,, [ 1212929789 ],,,,,,,,,,,,,,,, [ 1330550257, 1767197342440069 ], 
  [ 2415493631 ],, [ 1106552911 ],,, [ 239925094147 ], [ 31104629401 ],,,,, [ 25929019201 ],,
  ,, [ 68079000641 ],,,,,,,, [ 25162888065769, 31361370999157, 231732351529057 ],,,,,,,, 
  [ 255650911301, 4797659386001 ],,,, [ 1193416849 ],, [ 1516415633 ],,, [ 3791953127 ], 
  [ 414254887122124891 ], [ 4545031961 ],, [ 331787941417 ],,,,,,,, [ 6951817727 ],,,,,,,,,,,
  , [ 32332549807 ],,,,,,, [ 1316285314621 ],,,,,,,,,,,,,,,,,,,,, [ 5865482449 ], 
  [ 2605285822507 ],,,,,,,,,,,,,,,,,, [ 6941992408301 ],,,, [ 1261337953, 7051751174449 ],,,,
  ,,,,,,, [ 5875455031 ],,,,,,,,,,,,,,,,, [ 51974105173 ],,,,, [ 39753023729 ],,,,,,,, 
  [ 9980671179001, 123450663536351 ],,, [ 11148862321 ],,,,,,,, 
  [ 8393587957, 198740542165597 ], [ 4117080727 ],,,,,,,,,,,,,,,,,,,,,,, [ 47243360161 ],,,, 
  [ 269349535358161 ],,,,,,,,,, [ 3344994427 ],,,,,,,,,, [ 423047258269, 280348665333872461 ]
   ,,,,,,,,,,, [ 14575570631, 57288745561 ],,,,,,,,,,,,,,, [ 1102916131 ],,,,,,, 
  [ 26839667791 ], [ 25688303369 ],,,,,,,,,, [ 1615764257 ],,,, [ 231081784277737 ],,, 
  [ 3155520601 ],,,,,,,, [ 4906016711 ],,,, [ 1767028899241 ],,,,,,,,, [ 577581476710549 ],,,
  , [ 88929163121 ],,,,,, [ 3706254449099 ], [ 31756868809 ],,,,,,,,,,,,, [ 3713448421 ],,,,
  , [ 658217643151 ],,,, [ 23569984153 ],,,,,, [ 16109948864311 ],,,,,,,,,,,, [ 5322291049 ],
  , [ 303588636737 ],,, [ 1303339397 ],,,, [ 9197778241 ],,,,,,,,,,,,,,,,,,,,,,,,,,, 
  [ 1760416327 ],,,,, [ 2043658241 ],, [ 1794055451 ], [ 3165217662209 ],,,,,,, 
  [ 7954688617 ],,,, [ 64169481241 ],,,,,,,,,, [ 10914081809 ], [ 3359267479 ], 
  [ 7171844299 ],,,,, [ 15785751367 ],,,,,,,,, [ 1230186961 ],,,,,,, [ 2106380041 ],,,,, 
  [ 1730450401 ],,,,,, [ 8230879801 ],,,, [ 2089971881 ],,,,, [ 2932798591 ],,,,,,,,, 
  [ 102025031617, 741373274953, 2360933990533 ],,,,,,,, [ 65727131653, 406297736573 ],,,,,, 
  [ 2158148513 ], [ 1277996887 ], [ 111610647121 ],,,,, [ 17133929671 ],,,,,,,,,,,, 
  [ 219064885489 ],,,,,,, [ 187811049761 ], [ 8165825761 ],,, [ 35085377057 ], 
  [ 4522048327 ],,, [ 1114227313, 14670411277 ],,,,,,,,,,,, [ 1162351009 ],,,,,,,,,,,,,,,,,,,
  ,,,,,,,,,,, [ 1345164409 ],,,,,, [ 1722693517621 ],,, [ 2004616927 ],,,,,,,,,,, 
  [ 21554141353 ],,,,,,,, [ 2749723321 ],,,,,,,,,,, [ 6014556440281 ],,,,,, [ 10166783113 ], 
  [ 3484379861, 55101907501 ],,,,,,,, [ 9845654203424593 ],,, [ 4244662789063 ], 
  [ 25671068993 ],,,,,,,,,,,,,,,,, [ 831083143129 ], [ 14718929201 ],, 
  [ 3503846869, 6363907609 ],,,,,,,,,,,,,,,, [ 6739544641 ],,,,,,,, [ 3704673601 ],, 
  [ 19027386449 ],,,,,, [ 824301777097 ],, [ 3431098883 ],,,,,, [ 29252761690352729 ],,,,,, 
  [ 2055515827 ],,,,, [ 4763506441 ], [ 411629300881 ], [ 38773393121 ],,,, [ 23835453337 ],,
  ,,,,, [ 5463988081 ],, [ 2764630027 ],,,, [ 82869997627 ],,,,, [ 5212720504729 ],,,,,,,,,,
  , [ 1424081947 ],,,,,, [ 411769290913 ], [ 18356939551 ],, [ 6648620903 ], [ 46298899813 ],
  , [ 3781810254931 ],, [ 10281241777 ],,,, [ 2424359057 ],,,,,, [ 282314470171 ],, 
  [ 1769509877 ],,,,,,,,,,,,,, [ 9963045928603 ],,,,,,,,,,,,,,,,,, [ 104510662957 ],,,,,,,, 
  [ 2049892781 ],,,, [ 5222078497, 360775556929 ],,,,,,,, [ 24903962801 ],,,,,,,,,,,,,,,,,,,
  , [ 128805347897 ],,,,,,,,,,,,,,,,,,,,,,, [ 1964918719 ],,,,,,,,,,,,,,,,,, [ 22008446641 ],
  ,,,,, [ 335963310751 ],,,,,,,,,,, [ 4837203281 ],,,, [ 6508419283 ],,,,,,,,,,,,,, 
  [ 422267741633 ],,, [ 14962407041 ],,,,,,, [ 979387391977 ],,,,,,,,,, [ 17112058693 ],,,, 
  [ 1906626401 ],,,,,,,,,,,,,,,,,, [ 35840862209 ], [ 4722489991 ],,,,,,,,,,,,,,, 
  [ 8352730801, 13791615841 ],,,,,,,,,,,,,,, [ 36341103751 ],,,,,,,,, [ 2476918777 ],,,,,,,,,
  , [ 1561536455917 ],, [ 102235732579 ],,,,,,,, [ 5278349513 ],,,,,,,,,,,,,,,,,,,,,, 
  [ 1092348553 ],,,,,,,, [ 1119080381 ], [ 6933744001 ],,,,,, [ 4262247991 ],,,,, 
  [ 1283258257 ],,,,,,, [ 3777345193 ],,,,,,,,,,,,,,,,,,, [ 611294913857 ],, [ 1859729281 ],,
  ,, [ 3677676817 ],,,,,,,,,,,,,,,, [ 349449969569 ],, [ 4979807843 ],, [ 157085798137 ],,,,,
  ,,,,,,,,,,,,,,,,, [ 144025781512441 ],,,, [ 1071370582259 ],,,,,,,,,,,,,,,,,,,,,,,,,,,,,,,,
  ,,,,,,,,,,,,,, [ 8964263941 ],,,,,,,, [ 14717591458109 ],,,,,,,,,,,,,,,,,, [ 98767720609 ],
  [ 1585019722183 ],,, [ 6347990251, 167763768001 ],,,,,,,,,,,,,, [ 36582267233 ],,,,,,, 
  [ 896978496943 ],,,,,,,,,,, [ 65191338587 ],,,,,,,,,,,, [ 8047936177 ], 
  [ 1931011321, 124455679441 ],,,,,,,,,,,,, [ 10068990713 ],,,,,,,, [ 72194905369 ],,,,,,,, 
  [ 12217588969 ],,,,,, [ 227941401001 ],,,,,,,,,, [ 20971572778801 ],,,,,,,,,,,,,, 
  [ 2310394792273 ],,,,,,, [ 2584212751 ],,, [ 8778994537 ],,,,,,,, 
  [ 23905543537, 27118483577, 40694995657 ],,,,,,,,,,,,, [ 14569134271, 411300188881 ], 
  [ 7228257977 ],,,,,,,,,,,, [ 78179502563, 16914177604171 ],,,,,, 
  [ 3015469273, 18109103321 ],,,,,,,,,,, [ 24355194121 ], [ 3767364017 ],,,, [ 21520269341 ],
  ,,, [ 10012282561 ],,,, [ 1070022529 ],,,,,,,,,,,,,,,,,,,, [ 1942526977 ],,,,,,,,,,,,,,,, 
  [ 1088694353, 2054099473 ],,,,,,,,,,,,,,,, [ 361060484401 ],,,,,,,,,,,,,, [ 110561116667 ],
  , [ 12007309681, 24676110721 ],,,,,,,,,,,, [ 193157693401 ],,,,,,,,,,,,,,,,,,,,,,,,,,,,,,,,
  ,, [ 19932379843 ],,,,,,,,,,,,,,,,,,,,,,,,,, [ 781488448551361 ],,,,,,,,,,,,,,,,,,,,,,,,,,,
  ,,,,,,,,, [ 4906531909 ],,,,,,,, [ 4340436629 ],, [ 27745086409 ],,,,,,,,,,, 
  [ 3318621751 ],,,,,,, [ 128267433793 ],,,,,,,,,,,,,,,,,,,,,, [ 462281576291 ],, 
  [ 1165576369 ],,,,,,,,,,,,,, [ 16292840401 ],, [ 1128054721 ],,,,,,,, [ 3129001921 ],,,, 
  [ 14781691217 ],,,,,, [ 4771148131, 18556208651 ],,,, [ 2739435337 ],, [ 5312611457 ],,,, 
  [ 2476221001, 83283274801 ],,,,,,,,,,,,,,,,,,,, [ 2411634721 ],,,, [ 10414334653 ],,,,,,,,,
  ,,,,, [ 3049169537 ],,,, [ 1571501977 ],,,,,,,,,,,,,, [ 1541347037 ],,,,,, 
  [ 5564620354963 ],, [ 70375209673 ],,,,,,,,,,,,,,,,,, [ 114145407316009 ],,,,,,,,,,,,,,,,,,
  ,,,,, [ 1765254151, 7626403231 ],,,,,,, [ 23173734197 ],, [ 5837376691, 496536284113 ],,,,,
  ,,,,,,,,,,,,, [ 3190984369 ],,,,,,,,,,,,,,,,,,,,,,,,,,,,,,,, [ 174332146049 ],, 
  [ 1318648295681 ],,,,,,,, [ 6012232939 ],,,,,, [ 4460009761 ],,,,,,,,,,,, 
  [ 24477886369, 1356187020337 ],,,, [ 24346948081 ],,,,,,,, [ 1621132609 ],,,,,,,,,,,,,, 
  [ 64142089793 ],,,,,,,,,,,,,,,,,,,,,, [ 12839594161 ],,,,,,,, [ 124176242669 ],,,,,,,, 
  [ 45039164331449 ],,,,,,,,,,,,,,,,,,,,,,,,,,,, [ 1107054593 ],,,,,,,,,, [ 1015520641 ],,,,,
  ,,,,, [ 7951252921 ],,,,,,,, [ 2278767457 ],, [ 1122895099 ],,,, [ 28023743611 ],,,,,,,,,,,
  ,,, [ 870284353153 ],,,,,,,,,,,,,,,,,,,, [ 86971751857 ],,,,,,,, [ 38686082881 ],,,,,,,,,,,
  ,,,,,,,,,,,,,,,,,,, [ 118901482561 ],, [ 14389551541 ],,,,,,,,,,,,,, [ 2722964971 ],,,,,,,,
  ,, [ 98046700877 ],,,,,,,,,,,,,, [ 538598143051 ],,,,,,,,,,,,,,,,,,,,,,,,,,,,,, 
  [ 92113848641 ],,,, [ 33707624989 ],,,,,,,,,,,,,,,,,,,,,,,, [ 45934049389 ],,,,,,,,,,,,,,,,
  ,,,, [ 4808993729, 170626145089 ],,,,,,,, [ 1765403713 ],,,, [ 43319365361 ],,,,,,,, 
  [ 6860105209, 13409089717 ],,,,,,,,,,,,,,,,,, [ 14555017777 ],,,,,,,,,,,,,,,,,,,,,,,,,,,,,,
  ,,,,,,,,,,,,,,,,,,,,,,,,,,,,,,,, [ 2759180873 ],,,,,, [ 23568561971 ],, [ 1653413521 ],,,,,
  ,,,,,,,,, [ 3377945041 ],, [ 10158538261, 248405460473 ],,,,,,,,,,,,,,,, [ 15687516181 ],,,
  , [ 18716751041 ],,,, [ 436960189669 ],,,,,,,,,,,,,,,,,,,,,,,,,,,,,,,,,, 
  [ 2338283641, 29600066371 ],,,,,,,,,,,,,,,,,,,,,, [ 25289393257 ],,,,,,,,,,,,,,,,,,,,,,,,,,
  ,,,,,,,,,,,,,, [ 579218310353 ],,,,,,,, [ 8219116781, 52181587034641 ],,,,,,,, 
  [ 11266879249 ],,,,,,,, [ 3134581548697 ],,,,,,,,,,,,,,,,,,,,,,,,,,,,,,,, 
  [ 7782766213, 77867645908417 ],,,,,,,,,,,,,,,,,,,,,,,,,,,,,,,,,,,,,,,,,,,,,,,, 
  [ 6555902981 ],,,,,,,, [ 29274937179013 ],,,,,,,,,,,,,,,,,,,,,,,,,,,,,,,,,,,,,,,, 
  [ 319217640337 ],,,,,, [ 8315697251, 115465165051 ],,,,,,,,,,,,,,,,,, [ 57225163997 ],, 
  [ 14568217291 ],,,,,,,,,,,,,,,,,,,,,,,,,,,,,,,,,,,,,,,,,,,,,,,,,,,,,,,,,,,,,, 
  [ 1005791573 ],,,, [ 84186014113 ],,,,,,,,,,,, [ 1215739141 ],,,,,,,,,,,,,,,,,, 
  [ 3924728857393 ],,,,,,,,,,,,,,,,,,,,,, [ 3224350709 ],,,,,,,, [ 1931367339793 ],,,,,,,,,,,
  ,,,,,,,,,,,,,,,,,,, [ 2156578657 ],,,,,,,,,,,,,, [ 4182191201 ],,,,,,,,,,,,,,,,,,,, 
  [ 354092511761 ],, [ 5267875537 ],,,,,,,,,,,,,,,,,,,,,,,, [ 1199922049 ],,,,,,,,,,,,,,,,,,,
  , [ 224405995969 ],, [ 5839653661 ],, [ 24629230651 ],,,,,,,,,,,,,,,,,,,,,, 
  [ 1347087913, 3786962633 ],,,,,,,,,,,,,, [ 26367543913 ],, [ 2084774189, 5389404161 ],,,,,,
  ,,,,,, [ 81561772801 ],, [ 593499368113 ],,,,,,,,,,,,,, [ 8410288321 ],,,,,,,,,,,,,,,,,,,, 
  [ 10839684641713 ],,,,,,,, [ 2546684617 ],,,,,,,,,,,,,,,,,,,, [ 1916148673, 424605110929 ],
  ,,,,,,,,,,,,,,,,,,,,,,, [ 3703845889 ],,,, [ 2058164957 ],,,,,,,,,,,,,,,,,,,,,,,,,,,,,,,,,,
  ,,,, [ 2619349651 ],,,,,,,,,,,,,,,,,, [ 7588523668993 ],,,,,,,, [ 3973608689 ],,,,,,,, 
  [ 262003577609 ],,,,,,,,,,,,,, [ 209051885881 ],,,,,,,,,, [ 13413073169 ],,,,,,,, 
  [ 2936374957 ],,,,,,,,,,,,,,,,,,,,,,,,,,,,,,,,,,,,,,,,,,,,,,,,,,,,,, [ 5703093091 ],,,,,,,,
  ,,,,,,,,,,,,,,,, [ 1388692363 ],, [ 7017099541 ],,,,,,,,,,,,,,,,,,,,,,,,,,,,,,,,,,,,,,,, 
  [ 1808523757 ],,,,,,,,,,,, [ 47133661921 ],,,,,,,,,,,,,,,,,,,, [ 8124497281 ],,,, 
  [ 2698152577, 268489362289 ],,,,,,,,,,,,,,,,,,,, [ 1024898461 ],,,, [ 6677262721 ],,,,,,,,,
  ,,, [ 278119525561 ],,,,,,,,,,,,,,,,,,,,,,,,,,,,,,,,,,,,,,,, [ 203374571293 ],,,,,,,, 
  [ 8070771661 ],,,,,,,,,,,,,, [ 9404571961 ],, [ 5938701316153 ],,,,,,,,,,,,,,,,,,,,,,,, 
  [ 8537029909, 9210425761 ],,,,,,,,,,,,,, [ 8338889491 ],, [ 4038799913 ],,,,,,,,,,,,,,,,,,,
  ,,,,,,,,, [ 236321406721 ],,,,,,,,,,,,,,,,,,,,,,,,,,,,,,,,,,,, [ 5294648701 ],,,,,,,,,,,, 
  [ 1549611457 ],,,, [ 10445810273 ],,,,,,,,,,,,,,,,,,,,,,,,,,,,,,,, [ 1125368749 ],,,,,,,,,,
  ,,,,,,,,,,,,,,,,,,,,,, [ 1907374549 ],,,,,,,,,,,,,,,, [ 16296785809 ],,,,,,,, 
  [ 3396386141 ],,,, [ 1076457601 ],,,, [ 6115910117, 325109988821 ],,,,,,,,,,,,,, 
  [ 3335527603 ],,,,,,,,,,,,,,,,,,,,,,,,,, [ 60135509153 ],,,,,,,, [ 40143207721 ],,,,,,,, 
  [ 8627350141 ],,,,,,,, [ 1731500369 ],,,,,,,,,,,,,,,,,,,,,,,, [ 3041809213, 70922144609 ],,
  ,,,,,, [ 25328817013 ],, [ 54494642641 ],,,,,,,,,,,,,,,,,,,,,, [ 2570855489 ],, 
  [ 20913748291 ],,,,,, [ 1178096674921 ],,,,,, [ 4123059841 ],,,,,,,,,,,,,,,,,, 
  [ 1066451401 ],,,,,,,,,,,,,,,, [ 42305260453, 68520652357 ],, [ 2464503187 ],,,,,,,,,,,,,, 
  [ 383368568353 ],,,,,,,, [ 187424173661 ],, [ 475767502939 ],,,,,, [ 2092521397 ],,,,,,,,,,
  ,,,,,,,,,,,,,,,,,,,,,,,,,,,,,,,,,,,,,,,,,,,,,,,,,,,,,,,,,,,,,,,,,,,,,,,,,, 
  [ 55137108673, 15827941779841 ],,,,,,,,,,,, [ 777951399793 ],,,,,,,,,,,,,,,,,, 
  [ 1579310587 ],,,,,,,,,,,,,,,,,,,,,,,,,,,,,,,,,,,, [ 57569420611 ],, [ 26433871781 ],,,,,,,
  , [ 48926236369 ],,,,,,,,,,,,,, [ 1858731409 ],,,,,,,,,, [ 5056595573 ],,,,,,,,,,,,,,,,,,,,
  ,,,,,,,,,,,,,,,,,,,,,,,,,,,, [ 295759963361 ],,,,,,,, [ 11709566149 ],,,,,,,,,,,,,,,, 
  [ 2395528073 ],,,,,,,,,,,,,,,, [ 137887635181, 573037423261 ],,,,,,,,,,,,,,,,,,,,,,,, 
  [ 15420867715177 ],,,,,,,, [ 1059708101, 1662229069 ],,,,,,,, [ 8244400201 ],,,,,,,,,,,,,,,
  ,,,,,,,,, [ 1176711301 ],,,,,,,,,,,,,,,,,,,,,,,,,,,,,,,,,,,,,,,,,,,,,,,, [ 190773206053 ],,
  ,,,,,, [ 2760452861 ],,,,,,,,,,,,,,,,,,,,,,,, [ 25906705381 ],,,,,,,,,,,,,,,,,,,,,,,,,,,,,,
  ,,,,,,,,,,,,,,,,,,,,,,,,,,,,,,,,,,,,,,,,,,,,,,,,,,,,,,,,,,,,,,,,,,,,,,,,,,,,,,,,,,,,,,,,,, 
  [ 4499686757, 7595604701 ],,,, [ 7277295793 ],,,,,,,,,,,, [ 25831295821 ],,,,,,,,,,,,,,,, 
  [ 1304495033 ],,,,,,,,,,,,,,,,,,,,,,,,,,,,,,,, [ 2398014361 ],,,,,,,, [ 127060822277 ],,,,,
  ,,,,, [ 84376660369 ],,,,,,,,,,,,,, [ 73732291781 ],,,,,,,,,, [ 24690896281 ],,,,,,,,,,,,,
  , [ 42530836237 ],,,,,,,,,,,,,,,, [ 3121802941 ],,,,,,,, [ 2825333617 ],,,,,,,,,,,,,,,,,,,,
  ,,,,,,,,,,,, [ 2656990035701 ],,,,,,,,,,,,,,,,,,,,,,,, [ 2711125421 ],,,,,,,,,,,,,,,,,,,,,,
  ,,,,,,,,,, [ 6479959501 ],,,,,,,,,,,,,,,,,,,,,,,,,,,,,,,,,,,,,,,,,,,,,,,, 
  [ 43443813997, 1291203275077 ],,,,,,,,,,,,,,,, [ 1210536401, 1575432701 ],,,,,,,,,,,,,,,,,,
  ,,,,,,,,,,,,,, [ 4249078021 ],,,,,,,,,,,,,,,,,,,,,,,, [ 3405897337 ],,,,,,,,,,,,,,,, 
  [ 1061271641, 187230232333 ],,,,,,,,,,,,,,,, [ 9838530829 ],,,,,,,,,,,,,,,, [ 8022828769 ],
  ,,,,, [ 2373522121 ],,,,,,,,,,,,,,,,,,,,,,,,,, [ 3979599653 ],,,,,,,,,,,,,,,, 
  [ 196133409721 ],,,,,,,, [ 2539686601 ],,,,,,,, [ 137464713481 ],,,,,,,, [ 2516891309557 ],
  ,,,,,,, [ 59244057209 ],,,,,,,,,,,,,,,,,,,,,,,,,,,,,,,,,,,,,,,,,,,,,,,, 
  [ 4486385297, 1492219888260337 ],,,,,,,,,,,,,,,,,,,,,,,, [ 2147027137 ],,,,,,,, 
  [ 1081799994221, 3482707522589 ],,,,,,,, [ 3219603529 ],,,,,,,,,,,,,,,,,, [ 9198623491 ],,,
  ,,,,,,,,,,, [ 36246424117 ],,,,,,,,,,,,,,,,,,,,,,,, [ 2110040617, 76285588177 ],,,,,,,,,,,,
  ,,,,,,,,,,,,,,,,,,,,,,,,,,,,,,,,,,,,,,,,,,,, [ 3128281781, 6991007609 ],,,,,,,,,,,,,,,,,,,,
  ,,,,,, [ 16383174211 ],,,,,,,,,,,,,,,,,,,,,,,,,,,,,, [ 23404252321 ],,,,,,,, 
  [ 214560743569 ],,,,,,,,,,,,,,,,,,,,,, [ 30501134971 ],,,,,,,,,,,,,,,,,, [ 31242080689 ],,,
  ,,,,,,,,,,,,,,,,,,,,,,,,,,,,,,,,,,,,,,,,,,,,, [ 1968880813 ],,,,,,,, [ 288194167369 ],,,,,,
  ,,,,,,,,,,,,,,,,,,,,,,,,,, [ 3983699669 ],,,,,,,,,,,,,,,,,,,,,,,,,,,,,,,,,,,,,,,,,,,,,,,, 
  [ 300552227333 ],,,,,,,, [ 8249712073, 44180901169 ],,,,,,,,,,,,,,,,,,,,,,,, 
  [ 24610029121 ],,,,,,,,,,,,,,,,,,,,,,,, [ 1129550701, 47686445101 ],,,,,,,,,,,,,,,,,,,,,,,
  , [ 8802792781 ],,,,,,,,,,,,,,,, [ 5252934581 ],,,,,,,,,,,,,,,, [ 5999111773 ],,,,,,,, 
  [ 3294173957 ],,,,,,,,,,,,,,,,,,,,,,,,,,,,,,,, [ 308125394677 ],,,,,,,,,,,,,,,,,,,,,,,, 
  [ 1340918281 ],,,,,,,,,,,,,,,,,,,,,,,, [ 361836635773 ],,,,,,,, [ 2465160589 ],,,,,,,, 
  [ 7333112661781 ],,,,,,,, [ 9187100894533 ],,,,,,,,,,,,,,,,,,,,,,,, [ 27289242973 ],,,,,,,,
  ,,,,,,,,,,,,,,,, [ 375274165069 ],,,,,,,, [ 18495791861, 827772246757 ],,,,,,,,,,,,,,,,,,,,
  ,,,, [ 1758901213 ],,,,,,,, [ 4156748657, 9408336689 ],,,,,,,, [ 172444582389601 ],,,,,,,,,
  ,,,,,,,,,,,,,,, [ 5982644281 ],,,,,,,, [ 3159482957, 6128977121 ],,,,,,,, [ 3136290217 ],,,
  ,,,,, [ 2136237673, 5567974117 ],,,,,,,,,,,,,,,,,,,,,,,,,,,,,,,, [ 1379960269 ],,,,,,,,,,,,
  ,,,,,,,,,,,,,,,,,,,,,,,,,,,, [ 15847033981 ],,,,,,,,,,,,,,,,,,,,,,,,,,,,,,,,,,,,,,,,,,,,,,,
  ,,,,,,,,,,,,,,,,,,,,,,,,,,,,,,,,, [ 9584297549 ],,,,,,,,,,,,,,,,,,,,,,,,,,,,,,,,,,,,,,,,,,,
  ,,,,,,,,,,,,, [ 4004128801 ],,,,,,,, [ 2810264953 ],,,,,,,,,,,,,,,,,,,,,,,,,,,,,,,, 
  [ 14978635601 ],,,,,,,,,,,,,,,,,,,,,,,,,,,,,,,,,,,,,,,, [ 89792647501 ],,,,,,,,,,,,,,,,,,,,
  ,,,,,,,,,,,,,,,,,,,,,,,,,,,,,,,,,,,,,,,,,,,, [ 1290320069 ],,,,,,,, [ 8730031393 ],,,,,,,,,
  ,,,,,,,,,,,,,,,,,,,,,,,,,,,,,,,,,,,,,,,,,,,,,,,,,,,,,,,,,,,,,,,,,,,,,,,,,,,,,,, 
  [ 8944689241 ],,,,,,,,,,,,,,,,,,,,,,,, [ 1790126113, 10378379233, 36193791521 ],,,,,,,,,,,,
  ,,,,,,,,,,,,,,,,,,,,,,,,,,,,,,,,,,,,,,,,,,,,,,,,,,,, [ 14676075649, 150060373997 ],,,,,,,, 
  [ 270600169841 ],,,,,,,,,,,,,, [ 2237915401 ],,,,,,,,,,,,,,,,,,,,,,,,,,,,,,,,,,,,,,,,,,,,,,
  ,,,,,,,,,,,,,,,,,,,,,,,,,,,,,,,,,,,,,,,,,,,,,,,,,,,,,,,,,,,,,,,,,,,,,,,,,,,,,,,,,,,, 
  [ 1082386901 ],,,,,,,,,,,,,,,,,,,,,,,,,,,,,,,,,,,,,,,,,,,,,,,,,,,,,,,, [ 311438940697 ],,,,
  ,,,,,,,,,,,,,,,,,,,,,,,,,,,,,,,,,,,,,,,,,,,,,,,,,,,,,,,,,,,,,,,,,,,,,,,,,,,,,,,,,,,,,,,,,,,
  ,,,,,,,,,,,,,,,,,,,,,,,,, [ 1515501781 ],,,,,,,,,,,,,,,,,,,,,,,,,,,,,,,,,,,,,,,,,,,,,,,,,,,
  ,,,,,,,,,,,,, [ 77412544842161 ],,,,,,,,,,,,,,,,,,,,,,,,,,,,,,,,,,,,,,,,,,,,,,,,,,,,,,,,,,,
  ,,,,,,,,,,,,,,,,,,,,, [ 34619516401 ],,,,,,,, [ 6688327273 ],,,,,,,,,,,,,,,, 
  [ 12211210657 ],,,,,,,,,,,,,,,,,,,,,,,, [ 20148504169 ],,,,,,,,,,,,,,,,,,,,,,,,,,,,,,,, 
  [ 38088110701 ],,,,,,,,,,,,,,,,,,,,,,,,,,,,,,,,,,,,,,,,,,,,,,,,,,,,,,,,,,,,,,,,,,,,,,,, 
  [ 147513099553 ],,,,,,,,,,,,,,,,,,,,,,,,,,,,,,,,,,,,,,,,,,,,,,,, [ 1389923081 ],,,,,,,,,,,,
  ,,,, [ 15184395073, 43690195849, 200773476217 ],,,,,,,,,,,,,,,,,,,,,,,,,,,,,,,,,,,,,,,,,,,,
  ,,,,,,,,,,,,,,,,,,,, [ 1634017509001 ],,,,,,,,,,,,,,,,,,,,,,,,,,,,,,,,,,,,,,,,,,,,,,,,,,,,,
  ,,,,,,,,,,,,,,,,,,,,,,,,,,,,,,,,,,,,,,,,,,,,,,,,,,,,,,,,,,,,,,,,,,,,,,,,,,, [ 6238484029 ],
  ,,,,,,,,,,,,,,,,,,,,,,,,,,,,,,,,,,,,,,,,,,,,,,, [ 4622243113 ],,,,,,,,,,,,,,,,,,,,,,,,,,,,,
  ,,,,,,,,,,,,,,,,,,, [ 159595395061513 ],,,,,,,,,,,,,,,,,,,,,,,, [ 1676895373 ],,,,,,,,,,,,,
  ,,,,,,,,,,, [ 929621524633 ],,,,,,,,,,,,,,,,,,,,,,,,,,,,,,,,,,,,,,,,,,,,,,,,,,,,,,,,,,,,,,,
  ,,,,,,,,,,,,,,,,,,,,,,,,, [ 23830733141 ],,,,,,,,,,,,,,,,,,,,,,,,,,,,,,,,,,,,,,,,,,,,,,,,,,
  ,,,,,,,,,,,,,,,,,,,,,,,,,,,,,, [ 1975400281 ],,,,,,,,,,,,,,,,,,,,,,,,,,,,,,,,,,,,,,,,,,,,,,
  ,,,,,,,,,,,,,,,,,,,,,,,,,,,,,,,,,, [ 1517272241, 3264462954061 ],,,,,,,,,,,,,,,,,,,,,,,,,,,
  ,,,,,,,,,,,,, [ 1787746381 ],,,,,,,,,,,,,,,,,,,,,,,,,,,,,,,,,,,,,,,,,,,,,,,,,,,,,,,,,,,,,,,
  ,,,,,,,,,,,,,,,,,,,,,,,,,,,,,,,,, [ 82682961226573 ],,,,,,,,,,,,,,,,,,,,,,,,,,,,,,,,,,,,,,,
  ,,,,,,,,,,,,,,,,,,,,,,,,, [ 1303237781 ],,,,,,,,,,,,,,,,,,,,,,,,,,,,,,,, [ 1515607129 ],,,,
  ,,,,,,,,,,,,,,,,,,,,,,,,,,,,,,,,,,,,,,,,,,,, [ 10300075501 ],,,,,,,,,,,,,,,,,,,,,,,,,,,,,,,
  ,,,,,,,,,,,,,,,,, [ 49969691298337 ],,,,,,,,,,,,,,,,,,,,,,,,,,,,,,,,,,,,,,,,,,,,,,,, 
  [ 16386670981 ],,,,,,,,,,,,,,,,,,,,,,,, [ 1111267981 ],,,,,,,,,,,,,,,,,,,,,,,, 
  [ 1468230349, 2034785353 ],,,,,,,,,,,,,,,,,,,,,,,,,,,,,,,,,,,,,,,,,,,,,,,,,,,,,,,, 
  [ 111024875501 ],,,,,,,,,,,,,,,,,,,,,,,,,,,,,,,,,,,,,,,,,,,,,,,, 
  [ 20694402037, 103993903861 ],,,,,,,,,,,,,,,,,,,,,,,,,,,,,,,,,,,,,,,,,,,,,,,,,,,,,,,,,,,,,,
  ,,,,,,,,,, [ 34428642397258721 ],,,,,,,,,,,,,,,, [ 33227096101 ],,,,,,,,,,,,,,,,,,,,,,,,,,,
  ,,,,,,,,,,,,,,,,,,,,, [ 6717306601 ],,,,,,,,,,,,,,,,,,,,,,,,,,,,,,,,,,,,,,,,,,,,,,,, 
  [ 5637261001, 476874277141 ],,,,,,,,,,,,,,,,,,,,,,,,,,,,,,,,,,,,,,,,,,,,,,,,,,,,,,,,,,,,,,,
  ,,,,,,,,,,,,,,,,,,,,,,,,,,,,,,,,,,,,,,,,,,,,,,,,,,,,,,,,,,,,,,,,,,,,,,,,,,,,,,,,, 
  [ 177058014361 ],,,,,,,,,,,,,,,,,,,,,,,,,,,,,,,,,,,,,,,,,,,,,,,,,,,,,,,,,,,,,,,, 
  [ 160610013061 ],,,,,,,,,,,,,,,,,,,,,,,,,,,,,,,, [ 1543525993 ],,,,,,,,,,,,,,,,,,,,,,,,,,,,
  ,,,,,,,,,,,,,,,,,,,, [ 1036599061, 2126965441 ],,,,,,,,,,,,,,,,,,,,,,,,,,,,,,,,,,,,,,,,,,,,
  ,,,, [ 1388769853 ],,,,,,,,,,,,,,,,,,,,,,,,,,,,,,,,,,,,,,,,,,,,,,,,,,,,,,,,,,,,,,,,,,,,,,,,
  ,,,,,,,,,,,,,,,,,,,,,,,,,,,,,,,,,,,,,,,,,,,,,,,, [ 70618386889 ],,,,,,,,,,,,,,,,,,,,,,,,,,,
  ,,,,,,,,,,,,,,,,,,,,,,,,,,,,,,,,,,,,,,,,,,,,,,,,,,,,,,,,,,,,,,,,,,,,, [ 256084383013 ],,,,,
  ,,,,,,,,,,,,,,,,,,,,,,,,,,,,,,,,,,,,,,,,,,,,,,,,,,,,,,,,,,,,,,,,,,,,,,,,,,,,,,,,,,,,,,,,,,,
  ,,,,,,,,,,,,,,,,,,,,,,,, [ 2048110633 ],,,,,,,,,,,,,,,,,,,,,,,,,,,,,,,,,,,,,,,,,,,,,,,,,,,,
  ,,,,,,,,,,,,,,,,,,,, [ 1485528229 ],,,,,,,,,,,,,,,,,,,,,,,,,,,,,,,,,,,,,,,,,,,,,,,,,,,,,,,,
  ,,,,,,,,,,,,,,,,,,,,,,,,,,,,,,,,,,,,,,,,,,,,,,,,,,,,,,,,,,,,,,,,,,,,,,,,,,,,,,,,,,,,,,,,,,,
  ,,,,,,,,,,,,,,,,,,,,,,,,,,,,,,,,,,,,,,,,,,,,, [ 9122976378853 ],,,,,,,,,,,,,,,,,,,,,,,, 
  [ 673548185377, 1573428304801 ],,,,,,,,,,,,,,,,,,,,,,,, [ 2401937821 ],,,,,,,,,,,,,,,,,,,,,
  ,,, [ 798106227614581 ],,,,,,,,,,,,,,,,,,,,,,,, [ 2850016573, 32615515884277 ],,,,,,,,,,,,,
  ,,,,,,,,,,,,,,,,,,,,,,,,,,,,,,,,,,,,,,,,,,,,,,,,,,,,,,,,,,,,,,,,,,,,,,,,,,,,,,,,,,, 
  [ 1158881461 ],,,,,,,,,,,,,,,,,,,,,,,,,,,,,,,,,,,,,,,,,,,,,,,, [ 8140007737 ],,,,,,,,,,,,,,
  ,,,,,,,,,,,,,,,,,,,,,,,,,,,,,,,,,, [ 1300553893 ],,,,,,,,,,,,,,,,,,,,,,,,,,,,,,,,,,,,,,,,,,
  ,,,,,,,,,,,,,,,,,,,,,,,,,,,,,,,,,,,,,,,,,,,,,,,,,,,,,, [ 817450382197 ],,,,,,,,,,,,,,,,,,,,
  ,,,,,,,,,,,,,,,,,,,,,,,,,,,,,,,,,,,,,,,,,,,,,,,,,,,,,,,,,,,,,,,,,,,,,,,,,,,,,,,,,,,,,,,,,,,
  ,,,,,,,,,,,,,,,,,,,,,,,,,,,,,,,,,,,,,,,,,,,,,,,,,,,,,,,,,,,,,,,,,,,,,,,,,,,,,,,,,,,,,,,,,,,
  ,,,,,,,,,,,,,,,,,,,,,,,,,,,,,,,,,,,,,,,,,,,,,,,,,,,,,,,,,,,,,, [ 78812409409 ],,,,,,,,,,,,,
  ,,,,,,,,,,,,,,,,,,,,,,,,,,,,,,,,,,,,,,,,,,,,,,,,,,,,,,,,,,, [ 37318999849 ],,,,,,,,,,,,,,,,
  ,,,,,,,,,,,,,,,,,,,,,,,,,,,,,,,,,,,,,,,,,,,,,,,,,,,,,,,, [ 137823712921 ],,,,,,,,,,,,,,,,,,
  ,,,,,,,,,,,,,,,,,,,,,,,,,,,,,, [ 49817453029, 57470134933 ],,,,,,,,,,,,,,,,,,,,,,,,,,,,,,,,
  ,,,,,,,,,,,,,,,,,,,,,,,,,,,,,,,,,,,,,,,,,,,,,,,,,,,,,,,,,,,,,,,,,,,,,,,,,,,,,,,,,,,,,,,,,,,
  ,,,,,,,,,,,,,,,,,,,,,,,,,,,,,,,,,,,,,,,,,,,,,,,,,,,,,,,,,,,,,,,,,,,,,,,,,,,,,,,,,,,,,,,,,,,
  ,,,,,,,,,,,,,,,,,,,,,,,,,,,,,,,,,,,,,,,,,,,,,,,,,,,,,,,,,,,,,,,,,,,,,,,,,,,,,,,,,,,,,,,,,,,
  ,,,,,,, [ 10299191521, 89907833987701 ],,,,,,,,,,,,,,,,,,,,,,,,,,,,,,,,,,,,,,,,,,,,,,,,,,,,
  ,,,,,,,,,,,,,,,,,,,,,,,,,,,,,,,,,,,,,,,,,,,,,,,,,,,,,,,,,,,,,,,,,,,,,,,,,,,,,,,,,,,,,,,,,,,
  ,,,,,,,,,,,,,,,,,,,,,,,,,,,,,,,,,,,,,,,,,,,,,,,,,,,,,,,,,,,,,,,,,,,,,,,,,,,,,,,,,,,,,,,,,,,
  ,,,,,,,,,,,,,,,,,,,,,,,,,,,,,,,,,,,,,,,,,,,,,,,,,,,,,,,,,,,,,,,,,,,,,,,,,,,,,,,,,,,,,,,,,,,
  ,,,,,,,,,,,,,,,,,,,,,,,,,,,,,,,,,,,,,,,,,,,,,,,,,,,,,,,,,,,,,,,,,,,,,,,,,,,,,,,,,,,,,,,,,,,
  ,,,,,,,,,,,,,,,,,,,,,,,,,,,,,,,,,,,,,,,, [ 80103760309 ],,,,,,,,,,,,,,,,,,,,,,,, 
  [ 2555989201, 107667078301 ],,,,,,,,,,,,,,,,,,,,,,,,,,,,,,,,,,,,,,,,,,,,,,,,,,,,,,,,,,,,,,,
  ,,,,,,,,,,,,,,,,,,,,,,,,,,,,,,,,,,,,,,,,,,,,,,,,,,,,,,,,, [ 1114545961 ],,,,,,,,,,,,,,,,,,,
  ,,,,,,,,,,,,,,,,,,,,,,,,,,,,,,,,,,,,,,,,,,,,,,,,,,,,,,,,,,,,,,,,,,,,,,,,,,,,,,,,,,,,,,,,,,,
  ,,,,,,,,,,,,,,,,,,,,,,,,,,,,,,,,,,,,,,,,,,,,,,,,,,,,,,,,,,,,,,,,,,,,,,,,,,,,,,,,,,,,,,,,,,,
  ,,,,,,,,,,,,,,,,,,,,,,,,,,,,,,,,,,,,,,, [ 4300133581 ],,,,,,,,,,,,,,,,,,,,,,,,,,,,,,,,,,,,,
  ,,,,,,,,,,,,,,,,,,,,,,,,,,,,,,,,,,,,,,,,,,,,,,,,,,,,,,,,,,,,,,,,,,,,,,,,,,,,,,,,,,,,,,,,,,,
  ,,,,,,,,,,,,,,,,,,,,,,,,,,,,,,,,,,,,,,,,,,,,,,,,,,,,,,,,,,,,,,,,,,,,,,,,,,,,,,,,,,,,,,,,,,,
  ,,,,,,,,,,,,,,,,,,,,, [ 1341832201 ],,,,,,,,,,,,,,,,,,,,,,,,,,,,,,,,,,,,,,,,,,,,,,,,,,,,,,,
  ,,,,,,,,,,,,,,,,,,,,,,,,,,,,,,,,,,,,,,,,,,,,,,,,,,,,,,,,,,,,,,,,,,,,,,,,,,,,,,,,,,,,,,,,,,,
  ,,,,,,,,,,,,,,,,,,,,,,,,,,,,,,,,,,,,,,,,,,,,,,,,,,,,,,,,,,,,,,,,,,,,,,,,,,,,,,,,,,,,,,,,,,,
  ,,,,,,,,,,,,,,,,,,,,,,,,,,,,,,,,,,,,,,,,,,,,,,,,,,,,,,,,,,,,,,,,,,,,,,,,,,,,,,,,,,,,,,,,,,,
  ,,,,,,,,,,,,,,,,,,,,,,,,,,,,,,,,,,,,,,,,,,,,,,,,,,,,,,,,,,,,,,,,,,,,,,,,,,,,,,,,,,,,,,,,,,,
  ,,,,,,,,,,,,,,,,,,,,,,,,,,,,,,,,,,,,,,,,,,,,,,,,,,,,,,,,,,,,,,,,,,,,,,,,,,,,,,,,,,,,,,,,,,,
  ,,,,,,,,,,,,,,,,,,,,,,,,,,,,,,,,,,,,,,,,,,,,,,,,,,,,,,,,,,,,,,,,,,,,,,,,,,,,,,,,,,,,,,,,,,,
  ,,,,,,,,,,,,,,,,,,,,,,, [ 5523120457 ],,,,,,,,,,,,,,,,,,,,,,,,,,,,,,,,,,,,,,,,,,,,,,,,,,,,,
  ,,,,,,,,,,,,,,,,,,,,,,,,,,,,,,,,,,,,,,,,,,,,,,,,,,,,,,,,,,,,,,,,,,,,,,,,,,,,,,,,,,,,,,,,,,,
  ,,,,,,,,,,,,,,,,,,,,,,,,,,,,,,,,,,,,,,,,,,,,,,,,,,,,,,,,,,,,,,,,,,,,,,,,,,,,,,,,,,,,,,,,,,,
  ,,,,,,,,,,,,,,,,,,,,,,,,,,,,,,,,,,,,,,,,,,,,,,,,,,,,,,,,,,,,,,,,,,,,,,,,,,,,,,,,,,,,,,,,,,,
  ,,,,,,,,,, [ 78630288661 ],,,,,,,,,,,,,,,,,,,,,,,,,,,,,,,,,,,,,,,,,,,,,,,,,,,,,,,,,,,,,,,,,
  ,,,,,,,,,,,,,,,,,,,,,,,,,,,,,,,,,,,,,,,,,,,,,,,,,,,,,,,,,,,,,,,,,,,,,,,,,,,,,,,,,,,,,,,,,,,
  ,,,,,,,,,,,,,,,,,,,,,,,,,,,,,,,,,,,,,,,,,,,,,,,,,,,,,,,,,,,,,,,,,,,,,,,,,,,,,,,,,,,, 
  [ 1188404401, 1324906501, 1809269701, 446670854401 ],,,,,,,,,,,,,,,,,,,,,,,,,,,,,,,,,,,,,,,
  ,,,,,,,,,,,,,,,,,,,,,,,,,,,,,,,,,,,,,,,,,,,,,,,,,,,,,,,,,,,,,,,,,,,,,,,,,,,,,,,,,,,,,,,,,,,
  ,,,,,,,,,,,,,,,,,,,,,,,,,,,,,,,,,,,,,,,,,,,,,,,,,,,,,,,,,,,,,,,,,,,,,,,,,,,,,,,,,,,,,,,,,,,
  ,,,,,,,,,,,,,,,,,,,,,,,,,,,,,,,,,,,,,,,,,,,,,,,,,,,,,,,,,,,,,,,,,,,,,,,,,,,,,,,,,,,,,,,,,,,
  ,,,,,,,,,,,,,,,,,,,,,,,,,,,,,,,,,,,,,,,,,,,,,,,,,,,,,,,,,,,,,,,,,,,,,,,,,,,,,,,,,,,,,,,,,,,
  ,,,,,,,,,,,,,,,,,,,,,,,,,,,,,,,,,,,,,,,,,,,,,,,,,,,,,,,,,,,,,,,,,,,,,,,,,,,,,,,,,,,,,,,,,,,
  ,,,,,,,,,,,,,,,,,,,,,,,,,,,,,,,,,,,,,,,,,,,,,,,,,,,,,,,,,,,,,,,,,,,,,,,,,,,,,,,,,,,,,,,,,,,
  ,,,,,,,,,,,,,,,,,,,,,,,,,,,,,,,,,,,,,,,,,,,,,,,,,,,,,,,,,,,,,,,,,,,,,,,,,,,,,,,,,,,,,,,,,,,
  ,,,,,,,,,,,,,,,,,,,,,,,,,,,,,,,,,,,,,,,,,,,, [ 47387127841 ],,,,,,,,,,,,,,,,,,,,,,,,,,,,,,,
  ,,,,,,,,,,,,,,,,,,,,,,,,,,,,,,,,,,,,,,,,,,,,,,,,,,,,,,,,,,,,,,,,,,,,,,,,,,,,,,,,,,,,,,,,,,,
  ,,,,,,,,,,,,,,,,,,,,,,,,,,,,,,,,,,,,,,,,,,,,,,,,,,,,,,,,,,,,,,,,,,,,,,,,,,,,,,,,,,,,,,,,,,,
  ,,,,,,,,,,,,,,,,,,,,,,,,,,,,,,,,,,,,,,,,,,,,,,,,,,,,,,,,,,,,,,,,,,,,,,,,,,,,,,,,,,,,,,,,,,,
  ,,,,,,,,,,,,,,,,,,,,,,,,,,,,,,,,,,,,,,,,,,,,,,,,,,,,,,,,,,,,,,,,,,,,,,,,,,,,,,,,,,,,,,,,,,,
  ,,,,,,,,,,,,,,,,,,,,,,,,,,,,,,,,,,,,,,,,,,,,,,,,,,,,,,,,,,,,,,,,,,,,,,,,,,,,,,,,,,,,,,,,,,,
  ,,,,,,,,,,,,,,,,,,,,,,,,,,,,,,,,,,,,,,,,,,,,,,,,,,,,,,,,,,,,,,,,,,,,,,,,,,,,,,,,,,,,,,,,,,,
  ,,,,,,,,,,,,,,,,,,,,,,,,,,,,,,,,,,,,,,,,,,,,,,,,,,,,,,,,,,,,,,,,,,,,,,,,,,,,,,,,,,,,,,,,,,,
  ,,,,,,,,,,,,,,,,,,,,,,,,,,,,,,,,,,,,,,,,,,,,,,,,,,,,,,,,,,,,,,,,,,,,,,,,,,,,,,,,,,,,,,,,,,,
  ,,,,,,,,,,,,,,,,,,,,,,,,,,,,,,,,,,,,,,,,,,,,,,,,,,,,,,,,,,,,,,,,,,,,,,,,,,,,,,,,,,,,,,,,,,,
  ,,,,,,,,,,,,,,,,,,,,,,,,,,,,,,,,,,,,,,,,,,,,,,,,,,,,,,,,,,,,,,,,,,,,,,,,,,,,,,,,,,,,,,,,,,,
  ,,,,,,,,,,,,,,,,,,,,,,,,,,,,,,,,,,,,,,,,,,,,,,,,,,,,,,,,,,,,,,,,,,,,,,,,,,,,,,,,,,,,,,,,,,,
  ,,,,,,,,,,,,,,,,,,,,,,,,,,,,,,,,,,,,,,,,,,,,,,,,,,,,,,,,,,,,,,,,,,,,,,,,,,,,,,,,,,,,,,,,,,,
  ,,,,,,,,,,,,,,,,,,,,,,,,,,,,,,,,,,,,,,,,,,,,,,,,,,,,,,,,,,,,,,,,,,,,,,,,,,,,,,,,,,,,,,,,,,,
  ,,,,,,,,,,,,,,,,,,,,,,,,,,,,,,,,,,,,,,,,,,,,,,,,,,,,,,,,,,,,,,,,,,,,,,,,,,,,,,,,,,,,,,,,,,,
  ,,,,,,,,,,,,,,,,,,,,,,,,,,,,,,,,,,,,,,,,,,,,,,,,,,,,,,,,,,,,,,,,,,,,,,,,,,,,,,,,,,,,,,,,,,,
  ,,,,,,,,,,,,,,,,,,,,,,,,,,,,,,,,,,,,,,,,,,,,,,,,,,,,,,,,,,,,,,,,,,,,,,,,,,,,,,,,,,,,,,,,,,,
  ,,,,,,,,,,,,,,,,,,,,,,,,,,,,,,,,,,,,,,,,,,,,,,,,,,,,,,,,,,,,,,,,,,,,,,,,, [ 1194200281 ] 
 ]);
