BRENTFACTORS[2876]:=MakeImmutable([ ,,,,,,,,,,,, [ 55086137236027 ],,, [ 17303056273 ], 
  [ 19140856751 ],, [ 2244078286501, 72162780788072052943 ],,,, [ 25795475707 ],, 
  [ 4817838101, 1691444713951 ], [ 7623139759, 6026842867319 ], [ 25186323836375659 ], 
  [ 11577800473, 144478465741 ], [ 171997074919554127470616072397855354383 ],, 
  [ 148092677713 ], [ 4887352531073 ],,, [ 149875784731, 54330545935679155580831 ], 
  [ 1031708618160373 ], 
  [ 88248766231, 3070941536893, 61609586266060798643789, 231040464538481693548373, 
      198202886706011755594821083 ], [ 1966695587, 4560892621 ], 
  [ 8012280823, 15183521227431828472223686171 ], [ 99622862519441 ],, 
  [ 92968850647, 822616788211 ], 
  [ 4056428308409253107, 8670056254560520983887502636396591401788640169013 ],, 
  [ 78981599849401, 3070054267256505999430171 ], [ 2282269961254250550924426233259623 ], 
  [ 2134286715551, 404265203542741, 3329584969315801040843 ],, [ 6603468439 ], 
  [ 280986188201, 15677015627951, 1869862027911301 ], [ 3746830873, 17183827841617 ], 
  [ 149643549905617 ], [ 751383018581809796505351179331263 ],,, 
  [ 2576856657649, 32512308042593, 403151348511833209 ], 
  [ 651144486788993350444385996220044557486430973916799533 ], [ 1811155997089 ], 
  [ 1752688923163, 1192528841689776341, 80113341372415996825178885326487 ],, 
  [ 45423408740323741 ], 
  [ 44816000742314819, 1780455475060519881803, 429456562894787051916847 ], 
  [ 94478088223, 113721633792619677469, 7494949399533106669336081 ], 
  [ 19463842258436902485474198623979758926885697 ], 
  [ 382813630421, 104297527193731, 1550597071554398531, 48714725551454790361 ], 
  [ 278131163256671407, 614935385954876193637 ], [ 8348419493, 8010345918120555890099 ], 
  [ 10566209837369969377393, 10516710078602540395199840238569 ], 
  [ 1275184033, 50918003107, 39679477381711, 183866931166927, 
      10884288672620369220671775558869683 ], [ 6315032303975510159144801 ], 
  [ 439275741231768013 ], [ 14475183484969, 28092644266067415569809 ],,,, 
  [ 3687224056208950400821931073498371803338582500981 ],,, [ 682503690219157 ], 
  [ 9807072881 ],,,,,, 
  [ 31818331870917529123, 233738804238721461633478267800185940574743250728979039 ],, 
  [ 215266588904929 ], [ 985219930897 ], [ 11862482786634489571 ],, 
  [ 2007244409, 61015305656301534066757 ],, 
  [ 22225786055035063, 28037521601840357898586962883 ], 
  [ 26274569141, 679597080349352951, 727227137006488681 ],, [ 2924745734514558564997 ],, 
  [ 7375358246346576914671 ],, [ 1674570103, 474338824202203 ], [ 5768564036893918411507 ], 
  [ 2358445591 ], [ 1545134088523352536731039649 ], [ 735861243391 ], 
  [ 33933053436781, 230197727684833, 1528005481538965129 ], [ 1202001550237 ], 
  [ 10099374517 ],, [ 29221183545579155270531800427368351 ],, 
  [ 3448587807224561, 223438364918088433 ], [ 119565367290820804687 ],, 
  [ 1241192011, 133510639001741, 447919377193257176281 ], 
  [ 50752996512817120241, 132615161384882470668481, 494443592880006596476399769 ], 
  [ 274855894669981, 17426849259630004273 ], [ 385598161777, 775205281695731267167 ], 
  [ 174039026538427 ], [ 2694502032517150840487620052004241 ], [ 388047030096522221208631 ], 
  [ 7283268241, 310476415186951751, 2079639948085415846488123 ],, [ 2330781468640897 ], 
  [ 9824250001 ], [ 132461648883245788370587, 58029289599561143038024889106019 ], 
  [ 1852170061948379, 5769041875482762103 ], [ 1075843841, 1634835777793 ], 
  [ 4163104925756669122849 ],, [ 3086401921, 48668441858851 ], 
  [ 6206940363260983180723318803801121 ],,,,,,, [ 130771048551988110293 ],,, 
  [ 9438643583, 15929563693, 7455443570087, 45289750085989 ], 
  [ 1398100184911, 39315802762607605807 ], 
  [ 9611529841, 35953924080673, 1692743215960801, 52527014849310049, 
      604317821521177544651096798188215793 ],,, [ 46265990317 ], 
  [ 9271050844529, 13932579624974297176069 ],, [ 1991944051, 2327814901 ], 
  [ 206053510495439, 4366031520954022780504537 ], [ 5041960078056213019480177 ], 
  [ 6586714261 ],, [ 17606229958100821 ], [ 886660613437 ],,, 
  [ 131498326424554819, 3698284588967637733537729 ], [ 1345288001 ], 
  [ 525587451677534555420698007 ],, [ 81438135307 ], [ 28615778352128633 ], 
  [ 1967825311, 2224336009992610471 ], [ 727614997506139 ],, [ 4864808017144524289 ], 
  [ 1892193209655231731 ],, [ 162442093048237 ],, [ 305859444911 ], 
  [ 296363155929922578599023 ], [ 317512611002651 ], [ 2041587857 ], 
  [ 45635507503, 364769447531770423 ], [ 193771223583627041271781007 ], [ 2124442462277 ], 
  [ 152917053841, 27506301235984952241002101 ], [ 3372874761391 ],, [ 2900272939 ], 
  [ 45313991755801, 775426512876911533662833 ], [ 214841322779731 ], 
  [ 66659132434771, 726440992300142627718493 ],, [ 738969608858421885881 ],, 
  [ 233770140534051426181 ],,,, [ 5150467148009 ],,, [ 5719126307 ], 
  [ 1011062317303743984284264777233 ],, [ 12263554801, 4081973321912788597688401 ],,,, 
  [ 607732282057, 26798769337761301 ], [ 8418100321 ], [ 671836324595688821 ], 
  [ 5393278208306780068843, 243264499626006568679499109 ],, 
  [ 232250427742169, 625697561418927383 ],, [ 2799216799739588759 ], 
  [ 1430087341, 1614069421, 4211265303150718361, 877837644737979491857155701 ], 
  [ 252557900423533 ],,, [ 7726882960210217633281 ],, [ 20350184418460537 ], 
  [ 3147305865541, 92835838418291898133 ],, [ 1376929673376193 ],,, 
  [ 141699058888129, 24586205643234931361 ],, [ 26770003121041004865191 ], 
  [ 361803494668873 ], [ 156762925177678940101 ], 
  [ 82104835601, 9341557102247, 16026746409221, 2207038814938759, 21384504971629619 ], 
  [ 264731067639171781211, 448196318156130809021 ],, [ 24648622849 ], 
  [ 107104562057, 2872419005413 ], [ 2120552461 ], [ 2214163306261, 4767882062134921 ], 
  [ 124122682757, 439194672737, 291025230002407935473 ],, [ 7511052161489017 ],, 
  [ 28099167723494401, 3466757055408309361 ],, [ 1367833103737 ], [ 511117397083 ],,,,, 
  [ 196934075969 ],, [ 13247080001, 4569441776269751 ], [ 15716036089099 ], 
  [ 1553712124954501, 23747116597646173201 ],, [ 873849535000659246079 ], 
  [ 1413777395637398881, 3236613718440700561, 73707922813046090603263771 ],, 
  [ 6293976023047, 230349287131987711 ], 
  [ 325416288037, 52094824498813, 332910310726093, 10533166672171110973, 
      52537637136046463977 ], [ 28399005721248798133 ],, [ 5596852244131 ], 
  [ 2034862240956410981 ], [ 104382528673, 515161085149, 742211233035827 ],,, 
  [ 8045682538088779319 ],, [ 4443233228413231033 ], [ 736709351616829 ],, 
  [ 193665952683109091 ],, [ 1292858113 ],, [ 3276709151 ], [ 54895794609231945133 ],,, 
  [ 8321880313 ], [ 7400425976441 ], [ 648393281808405401, 924752876247687049 ],, 
  [ 78036421943 ], [ 1593240569, 87343351956824314489549 ], [ 2030355391 ],, [ 8741611313 ], 
  [ 2773928449, 43636099570561 ], [ 60446861989 ], 
  [ 6682356892171, 131122414298581, 3629958863471771 ],, [ 4169928039661849 ], 
  [ 293131907823551 ],,, [ 296331674994854733337 ], 
  [ 3290331727, 24440302261, 1765115671177, 2305473159973303 ],, [ 116259636847121 ],,, 
  [ 2621604319, 4428942949, 4266015882693869632397 ],,, [ 499314132991 ], [ 10668067903 ], 
  [ 215460325963 ], [ 16759101318653, 27054714367297 ], [ 50107131001 ], 
  [ 8246477623201, 15494048118995390260506781 ], [ 3506964133 ], [ 6969477782400433 ],,,, 
  [ 3457752564851470657 ],,,,,,,, [ 10816928714574361 ], [ 1138774038717901 ],, 
  [ 8893114891, 144112243903 ], [ 66611619427494209993 ], [ 22891541009, 23822304597799 ], 
  [ 2512652671, 301696689093908119441 ],, [ 10886279088882773 ],, 
  [ 1985142509299, 12847534469559367, 42279625158900043 ],, [ 4780687969 ],, 
  [ 20372257564751 ], [ 9315341677 ], [ 497734753535245661, 1157549551772271421 ], 
  [ 1091957021 ],,,,,, [ 1092264738530400737 ],, [ 668104172423269 ], 
  [ 8164070617151, 14705157612601, 20263005059634751, 43634121928976301101, 
      24731047836605139097951 ],, [ 137548029645880155844676993 ],,,,, [ 487016792867087617 ]
   ,,,,, [ 35090982803000027 ], [ 53351448773041 ], [ 877452548701, 2397655057981 ],,,,,,,, 
  [ 164107368109 ],,, [ 2175581251, 1275003925501 ], [ 15360184681 ], [ 1558277789927 ],, 
  [ 362106296724097, 921965151492629 ],,,, [ 1332091619, 2891946584016401 ],,, 
  [ 32492289895223, 1035399802724233 ],, [ 15840911418193 ], [ 29779411530757943 ], 
  [ 3655465994234140685821, 10878055239901196520031 ], [ 266802265777 ], [ 4158617024801 ],,,
  , [ 3226764470414136082993, 201813727883531668101191413 ],, [ 1496416321, 35114822009 ], 
  [ 1242715027 ], [ 285416164001, 108281419005238243201 ], [ 29058878637917 ],, 
  [ 3000522199949 ],, [ 2158214533471 ],,, [ 17718859540583938048681 ], [ 253491975839 ],,, 
  [ 3978122033 ],,,, [ 59945293278312833 ],, [ 17225403672842990087 ],,, [ 14726443597 ], 
  [ 618253188901 ],, [ 6586212833617, 70429295284849 ],,,, [ 1196504389 ],, 
  [ 2680747279141, 321132688095429131 ],,, [ 59662339097 ],, 
  [ 330453090061, 25234333310460901621 ],,, [ 13419128641, 14364084733, 2298026669179 ],, 
  [ 2596484408631521 ], [ 80176799683 ],,, [ 20404293567928009 ], 
  [ 740803261351, 2003931728761 ],,, [ 2453871169 ], [ 5549219737 ], 
  [ 343020492133098510248101 ], [ 1807759537 ], [ 10389186553, 10190424719903581 ],, 
  [ 3329716813 ], [ 20941234861 ], [ 3762721393 ], [ 459731807987 ],, [ 18065874637 ], 
  [ 4046013869041 ],, [ 3326320537 ],,,,, [ 132960716953 ],,,, 
  [ 35622563792461, 1570654691142626533 ],, [ 40179524221 ],, [ 293450161651 ], 
  [ 9043095601 ], [ 1372826989, 37687515986053 ], [ 1361696293402787 ],, 
  [ 41115743973870245234881 ], [ 72075382471 ], [ 519081571523, 115210560820709 ],,, 
  [ 71585465531, 3831317853610378451 ], [ 80074306451467, 54057872361452527 ], 
  [ 25097242087 ], [ 1476381634395929, 150894518227356049, 419167362816877535873 ], 
  [ 472065711907, 717834488911 ],, [ 3502001527 ],, [ 1792968982212929 ], 
  [ 439483435871910041 ],, [ 799348871137 ],, [ 2548621646620321 ], [ 2133449551 ], 
  [ 4233309001, 9792158501 ],, [ 28412040883 ],, [ 9519140233 ],, [ 127763834227046293 ],,,, 
  [ 3115227901, 3387122783961541 ],,,,,, [ 510494483905081177 ],,,, 
  [ 152487542953480605848641 ],, [ 11972364744074041 ], [ 9625909141 ], 
  [ 29944128568642657 ], [ 32757073651 ], [ 2836208833 ], [ 1366645913 ], [ 12175169469937 ],
  ,, [ 1434553849 ],,, [ 16047762469211413 ], [ 6579882611 ],, [ 6384602431 ], 
  [ 36689987077, 333389677801003849 ],,,, [ 1967377017091, 10958927526161 ],,,,,,, 
  [ 2194849297, 718914777981553 ],,, [ 38823283714681 ],, [ 16763745827, 36438374407 ],,,,,,,
  , [ 2638643770384081 ],, [ 14707236655669 ],,, [ 469076854681 ],,, [ 271125771361 ],,,, 
  [ 4216608649550389 ],, [ 34721389526492737 ],, [ 194129349328573 ],, 
  [ 8842647521, 14838840641, 328032673335281 ], [ 2718131809 ], [ 81001319211859 ],,, 
  [ 1016587261 ], [ 30239824457 ],,,, [ 17239366351, 5236819931741 ],,,, 
  [ 259238389145061697669 ],,,, [ 5215011324475993 ],, [ 4973431342713006506760601 ],,, 
  [ 293375234683 ], [ 69129926081, 17047161831537938869 ],, [ 1162857037, 61713274202892523 ]
   ,, [ 4458197016903506017 ],,,, [ 7638649771235617 ],, [ 31036403916611 ],, 
  [ 81818851577 ],, [ 207044916049 ],, [ 181089181501 ],,,,,,,,,, [ 7672618801, 41604340681 ]
   ,, [ 8483917197313 ],,,, [ 258759784253614436269 ],, [ 495647414351 ],,,, [ 17965905193 ],
  ,,,,,,,, [ 5554408819 ], [ 1328608516360042549 ],,,,,, [ 8321548005079 ], [ 21665970679 ],,
  , [ 79465506199, 3055318412474057 ],,,,, [ 44963402467 ], [ 93284880701 ],,,, 
  [ 230767195008001, 35717855872135459681 ], [ 183985134379 ], [ 272234048617 ], 
  [ 3587455093051 ], [ 412531221183901 ], [ 104855506661 ],, [ 553224931183 ],,, 
  [ 5825985001 ],, [ 13105699327560241, 434659089523491253 ],, [ 5702381743381 ], 
  [ 34403158687 ], [ 278451367304161 ],, [ 102728174281 ],,, [ 2117643067 ],,,, 
  [ 22099436077 ],,,,, [ 13576499129701 ],, [ 51994132111681 ],, [ 624887796259 ],,,, 
  [ 38083272008801, 1841141546095694851 ],,,, [ 1657825177, 8543164939, 5452693319522863 ],,,
  ,, [ 4242275437 ],,,, [ 1127013847 ],,,,, [ 120921808379737 ],,,,,, 
  [ 5205494971, 11747613562007 ],,,,,,,, [ 2125923493 ],, [ 9972396697, 26409141553 ],, 
  [ 633353606113 ],, [ 141806371081 ],,, [ 3497150159 ], [ 216613692497, 260848556161 ], 
  [ 132186223843 ],,,, [ 856601172809 ],,, [ 1018542584210323321 ],,,,, 
  [ 2549692557721, 3660563340271 ],,,,, [ 9869603443867091 ],, [ 4511572633 ],, 
  [ 1325874238489 ],,,, [ 1517403075497357567 ],, 
  [ 17136690481, 11781823635661, 220928497253881, 2483205502945441 ], [ 1517631391 ], 
  [ 75935344423, 278332359989 ],, [ 986727156689 ],, [ 226443257143 ],,,, 
  [ 397803837191, 67811269146871 ],,,,, [ 1405566361, 10772164141 ],,,,,,,,, 
  [ 12803952070081, 64808435148013, 611436397894429 ],,, [ 3859272523 ], [ 173089918369 ],, 
  [ 1440576901, 4251938884651 ], [ 1172764393 ], [ 7737889853, 57633971977, 7153435540973 ],,
  ,,,,, [ 19285131651787 ],,,,, [ 324562676233 ],, [ 5432465711 ],, [ 311628633553 ],,,, 
  [ 1428176257, 1529994518209 ],, [ 24865070323 ],,,,,, 
  [ 20438948041, 24822345241, 174913555321, 264855383521, 83158144060345201 ], 
  [ 1693940519 ],,, [ 38397296389 ],, [ 514563126730039 ],, [ 142391688497 ],,,, 
  [ 265516166100313 ], [ 15709071487 ], [ 104997239299 ],, [ 5649925795313 ],,,,,,,, 
  [ 3332714977, 174474988417 ],, [ 30262351405249 ],,, [ 1224045593 ],,,,, [ 70029743507597 ]
   ,, [ 9971775181 ],,,,, [ 1308734311 ], [ 1166273011 ],,,,,, 
  [ 87185394816073, 6345020393618617 ],, [ 2115416971, 9884857127381 ],, [ 3191571820981 ],,,
  , [ 17040283009 ],,,,, [ 296065983497 ],, [ 69245642971 ],,, 
  [ 3001855237, 307427466637567 ],,, [ 25472352511 ],,, [ 196415738209, 1768893294673 ], 
  [ 2885326342009 ], [ 1322217079 ],, [ 20065225489, 27308066801 ],,,,,, 
  [ 3209699593, 175221536042837, 6371971376600807 ],,,, 
  [ 23838889367, 66863739413, 78937455994099 ],,,,,, [ 1876753980097 ],,,,, [ 242776265233 ],
  ,, [ 12864417367556921 ],, [ 21159832838910111757 ],, [ 3474814331441 ],,,,,,,,,, 
  [ 93168739869463 ],,,,,, [ 6158263681 ],,,, [ 181035146492789 ],,,,,,, [ 28398178663 ], 
  [ 17699289913 ],,,,,,,, [ 3190989761 ], [ 2539611826849 ],,, [ 111140873329 ],,,, 
  [ 331837496069 ],, [ 89994247201, 97956695203291 ],, [ 2282567201 ],,,, [ 2244628429 ],,, 
  [ 3146981869 ], [ 175655393974001 ], [ 25929205303, 158798840201 ], 
  [ 60449332351, 32431404101521, 2446341161728433377927 ],, [ 1104271489 ], [ 17120414191 ],,
  ,,,,,,, [ 94048538533 ],,, [ 59326343119 ],,, [ 1141609501 ],,,,,,,,,,,,,,,,,, 
  [ 45184919539, 36047664222133 ],,,,,,, [ 187998317321 ],, [ 54085825489 ],, 
  [ 97916968547 ],,,,,,, [ 703452811777 ],,,, [ 1104398101 ], [ 1995804661, 92100126221 ], 
  [ 8392805461, 321762964594483 ],,,,,, [ 19862572153 ],,, [ 19653993829 ],,,,,,,,, 
  [ 16558851601 ],,,,,, [ 30018047809 ],,,,,, [ 77892865597 ],,,, [ 33278883721 ],,,, 
  [ 18199650701 ],, [ 3523750793 ],,,,,, [ 6189614861 ],,, [ 105286954697 ],,,,, 
  [ 15623074429777 ],,,,,,,,,,, [ 1055597789 ],,,,,,,,,,,,,,,,,,,,,,,,, [ 2816646913 ],,, 
  [ 6444842251 ],,, [ 93498068737, 280174191751 ],,, [ 1576791253 ],,,,, [ 11968363859 ],,,, 
  [ 50157211536912871 ], [ 4813671857 ], [ 1793784677 ], [ 8387156605183 ],,,, 
  [ 1161308237, 4982057389 ],,,,,,,,,,,,, [ 2794580531 ],,,,, [ 4780031071 ],,, 
  [ 3095171969 ],, [ 4745189666877601 ],,,,,,,,,,,,,,, [ 8156610901 ],,, [ 697345157461 ], 
  [ 34794624412519 ],, [ 2481750877 ],,, [ 961659479017, 6248939739454045441 ],, 
  [ 42706600471 ],,, [ 571804478551 ],,,,,,,,,,, [ 79865403830161 ],,,,,,,,,, 
  [ 231577012501 ],,,,,,,, [ 7884576643 ],, [ 2117899846441 ],,,,,,,,,,,,,,,, 
  [ 888887729929, 1453013413897 ], [ 1057174667, 19579137673 ],,,, [ 4368694219 ],,,,,,,,, 
  [ 11264650231, 10624386200551 ], [ 4398098759 ],, [ 599859814273 ],,,,, [ 3846514868813 ],,
  ,,,,,,,,,,,,,,,,,,, [ 11797716361 ],,, [ 3632348353 ], [ 72695865313 ],,,,,,,,,,,,,,,,,,,,,
  ,,,, [ 4726032733 ],,,,,,,,,,,,,,,,,,, [ 8516073719 ],,,,,,,,,,,,, [ 196674161041 ],, 
  [ 74228110009 ],,,,,,,,,,,,,,,,,,,,,,,,,,, [ 11297190103 ],,, [ 2477562977 ],,,,, 
  [ 2339801413 ],,,, [ 550538086841 ],,,,,,,,,, [ 351955883863 ],, [ 13916183993 ],,,, 
  [ 2135522827, 39422525797 ], [ 7089283919, 181419628656977 ],, [ 1270618561 ],,,,, 
  [ 3216130721 ],,,, [ 9236621521 ],,, [ 2884975897 ],,,,,,,, [ 18614227661 ],,,, 
  [ 1279821481 ], [ 2394703651 ],, [ 2610057061 ],,,,,,,,,,,,,,,,,,, [ 58537995029 ],,,,,,,,,
  ,,,,,,,,,,,,,,,, [ 4091080853 ],,,,,,,,,,,, [ 3719348761 ],,,,,,, 
  [ 1373117130811, 1663723999711 ],,,,, [ 20927204531 ],,,,, [ 2380653932355161 ],,,,, 
  [ 5551633051 ],,,,,, [ 7671106411 ],,,,,,,,,,,,,,,,,,,,,,,,,,, [ 31005972091 ], 
  [ 132919537873 ],,,,,,,, [ 2780630311 ],,, [ 6274690141 ],,,,, [ 11044354201 ],,,,,,,,,,, 
  [ 7128290423 ],,,,,, [ 2193529001 ], [ 55201505441 ], [ 10220763139 ],,, [ 1381807351 ],,, 
  [ 11491580161 ],,,,,,,, [ 390326836095241 ],,,,,,, [ 148597393561 ],,,,,,,,,,,, 
  [ 5442043753 ],,,,,,, [ 15128944483 ], [ 4609803901 ],,,, [ 19018331389 ],,,,,,,,, 
  [ 1290524929 ],,,,,,,,,,,,,,,, [ 5095947349 ], [ 12023297281 ],,,,,,,,,,,,,,, 
  [ 12160601501, 466704636301 ], [ 451856205109 ],,,,,, [ 7856843041 ],,,,,,, [ 4653321461 ],
  ,,,,,,,,,,, [ 5467338011 ],,,, [ 5804764151 ],,,,,,,,,,,,,,,, [ 21363872671 ], 
  [ 3119558503, 1215259642249 ],,,,,,,,,,,,,,,,,,,,, [ 4282131361 ],,,,,,,,,,,, 
  [ 16723909901 ],,, [ 819430808363 ],,, [ 41100569683, 654237679141 ],,,,,,,,,,,,,, 
  [ 2992642201 ],,,,,,,,,,,,,,,,,,, [ 3537136451 ],,,,,,,,, [ 19776473921 ],, [ 1025716831 ],
  , [ 1583791481 ],,,,,,,,, [ 96157377779 ],,,,, [ 2576671973903 ], [ 1188261369677 ],,,, 
  [ 499406548747 ],,,,,,,,,,,, [ 6246482509 ],,,,,,,,, [ 8601175441 ],,,, [ 757529790529 ],,,
  ,,,,,,,,,,, [ 7496492221 ],,,, [ 8766299453 ], [ 16145763841 ],,,, [ 3864066211 ],,,,,,,,,,
  , [ 3671388631 ],,, [ 119035204507 ], [ 14222767483 ],,, [ 167193271369 ],,,,,,,,,,,, 
  [ 443595355417 ],,,, [ 10131556613 ],,,,,,,,,,,,,, [ 128897739433 ], [ 3082717793 ],, 
  [ 12762165001, 56290579801, 60231157351 ],,, [ 55410094153 ],,,,,,,,, [ 8468278453 ],,,,,,,
  ,,, [ 21633102277 ],,,,,,,,,,,,,,,,,,, [ 36648082153 ],,,,,,, [ 2000747251 ],,,, 
  [ 339753173761 ],, [ 3054607021 ],,,,, [ 19594540421 ],,,,, [ 3390438091 ],,,,,, 
  [ 106373333321 ],,,,,,,,,,,, [ 4113485297 ],,,,, [ 163063023313 ],,,, [ 1839822713 ],,,,, 
  [ 30604968241 ],,, [ 1121360329 ], [ 4857056801 ],,,,,, [ 7861467577 ],,,, [ 463222221361 ]
   ,,,, [ 14658858241 ],,,,,,, [ 1411142123 ],,,,,,,,,,,,,, [ 1352606221 ],,, 
  [ 21716258617 ],,, [ 594912308629, 1016718526687 ],,,,,,,,,,, [ 14079618503 ],,,,,,, 
  [ 66806830963 ],,,,,,,,,,,,, [ 1394493435121 ],,,, [ 1135245733 ],, [ 9050322289 ],,,,,,,, 
  [ 1732114441 ],,,,,,,,, [ 20712351661, 66048942961 ],,,,,,,,,,,,, [ 1465430903 ],, 
  [ 14725275121 ],, [ 44084226409 ],,,,,,,, [ 10067267981 ],,,,,,,,,, [ 10280311021 ], 
  [ 17421870350659 ],,,, [ 102822083971 ],,,,,,,,,,,,,,,,, [ 1580637439 ],,,,,,,,, 
  [ 113370506371 ],,,,,,,,, [ 1167542401 ],,,,,,,,,,,,,,,,,,,,, [ 27906070429 ],,,,,,,,,,,,,,
  , [ 3439339681 ],,,,,,,,,,,,,,,,,, [ 144937835671 ],,,, [ 1295603389 ],, [ 10633430634481 ]
   ,,,,,,,,,,,,,,,,,,,,,,,,,,,,,,,,,,, [ 2623584871 ],,,,,,, [ 11904629293 ],, 
  [ 4826443693, 4272807588169 ],, [ 3829624093 ],,,, [ 16390086761 ],,,, [ 261661199323 ],,, 
  [ 7039128133 ],,,,,,, [ 2636479633 ], [ 1508337688271 ],,,,,,,,, [ 30756570703 ],,,,,,,,,,,
  ,,,,,,,,,,, [ 1591392529 ],,,, [ 619316345761 ],, [ 32257437031 ],,,, [ 63614720761 ],,,,,,
  ,,, [ 27027479201 ],,,,,,,,,,,,,,,,,,,, [ 1225250251 ],,,,,,,,, [ 4447562473 ],,,,,,,,,,,,,
  ,, [ 29787043591 ],,,,,,,,,,,,,,, [ 1779681769531 ],,,,,,,,,,,,,,,,,,,,,,,,,, 
  [ 132543552881 ],,,,,,,,,,,,,,, [ 78973860751 ],,,,,,,,,,,,,,,, [ 142000088311 ],,, 
  [ 4382598379 ],,, [ 5654480773 ],,,,,,,,,,,,, [ 731024390911 ],,,,,,,,,, [ 3564633461 ],,,,
  ,,,,,,,,,, [ 60394971787 ],,,,, [ 14522432479 ],,, [ 15535596511 ],,,,,, [ 275616190537 ],,
  ,,,,,, [ 6108473953 ],,,, [ 12588245701 ],,,,,,,,, [ 64016867077 ],,,,, [ 1117453697 ],, 
  [ 2014771177 ],,,,, [ 3639220363 ],,,,,,,,,,,,,,,,,,,,,,,,,,, [ 4895317513 ],,,, 
  [ 2665518521 ],, [ 6664288669 ],,,, [ 1657642699 ],,,,,,,, [ 5735959111 ],,,,,,,,,, 
  [ 62716096129, 166582067713 ],,,,,,,,,,,,,,,, [ 1902887153953 ],,,,,,,,,,,,,, 
  [ 129963802181 ],,,, [ 121765340941 ], [ 4003427611 ], [ 24586827449 ],, [ 3633626791 ],,, 
  [ 1021132747 ],,,,, [ 916977953459 ], [ 53938202821 ],,,,,,,,, [ 17272839193 ],, 
  [ 13387790183 ],,,,,, [ 11336821938241 ],, [ 1495374253 ],,,,, [ 2238610663, 112256649577 ]
   ,,,,,,,,,,,,,,,,,,,,,,,, [ 6358853971 ], [ 3423427457, 6720342721 ],, 
  [ 248680000747, 1081621834057 ],, [ 6697088269 ],,,, [ 8495992081 ],,, 
  [ 30530006119, 274744663093 ],,,,,,, [ 2539029091, 9448627891 ],,,,,,,, [ 7497380299 ],,,,,
  ,,,,, [ 4356952577 ],,,,,,,,,,,,,, [ 1377317497 ],,,, [ 45461535271 ],,,,,,,,,,,,,,,, 
  [ 2214587077 ],,,, [ 95584337767 ],,,,,,,, [ 1141856371553 ],,,,,,,,,,,, [ 81040524503 ],,,
  ,,,,,,,,,,,,,,,, [ 3994211101 ], [ 1055455428821 ],,,,,,,, [ 25751152087 ],,, 
  [ 57606257311 ],,,,,,, [ 4097685257 ],,,,,,,,,,,,,,,,,,,, [ 3555596617 ],,,,,,,,,,,, 
  [ 9714828961 ],,,,,,,,,,,,,,,,,,,,, [ 2234322751 ],,, [ 1350250861 ],,, [ 2683168417 ], 
  [ 1829323092353 ],, [ 28471552189 ],,,, [ 26162293301 ],, [ 1346171041 ],,, 
  [ 2477730662971 ],,,,,,,,,,,,,,,,,, [ 1027016820757 ],,,,,,,,,,,,,,,,,, [ 11744675953 ],,,,
  ,,,,,,,,,,,,,,, [ 3648691901 ],,,,,,,,,,,,,,,,,,,,,, [ 2401143889 ],, [ 26030627761 ],,,, 
  [ 1292684191 ],,,,,,,,,,,,,, [ 2386679261 ],,,, [ 1429640610817 ],,,, [ 1552543021 ],,,,,,,
  , [ 22136061793 ], [ 11389678939 ],,,,,,,,,,,,,,, [ 4378749553 ],,,,,,,, [ 16352669677 ],,,
  ,,, [ 3221105227 ],,,,,, [ 2999727329 ],, [ 106804447259 ],,,,, [ 4791537313 ],,,,,,, 
  [ 13696173571 ],,,,,, [ 2219177137, 2565360073, 5628204649 ],,,,, [ 17459951419 ],,,,,,,,,,
  ,,, [ 12130413661 ],, [ 17775887663761 ],,,,,,,,,,,,,,,,,,,,,,,,,,,, [ 2041448449 ],,,, 
  [ 1073021129 ],,,,,,,,,,,,,,,,,,,,,,,,,,,,,,,,,,,,,,,,,,,, [ 321906555601 ],,,, 
  [ 1628157714353 ],,,,,, [ 1067043421, 854514148721 ],,,, [ 10098430189, 33242033749 ],,,,,,
  ,,,, [ 321807635257 ],,,,,,,,,,,,,,,, [ 160731229081 ],, [ 4127473841 ],,,,,,,,,,,,,,,,,, 
  [ 2354928481 ],,,,,,,,,,,,,,,,,,,,,,,,,, [ 998174351497 ],,,,,,,,,,,,,, 
  [ 4287770041, 364032120281 ],,,,,,,,,,,,,,,,,,,, [ 75733658321 ],,,, [ 9900570769 ],,,,,,,,
  ,,,,,,,,,, [ 4416054241 ],,,,,,,,,,,,,,,, [ 8459903811603019 ],,,,,,,,,, [ 51856372261 ],,,
  ,,,,,,,,,,,,,,,,,,,,, [ 19858822657, 27886866081517 ],, [ 1762255591 ],,,,,,,,,, 
  [ 4287115073 ],,,,,,,,,,,,,,,,,,,,,, [ 264849352949 ],,,,,,,, [ 4337391587, 322302663343 ],
  ,,,,,,,,,,, [ 1015803151429667 ],,,, [ 7111206331, 23113663061 ],,,,,,,,,,,, 
  [ 6848435903, 27936173051 ],,,,,, [ 27151600033 ],,,,,,,,,,,,,,,,,,,,,,,,,,,,,,,,,,,,,,,,,,
  ,,,,,,,,,, [ 8326469401 ],,,,,,,,,,,, [ 185909708641 ],,, [ 3593344231 ],,,,,,,,,,,,,,,,,,,
  ,,,,,,,,,, [ 1211040769 ],,,,,,, [ 1422000091 ],,,,, [ 6343804289 ],,,,,,,, [ 6545555969 ],
  ,,,,, [ 20936090311 ],,,,,,,,,,,,,,,,,,,, [ 6170978221 ],,,,,,,,,,,,,,,,,,,,,,,,,,,, 
  [ 445070685343 ],,,, [ 9664801669 ],,,,,,,,,,,,,,,,,,,,,,,,,,,,,,,, [ 37070102681 ],, 
  [ 11964661633 ],,,,,,,,,,,,,, [ 1432516331, 2229893006881 ],,,,,,,, [ 1144136423 ],,,,,,,,,
  ,,,,,,,,,,,,,,,,,,, [ 73324664759 ],,,,,,,,,,,,,, [ 213725750801 ],, [ 1871425711 ],,,,,,,,
  ,,,,,,,,,, [ 2267455681 ],,,,,, [ 16115014351 ],,,,,, [ 40227227233 ],,,,,,,,,,,,,, 
  [ 208982306677 ],,,,,,,,,,,,,,,,,,, [ 3524745151 ],,,,,,,,,,,,,,,,,,,,,,,,,,,,,,,,,,,,,,,,,
  ,,,,,,,, [ 44504159467 ],, [ 3813918109 ],,,,,,,, [ 4855675817 ],,,,,,,,,,,,,,,,,,,,,,,, 
  [ 3137534755669 ],,,,,,,, [ 919195439317 ],,,,,,,,,,,,,,,, [ 75005349637 ],,,,,,,,,, 
  [ 7208759053 ],,,,,, [ 3288218137 ],, [ 104494528451 ],,,, [ 5600413969 ],, [ 8554264513 ],
  ,,,,,,,,,,, [ 25785536129 ],,,,,,,,,,,,,,,,,,,,,, [ 3807094411 ],,,,,,,,,,,,,,,,,,,, 
  [ 4635712381 ],,,,,,,,,,,,,,,,,,,,,,,,,,,,,,,,,, [ 8223874357 ],, [ 9141152077 ],, 
  [ 2374180337, 8071222193 ],,,,,,,, [ 2566377217 ],,,,,, [ 1651247683 ],,,, [ 62938719953 ],
  ,,,,,,,,,,,,,,,,,,,,,,,,,,,, [ 14963768821 ],,,,,,,,,,,,,,,,,,, [ 114377428001 ],,,,,, 
  [ 10360201441 ],,,,,,,,,,,,,, [ 2789631469, 41229403099 ],,,,,,,,,,,,,,,,,,,,,,,, 
  [ 20843205769 ],, [ 32369009921 ],,,,,,,,,,,,,,,, [ 5804456257 ],,,,,,,,,,,, 
  [ 2659572649, 6949701217 ],, [ 266972269985041 ],,,,,,,,,,,,,,,,,,,,,,,, [ 39003148969 ],,,
  ,,, [ 45694733921 ],,,,,,,,,, [ 12623174461 ],,,,,,,, [ 2342084083 ],,,,,,,,,,,,,,,,,,,,,,,
  ,,,,,,,,,,,,,,,,,,, [ 12163841321 ],,,,,,,,,,,,,,,,,,,,,,,,,,,,,,,,,,,,,,,, [ 1800226081 ],
  ,,,,,,,,, [ 3459643136681 ],,,,,,,,,,,,,,,,,,,,,,,,,,,,,,,,,,,,,,,,,,,, [ 11066526181 ],,,,
  ,,,,,,,,,,,,,,,,,, [ 4538584261 ],,,,,,,,,,,,,,,,,,,,,,,,,,,,,,,,,,,,,,,,,,,,,,,,,, 
  [ 4755863971 ],,,,,,,,,,,,,,,,,,,,,,,,,,,,,,,,,,,,,,,,,,,,,,,,,,,,,,,,,,,,,, 
  [ 3138172073 ],,,, [ 2897651521 ],,,,,, [ 36124545493 ],, [ 8760948761 ],,,, 
  [ 30037876129 ],,,,,,,,,,,,,,,,,, [ 2483742739 ],,,,,,,,,,,, [ 77147487847 ],,,,,,,,,,,, 
  [ 89795914861 ],,,, [ 1680219911 ],,,,,,,,,,,,,,,,,,,,,,,,,,,,,,,,,,,,,,,,,,,, 
  [ 2486544583, 99697018843 ],,,,,,,,,,,,,,,,,,,, [ 2725083943 ],,,, [ 42926480269 ],,,,,,,,,
  ,,,,,,,,,,,,,,,,,,,,,,,,,,, [ 2963245891, 52934816773 ],,,,,,,,,,,,,,,,,,,,,,,, 
  [ 49187233153 ],,,,,,,,,,,,,,,,,,,,,, [ 12050400721, 27736452241 ],, 
  [ 21939328069, 391254994357 ],,,,,,,,,,,,,,,,,,,,,,,,,,,,,, [ 195171197761 ],,,,,,,,,,,,,,,
  ,,,,,,,,, [ 4947152737 ],,,,,,,,,,,,,,,,,,,,,,,,,,,,,,,,,,,,,,,,,,,,,,,,,,,,,,,,,,,,,,,,,,,
  ,,,,,,,,,,,,,,,,,,,,,,,,,,,,,,,,,,,,,,,,, [ 15300204481 ],,,,,,,,,,,,,,,,,,,,,,,,,,,,,,,,,,
  ,,,,,,,,,, [ 2766377153 ],,,, [ 6338601469, 136424402173 ],,,,,,,,,,,,,,,,,, 
  [ 9166504051 ],,,,,,,,,,,,,,,,,,,,,,,,,,,,,,,,,,,,,,,,,,,,,,,,,,,,,,,,,,,,,,,,,,,,,,,, 
  [ 1440324667 ],,,,,,,,,,,,,,,,,,,,,,,,,,,,,,,,,,,,,,,,,,,,,,,,,,,,,,,,,,,,,,,,,,,,,,,,,,,,,
  ,,,,,,, [ 21030950221 ],,,, [ 3933667781 ],,,,,,,, [ 36234221917 ],,,,,,,,,,,,,,,,,, 
  [ 110114817937 ],,,,,,,,,,,,,,,,,,,,,,,,,,,,,,,,,, [ 7142763431 ],,,,,,,,,, 
  [ 2612413861, 223443273061 ],,,,,,,,,,,,,,,,,,,,,,,,,,,,,,,,,,,,,,,,,,,,,,,,,,,,,,,,,, 
  [ 14892870169 ],,,,,,,,,,,,,,,,,,,,,,,,,,,,,, [ 2606211301, 11565124873 ],,,,,,,,,,,,,,,,,
  , [ 363909660685099 ],,,,,,,,,,,,,,,,,, [ 4300282809577 ],,,,,,,,,,,,,,,,,,,,,,,,,,,,,,,,,,
  ,,,,,,,, [ 750042714763 ],,,,,,,,,,,,,,,,,,,,,,,,,,,,,, [ 27222252289 ],,,,,,,,,,,,,,,,,,,,
  ,,,,,,,,,,,,,,,, [ 156428696953 ],,,,,,,,,,,,,,,,,,,,,,,,,,,,,,,,,,,,,,,,,, 
  [ 24488389099 ],,,,,,,,,,,,,,,,,,,,,,,,,,,,,, [ 5865286069 ],,,,,,,,,,,,,,,,,,,,,,,,,,,,,,,
  ,,,,, [ 4356538561 ],,,,,,,,,,,,,,,,,,,,,,,,,,,,,,,,,,,,,,,,,,,,,,,,,,,,,,,,,,,,,,,,,, 
  [ 31241665687 ],,,,,,,,,,,,,,,,,,,,,,,,,,,,,,,,,,,,,,,,,,,,,,,,,,,,,, [ 21382249561 ],,,,,,
  ,,,,,, [ 6126903608437 ],,,,,,,,,,,,,,,,,,,,,,,,,,,,,,,,,,,,,,,,,,,,,,,,,,,,,,,,,,,,,,,,,,,
  , [ 318522987641 ],,,,,,,,,,,,,,,, [ 12749593809289 ],,,,,,,,,,,,,,,,,,,,,,,, 
  [ 1836771841 ],,,,,,,,,,,, [ 5651532589 ],,,,,,,,,,,,,,,,,,,,,,,,,,,,,,,,,,,,,, 
  [ 1862203771 ],,,,,,,,,,,,,,,,,,,,,,,,,,,,,,,,,,,,,,,,,,,,,,,,,,,,,,,,,,,,,,,,,,,,,,,,,,,,,
  ,,,,,,,,,,,,,,,,,,,,,,,,,,,,,,,,,,,,,,,,,,,,,,, [ 7853423509 ],,,,,,,,,,,,,,,,,,,,,,,,,,,,,
  ,,,,,,,,,,,,,,,,,,,,,,,,,,,,,,,,,,,,,,,,,,,,,,,,, [ 2205057313 ],,,,,,,,,,,,,,,,,,,,,,,,,,,
  ,,,,,,,,,,,,,,,,,,,,, [ 8153245201 ],,,,,,,,,,,, [ 3098359441 ],,,,,,,,,,,,,,,,,,,,,,,,,,,,
  ,,,,,,,,,,,,,,,,,,,,,,,,,,,,,,,,,,,,,,,,,,,,,,,,,, [ 1097695051 ],,,,,,,,,,,,,,,,,,,,,,,, 
  [ 2022312223, 8570018269, 1108378613791 ],,,,,,,,,,,,,,,,,,,,,,,,,,,,,,,,,,,,,,,,,,,,,,,,,,
  ,,,,,,,,,,,,,,,,,,,,,,,,,,,,,,,,,,,,,,,,,,,,,,,,,,,,,,,,,,,,,,,,,,,,,,,,,,,,,,,,,,,,,,,,,,,
  ,,, [ 86671243995571 ],,,,,,,,,,,,,,,,,, [ 2451810241 ],,,,,,,,,,,,,,,,,,,,,,,,,,,,,,,,,,,,
  ,,,,,,,,,,,,,,,,,,,,,,,,,,,,,,,,,,,,,,,,,,,,,,,,,,,,,,,,,,,,,,,,,,,,,,,,,,,,,,,,,,,,,,,,,,,
  ,,,,, [ 6003882193 ],,,,,,,,,,,,,,,,,,,,,,,,,,,,,,,,,,,,,,,,,,,,,,,,,,,,,,,,,,,,,,,,,,,,,,,
  , [ 142088844421 ],,,,,,,,,,,,,,,,,,,,,,,,,,,,,,,,,,,,,,,,,,,,,,,,,,,,,,,,,,,, 
  [ 29359129801 ],,,,,,,,,,,,,,,,,,,,,,,,,,,,,,,,,,,,,,,,,,,,,,,,,,,,,,,,,,,, 
  [ 10648360981 ],,,,,,,,,,,,,,,,,,,,,,,,,,,,,,,,,,,,,,,,,,,,,,,,,,,,,,,,,,,,,,,,,,,,,,,,,,,,
  ,,,,,,,,,,,,,,,,,,,,,,,,,,,,,,,,,,,,,,,,,,,, [ 6823398781 ],,,,,,,,,,,,,,,,,,,,,,,, 
  [ 7194821761 ],,,,,,,,,,,,,,,,,,,,,,,,,,,,,,,,,,,,,,,,,,,,,,,,,,,,,,,,,,,,,,,,,,,,,,,,,,,,,
  ,,,,,,,,,,,,,,,,,,,,,,,,,,,,,,,,,,,,,,,,,,,,,,,,,,,,,,,,,,,,,,,,,,,,,,,,,,,,,,,,,,,,,,,,,,,
  ,,,,,,,,,,,,,,,,,,,,,,,,,,,,,,,,,,,,,,,,,,,,,,,,,,,,,,,,,,,,,,,,,,,,,,,,,,,,,, 
  [ 3595753801 ],,,,,,,,,,,,,,,,,,,,,,,,,,,,,,,,,,,,,,,,,,,,,,,,,,,,,,,,,,,,,,,,,,,,,,,,,,,,,
  ,,,,,,,,,,,,, [ 9322947901 ],,,,,,,,,,,,,,,,,,,,,,,,,,,,,,,,,,,,,,,,,, [ 13914629362999 ],,
  ,,,,,,,,,,,,,,,,,,,,,,,,,,,,,,,,,,,,,,,,,,,,,, [ 87311193511, 553238638411 ],,,,,,,,,,,,,,,
  ,,,,,,,,,,,,,,,,,,,,,,,,,,,,,,,,,,,,,,,,,,,,,,,,,,,,,,,,,,,,,,,,,,,,,,,,,,,,,,,,,,,,,,,,,,,
  ,,,,,,,,,,,,,,,,,,,,,,,,,,,,,,,,,,,,,,,,,,,,,,,,,,,,,,,,,,,,,,,,,,,,,,,,,,,,,,,,,,,,,,,,,,,
  ,,,,,,,,,,,,,,,,,,,,,,,,,,,,,,,,,,,,,,,,,,,,,,,,,,,,,,,,,,,,,,,,,,,,,,,,,,,,,,,,,,,,,,,,,,,
  ,,,,,,,,,,,,,,,,,,,,,,,,,,,,,,,,,,,,,,,,,,,,,,,,,,,,,,,,,,,,,,,,,,,,,,,,,,,,,,,,,,,,,,,,,,,
  ,,,,,,,,,,,,,,,,,,,,,,,,,,,,,,,,,,,,,,,,, [ 6020993701 ],,,,,,,,,,,,,,,,,,,,,,,,,,,,,,,,,,,
  ,,,,,,,,,,,,,,,,,,,,,,,,,,,,,,,,,,,,,,,,,,,,,,,,,,,,,,,,,,,,,,,,,,,,,,,,,,,,,,,,,,,,,,,,,,,
  ,,,,,,,,,,,,,,,,,,,,,,,,,,,,,,,,,,,,,,,,,,,,,,,,,,,,,,,,,,,,,,,,,,,,,,,,,,,,,,,,,,,,,,,,,,,
  ,,,,,,,,,,,,,,,,,,,,,,,,,,,,,,,,,,,,,,,,,,,,,,,,,,,,,,,,,,,,,,,,,,,,,,,,,,,,,,,,,,,,,,,,,,,
  ,,,,,,,,,,,,,,,,,,,,,,,,,,,,,,,,,,,,,,,,,,,,,,,,,,,,,,,,,,,,,,,,,,,,,,,,,,,,,,,,,,,,,,,,,,,
  ,,,,,,,,,,,,,,,,,,,,,,,,,,,,,,,,,,,,,,,,,,,,,,,,,,,,,,,,,,,,,,,,,,,,,,,,,,,,,,,,,,,,,,,,,,,
  ,,,,,,,,,,,,,,,,,,,,,,,,,,,,,,,,,,,,,,,,,,,,,,,,,,,,,,,,,,,,,,,,,,,,,,,,,,,,,,,,,,,,,,,,,,,
  ,,,,,,,,,,,,,,,,,,,,,,,,,,,,,,,,,,,,,,,,,,,,,,,,,,,,,,,,,,,,,,,,,,,,,,,,,,,,,,,,,,,,,,,,,,,
  ,,,,,,,,,,,,,,,,,,,,,,,,,,,,,,,,,,,,,,,,,,,,,,,,,,,,,,,,,,,,,,,,,,,,,,,,,,,,,,,,,,,,,,,,,,,
  ,,,,,,,,,,,,,,,,,,,,,,,,,,,,,,,,,,,,,,,,,,,,,,,,,,,,,,,,,,,,,,,,,,,,,,,,,,,,,,,,,,,,,,,,,,,
  ,,,,,,,,,,,,,,,,,,,,,,,,,,,,,,,,,,,,,,,,,,,,,,,,,,,,,,,,,,,,,,,,,,,,,,,,,,,,,,,,,,,,,,,,,,,
  ,,,,,,,,,,,,,,, [ 115564194901 ] ]);
