BRENTFACTORS[8412]:=MakeImmutable([ ,,,,,,,,,,,, [ 1420895205809, 5412975332898251 ],,,, 
  [ 63702072165872011 ],,,, [ 749146423665781 ], [ 7218505291141 ],,, [ 5544015313601 ], 
  [ 2139918236965601 ], [ 444804130333369 ],, 
  [ 5626746287, 570791894786333748546171134561724893531141565443 ],, 
  [ 540004295029, 1643682538811052610290780999553 ],, [ 3858552173513004470053 ], 
  [ 20695217125982843617 ], [ 11687049991, 280480537459132800403528655296007377591 ], 
  [ 243503984593 ],,,, [ 44537501401 ], [ 1182454515559, 2680669272093151085812742113377739 ]
   ,,, [ 3488006571273744068467508743476241733 ], [ 208812269415575693341 ], 
  [ 2171198621, 69212994282736237, 609415173942747341880779 ],, [ 473459818462321 ], 
  [ 2645966081135815474051 ], [ 853823985152494051 ], [ 12020831593991749 ], 
  [ 324568432784136753941, 617124728448127755649, 9340636511378518107893 ],, 
  [ 4669232794273, 162565360754298427 ],, [ 1661018608670321861687399273554969 ], 
  [ 124545879169, 2466181883097438512546899 ], 
  [ 1424183899733653, 86416062129177328153699088825662102271 ], [ 12240556318987 ], 
  [ 4658285809454135989621 ],, 
  [ 727509572197, 2240364079835527355689297, 19746678898766681927712190686101 ], 
  [ 274855208849860757970349, 972066701248369179406818859 ], 
  [ 317041648103809, 117029817467549953 ], [ 16465525441 ], 
  [ 14783546127703, 1802113493399054986939846803241 ], 
  [ 4074060961, 468926428650916368763152527 ], [ 1415571128096257980781 ],, 
  [ 8063583673311208177871611 ],, [ 8615743731441935759521 ], 
  [ 1692548975818561559, 5136801037856558573 ], 
  [ 202208425310243513431, 521603887217957833344894073, 
      104989705285379572132387243371864025421 ],, 
  [ 1542077877177236309152329420848246226413909 ], [ 6554939041568665489589 ],, 
  [ 2163272959, 672634384862654414719 ], [ 547944362751974795677818189606001 ], 
  [ 3407314338439991562587729059 ], [ 33621494140237043358693640018322548124156506516051 ],,
  , [ 25807565191, 786850457171 ], [ 11084733216889, 3988268270165365565450183173 ], 
  [ 3075506377, 15694090777 ], [ 10449975709361, 22601768263979609 ],, 
  [ 2762747438761, 74320711632426750300001, 9418637000940866734341902131 ],, 
  [ 1943629287846984949 ], [ 2482563065989 ],,, 
  [ 310063236481, 18747888147675850753, 746902201574947405928929, 69087806862071628264199873 
     ], [ 704688921863 ],,,, [ 1771425118980221207, 1059852694422054785408399 ],,,,, 
  [ 298039194740983433, 250537660339581160813 ], [ 35336718093265601726555687 ], 
  [ 956671146435817 ], [ 1179373850722273, 4017916135719478627 ], 
  [ 47358379751, 39524759096000160769263181, 72229512784432158601678573295351 ], 
  [ 25730358331 ], [ 322191040031298929 ],, 
  [ 2091950263080283, 974932402214150402053, 72459100115347915857637173679 ], 
  [ 2258146922483428671691 ], [ 35007841049237629, 147995732385667838926467184443649 ],, 
  [ 5584435433, 8128197412679 ], [ 644044478303069761 ], 
  [ 475212502257464241711719881, 15394418716464875113694442639966886343401 ],, 
  [ 188242052203, 20049189612129589, 1419360589095337613, 714369454934594229679 ], 
  [ 1137928911349123, 3305900920150489, 4287599789913227201341 ], [ 9361710833 ], 
  [ 145070658379101251 ], [ 62508899519513225227, 164104589408892728849387235625045744279 ],
  , [ 7051541662352843137 ], 
  [ 6687063301, 1581039646760928298117, 13664296011750781535130127 ], [ 10693006351 ], 
  [ 4916570957, 25544041587326219131 ], [ 35338173553, 410759766824763903889 ], 
  [ 11730651073, 5929653998472167442767 ],, [ 19740341124498331, 6229819714054805403481 ], 
  [ 4096142521, 18708609481, 409911477264089 ],,, [ 3550899775714203139 ], 
  [ 551588564484399401 ],, [ 314781723128273918311759 ], 
  [ 275706929213, 505939866433, 31708376453607569, 39863266752748297 ], 
  [ 2668533409, 3221381956952737, 7704638416861020577, 25568715152300799543774412897, 
      99815469221131092541562760662780017, 745476440551080284060807545177672321 ], 
  [ 1421954971, 64416037091694991, 66017790910297841, 173028504732479551, 791579484611516651,
      929588859272581141, 37963190904281208741484681 ], [ 490334165201261 ], 
  [ 1625073551079576582923989, 73194325930147956075780379, 212195566759361147625951919, 
      2746377050156070288670535803 ], [ 61640335466497, 1752436533753849993481753 ], 
  [ 24307612934459, 213170590933680783677 ],,, [ 11952073374835901873 ],, 
  [ 14768165452485585757, 3378970952251993705309339756813 ], 
  [ 21053069791291, 2858647938053221, 51107973346711591075361, 3274208234007102341376341 ], 
  [ 54031694209602658209649 ], [ 927514710571, 4475248076403707 ],, 
  [ 16697836879, 8695496293903183 ],,,,,, [ 108631015351, 198305553927361 ], 
  [ 138128298424232233682099598601 ], [ 174771935179, 312269951953607 ],,, 
  [ 131048765384321 ],,,, [ 1062832021, 351433894177055129580907363 ], [ 166464009765059651 ]
   ,, [ 2141743189, 665974262047993108291633 ], [ 1345071419, 100681358047 ], 
  [ 1731042413, 2702277439, 1545272032709 ], [ 11787986701 ], [ 2280037831739 ],, 
  [ 466705863008587 ], [ 4924366609 ],,, [ 1059787947637 ], [ 3449430769, 273827561417 ],,, 
  [ 4464429799 ], [ 71613182581441 ],,, 
  [ 67212107041, 433609686474527551, 90229545997758577449001 ], 
  [ 5860634809, 2263821888315877 ],,,, [ 21144819001, 29412487801 ],,, [ 91772110487 ],, 
  [ 2141256066483155761 ],,, [ 1473966304652609 ],, [ 39576492615986996041 ], 
  [ 352720806913, 4428297267241 ],, [ 3730842823 ], 
  [ 2523144103, 20309906471, 4850467230546133019093 ], [ 158794240331, 173742768071 ], 
  [ 12583926893449, 131357575474921 ], [ 8798760629 ],, [ 6063951454513 ],, [ 185682901847 ],
  [ 7015674637 ], [ 2720028192149183 ], [ 1364108173485226813729 ], [ 64549828010898001 ], 
  [ 2009193797331089, 148485496209208049 ],,, [ 2459907467, 675448670204491 ], 
  [ 540066599684231 ], [ 610596155401, 8461441426747 ],,,,, 
  [ 73149678906037, 155900917656977, 1833023473902297701 ],,,,, [ 51338876063 ],, 
  [ 141620085022070791 ],,, [ 49772481674401979443, 323643730321501329432067 ], 
  [ 1696813493148533267 ],, [ 8460616621 ], [ 150824243326886564251 ], 
  [ 6079905041128751909 ], [ 5108993731096756833736909 ], [ 3401555147, 1661794900877 ], 
  [ 61172971381, 14345660925245863 ], [ 1097477797977897541 ],, 
  [ 811940829881, 37144751270210377 ], [ 82634857307458423999 ], [ 1859115469 ], 
  [ 67044903162268907256421, 925098960680414917648681 ],,, [ 368330218625738381807 ], 
  [ 8641147681, 9959477044398834481 ], [ 1575411221 ],,, [ 13249464937 ], 
  [ 162306312722134249 ],, [ 112329939563 ],,, [ 191386941439, 26810626183024603 ], 
  [ 3559911301 ],,, [ 6334289826713 ],, [ 68651922140290441 ], [ 20599895298790999 ],, 
  [ 1847809126777, 49483362032843 ], [ 26369884808284752827977 ], 
  [ 21115548541, 1065688595620681 ],, [ 43057689023232493 ], [ 7321536577 ],, 
  [ 2942585275218284547871 ], [ 5798660971, 1353943861943826631 ],, [ 517689861043 ],, 
  [ 8568321611, 19543365911, 985587036266141 ],,,,, [ 8007853980635401 ], [ 107342710903 ], 
  [ 2917620491, 1166519681828651, 53535490588757771677 ], [ 64003135411 ], 
  [ 15790793297, 10339525616740961, 30774131973909415649 ], [ 3293851234699381 ], 
  [ 33816079125499087 ],, [ 1129189909 ],, [ 892156242813400141 ],, [ 49635645338761 ],,, 
  [ 14848163103900147211 ], [ 927964968900917 ],, [ 5643048967 ],,,, [ 4769555931530657 ],,,,
  ,,, [ 81123623099 ], [ 19104273541, 221167924944955064969407681 ], [ 34038238037 ],,, 
  [ 8393392279 ],, [ 13159439231293153 ],, [ 10753900008419362523 ],,,, [ 464644048955419 ], 
  [ 16196387165323 ],, [ 59410155061 ],,,,, [ 29451642221401, 268042462803792601 ], 
  [ 5217459859 ],, [ 77507360683, 3021274297807 ],,,, [ 1933070674857841 ], 
  [ 1350289007, 692100741611, 75827772672893 ],,,,, [ 315517037718037 ], 
  [ 2992386254628317, 30359389999210637 ], [ 2146532881 ], [ 455827980241, 235843058662201 ],
  ,,, [ 158039116021, 2994797531711 ],, [ 5960686392537157 ], [ 784744665317519 ], 
  [ 252802659357293 ],,, [ 1182664081, 542142642289 ], 
  [ 184979121774427, 25215937191529898311 ],,,,,,,, [ 140928655199, 139343034043469327 ],, 
  [ 444866124734850777269 ], [ 8338908199 ], [ 3528430097676511, 25464894039093567346081 ],, 
  [ 141613320214144073 ],, [ 12825335129, 73911050990939 ],, [ 1156953862549 ], 
  [ 19069283621 ],,, [ 85244574911201 ],,, [ 44341527335431, 18134384943258549317119 ], 
  [ 12273596761, 7342031475747017473 ],,, [ 1276465147 ],,,,, [ 1784697295013 ],, 
  [ 7226329843, 8026439160457, 3308037027664238011 ], [ 109364056875181, 652675874493191 ], 
  [ 866651712161 ], [ 10424996344579 ],, [ 14349076635511 ], 
  [ 2655544921, 114116756373899664421 ],, [ 2887287287 ], [ 869597344333 ],,, 
  [ 7557976981, 5698115300539, 23228801979159607, 25958317626148057 ],, [ 123594199433 ], 
  [ 8239572199 ], [ 197649415244851 ], [ 2082935852663 ],, [ 638098753219259 ], 
  [ 3683292671073964271 ], [ 1210162171, 414569768251 ], 
  [ 63451608433, 1700730513289, 4146023735124697 ],,, [ 65460620171 ], [ 429334293686321 ], 
  [ 74060861612347 ], [ 1337883130663 ],, [ 82415162341, 2345007133069 ],,, [ 4396943118343 ]
   ,,, [ 9913815001, 3970783527760265851 ],,, [ 18158053754017 ], [ 96842435821 ], 
  [ 81580349578001, 697984699928881 ],,, [ 7404293370697 ],, [ 3767006315441 ],,,,,,,, 
  [ 6932923453, 87019800330997, 467885696924881, 98585903961123600061 ],,,, [ 3961420724969 ]
   ,, [ 3097194722492593 ], [ 13688432919151 ],, [ 130015751782573 ], [ 2411632415323 ],, 
  [ 48130119361 ],, [ 9453507409602317 ],,,,,, [ 1405511249, 2161016257 ], [ 3551772283 ], 
  [ 279444249631 ], [ 1177760719 ], [ 4301467688461 ],,,, [ 125616513601 ], 
  [ 8760395351, 335745107573 ], [ 4681263718603 ],, [ 57196414501 ],,,, [ 13736826610417 ],,
  , [ 34054067503, 191074283479 ], 
  [ 3658780039297, 8075317974258095081, 69293581622093310099421 ],,,, 
  [ 4913098218590209, 5442840452694164510209 ],, [ 4826685076489 ],, 
  [ 759775559581, 168724089416593 ], [ 2583683719 ],, [ 1414990183 ],,,, [ 39274394213 ],, 
  [ 235323241683601 ],,,,,,, [ 8648266481, 2982166631501 ],,,,,,,,, [ 5393903087 ],,,,, 
  [ 1122447370574713, 10253583822574093 ],, [ 22412832004301 ],, [ 12277063260313190351 ],, 
  [ 1866742561 ],, [ 5683637243, 71596478081 ], [ 9155765071, 25826034781 ], 
  [ 8243107580249, 135245900512781 ],, [ 47068752385279 ],, [ 1144281601, 3287559521 ],, 
  [ 8662892431221221 ],,,,, [ 12468561337, 802269785784601 ],,, [ 19092144301 ],,,, 
  [ 2257358321, 39742472519, 23908303184430205367 ],,,, [ 15329406193 ],, [ 54660210361 ],,,
  , [ 1014153961, 80272004209 ],, [ 79915854733116593625809 ],, [ 65547785689 ],,,,, 
  [ 3708582863 ], [ 71257766581 ],, [ 9787995085417, 4522564468887217 ],, [ 24077610764897 ],
  , [ 4916868411424201 ],,,, [ 4037183113, 101221553301132710653 ],, [ 117828103782877987 ], 
  [ 4583060023 ], [ 91978343969 ],,,,,, [ 271098775598117263 ], [ 117560628043711 ],,,,,,,,,,
  , [ 8141983703099221 ],, [ 8352071557 ],, [ 29460158087853151 ],, [ 67023017800337 ],,,,,, 
  [ 3606213337 ],,,, [ 2575451035309, 299249772308857 ],,,, [ 65841038999 ],, 
  [ 275852943577 ],, [ 38392644067051 ],, [ 3636878821 ],,,, [ 1416774424817 ],,,, 
  [ 74551142309304541, 421597115466306781 ],,,, [ 1437914574673 ],,,,, [ 1220835224005273 ],,
  ,,,,,, [ 1918248359 ],,,,,,,, [ 3338785198561 ],,,,,,,,,,, [ 28883397971137 ],,,,, 
  [ 1854627289 ],,,,, [ 190632079661 ],,, [ 1760660190629 ],,, [ 7635871057 ],, 
  [ 178477128439 ],,,,,, [ 1230266161 ],, [ 559547558197 ],,,,,, [ 274796687213777 ],, 
  [ 22814814101, 646623158771 ],, [ 122792622676693 ],, [ 1272944618917 ],, 
  [ 11980649711849089 ],,, [ 1325158543 ],,, [ 1897779988483 ],, [ 3198457081777 ],, 
  [ 3036303703439 ],,, [ 113525648377 ],,,,, [ 13026458381 ],, 
  [ 340841726821, 20545753971836521 ],,,,,, [ 390078565537 ], [ 285691106317 ],,, 
  [ 550171561606493 ],,,, [ 89885289341, 240179156141 ],,,, [ 32387704147, 9775888557103 ],,
  , [ 1280242699 ], [ 1645162691 ],,,,,,, [ 5693336531 ],, [ 3837196546159 ], 
  [ 1026016561513, 2590837420637, 7284143913979733 ],,, [ 4725873797 ],,,, [ 4014942391 ],,,,
  ,,,, [ 1744072639 ], [ 53417462521, 3812149519905481 ],, [ 27116545111990907 ],, 
  [ 184302205513 ],,,,,, [ 111313269233 ],,,, [ 52769160793361 ],,,,,,, [ 8114764351 ],,, 
  [ 4655818333 ],, [ 2938000801, 115253374523741 ],, [ 1587043436161 ], [ 29896831483 ],, 
  [ 2272971871 ],,, [ 53513639338919 ],,,, [ 496169208149 ],,,, [ 528984572113 ],,, 
  [ 108886605127 ],,,,,,, [ 7994338119377, 10021711814561 ],, [ 18130701733 ],, 
  [ 238351129361 ],,,, [ 343390187223073 ], [ 5367397661 ],, [ 1185872197, 5977080661 ], 
  [ 3596137889, 38931872393205569 ],,,,,,,, [ 7250575868593 ],,,,,,,, 
  [ 28858020881, 619948973649149 ],,,, [ 356112594244249 ],, [ 3512259975992431 ],,,, 
  [ 3801049157173 ], [ 1396978651 ], [ 243171318611201, 1816234378466234497 ], 
  [ 67479603907 ],,,,,, [ 91626003127 ],,,,,,,,,,,,, [ 560939009438741 ],, 
  [ 2172773062975987 ],, [ 4172616761 ],,,,,,,,,, [ 17014640111641 ], [ 6962413565143 ], 
  [ 448846104757 ],,,,,,,, [ 941932593251921 ],,,,, [ 4109905171 ],, [ 116036122129 ], 
  [ 663798465697 ],,,,,, [ 85554694243, 266107165577893 ],,,, [ 4729431409 ],,,,, 
  [ 108613545877 ],,, [ 20620345879603 ],, [ 84748924936721 ],, [ 2852865061 ],, 
  [ 971162993736541 ],, [ 38065880663 ],,,,,, [ 2829629461 ],,,,,, [ 2119240367 ], 
  [ 1006025413 ],,,,, [ 16683085541569 ],,,,,,,,,, [ 13402443062945173 ],,,, 
  [ 1030116839, 153814634507 ],, [ 84614637264193 ], [ 2569583977, 112090843217 ],,,,, 
  [ 5636427499, 35210864053, 590106804223 ],,,,,, [ 1414786921 ],,,,,, [ 341339074057 ],,,,,,
  ,,,,, [ 121711142797 ],,,,,, [ 226869240151 ], [ 7740734755249, 5103063549284970457 ],,,,, 
  [ 2449769563 ],,,,,,, [ 4083321793, 208317276289 ],,, [ 43316831917 ],,,,,, 
  [ 11404047691 ],, [ 1663021933 ],,, [ 1448620571 ],,,,,,,,,, [ 926967585601 ], 
  [ 1192624061 ], [ 3956045189 ],,,, [ 7529558371 ],,,,, [ 322790859907 ],,,,,,,,,, 
  [ 1054517983, 3351807331 ],,,,,,,,, [ 333582439332091 ],,,,, [ 28950586981 ],,, 
  [ 6229565317 ],,,, [ 3636877729, 503914631551 ], [ 25939199587967 ], [ 10507152001 ],,, 
  [ 2282657357, 9369731491 ],,,, [ 125183893537 ],,,,,,,,, [ 256288380661 ],,, 
  [ 2100676267 ],,,,,,,,, [ 2493583489 ], [ 123779842271 ],,,,,,,, [ 103349870137 ],,,,,,,,,,
  ,, [ 4971579859 ],,,,,,,,,,,,,,,, [ 479212310413 ],, [ 146505429277 ],,,,,,,,, 
  [ 12760578001 ],, [ 275249755483 ],,,, [ 3605656591 ],,, [ 10287141619 ],,,,,,,, 
  [ 1478685982387 ], [ 54440953309, 112442831663294497 ],, [ 31169765613761 ],,,,,,,,,,,,,,,,
  ,,,,,, [ 34849810819 ],,,,, [ 1749563447 ],, [ 1362743933 ], [ 136055623751 ],,, 
  [ 16077889549 ],,, [ 58353328640617 ],,,,,,,,, [ 1185163321 ],,,,,,,,,,,,,,,,,,,,,,,,, 
  [ 1032699578611 ],,,,, [ 1308249743291 ],,,,,,,, [ 212804013319 ],,, [ 14491631977 ],,,, 
  [ 2278457680321 ],,, [ 45171514519 ],,,,,,,,,,, [ 1305354109 ],,,, [ 4761752497 ],,,, 
  [ 1130842693, 1232945821, 1838991169 ],,, [ 74401619251 ],,, [ 225869946223 ],,,,, 
  [ 1314654643 ],,,,, [ 31584369269 ],,,,,,,,,,,, [ 15698270561 ],, [ 37173657109 ],,,,,,,, 
  [ 4804166671 ],, [ 20673903797 ],, [ 1297671553 ],,,,,,, [ 29416650619 ],,,,,,,,,,,,,,,,,, 
  [ 85645106797 ],,,, [ 759654453823 ],, [ 14263262141 ],, [ 2104596229 ], [ 93926583169 ],,,
  ,,,,,,,,, [ 8392276681 ], [ 26667838793 ],, [ 5680049647 ],, [ 1801009051 ],, 
  [ 4906222927 ],, [ 1538852947 ],,,,,,,,,,,,,,,,,,, [ 57010503961 ],,,,,,,, [ 2562308113 ],,
  ,,,, [ 34886960340527 ],,, [ 11797451621 ],,,,,,,,,,,,,,,,,,,,,,,,,,,,,,,,,,,,,,, 
  [ 42357004609 ],,,,,,,,,,,, [ 13032587400577 ],,,,, [ 55424458207 ],,,,,,, [ 2342769329 ],,
  ,,,,,,,,,,,,,, [ 131888784169 ],,,,,,,,,,,,,,,, [ 1274526241 ],,,,, [ 13423314871 ],,,,, 
  [ 1185273071 ],,,,,, [ 12853244513 ],,,, [ 10297145981 ],,,, [ 2283505489 ],,,, 
  [ 5251585873 ],,,,,,,,,,,,,,,,, [ 175307887291 ],,,,,,,,,,,,,,,,,,, [ 73725619577 ],,,,,,,
  , [ 125608508737 ], [ 89469228581 ],,,,,,,, [ 3567776869 ],,,,,,, [ 12917526641 ],,,,,,,,,
  , [ 1701869023 ],,,,,,, [ 169923686221 ],,, [ 370793909677 ],,,,,,,,,,,,,,,, 
  [ 39391419037 ],,,, [ 1325213353 ],,,,,,,,, [ 8254968257, 16492275612391 ],, 
  [ 2030746741 ],,,,,,,,,,,,,, [ 539368836037 ],,,,,,, [ 12589952801 ],,,, [ 1027386781793 ],
  ,,, [ 14178561409 ],,,,,, [ 2208711979 ],,,,, [ 15427451551 ],,,,,, [ 21474503971 ],,,,,,,,
  ,,, [ 5586698197 ], [ 10920598361 ],,,,,,,,,,, [ 12098319689 ],,,,,,, [ 40666652251 ],,, 
  [ 59737096427 ],,,, [ 48053089459 ],,,, [ 2009860813 ], [ 20102253190931 ],,,,,, 
  [ 2566105741, 11549846177 ],,,,,,,,,,,,,,,,,,,,,,,, [ 69529892539 ],,,, [ 2084575183 ],,, 
  [ 4843874593 ],,, [ 3119657311 ],,,,,,,,,,,,,,, [ 1411185673 ],,, [ 10137751021 ],,,,,,,, 
  [ 10577120419 ],,,,,,, [ 1056480001 ],,,,,, [ 2679109501 ],, [ 1243828349 ], 
  [ 94633476967 ],,,,,,,,, [ 11655816391 ],,,,,,,,, [ 1003725493 ], [ 4446364609 ],,,,,,,,, 
  [ 366906851221, 366932115467 ], [ 234065643787 ], [ 46428658597 ],,,,,,, [ 6445371533 ],,,,
  ,, [ 3729180097 ],,,,,,,,,,,,,,,,,,,,,,,,,,,,,,,, [ 1073675089 ], [ 1271535971 ],,,,,,,,,,,
  ,,,,,,,,,,,,,,,,,,,,,,,,,,,,,, [ 60234319477 ],,, [ 3275863111 ],,,,,, [ 3193556101 ], 
  [ 1413511313 ],,,,,,,,,,,,,, [ 6396481291 ],,, [ 14064215023 ],, [ 22679514131 ],,,,,,,,, 
  [ 30069617940473 ],, [ 2068132697 ],,,,, [ 3091949719 ],,,,, [ 1462084177 ],,,, 
  [ 11755065481 ],,, [ 14038699231 ],,,,,,,,, [ 5592149389 ],,,,,,,,,,,,,,,,,,,,,, 
  [ 4857212597 ],,,,,,,,,, [ 9708612013 ],,,,,,,,,,,,,,,,,,,,, [ 1027732571 ], 
  [ 4355650261 ],,,,,,,,,,,,,, [ 25159733881 ],,,,,, [ 3183961381 ],,,,,,,,,,,,,,,, 
  [ 54391034881 ],,,,,,,,,,,,,,,,,,,,,,,,,,,,,,,, [ 2926943161 ],,,,,, [ 6049643881 ],,,,,,,,
  ,,,,,,,,,, [ 35009957207 ],,,, [ 15098129707 ],, [ 30650803193 ],, [ 25044027523 ],,,,,,,,,
  ,, [ 3852356749, 10655899651 ],,,,,,,,,,,, [ 1026271723, 4677141907 ],,,,,, [ 1414670071 ],
  ,,,,, [ 9268484671 ],,,,,,,,,,,,,, [ 3929071411, 32602307431 ],,,,,,,,,,,,, [ 2478690397 ],
  ,, [ 30266289217 ],,, [ 286512625453 ],,,, [ 261352778179 ],,,,,,,,,,,,,,,,,,,,,, 
  [ 23293431701 ],,,,,,,, [ 1465906907429 ],,,,,, [ 47870039647 ],,,,,,,,,,,,,,,,,,,,,,,,,,,,
  ,,,,,, [ 1924864360681 ],,,,,,,,,,,,, [ 147271615357 ],,,, [ 4787578291 ],,, 
  [ 14090904769 ],,,,,,,,,,,,,,,,, [ 773052921541 ],,,,,,, [ 14723609161 ],, 
  [ 1172768073247 ],,,,,,,,,,, [ 133524830401 ],,,,,,,,,,,,,,,,, [ 49595884969 ],, 
  [ 6007433137 ],,,,,,,,,,,, [ 9478468693 ],,,,,,,,,,,,,, [ 105529379201 ], [ 3987796609 ],,,
  ,,,,,,,,,,,, [ 5188261789 ],,,, [ 2620208111 ],,,,,,,,,,,,,,,,,,,,,,, [ 16635280429 ], 
  [ 318356715737 ],,,,,,,,,,,,,,,,,,,,,,,,,,,,,,,,,,,,,, [ 1417446517 ],,,, 
  [ 1662031001, 8541504137 ],,,,, [ 4344368029 ],,,,,, [ 16629403753 ],,,,,,,, 
  [ 1281863941 ],,, [ 56560372861 ],,,,,,,,,,,,,,,,,,,,,,,,,,,,,,, [ 4316494717 ],,,,,,,,,,,
  , [ 205123717289341 ],,,,,,,,,,,,, [ 75599475703 ],, [ 2260050616753 ],,,,,, 
  [ 18960298171 ],,,,,,,,, [ 2237527977631 ],,,,, [ 86323182349 ],,,,,,,, [ 54311522413 ],,,,
  ,,,,,,, [ 1119634741 ],,,,,,,,,,, [ 8404447697 ],,,,,,,,,,,,, [ 14004660031 ],,,,,,,,, 
  [ 22157323777 ],,,,,, [ 23355037627 ],,,,,,,,,,,, [ 6169899187 ],,, [ 592460694757 ],,,,,,,
  ,,,,,,,,,,,, [ 1451799872513 ],,,,,,,, [ 1121817457 ],,,,,, [ 20470760203 ],,,,,,,,,,,,,,,,
  ,,,,,,,,,, [ 222158365201 ],,,, [ 1909952353 ],,,,,,,,,,,,,,,,,,,,,,,, [ 45160620133 ],,,,,
  ,,,,,,,,, [ 10002292965031 ],,,,,,,,,,,,,, [ 2912453329 ],,,, [ 33452629757 ],,,,,, 
  [ 2170668293 ],,,, [ 9925286317 ],,,, [ 1627062053 ],,,,, [ 845249257789 ],,,,,,,,,,,,,,,,,
  , [ 27894104131 ],,, [ 68123649889 ],,,,,,,,,,,, [ 3568711681 ],,,,,, [ 21057000589 ],,,, 
  [ 29511217661 ],,,,,,,,,,,,,,,, [ 6905289509 ],,,,,,,,,,,,,,,,,,,, [ 2563117481 ],,,, 
  [ 5779580291 ],, [ 32829161269 ],,,,,,,,,,,,,,,,,,,,,,,,,,,, [ 38224723681 ], 
  [ 3915205939 ],,,,, [ 131915267291 ],, [ 236617380217 ],,,,,,,,,,,,,, [ 7220999479 ],,,,,,,
  ,,,,,,,,,,,,,,,,,,,,, [ 170017670761 ],,,,,,,,,,,,,,,,,,,,,,,,,,,,,,,,,,,,,,,, 
  [ 23192322001 ],,,,,,,, [ 3940281929, 6754027237 ],,,, [ 9686407351 ],,,, [ 10305678349 ],,
  ,,,,,, [ 4515503117 ], [ 4468897501 ],,,,,,,,,,, [ 7387393327 ],,,,,,,,,, [ 8813451313 ],,,
  ,,,,,,,,,,,,,,, [ 2049040027 ],,,,,,,,,,,, [ 3609786013 ],,,,,,,,,,,, [ 17921623219 ],,,,,
  , [ 1731247992169 ],, [ 5704427873 ],,,,,,,,,,,,,,,,,, [ 4563316969 ],, [ 1005223997 ],,,,,
  , [ 82597577062937 ],,,,,,,,,,,,,,,, [ 30166759237 ],,,,,,,,,,,,,,,, [ 8777627137 ],, 
  [ 2316062491, 858501407219 ],, [ 14108065409 ],,,,,,,,,,,,,,,,, [ 19615862551 ],,,,,,,,, 
  [ 3430171207 ],,,,,,,,,,,,,,,,,,,,,,,,,,,,,,,,,,,,,,,,,,,, [ 3298369493 ],,,,,,,,,, 
  [ 1551640081 ],,,,,,,,,, [ 13929132683 ],,,,,,,, [ 7650406685437 ],,,,,,,, 
  [ 109188551869, 8895016520179 ],,,,,,,,,,,, [ 1203074069 ],, [ 20808882433 ],,,,,, 
  [ 1060191997 ],,,,,,,,,, [ 4836728161, 2466995320241 ],, [ 15194995733 ],, [ 9675358417 ],,
  ,,,, [ 2813452591 ],,,,,,,, [ 1687011257 ],,,,,,,,,,,,,,,, [ 1240611037 ],,,,,,,,,,,,,,,,,,
  ,,,,,, [ 1369309010959 ],,,,,,,,,,,,,,,, [ 1070974275563 ],, [ 16257650581 ],,,, 
  [ 2443647169 ],,,,,,,, [ 3645924653939569 ],,,,,, [ 6075331057 ],,,,,,,,,,,,,, 
  [ 25921192273 ],, [ 1328121510761 ],,,,,,,,,,,,,, [ 3278733901 ],,,,,,,,,,,,,,,,,,,,,, 
  [ 2427546281 ],, [ 3411230041 ],,,,,, [ 15187560433 ],, [ 3618412001 ],,,,,, 
  [ 13979754281 ],,,,,,,,,,,, [ 1594888819 ],,,,,,,,,, [ 4803573097 ],,,,,, [ 20198647681 ],,
  ,, [ 133151752577 ],,,,,,,,,,,, [ 2993867651 ],,,,,,,, [ 10718862823 ],, [ 2563494009721 ],
  ,,,,,,,,, [ 10440954091 ],,,,,, [ 5580444553 ],,,, [ 9938065681 ],,,,,,,,,,,,,, 
  [ 2594210299 ],,,,,,,,,,,,,,,,,,,,,,,,,,,,,, [ 118087474657 ],,,,,,,,,,,,,,,,,,,,,,,, 
  [ 206348817217 ],,,,,,,,,,,,,,,,,,,,,,,,,,,,,,,,,, [ 6175203707 ],,,,,,,, [ 10733608531 ],,
  ,,,, [ 105851617873 ],,,,,,,,,,,, [ 135390804480937 ],,,,,, [ 64386646801 ],,,,,,,,,,,,,,,
  , [ 1836010441 ],,,,,,,,,, [ 2471496721, 5358466301 ],,,,,,,,,,,,,,,, [ 1345346617 ],,,,,,,
  ,,,,,,,,,,,,,,,,,,,,,,,,,,,,,,, [ 258536871517 ],, [ 5641387441 ],,,,,,,, [ 44732240257 ],,
  ,,,, [ 2721486811 ],,,,,,,,,,,,,,,,,,,,,,,,,,,,,,,,,,,,,,,,,,,,,,,,,,,,,,,,,,,,,,,,,,,,,,,,
  ,,, [ 2604383984581 ],,,,,,, [ 1904904373 ],,,,,,,,,,,,,,,,,,,,,,,,,,,,,,,,,,,,,,,,,,,,,,,
  , [ 125804219701 ],,,,,,,,,, [ 3138135812005351 ],,,,,,,,,,,,,,,,,,,, [ 9285167011 ],,,,,,,
  ,,,,,,,,,,,,, [ 134446054693441 ],,,,,,,,,,,,,,,,,,,,,,,,,,,,,,,,,,,,,,,,,,,,,,,,,,,,,,,,,,
  ,,,,,,,, [ 22130034889 ],,,,,,,,,,,,,, [ 5065375481 ],,,,,,,,,,,,,,,,,, [ 10411007713 ],,,,
  ,,,,,,,, [ 12024475901, 83538451201 ],, [ 2319656389 ],, [ 309241402777 ],,,,,,,,,,,,,,,,,,
  ,,,,,,,,,,,, [ 6598237808683 ],,,,,,,,,,,,,,,,,,,,,,,,,,,,,,,,,,,,,,,,,, [ 425927311489 ],,
  ,, [ 269596494421 ],, [ 2187708751 ],,,,,,,,,,,,,,,,,,,,,,,, [ 25008371281, 38837139883 ],,
  ,,,, [ 330682430989 ],,,,,,,,,,,,,,,,,,,,,,,,,,,, [ 6878403601 ],,,,,,,,,,,,,,,,,,,,,,,,,,,
  ,,,,,,,,,,,,,,,,,,,,,,,,,,,,,,,,,,,,,,,,,,,,,,,,,,,,,,,,,,,,,,, [ 6562422431 ],,,,,,,,,,,,,
  ,,,,,,,,,,,,,,,,,,,,,,,,,,,,,,,,,,,,,,,,,,,,,,,,,,,,,,,,,,,,,,,,,,,,,,,,, [ 5197954369 ],,,
  ,,,,,,,,,,,,,,,,,,,,,,,,,,,,,,,,, [ 1586541433 ],,,,,, [ 25017756583 ],,,,,,,,,,,,,,,,,,,,,
  ,,,,,,,,,,,,,,,,,,,,,,,,,,, [ 30119311609 ],,,, [ 239695261081 ],,,,,,,,,,,,,,,,,,,,,,,,,, 
  [ 4681904977 ],,,,,,,,,,,,,,,,,,,,,,,,,,,,,,,,,,,,,,,,,,,,,,,,,,,,,,,,,,,,,,,,,,,,,,,, 
  [ 255828312577, 1008362032129 ],,,,,,,,,,,, [ 73525105501 ],,,,,,,,,,,,,,,,,,,,,,,,,,,,,,,,
  ,,,,,,,,,,,,,,,,,,,,,,,,,,,,,,,,,,,,,,,,,,,,,,,,,,,, [ 450028805857 ],,,,,,,,,,,,,,,,,,,,,,
  ,,,,,,,, [ 38263587013 ],,,,,,,,,,,,,,,,,,,,,,,,,,,,,,,,,,,,,,,,,,,,,,,,,,,,,,,,,,,,,,,,,,,
  ,,,,,,,,,,,,,,,,,,,,,,,,,,,,,,,,,,,,,,,,,,,,,,,,,,,,,,,,,,,,,,,,, [ 4341362479 ],,,,,,,,,,,
  ,,,,,,, [ 7439391829, 3354346315981 ],,,,,,,,,,,,,,,, [ 6505607501 ],,,,,,,,,,,,,,,,,,,,,,,
  ,,,,,,,,,,,,,,,,,,,,,,,,,,, [ 5359389751, 17864282701 ],,,,,,,,,,,,,,,,,,,,,,,, 
  [ 618786341581, 17115235594819 ],,,,,,,,,,,, [ 1252667683 ],,,,,,,,,,,,,,,,,,,,,,,,,,,,,, 
  [ 20158717129 ],,,,,, [ 23088906294661 ],,,,,,,,,,,,,,,,,,,,,,,,,,,,,,,,,,,,,,,,,,,,,,,,,,,
  ,,,,,,,,,,,,,,,,,,,,,,,,,,, [ 17321323801 ],,,,,,,,,, [ 1613206561 ],,,,,,,,,,,,,,,,,,,, 
  [ 2078413000291 ],,,,,,,,,,,,,,,,,,,,,,,, [ 4361830201 ],,,,,, 
  [ 1717222201, 4378378681, 1955360446681, 3497015401081 ],,,,,,,,,,,, [ 45310076762473 ],,,,
  ,,,,,,,,,,,,,,,,,,,,,,,,,,,,,,,,,,,,,, [ 5265801091 ],,,,,,,,,,,,,,,,,, [ 8868103969 ],,,,,
  ,,,,,,,,,,,,, [ 7411398751 ],,,,,,,,,,,,,,,,,,,,,,,,,,,,,,,,,,,,,,,,,,,,,,,,,,,,,,,,,,,,,,,
  ,,,,,,, [ 5204699641 ],,,,,,,,,,,,,,,,,,,,,,,,,,,,,,,,,,,,,,,,,,,,,,,,,,,,,,,,,,,,,, 
  [ 134255782207 ],,,,,,,,,,,,,,,,,,,,,,,,,,,,,,,,,,,,,,,,,,,,,,,,,,,,,,,,,,,,,,,,,,,,,,,,,,,
  ,,,,,,,,,,,,,,, [ 5681966113 ],,,,,,,,,,,,,,,,,,,,,,,,,,,,,,,,,,,,,,,,,,,,,,,,,,,,,,,,,,,,,
  ,,,,,,,,,,,,,,,,,,,,,,,,,,,,,,,,,,,,,,,,,,,,,,,,,,,,,,,,,,,,,,,,,,,,,,,,,,,,,,,,,,,,,,,,,,,
  ,,,,,,,,,,,,,,,, [ 5537938561 ],,,,,,,,,,,,,,,,,,,,,,,,,,,,,,,,,,,, [ 47950137818881 ],,,,,
  ,,,,,,,,,,,,, [ 4424653663 ],,,,,, [ 75430733401 ],,,,,,,,,,,,,,,,,,,,,,,,,,,,,,,,,,,,,,,,,
  ,,,,,,,,,,,,,,,,,,,,,,,,,,,,,,,,,,,,,,,,,,,,,,,,,,,,,,,,,,,,,,,,,,,,,,,,,,,,,,,,,,,,,,,,,,,
  ,,,,,,,,,,,,,,,,,,,,,,,,,,,,,,,,,,,,,,,,,,,,,,,,,,,,,,,,,,,,,,,,,,,,,,,,,,,,,,,,,,,,,,,,,, 
  [ 7276912147 ],,,,,, [ 4548501049 ],,,,,,,,,,,,,,,,,,,,,,,,,,,,,,,,,,,, [ 4949958973 ],,,,,
  ,,,,,,,,,,,,,,,,,,,,,,,,,,,,,,,,,,,,,,,,,,,,,,,,,,,,,,,,,,,,,,,,,,,,,,,,,,,,,,,,,,,,,,,,,,,
  ,,,,,,,,,,,,,,,,,,,,,,,,,,,,,,,,,,,,,,,,,,,,,,,,,,,,,,,,,,,,,,,,,,,,,,,,,,,,,,,,,,,,,,,,,,,
  ,,,,,,,,,,,,,,,,,,,,,,,,,,,,,,,,,,,,,,,,,,,,,,,,,,,,,,,,,,,,,,,,,,,,,,,,,,,,,,,,,,,,,,,,,,,
  ,,,,,,,,,,,,,,,,,,,,,,,,,,,,,,,,,,,,,,,,,,,,,,,,,,,,,,,,,,,,,,,,,,,,,,,,,,,,,,,,,,,,,,,,,,,
  ,,,,,,,,,,,,,,,,,,,,,,,,,,,,,,,,,,,,,,,,,,,,,,,,,,,,,,,,, [ 12015743221 ],,,,,,,,,,,,,,,,,,
  ,,,,,,,,,,,,,,,,,, [ 14381824969 ],,,,,,,,,,,,,,,,,,,,,,,,,,,,,,,,,,,,,,,,,, 
  [ 5421652237, 22096822441 ],,,,,,,,,,,,,,,,,,,,,,,,,,,,,,,,,,,,,,,,,,,,,,,,,,,,,,,,,,,,,,,,
  ,,,,,,,,,,,,,,,,,,,,,,,,,,,,,,,,,,,,,,,,,,,,,,,,,,,,,,,,,,,,,,,,,,,,,,,,,,,,,,,,,,,,,,,,,,,
  ,,,,,,, [ 4268234881 ],,,,,,,,,,,,,,,,,,,,,,,,,,,,,,,,,,,,,,,,,,,,,,,,,,,,,,,,,,,,,,,,,,,,,
  ,,,,,,,,,,,,,,,,,,,,,,,,,,,,,,,,,,,,,,,,,,,,,,,,,,,,,,,,,,,,,,,,,,,,,,,,,,,,,,,,,,,,,,,,,,,
  ,,,,,,,,,,,,,,,,,,,,,,,,,,,,,,,,,,,,,,,,,,,,,,,,,,,,,,,,,,,,,,,,,,,,,,,,,,,,,,,,,,,,,,,,,,,
  ,,,,,,,,,,,,,,,,,,,,,,,,,,,,,,,,,,,,,,,,,,,,,,,,,,,,,,,,,,,,,,,,,,,,,,,,,,,,,,,,,,,,,,,,,,,
  ,,,,,,,,,,,,,,,,,,,,,,,,,,,,,,,,,,,,,,,,,,,,,,,,,,,,,,,,,,,,,,,,,,,,,,,,,,,,,,,,,,,,,,,,,,,
  ,,,,,,,,,,,,,,,,,,,,,,,,,,,,,,,,,,,,,,,,,,,,,,,,,,,,,,,,,,,,,,,,,,,,,,,,,,,,,,,,,,,,,,,,,,,
  ,,,,,,,,,,,,,,,,,,,,,,,,,,,,,,,,,,,,,,,,,,,,,,,,,,,,,,,,,,,,,,,,,,,,,,,,,,,,,,,,,,,,,,,,,,,
  ,,,,,,,,,,,,,,,,,,,,,,,,,,,,,,,,,,,,,,,,,,,,,,,,,,,,,,,,,,,,,,,,,,,,,,,,,,,,,,,,,,,,,,,,,,,
  ,,,,,,,,,,,,,,,,,,,,,,,,,,,,,,,,,,,,,,,,,,,,,,,,,,,,,,,,,,,,,,,,,,,,,,,,,,,,,,,,,,,,,,,,,,,
  ,,,,,,,,,,,,,,,,,,,,,,,,,,,,,,,,,,,,,,,,,,,,,,,,,,,,,,,,,,,,,,,,,,,,,,,,,,,,,,,,,,,,,,,,,,,
  ,,,,,,,,,,,,,,,,,,,,,,,,,,,,,,,,,,,,,,,,,, [ 291106017721 ],,,,,,,,,,,,,,,,,,,,,,,,,,,,,,,,
  ,,,,,,,,,,,,,,,,,,,,,,,,,,,,,,,,,,,,,,,,,,,,,,,,,,,,,,,,,,,,,,,,,,,,,,,,,,,,,,,,,,,,,,,,,,,
  ,,,,,,,,,,,,,,,,,,,,,,,,,,,,,,,,,,,,,,,,,,,,,,,,,,,,,,,,,,,,,,,,,,,,,,,,,,,,,,,,,,,,,,,,,,,
  ,,,,,,,,,,,,,,,,,,,,,,,,,,,,,,,,,,,,,,,,,,,,,,,,,,,,,,,,,,,,,,,,,,,,,,,,,,,,,,,,,,,,,,,,,,,
  ,,,,,,,,,,,,,,,,,,,,,,,,,,,,,,,,,,,,,,,,,,,,,,,,,,,,,,,,,,,,,,,,,,,,,,,,,,,,,,,,,,,,,,,,,,,
  ,,,,,,,,,,,,,,,,,,,,,,,,,,,,,,,,,,,,,,,,,,,,,,,,,,,,,,,,,,,,,,,,,,,,,,,,,,,,,,,,,,,,,,,,,,,
  ,,,,,,,,,,,,,,,,,,,,,,,,,,,,,,,,,,,,,,,,,,,,,,,,,,,,,,,,,,,,,,,,,,,,,,,,,,,,,,,,,,,,,,,,,,,
  ,,,,,,,,,,,,,,,,,,,,,,,,,,,,,,,,,,,,,,,,,,,,,,,,,,,,,, [ 33998300962817 ] ]);
