BRENTFACTORS[1355]:=MakeImmutable([ ,,,,,,,,,,,,,, [ 1956016171 ],, [ 84127653671 ],,,, 
  [ 12312913621 ], [ 596673951941 ], [ 472900427024158006469 ],, 
  [ 2241417601, 92408356789421501 ],,,, [ 16304793978195085841538354691157 ], 
  [ 42112890031, 57687413671 ], [ 63784495426131216367994293841 ], 
  [ 5741271649, 4210519072208833 ], [ 3500626019089 ], [ 138603525240203087 ],, 
  [ 77570919969913 ], [ 318093045030509212829, 999446692069280914096900006782630890179 ], 
  [ 10813561668897588732211 ],,, [ 24865194797063, 1662057190789563527 ],, 
  [ 2961268789, 13966425989536733212281757655808867647 ], 
  [ 452325176557, 750454244991406693 ], [ 423515913927988413871 ], [ 75625249867 ],, 
  [ 43770272641057 ], [ 83860008702955493, 44697760154616096500605091390938682954231955541 ],
  [ 4761504901, 537052253206568001244051 ], [ 17192857861, 4153219404091 ], [ 1214418983857 ]
   ,, [ 2285656327, 1086187960169477551 ], 
  [ 917753350420156604485362834511576718711, 6578955450724322545013266077412585029341 ], 
  [ 8336544497, 15735808843273, 135911699297204041 ], [ 218524352149, 680175166431214932277 ]
    , [ 724150588841 ],, [ 18912252781 ], [ 114637804235761, 104609772481262182120961851 ], 
  [ 4641872046012281, 1467827006600561447, 38471500363233404931294923 ], 
  [ 722879149000346471197508656103538949 ], [ 69970475130817 ], [ 24871551521051 ], 
  [ 635606245759 ],,, [ 1578760299726122324857 ], [ 1125733001 ],,, [ 3935374647331337993 ], 
  [ 208374363718046914301, 189628447742391563471499347423 ], 
  [ 477286386790441951, 11652221583696098111851 ],,, [ 540905387569 ], 
  [ 363072715986438451151 ], [ 65254062645932048226462023021715628419121 ], 
  [ 29761278938155589599, 108856500093333195319 ], 
  [ 474621689653, 2106713355863, 2864391418190111 ], 
  [ 711142770477509, 1864511019400404058883 ], [ 58337126869030464841 ], 
  [ 846897849521, 507220335892805233661 ],,,, [ 50807807646936878054453999 ], 
  [ 1116856801 ], 
  [ 104045262814039, 3217194999829721, 28069366294090213, 714068113874482116327156307 ], 
  [ 516598846661, 58223357362301657, 921325671322681451388973, 118152523992243506433548093 ],
  , [ 140558464441477516503318359057, 1574055941482504004338612417233733715155076902451 ], 
  [ 9422972067530652431, 24978235333615966926153521 ], 
  [ 356773365571873, 47476142920552033, 3441181974527149057 ], [ 89737827353070877 ], 
  [ 24198338639065879 ],, [ 55572331256887204558527118187701 ], 
  [ 42407491410826441, 439607557315839535003 ], [ 3027324084459859980823 ], 
  [ 2013644851, 31896406672687471539678073 ], 
  [ 38104481257168561, 58016518851930379471001422841 ],, [ 48269342749 ], 
  [ 3959696357, 209936370371857, 1992994093916166867293 ], 
  [ 1116165097, 25456245301, 40971866441113, 3033690926415585776256313 ], 
  [ 19553476382746032638509226641 ], [ 26476238265932980418577418281628544101 ], 
  [ 88039092968257 ], [ 426799057044949582615889 ], [ 25995622019688283208877401 ], 
  [ 2021879263, 11735174251, 979104197717058891988819100941379386252813 ], 
  [ 111195305754987651590971 ], 
  [ 1538686601472608657, 3484793260272803814287414546549, 
      1162467110869006308493907549045216788261 ],, [ 2027679649745880899051823679 ], 
  [ 1044998849877613 ], [ 10057361055361, 1337508253423925643481 ], 
  [ 89819320999, 576024766507766929 ], [ 49850151269747, 259196835942241667241820231 ], 
  [ 30172035430875405703001941093 ], [ 102574664837, 7923229680697, 8381825772288889 ],, 
  [ 98509881334974246394633484235533473018586083 ], [ 6347418599 ], 
  [ 41665311361, 1792447527775361 ], [ 16257616655129089, 312333638290205115289 ], 
  [ 594543676569529321181, 1480531465877384197821311, 136430971736047146051728180191 ],, 
  [ 48614501813372353226941 ], [ 844709902522267764193 ], 
  [ 136206538471, 21357690525818123041 ], [ 349407444691, 17001074080182920941 ], 
  [ 25492241473, 30416636452729, 52839338170984198808451809, 1710559085705926441173801761 ],,
  , [ 13159322902665056639 ], [ 2825723265800871661 ], 
  [ 130982844227077, 16798717240509339813673 ], 
  [ 1570949977, 5719761369307, 293447223838991, 16602495106010794678174198763 ],, 
  [ 394841382913 ], [ 1168293474123571 ], [ 76376282729704755767, 11907206065575561857063 ], 
  [ 4601815080619, 16382598068107710564817777, 26811809905108100602208263 ], 
  [ 1556471183714193469337, 28339241433761403031185281 ], [ 3247188194450432691119 ], 
  [ 740079220351, 463502695778671860929216543983798018682251 ], [ 572698413446009 ], 
  [ 3031325057, 86696768052569273 ], [ 71304641580979, 565891140077593125067 ], 
  [ 238268701204997, 3573272727091875364327 ], [ 57372097783631, 104346360401351 ], 
  [ 4041128283250458642841 ], [ 25824629189 ], [ 306436676828982920344857094093 ], 
  [ 3079498533973 ],, [ 3801832638220219 ],,, 
  [ 6075892829, 1077612871817, 11072060444711798418437144813677 ],, [ 56141122918897 ], 
  [ 1701265356672266117, 18691671349968862849 ], 
  [ 252551792386739270213021521, 50365935598287634206684093649 ], [ 26350750779422239 ], 
  [ 253207578218426101 ], [ 166228281253, 130244896682713 ], 
  [ 31993707848655429066137600141 ],, 
  [ 1025422599343739629, 262657652660659450897, 21494594562632003332249, 
      364645539291899794671655254911761 ], [ 19144460848451 ], [ 6543777742406257 ], 
  [ 539207435346815089, 1019552627587126111, 932755748650503585454819 ], 
  [ 5035591699, 135904335179, 134361088475275520147, 2944174498555846849001703205427 ],,, 
  [ 400446259957 ],, [ 1229848614823 ], [ 591960516801138697, 7870064852385653009 ], 
  [ 635307942041 ], [ 971033506687, 1183804195090081, 2965631181147498544155718813, 
      16701079609220282124228157830469 ],, [ 180877323901, 996980940713071081 ], 
  [ 255955865183929, 376211717480410561 ], 
  [ 13103048471, 2984418755596478521, 372844704018282027131127161, 
      77649000437835186847118678006141 ], [ 209801601847 ], 
  [ 82294747309249, 764461529156647970184543053953 ], [ 2720440379 ],, 
  [ 3050941131609684301, 204343309118202515431 ],, [ 2886372494911, 8631260315581 ],, 
  [ 1009898356219943, 2048576779904887 ],,, [ 1256210731 ], [ 573746347259 ],,,, 
  [ 72948656377 ],, [ 35712638554121 ], [ 528289155241, 3471617810259060126001 ],,,, 
  [ 22929920748703253 ],,, [ 5964763547050883 ],, [ 17622039509517129620569903 ], 
  [ 25492007861, 741168186331981 ], [ 2655374803927 ], [ 8882128093 ], [ 1947336959683 ], 
  [ 153516586413121 ], [ 1141437399000262739018101 ],, [ 135341476013, 15828503527776619 ],,,
  , [ 63080761591, 62917974307584859 ], [ 1128666709649, 4982818116673, 4677713212010482673 ]
    , [ 1757187209 ],, [ 2934070411, 155682726211 ], [ 8762268842361613, 12909690924285637 ],
  [ 2368640260849, 72139825206529393 ], [ 10480451381 ], [ 14257913288166418731599 ],,,,, 
  [ 12331050293808986891309 ], [ 30983821976521 ], [ 2234300413, 3289516281848941 ], 
  [ 91913268967963 ], [ 15782665937, 82962846289, 3172423178609 ],, 
  [ 21519241001, 3004300568001142282751 ], [ 1290744911, 402526278353 ], 
  [ 40827077677, 15665265590622598189 ], [ 446504325697, 2917080534259 ], 
  [ 56436944417976315671389 ],, 
  [ 75107081321022729162905857, 7234408632282543878523842840833 ], 
  [ 146639267143, 252025968656053 ], [ 16963818651741919 ], 
  [ 14548430933, 819028850783583749 ], [ 159368836901 ], [ 95822536717, 110081718919 ],,,,, 
  [ 23004813296278717 ],, [ 569733839619704091001, 9486179697958524236153 ],, 
  [ 4473453421, 4796353906639062807473227034641 ], [ 3771749806787 ], [ 1116624319841 ], 
  [ 1410259790103370207 ],,, [ 206776368793 ], [ 179209143787 ], 
  [ 14136767597, 5430200343476082819127176097 ], [ 7964967056581 ],,, [ 1275618408335611 ],, 
  [ 583193796373, 579115413352608697 ], [ 291259274517481 ], 
  [ 3701857589, 872805484970991939511 ],, 
  [ 678519558885412513, 257190303769767997633, 1622432700726375864961 ],, [ 39944190702991 ],
  , [ 24732367707456056237 ], [ 10732649773, 2934790663380945691523 ], 
  [ 76378803045057394209049 ],, [ 11846943124001 ], [ 55159657441417, 497124609440794831 ], 
  [ 1000524174462090806923, 600922472998533088457666203213 ],,, [ 1726342157 ],,,,, 
  [ 2965976369095676458090482253819 ], [ 462734510223511 ],,,, 
  [ 93003363215293, 583532791602599 ],, [ 40065574391 ], 
  [ 893813613067, 107035449616417322323 ], [ 1604932269599070091 ], [ 3662258617 ],, 
  [ 305025026329, 550227073489, 3113899397779, 297341529836222889163 ],,, 
  [ 5919727279, 2854172711167007383 ], [ 9275027251799, 42030914999906029, 60410802738506123 
     ],, [ 13491832967101 ], [ 179245429045580185601 ],, [ 78834596281447 ],, 
  [ 33980195173 ], [ 8116125271, 33230886461754399001 ],,,, 
  [ 1410676391833987, 1283535371063214571 ],,, 
  [ 36473456081, 656168836633, 972455695097, 1170715265981 ], 
  [ 3732168086012783, 31875851837832731 ],, [ 101545363901 ],, [ 1119285289, 5759383969 ],, 
  [ 60043072003273, 879597710949337 ], [ 298110676021 ], [ 9886852429, 28775858046640043 ], 
  [ 2261897987, 2736666857 ], [ 14768482173461088013 ],,,, [ 370914978890597857 ],, 
  [ 323620452781 ], [ 7228422671 ],,, [ 11160163271077 ],, 
  [ 5016863037601, 96978821729045761 ], [ 143986747099043 ], [ 1241425204991 ],,, 
  [ 51575862181, 110823676151 ], 
  [ 160286441096768461, 2163193304114369762293, 380844189029609522792023 ],, [ 3127681681 ],
  , [ 14665228241, 594890694191, 2086331024248536833531 ],, [ 709773083470700701 ], 
  [ 77428243572064823 ],, [ 779919777001, 2467679975790751 ],,, 
  [ 23311427844853, 7639921419503284372609 ], [ 22068018488849 ], 
  [ 622672484098801, 1319276615141108257901 ],,,, 
  [ 1286401537, 7802933019649, 64703205425358572627713 ],,,, [ 51874944281, 66186840425149 ],
  , [ 6713119921, 11171515940935490011 ], [ 432945176407 ], [ 7626691338950494553 ], 
  [ 6407069569, 899508662803 ],,,,,, [ 17179550683 ], [ 11506063052801 ], [ 8026257521593 ], 
  [ 15359459879683 ],, [ 972197686469 ],,, [ 4645682779 ],, [ 1389496027201 ],,,,, 
  [ 2472425935225325935489 ], [ 99894091411, 90449258802151 ],,, [ 37127606212136345093 ], 
  [ 3773914781881 ],,,,,, [ 33927867301 ],, [ 310500162113 ], [ 3942658131846687941 ], 
  [ 1908633217063 ], [ 792784404661, 107581391460028435871 ],,,,, 
  [ 34339221031, 221859706469941 ], [ 5291267677004437 ], [ 783886172872739 ],, 
  [ 77406733176281 ], [ 5562539123681 ], [ 3279291928921 ],,,, [ 7958035959821 ],,, 
  [ 35273705153, 1025632386241 ],, [ 85427878403251, 725040169833781801 ],,, 
  [ 236145968970409 ],, [ 120673508411, 765718142281 ], 
  [ 60094420717321, 873555214388452299072601 ], [ 22274989010002717 ],,, 
  [ 965681386992426901, 662587596838604900341 ], [ 33923715797 ],, [ 9028085153 ],,, 
  [ 368557566757, 738758362751, 6100912634269 ],,, [ 136988288977, 267492972811 ], 
  [ 1315361541191 ], [ 644674736113333 ],,, [ 13736270677 ],, 
  [ 63920358925528393, 163639236030193442708113 ],,, [ 161492424860363 ],,, [ 1392974699 ], 
  [ 9203208154771, 7183551789352639 ],, [ 897739576915901 ],, [ 1721642401 ],,,, 
  [ 6723040087, 5403007516349, 17906368323703, 844102396900303 ],,,,,,, [ 1322601798498271 ],
  ,, [ 13410370574737 ],,,,, [ 2760956061931 ],,,, [ 1288270901143282501 ],, 
  [ 67618646954744833 ], [ 1364647717, 311158545337 ],,,,,, 
  [ 715273199346397, 1593313048699147 ], [ 149003710358485841 ],, [ 430597470364531417 ], 
  [ 10440322649 ],, [ 844908338401, 277837672289101, 1672044087527101 ],,, [ 146858309137 ], 
  [ 23810693099 ], [ 68822556931 ], [ 9632232739, 109983337814071 ], [ 3302573734181 ],, 
  [ 24056319740203 ],,,,,, [ 23927862241, 8788088452501 ], [ 233811782041 ],,, 
  [ 242419770433 ],, [ 3844540519, 326739683884440786229999 ],, [ 622747712929 ], 
  [ 1357841071750753 ], [ 699877243947751 ], [ 16247463731 ], 
  [ 23424732169, 33519505685569, 140915230156153 ],, [ 17850328695127 ],,,,, 
  [ 937066335739 ], [ 132668907281 ],, [ 159265930678554893 ],,, [ 136128882941 ],,,,, 
  [ 96384285091 ], [ 3551023877 ],, [ 3129086533 ], [ 1934935405650563 ], [ 1932282901 ], 
  [ 3892179544219996993 ],, [ 104409787061 ], [ 543170242099 ],,, 
  [ 3450246874771, 4482509161633 ],,,, [ 28240275257 ],, [ 190933326249709 ], 
  [ 2660644937 ], [ 108381102842611 ], [ 168097014193, 10099675374931, 20568646167662833 ], 
  [ 845386635664801 ],, [ 39553394577247 ], [ 781856064571, 22768203113671 ],, 
  [ 7158857507671 ],,,,,,,, [ 28800225191 ],, [ 5417717801 ], 
  [ 373422875489, 11833421904193 ],, [ 869898542591971 ],, [ 13293815551274953693 ],, 
  [ 4835792777, 2651606335717 ],, [ 22119625150404527507609 ],, 
  [ 527668619497813, 26692018428538549687 ],, [ 7136386730975041 ],,,,,,,,,,,, 
  [ 2915573369 ],, [ 3844847987, 9336962381 ],,,,,,,, [ 5063606788939 ],, 
  [ 8419657933, 2216359226537 ],,,,,, [ 6699363966751 ], [ 5173041301, 9345412995913 ],,, 
  [ 2482211878518487, 18401788985165539 ], [ 6113118931 ], [ 22679755489 ],, [ 2410090817 ],,
  ,,, [ 102711999781, 3156677705689 ],,, [ 3394751851 ],,,,,, 
  [ 4267270343617, 597438373152097 ],, [ 74409497480557 ],,,,,, 
  [ 849798330884281, 10210983694578361 ], [ 29522432212513 ], [ 17686925939 ], 
  [ 1164680287 ], [ 4329627661, 33317437799240137 ], [ 3636617051 ], [ 1639997563 ],,,, 
  [ 35496256837978561 ],, [ 67855596241 ],,,, [ 4952225833, 291272776817041 ],,,, 
  [ 34851102463161306701 ],, [ 5573653957 ],,,, [ 14602031823839 ],, [ 2078362050910441 ],,, 
  [ 421569675001 ], [ 65738475841 ],, [ 17101580917 ],, [ 1583906561, 188670316049 ],,,,,, 
  [ 2516935566203 ],, [ 7125131609 ], [ 14327784916651 ], [ 94378841881057559973907 ],,,,,, 
  [ 10037566837 ],, [ 329962274123 ], [ 44597083462051 ], [ 52757159296993057 ],,,,, 
  [ 170158968877 ],,, [ 1022548393 ],,,, [ 236057609173 ], [ 51388424123 ],,, 
  [ 26606632321 ],, [ 2120220857, 545746255601, 25853293706761 ],,,,,, [ 250039141201 ], 
  [ 116854880137 ],,, [ 381573355661 ], [ 1250844595726591 ], [ 61534852031 ],,,, 
  [ 983503292732731 ],, [ 12269541474137, 18121098254401 ], [ 2097887989 ],,,, 
  [ 17097547783 ], [ 2095615532389177 ],,,, [ 1699030095193 ],, [ 1023228326849 ],, 
  [ 156689715439 ],,, [ 9129788839 ], [ 1105730611 ],,,,,,,, [ 12857794153, 258690815293 ],,,
  , [ 20760720371 ], [ 365392812709 ],,, [ 342720096629 ],, 
  [ 24704569271761, 2404246478992889 ],,,,, [ 119068968649 ],,, [ 18446278129 ],,, 
  [ 1169163451 ],,,,, [ 2178961278817 ],, [ 11436909163, 132860338497181 ],, 
  [ 1872438490801441 ],, [ 5673950551 ],, [ 2139526273 ],,, [ 4859788511 ], 
  [ 696801006816586013 ],,,,,, [ 279971970919 ],, [ 57019072145933 ],,,, [ 217503577021217 ],
  ,,, [ 4512827593 ], [ 6259010333, 72285552103 ],,, [ 7964840321 ],, [ 6028533341204947 ],,,
  , [ 1226056219 ],,,,, [ 2072806261 ], [ 1677015929, 5573423942969, 25829409575873 ], 
  [ 41275108513 ], [ 123544630141 ],,,,,, [ 140622847741 ], [ 1286737909 ],,,,,,, 
  [ 1806613463755777 ],,,,,,,,, [ 5206797241 ],,,,,, [ 1291366753 ],,,,, [ 113477209849 ],, 
  [ 187393776589 ],,,, [ 1172045350841 ],, [ 11041003969, 3867767083187809 ],,,,,, 
  [ 38510214628297987 ],,,, [ 498473678567 ],,, [ 49752852901 ], [ 550346056571 ],, 
  [ 552529293011041 ],, [ 31409112530075546251 ], [ 3398444197 ],,, 
  [ 86624444573, 274322704129 ],, [ 72221246137, 652510736281 ], [ 1188794389 ],,,, 
  [ 10392383299 ],,, [ 41461029409 ],,,, [ 2673773329 ], [ 2853878353 ], [ 25665233757301 ], 
  [ 431338532827 ],,,,,,, [ 2386730832359 ],, [ 1828300801 ],, [ 2507794311829 ], 
  [ 2528934301 ],,, [ 3915957277, 448867117399 ],,,, [ 5792891411, 20491668258181 ],,,,, 
  [ 10929207901 ],,, [ 97741006473739 ],, [ 7280114615341 ],, [ 7303137253367 ],,,,,, 
  [ 21469862441 ],,,, [ 8391007121729 ],, [ 86898936139 ],,, [ 12493823747 ],,,,, 
  [ 74537977399 ],, [ 344738517229 ],,,, [ 5452498801 ],, [ 18311689861 ],,,, 
  [ 20159006233627 ],,,,, [ 50323618663 ], [ 1252821121 ],,,,,,,,,, [ 1984578580631 ],, 
  [ 1654931713 ],,,,,, [ 1685716053391 ],, [ 1061464561 ], [ 12713026625287 ], 
  [ 14380184563 ],, [ 1473055813, 864481268449 ],,, [ 1347076483 ],,, [ 81840558680053951 ],,
  ,, [ 42304155581, 163708009369 ], [ 5768655601 ],,,,, [ 8856407818961, 83574438139961 ],, 
  [ 6458754781 ],,, [ 5526363811 ], [ 956447596807 ],,,,,,, [ 1149408331 ], [ 153086010691 ],
  ,,,,,, [ 3480048167 ],,, [ 2108541517 ],,,, [ 2257466177 ],,,,,, [ 419418253873 ],,,,,, 
  [ 15100819801, 1592839083457429501, 7822694175402346901 ],,,,, [ 1023002371, 6105206771 ],,
  ,,,,,,, [ 4966978433 ],,,,,,,,,, [ 3195620797 ],,,,,,,,,, 
  [ 401387434183, 19263462796999, 346439177384329 ],,,,, [ 74124716753 ], [ 135243117542761 ]
   ,,,,,,,,, [ 1375839249907, 17603854758283 ],,,,,,,,,,,,, [ 17248982479 ],, 
  [ 337259919570817 ], [ 55647702221 ],,,,, [ 207064007345521 ],, [ 231594488669 ], 
  [ 566415647671 ],,,,,,,, [ 30065161057 ], [ 14783186263063087 ], [ 21553616449 ],,,, 
  [ 1165867290607, 40354019276801 ], [ 15860253817, 44047058870629, 52221407052673 ],,,,, 
  [ 5140582123 ], [ 2492517831169 ],, [ 2621538713 ],,,, [ 25102433780401 ],, 
  [ 53409753343 ], [ 24673765789 ],,, [ 78694997389147 ],,,,, [ 1255295959 ],,,,, 
  [ 2885772289 ],,, [ 7452176089 ],,,,,,,,,,,,,,,,, [ 7510832324953 ],,,,,,, [ 9628111439 ],,
  ,,,,,,,,,,,,, [ 11489629759 ],, [ 6324963756349141, 949101921346671174601 ],,,,,,, 
  [ 5144547073 ],,,,, [ 1052411887393, 146768439290617 ],,,,,,,,,,,,,,,,,, 
  [ 39593487541, 1142658355591, 1839709177051 ],,,,,,, [ 11862304933 ],, [ 124439861341 ], 
  [ 45422059801 ],,,,,,,,,,, [ 96549782767 ],,,,,, [ 395007080383 ],,,,, [ 6693418201 ],,,,,,
  ,,,,,,, [ 1041054361 ],,,,, [ 219486141521 ],,,, 
  [ 6619124737, 2562716455489, 90829205274056257 ],,,, [ 9685792382857 ],, [ 1310192551 ],,, 
  [ 1470497227, 225445521907 ],,,,,, [ 1473854527 ],, [ 5697671347 ],,,,,,,,,,,,,,, 
  [ 78631027393 ], [ 11490935563 ],,, [ 7870229701 ],,,,,,, [ 7908588007 ],, 
  [ 1440409669, 4992888289 ],, [ 3931950829 ], [ 37216308769 ],,,,,,,,,,,,,,,,,,,,, 
  [ 1437849019 ],,,,,,,,,,, [ 1235123489 ],,,,,,,,,,,,,,, [ 7242771923 ], 
  [ 212776858081, 342053136001, 7345383429525121 ],,,, [ 30190795333 ],,, [ 7824418087 ],,,,,
  ,,,,,,,,,, [ 3996882853 ],, [ 4902924289 ],,,,,,,,,,,,,,,,, [ 47113672709 ],, 
  [ 4225363601 ], [ 3380728597 ],,,,, [ 5624283559 ],,,,, [ 91086565501 ],,,,,,,,,,,,, 
  [ 67985004671 ],,, [ 39163604621 ],,,,,,,,,,,,,,,,,,,,,,,,,,,,,, [ 7609123061 ],,,,,,,,,,,,
  ,,,, [ 3525698389 ], [ 1433452051 ],, [ 3511575787 ],,,,,,,,,,,,,,,,,,,, [ 1116034043 ],,,,
  ,,,,,, [ 4940690413 ],,,,,,,,,,, [ 2237469947201 ],,, [ 2085057367 ],,,,,, [ 1664365691 ],
  , [ 32782047938623 ],,,,,,,, [ 1745861603 ],,,,, [ 7211578249 ],,,,,,,,,,,,,,,,,, 
  [ 2832628979 ], [ 67106116951 ],,,,, [ 48258039569 ], [ 1405327271 ],,,,,,,,,,,,, 
  [ 4188121999 ],,,, [ 1132047001 ],, [ 2767015177 ],,,,,,,,,,,, [ 16261439041 ], 
  [ 21379311011 ],, [ 2817045793 ],,,,,,,,,,,,,,,, [ 129390596887 ],,, [ 2766900553 ],,,,,,,,
  ,,, [ 31270318231 ],,,,,,,,,,, [ 9953382977 ],,,,,,,,,,,,,,,, [ 14862055141 ],,,,,,,,, 
  [ 52542118267 ],,,,, [ 7686017477 ], [ 3968662231 ],,,,,, [ 10277259397 ], [ 4152375013 ],,
  ,,,,,,,,,,,,,,,,,,, [ 2104040661049 ],,,, [ 282784054459 ],,,,,,,,,,,,,, [ 3558228497 ],, 
  [ 15258518551 ],,,,,,,, [ 30042512389 ],,,,,,, [ 592911566551 ],,, [ 2987165224177 ],,,,,,,
  , [ 1142229656947 ],,,,,,,,,,,,,,,,,, [ 12355558217 ],,,,,,,, [ 110012203351 ],,,,,,, 
  [ 174254374379 ],,,,,,, [ 52610951989 ],,,,,,,,,,,,,,,,, [ 12086964739 ],,,,,, 
  [ 2416171033 ],,, [ 1053980051 ],,,,,,,,,, [ 18885004141 ],,,,,,,,,,,,,,, 
  [ 45100237146241 ],,,,,,,, [ 3565212878113 ],,, [ 87283652371 ],,,,,,,, 
  [ 199387733415137 ], [ 108516947741 ],,, [ 6501433441 ],, [ 6704053231 ],,,,,,,,,,,,,,,,,, 
  [ 27883614097 ], [ 5611605613 ], [ 3994809631 ],,,,,,,,,,,, [ 46653886549 ], 
  [ 5013541657 ],,,, [ 2296571149 ], [ 259872518839, 738126307573 ],,,,, [ 455912421553 ],,,,
  ,,,,,,,,,,,, [ 17874265177 ],, [ 528838514233 ],,,,,,,,,,,, [ 3413527721 ], 
  [ 634041696349 ], [ 3377840042821 ],,,, [ 17453466097 ],,,,,,,,,,,,,,,,,,,,,,,,,,,,,,, 
  [ 1862101261 ],, [ 1339674733 ],,,,,,,,,, [ 7528377793 ],,,,, [ 541739683073 ],,,,,,,,,,,, 
  [ 2997358849 ],, [ 2652140401 ],, [ 1150289641 ],,,,,,, [ 190422963876151 ],,,,,,,,,,,,,,,,
  , [ 64972944961 ],,,,,,, [ 26005711447 ],,,,,,,,,,, [ 5444456791 ],,,,,,, [ 3408228643 ],, 
  [ 32611062554173 ],,,,,,,, [ 2215330423 ], [ 1276171909 ],,,, [ 1848413057 ],,,,,, 
  [ 24842429873 ],,,,,, [ 6162875077 ],, [ 1081553113 ], [ 17823553331 ],,,,,, 
  [ 1826675953 ],,,,,,,, [ 14377758319 ],,,,, [ 16420664842301 ],,,,, [ 177375231391 ], 
  [ 6312326946017 ],, [ 399445691053 ],, [ 33057720973 ],,,,,,,,,, [ 2782268969 ],,, 
  [ 548456281073 ],,, [ 2373113233 ],,,,, [ 2295410857, 48742314637 ],,,,, [ 2991767461 ],,, 
  [ 5409967351 ],,,,,,,,,,,,,,,,, [ 20637596549 ],,,,,, [ 2104312337 ], [ 51647749739 ],,,,,,
  ,,, [ 5517456871 ],, [ 55087996183001 ],,,,,,,, [ 33963623618653 ],,,,,, [ 1235946289 ],,, 
  [ 3232379107 ], [ 23578167919 ],,,,,,, [ 118209982691 ],,,,,,,,,,,,,,,,, 
  [ 4926830179, 7953481363 ],,,,,,,,,,,, [ 11909139841 ],,,,,,,,,,,,, [ 65729368147 ],, 
  [ 107364938983 ],,,,,, [ 3035303861 ],, [ 59038448479 ],,,,,,,,,,,,,,,,,,, [ 7289499341 ],,
  ,,,,,,,,,,,,,,,,,,,, [ 517249578499 ],,,,,,,, [ 3516348413 ],,,,, [ 4869481909 ],,,,,,,,,,,
  ,,, [ 1278776981 ],,,, [ 5247278983 ],,,,,,,,,,,,,,,, [ 1180252351 ],,, [ 5833852721 ],,,,,
  ,,,,,,,,,,,,, [ 15749586091 ],,,,,, [ 653119121341 ],,,,,,,,,,, [ 2017295521 ],,,,,,, 
  [ 274100434921 ],,,,,,,,,,, [ 1460237209 ],,,,,,,,,,,,,,,,,,,,,,,, [ 12337696141 ],,, 
  [ 1465399321 ],,, [ 8632833067 ],,,,,, [ 127271420377 ],,, [ 222575293081 ],,,, 
  [ 5714747413 ],,,,,,,,,,, [ 2043428011 ],,,,,,,,, [ 2597271361 ],,, [ 44914307401 ],,,,,,,,
  ,,,,,,,,,, [ 56800427041 ],,,,,,,,,, [ 429580776451 ],,, [ 1011003949 ],,,,,,,,,, 
  [ 44573023069 ],,,,,,,,,, [ 1897454497, 1475487743887 ],,,,,,,,,,,,,,,,,,,,,,,,,,,,,,,,,,,,
  ,,,,,, [ 5499975361 ],,,,,,,,,,,, [ 36481224937 ],, [ 5714245127 ],,,,,,,,,,, 
  [ 2747050021, 273801407101 ],,,,,,,, [ 158928357853 ],,, [ 2367694114309 ],, 
  [ 3509256557 ],,,,,,,,,,,, [ 536381168761 ],, [ 12660066817 ],, [ 1948257697 ],,, 
  [ 121283976727 ],,,,,,,,,,,, [ 92998534231 ],,, [ 1594018681 ],,,,,,,,,,,,,, 
  [ 12026280571 ],,,,,,,, [ 2908133929, 1582130679037 ], [ 24528902201 ],,,, [ 17898992497 ],
  ,,,,,,,, [ 2625485917 ],,, [ 82349369341 ], [ 1106802921089 ],, [ 8258193973 ], 
  [ 1812696331 ],,,,,,,, [ 1305285409, 1616117383 ],,,,,,,,,,, [ 9150729727, 450885432941 ],,
  ,,,,,, [ 3599187463 ],,,,,,,,,,,,,,,,,, [ 198058014001 ],,,,, [ 4145683411, 4175500561 ],,
  , [ 3495190609 ],,,,,, [ 459777284779 ],,,,,,, [ 143657343103 ],, [ 1107779077 ],,,,,,,,,,,
  ,, [ 4715210173 ],,,,, [ 1500996183751 ],,,,,,, [ 69556439137 ],, [ 1000538101 ],,,,,,,,,,,
  ,,,,,,,,, [ 744556233331 ],,,,,, [ 3356254613 ], [ 3950765449, 2090589721650277 ],,,,,,,,, 
  [ 1052314921711 ],, [ 40756842241 ], [ 11717951563 ],,, [ 1895356069 ],,,,,,,,, 
  [ 1135689283 ],,,,,,,,,,,,,,,,, [ 5579919239 ],,,,,,,,,,,,,,,,,,,,,,,,,, [ 4167511681 ],,,,
  ,,,, [ 44551764073 ],,, [ 1798779421 ],,,,,,,,,,,,,,,,,,,,,,,,,,,,,,,,,,, 
  [ 575427916742251 ],,,,,,,,,,,, [ 2060978071 ],,,,,,,,,, [ 42814278817 ],,,,,,,,,,,,, 
  [ 122471045401 ],, [ 93262826533 ],,,,, [ 2748462074297 ],,,,,,,,,,,,,,,,,,,,,,,,,,,,,,,, 
  [ 1580861609 ],,,,,,,,,,,,,,,,,,,, [ 7505324173 ],,,,,, [ 6812705311 ],, [ 124643105437 ],
  , [ 1741334141 ],, [ 7965528121 ],,, [ 152873205151 ],,,,,, [ 81248305231 ],,,,,,,,, 
  [ 14895881281 ],,,,,, [ 4961515260001 ],, [ 669283280023 ],,,,,,,,,,,, [ 30103633867 ],,,,,
  ,,,,,,,,,,,,,,,,, [ 1434111649 ],, [ 16783509959 ],,,, [ 174586775509 ],,,,,,,, 
  [ 8597116081 ],, [ 7648656289 ],,,,,,,,,,,,,,,,,,,, [ 50800341649 ],,,,,,,,, 
  [ 9391420303 ],,, [ 732888659917, 5291347965949 ],,,,,,,, [ 2848517233 ],,,,,,, 
  [ 1715559613 ],,, [ 16724802709 ],,,, [ 3984577771, 77848373849, 1261132024673 ],,,,,,,,,,,
  , [ 753036384173 ],,,,,,,,,,,,,,,,, [ 53753004901 ],,,,,,,,,,, [ 253665396119 ],, 
  [ 1682827189 ],,,, [ 44526158009 ],,,,,,,,,,,,, [ 3903413443921 ],,, [ 5213163457 ],, 
  [ 3225012631 ],,,,,,,,,, [ 4068900001 ],,,,,,,, [ 377799971377 ],,,,,,,,,,,,,,,, 
  [ 9177878889169 ],,,,,,,,,,,,,,,,,,,,,,,,,,,,,,,,,, [ 2564054629 ],,,,,, [ 7263034109 ],,,,
  ,,,, [ 8191511929 ],,,,,,,,,,,,,, [ 4828645933 ],,,,,, [ 4834536193 ],,,, [ 8551705321 ],, 
  [ 8601275849 ],,,,,,,,,,,,,,,,,,,,,,,,,,,, [ 12777284131 ],,,, [ 3400073251 ],,,,,,,, 
  [ 287090513173 ],,,,,,,,,,,,,,,,,,,, [ 215611078957 ],,,,,,,,,,,,,, [ 13584130561 ],,,, 
  [ 312940918709 ],,,,,,,,,,,,,,,,,,,,,, [ 2802121873 ],,,,,,,,,, [ 432836495369 ],, 
  [ 4400950321 ],,,,,, [ 3071639101873 ],,, [ 18319393189, 3112829341543 ],,,,,,,,,,,,,,,,,,
  , [ 231880682749 ],,,, [ 8953626991 ],,,,,, [ 151838288533 ],,,,,,, [ 4720976011 ],,,,,,, 
  [ 1396414423 ],,,,,,,,,, [ 1422409693 ],, [ 26885075471 ],, [ 87834323497 ],, 
  [ 9138625347140453 ],,,,,,,,,,,,,, [ 80502930569 ],,,,,,,,,, [ 1655803381 ],, 
  [ 7735786965497 ],,,, [ 120323697121 ],,,,,,,, [ 1052292170849 ],,,,,,,,,,,, 
  [ 1029454186097 ],,,,,,,,,,,,,, [ 24187447069 ],,,, [ 1098656473 ],,,,,,,,,,,,,,,, 
  [ 5330645231 ], [ 312109966279 ],,,,, [ 79718125873 ],,,,,,,,,,,,,,,,,,,,,,,,,,,,,,,,,,,,,
  , [ 1176629059 ],, [ 2031453757, 6668037073 ],,,,,,,,,,,,,,,,,, [ 1211669119 ],,,,,,,,,,,,,
  ,,,,,,,,,,,,,,,,,,,,,,, [ 17126185231 ],,,,,,,,,,,,,,,,,,,,,,,, [ 6490139143 ],,,,,,,,,,,, 
  [ 65464196617 ],,,,,, [ 203287273993 ],, [ 13049696903 ],,,, [ 10262345491 ],,,,,,,,,,,, 
  [ 3562918087 ],, [ 40204748257 ],,,,,,,,,,,,,,,,,,, [ 1145083339 ],,,,,,, [ 10518461801 ],,
  ,,,, [ 1714612817 ],,,,,,,,,,,,,,,,,,,,,,,,,,,,, [ 15221041501, 78497287471 ],,,,,,,,, 
  [ 4438805647 ],,,,,,,,,, [ 4996959937 ],,,,,,,,,,, [ 1082607121 ], [ 35573225953 ],,,,,,,, 
  [ 12144442537 ],,,,,,,,,,,, [ 1389447361 ],,,,,,,,,,,,,,,,,,,, [ 23527487153 ],, 
  [ 22938822523 ],,,,,,,,,,,,,,,,,,,,,,,, [ 2467924141 ],,,,,,,,,,,,,, [ 310133044513 ],, 
  [ 113084169631 ],,,,,,,,,,,,,, [ 11821438241 ],,,,,,,,,,,,,,,,,,,,,,, [ 3566011951 ],,,,,,,
  ,,,,,,,,,,,,,,,,,, [ 6443427061 ],,,, [ 1043403553 ], [ 380386976581 ],,,,, 
  [ 195698998441 ],,,,,,,,,,,,,,,,,, [ 4638453289 ],,,,,,,,,, [ 1341931081 ],,,,,,,,,,,, 
  [ 97080370081 ],,,, [ 23504503859 ],,,,,,,,,,,,,,,, [ 3214449211 ],,,,,,,,,, 
  [ 3109111021 ],,,,,,,,,,,,,,,,,, [ 19053560989 ],,,,,, [ 7772847193 ],,,, [ 36184466993 ],,
  ,,,, [ 13154903621 ],,,, [ 37217415101 ],,,,,,,,,, [ 7185602881 ],, [ 9524159111 ],,,,,,,,,
  ,,,,,,,,,,,,,,,,,,,,,,,,, [ 3988533121 ],,,,,,,,,,,,,,,,,,,,,, [ 14982142627 ],,,,,,,,,,,,,
  , [ 34566223621 ],,,,,,,,,,,, [ 250122776209 ],,,, [ 2791398457, 4671577037 ],,,,,,,, 
  [ 25038604837 ],,,, [ 102504314113 ],,,,,,,,,,,,,, [ 329424660541 ],,,,,,,,,,,,,,,,,,,,,, 
  [ 55127471617 ],,,,,,,,,, [ 14001268711 ], [ 24341796631 ],,,,,,,,,,,,, [ 199718605817 ],,,
  ,,,,,,,,,,, [ 3411459651079 ],,,, [ 19658782829821 ],,,,,,,,,,,,,, [ 6749369761 ],, 
  [ 2839483417 ],,,, [ 1768588711 ],,,,,,,,,,,,,, [ 1916147201, 3899227201 ],,,,,, 
  [ 1847882229139 ],, [ 2702152489 ],,,,,,,,,,,,,, [ 626916619759 ],,,,,,,,,,,,,,,,,,,,,,,,,,
  ,, [ 1102767851 ],, [ 14951827257781 ],,,,,,,,,,,, [ 1023809473 ],,,,,,,,,,,,,,,,,, 
  [ 4230936289 ],,, [ 16652589721 ],,,,,,,,,,,,,,,,,,,,,,,,,,,,, [ 3315569113 ],,,,,,,,,,,,,,
  ,,,, [ 1887636917, 3778990073 ],,,, [ 2378687473 ],,,,,,,,,,,,,,,,,,,, [ 35882067349 ],,,,,
  ,,,,,,,,, [ 1735548570961 ],,,,,,,,,,,,,,,,,,,,,,,,,,,, [ 329864460487 ],,,,,,,,,, 
  [ 5291228161 ],,,,,,,,,,,,,,,, [ 835651471777 ],,,, [ 48045993893 ],,,,,,,,,, 
  [ 3609875989 ],,,,,,,,,,,,,,,,,,,,,,,, [ 3132323209 ],,,,,,,,,,,,,,,,,,,,,,,,,,,,,,,,,,,,,
  , [ 1336172401 ],,,,,,,, [ 41245498009, 74137375049 ],,,,,,,,,,,,,,,,,,,, [ 13951448593 ],,
  ,,,,,,,,,, [ 210630000661 ],,,,,,,,,,,, [ 12665876257 ],,,,,,,,,,,,,,,,,,,,,,,, 
  [ 2084322817 ],,,, [ 2424764941 ],, [ 8695928323 ],,,,,,,,,,,,,,,,,,,,,,,,,,,, 
  [ 10313943511 ],,,,,,,,,, [ 13841063801 ],,,,,,,,,,,,,,,,,,,,,,,,,,,,,,,,,,,,,,,,,,,,,,,,,,
  ,,,,,,,,,,,,,,,,,,,,,,,,,, [ 458017676353 ],,,,,, [ 1344594091 ],,,,,,,,,,,,,,,,,,,,,,,,,,,
  ,,,,,,,,,,,,,,, [ 1497359512177 ],,,,,,,,,,,,,,,,,,,,,,,,,,,,,, [ 2365574713 ],,,,,,,,,,,,,
  ,,,,,,,,,,,,,,,,,,,,,,,,,,,,,,,,,,,,,,,,,,,,,,,,,,,,,,,,,,,,,,,,,,,,,,,,, [ 3820633961 ],,,
  ,,,,,,,,,,,,,,,,,,,,,,,,,,,,,,,,,,,,,,,,,,,,,,, [ 11047354867361 ],,,,,,,,,,,,,,,,,,,, 
  [ 133834153771 ],,,,,, [ 7957179121 ],,,,,,,,,,,,,,,,,,,,,,,, [ 10010064601 ],,,,,,,,,,,, 
  [ 1729004773 ],,,,,,,,,,,,,,,,,,,,,,,,,,,,,,,,,,,,,,,,,,,,,,,,,,,,,,,,,,,,,,,,,,,,,,,, 
  [ 1869601369 ],,,,,,,,,,,, [ 95387419919017 ],,,,,, [ 6657329803 ],,,,,,,,,,,,,,,, 
  [ 1217676528433 ],,,,,,,,,,,,,,,,,,,,,,,,,,,,,,,, [ 112640913181 ],,,,,,,,,,,,,,,,,,,,,,,,,
  ,,,,, [ 11895939361 ],,,,,,,,,, [ 4705351751 ],, [ 1804485673 ],,,,,,,,,,,,,,,,,,,,,,,,,,,,
  ,,,,,,,,,,,,,,,,,,,,,,,,,,,,,,,,,,,,,,,,,,,,,,,,,,,,,,,,,,,,,,,,,,,,,,,,,,,,,,,,,,,,,, 
  [ 14279247217 ],,,,,,,,,,,,,,,,,,,,,,,,,,,,,,,,,, [ 21093490001 ],, [ 7047456781 ],,,,,,,,,
  ,,,,,,,,,,,,,,,,,,, [ 1933835471 ],,,,,,,,,,,,,, [ 298563260689 ],,,,,,,,,,,, 
  [ 6828196213 ],,,,,,,,,,,,,,,,,, [ 120063792781 ],,,,,,,,,,,,,,,,,,,,,,,,,,,,,,,,,,,,,,,,,
  , [ 6673998241 ],,,,,,,,,,,,,,,,,,,,,,,,,,,,,,,,,,,,,,,,,, [ 233474280733 ],,,,,,,,,,,,,,,,
  ,,,,,,,,,,,,,,,,,,,,,,,,,,,,,,,, [ 8031269179 ],,,,,, [ 18916259041 ],,,,,,,,,,,,,,,,,,,,,,
  ,,,,,, [ 7347228701 ],,,,,,,,,,,,,,,,,,,, [ 1333612801, 52744757761 ],,,,,,,,,,,,,,,,,,,,,,
  ,,,,,,,,,,,,,,,,,,,, [ 5343015262159 ],,,,,,,, [ 221830930231 ],,,,,,,,,, [ 39044913361 ],,
  ,,,,,,,,,, [ 2481282721 ],,,,,,,,,,,, [ 16068947908621 ],,,,,,,,,,,, [ 27426634561 ],,,,,,,
  ,,,,,,,,,,,,,,,,,,,,,,,,,,,,,,,,,,,,,,,,,,,,,,,,,,,,,,,,,,, [ 59723044291 ],,,,,,,,,,,,,,,,
  ,,,,,,,, [ 18724590223, 3998825361277 ],,,,,,,,,,,,,,,,,,,,,,,,,,,,,,,,,,,,,,,,,,,,,,,,,,,,
  ,,,,,,,,,,,,,,,,,,,, [ 23099009761 ],,,,,,,,,,,, [ 3953919241 ],,,,,, [ 2092741561 ],,,,,, 
  [ 1102731463 ],,,,,,,,,,,,,,,,,,,,,,,,,,,,,, [ 7996824001 ],,,,,,,,,,,,,,,,,,,,,,,,,,,,,,,,
  ,,,,,,,,,,,,,,,,,,,,,,,,,,,,,,,,,,,,,,,,,,,,,,,,,,,,,,,,,,,,,,,, [ 18718393215937 ],,,,,,,,
  ,,,,,,,,,, [ 16893427819 ],,,,,,,,,,,, [ 2643990298087 ],,,,,,,,,,,,,,,,,,,,,,,,,,,,,,,,,,,
  ,,,,,,,,,,,,,,,,,,,,,,,,,,,,,,,,,,,,,,,,,,,,,,,,,,,,,,,,,,,,, [ 17345131081 ],,,,,, 
  [ 12953864701 ],,,,,,,,,,,,,,,,,,,,,,,,,,,,,,,,,,,,,,,,,,,,,,,,,,,,,,,,,,,,,,,,,,,,,,,,,,,,
  ,,,,,,,,,,,,,,,,,,,, [ 44087199469 ],,,,,,,,,,,, [ 339359971177 ],,,,,,,,,,,,,,,,,, 
  [ 263438991523 ],,,,,, [ 617708832673 ],,,,,, [ 5094930193 ],,,,,,,,,,,, [ 12106843501 ],,,
  ,,,,,,,,,,,,,,,,,,,,,,,,,,,,,,,,,,,,,,,,,,,,,,,,,,,,,,,,, [ 481438879951 ],,,,,, 
  [ 25647021613 ],,,,,, [ 62493934441 ],,,,,,,,,,,,,,,,,,,,,,,,,,,,,,,,,,,,,,,,,,,,,,,,,,,,,,
  ,,,,,,,,,,,,,,,,,,,,,,,,,,,,,,,,,,,,,,,,,,,,,,,,,,,,,,,,,,,,,,,,,,,,,,,,,,,,,,,,,,,,,,,,,,,
  ,,,,,,,,,,,,,,,,,,,,,,, [ 4281713731 ],,,,,,,,,,,,,,,,,,,,,,,,,,,,,,,,,,,,,,,,,,,,,,,,,,,,,
  ,,,,,,,,,,,,,,,,,,,,,,,,,,,,,,,,,,,,,,,,,,,,,,,,,,,,,,,,,,,,, [ 12686466241 ],,,,,,,,,,,,,,
  ,,,,,,,,,,,,,,,,,,,,,,,,,,,,,,,,,,,,,,,,,,,,,, [ 40936896001 ],,,,,,,,,,,,,,,,,,,,,,,,,,,,,
  ,,,,,,, [ 32688480901 ],,,,,,,,,,,,,,,,,,,,,,,,,,,,,, [ 14170242241 ],,,,,, 
  [ 16654501249 ],,,,,,,,,,,,,,,,,,,,,,,, [ 186000696481 ],,,,,,,,,,,,,,,,,,,,,,,,,,,,,,,,,,,
  ,,,,,,,,,,,,,,,,,,,,,,,,,,,,,,,,,,,,,,,,,,,,,,,,,,,,,,,,,,,,, [ 1650370177 ],,,,,,,,,,,,,,,
  ,,,,,,,,,,,,,,,,,,,,,,,,,,, [ 2099545813 ],,,,,,,,,,,,,,,,,,,,,,,,,,,,,,,,,,,,,,,,,,,,,,,,,
  ,,,,,,,,,,,,,,,,,,,,,,,,,,,,,,,,,,,,,,,,,,,,,,,,,,,,,,,,,,,,,,,,,,,,,,,,,,,,,,,,,,,,,,,,,,,
  ,,,,,,,,,,,,,,,,,,,,,,,,,,,,,,,,,,,,,,,,,,,,,,,,,,,,,,,,,,,,,,,,,,,,,,,,,,,,,,,,,, 
  [ 44806722841 ],,,,,,,,,,,,,,,,,,,,,,,,,,,,,,,,,,,,,,,,,,,,,,,,,,,,,,,,,,,, 
  [ 23398452361 ],,,,,,,,,,,,,,,,,,,,,,,,,,,,,,,,,,,,,,,,,,,,,,,,,,,,,, [ 1186488703 ],,,,,, 
  [ 6828097201 ],,,,,,,,,,,,,,,,,,,,,,,,,,,,,,,,,,,, [ 4077662978327149 ],,,,,,,,,,,,,,,,,,,,
  ,,,,,,,,,,,,,,,,,,,,,,,,,,,,,,,,,,,,,,,,,,,,,,,,,,,,,,,,,,,,,,,, [ 3742646041 ],,,,,,,,,,,,
  ,,,,,,,,,,,,,,,,,,,,,,,,,,,,,,,,,,,,,,,,,,,,,,,,,,,,,,,,,,,,,,,,,,,,,,,,,,,,,,,,,,,,,,,,,,,
  ,,,,,,,,,,,,,,,,,,,,,,,,,,,,,,,,,,,,,,,,,,,,,,,,,,,,,,,,,,, [ 1137767203 ],,,,,,,,,,,,,,,,,
  ,,,,,,,,,,,,,,,,,,,,,,,,,,,,,,,,,,,,,,,,,,,,,,,,,,,,,,,,,,,,,,,,,,,,,,,,,,,,,,,,,,,,,,,,,,,
  ,,,,,,,,,,,,,,,,,,,,,,,, [ 57829104103 ],,,,,,,,,,,,,,,,,,,,,,,,,,,,,,,,,,,, 
  [ 2050445311 ],,,,,,,,,,,,,,,,,,,,,,,,,,,,,,,,,,,,,,,,,,,,,,,,,,,,,,,,,,,,,,,,,,,,,,,,,,,,,
  ,,,,,,,,,,,,,,,,,,,,,,,,,,,,,,,,,,,,,,,,,,, [ 12649592251 ],,,,,,,,,,,,,,,,,,,,,,,,,,,,,, 
  [ 5421846361, 1217474880961 ],,,,,,,,,,,,,,,,,,,,,,,,,,,,,,,,,,,,,,,,,,,,,,,,,,,,,,,,,,,,,,
  ,,,,,,,,,,,,,,,,,,,,,,,,,,,,,,,,,,,,,,,,,,,,,,,,,,,,,,,,,, [ 9526212481 ],,,,,,,,,,,,,,,,,,
  ,,,,,,,,,,,, [ 6181852951 ],,,,,,,,,,,,,,,,,,,,,,,,,,,,,,,,,,,,,,,,,,,,,,,,,,,,,,,,,,,, 
  [ 32203817251 ],,,,,,,,,,,,,,,,,,,,,,,,,,,,,,,,,,,,,,,,,,,,,,,,,,,,,,,,,,,,,,,,,,,,,,,,,,,,
  ,,,,,,,,,,,,,,,,,,,,,,,,,,,,,,,,,,,,,,,,,,,,,,,,,,,,,,,,,,,,,,,,,,,,,,,,,,,,,,,,,,,,,,,,,,,
  ,,,,,,,,,,,,,,,,,,,,,,,,,,,,,,,,,,,,,,,,,,,,,,,,,,,,,,,,,,,,,,,,,,,,,,,,,,,,,,,,,,,,,,,,,,,
  ,,,,,,,,,,,,,,,,,,,,,,,,,,,,,,,,,,,,,,,,,,,,,,,,,,,,,,,,,,,,,,,,,,,,,,,,,,,,,,,,,,,,,,,,,,,
  ,,,,,,,,,,,,,,,,,,,,,,,,,,,,,,,,,,,,,,,,,,,,,,,,,,,,,,,,,,,,,,,,,,,,,,,,,,,,,,,,,,,,,,,,,,,
  ,,,,,,,,,,,,,,,,,,,,,,,,,,,,,,,,,,,,,,,,,,,,,,,,,,,,,,,,,,,,,,,,,,,,,,,,,,,,,,,,,,,,,,,,,,,
  ,,,,,,,,,,,,,,,,,,,,,,,,,,,,,,,,,,,,,,,,,,,,,,,,,,,,,,,,,,,,,,,,,,,,,,,,,,,,,,,,,,,,,,,,,,,
  ,,,,,,,,,,,,,,,,,,,,,,,,,,,,,,,,,,,,,, [ 8900225731 ],,,,,,,,,,,,,,,,,,,,,,,,,,,,,,,,,,,,,,
  ,,,,,,,,,,,,,,,,,,,,,, [ 2433525121 ],,,,,,,,,,,,,,,,,,,,,,,,,,,,,,,,,,,,,,,,,,,,,,,,,,,,,,
  ,,,,,,,,,,,,,,,,,,,,,,,,,,,,,,,,,,,,,,,,,,,,,,,,,,,,,,,,,,,,,,,,,,,,,,,,,,,,,,,,,,,,,,,,,,,
  ,,,,,,,,,,,,,,,,,,,,,,,,,,,,,,,,,,,,,,,,,,,,,,,,,,,,,,,,,,,,,,,,,,,,,,,,,,,,,,,,,,,,,,,,,,,
  ,,,,,,,,,,,,,,,,,,,,,,,,,,,,,,,,,, [ 4572755881, 40405882441 ] ]);
