BRENTFACTORS[4747]:=MakeImmutable([ ,,,,,,,,,,,,,,,,,, [ 310212135604528825240633 ],,,, 
  [ 18541812862519757953 ],, [ 22913080016170037051193751 ], [ 41848099737461291 ], 
  [ 1659820696687, 108933837677713 ],,,, [ 213281694523 ], [ 269430545228653596332641 ], 
  [ 1518151222963, 2918523382439816251 ], [ 3577761265416671 ], 
  [ 18992221165170751, 4977738986410816468344782491 ],, 
  [ 23455955627827, 1067149818488140669 ], [ 6561935960641, 394451192921216953441 ], 
  [ 2798014753, 109647007836180649141260643 ], [ 69294512172178801 ], 
  [ 3026144483984647, 5085467927765797685892454861, 6489975726898730356741219907, 
      9685395266292482206021263541507 ], [ 9251075739973453 ], [ 108589070977 ], 
  [ 1101728955911109627289, 60945206324813043617561 ], [ 1275856831 ], [ 7872071771 ],, 
  [ 47416201344319641517681 ],, [ 63753586851892351, 75765276185753296518601 ], 
  [ 373995974299, 1150231558779750541, 3720899577041136271099 ], [ 21021654973152563297101 ],
  ,, [ 590427859137331662151, 3372803567757245754537131, 76788432464326723405113101022551 ], 
  [ 70435536939741374464555409 ], [ 4037377635859, 932151025998850393 ], 
  [ 15163401152408436775890366507636134491991197 ], 
  [ 132196876416072217, 121541907886866860473 ],, [ 29658827356087, 32838168707551 ], 
  [ 1774467557510728791929, 866682087224067809654614981850897423 ],, 
  [ 139408589004855045760077168890785217 ], 
  [ 21935438201, 261874459536514535881, 443874464914409743727761 ], 
  [ 3113026584097, 98072120627989093360942663 ],, [ 14025080513, 1327912327909861060813 ], 
  [ 2357006053, 333867306434955427 ], [ 24708970721 ], [ 6439027291115591929 ],, 
  [ 3033861167 ],, [ 37723964201696551, 108801028783227149520275394901 ], 
  [ 12913669001507884651933 ],, [ 12599320907814960027460441 ], [ 147982648321 ], 
  [ 4085203251432014697764561, 6602952693223095990700081 ], [ 419274818951990290430566123 ], 
  [ 63788116959767, 18687541834814103461618419574251153 ], 
  [ 1153704171256633, 5251233067817220181 ], [ 4468568033851955833237375216865296873 ], 
  [ 14373293621 ], [ 19094745597494667463135284563 ], [ 176630271001, 681246963169 ], 
  [ 44334509561, 306599728945753, 1315013092760849616716996208640319978702120157186689 ], 
  [ 414143670574643 ], [ 50484165160591, 35409994196023171, 6794825250882273657254011 ], 
  [ 71633715988381 ],, [ 3886273957, 632515226950897 ], 
  [ 489894593805677, 25093173253251185441 ], [ 224029143870586471, 174435575418311231911 ],,,
  ,, [ 63452385001, 1510014273020060407801, 15862270543016472702089838901, 
      963505456257027491132258661401 ],, 
  [ 6774622215545502850454769307, 85352038213440922904832563449 ],, [ 32804345393 ], 
  [ 229175223835724623033711, 437357578784828453361331, 29646089882569964094740611 ], 
  [ 170893850417, 133768154411161 ], [ 3192961013345904091 ], [ 12190170617281 ],, 
  [ 448181811858138601, 1863115199474544398021686886339992481 ],, [ 356374881774689 ], 
  [ 9915238789, 945384031133, 1888333896947, 307138296637248406891283 ], 
  [ 5050987751106793, 5101498869856327 ], [ 4874823091 ], [ 63505842084752141863006121 ], 
  [ 112544680557586452787 ],, [ 1238561012388597479, 2961860736947984383 ], 
  [ 24889471354157748001, 870861128991856424003418731242561 ], [ 543976449245677821539 ], 
  [ 19499345401, 28896538019 ], [ 746715540065958283 ],, [ 52443200145251 ], 
  [ 59873593753, 1734833561581, 52327857733192567, 18198035910784089031216870063747 ], 
  [ 251541595942941901, 1397884220838496367, 922306919644090905007 ],,,, 
  [ 10677377594929236887 ], 
  [ 9120651013, 15451947457, 40313037439332125460961, 5614540844105865847231321 ], 
  [ 239010689317, 32581395467531647302878593 ], [ 85282513963546293453473 ], 
  [ 628286763954485084041 ], [ 34052490876872553593, 12188665980479501919576017275217 ], 
  [ 321618651805481, 163288622592224183039, 12620274099488416430191 ], 
  [ 5133229150117, 270395709315784309, 44224221619228380503577553 ], [ 34500538091 ], 
  [ 109592158264803959170861 ], [ 644964889717, 8050339709263362769, 173791042369594598899 ],
  [ 3934083163, 35525174681061488281011253 ], [ 108819912059, 443016223921648878931 ], 
  [ 224057725201, 143294395989218080897 ],, [ 112436119074667, 565614918145507859227 ],,, 
  [ 5877670717223 ],, [ 58420427466221473 ], 
  [ 690935313577, 408563665047697, 201547112599011761 ], [ 6783465297277 ],, 
  [ 546492234251, 12313205354941 ], 
  [ 4043330204149999341964965061, 8944021005012060905333652517 ],, [ 3686917361 ], 
  [ 2764321530319, 1941966670033087 ],, [ 6259342867, 3466686058544365021 ],, 
  [ 685507107213774796361 ],,, 
  [ 403105230021059, 593345571579341459, 180207868736164703089, 648449676328446565747 ], 
  [ 4522195673 ],,,, [ 2064450440491913503, 607251781403191928437417 ], [ 923500870577 ],, 
  [ 37728364669, 492005564562613298088361, 2292987190690455108490467319, 
      34519625624081249049658513360027, 61643450228951019349998085983097, 
      377337937127560157633451332703122718571 ], [ 1923809357037401 ],, 
  [ 92559561117279233899 ], [ 29887752375203 ],, 
  [ 9123678181, 223433359682965741, 24575124426821358634568768855221 ], 
  [ 3106236569, 61465131523 ], [ 23497598528573853870551 ],, [ 1278689192745903477601 ], 
  [ 151316917541, 179119562190992513221 ], 
  [ 12503424631854821564281, 3425785006138276480954577677 ],, 
  [ 5144928133, 2262853334284009, 506479639215243889497109 ],,, [ 340318065317604823 ], 
  [ 59565871489, 4291296525092112577 ],, [ 593374471037, 1066114730592743350109041361 ], 
  [ 278644163686101143971, 12525402036896114179461457291 ], [ 1303576752503985121 ], 
  [ 3448072953639693641 ],,, [ 48170833001, 79640470001 ], [ 41944719799 ], 
  [ 1319323480740403 ], [ 20918529227, 61573087507 ], [ 5983844545220401 ],, [ 5457252091 ], 
  [ 18241984547553853 ], [ 8467014401 ], [ 37648295257 ], 
  [ 403151931440371, 8661059324820470401 ], [ 34813220734397179 ], [ 29219145728967930173 ], 
  [ 1136285317903, 671071453832049937 ], [ 3708085071907701203189 ],, 
  [ 17559070558739888977 ],, [ 201099540464027, 3715441950239980671203 ], [ 1401667605739 ], 
  [ 3812510104460861, 858146058078103303741 ],,, [ 162335746659839, 705210209342794549 ], 
  [ 1237976062849, 9259758231202848956161 ], [ 135177817501, 55171234645640101 ], 
  [ 43442068894733, 3385292310237144022217 ], [ 89923140446572541, 5497927124441309419 ], 
  [ 1068530024689 ], [ 16398062824877 ], [ 615186901812191 ], 
  [ 87402162079, 195489889061369981705551, 193183519984075213494304327 ],, [ 7595443771427 ],
  [ 313428683413, 325906539661 ], [ 14953953811, 25538517731431 ], 
  [ 3466481709049, 57598545859529, 69021247266929 ],, [ 8100103663 ], 
  [ 12208163021, 150331403035747561 ], [ 918868907041, 7837345680572057252466481 ],,,, 
  [ 314975005183541 ],, [ 1367972791, 1575938239 ], [ 346977249919, 9211820874439 ],, 
  [ 76339037803253437 ],, [ 42334030447889 ],, 
  [ 29523646769, 79787366836237159859, 3115511059007391830567 ],,,, 
  [ 235669384455553, 366949811217271 ],, [ 4535193902513 ], 
  [ 2102171501, 88197117061, 4399542156115861, 3494321314892529228205705361 ],, 
  [ 277450552924615688809 ],, [ 1109208699810813097 ],, [ 4594623853 ], 
  [ 58760366003323, 1464077373697249 ],, [ 7970910248249380349 ],, [ 7885366938152813189 ],,,
  ,, [ 27974328374653 ], [ 3659022637 ],, [ 407526296202397 ], 
  [ 334222765801, 540206658041, 2439172133441, 1651541739268961 ], 
  [ 6135907009, 27560046982108661413 ], 
  [ 2347066657232251, 13431919918734763, 515805618295929457 ],, 
  [ 34414173932064548849, 1082179767450123660090302521 ], [ 2954857657711, 59562796354351 ], 
  [ 236636021226463, 254576933382487, 6468375754663967, 7660574052257361379 ],, 
  [ 11106561313, 117795983329 ],, [ 283495122454483086755291 ], [ 4042682849566078426921 ], 
  [ 24373708684529, 629114482574388089 ],,,, [ 23244311481198162913 ],, 
  [ 3377340089, 8656131886823 ],,,,, [ 1139160619, 13731726051686869, 2716167014017715287 ], 
  [ 314553249953 ],, [ 8166832237201321 ],,,,, [ 236384848901 ], [ 12461122996875825793 ], 
  [ 39005780748287 ], [ 348721471907219129 ],, 
  [ 10638427561, 34629269265757059121, 29417783675545977421373 ],, [ 42868742780970010501 ], 
  [ 10872424154461 ], [ 9334941336306881 ],, 
  [ 36374261813, 3826765668461, 27131890624903, 349341255286367, 20058725880863152240658671 ]
    , [ 67189901094367 ], [ 4306902910633 ], [ 1107946451 ], 
  [ 9153789289161898229, 190943600575190043953 ], 
  [ 2181076267, 67917975211, 537109333477, 1208658033727, 2896514146303 ], [ 885599795329 ],
  , [ 1378052518247182384017181 ],, [ 9960102589 ], [ 914957150311 ], [ 98119510256103821 ],
  , [ 16602454239623971333777 ], [ 410854916873 ],,,, [ 255424089251, 6504997301221 ],,, 
  [ 24870250893271623841, 111233423641927872457 ], [ 49559700739741, 219518481836269981 ],, 
  [ 896869421820760033 ],,, 
  [ 1336501601, 395874931901, 8133448930601, 10133187935724701, 18463009796111522251 ],, 
  [ 1552890593, 29430471841, 1261129794754875233 ],, [ 181473436759, 330440783161 ],, 
  [ 301222779113 ], [ 137059955509 ],,,,,, [ 89287558254907 ], [ 6842445793 ],, 
  [ 9478023134493871117 ], [ 2321744027, 52706296897, 56940111254503, 7640337055373371 ], 
  [ 4392227569 ],, [ 18794162760931 ], [ 87201798139, 2725824846061157 ],,,, 
  [ 653110995298501 ], [ 2403708046049 ],, 
  [ 38514421513, 40817384623, 3328178240426855887, 12925949744997026042761 ], 
  [ 1450879287661 ], [ 11421873941, 17626597921, 43369105742441 ], [ 17930842219 ],, 
  [ 467807047327, 12431706310963 ],, [ 143816481008201, 150115363880791 ], 
  [ 1915849627, 204938304942743 ], [ 1007866331443 ],,,, [ 33397963327 ], 
  [ 8286856313930258599921 ], [ 226345746843457 ], [ 74612645263007 ],, 
  [ 72916256953, 4892811962800270745413 ],, [ 2090461628000491, 108408014194209239 ],, 
  [ 11893782401, 5853791466001 ], [ 6439386287119 ], 
  [ 71950992739, 11290231647907, 634735321810789, 1448304948613224211 ], 
  [ 48840230921, 132428700230941297 ],, [ 6083628931, 429067241641 ], 
  [ 38945689259, 121382091460674669757564937 ],, [ 13685128996365433 ],,,,,,, 
  [ 18174485101 ], [ 544863808410369761 ], [ 2595129585781 ],,, 
  [ 2693666221, 101250554799241, 592947528854672881 ], [ 114489375461 ], 
  [ 29716727321909657053 ],,,,,, [ 96542933657, 509442663586968304261 ],,,, 
  [ 12941709199571809 ],,,,, [ 891316673873 ], [ 2537606249851 ],,, [ 1532943343 ],,, 
  [ 36653034855421 ],,,,, [ 2780602789537, 3130709987267 ], [ 136931899863417751 ],,,, 
  [ 1286606491, 221085484583 ], [ 6607750479331 ],,,,, [ 791905251457113461 ],, 
  [ 974465813657478403268701 ], [ 9496803203, 254247528917, 8829582848087 ],,, 
  [ 28797603313, 8797152116047159783 ], [ 12083695051 ],,, [ 1779728881589371 ],, 
  [ 162595041913, 240443487769, 334870709897 ], [ 11266533631 ],,,,, [ 1112731602836472719 ],
  [ 289203679291, 572120589919, 30548341180764073 ], [ 1968614504641 ], [ 24661900303 ], 
  [ 11266188953, 90932985373 ],, [ 305019175957 ], [ 278534337941 ],, [ 18455647123 ], 
  [ 99245450131956761 ],, [ 16130849981, 67141953930906401 ], [ 75764678299969 ],,, 
  [ 1104240671, 16830933211, 4409258866423451 ], [ 7114826339281 ], [ 12115402233998209 ],,,,
  , [ 64171742311 ],,, [ 48220160689, 10318901167009, 213696560716129 ],,,, 
  [ 3755985377, 5318624873 ],,,,,,,, [ 16678094190973 ],, 
  [ 124141112327, 643175193116317, 703067572832908249 ],,,,,, [ 1367370842161 ],,,,,, 
  [ 241741640601798331 ],, [ 51601909241, 57588323899999817 ],,,, [ 5301069215753 ],,, 
  [ 1853788091 ], [ 970978273021, 15263639932501, 65660486309101, 3841952322588565321, 
      354758107367159635861 ],, [ 1758585667, 612659313920663, 607252785160560179 ],, 
  [ 18145533317057, 1394715098663622913 ],, [ 402502194610699 ],, 
  [ 37654003869913, 48671290908181 ], [ 36195953203 ],,, [ 2710866493744353433 ],,, 
  [ 3022728691, 31529145961 ], [ 41895131013917 ],,,,, [ 2150950297 ], [ 465100559974903 ],, 
  [ 39040266121, 265468470229 ], [ 31561530541 ], [ 1433370022421 ],, 
  [ 1355472361, 57368585177764702321 ],,,, [ 213173602546795073736697 ],, [ 16621716931 ],,, 
  [ 10193869464473 ],,, [ 17968381441 ], [ 9908781863 ], [ 1305708870043 ],, 
  [ 6276445393, 4453702235272552321 ], [ 44911429291 ], [ 662645080496746279 ],, 
  [ 9967970041, 7043042452153 ],, [ 3709644599836030711 ],, [ 6344001649 ],, 
  [ 11279963610424279 ],, [ 1170265073 ],,,,,,, [ 19433321191 ],,, [ 7433864677818259 ],,,, 
  [ 3934046771 ],,, [ 170723162873 ], [ 1682650423 ],, [ 32707721201 ],,,, [ 1089865949101 ],
  ,,, [ 120173003809, 6180324499441, 87257424991841521 ],,, [ 1299868813 ],,, 
  [ 1637479323908137081 ],, [ 7648977594169 ],, [ 1432757581, 10263552837931 ],,,, 
  [ 8014074949 ],,,,,,,,,, [ 6295899733454017 ],, [ 7237070101 ], 
  [ 254734365229, 4922958653971 ],,, [ 3381253903 ],, [ 2526166337921 ],,,,,,,,,, 
  [ 48079822887163, 688644680114539 ],,,, [ 925419087731 ],, [ 538915684855969 ],, 
  [ 7206194296843 ],, [ 55623998657850147929 ],,, [ 19194460610181697 ], 
  [ 97668854840648081 ], [ 40076411437 ], [ 29503844174971 ],,,,,, [ 2816852797078289 ],,,,,
  , [ 259585885723 ],,,,, [ 939925181383 ], [ 3515282401 ], [ 2997355429 ],,,,,,, 
  [ 12518037191975629 ],,,, [ 13566872353 ], [ 23475187039, 534007664329 ], 
  [ 4093727266263144469 ],, [ 1853650969 ],, [ 5882836222502483 ],,,, [ 468474178567 ], 
  [ 280880934979 ], [ 14861315597 ],,,,,,,, [ 365793951517, 12721375954801, 1228098974920261 
     ],,,, [ 271938810881 ],,,,, [ 48595559533 ],,,,,,,, [ 9019008601 ], 
  [ 1863592984923751 ], [ 3916172111 ],,,,,,, [ 1964370586393 ],, [ 3029156321 ],, 
  [ 86250115537 ],,,,,, [ 599706469495297 ], [ 66329175277 ],,,,,,,,, [ 600534900503 ],,,, 
  [ 5844560131703 ],,, [ 19530622591 ],,,,,, [ 1423235227 ], [ 13380800377033 ],, 
  [ 97907972467 ],,,,,, [ 113661745320001 ], [ 6384054907, 3254655965707 ],,,,, 
  [ 83361695883740717 ],,,, [ 2564945470261, 4274086648231 ],,,,,,,, [ 2081611209641 ],,,,,,,
  ,,, [ 9117952840693 ],, [ 50082672391260511 ],,,, [ 2092058977 ],,,,,, [ 155408683080841 ],
  , [ 429258007621 ], [ 2057535391 ],,, [ 6748461631 ],,, [ 1073205619 ],,, 
  [ 67498380953197 ],, [ 4334846814891990277693 ],,,, [ 1300885436669677 ],, 
  [ 14607404127821 ],,, [ 22221345577 ], [ 497819949409 ],, [ 3433749322733 ],,,, 
  [ 4966802869921 ],,,,,,,, [ 2972536607, 40234679341313, 268981773340351 ],,,,,,,,,,,,,,, 
  [ 1019666693 ], [ 2224346203 ],, [ 280969007764736257 ],,,,, [ 154352045327 ], 
  [ 260807705797 ],, [ 2887271137, 6388444059793 ],, [ 81766785391 ],,,, 
  [ 2099166161, 59455532501 ],,,,,,,, [ 64477369418563 ], [ 2790332131 ], [ 1130277041 ],,,, 
  [ 35978834917873 ],,,,, [ 13978607261 ], [ 37135969501 ],,,, [ 6747848447036771 ], 
  [ 7614572681 ], [ 5034684633142321 ],,,, [ 22815552161, 6167533007199521 ],,, 
  [ 142941328097 ],,,,, [ 345778206913 ],,,,,, [ 31873314675493 ],, [ 1765042363589 ],,,,, 
  [ 1364833343 ],,,,,,,,,,, [ 4523312165509 ],, [ 10860006497, 2870684373649 ],, 
  [ 73443196753 ], [ 127776266963 ],,,,,,,, [ 4498420141 ], [ 956658123931 ], [ 1218250153 ],
  ,,,, [ 1610052047297 ],,,,,,,,, [ 13266341089 ], [ 6565200193 ],, [ 1607268461 ],, 
  [ 304912553941 ],,,,, [ 2795443309, 294240040777 ],,, [ 67726463377 ],,, [ 30785645647 ],,,
  , [ 2838151297 ],,,,,,,,,,,,,,,,,,,,,,,, [ 30534571871 ], [ 22435770107 ],,,,,,,,,, 
  [ 19151539969 ], [ 820215728543 ],,,,, [ 5222072518183 ],,, [ 12652025341 ],,, 
  [ 51329157613 ], [ 4758957097, 8369429767, 12094646661791 ],,,,,,,,, [ 8345299271 ],,,,,,,,
  ,, [ 67371508097, 276462833473 ],,,,,,,,,,,,, [ 7195816711 ],,, 
  [ 8894969953, 4667966289841 ],,,,,,,,,,, [ 1564750861 ],,,,,,, 
  [ 8324360833339, 65797023491827 ],,,,,,,, [ 10226365531 ],,,,,,,,,,,,, 
  [ 14310801199, 100823447071 ], [ 1156216777 ],,, [ 16587661661 ],,,, [ 2185019267 ], 
  [ 1277035777 ],, [ 4439182967 ],,,,,,,,,,,,,,,, [ 986775985532611 ],,,,,, 
  [ 33346327801921, 96176315063137 ], [ 2648777297 ], [ 32534438683 ],,,, [ 3419940883 ],,, 
  [ 2333795881 ],,,, [ 7597945423 ],,,,,,,, [ 158973754339 ],, [ 17383866484799 ],,,,,, 
  [ 155126665511 ], [ 1285541731, 114567292531 ],,,,,,,,,,,,,,,, 
  [ 4840309007, 8368020293309 ],,,,,,,, [ 1965684084441061 ],,,,,,,, [ 65287139527 ],,,,,,,,
  , [ 7739425693 ],,,,, [ 16145479001 ], [ 6727813093 ], [ 1711782733 ],,,, [ 6977749859 ],, 
  [ 1357929046291861 ],,, [ 1563902173 ],,,,,,, [ 1249672381, 21133366421 ],,, 
  [ 5524221691, 169624696363 ],,,,, [ 5980035493 ], [ 1446776663 ],,,,,,,,,,,,,,,,,,,, 
  [ 10490820127 ],,,,,,, [ 1430046493 ],,,,,,,,, [ 6209273951581 ],,,,, [ 27345819198721 ],,,
  ,,,,,,,, [ 1145727463 ],,,,,,,,,, [ 5620627171 ],, [ 717142163891 ],,,,,,,,,,, 
  [ 5931073787 ],,,,,, [ 6870291601 ], [ 7970010557 ],,,, [ 18231633421 ],,,,,, 
  [ 620270583937 ],, [ 189772622009 ],,, [ 1286887489, 36645691169 ],,,, [ 576480598321 ],,,,
  ,,, [ 1941364483 ],,,,,, [ 81947097541 ],,,,, [ 7604759317 ],,, [ 23601481369 ],,,,, 
  [ 7898380751 ],,,,,,,,, [ 1332921511, 6145073321 ],,,,,, [ 3662312039 ],,,,,, 
  [ 1122660857 ],,,,,,,, [ 55035737051 ],,,,,,,,,,,,,,,,,,,, [ 23872313041 ],,,,, 
  [ 64303312901 ],,,,,,,,,,,,,,,,,,, [ 9314378167, 9365841451 ],,,,,,,,,,,,,,,, 
  [ 22486866091 ], [ 52680884521 ],,,,,,,,,,,, [ 1546077098021 ],,, [ 11256826099 ],,,,,,,,,,
  ,,, [ 18490591417 ],,,,,,,,,,,,,,, [ 13672503703 ], [ 2008771381 ],,,,,,, [ 2565999619 ],,,
  ,, [ 1023137377 ],,,, [ 211310210213 ],,,,,,,,,, [ 8709404527 ],,,,,,,,,,,,,,,,,,,,,,,,,, 
  [ 1463638633, 34533883697 ],,,,,,,,,,,,,,,,,,,, [ 181837855681 ],,,, [ 1430172929 ],,,,, 
  [ 146429231372131 ],,,,,,,,,,,,,,,,,,,,,,,,,,,,,,,,,,,,,,,,,,,,, [ 5956982921 ],, 
  [ 29842895233 ],,,,,,,,,, [ 1240221547 ],, [ 2470455121 ],, [ 4875026383 ],,, 
  [ 4104701622871 ],,,,,,, [ 4595098775257 ],,,,,,,,,,, [ 4282210531 ],,,,, [ 6231118769 ],, 
  [ 7228096471 ],,, [ 30114619157731 ],,,,,,,,,, [ 790991259607 ],,, [ 6049686959 ],,,,,,,,, 
  [ 23526881071 ],,,,,,,,,,,,,,,,, [ 161854751449 ],,,,,,,,,,,,,,,,,,,,,,,,, [ 67166921611 ],
  [ 224039850371 ],,, [ 189005892947 ],, [ 274969234707217 ],,, [ 17610268979 ],,,,,,,, 
  [ 1776908563 ],,,,, [ 6271529881 ],,,,,,,,,,,,, [ 192317265073 ],,,,,, [ 1329776101 ],, 
  [ 7622545841 ],,,,,,, [ 6887965393 ],,,,,,,,, [ 2111161321 ],,,,,,, [ 9527075191 ],,,, 
  [ 4836033347 ],,,,,,,, [ 35112601231 ],,, [ 8595403423 ],,,,, [ 1131586201 ],,,,,, 
  [ 10164130369 ],,,,,,,,, [ 2711445133, 30973656847561 ],,, [ 11038121821, 25538920111 ],,, 
  [ 3350028949 ],,, [ 8898880657 ],,, [ 564651240301, 2832679571401 ],,,,,,,,,,,,,,,,,, 
  [ 1770646897 ],,,,,,,,,,,, [ 1469702401, 907980163201 ],,,,, [ 1582111301 ],,,,,,,,,, 
  [ 1932576169471741 ],,, [ 1938205429 ], [ 10070972101 ],,,,, [ 29815545961 ],,,,,,,,,,,,,,,
  ,,,,,,,,,,,,,,,,,, [ 2769124591 ],,, [ 29595774781, 10045899376921 ],, [ 9748472947 ],,,,,,
  ,,,,,,, [ 51940222280311 ],,,,,,, [ 13638456833, 573329218463 ],,,,,,,,,, [ 7964188129 ],,,
  ,,,,,,,,,,,,,,,,,,,,,,,,,, [ 789837523879 ],,,,,,,,,,,,,,,,,,,,,,,, [ 18229766311 ],,,,,,,,
  ,,,,, [ 1387998023 ],,,,,,,,,,,,,,,,,,,,,,,,,,, [ 87979329631 ],,,,,,,,,,,,,,, 
  [ 1870677401, 3010766761 ],,,,, [ 1778548501 ],,,,,,, [ 19754832709, 74102604109 ],,, 
  [ 564774005251 ],,, [ 10887296779 ],,,,,,,, [ 1847579387 ],, [ 3827952949 ],, 
  [ 7581127901 ],, [ 3622069937 ],,,,,,,,,,, [ 380166248321161 ],, [ 69619415711 ],,, 
  [ 39996276457 ], [ 2823612877 ],,,,,,,,, [ 365870164771 ],,,,,,,, [ 2359198967 ],,,,, 
  [ 39051937037 ],, [ 389869763671 ],,,,,,,,,,,,, [ 1204634833 ],, [ 3113714977 ],,,, 
  [ 11517875153 ],,,,,, [ 34625288939 ],,,,,,,,,,,,,,,,,,,,,,,,,,, [ 3379097671 ], 
  [ 507948772483 ], [ 9593539537 ],,,,,,,,,,,,,,, [ 202119921979 ],,,,,,,,,,,,,,,,,,,,,,,,,,,
  ,,,,,,,,,,,,,,, [ 257793956353 ],,,,,, [ 73609508281 ],,,,,,,,,,,,,,,,,,,, [ 159710504731 ]
   ,,,, [ 4088717539 ],,, [ 4826241529 ],,,,,, [ 6733163449 ],,,,,, [ 7462392463 ],,,,,,,,,,,
  ,, [ 1108767679 ],,,,,,,,,,,, [ 75189738703 ],, [ 1824725233 ],,,, [ 1339970941 ],, 
  [ 39259111651 ],,,,,,,,,,,,,,,,,, [ 5456872801 ],,,,,,,,,,,,,,,,,,,,,, [ 2285200597 ],,,,, 
  [ 1764618307 ],,,,,,,,, [ 137207885137 ],,,,,,,,,,,,,,,,,,,,,,,,,,,,,, [ 2283713281 ],,,,,
  , [ 48858452113 ],, [ 94482119377 ],,,,,,,,,,,, [ 75270742559 ],,,,,,,, [ 4980799823 ],,,,,
  ,,,,,,,,,,,,,,,,,,,,,,, [ 17887194209 ], [ 391354791781 ], [ 1429838429 ],,,,, 
  [ 40207655503 ],,,,,,,,,,, [ 16379479561 ], [ 1853171629 ],,,,,, [ 1743584604787 ],,,,,,,,,
  ,,,,,,,,, [ 74039740741 ], [ 280542363223 ],,,,,,,,,,,,,,,,, [ 4254598446211 ],,, 
  [ 9985334731 ],,, [ 6986100643 ],,,,,, [ 1530946201 ],,,,, [ 3751056401 ],,,,,,,,,,,, 
  [ 16200566933 ],, [ 3860765599 ],,,,,,,,,,,,,, [ 1696957132177 ],,,,,,,,,,,,,,,,,,,,,, 
  [ 16646237351 ],,,,,,,, [ 5203704817 ],,,,,,,,,,,, [ 118756697881 ],,,, [ 49797273611 ],,,,
  ,,,,,,,,,,,,,,,,,, [ 4186559089 ],,,,,,, [ 24071620561 ],,,,,, [ 1369962973, 1889104897 ],,
  ,,,,,,,,,,,,,,,,,,,,,,,,,,,, [ 7625107579 ],,, [ 24181738940803 ],,, [ 1167766921 ],,,,,,,,
  ,,, [ 120447661777 ],,,,,,,,,,,,,, [ 3384588211 ],,,,,,,, [ 3645572179 ],, [ 831167786041 ]
   ,,,,,,,,,,,,,,,,,,, [ 23355130303 ],,,,,,,,,,,,, [ 27046558369 ],,,,,, [ 37979451283 ],,,,
  ,,,,,, [ 102675336289 ], [ 5414570209 ], [ 399093921211 ],,,,, [ 2497816441 ],,,,,,,,,,,,,,
  , [ 70791551851 ],,,,,,,,,,,, [ 1577686087, 5657060683 ],,,,,,,,,,,,,, [ 19989114569 ],,,,,
  , [ 11849628319 ],,,,,,,,,,,,,,,,,,,,,, [ 2112650930809 ],,, [ 31470211063 ], 
  [ 626198044733 ],,,,,,,,,, [ 2524215901 ],,,, [ 6341981851 ],, [ 35530737461 ],,,, 
  [ 2518738801 ],, [ 18289794000161 ],,,,,,,,,,,,,,,,,, [ 173641592521 ],,,, [ 76714586353 ],
  ,,,,, [ 1407516973 ],,,,,,,,,,,,,,,, [ 6193735673 ],,,,,,,,,,,,,, [ 4325643937 ],,,,,,,,,,,
  ,,,,,,, [ 18209776861 ],,, [ 14811748339 ],,,,, [ 20429766061 ], [ 1410531571 ],,, 
  [ 70311160561219 ],,,,,,,,,,,, [ 29971411651, 544286362891 ],, [ 39700944329 ],,,,,,,,,,,,,
  ,,, [ 6190616017 ],,,,,,,,,,,, [ 15396953041 ],,,, [ 1018979161, 35736642281 ],,,,, 
  [ 19601316307 ],,, [ 3450178561, 10469621761 ],,,,,,,,, [ 35598785977 ],,,,,,,,,,,,,,, 
  [ 8729915041 ],,,,,,,,,,,,,,,,,,,,,,,,,,,,,,,,,,,, [ 4037677309 ],,,,,,,,,,,,,,,,,,,,,,,,,,
  ,,,,,,,,,, [ 1955720449 ],,,,,,,,,,,,,,,,,,,,,,,,,,, [ 46093191481 ],,,,,,, [ 9790358353 ],
  ,,,,,,, [ 87443664571 ],,,,,,,,,,,,,, [ 1334007377 ],,,,,,,, [ 302064290753 ],, 
  [ 5843333497, 7637508187 ],,,,,,,,,,,, [ 116835735223 ],,,, [ 8609516501 ],,,,, 
  [ 6381310321 ],,,,,,, [ 22130269169 ],,,, [ 16551036349 ],,,,,, [ 109030395457 ],,,,,,,,,,,
  ,,, [ 18460902443 ],, [ 16053518617 ],,,,,,,,,,,, [ 109176510301 ],,,,,,,,,,,, 
  [ 1015535377 ],,,,,,,, [ 78932817401 ],,,,,,,, [ 1430038273 ],,,,,,,,,,,,,, 
  [ 59090974783 ],,,,,,,,,,,,,,,,,,,,,,,,,, [ 125738870993 ],,,,,,,,,,,,,, 
  [ 1143007777, 58156579298047 ],,,,,,,,,,,,,,,, [ 715218889381 ],,,,,,,,,, [ 1212477793 ],,,
  ,,, [ 1944508567 ],, [ 1234152977 ],,,,,,,,,, [ 9666747119749 ],,,,,,,,,, [ 5755781041 ],,,
  ,,,,, [ 1025785069, 2299823989 ],, [ 4836137077, 31963665911 ],,,, [ 3410304301 ],,,,,,,,,,
  ,,,,,,,,,,,,,, [ 52077702223 ],,,,,,,,,,,,,,,, [ 1327075991 ],,,,,,,, [ 3591872329 ],, 
  [ 1373820001 ],,,,,,,, [ 3673416233 ],,,,,,,,,,,,,,,, [ 3218497393 ], [ 24209925601 ],,, 
  [ 3954831553, 118424358361 ],,,,,, [ 1146623971 ],,,,,,,,,, [ 1619554841 ],,,, 
  [ 121981921753 ],,,,,,, [ 1267813762921 ],,,,,,,,,,,,,,,,, [ 4385930209 ],,,,,, 
  [ 2744705269 ],,,,,,,,,, [ 253727788081 ],, [ 1356197891 ],,,,,,,, [ 1197608693 ],,,,,,,,,,
  ,,,,,,,, [ 43687727329 ],,,,,,,,,,,,,,,,,,,,,,,,,,,,,, [ 60363697379 ],,,,,,,,,, 
  [ 5918460761, 591404113129 ],,,,,,,,,,,,,,,,,,,,,, [ 30529205899 ],,,,,, [ 4915918549 ],,,,
  ,,,,,, [ 1858850353 ],,,, [ 67785978103061 ],,,,,,,,,,,,,,,,,,,,,,,,,,,,,,,,,,,,,,,,,,,, 
  [ 99852860153 ],,,,,,,,,,,, [ 1392433681 ],,,,,,,,,,,,,,,,,,,,,,,,,,,,,,,,,,,,,,,,, 
  [ 67621245451 ],,,,,,,,,,,,,,,,,,,,,,, [ 100887972520597 ],,,, [ 2556153601 ],,,,,,,,,,,,,,
  ,,,,,,,,,,,,,,,,,,,,,,,,,,,, [ 23160615073 ],,,,,,,,,,,,,, [ 23999425193983 ],,,,,,,,,, 
  [ 1751932801 ],, [ 1060371211 ],,,,,,,,,,,,,,,,,,,,,,,,,,,,,,,,,,,,,,,,,,,,,,,,,,,,,,,,,,,,
  ,,,, [ 33412163436359947 ],,,,,,,,,,,, [ 1190603515567 ],,,, [ 517007764321 ],,,,,,,,,,,,,,
  ,,,,,,,,,,,, [ 1120322557 ],,,,,, [ 1999315159 ],,,,,,,,,,,, [ 8169401179 ],,,,,, 
  [ 7888092241 ],,,,,,,,,, [ 1207976381 ],, [ 57096700417 ],,,,,,,,,,,,,, [ 2593223011 ],,,,,
  ,,,,, [ 28732833793 ],,,,,,,,,,,,,,,,,,,,,,,,,,,,,,,,,,,,,,,,,,,,,,,,,,,,,,,,,,,,,,,,,,,,,,
  ,,,,,,,,,,,,,,,,,,,, [ 3463912519 ],,,,,, [ 1320430578409 ],,,,,,,,,,,,,,,,,,,,,,,,,,,,,,,,
  ,,,, [ 1547282238937 ],,,,,, [ 5484443473 ],,,,,,,,,,,,,,,, [ 9369961241 ],,,,,,,, 
  [ 1320486324979 ],,,,,,,,,,,,,,,,,,,,,,,,,,,,,, [ 1420335793, 59565549457 ],,,,,,,,,,,,,,,,
  ,,,,,,,,,,,,,,,,,,,,,,,,,,,,,,,,,,,,,,,,,,,,,, [ 1925970911 ],,,,,,,,,,,,,,,,,,,,,,,,,,,,,,
  ,,,,,,,,,,,,,,,,,,,,,,,,,,,,,, [ 11490622211 ],,,, [ 45103187719, 188182811953 ],,,,,,,,,,,
  ,,,,,,,,,,,,,,,,,,,,,,,,,,,,,,,,,,,,,,,,,,,,,,,,,,,,,,,,,,,,,,,,,,,,,,,,,,,,,,,,,,,,,,,,,,,
  ,,,,,,,,,,,, [ 1421131927513 ],,,,,,,,,,,,,,,,,,,,,,,, [ 206983614337 ],,,,,,,,,,,,,,,,,,,,
  ,,,,,,,,,,,,,,,,,,,,,,,,,,,,,,,,,, [ 4497724603 ],,,,,, [ 12847987513, 295700130469 ],,,,,
  , [ 8643831673 ],,,,,, [ 37024381614721 ],,,,,, [ 3460396411 ],,,,,, [ 9100070809 ],,,,,,,,
  ,,,,,,,,,,,,,,,,,,,,,,,,,,,,,,,,,,,,,,,,,,,,,,,,,,,,,,,, [ 2477200081, 39802625761 ],,,,,,,
  , [ 14457808957 ],,,,,,,,,,,,,,,,,,,,,,,,,,,,,,,,,,,, [ 16225013281, 17458308001 ],,,,,,,,,
  ,,,,,,,,,,,,,,,,,,, [ 1265067077 ],,,,,,,,,,,,,,,,,,,,,,,,,,,,,,,,,,,,,,,,,,,, 
  [ 2164344697 ],,,,,, [ 3332188459 ],,,,,,,,,,,,,,,,,,,,,,,,,,,,,,,,,,,, [ 8106920977 ],,,,,
  ,,,,,,,,,,,,,,,,,,, [ 3517228801 ],,,,,,,,,,,,,,,,,,,,,,,, [ 259085026639 ],,,,,,,,,,,,,,,,
  ,,,,,,,,,,,,,,,,,, [ 164315223101 ],,,,,,,,,,,,,,,,,,,,,,,,,, [ 23177480233 ],,,, 
  [ 26640980501 ],,,,,,,,,,,,,,,,,,,,,,,,,,,,,,,, [ 3992494669 ],,,,,,,,,,,,,,,,,,,,,,,,,,,,,
  ,,,,,,,,,,,,,,,,,,,,,,,,,,,,,,,,,,,,,,,,,,,,,,,,,,,,,,, [ 4378035751 ],,,,,,,,,,,,,,,,,,,,,
  ,,,,,,,,,,,,,,,,,,,,,,,,,,,,,,,,, [ 3714242035201 ],,,,,,,,,,,,,,,,,, 
  [ 1349575657, 2347401409 ],,,,,,,,,,,,,,,,,, [ 18919395889 ],,,,,,,,,,,,,,,,,,,,,,,,,,,,,,,
  ,,,,,,,,,,,,,,,,,,,,,,,,,,,,,,,,,,,,,,,,,,,,,,,,,,,,,,,,,,,,,,,,,,,,,,,,,,,,,,,,,,,,,,,,,,,
  ,,,,,,,,,, [ 12794075521 ],,,,,, [ 1714619593 ],,,,,,,,,,,,,,,,,,,,,,,,,,,,,,,,,,,,,,,,,,,,
  ,,,,,,,,,, [ 1525465009 ],,,,,, [ 9115822003 ],,,,,,,,,,,,,,,,,,,,,,,,,,,,,,,,,,,,,,,,,,,,,
  ,,,,,,,,,,,,,,,,,,,,,,,,,,,,,,,,,,,,,,,,,,,,,,,,,,,,,,,,,,,,,,, [ 3484762933 ],,,,,,,,,,,,,
  ,,,,,,,,,,,,,,,,,,,,,,,,,,,,,,,,,,,,,,,,,,,,,,, [ 6217749679 ],,,,,, [ 957688529257 ],,,,,,
  ,,,,,,,,,,,, [ 1300300957 ],,,,,,,,,,,,,,,,,,,,,,,,,,,,,, [ 7460263441 ],,,,,,,,,,,,,,,,,,,
  ,,,,,,,,,,,,,,,,,,,,,,,,,,,,,,,,,,,,,,,,, [ 1564145857 ],,,,,,,,,,,, [ 4669028197 ],,,,,,,,
  ,,,,,,,,,,,,,,,,,,,,,,,,,,,,,,,,,,,,,,,,,,,,,,,,,,,,,,,,,, [ 206783298307 ],,,,,,,,,,,,,,,,
  ,,,,,,,,,,,,,,,,,,,,,,,,,,,,,,,, [ 1799720803 ],,,,,,,,,,,,,,,,,,,,,,,,,,,,,,,,,,,,,,,,,,,,
  ,,,,,,,,,,,,,,,,,,,,,,,,,,,,,,,,,,,,,,,,,,,,,,,,,,,, [ 677448169483 ],,,,,,,,,,,,,,,,,,,,,,
  ,,,,,,,,,,,,,,,,,,,,,,,,,,,,,,,,,,,,,,,,,,,,,,,,,,,,,,,,,,,,,,,,,,,, [ 618825378289 ],,,,,,
  ,,,,,,,,,,,,,,,,,,,,,,,,,,,,,,,,,,,,,,,,,,,,,,,,,,,,,,,,,,,,,,,,,,,,,,,,,,,,,,,,,,,,,,,,,,,
  ,,,,,,,,,,,,,,,,,,,,,,, [ 4473287707393 ],,,,,,,,,,,,,,,,,,,,,,,,,,,,,,,,,,,,,,,,,,,,,,,,,,
  ,,,,,,,,,,,,,,,,,,,,,,,,,,,,,,,,,,,,,,,,,,,,,,,,,,,,,,,,,,,,,,,,,,,,,,,,,,,,,,,,,,,,,,,,,,,
  ,,,,,,,,,,,,,,,,,,,,,,,,,,,,,,,,,,,,,,,,,,,,,,,,,,,,,,,,,,,,,,,,,,,,,,,,,,,,,,,,,,,,,,,,,,,
  ,,,,,,,,,,,,,,,,,,,,,,,,,,,,,,,,,,,,,,,,,,,,,,,,,,,,,,,,,,,,,, [ 1174113487, 1308830251 ],,
  ,,,,,,,,,,,,,,,, [ 3866120685961 ],,,,,,,,,,,,,,,,,,,,,,,,,,,,,,,,,,,,,,,,,,,,,,,,,,,,,,,,,
  ,,, [ 1024471501 ],,,,,, [ 9575748883 ],,,,,,,,,,,,,,,,,,,,,,,,,,,,,,,,,,,,,,,,,,,,,,,,,,,,
  ,,,,,,,,,,,,,,,,,,,,,,,,,,,,,,,,,,,,,,,,,,,,,,,,,,,,,,,,,,,,,,,,,,,,,,,,,,,,,,,,,,,,,,,,,,,
  ,,,,,,,,,,,,,,,,,,,,,,,,, [ 14261259223 ],,,,,,,,,,,,,,,,,,,,,,,,,,,,,,,,,,,,,,,,,,,,,,,,,,
  ,,,,,,,,,,,,,,,,,,,,,,,,,,,,,,,,,,,,,,,,,,,,,, [ 2314372051 ],,,,,,,,,,,,,,,,,,,,,,,,,,,,,,
  ,,,,,,,,,,,,,,,,,,,,,,,,,,,,,,,,,,,,,,,,,,,,,,,,,,,,,,,,,,,,,,,,,,,,,,,,,,,,,,,,,,,,,,,,,,,
  ,,,,,,,,,,,,,,,,,,,,,,,,,,,,,,,,,,,,,,,,,,,,,,,,,,,,,,,,,,, [ 2072624041, 58252385671 ],,,,
  ,,,,,,,,,,,,,,,,,,,,,,,,,,,,,,,,,,,,,,,,,,,,,,,,,,,,,,,, [ 3267931591 ] ]);
