BRENTFACTORS[1397]:=MakeImmutable([ ,,,,,,,,,, [ 56999128847 ],, [ 1918726031 ],,, 
  [ 216180252049 ], [ 312266034727, 4647154002632111 ],, [ 19745238024986699493943 ],,, 
  [ 517933636133 ], [ 31612696933 ],, [ 15275092576651 ],, [ 97628231334709 ], 
  [ 157737274628455649 ], [ 4502590449967, 1384806845692584064543852406892527 ],,,, 
  [ 2998070527 ],, [ 49424993292253531, 200760005239438432061 ],, [ 87125585387345362589 ],, 
  [ 69672514110109, 41853545501502248098807 ], [ 22462305721, 34631378482814041 ], 
  [ 140977034043083706440083610101 ], [ 2913014161, 149649664921 ], [ 36967889352259729 ], 
  [ 12787541885617551365897 ],, [ 25638012923, 5587806883628901871584031 ], 
  [ 375199113766344839312926261 ],, 
  [ 3031974459833299603561, 19018903169896199735071616583991349 ], [ 49033253994251 ], 
  [ 325905450349, 932565047785669, 2020963262250157, 4155901577429500963 ], 
  [ 4554815295224497733, 43914012825857013113 ], 
  [ 24465816293424179, 19415331081825540149, 1272027859875931089557, 
      96247384904617773847207852758009767 ], [ 1552667404499583751 ],,, [ 1619280054011173 ],
  [ 773328684907197585664039 ], [ 1001617405447 ], [ 2046198440322715741 ], 
  [ 70856145883, 112133416979763760246769 ], 
  [ 707814789691417, 28572744874626718427748540443617 ], 
  [ 4579659379, 35222417721817036831, 8311294868253176661384224269 ], 
  [ 168488267029697, 18798649312877075802592769 ], [ 1454550371 ], 
  [ 11079063271, 216859887487, 157915699138343323 ],, 
  [ 11523794895661, 17997558954090692894209 ], 
  [ 8068131361, 36111336419923, 8006372473577011047829005859826777822899089361093 ],, 
  [ 10090428758611 ], [ 502152488788231201495756740649705369 ], 
  [ 8663614288890967789, 219245928700858359318136369961 ], 
  [ 776446956931, 776547651700944971, 274790662381644632635220549530395137849 ], 
  [ 287716189951, 15813997859334774742615861933511251 ], 
  [ 526766960383352216629, 24190873573070545466675118893606378184657773 ], 
  [ 17587197101138897, 8254062544363787999, 179889243405162107003290152589 ], 
  [ 405857913007, 204462604916233 ],, 
  [ 12801052329480337361, 21236424996964716470235473664881 ],,,, [ 1926858808477 ], 
  [ 162997278401, 579446339890487379934271 ],, [ 5796759005440929936037 ],, 
  [ 128279390119, 23023032437988691, 285793578747761537 ], 
  [ 3465928227097711, 645955782800437245323791 ], [ 6394748018387 ],, 
  [ 464143317481, 18315839441161 ], [ 3247435320300774049781 ], [ 47719909978981 ], 
  [ 18985009578433, 18658173560153790620021854089697 ], [ 187809131171 ],, 
  [ 47292883645015794628459 ], [ 360183052521001 ], 
  [ 136060729369795007, 20018162875369127439177658823, 35912331444207829166314223617, 
      27445337014833883108432902345559 ], [ 1546082764321, 9512794207843483 ],, 
  [ 47680645394617 ],, [ 156967787333846157209 ], 
  [ 42785717641, 75868998421, 26737098984749, 444931881805517385175220552779 ], 
  [ 9395336204937577, 28963834287746273026828496313661 ], 
  [ 124116358493, 56028854852573, 3352867551175711717 ], 
  [ 1416374081, 10486057553537858760597712428451 ],,, [ 110497220783116340633 ], 
  [ 212197825803608413, 3962667148019889074467209379888539824454079 ],, 
  [ 13175976098760466518059957, 1002824392867054764397793287097 ],, 
  [ 202661324419, 572828785425823259379161699 ], [ 1095765498952783, 3377688341406799138699 ]
    , [ 463802019731543808241 ], [ 307604314617778751 ], [ 253751878602356946719 ],, 
  [ 3760760971613, 40032503558742109, 5399057763548378178134351245097 ], 
  [ 799751747831108251, 5594477732110894243714001 ], 
  [ 58892613253633279, 530567146877151944618051642118037 ], [ 23815376766099393557 ], 
  [ 152817842550170168501761 ], [ 1538462265140503801853581033 ], [ 2125086486867761 ],, 
  [ 1839363472981, 231608895553993, 2538986706036793, 172572146276275238461 ], 
  [ 4519438421 ],, [ 31450384351 ], [ 3215413457, 260796241091365201 ], 
  [ 35740942231, 88354051182415264018004671669 ], [ 75465786037 ], 
  [ 4827543867248849433071837 ], 
  [ 5056264889315641, 624282765698118877816602927001, 
      3529460441219292982701296974000360345956206401 ], [ 870565619588107029631771 ],, 
  [ 17886608547809, 28976092529957 ], [ 444182102947873 ], [ 779032662415260726751 ],, 
  [ 32079463486719359509, 36547506811852712233639579 ], [ 22779004121 ],, 
  [ 12002178451, 23042218201 ], [ 4965190883325773 ], [ 6294898361, 1582673774858192033 ], 
  [ 8429090689 ], [ 58685539948965469 ],, 
  [ 8378928169, 997324250822953, 1229792235356631337, 1264677134907408015769, 
      44522804582561486390508157 ],, 
  [ 14284750771, 37456814669432779, 81729935992734989, 6573939919628825011 ],,, 
  [ 32635090689041, 568311264723454881931 ], [ 88478909821, 1320054381115495579 ], 
  [ 92300414231 ],,, [ 3978928448817506766048775541 ],,,,,, 
  [ 170206575437, 889952145293522428969, 119159376818486332375237 ],, 
  [ 107560033268239, 2013546524874178447, 72998158831376035422229, 
      8327469802350581371855783003603 ], [ 30524181475901 ], [ 1064128645537 ], 
  [ 27081746936212201 ], [ 8872724062667 ],, [ 29497940407801, 155640244406726683444861 ],, 
  [ 180571701865747921, 30902887763984672983 ], [ 17322115768919445054351211 ], 
  [ 75917089939321 ], [ 215916432009871 ],, [ 218874389050826917 ], 
  [ 6125870021, 26599631947440061, 3431069144018742442945070749822561 ], [ 1838832094639 ], 
  [ 3967850941, 4949327618602531 ], [ 238517213846267 ], [ 4151604072514400252929 ],, 
  [ 2826750139, 222705354919, 448447153474603, 152235935308444541 ],,,,, [ 107527728457 ], 
  [ 13565532682132949098953394801 ], [ 15996725181421, 207507338290463661909673 ], 
  [ 49253876185514082716410297 ], [ 149936427207071, 52721139967438196311 ], 
  [ 7031693856959257 ],,,,,, [ 6721356452915791, 47873872689081009196186051 ], 
  [ 198009428411, 37953068579470259, 43158908718113213237 ], 
  [ 939132378097, 1318076115981941212508413 ], [ 265390046354791360999 ],, 
  [ 31733241216065346401 ], [ 11576451111716679913 ],, [ 999911461459535315711 ], 
  [ 760616966209 ], [ 38141783590829381, 17630121748936951776408397061 ],,, [ 99325984001 ], 
  [ 3125829953, 699980596673 ],, [ 333436683133321274222890199 ], [ 23821418481041 ], 
  [ 250762660589447161 ],, [ 19450381589679670590374095921 ],,,,, 
  [ 5493115601, 59214388201, 12373557609461 ], [ 47139758641, 17525309838437 ],, 
  [ 1303449777407, 6942281874742268955179967731 ], [ 6014243283283 ],,, 
  [ 162642082783310883415424520830303 ],, [ 406623302581, 545271223893634793 ],,,, 
  [ 28553015993, 4358885361625073, 1459870589084332081, 13599979887384156020129 ], 
  [ 8133207153457 ],, [ 1338289331, 266579451529, 2563796211116831 ], 
  [ 1798328515349369762137 ], [ 1726164859, 35032770886433 ], [ 322521518160798782973128921 ]
   ,, [ 14671376102163722143806977 ], [ 251375558384177 ], [ 1958711526637 ], 
  [ 138484450483, 27168003702211 ], [ 109113391921, 123376836113441 ],, 
  [ 177611260452498113 ], [ 10259712895170407 ], 
  [ 5085576249073, 74377858734961, 306770788784329, 699290353203817, 
      372289384932578389540242001 ], [ 22689768410291 ], [ 48788708069051610983 ],,,, 
  [ 7117620805477909398370861 ], [ 2020607222453 ],, 
  [ 24276342649651, 204369843361003569523 ],, [ 6371277551, 12614189501 ], 
  [ 58481025080865397 ], [ 10953773974153, 1718800992510625862603 ], 
  [ 1560718967, 202425639070940080803361 ], [ 140370140737, 227346097357 ], 
  [ 19309275073552294895478121 ],, [ 2295043064888282052666004873237 ],,,,,,, 
  [ 60695808939497661791 ], [ 1746530879461 ], [ 12775145568499, 819524390106469 ], 
  [ 28185425561, 5162574889957, 141003387246497 ], [ 524463170171, 2213554217737 ],,,,,,, 
  [ 2267418738901 ],, [ 1040797097 ],, 
  [ 42937939366088186593, 4840459540607306060513, 1321614383004241224075751169 ], 
  [ 218002151971 ], [ 268569628651, 1348055726527, 6131385303751, 37878539770570795237 ],, 
  [ 19453290332776690853 ], [ 8538703962834361 ],, [ 5099798527 ],, [ 5578436867 ],, 
  [ 51198553216752481 ],, [ 3385758128171 ],, [ 3396474508967 ], [ 2890077500801 ], 
  [ 23598295741, 354444473196421 ], [ 2871440153, 3049836069882765983 ], [ 84395986593371 ],,
  , [ 222839240027, 7757212032317089 ],,, [ 7128288793753 ], 
  [ 11033920295152591, 104364547624166941, 106372874378567281 ],, [ 7602653345641 ],,, 
  [ 1234176850001 ], [ 859184510689, 181892941071073, 196154160471361, 638403072528045025489 
     ], [ 6273782069 ], [ 315034768127, 15422897770204289, 46390305187218903067 ], 
  [ 17606889793 ], [ 211249482721, 45448343921801 ],, [ 425359495149290906131 ],,, 
  [ 2406672956772901 ], [ 1822543050199 ],, [ 4017905668622785635049 ], 
  [ 8249314397, 1617933716573, 42763630008559 ], [ 35152938697231890500127401 ],,, 
  [ 8266760257901 ], [ 842134167967, 25139766669185593 ],, [ 7691136458977 ], 
  [ 554167876291, 1066134538622589014629 ], [ 35103424007 ],, [ 689642701921 ],,, 
  [ 70786642939 ], [ 476995377769 ],,,, [ 672015810929 ],, [ 858889933057631 ], 
  [ 109535126681261 ], [ 7885953601, 4047541431469 ],, [ 700951362526669 ], 
  [ 2947482852231751, 909488792728857001 ],, [ 9899139329, 302875278424031 ],,,,, 
  [ 111789055009940789347 ], [ 210969504688169 ], [ 191506918657 ], [ 2037624575141 ], 
  [ 6556118519, 196212022187 ], [ 2282537611 ], [ 478361040253 ],, 
  [ 24556660831, 5340178767294492421 ], [ 16166177512798267 ], 
  [ 13575441769, 17894397760177, 1259505329400786926137 ], [ 39896549490163 ], 
  [ 21796242329 ],,,, [ 61735473491, 3511641216287472948165977 ],,, [ 13520276401 ], 
  [ 139806421537, 7285390145317 ], [ 2657049929, 92308713641, 37413936453583 ], 
  [ 279361062986793671057 ],,,,,,,, [ 37624767001 ],, [ 575002353699343 ],,,, 
  [ 1261075674461989 ],, [ 26260279081, 38568792921482235301 ],, [ 1005421922489 ],, 
  [ 34651612001 ], [ 2421157011901, 85468422980225651 ], [ 7520598521724424645501669 ],, 
  [ 3125930354233, 224165389586573, 674747004807301, 12187987821562240937 ],, 
  [ 14278070881, 7723600022311, 26107237100551 ],, [ 935243511121, 185774962216321 ], 
  [ 3153244561, 4124628967, 4448539813, 19207834969, 15710220556213 ],,,,, [ 90254978009503 ]
   ,, [ 3959530456733281 ], [ 4449729390121 ], 
  [ 1030181777, 100612512971933, 213058705677247 ],,, [ 188584831753541 ],, [ 53066532973 ],
  , [ 83691714545210957, 5600948679460988209 ], [ 4935063868721551, 131960391254387091901 ],
  , [ 6365941895013913 ],, [ 1303655099, 675117615988446541 ], [ 529286440411 ],,,,, 
  [ 5516967977386781 ],,, [ 3771841955627 ], [ 317746997233, 52142930538853489 ],,, 
  [ 30262987996853 ], [ 50003538184549, 47882576661017057531144821 ],, 
  [ 2018833809011, 3857912550721 ], [ 252535476364789 ],, 
  [ 3070206107, 23299708499, 45020839366909649 ], [ 739167205010955224419 ],, 
  [ 477888294987853 ], [ 1850911440823 ], [ 2915222099 ], [ 2334131244024731 ], 
  [ 529433927151388321 ], [ 1022599267 ],,,,, [ 16851453068623537477 ],, [ 182534275249 ],,,
  , [ 204458694877 ], [ 1241768401 ], [ 15793068199897 ],, [ 12521064083668401169 ],,,, 
  [ 15749603551119531553501 ],, [ 2258976218467399667 ],, [ 23532067685449 ], 
  [ 8656669601 ], [ 1825944677273839 ], [ 1268169241 ], [ 22059814414186921 ], 
  [ 18720678971 ], [ 82606982817583591 ], [ 32359978376461 ],, [ 9716154982444639 ],, 
  [ 1470664901, 253941991691 ],,,, [ 321793100737093 ], [ 2634469241 ],, 
  [ 21659064766237, 5290247231482572019 ], [ 99654269329 ], [ 33384222353 ],,,, 
  [ 582253788351147793 ],,,,, [ 7068155641 ],,,, [ 12611077361209, 14854472018981149 ], 
  [ 15977918245996211633 ], [ 1823896492111, 92549136165179 ], 
  [ 1715533021, 2210563836361, 115720839632476081 ], [ 6196542589 ], [ 15806259281 ],, 
  [ 3007686105089 ],, [ 9647611429, 9178890326603089 ],, [ 661794224983899866557 ], 
  [ 1659780721 ], [ 111721753998251 ],,, [ 10773090329 ], 
  [ 18141113923, 3918021499043, 16388104023461971 ], [ 9019658672641 ], [ 309017938961 ],, 
  [ 8590923376432543, 64992031567788356191 ],, [ 61476478001, 26297165103187507201 ],,, 
  [ 56331826391 ], [ 12552761317, 1877624031827149 ],, [ 3817897417985968613 ],,,, 
  [ 355888534501, 1737037344298227696931 ],, [ 95541760049737 ], [ 41499934123 ], 
  [ 3203610523, 8390405158661, 1252415000288593 ],, [ 8083792513, 24539086081 ],,,, 
  [ 1508694661361 ],, [ 12488213203 ],,,, [ 2297847063435397 ],, [ 430277706489541 ],,,,,,, 
  [ 1040800181, 2764472674391 ], [ 55017070517 ],, [ 187405515103 ],, 
  [ 14543561401, 152199792001 ], [ 2335919923 ], [ 382088742367711012243 ], [ 4764610180261 ]
   ,,, [ 5273001133 ],,, [ 2010149443 ], [ 16898668095723941 ],,,, [ 2645606467709 ], 
  [ 96364413961 ], [ 6732409993, 10064891316481, 20150494739761, 95961080465713 ],, 
  [ 98464216038820873 ], [ 1848998807 ], [ 4762290061 ],, [ 165150784061 ],, 
  [ 46188674815984917050017 ],,,,,, 
  [ 14735114101, 18954883081, 194544859321, 219558412846081, 298240921488111906151 ],, 
  [ 3291908513 ],, [ 186946070447 ],, [ 1993862121061 ],,,,,,,,, [ 135079035991 ], 
  [ 15071023918003, 103719995609917 ], [ 24330951010969 ],,,,,,,,,,,, [ 7674284333 ], 
  [ 1798403568061 ],, [ 159266107339993 ],, [ 3359680614939977 ],, [ 151947173945152297 ],, 
  [ 118028709581 ],, [ 202217674081 ], [ 5060236457, 13235438767 ],,,, [ 12541774051 ],, 
  [ 1068480667 ],, [ 1240922747 ],,, [ 275649062503, 1021588440049 ],,,,, [ 31609449829 ], 
  [ 5519056688737 ],, [ 53915289691 ],,,,,,,, [ 14025618283, 81516942799 ], [ 19626310903 ],,
  , [ 58653212027269861, 81101238970510747 ],,, [ 1629752731 ],,,,, 
  [ 1103205811, 1253771251, 1268711041601 ],, [ 833615978285393 ],, [ 461488237970719 ],,,, 
  [ 2470601383, 7440201047 ],,,, [ 2253555259512511 ],, [ 42915623453 ],, [ 18363640747 ],, 
  [ 2281074036697 ],,,, [ 271974657964802017 ],, [ 58243352879 ],,, [ 29454841769 ],,,,,, 
  [ 3588074797 ], [ 104102486569, 4188569462761, 8610895256569 ],,,,, [ 31572817207 ], 
  [ 90396897899483251 ],,,,,,,,,,,,,, [ 47829803189869 ], [ 2628551728981 ], 
  [ 5123996470147 ],,,, [ 3287736761 ],, [ 510514235017769, 15031180179284053 ],,,, 
  [ 660592803855713 ],,,,,, [ 6252492731 ],, [ 6148965313, 9581400477937 ],, 
  [ 13036691213683 ],, [ 13368986386033 ],, [ 7308066431, 56405952601 ],, 
  [ 2559546793, 82191653281 ],,,, [ 14561116561, 3364701936469 ],,,,,,,,,,,, 
  [ 5461773769, 8567890489458329 ], [ 2605293893 ],,, [ 647682863129 ],,,, [ 851830947601 ],,
  ,,,, [ 69574434283 ],,,,,,,, [ 31078745879521 ],,,,, [ 6575618321 ], [ 328649721470401 ], 
  [ 2794324501 ], [ 3652079944589 ],,, [ 20153964527 ], [ 65122279751, 3246073624177 ],,,,,, 
  [ 46976753376689 ],, [ 27107364451 ],,,, [ 4645550771, 5083511861 ],, [ 382989424513 ],,,, 
  [ 58268489021 ],,,, [ 3444383521 ],,,,,, [ 9418286791 ],, [ 123175079563937 ], 
  [ 7228785709 ],, [ 1090363751 ], [ 81133080374161, 131764405823509 ],, [ 297141267619817 ],
  [ 21368312443 ], [ 3360487681 ],, [ 8455906873 ],,,, [ 693006255259, 34006531373197 ], 
  [ 14322321589, 119162017477 ],, [ 11447046703 ],,,,,,,,, [ 1185545887, 41059089667 ], 
  [ 17940052037 ],,,,,,, [ 51627241261 ],,, [ 15424501033 ],,,,,,,,,,,,,, 
  [ 2630928431, 26219092433 ],,,,,,, [ 2775013834921, 56688402701221049539531 ],, 
  [ 241126739897 ],,,, [ 17509494601 ],,,,,, 
  [ 44480171773, 6024338622061, 2788035802861129088143 ],,, [ 5132773171 ],,,,,,, 
  [ 4533642961 ],, [ 1037876929741 ],,, [ 43568697811 ],,, [ 904572239054401 ],, 
  [ 106354366210223 ],,,,,, [ 24738469361 ],,,, [ 34327832401 ], [ 8408953663559 ],,, 
  [ 10098054193, 1254387425569 ],,,,,, [ 68230336706039 ],, [ 1089577297 ],,, 
  [ 66746295463 ],, [ 2369636089 ], [ 287534145637565641 ],,,,,,,,,,,,,, [ 176001990149 ],,,
  , [ 1722703249 ],, [ 1813721641 ],,,, [ 103198449067741 ],,,,,,,,,,,,,, [ 88274093749 ], 
  [ 2543157037 ],,, [ 104118426309767593 ],,,, [ 8219109109 ],,,, 
  [ 80151810961, 2348029270426321 ],,,,,, [ 3342923953 ],,,,,,,,, [ 30048379181 ], 
  [ 6243630148801 ],,, [ 294730207399 ],,,,,, [ 12153270931 ],,, [ 11801968502809 ],,,,, 
  [ 3364009513 ],,,,,,, [ 1155827588401 ],,,,, [ 5242824161 ],,,,,,, 
  [ 43161250176370028543569 ],, [ 3717486513111271 ],,,,,,,,,, [ 6531550905049249 ],,,,,,,, 
  [ 1287577071601 ], [ 1822083397 ],,,,,, [ 10571427991 ], [ 384582749268481 ], 
  [ 1510392803 ],,, [ 13582834129 ], [ 17258485501 ],,, [ 8438834987449 ],,, 
  [ 1410895380883 ],,, [ 478674663175549 ],,,,,, [ 7292037069301 ],,, [ 33877118683 ],,, 
  [ 1718456797, 39117275209 ],,, [ 44601505129 ],,,,,, [ 21316541401 ],,,,,,, [ 1438846501 ],
  ,, [ 42769675721 ],,,,, [ 6665881576771 ],, [ 40862448041 ], [ 4158256849 ], 
  [ 384107721013 ],,,,,,,,,,,,,,,,,,,,, [ 1000886591, 9181648661 ],,, [ 1931265851 ],, 
  [ 3446820316801, 43135679560801 ], [ 30284106143 ],, [ 3113780239 ],,,,,,,,,,,,,,,, 
  [ 8509185617 ],,, [ 15093501229 ],,,, [ 1361948689 ],,, [ 15898353833 ],,,,,,,, 
  [ 3417724619 ],, [ 8507023561 ],,,,,,,,, [ 9842710403137 ], [ 1474872187577 ],, 
  [ 38056198123 ],,,,,,,,,,,,,,, [ 321554442967 ],,,, [ 2025248681 ],,,,,,,, 
  [ 4831933969, 413882841943 ],, [ 2379690241, 12924833281 ],, [ 6596118197 ],,,,,,,, 
  [ 3532450668417631267141 ],, [ 6696602669 ],,,,,,,,,,,,,,,,,,,,,,,,,,,, 
  [ 5574580441, 85932168028081 ],,,,,, [ 13448985499, 80092556209927, 1933370434215403 ],,,,
  , [ 1519432333 ], [ 3316837177 ],, [ 3072494147 ],,, [ 11058522203 ], [ 46003107973 ],,, 
  [ 21034842859 ],,,,,,,,, [ 8155633501 ],,,,,, [ 3918342349 ],,,,,,,,,,,,,,,, 
  [ 711860546741 ],, [ 21980821939 ],, [ 1811700769, 8560361569 ],,,,,, [ 88910949271 ], 
  [ 1241370087283 ],,, [ 200001880799029 ],,,,,,,,,,,, [ 4781643709 ],,,,,,,,,,, 
  [ 101089054433, 337542759371 ],, [ 1542375389, 16540684549 ],,,,,,,,,, [ 9331246597 ],,,,,,
  , [ 45719876161 ],,,,,,,,, [ 4524374383 ],,, [ 2699456045761 ],,,,,, 
  [ 2415443227, 32833784089 ],,,,, [ 8222326680983 ],,,,,,,, [ 135133134421 ],,,,,,, 
  [ 1082123503 ],,,,,,,,,,,,,,,,,,,,,,,,,, [ 30066502013 ],,,,,,,,, [ 3583991737 ],,,,,,,,,,,
  ,,,,,,,,,,,,,,,,,,,,,, [ 8127108991 ],,,,,,, [ 92308442651 ],,, [ 15878885089 ],,,, 
  [ 5827363957 ],,,,,,,,,,,, [ 436949717881, 38349250364881 ],,, [ 1870879741 ],,,,,,,,,,,, 
  [ 3219577201, 6915465901 ], [ 185788967977 ],,,,, [ 19812924170527 ],,,,,,,,, 
  [ 16756933681 ],,,,,,,,, [ 23388381906709 ], [ 4526003201 ],,,,,, [ 2300627444413 ],,,, 
  [ 6685582961 ], [ 5541688567 ],,, [ 1297235165641 ],, [ 66005935313 ],,,,,, 
  [ 13167005099 ],,,,,,,,,,, [ 166523682439 ],, [ 131237032231 ], [ 3117684301, 70943001749 ]
   ,,,,, [ 1176311467 ],,, [ 15108932587117 ],,,,,,,,,,,,, [ 9507143549 ],,,,,,,,,, 
  [ 36241176787 ], [ 704395727797 ],,,,,,,, [ 1570423733 ],,,,,,,, [ 3486280793 ],,,,, 
  [ 5422902703 ],, [ 1301802823 ],,, [ 14324028643 ],,,,, [ 2925260047 ],,,,,,,, 
  [ 1775143441 ], [ 3117243473 ],,,,,,,,,,,, [ 1712698601 ],,,,,,, [ 2394723827 ],,,,,,,,,,,,
  ,,,,,,,,, [ 960827120969 ],, [ 5654498501 ],,,, [ 1526109797 ],,,,,,,,,, [ 3407809861 ],,,,
  ,, [ 20098918171 ], [ 28994280701 ],,,,,,,,,,,,,,,,,,,,,,,,,, [ 9256688431 ],,,,, 
  [ 3860927359 ],,,,,, [ 8898156977 ],,,,,,,,,,, [ 7484610197 ],,, [ 2495841193 ], 
  [ 5182843691 ],,,,,,,, [ 396750509651 ],,,,,,,,,, [ 1056807028789 ],,, [ 5123218393 ],,,,,,
  ,,,, [ 12976359211 ],,,, [ 172068365533 ], [ 13125262842407 ],,,,,, [ 46201611431 ],,,,,,,,
  ,,,, [ 2577661577, 7208682319 ], [ 1560477151 ],,,,,,,,, [ 9898522681 ],, 
  [ 3984086123, 18754690931 ],,,,, [ 64745952487 ],,, [ 47960636921 ],,,, [ 1933168723 ], 
  [ 16648422829 ],,,, [ 1766724769 ],, [ 5842694773 ],,,,,,,,,,,,,,,,,,,,,,, [ 6111653621 ],,
  , [ 2101507609 ],,,,,,,, [ 400918918511 ],,,,,,,,,,,,,,,,,,,,,,,,, [ 1498039663 ],,, 
  [ 2930376971 ],,,,,,,,,,, [ 1261080015791 ],, [ 13792074349 ],,, [ 1620164899 ],,,,,,,,, 
  [ 14713368391 ],,,,,,, [ 3137113981 ], [ 3072766247 ],,,,,,, [ 2687723761 ],,,,,,,,,,,,,, 
  [ 2466683209 ],,,, [ 21829698229 ], [ 703137431071 ],,,, [ 1670434781 ],,,, 
  [ 7812832021, 190958198341 ],,,,,, [ 64914893347321 ], [ 1429659449 ],,,,,,,,,, 
  [ 1159466569, 8013882293, 46348072499, 281371369891 ],,,, [ 29951773909 ],,, 
  [ 136423051651 ],,,,,,,,, [ 2249158501 ],,,,,, [ 4942771237 ], [ 2473079747 ],, 
  [ 14389889977 ],,,,,, [ 1358777821 ], [ 1038765421 ],,,,,,, [ 1429414351, 4705997479 ], 
  [ 6096496729, 415563000571, 989595548869 ],,,,,,,,,,,,, [ 1500522759247 ],,,,,,, 
  [ 36867466609 ],,,,,,,,,,,,,,,, [ 1028223183571 ], [ 3328579381 ],,,,,, [ 4120618963 ],,, 
  [ 2734393561, 15882054941 ],,,,, [ 361554945181 ],,,,,,,,, 
  [ 2949256801, 22218247213, 40650089833 ],,,,,,,,, [ 75750669583 ],,,,, [ 2234486057 ],,,,,,
  ,,,,,,,,,,, [ 1793548511 ],,,,,, [ 20467975823 ],,,,,, [ 7715305963 ],,,, [ 1527872573 ], 
  [ 1191643129 ],, [ 8510620373 ],,,,,,,,,,,,,, [ 1409896099 ],,,,,,,,,,,,,,,,,,,, 
  [ 229923899827 ],, [ 2591178241 ],,,,,,,,, [ 199730500919 ],,,, [ 4895593267 ],,,,,, 
  [ 4664166337 ],, [ 2892397817 ],, [ 1658167991, 18081143701 ],, [ 1469631661 ],,,,,,,,,, 
  [ 1381372287751 ],,, [ 11680456391 ],,,,,,,, [ 65766302047 ],,,,,,,,,,,, [ 6411316591 ],,,
  , [ 14895869077 ],,,,,,,,,,,,, [ 235132285931 ],,, [ 56799889585633 ],,,, 
  [ 1321840297, 48843258391 ],, [ 37234663201 ], [ 40158237001 ],, [ 822062417489 ],,,,,,,,,,
  ,,,,,, [ 249530141983 ],,,,,,,,,,,,, [ 3595534009 ],,,, [ 69354660481 ],,,,,,,, 
  [ 5505614209 ],,,, [ 50989887761 ],,,,,,,, [ 53199642581 ],,,,,,,,,,,,,,,,,,,,,,,,,, 
  [ 5587653499 ],,,,,,,,, [ 9333110431 ],,,,,,,,,,,, [ 1985864596801 ],,,,, [ 93801196673 ],,
  ,, [ 3806676301 ],,,,,,,,,,,,,,,,,,,,,,,,,,,,,,,, [ 9095865829 ],, [ 8347641641 ],, 
  [ 111322960321 ],,,,,, [ 2953714051 ],,,,,,, [ 20941686431 ], [ 126901718329 ],,,,,,,,,,,, 
  [ 1505399717 ],,,,,,, [ 1389463381, 9352612891 ], [ 3028528567 ],,,,,,,,,,,,,, 
  [ 313443615241 ],, [ 24958176049 ],,,,,,, [ 105187311109 ],,,,,,,,,,,,,,,,,,,,,,, 
  [ 1442290873 ],,,,,, [ 2522103587 ], [ 6662008477 ],,,,,,,,,,,, [ 7624470187 ],,,,,,,,, 
  [ 4837995361 ],, [ 6288587519 ],, [ 1351049569, 7561711657, 21990084865009 ], 
  [ 275976595621 ],,,,,,,,,,,,,,,,,,,,,,,,,,,, [ 12239161351 ],,,,,,,,,,,,,,,,,,,,,,,,,,,,, 
  [ 2033890861, 6080182553 ],,,,,,, [ 1339821817, 11462217703 ],,,,, 
  [ 1325665039, 3342033577 ],,,,,,,,,, [ 1468868329 ],,,,,,,,,,,,,,,, [ 1106853401 ],, 
  [ 37192198947031 ],, [ 1332606001 ],, [ 1025581951 ],,,,,,,,, [ 16136511931 ],,,,,,,,,,,,,,
  ,,,,,, [ 1312458151 ],,,,,,,,,,,,,,, [ 136632366823681 ],, [ 19575146089 ],,,,,, 
  [ 116658365749 ],, [ 5672350741 ],,,,,,,, [ 45583381573 ],,,,,,,,,,,,,,,,, [ 8360370131 ], 
  [ 1442809219 ],,,, [ 1173327211871 ],,,,,,,,,,, [ 9335917117 ],,, [ 1027832741281 ],,,,,,,,
  ,,,,,, [ 7772986699 ],, [ 3948918401 ],,,,,, [ 185070843983 ],,,,,,,,,,, [ 191254997917 ],,
  ,,,,,,,,,,,,,,,,,,,,,,,,,,,,,,,,,,,,,,,, [ 8911966159 ],,, [ 201543957541 ],,,,,,,,,,,,,,, 
  [ 2848195477 ],,,,,,,,,,,,,,,,,,, [ 2506838417 ],,,,,,,, [ 1824748729, 1411997231569 ],,,,,
  ,,, [ 4935208097 ],,, [ 11508472471 ],,,,, [ 1174789470121 ],, [ 4082708983 ],,,,,,,,,,,,,,
  ,,,,,,,,,, [ 2913903331 ],,,,,,,,,,,,,,,,,, [ 1990456417 ],,,,,, 
  [ 7007946661, 10705421431 ],,,,,, [ 4883098177 ],, [ 2902805501 ], [ 3025968343921 ],,,,,,,
  ,,,,,,,,,,,,,,,, [ 14093723557 ],,,,,,,,,,,, [ 41361860431, 90907107611 ],,,, 
  [ 2652933667 ],, [ 1256030081 ],, [ 5260067497891 ],,,,,,,,,,, [ 11304506611 ],,,,,,, 
  [ 1011055361, 2017644961 ],,,, [ 5597048461 ],, [ 1766464696537 ],,,,,,,,,,,,,,,, 
  [ 5283903557 ],,,,,,,,,,,,,,,,,,,,,,,,,,,,,,, [ 3377562187 ],,,,,,,,,,, 
  [ 2265851713, 109609298497 ],,,,,, [ 1319439271 ],,,, [ 5384227447 ],,,,,,,,,,,,,,,,,,,,,,,
  ,,,,, [ 24537914017 ],,,,,, [ 1624037461 ],,,,,,,,,, [ 31054025627 ], [ 342228540187 ],,,,,
  ,,,,,,,,,,,,,,,, [ 8698759621 ],,,,,,,, [ 1430579933 ],, [ 340416970961 ],,,, 
  [ 1432697447 ],,,,,, [ 6702937601 ],,,,,,,,,,,,,, [ 76140058537 ],,,, [ 1477348403 ],,,, 
  [ 1872252649, 802704286711 ],,,,,,,,,,,,,,,,,,,,, [ 2871241939 ], [ 53130238489 ],,,,,,,,,,
  ,,,,,, [ 1999322141 ],,,,,,,,,,,,,,,,,,,,,,,, [ 13515495757 ],,,,,,,,,,,,,, 
  [ 20442046169 ],,,, [ 1253604301 ],,,,,,,,,, [ 6516866706193 ],,, 
  [ 11766811291, 45937546201 ],,,,,,,,,,,,,,,,,,, [ 110089763551 ],,,,,,,, 
  [ 2430262297, 65972714239 ],,,,,,,,,,,,,,,,,,,,,,,,,,,,,,,,,,,,,,, [ 3256295197 ],,,,,,,,,,
  ,,,,,,,, [ 4794928513 ],,,,,,, [ 1708483661 ],, [ 1686337549249 ],,,,,,,,, 
  [ 1374864121, 339839470837 ],,,,,, [ 1402170337, 28449189679 ],,,,,,,,, [ 26043797209 ],,,,
  ,,,, [ 1584777041 ], [ 11995938499 ],,,,, [ 4835485783 ],,,, [ 2039902201 ],,,,,,,,,,,, 
  [ 45325632613, 62415955179043 ],,,,,,,,,, [ 4039200696833 ],,,, [ 28360718761 ],,,,,,,, 
  [ 1471913353 ],,,,,,,, [ 9378275833 ],, [ 3841461825791 ],,,, [ 23371299337 ],,,, 
  [ 1687450266142951 ],,,, [ 231179266093 ],,,,,, [ 2227802081 ],,,,,,,,,,,,,,,,,,,,,, 
  [ 3315485376271 ],, [ 5860990721 ],,,,,,,, [ 27027075601 ],,,,,,,,,,,,,,,,,,,,,,,,,,,,,,,, 
  [ 18321146089 ],,,,,,,,, [ 89304608551 ], [ 30544429169 ],,,,,,,,,,,,,,,,,,,,,,,,,,,,,, 
  [ 658197095329 ],,,,,,,,,,,,,, [ 8583055141 ],,,, [ 10682477329 ],,,, [ 5445747667 ],,,,,,
  , [ 19600563265741 ],,,,, [ 344836315951 ],,,,,,,, [ 3732184241 ],, [ 13066785601 ],,,,,,,
  , [ 22691106313 ],,,,,,,,,,,,,,,,,,,,,,,,,,,,,,,,,,,,, [ 17177061721 ],,,,, 
  [ 47009079811 ],,,,,,,,,, [ 4113345361 ],,,,,, [ 5949047107 ],,,,,, [ 4234528729 ],, 
  [ 7866727723 ],,,,,,,,,,,,,,,,,,,, [ 1177231877, 1875179311 ],,,,,,,,,,,, [ 2417161909 ],, 
  [ 95372187121 ],,,,,,,,,,,,,,,, [ 5244761578673 ],,,,,,,,,,,,,,,,,,,,,,,, [ 6892761793 ],,,
  ,,,,,,,,,,,,,,, [ 2675571539 ],, [ 2529579148801 ],,,,,,,,,,,,,,,,,,,,,,,, [ 66754066033 ],
  ,,,,,,, [ 1471980121 ],,,,,,,,,,,,,,,,,, [ 1196708143 ],,,,,,,,,,,,,, [ 26372079133 ],,,,,,
  ,,,,,,,,,, [ 1827673901 ],, [ 593084834911 ],,,, [ 29972136037 ],,,,,,,,,,,,,,,,,,,, 
  [ 1618381398649 ],,,, [ 4628307773 ],, [ 2267229661 ],, [ 4597688629 ],,,,,,,, 
  [ 4172357351, 1071970777651 ],,,,,,,,,,,,,, [ 33023792091041 ],,,, [ 13791664897 ],, 
  [ 2044629401 ],,,,,,,,,,,,,,,,,,,,,,,,,,,,,,,, [ 7611259729 ],,,,,,,,,,,,,,,,,,,, 
  [ 1233853073 ],,,,,, [ 1660965941, 19141358101 ],,,,,,,, [ 1519594361 ],, [ 7631270833 ],, 
  [ 8951052281 ],,,,,,,,,,,, [ 1677467221, 13595708017 ],,,,,,,,,,,,,,,,,,,,,,,,,,,,,,,,,,,,,
  , [ 1470089092741 ],, [ 2720017873 ],,,,,, [ 150701724787 ],,,,,,,,,,,,,,,,,, 
  [ 183477648841117 ],,,,,,,,,, [ 1110892493 ],,,,,,,,,,,,,,,,,,,,,,,,,,,,,,,,,,,, 
  [ 1389192361 ],,,,,,,,,, [ 2150307209 ],,,,,,,,,, [ 1152642467803 ],,,,,,,, 
  [ 12385468211 ], [ 14493240763 ],,,,,,, [ 7041909913 ],,,,,,,,,,,,,,,, [ 2084021059 ],,,,,,
  ,,,,,,,,,,,,,,,, [ 8033213941 ],,,, [ 1017192961 ],,,,,,,,,,,,,,,,,,,, [ 119725966621 ],,,,
  ,,,,,,,,,,, [ 2251824748456951 ],,, [ 1449424903 ],,,,,,,,,,,,,, [ 3651230153 ],,,, 
  [ 21534400249, 22084855321 ],, [ 2616411799 ],,,,,,,,,, [ 7191202237 ],,,,,,,,,,,,,, 
  [ 1465931639 ],,,,,,,,,,,,,,,,,, [ 4657121794921 ],, [ 1129176179 ],,,,,, [ 1048724557 ],,,
  ,,,,,,,,, [ 12447730241 ],,,,,,,,,, [ 13096483591 ],, [ 5148764497 ],,,,,,,,,,,,,,,,,, 
  [ 6285413231 ],, [ 18443852641 ],,,,,,,,,,,, [ 4596785101, 10200870697 ],,,, 
  [ 10741357097 ],,,,,,,, [ 1442665835329, 4944859731649 ],, [ 113003732123 ],,,,,,,,,,,,,,,
  , [ 1017004411 ],,,,,,,,,,,,,,,,,,,,,,,,,,,,,, [ 4434260833 ],,,,,,,,,,,,,,,,,,,,, 
  [ 1244623381 ],,,,,,,,,,,,,,,,,,,,,,,,,,,,,,,,,,, [ 11159229121 ],,,,,,,,,,,, 
  [ 294276741221 ],,,,,,,,,,,,,,,,,,,,,,,,,,,,,,,,,, [ 6644991121 ],,,,,,,,,,,,,,,,,,,,,,,,,
  , [ 31664452849 ],,,, [ 139333489597 ],,,,,,,,,,,,,,,,,,,,,,,,,,,,,, [ 8515869247 ],,,,,,,
  , [ 23353826147 ],,,,,,,,,,,,,, [ 1962394897 ],,,,,, [ 1279016338289 ],,,, [ 28768744259 ],
  ,,,,,,,,,,,,,,,,, [ 1095343649, 4683072183469 ],,,,,,,,,,,,,,,,,,,,,,,,,,,,,, 
  [ 645332735269 ],, [ 304834535017 ],, [ 1171080271 ],,,,,,,,,,,,,,,,,,,,,,,,,,,,,,,,,,,,,,,
  ,,,,,,,,,,,,,,,,,,,,, [ 48165766651 ],,,,,,,,,,,,,,,,,,,,,,,,,,,,,,,,,,,,,,,,,,,,,, 
  [ 145249606433, 9208563352129 ],,,,,,,,,,,,,,,,,,,,,,,, [ 17551867961 ],,,,,,,, 
  [ 6850912417 ],,,,,,,,,,,,,, [ 25566687582151 ],,,,,,,,,,,,,,,,,, [ 2485008241 ],,,,,,,,,,,
  ,,,,,,,,, [ 4532691101 ],,,,,,,,,,,,,,,,,,,,,,,,,,,,,,,,,,,,,, [ 182416652953 ],,,,,,,,,,,,
  ,,,,,,,,,,,,,,,,,,,,,,,,,,,,,,,,,, [ 8763267521 ],, [ 271958792239 ],,,,,,,,,,,,,,,,,,,,,,,
  ,,,,,,,,,,,,,,,,,,,,,,,,, [ 180093227683 ],,,,,,,,,,,,,,,,,,,,,,,,,,,,,,,,,,,,,,,,,,,,,,,,,
  ,,,,, [ 528061799329 ],,,,,,,,,,,, [ 36677114101 ],,,,,, [ 1451166049 ],,,, [ 1670300591 ],
  ,,,,,,,,,,,,,,,,,,,,,,,,,,,,,,,,,,,,,,, [ 921823353901 ],,,,,,,,,,,,,,,, [ 3625839757 ],,,,
  ,,,,,,,,,, [ 2093481461 ],,,,,,,,,,,,,,,,,,,,,,,,,,,,,, [ 5631155561 ],,,,,,,,,,,,,,,, 
  [ 20986455829 ],,,,,,,,,,,,,,,,,,,,,,,,,,,,,,,,,,,, [ 2746974481 ],,,,,,,,,,,, 
  [ 8674923079 ],,,, [ 24518890943 ],,,,,,,,,,,,,,,,,,,,,, [ 1023207401 ],,,,,,,,,,,,,,,, 
  [ 43473588817 ],,,,,,,,,,,,,,,,,,,,,,,,,,,,,,,,,, [ 16949538301 ],,,,,,,,,,,,,,,,,,,,,,,,,
  , [ 10384335361 ],,,,,, [ 1660018699 ],,,,,,,,,,,,,,,,,,,,,,,,,,,,,, [ 266108624497 ],,,,,,
  ,,,,,,,,,,,,,,,, [ 3024173153 ],,,,,,,,,,,,,,,,,,,, [ 2428251697 ],,,,,, [ 74001509401 ],,,
  ,,,,,,,,,,,,,,,,,,,,,,,,,,,,,,,,,,,,,,,,,,,,,,,,,,,,,,,,,,,,,,,,,,,,,,,,,,,,,,,,,,,,,,, 
  [ 136154864401 ],,,,,,,,,,,,,,,,,,,,,,,,,,,,,,,,,,,,,,,,,,,,,,,,,, [ 1656698401 ],,,,,,,,,,
  ,,,,,,,,,,,,,,,,,,,,,,,,,,,,,,,,,,,,,,,,,,,,,,,,,,,,,, [ 85206129121 ],,,,,,,,,,,,,,,,,, 
  [ 2910297673 ],,,,,, [ 190495135729 ],,,,,,,,,,,, [ 195452236201 ],,,,,,,,,,,,,,,,,,,,,,,, 
  [ 2358562753 ],,,,,,,,,,,, [ 23176090033 ],,,,,,,,,,,,,,,,,,,,,,,,,,,,,,,,,,,,,,,,,,,,,,,, 
  [ 4828355953 ],,,,,, [ 48957917443965631 ],,,,,,,,,,,, [ 870960673741 ],,,,,,,,,,,,,,,,,,,,
  ,,,,,,,, [ 2854478771, 13192689511 ],,,,,,,,,,,,,,,,,,,, [ 818953328701 ],,,,,,,,,,,,,,,,,,
  ,,,,,,,,,,,,,,,,,, [ 83295817291 ],,,,,,,,,,,,,,,,,,,,,,,, [ 1204534831 ],,,,,,,,,,,,,,,,,,
  ,,,,,,,,,,,,,,,,,,,,,,,,,,,,,,,,,,,,,,,,,,,,,,,,,,,,,,,,,,,,,,,,,,,,,,,,,,,,,,,,,,,,,,,,,,,
  ,,,,,,,,,,,,,,,,,,,,,,,,,,,,,,,,,,,,,,,,,,,,,,,,,,,,,,,,,,,,,,,,,,,,,,, [ 1424414461 ],,,,,
  ,,,,,,,,,,,,,,,,,,,,,,,,, [ 68984438041 ],,,,,,,,,,,,,,,,,,,,,,,,,,,,,,,,,,,,,,,, 
  [ 9424929361 ],,,,,,,,,,,,,,,,,,,,,,,,,,,,,,,,,,,,,,,,,,,,,,,,,,,,,,,,,,,,,, 
  [ 1465473883, 90223131409 ],,,,,,,,,,,, [ 1437208016917 ],,,,,,,,,,,,,,,,,,,,,,,,,,,,,,,,,,
  ,,,,,,,,,,,,,,,,,,,,,,,,,,,,,,,,,,,,,,,,,,,,,,,,,, [ 222442223329 ],,,,,,,,,,,,,,,,,,,,,,,,
  ,,,,,,,,,,,,,,,,,,,,,,,,,,,,,,,,,,,,,,,,,,,,,,,,,,,,,,,,,,,,,,,,,, [ 13376597473 ],,,,,, 
  [ 5368145989 ],,,,,, [ 73889994901 ],,,,,,,,,,,,,,,,,,,,,,,, [ 5583938653 ],,,,,,,,,,,,,,,,
  ,, [ 197195949343 ],,,,,,,,,,,,,,,,,,,,,,,,,,,,,,,,,,,, [ 17913783871 ],,,,,,,,,,,,,,,,,,,,
  ,,,,,,,,,, [ 8346028417 ],,,,,, [ 3723288823 ],,,,,,,,,,,, [ 117241020181 ],,,,,,,,,,,,,,,,
  ,,,,,,,,,,,,,,,,,,,,,,,,,,,,,,,,,,,,,, [ 13065122401 ],,,,,,,,,,,,,,,,,,,,,,,,,,,,,,,,,,,,,
  ,,,,, [ 1140285229507 ],,,,,,,,,,,,,,,,,, [ 8645838841 ],,,,,,,,,,,,,,,,,,,,,,,,,,,,,,,,,,,
  ,,,,,,,,,,,,, [ 195338395513 ],,,,,,,,,,,,,,,,,,,,,,,,,,,,,,,,,,,,,,,,,,,,,,,,,,,,,,,,,,,,,
  ,,,,,,,,,,,,,,,,, [ 15469250239 ],,,,,,,,,,,,,,,,,,,,,,,,,,,,,,,,,,,,,,,,,,,,,,,,,,,,,,,,,,
  ,,,,,,,,,,,,,,,,,,,,,,,,,,,,,,,,,,,,,,,,,,,,,,,,,,,,,,,,,,,,,,,,,,,,,,,,,,,,,,,,,,,,,,,,,,,
  ,,,,,,,,,,,,,,,,,,, [ 69485508457 ],,,,,,,,,,,,,,,,,,,,,,,,,,,,,,,,,,,,,,,,,,,,,,,,,,,,,,,,
  ,,,,,,,,,,,,,,,,,,,,,,,,,,,,,,,,,,,,,,,,,,,,,,,,,,,,,,,,,,,,,,,,,,,,,, 
  [ 6959994001, 13082204521 ],,,,,,,,,,,,,,,,,,,,,,,,,,,,,,,,,,,,,,,,,,,,,,,,,,,,,,,,,,,,,,,,
  ,,,,,,,,,,,,,,,,,,,,,,,,,,,,,,,, [ 200777533633 ],,,,,,,,,,,,,,,,,,,,,,,, [ 93153931201 ],,
  ,,,,,,,,,,,,,,,,,,,,,,,,,,,,,,,,,,,,,,,,,,,,,,,,,,,,,,,,,,,,,,,,,,,,,,,,,,,,,,,,,,,,,,,,,,,
  ,,,,,,,,,,,,,,, [ 12131879257 ],,,,,,,,,,,,,,,,,,,,,,,,,,,,,,,,,,,,,,,,,,,,,,,,,,,,,,,,,,,,
  ,,,,,,,,,,,,,,,,,,,,,,,,,,,,,,,,,,,,,,,,,,,,,,,,,,,,,,,,,,,,,,,,,,,,,,,,,,,,,,,,,,,,,,,,,,,
  ,,,,,,,,,,,,,,,,, [ 768309850729 ],,,,,,,,,,,,,,,,,,,,,,,,,,,,,,,,,,,,,,,,,,,,,,,,,,,,,,,,,
  ,,,,,,,,,,,,,,,,,,,,,,,,,,,,,,,,,,,,,,,,,,,,,,,,,,,,,,,,,,,,,,,,,,,,,,,,,,,,,,,,,,,,,,,,,,,
  ,,,,,,,,,,,,,,,,,,,,,,,,,,,,,,,,,,,,,,,,,,,,,,,,,,,,,,,,,,,,,,,,,,,,,,,,,,,,,,,,,,,,,,,,,,,
  ,,,,,,,,,,,,,,,,,,,,,,,,,,,,,,,,,,,,,,,,,,,,,,,,,,,,,,,,,,,,,,,,,,,,,,,,,,,,,,,,,,,,,,,,,,,
  ,,,,,,,,,,,,,,,,,,,,,,,,,,,,,,,,,,,,,,,,,,,,,,,,,,,,,,,,,,,,,,,,,,,,,,,,,,,,,,,,,,,,,,,,,,,
  ,,,,,,,,,,,,,,,,,,,,,,,,,,,,,,,,,,,,,,,,,,,,,,,,,,,,,,,,,,,,,,,,,,,,,,,,,,,,,,,,,,,,,,,,,,,
  ,,,,,,,,,,,,,,,,,,,,,,,,,,,,,,,,,,,,,,,,,,,,,,,,,,,,,,,,,,,,,,,,,,,,,,,,,,,,,,,,,,,,,,,,,,,
  ,,,,,,,,,,,,,,,,,,,,,,,,,,,,,,,,,,,,,,,,,,,,,,,,,,, [ 500983599871 ],,,,,,,,,,,,,,,,,,,,,,,
  ,,,,,,,,,,,,,,,,,,,,,,,,,,,,,,,,,,,,,,,,,,,,,,,,,,,,,,,,,,,,,,,,,,,,,,,,,,,,,,,,,,,,,,,,,,,
  ,,,,,,,,,,,,,,,,,,,,,,,,,,,,,,,,,,,,,,,,,,,,,,,,,,,,,,,,,,,,,,,,,,,,,,,,,,,,,,,,,,,,,,,,,,,
  ,,,,,,,,,,,,,,,,,,,,,,,,,,,,,,,,,,,,,,,,,,,,,,,,,,,,,,,,,,,,,,,,,,,,,,,,,,,,,,,,,,,,,,,,,,,
  ,,,,,,,,,,,,,,,,,,,,,,,,,,,,,,,,,,,,,,,,,,,,,,,,,,,,,,,,,,,,,,,,,,,,,,,,,,,,,,,,,,,,,,,,,,,
  ,,,,,,,,,,,,,,,,,,,,,,,,,,,,,,,,,,,,,,,,,,,,,,,,,,,,,,,,,,,,,,, [ 2567376241 ] ]);
