BRENTFACTORS[7158]:=MakeImmutable([ ,,,,,,,,,, [ 2141855629 ],, [ 108644448637991033 ],, 
  [ 7104514837681 ],, [ 4270816897926379 ],, [ 46093524988914136121 ],,, [ 20544402583 ], 
  [ 820228037095879, 146141578552320643 ], [ 5549630089 ], [ 291036497701 ],,,, 
  [ 326416331551867 ],, [ 2130771392861, 39176694734123 ],, 
  [ 59040236113, 1395118809848912149 ], [ 2163977081977, 4845380195956415821 ], 
  [ 5939888493252001, 24651335675163621957595793221 ],, 
  [ 1585910538631, 10666158440396976195760233311 ],, [ 4922880301, 238415594910013 ], 
  [ 13000718761 ], [ 2311347859 ],, [ 189994502435261 ], [ 118425047401 ], 
  [ 41705729064361, 846346134193330681 ], [ 14507062551151 ], [ 999608954893 ], 
  [ 4821471649, 42625477324536980529953329 ], [ 401933043242538130059716281 ], 
  [ 1720721587546001, 6191026127813923138393451 ], 
  [ 8617639321, 15946377571, 119440349109029847333618553369 ], 
  [ 8732804284309093, 4737486644644657103321352710701 ], 
  [ 668019085147, 9311100956939526487 ],,, [ 11637167137, 741099831864844649 ], 
  [ 3124835647 ], [ 467850599653253, 1811344237481482404292131848331349 ], 
  [ 242019392044491010291751 ], [ 1006219441, 59559546555435001 ],, 
  [ 393213500261, 47230270554833, 34567943129578346221 ],, [ 1116153793, 607319834701057 ], 
  [ 12296354981, 159487232028151 ],,, [ 917888554146149008515019139837 ],, [ 1423778231 ], 
  [ 159236142650123369771 ], [ 3364463593, 54898699887447456647351204961049 ],, 
  [ 475196016683, 17266946452014474715489584343941421, 
      3439217670368551118864842020178683775564369 ], 
  [ 131823933484420082701, 2015392669177989188851, 
      15627532284613540234923431186316545156025751 ], [ 2711631305622457 ], 
  [ 33071490574342837 ], 
  [ 14629759804450836553, 97083877225437646909, 4672406657183976926077747 ],, 
  [ 113203935121, 7102898524267063281350959388178241 ], [ 34351882451488280691253 ], 
  [ 11245090091, 117848504962289805924268171, 238503698228078701693864134195452249264964649 ]
    , [ 2202524081761, 3050928544423 ], [ 216052259557 ], [ 2618362277790634541 ], 
  [ 9460229341527423941, 15993009228574865059393 ], 
  [ 2072875194425221, 21197052372708754159, 14564507481368183853838648123 ], 
  [ 337645501601, 19042131255285092646347960041 ],, 
  [ 105990856432574654842171565137165526870881 ], [ 716196453883 ], [ 1535066068541 ],, 
  [ 2710554990894437 ], [ 278220086236601461 ], 
  [ 8210719213977889050353176196198408707353621793 ], [ 46703470011743, 360795393285121 ], 
  [ 104938097969159070425760959 ], [ 512745708817 ], [ 16160589301 ],,, [ 106961606452711 ],
  , [ 316703121905287495125091 ], [ 2339679447403, 19676959986233157399327043 ], 
  [ 439033347444173753849 ], [ 1039339787509, 567566265241263180713516929 ], 
  [ 8700607693125878487901 ], [ 6300725103561241 ],, 
  [ 2378834977, 3774937696993, 7719020109090202798453121, 77476531978330019993951473, 
      1097458215863680403959678728256961, 2539528849884806670908814619482132481 ],,, 
  [ 8107689989884258051 ],, [ 37273333875640735877551 ],, [ 207387003433 ], 
  [ 7570642476550921 ],,, [ 462699111033895614421 ], 
  [ 38069067181614643477, 340639296506838785021, 2628613305896544229157 ], 
  [ 3487263251, 1976774051493627251, 31178265417314442751 ], 
  [ 15050484048757897079047, 309602995101021596536316007163 ], 
  [ 52744145109183083, 289128428989324597 ], [ 11967978497 ], [ 24162706197279283041140209 ],
  [ 16453185971, 481598856181, 2842251077778030597641, 145604176199665507325431, 
      83110843592991091551760577634911 ], [ 5823526663 ], 
  [ 253326920924198353, 7834031597200976438953837, 28902610823315218031304316758481366777 ], 
  [ 2901984768019 ], [ 1612910477472851, 269904694104887785913971 ], [ 31530489031 ], 
  [ 2896501232617 ],,,, [ 125394237259659282433264462501 ],, [ 75493724333, 10185931792261 ],
  [ 99288378619, 301382427347, 109122491091329 ], [ 30154059475893411858282529 ], 
  [ 1034529761, 1726709114291251 ], [ 8494807207, 84379987680285371 ],,, [ 1197278773 ], 
  [ 3443032741555613986051, 26530247635665892323283201, 
      5261037242396965155228885792743212010490771868651 ], 
  [ 13401762633223, 129922109999031599, 10389780898578829356913 ],, [ 518046508171 ], 
  [ 4357975777, 211661760889679265089 ],, [ 1199836816621, 8218862338211955601930921033 ], 
  [ 300572583582083298523 ], [ 6149166038569, 4599194766263247529 ], [ 1557250988149 ], 
  [ 540671673005752801 ],, [ 2400914327675159060242273 ], 
  [ 2310586306909, 4457865863698069, 671635822312082119 ], 
  [ 37404886125833, 377519781645613, 1188707893268286689 ],,,, 
  [ 1013118289, 222360599835529 ],, [ 78432397926539574091 ],,,,, 
  [ 5229667026851, 1909352933904151 ],, [ 4853364073 ], [ 1227526627 ],, [ 69544007364061 ],,
  , [ 779042329531, 1506090452011 ],,, [ 1372005695689, 552323256284062189 ],, 
  [ 929091615662450961764565097 ], [ 4555247585369119633 ],,, [ 972749358337 ],, 
  [ 1656668627, 925444204190003, 17705923678514287852483 ],,,,,,, 
  [ 7045424263, 5540916447613189, 2100293350313647003 ], [ 702564317149 ], 
  [ 78408272695900841 ],, [ 21894535977421 ], [ 539157504023, 329686146608825036561 ],, 
  [ 4978264008496386193, 11491203108528607153 ],, [ 12354792451 ], [ 127823667071 ], 
  [ 5095191889 ],, [ 150207604419921471811 ],, [ 1154489977 ],, 
  [ 10504955443, 36246648080239 ],, [ 1845152307348437561, 34240939891090533935872561 ], 
  [ 37599715996363 ], [ 65525762647 ], [ 1585904893191911129 ], 
  [ 374146474901696449, 6151678692724530827009 ], 
  [ 40871580445279210051, 8217928097171334395250751 ], [ 8212515917, 7064973969471547043 ], 
  [ 3462414778127, 394564048410689 ], [ 15003954860846311201, 48810898420587141757 ], 
  [ 3276657810137212849841 ],, 
  [ 293333155090669, 150685911132480109, 11650663672572997381, 8933947687814042793439 ],, 
  [ 15894393707, 37626194653147 ],,,, [ 9875167639, 111750733290853 ],,,, [ 16110831203 ], 
  [ 570392150428389144043 ], [ 22283101503199, 21540232904793085964269 ],,,, 
  [ 6892098021433 ], [ 6925479452437750865044633 ],, [ 1111952466627251 ], 
  [ 91432420219907059 ],,,, [ 38599084380271, 128049475739611 ],, [ 4387777963 ],, 
  [ 76302574307, 693401168695523, 149693485914497519 ], [ 10760329841 ], [ 8722992613519 ],, 
  [ 2571867007, 1724292162533, 2939352678539, 61367054834051851 ], 
  [ 107148676703377, 262699926003832466317081 ], [ 22290300631, 2062022855735983711 ], 
  [ 20521218480337, 1564900235622161546473 ],, [ 1415867317 ], [ 1317245371953587759 ], 
  [ 92875049821 ],, [ 9431319841, 1743793646689 ],, 
  [ 23711860813, 89559390312569, 81683774276742019, 237521985345469453 ],, 
  [ 79366289868589 ], [ 3472906051020739 ],, [ 416792943168952843 ], 
  [ 136409016521, 6355387693481 ],, [ 265844442499, 1050116377363 ], 
  [ 3135957527, 49096488193, 243000196056085021 ], [ 2435698169 ], [ 174634562251 ], 
  [ 148128397847 ], [ 344063197135673, 2386622649348701 ], 
  [ 32030449057, 123297352126849, 1030874286800737 ], [ 2199866257909 ],, [ 1069316612977 ],,
  ,, [ 2486445934977701 ], [ 4209727393, 453282070372984614270841 ], 
  [ 2461899529, 55946017186687 ], [ 321553649172534698351820233 ], [ 31751579627 ], 
  [ 18972344720571164101 ],,,, [ 10618379521, 1233129245521942299612344657 ], 
  [ 7297475088097618691 ],, [ 6893591751821 ], [ 2116098293, 313170496312213 ], 
  [ 111083694823 ], [ 89629876940173111 ], [ 10755893327 ],,,,, 
  [ 155751758909, 533847184069 ],,, [ 347959304347271 ],, [ 3657705763, 47334639298069 ],,, 
  [ 7688766889, 49215299226340810357, 2746156456366003300199581 ], [ 11188282951 ], 
  [ 197978129960029 ],, [ 3411309098339921 ], [ 47138190247, 192541393801 ],,, 
  [ 135349778593 ],, [ 348329282029 ], [ 3995776151 ],, [ 31706238815249 ], 
  [ 1401965189, 34875054293, 443750094747275586973 ],, 
  [ 71383239565361, 105398724714061, 3821662396247161, 177699894920033021, 
      435721585038953077113299521 ], [ 25276031760937 ], [ 2640917809801, 2511211707713179 ],
  ,, [ 226093793161, 1078252640700813421 ],, [ 806509692823 ], [ 67767035977 ], 
  [ 1107191333 ],, [ 25186656553579 ],,, 
  [ 74966538937, 1780993866481, 3039349075609928593, 129195422028526919719 ],,, 
  [ 10407740499064819 ], [ 380389506877 ],,, [ 1110756856801 ], [ 14288270822434643 ], 
  [ 1565520120253 ],, [ 1623342114040921 ],,, [ 51416382560161 ], [ 4053946695553 ],,,,,,,, 
  [ 31810999117, 1197806361322897 ], [ 98190927652108537 ], [ 6673320278381 ],,, 
  [ 40753482439 ],, [ 18246108313474177 ], [ 6834946865671 ],, [ 52831657171 ],,,, 
  [ 41921911907 ],,, [ 3910435817 ], [ 93354494660741 ],,, [ 7785122383 ], [ 3673186021 ], 
  [ 412898340762508583201 ],, [ 87009434899987657 ], [ 631095482863 ],,, [ 3951906769091 ],,,
  , [ 1669717211, 2110112561, 84179786321 ],, [ 222028915642249 ],, [ 847423196309792161 ],, 
  [ 78728250826439969 ], [ 252556970737 ], [ 2699064206048123 ],,,,, [ 1561353067 ],,, 
  [ 5322156913895683, 428488481075478494371 ], [ 9665887981, 446409784591 ], 
  [ 108680136312497, 43861088435455369261 ],, [ 340189493522471, 1743161135629759171 ], 
  [ 47004476411 ],,, [ 180732418931 ], [ 1578325291, 30433036741 ], [ 988935195641 ],, 
  [ 34488842667004147 ], [ 224514534008519879 ], [ 59082757840447001 ],,,, 
  [ 7172530957, 18113377137133, 58942881099747049 ], [ 62993418581 ],, [ 18506914581091 ],,, 
  [ 41285424158101, 119870242173901 ], [ 91585254619 ], 
  [ 273286698229, 191885799305633413, 597948682940188913 ], [ 192624597708877 ], 
  [ 20835149147 ], [ 141391190001881 ],,, [ 860501382383 ],,,, 
  [ 45968943637, 478497143522063694337 ],, [ 1200840324140885521 ],,, [ 128912930941 ],,,,, 
  [ 1370221212393233 ], [ 1189905289 ],,, 
  [ 21633775409, 192051492473, 109199272372194089, 198789425156061461 ], 
  [ 307901339191, 12132284368429261 ],, [ 1584131557, 205264358262589, 465578095987157 ],,,,,
  , [ 3123512521, 29603611549081, 88988630666291 ], [ 4697645383 ],,,, 
  [ 98443904231, 28992052231129225141, 3277602900600945858971 ], 
  [ 4360976567, 49182176387833 ],,,, [ 8153268751 ],,,, [ 21395790301043369 ],, 
  [ 1428089479 ], [ 6144687435206587 ],,,, [ 4608403855446193770221 ],, 
  [ 20452903469, 241543431532441, 47078349581156208857197345309 ],, 
  [ 57115932419521, 272634958573951, 256518768152098201 ],,,, [ 84685170270457 ], 
  [ 1526994311471 ], [ 9814089349, 54484094164417 ],, [ 4641280519, 6405646134623 ],,,,, 
  [ 3782451061 ],, [ 86485301701 ],,,,, [ 34727500010130726151 ],,,, [ 860360630288671 ],,,, 
  [ 8466867065555047 ],, [ 177211309799237401 ],, [ 40844214319 ], [ 3891349771 ], 
  [ 1422909129953 ],, [ 4143025901743, 8693789568283, 317411810560027 ],, 
  [ 499403036902489, 1206500664958861 ],,,,,, [ 1738020653939, 13773989417411929 ], 
  [ 2011548661, 89420407437091, 428780255946811 ], 
  [ 3406535273, 10789776589, 507165454104077, 2162831768699282435129 ],, [ 1337696545447 ],, 
  [ 57984339841 ],, [ 7828544109858047 ],, [ 109539845799060913 ],,,,,, 
  [ 809666177461, 424339316039558461 ],, [ 8508297622397, 31896329345453 ],, 
  [ 1120399567514179 ],,,,,,,, [ 6986350699 ],, [ 1824958537, 770551853605718497 ],, 
  [ 73366072537, 11683472827427, 29744160684197 ],,,,,,,, [ 218007180271 ],,,, 
  [ 39455310944700041 ],, [ 7638560401 ],, [ 1228287089 ], [ 1001204317 ],,, 
  [ 2458326585727219 ],, [ 13615640161, 811375181633, 1026505964290273, 3484927453098401 ], 
  [ 56672537587 ], [ 27369576991 ],,,, [ 719085171649193 ],, [ 5659305738857 ], 
  [ 1142519879 ],,,,,,,,,, [ 1569575469067 ], [ 16632916609 ],, [ 258819953648131 ],, 
  [ 12363301553 ],,,,,, [ 2287619028411839 ],,,, [ 1072702167352017409 ], [ 142570217947 ],, 
  [ 7387259821 ], [ 166169220817, 1034140455131101 ],,,,, [ 17644268228413 ],,,,,, 
  [ 8554011229 ], [ 22637622757, 30708655363 ],, [ 640711478799016934761 ],, 
  [ 33172822649, 98367437291 ],, [ 78386196001 ],, 
  [ 50926491199, 5456606458141, 9102299633540749 ],,, [ 94603063148791 ],,,,,,, 
  [ 4327110007097333 ], [ 1120739651 ],,, [ 5596064081 ],,,,,, [ 44615126123 ],,,,,,, 
  [ 6472585351 ],,,,,, [ 1617160267 ], [ 610838804241757001 ],, [ 64667472544819 ],,, 
  [ 2787245701 ], [ 2221653509, 2628399877 ], [ 2034251101 ], [ 16242780241 ],,,,,, 
  [ 980381626141, 2407536326151727, 11169833089834533577 ], [ 30747102101 ],,, 
  [ 72407285837, 171707570413 ],, [ 488203789284721, 6866467548396231132001 ],, 
  [ 7493250620287 ],, [ 84847212893 ],, [ 8511078281773 ],,,,,,,, 
  [ 2469917341, 6554953414363 ],, [ 11176370497 ],, [ 2413875493 ],,,,,,,, [ 224241303761 ],,
  ,,, [ 29655822947 ],,, [ 799649062343 ],, [ 9301102777, 49893064453 ], [ 2598310147 ],,, 
  [ 29282396441 ], [ 39056766473 ], [ 6080343949 ],,,,,,,, [ 2608943248436141 ],, 
  [ 63168031501 ],,,,,,,,,,, [ 2095278247 ], [ 15699532577, 46084086339649 ], 
  [ 1798066051 ], [ 77343560977021 ],,,,,, [ 182764399444477489 ],, 
  [ 11175559529, 21030439007 ],,, [ 513554445155371 ], [ 85086687757 ],,,,,,,,,, 
  [ 2874173161, 16955680146857 ],,,,, [ 10146548941 ],, [ 34382763601 ],,, [ 35334594019327 ]
   ,,,,,,,,,, [ 3368684881 ],,,, [ 14966273089, 707119428289 ],,,, [ 155150803897 ],,,,,,,,, 
  [ 16351591621 ], [ 20691428239 ],, [ 631457905937 ],, [ 135310254954851 ],,,,,,, 
  [ 195131152721 ],, [ 1604113781 ],,, [ 7340816136001, 10655014051369 ],,,,,,,, 
  [ 1069287490471 ],,,,,,,, [ 1458543924205095331 ],, [ 10200817441 ],, [ 36570370411 ], 
  [ 7844865157, 213005780951 ],, [ 1317363211 ], [ 1245853331, 19088904063157 ],, 
  [ 20823612198457 ],, [ 876431237514061 ],,,, [ 1971977654641 ],,,,, [ 11849950943 ],,, 
  [ 1072454549 ], [ 35290271227 ], [ 1707733291097, 316962901883801 ],,,,,,,,,,,,,, 
  [ 1749153529, 25300521217988434459 ],, [ 1517191444201 ],, [ 6661816957 ],, 
  [ 19491493561, 86374140469 ],,,,,,,,,, [ 724493035386613 ], [ 3963893231 ],,,,,,, 
  [ 10366508335699 ],,,, [ 60832869004777 ], [ 4465915633 ],,, [ 72393325001 ],, 
  [ 2024866873 ],,,,,,,, [ 5065672081151041 ], [ 4585726709 ], [ 8557659553, 1518752843921 ],
  ,,,,, [ 434885637143057 ],, [ 7420214983931 ],,, [ 12077383907 ], [ 329164394777 ], 
  [ 4452842551, 6897972901 ],,,,,,, [ 109032279609607 ],, [ 252207538518337 ],,, 
  [ 4430356771 ],,, [ 140046562261, 1487242812331, 16445512339072741 ],, [ 150502899798113 ],
  , [ 113654138921, 212425137709 ],, [ 1613877819973 ], [ 7816055279 ],,, [ 40519284216001 ],
  , [ 20392984561 ],,,,,,, [ 2115550121 ],,,,, [ 2075444047, 46964851551073 ], 
  [ 4211799341 ], [ 6162754249 ],,, [ 23259636937, 146343880649 ], [ 1451061181 ],,,,,,,,,, 
  [ 647310903641 ],, [ 21198495697, 58071811321 ],,,,,,,, [ 3626437361 ],,,,,,,,,,,,,,,, 
  [ 116034274738273 ], [ 1207064260249 ],,,,,,,,,, [ 1600660051 ],,,, [ 5687564184667 ],,,,,
  , [ 221389946593 ],, [ 3488670277 ],,,,,,,,,, [ 514598018023 ],,, [ 1718561447149 ],,,, 
  [ 6465267833 ],,,, [ 2493845201 ], [ 45661713547 ],,,,,,,,,,,, [ 10111294900393 ],,, 
  [ 16894939861 ],,, [ 6258766183 ],,,, [ 4722428371 ],,, [ 6297139237 ],,, [ 2248006093 ],,,
  ,, [ 2491989949 ],,,,,,, [ 22390833389 ],,,,,, [ 9336327661 ],,,,,,,,,,,,,,,,,,,,,,, 
  [ 13482944281 ],,,,,,,,, [ 1831647241 ],,,,,,,,,,,,,,,,,,,, [ 2339685437 ], 
  [ 78246580801 ],, [ 46349109469279 ],, [ 5932077901 ],,,,,,,,,,,,,, 
  [ 3122682653917, 255938958293341 ],, [ 236301264421, 301770677081 ],,,,,, [ 32617922483 ], 
  [ 2432085781 ],,,,,,, [ 10218545925389 ],,,,,, [ 274863298001 ],, [ 1566576829 ], 
  [ 2271942971 ],,,,, [ 1029312961 ],,,,,,,,, [ 6661858657 ],,,,, [ 12038645819 ], 
  [ 446689029313 ],,,,,,,, [ 9773148599 ],,,,,,,, [ 431047940501 ],,,,,,,,,,,,,,, 
  [ 418378142936209 ],,,,,,,,,,,, [ 2991393001 ], [ 1467444707 ],,,,,,,, [ 44924126711 ],, 
  [ 3179406577 ],,,,,,,,,,,,,,,,,,, [ 49778554393 ],,,,,,,,,, [ 406741658773 ],,,,,,,,,,, 
  [ 1172770967 ],,,,,,,,,,,,,,,,,,,,,, [ 3610552961 ],,,,,,,, [ 1952455458287 ],,,,, 
  [ 15568445377 ],,,,,,,,,,,,,,,,,,,,,,, [ 747440353171 ],, [ 26219657881 ],,,,,,, 
  [ 8752037857 ],, [ 25877061583 ],,,,,,,, [ 13492977787 ],, [ 30831725519893 ],,,,,,,,,,,,,
  , [ 1032124501 ],,,, [ 15819504007 ], [ 3168818311 ],,,,,, [ 5846083387 ], 
  [ 384252702653 ], [ 4168496641 ],,,,,,, [ 15621234252961 ], [ 145880585131 ],,,,,, 
  [ 13036929557 ],,, [ 1030266481 ],,,,,,,,, [ 10431576641 ],,,,,,,, [ 2938242739 ],,,,,,,,,,
  ,,,,,, [ 354495161619689 ],,,,,,,,,,, [ 251147922901 ], [ 29190092101 ],,,,,, 
  [ 8890874595671 ], [ 5537323613 ],,,, [ 5778112513 ], [ 2328637999 ],,,,,,, 
  [ 3708096649 ], [ 2362972441 ],, [ 50720570083 ],,,,,,,,,,,,,, [ 3637576447 ],,,,,, 
  [ 4329636671 ],,, [ 1252790921 ],,,,,,,,,, [ 2181910481 ], [ 2562247651 ],,,,,,,,,,,,, 
  [ 1629841091 ],,,,,, [ 2517404801 ],,,,,,,,,, [ 3104047801 ],,,,,,,,,,,,,,, 
  [ 59894474251 ], [ 255150110263 ],,, [ 1966004263 ],,,, [ 38756635669 ], [ 5338719181 ],,,,
  ,,, [ 8684749940509 ],,,, [ 61655741705671 ],,,,, [ 1331563201 ],,,,, [ 3925689791 ],,,,,, 
  [ 23357118203 ], [ 7204502299999 ],,,,,,,,, [ 143856136009 ],, [ 1323654179 ],,,,,,,,,,,, 
  [ 83554114374131 ],,,,,,,,,,,,,,,,,,,,,,,, [ 3129572071 ],,,, [ 2008495927 ],, 
  [ 18429698701 ],,,,,,,,, [ 55101469117 ],,,,,,,,, [ 53685352309 ],,,, [ 63064206379 ],,,, 
  [ 1525962127 ],,,,,,,,,,, [ 231922820329 ],,,,,,,,,,,, [ 7192651789 ],,,, [ 6013852001 ],,,
  ,,,,,, [ 2574968959 ],,,,,,, [ 6400566476753 ],,,, [ 2993712769 ],,,, [ 162023108353 ], 
  [ 3074231888443 ],, [ 2413621621 ],,, [ 252397018921 ],,,,,,,,,,, [ 24601039633 ],,,,,,,,,,
  ,,,,, [ 286692050017 ],,,,,,,,,,,,,,,,,,,,,, [ 20732798893 ],,,,,,,,,,, [ 1162255447 ],,,,,
  , [ 3664547083 ],,, [ 1066070059, 94550716357 ],,, [ 22157880907 ],,,,,,,,,,,, 
  [ 3767898817 ],,, [ 4336259617 ],,,,,, [ 2444558131 ],,,,,,,,,,,,, [ 2332252099 ],,,,, 
  [ 1174788745777 ],,,,,,,,,,,,,,,,,, [ 8186919463 ],,,,,,,,, [ 7782422941 ],,, 
  [ 340730665747 ],,,,,,,,,,,,,,,, [ 1230796026659 ],,,,,, [ 11334342881 ],,,,,,,,,,, 
  [ 1368011971 ],,, [ 74473072339 ], [ 2358987401 ],,,,,,,, [ 1786484701 ],, [ 7675653581 ],,
  ,,,,,,,,, [ 1316611501, 46246194257, 763887417493 ],,,,, [ 1803645373 ],,,,,,,,,,, 
  [ 12893720921 ],,,, [ 66811681441 ],, [ 81875761069 ],,,,,,, [ 1912235851 ],,,,,,, 
  [ 2747109569 ],,, [ 1145314149761 ],,,,, [ 1884680521 ],,,,,,,,,,,,,,,,,,,,,,,,,,, 
  [ 40885204373611183 ],,,,, [ 1555852369 ],,,,,,,,,, [ 97875013627, 159325950900139 ],,,, 
  [ 148650813137 ],,,, [ 67071905891 ],,,,,,,,,,,,,,,,,,,,,,,,,,,,,,,,,,,,,, [ 1201545409 ],,
  ,,,,, [ 10774200641 ],,,,, [ 22925812052041 ],,,,,,,,,,,,,, [ 2071684891 ], 
  [ 512254943051 ],,,,,,,,,, [ 21779105445001 ],,,, [ 7347743443 ],,,,, [ 13280709469 ],,,,,,
  ,,,,, [ 2473118471 ],,,,, [ 3350513851 ],,,,,,,,,,,,,,,,,, [ 3070045648801 ],, 
  [ 9266558731 ], [ 12990162785953 ],,, [ 33313798963 ], [ 2545154611 ],,, [ 84511708753 ],,,
  ,,,,, [ 14582541583 ],,,,,,,,, [ 1795840381 ],,,,,, [ 4327890913 ],,,,,,,,,,,,,,,,,,,, 
  [ 2827724173 ],,,,,,,,,, [ 2530534423 ],,,,,, [ 290265834871 ],,,,,,,,,,,, [ 29706939571 ],
  ,,,,,, [ 25202234115689 ],,,,,,,,,,,,,,,,,,,, [ 1391892841 ],,,,,,,,,,,,,,,,,,,,,,,,,,,,,,,
  ,,,,,,,,,,,,,,,,,,,,,,,,,,,,,,,,,,,,,,, [ 2255664751 ],, [ 909807417829 ],,,,,,,,,,,,,,,,, 
  [ 2437866731 ],,,,,,,,,,,,,,,,,,,,,,,,,,,,,,,,,,,,,,,,,,, [ 4576501729 ],,, [ 1771925941 ],
  ,, [ 2405477059 ],,,,,,,, [ 2135858861 ],,,, [ 7594818859 ],,,,,,,,,,,,,, [ 616079965681 ],
  ,,,,, [ 3475582133 ],,,,,,,,,,,, [ 13265742626527 ],,,,,,,,,, [ 359251274581 ],,,,,, 
  [ 329031726697 ],,,,,,,,,,,, [ 1698901717 ],,,, [ 70469711731 ],,,,,,,,,,,,,,,, 
  [ 74662814657 ],, [ 4397565173 ],,,,,,,,,,,,,,,,,,,,,,,,,,,, [ 6773543057 ],,,, 
  [ 2111029496461 ],,,,,,,,,,,,,,, [ 2389029661 ],,,,,,,,,,,,,,,,,, [ 267891449281 ],,,,,, 
  [ 18963733771 ],,,,, [ 1111408321 ],,,,,,,,,,,,,,,,,,,, [ 57106679893, 127611240173 ],,,,,,
  ,,,,,,,,,,, [ 20894895793 ],,,,,,,,,,,,,,,,,,,,,,,, [ 2037442441 ],,,,,,,,,,,, 
  [ 266392210411 ], [ 6070483813 ],,,,, [ 10596360067 ],,, [ 5719766911 ],,,,,,,, 
  [ 4524490403 ],, [ 3063982069 ],,,, [ 2275131224161 ],,,,,,,,,,,,,,,,,,,,,,,,,, 
  [ 382909489441 ],,,,,,,,,, [ 133301472149 ],,,, [ 189003679186081 ],,,,,,,,,,,,,,,,,,,,,,,,
  ,,,,,,,,,,,,,,,,,,,,,,,,,,,,,, [ 88841096955241 ],,,,,,,,,,,,,,,,,,,,, [ 1950185161 ],,,,, 
  [ 8786962841 ],, [ 2888071663 ],,,,,,,,,,,,,,,,,,,,,,,,,,,,,,,,,, [ 10746130861 ],,,,,,,,,,
  ,,,,,,,,,,,,,,,,,,,,,,,,,,,,,, [ 2466839773 ],, [ 41058886201 ],,,,,,, [ 1322842951 ],,,,,,
  ,,,,,,,,,,,,,,,,,,,,,,,,,,, [ 6038061871 ],,,, [ 1223196407 ],,,, [ 2466825167 ],,,,,,,,,,,
  ,,,,,,,,, [ 10136433859 ],,,, [ 126733631701 ],,,,,,,,,,,, [ 1035227693 ],,,,,,,,,,,, 
  [ 5518459189 ],,,, [ 215601503096641 ],, [ 4580890021 ],,,,,,,,,,,,,,,,,, [ 37746205183 ],,
  ,,,,,,,,,,,,,, [ 38566874011 ],,,,,,,,,,,,,,,,,,,,,,,,,,,, [ 1988796109 ],,,, 
  [ 22774852817, 124665799319 ],,,,,,,, [ 59658022243 ],,,,,,,,,,,,,,,,,,,,,,,,,,,,,,,,,, 
  [ 1000784833 ],, [ 32195767031501 ],,,,,,,,,,,,,,,, [ 9431733169 ],,,,,,,,,,,,,,,, 
  [ 19651450561 ],,,,,,,,,,,,,,,,,, [ 1943199421 ],,,,,, [ 1255436929 ],,,,,,,,,,,,,, 
  [ 1287993601 ],,,,,,,,,,,,,,,, [ 39518841553 ],, [ 3121617683 ],,,,,,,, [ 5949153703 ],,,,,
  ,,,,,,,,,,,,,,, [ 16408195663 ],,,,,,,, [ 175321800679 ],,,,,,,,,,,,,,,, [ 1834228021 ],,,
  , [ 3405758857 ],, [ 2906516341 ],,,,,,,,,, [ 2590994691583 ],,,,,,,,,,,,,,,,,,,, 
  [ 2351511517 ],,,,,,,,,,,,,,,,,,,, [ 14319484343 ],,,,,,,,,,,,,,,,,,,,,, [ 2532112489 ],,,,
  ,,,,,,,,,,,,,,,,,,,, [ 1531970413, 21267912121 ],, [ 63045595663 ],,,,,,,,,,,,,,,, 
  [ 25224291661 ],,,,,,,,,,,, [ 1077791023 ],,,,,,,,,,,,,,,,,,,,,,,,,,,,,,,,,, 
  [ 1697047273 ],,,,,, [ 3598418249 ],,,,,, [ 2478125873 ],,,,,,,,,,,,,,,,,,,,,,,,,,,,,,,,,,,
  , [ 26035601021 ],,,, [ 6083389409 ],,,,,, [ 6214631053 ],,,,,, [ 112657261501 ],,,,,,,, 
  [ 6086807977 ],,,,,,,,,,,,,,,,,,,,,,,,,,,,,,,,,,,,,,,,,,,,,,,,,,,,,,,,,, [ 1502630383 ],,,,
  ,,,,,, [ 4751649337 ],,,,,,,,,,,,,,,,,, [ 8143410991 ],,,,,, [ 213841436401 ],,,,,,,,,,,,,,
  ,,,,,,,,,,,,,,,,,,,,,,,, [ 107928607847, 42027321133261 ],,,,,,,,,,,,,, [ 1868019913 ],,,,,
  ,,,,,,,,,,,,,,,,,,,,, [ 4546614057163 ],,,,,,,,,,,,,,,,,,,,,,,, [ 15129855583 ],,, 
  [ 18912957961 ],,,,,,,,,,,,,,, [ 4959142192801 ],,,,,, [ 1019083357 ],,,,,,,,,,,,,, 
  [ 19410992701 ],,,, [ 1269852481 ],,,,,,,,,,,,,,,,,,,,,,,,,,,,,,,,,,,, [ 123930826741 ],,,,
  ,, [ 36860647441 ],,,,,,,,,, [ 10690687865833 ],,,,,,,,,, [ 644199434297 ],,,,,,,,,,,,,,,, 
  [ 7303662367 ],,,,,,,, [ 10477899521 ],,,,,,,,,,,,,,,,,, [ 194815101001 ],,,,,,,,,,,,,,,,,,
  ,,,,,,,,,,,,,, [ 126334930121 ],, [ 213594367507 ],,,,,,,,,,,,,,,,,,,,,,,,,,,,,,,,,,,,,,,,,
  , [ 1575874477 ],,,,,,,,,,,,,,,, [ 82303097341 ],,,,,,,,,,,,,,,,,,,,,,,,,,,,,,,,,,,,,,,,,,,
  ,,,,,,,,,,,,,,,,, [ 2688696001 ],,,,,,,,,,,,,, [ 3557455669 ],,,,,,,,,,,, [ 5168864647 ],,,
  ,,,,,,,,,,,,,,,,,,,,,,,,,,,,,,, [ 9178109081 ],,,,,,,,,,,,,, [ 3716930197 ],,,,,,,,,,,,,,,,
  ,,,,,,,, [ 6759183829 ],,,,,,,,,,,,,,,,,,,,,,,,,,,,,,,,,,,,,,,,,,,,,,,,,,,,,, 
  [ 3373333921 ],,,,,,,, [ 1139037121, 2964212161 ],,,,,,,,,, [ 87101404591 ],,,,,,,,,,,,,,,
  , [ 23459775613 ],,,, [ 1617319051 ],,,,,,,,,,,,,,,, [ 94233171379 ],,,, [ 10746412321 ],,,
  ,,,,,,,,,,, [ 1732482049 ],,,,,, [ 23488437061 ],,,,,,,,,,,, [ 1011017071 ],,,,,, 
  [ 10783870849 ],, [ 1877318501 ],,,,,,,,,,,,,,,,,,,,,,,,,,,,,,,,,,,,,,,,,,,,,,,,,,,,,,,,,,,
  ,,,,,,,,,,,,,,,,,,,,,,,,,,,,,,, [ 21771731521 ],,,,,,,,,, [ 1765930351 ],,,,,,,,,,,,,,,,,, 
  [ 145163469361 ],,,,,,,,,,,,,,,,,, [ 2090424619, 68652307987 ],,,,,,,,,,,,,,,,,,,,,,,,,,,,,
  ,,,,,,,,,,,,,,,,,,,,,,,,,,,,,,,,,,,,,,,,,,, [ 15512217289, 75460962763 ],,,,,,,,,,,,,,,,,,,
  ,,,,,,,,,,,,,,,,, [ 1813387423 ],,,,,,,,,,,,,,,, [ 466202858221 ],,,,,,,,,,,, 
  [ 15105826919 ],,,,,,,,,,,,,,,,,,,, [ 7156079971 ],,,,,,,,,,,, [ 1244398717 ],,,,,,,,,,,,,,
  ,,,,,,,,,,,,,,,,,,,,,,,,,,,, [ 2379073441 ],,,,,,,,,,,,,,,,,,,,,,,,,,,,,,,,,,,,,,,,,,,,,,,,
  ,,,,,,,,,,,,,,,,,,,,,,,, [ 3936146293 ],,,,,,,,,,,,,,,,,,,,,,,,,,,,,,,,,,,,,,,,,,,,,,,,,,,,
  ,, [ 113702128783 ],,,,,,,,,,,,,,,,,,,,,,,,,,,,,,,,,,,,,,,,,,,,,,,, [ 3654721531 ],,,,,,,,,
  ,,,,,,,,,,,,,,,,,,,,,,,,,,,,,,,,,,,,,,,,,,,,,,,,,,,,,,,,,,,,,,,,,,,,,,,,,,,,,,,,, 
  [ 4590513001 ],,,,,,,,,,,,,,,,,,,,,,,,,,,,,,,,,,,,,,,,,,,,,,,,,,,,,,,,,,,,,,,,,,,,,,,,,,,,,
  ,,,,,,,,,,,,,,,,,,,,,,,,,,,,,,,,,,,,,,,,,,,,,,,,,,,,,,, [ 2325652993 ],,,,,,,,,,,,,,,,,,,,,
  ,,,,,,,,, [ 650473104216421 ],,,,,,,,,,,,,,,,,, [ 6517222961761 ],,,,,,,,,,,,,,,,,,,,,,,,,,
  ,,,, [ 7977001111 ],,,,,,,,,,,, [ 15569387989 ],,,,,,,,,,,,,,,,,,,,,,,,,,,,,,,,,,,,,,,,,,,,
  ,,,,,,,,,,,,,,,, [ 33329441311 ],,,,,,,,,,,,,,,,,,,,,,,,,,,,,, [ 10821375601 ],,,,,,,,,,,,,
  ,,,,, [ 8084618701 ],,,,,,,,,,,,,,,,,,,,,,,,,,,,,,,,,,,, [ 17244101551 ],,,,,,,,,,,, 
  [ 122385686671 ],,,,,,,,,,,,,,,,,,,,,,,, [ 1182523999 ],,,,,,,,,,,,,,,,,,,,,,,, 
  [ 6062751271 ],,,,,, [ 3917090773 ],,,,,,,,,,,,,,,,,,,,,,,,,,,,,,,,,,,, [ 1562457313 ],,,,,
  ,,,,,,,,,,,,, [ 2358901117 ],,,,,,,,,,,,,,,,,, [ 21900321577 ],,,,,,,,,,,,,,,,,,,,,,,,,,,,,
  ,,,,,,,,,,,,,,,,,,,,,,,,,,,,,,,,,,,,, [ 129243008371 ],,,,,,,,,,,,,,,,,,,,,,,,,,,,,,,,,,,,,
  ,,,,,,,,,,,,,,,,,,,,,,,,,,,,,,,,,,,,,,,,, [ 283701982573 ],,,,,,,,,,,,,,,,,,,,,,,,,,,,,,,,,
  ,,,,,,,,,,,,,,,,,,,,,,,,,,,,,,,,,,,,,,,,,,,,,,,,,,,,,,,,,,,,,,,,,,,,,,,,,,,,,,,,,,,,,,,,,,,
  ,,,,,,,,,,,,,,,,,,,,,,,,,,,,,,,,,,,,,, [ 383867771491 ],,,,,,,,,,,,,,,,,,,,,,,,,,,,,,,,,,,,
  ,,,,,,,,,,,,,,,,,,,,,,,,,,,,,,,,,,,,,,,,,,,,,,,,,,,,,, [ 1672876801 ],,,,,,,,,,,, 
  [ 5756479093 ],,,,,,,,,,,,,,,,,,,,,,,,,,,,,,,,,,,,,,,,,,,,,,,,,,,,,,,,,,,,,,,,,, 
  [ 1643519599 ],,,,,,,,,,,,,,,,,,,,,,,,,,,,,,,,,,,, [ 1420914543907 ],,,,,,,,,,,,,,,,,,,,,,,
  ,,,,,,,,,,,,,,,,,,,,,,,,,,,,,,,,,,,,,,,,,,,,,,,,,,,,,,,,,,,,,,,,,,,,,,,,,,,,,,,,,,,,,,,,,,,
  ,,,,,,,,,,,,,,,,,, [ 2210615885479 ],,,,,,,,,,,,,,,,,,,,,,,,,,,,,,,,,,,,,,,,,,,,,,,,,,,,,,,
  ,,,,,,,,,,,,,,,,,,,,,,,,,,,,,,,,,,,,,,,,,,,,,,,,,,,,,,,,,,, [ 35935850521 ],,,,,,,,,,,,,,,,
  ,,,,,,,,,,,,,,,,,,,,,,,,,,,,,,,,,,,,,,,,,,,,,,,,,,,,,,,,,,,,,,,,,,,,,,,,,,,,,,,,,,,,,,,,,,,
  ,,,,,,,,,,,,,,,,,,,,,,,,,,,,,,,,,,,,,,,,,,,,,,,,,,,,,,,,,,,,,,,,,,,,,,,,,,,,,,,,,,,,,,,,,,,
  ,,,,,,,,,,,,,,,,,,,,,,,,,,,,,,,,,,,,,,,,,,,,,,,,,,,,,,,,,,,,,,,,,,,,,,,,,,,,,,,,,,,,,,,,,,,
  ,,,,,,,,,,,,,,,,,,,,,,,,,,,,,,,,,,,,,,,,,,,,,,,,,,,,,,,,,,,,,,,,,,,,,,,,,,,,,,,,,,,,,,,,,,,
  ,,,,,,,,,, [ 7121158801 ],,,,,,,,,,,,,,,,,,,,,,,,,,,,,, [ 5057028841, 6743982601 ],,,,,,,,,
  ,,,,,,,,,,,,,,,,,,,,,,,,,,,,,,,,,,,,,,,,,,,,,,,,,,,,,,,,,,,,,,,,,,,,,,,,,,,,,,,,, 
  [ 3180205471 ] ]);
