BRENTFACTORS[1642]:=MakeImmutable([ ,,,,,,,,,,,, [ 824906120610053 ],,,, 
  [ 73684943801810749 ],,,,,,,, [ 12792795751, 135181031887234085049851 ], [ 108911260459 ], 
  [ 51054886117 ],, [ 9464888118485473 ],, [ 36589693901757859 ], [ 138250683271023233 ], 
  [ 189710420461, 3607397748967, 3575644565960347 ], [ 113220578730317213 ], 
  [ 3567698421987281, 3833088953531817244802253361 ],, [ 611085690851015375431594649455721 ],
  , [ 5518948111, 57711333580686390229 ], [ 8625578656943227961 ],, [ 186018178518019 ], 
  [ 4222169260480669, 101383082909798602634453 ], [ 432995577490154933 ], 
  [ 381153994212262321 ],,, [ 219423968525473 ], 
  [ 13907415653096560519, 178979900351778989387863 ],, 
  [ 26883839299443946716558464017, 332679013770800476122811890976747 ], [ 296338747614157 ], 
  [ 1117545601940897160389, 3553133975416691131097 ], [ 19121507794099, 237084972105547 ], 
  [ 390578694196571, 7253489464726241123201 ], 
  [ 32104891832985161, 129518386875582671309113 ], [ 36806615657821 ], 
  [ 308443546899410456379282334030915715437755467 ], [ 1373552877681443 ], 
  [ 41131949189161 ], [ 3774345962537, 80471847562147890107191841 ], 
  [ 3054725431, 58254381528293093753, 2782240037127533695395439 ], 
  [ 29458152739, 15412488824514601, 20901079021387594807, 56332333837064561523639709028419 ],
  [ 19744786057793, 210014226986387297828477491648531820923427137 ], 
  [ 5801441101, 22382753239471 ], [ 2219037653364674960795881927 ],,, 
  [ 12330476779, 2862554880091 ], [ 122744426383555789321932214331 ], 
  [ 43143763110259728647 ], [ 4556682711774342649 ],, 
  [ 105849117576187031825871500203252312906904517532168834451 ], 
  [ 1485552744395894764514412151 ], 
  [ 4846740781, 369038297278657, 8006067270126745247578950300471596617 ],, 
  [ 194878080721784773 ],, [ 3483831946801 ], [ 180931932847, 428657980717 ], 
  [ 24263978605360257443, 703403205930482217547 ], 
  [ 1345758667003363, 60228117738471394992817 ], [ 12612454651563061 ], [ 1645541351 ],, 
  [ 8491051927, 10759306009, 6540754654261, 191363733837864512047 ],, 
  [ 18410244521, 8968238939719347907 ], [ 401437330564953000961 ],,, 
  [ 1148139145147199511680035033 ],, [ 3621942969709317550081, 22552537760777453244941 ], 
  [ 193598722660129 ], [ 2834922754273, 3414551610031 ], [ 760506477151 ], 
  [ 13716253189, 133854977470882389679 ],, [ 4208464556549249307769 ], 
  [ 499071991927988161083637, 988636017034214236259155405363 ], 
  [ 23909614055077, 13574567992957959487 ], 
  [ 1628228681, 5237136082209672577, 95369273974919173217 ], 
  [ 7592350291, 58251222149015883570871 ],,, 
  [ 1178137118773050905415054059053717152120984993019922101 ], 
  [ 19807108886071046077978899001 ],, [ 4810159693, 93672246433, 38594799814123382719410673 ]
    , [ 187136664950050809953, 1352601913663875591361 ], [ 62968624928749 ], 
  [ 12360742973959, 22226112881601422653 ], [ 24662202641, 192011415669910819601 ], 
  [ 78106921096913703649, 2440880855479071779113, 18833158190649661491641, 
      104587819310148551252402980087924397 ],,,, 
  [ 10946023402553352961, 3421536116995129911958801 ], [ 1357995218099346497969 ], 
  [ 88884385113885019 ], [ 241306871287 ],, [ 4031068112484251 ], 
  [ 38858999446478863, 83504475353416713311739871 ],, [ 1226909623641257729 ], 
  [ 17691342313663, 23842902019039 ],, [ 22226906503 ], [ 340837026593906384389 ], 
  [ 642680967751216979719 ], [ 2783947157164105808791 ], [ 228558851894819594431 ], 
  [ 23261582463673 ],, [ 179092496809, 22634333965074160033 ],, [ 5779356608335438801 ], 
  [ 5834857102944291451 ], 
  [ 1850990101115443, 59374772553149402641, 2356425945321779915773653859 ], 
  [ 29833083281, 32125601334074821, 14263306855382736481411253173 ], 
  [ 2634398020369, 189596922943437187676494626721681 ], 
  [ 1832216521, 4310925178655020501, 301332279757984774151 ], 
  [ 6147222130372657, 403423844374945501, 669866706219973877918243 ], 
  [ 12852909364556203099482277 ],, [ 35331599671, 13685872595984335919106719 ], 
  [ 86389965001, 727072329026370644656480148613105227191205551 ], [ 13834876742487173 ], 
  [ 1740602438921 ], [ 199289634784720584607 ], [ 1011628157 ], 
  [ 3564660358026611, 468673095956936491 ],, [ 1032841247669315977 ], [ 6758402771287801 ], 
  [ 269283466920990373, 280873816648499321865637 ], [ 259807106246081, 58377119727371681 ], 
  [ 15379912161209, 4601349237995553009737 ], 
  [ 474723023347, 7345726824673522171, 861245564643779865966740121157, 
      13766660722407902389712601944965756021 ],, [ 7985005611829750033 ], [ 1280949389281 ], 
  [ 33914254058639 ], [ 13415485751 ],,,,, [ 95231863709552881777 ], [ 4525765433352273293 ],
  , [ 540254958200651 ], [ 2853136891609841 ], [ 1467764713, 324614231671 ], [ 4585448033 ], 
  [ 2927033651417 ], [ 859075144568083222838702134258501 ], [ 2065807604756579 ], 
  [ 5234315551386660187177, 1014032550402248896125705281 ], [ 9721334419, 22420205527633 ],,
  , [ 7505371561 ],, [ 22320289156011434888273 ], 
  [ 538507388013009147559, 7761505125602986039903069 ], 
  [ 2188685953451, 4944993956776416005874538304370131 ], [ 11218157329, 296918027122421 ],,, 
  [ 1687876415697701927, 20525028006692300952409 ], [ 730280863816531, 61376664369387121 ], 
  [ 10907115545593, 30873214810011599568341, 89087423502892246664795221 ],, 
  [ 438880190867846645941 ],, 
  [ 1398481001, 5031154201, 42042304358587201, 7021435402088920771601, 
      1141114273701697661433401 ], [ 6455982517, 15036812661656633642593 ], [ 85469619457 ],
  , [ 643978720906771356840313 ], [ 22724019929222831 ], [ 34452375442087 ], 
  [ 4849353489092006467 ], [ 26300613041, 5598112587480621750283249 ], 
  [ 10237445528029974563 ], [ 403461842491 ], [ 53743562195693 ], 
  [ 56703013753, 94984610593, 5043494166864777928795531987201 ],, 
  [ 12967403650490381, 134602457611206119 ],, [ 54158936376880027883927467369 ], 
  [ 769715180389, 939428863157 ], [ 112037522588695201 ], [ 5571538857932483827 ], 
  [ 14660507746061, 9933248860305409058638241 ], [ 904937112587, 72681564642561689387 ], 
  [ 42715434371437, 34738460992603869319759 ], [ 88204229627, 2394192100098079 ], 
  [ 52664270125688257 ], [ 46452566916951437986651 ], [ 728158482941 ],, [ 1992919501 ], 
  [ 3424251199 ],, [ 255013437584704479913 ], 
  [ 1219582520007725967689, 1461544411620097594234081201 ], [ 283069964384399 ],, 
  [ 53327089241 ], [ 1990277729595401, 497342211322586920444447934317 ],, 
  [ 2597080039, 505297923220608311626685380405399019 ], [ 2196768023 ], 
  [ 4332637776925568641 ], [ 941926308683851 ], 
  [ 1248579641, 290512366759603253, 10947703881340043256523944563243 ], 
  [ 14189633137, 2633770492299054420409 ], 
  [ 9138384869, 2761791806233, 19979737083714424919956153 ], [ 2814484412183501 ],, 
  [ 9525701719 ], [ 46834817128968409 ], [ 3593014658641453, 96083919149540851 ], 
  [ 13942494751, 199319188642738001 ],, [ 123260831423101 ],, 
  [ 12962034529, 62419362335017, 50724802825413583699030673, 
      19906811602477430109724090996223 ],,,, 
  [ 1618615891, 257951951446427083, 61682879788138443344242597 ],, [ 3606883835101 ], 
  [ 16458109813, 4602025290810223 ],, [ 7877349524843 ], [ 35648204857 ], 
  [ 1870623315621061 ],, [ 25409898754436593 ], [ 25720403265301 ], [ 777963782231 ], 
  [ 7132315385370950444699101, 32989879618394001980457857221 ], 
  [ 68977324313, 322205634529040329 ],,, [ 1952177639087647 ],, 
  [ 2461630631113, 1854453704977891154807077 ],, [ 94376353873124381692004567689 ], 
  [ 486102351802591 ], [ 22625525344801 ], [ 1768847231, 210917440033 ], 
  [ 17023317672277045373887 ], [ 110827995881 ], [ 4432493259095345808029 ], [ 10958454631 ],
  [ 16653430748818637372327243659 ],, [ 21433266462529 ],,, 
  [ 1159380667, 1336172381049277, 63186407173710631 ], 
  [ 247942198457, 728270578901, 5416325414621611325177 ], [ 12822793987, 812298498187639 ], 
  [ 102610410832007653, 13337584514308187449, 215833831390870085191, 7593955258525980397621, 
      75968468384371648203049 ],,, [ 2474531533, 14438945939419 ], 
  [ 1269060119, 191871586791389, 200067623825715869 ], 
  [ 8114088581, 131931997861, 194986415521, 44251431849350597 ], [ 2254191563330128685701 ], 
  [ 63994522504459, 3700166611326389, 29332869231602623 ], 
  [ 26075880908437, 28602944278910481479 ], [ 3233779621 ], [ 763065960321716167489 ],,,, 
  [ 33505081508927158883369 ],, [ 139468027883711, 4164432479787600221 ],,,, 
  [ 41355919546545958933 ],, [ 704504375101, 10625915268405901 ], [ 1549717901 ], 
  [ 27455709137959 ],, [ 114745891804801 ],, [ 113312494579924778993 ], [ 6394952323 ], 
  [ 1234117151248789 ],,, [ 71118064573, 11431861532544569971 ], [ 51345048722977 ],,,, 
  [ 10097940689, 80830565691892097, 8472798992004006557 ], 
  [ 4762636606657, 129252242043667, 15835321390733222149 ],,,, [ 9410019323 ],,, 
  [ 2133315813789368854441 ], [ 75927950011, 299566733621 ], 
  [ 1712550955771, 224391068958000230704981 ], [ 388345582421287 ],, 
  [ 1129216051, 73381840171 ], [ 209497933523, 237962454856201 ],,,, [ 82898039701 ], 
  [ 29336625082077698503 ], [ 254855568353, 157141002105442081, 3628842098708318273 ], 
  [ 11908682071487 ],,, [ 64559653285997 ], [ 1122661753759697131, 626470514567937197971 ], 
  [ 183824962901 ], [ 104540863915643 ], [ 1402096124521, 18034880657004361 ], 
  [ 85075432499, 33673586228533 ], [ 1774778375080191419 ], [ 53783769699991057 ], 
  [ 34659677478973, 107654238038772517 ],, [ 3949515600913 ], 
  [ 81865718804231, 90262415457509 ],,,,,,,, [ 3435820224751 ], [ 8394061633 ], 
  [ 1726420229 ],,, [ 24689592072841 ],,, [ 3266908039, 53604706811 ], [ 533959630107649 ],,
  , [ 30937521395251 ], [ 711214717200641933 ],, [ 31849594141, 167795388931, 745456779211 ],
  [ 572858705981, 14787253306907, 1415618516248291 ], [ 1131312417089 ], [ 1486425037 ], 
  [ 751214226643, 4947939139225913, 22890928210966967941 ], [ 1814501231 ], [ 3386192437 ],,,
  ,, [ 33996061409, 21010798450111 ], 
  [ 257161198384247713, 41314288760828642499937, 132362537582933647536433211917 ],,,, 
  [ 977457160513 ],, [ 63944558473, 17886749847284128768777 ], [ 4855072526222033 ],,, 
  [ 2111124823775253301 ], [ 3973312757, 40475975379001 ],,, [ 169228937859073 ], 
  [ 332609890213 ],, [ 22553397281419 ], [ 2024254926217861, 296959918793335556221 ], 
  [ 2750110931 ], [ 6136158579748027 ],, [ 157402210092070513 ],, 
  [ 2913569917, 20956288145806669, 28776665127036586035850588627 ],, [ 2153248352366393 ], 
  [ 20987605783 ], [ 1552969511, 5394211541 ], [ 13614168539 ],,, 
  [ 323479578101, 5016037066363 ], [ 3290794141, 166950807601, 1217703720631 ],,,,,,,, 
  [ 4195391852387 ], [ 847835445687548198437 ], [ 5633348098451 ], [ 34251412049 ],, 
  [ 75138820787992315649 ],, 
  [ 8192544751, 1416948858901, 5636974738547701, 56769918163175853317251 ], [ 104694590683 ],
  [ 1483242521, 1700360706818777, 410784387213493313 ], [ 33198914059 ], 
  [ 83376757231, 262875736031, 143786054705039 ],, [ 215046581115612457 ],, 
  [ 16797406997083 ],,, [ 1526931521603 ], [ 2609831741514465469, 3584658675121735725823 ],, 
  [ 6605396353 ],, [ 7667858047 ], [ 51684855137 ],, [ 140538191249 ],,, [ 5153696729 ], 
  [ 24799548929 ], [ 3376969089589 ],, 
  [ 18842088721, 4470164169773, 53967608297851081, 635020143564151913 ],, [ 463296968083 ],, 
  [ 66184538354325128451470401 ], [ 20110592616661 ], [ 129201747415751 ],, 
  [ 2503157009, 1796980639421601173 ], [ 282020410781841965131 ], [ 2590373197, 3963496213 ],
  [ 481850639269, 8826565953697 ],,, [ 1318676731, 9567418233416471 ], [ 1966257619 ],, 
  [ 109826203573, 22006490721503 ],, [ 20253179431 ], [ 43205760449 ],, 
  [ 99994612875173390053 ], [ 6691003177 ],, [ 18020894041387 ], 
  [ 4196592493, 967953288107825209 ], [ 242853395797 ], [ 391169039032297 ],,,,, 
  [ 2309492827, 3680437499, 13679771003, 109478131643 ],, [ 1289194749067 ], [ 27533687809 ],
  , [ 57619656487 ],, [ 19530579218113933 ],, 
  [ 2995151629, 548726880324113, 616513712210873 ],, [ 4700662886921, 31317137834930496641 ],
  [ 18445813273 ], [ 9250261507693 ], [ 1653063883 ],, [ 69989361751 ],,, 
  [ 298316932513777, 4102451892906344209 ], [ 1619904859 ], [ 27940285340294273351 ],,,,,, 
  [ 34016307361 ], [ 333249477397 ], [ 9463929449417 ],,,, 
  [ 37122397337, 96660566719, 65347742027804642667344777 ], [ 101405814144421 ],,, 
  [ 3139611220747 ],,,, [ 7683729901 ],, [ 3296369569 ],,, [ 21085748701 ],,,,,, 
  [ 6600452470987 ], [ 2465883467, 84979684644925171 ],, [ 37813176397 ],, [ 2881515061661 ],
  ,,, [ 211400055301 ],,,, [ 414528194844947 ],,, [ 53287730623 ], [ 24933798103 ],, 
  [ 8209384961, 405563991961, 532402892582442281 ],,,, [ 766518502873, 222931221192593 ],, 
  [ 1260108549937547757961 ], [ 1540857391 ],, [ 2436247717 ],,, [ 11261330620068762750529 ],
  ,, [ 3228442081411, 106417627107191 ],,, 
  [ 326730560936443, 1207950054684127, 47273441066988354037 ],, [ 79453730133601 ],, 
  [ 148343947707707374253 ], [ 4260504466218880153 ], 
  [ 314388499247777, 24676637143339501337 ], [ 146987176051 ],,, 
  [ 10795720891297, 8436422700156769 ], [ 20377133911 ], [ 359670926701, 10498052492262431 ],
  , [ 271147079197, 10176611868649083204289 ],, [ 1759001865391 ],,,, [ 100577485848391 ],,, 
  [ 1243172611531657 ],,, [ 7100492257, 16612776396536384689 ],,,,,,, [ 1069923601 ], 
  [ 26949863449, 33459690337 ],, [ 2596089253 ],, [ 1335541192324237 ],,,, 
  [ 1084644556718081 ],, [ 19053567728653, 222498355826611 ],,,, 
  [ 556235225687, 222375879898493 ],,,,,,, [ 5052759893 ], 
  [ 266689515467923, 385270643842085653, 512254651904481307 ],,,, [ 5213189899, 63426244603 ]
   ,,,, [ 1999762319 ],,,,,,,,,,,, [ 14565027443, 19683615299 ], [ 4408996051 ], 
  [ 2301847601 ],,,,,, [ 1688971637 ],, [ 457365071798281 ],, 
  [ 11907670321, 319049069547433 ],,,,,,,,,, [ 103089758765737, 369161629554841 ],,,, 
  [ 8389071601, 13626094301 ],, [ 178586729803 ],,, [ 177899284082431 ], 
  [ 1048811009, 194639180341 ],, [ 2222547000733, 119560739837557717 ], [ 30188301137 ],,,,,,
  , [ 8775009601 ],,,,,, [ 16077199935159469 ],,,,,,,,,,, [ 1428438149 ],,,, 
  [ 8726676971, 266134958231231 ], [ 3560833402381 ],, [ 147358808501 ],, 
  [ 432110100493, 477151453276471 ],,, [ 3861394601, 18022543831 ],,,,, 
  [ 828226355975595001 ],,,,,, [ 20084147542783801 ],,, [ 29393598697 ],,,,,, 
  [ 3924274051 ], [ 3060370986769823 ],,, [ 1061877678023 ], [ 71877069521951 ],,,,,,,,,,,, 
  [ 65597540587 ],,,,,,,, [ 674269973051 ],, [ 15950394456481 ],,,,,,,,,, [ 255919550936921 ]
   ,, [ 6959268829 ],,,, [ 707497557120238777 ],,,, [ 286742802361 ],, [ 1001878609843 ],, 
  [ 1200911281, 581274442081, 1503721161457 ],, [ 7760344733 ],, [ 464113963981 ],, 
  [ 53685167080459, 1219783686760523779 ],, [ 21665697329 ], [ 32468347931103151 ],,, 
  [ 337679912992501 ],,,, [ 21468591041 ],, 
  [ 15215378407, 3538372201681, 2420079356345713, 326587247018318071 ],, 
  [ 3210327781, 6506032668736774097 ],,,,, [ 13592536351 ], [ 10248488712233 ],, 
  [ 5814797081 ], [ 14461532801 ], [ 10306887373 ],, [ 133825096595681 ],, [ 5744847401 ],,,
  , [ 3236379889, 17182439863, 18482398663 ], [ 2764209871 ],,, [ 19802414347 ],,,, 
  [ 12737987777 ],,,, [ 7550240053, 13526717357 ],,,,,, [ 4662705439081 ],, 
  [ 930439742137, 26240920862483779 ], [ 1039186751 ],,, [ 1378780154907751 ],,,,,,, 
  [ 1777713661 ],,,,, [ 34345600181, 106448748151, 15054747721590881 ],,, [ 5148266449 ], 
  [ 507992443741, 983149874893 ], [ 13810496191 ],,, [ 1890065094643699 ],, [ 2622962701 ],,,
  , [ 5320413353, 12456921497873 ],, [ 75642267540627127 ],,,,,,,, [ 554112251480726551 ],,,,
  ,, [ 269161185004801 ], [ 40373851213 ],,, [ 2997080857 ],, [ 164027811917 ],, 
  [ 209085937217 ],,,,,,,,,,,,,, [ 1224829849 ],,,,,,,,,,, [ 22012226273 ],,,,,,, 
  [ 668310850561 ], [ 1778734121 ], [ 13791549872699, 22317519628941941 ],,,, 
  [ 2128343241319 ], [ 12993733721 ],,,,,,,,, [ 9170552609 ],, [ 7638610192861 ],,,, 
  [ 1708255777, 4207821883, 83681065055431 ],,,,, [ 18424749463 ], [ 5440410687401 ],,,, 
  [ 3747039937 ], [ 157247633119 ], [ 7509199204823 ],, [ 2133210620336953 ],,,, 
  [ 1457557001 ],, [ 12039488917 ],, [ 33505551253 ],,,, [ 1427110963489 ],,,, 
  [ 495166964029 ],, [ 1982406658129 ],,,,,, [ 18346128001 ],,,, [ 124744717313 ],,,,,,, 
  [ 2140108561 ], [ 77042836153, 462871814401 ],,,,, [ 29068412473 ], [ 36126888582560929 ],,
  ,,,, [ 831833401717 ],,,,,,,,,,,, [ 1197561295393 ],, [ 18552372793 ],,,,,,,,,,, 
  [ 367642133249 ],, [ 14701218589 ],,, [ 198346101979 ],,,,, [ 6261544901 ],,,,,,,,,,,, 
  [ 3390939283 ],,,,, [ 23389544201 ],,,, [ 160929184703101 ],,,,, [ 7830255421 ],, 
  [ 1651356181 ],,,, [ 1045206581 ],,, [ 1274045039 ],,,,,, [ 164135885761 ],,, 
  [ 1205082317 ],,,,,,,,,,, [ 3314748907 ], [ 26146672661 ],,,,,,,, [ 33209878717 ],,,,,,, 
  [ 6992757851 ],,,,,,,,,,,,,, [ 19657916617789 ],, [ 6501872521 ],,,,,,,,,,,, 
  [ 47021667629 ],,,, [ 34307341969 ],,,,,,,, [ 1313855201, 9702906041641 ],,, 
  [ 22133502331 ],,,,,,, [ 38765726401 ],,,,, [ 21997957031 ], [ 48837587473 ], 
  [ 3813967919 ],,,,,,,,,, [ 9055056859 ],, [ 4149551579 ],,,,,, [ 2457433301 ],,,, 
  [ 51767665163 ], [ 1439529271 ], [ 2734383371 ],,,,,,,,,,,, [ 55455202001 ],,,,, 
  [ 94649525569 ],,, [ 3095126623 ], [ 7259639369 ],, [ 161197568071 ],,, [ 6129710221 ],,,,,
  ,,, [ 288074665121 ],,,, [ 14835292723, 15457168711 ],,,,,,,,,,,, [ 425738464369 ],,,,,,,,,
  ,,, [ 1627773539251 ],,, [ 82077255937 ],,,,,, [ 226419979549, 821702318950003 ],,,,,,,,,,,
  ,,,,,,, [ 4184440835521 ], [ 881069029177, 1262445307569493 ],,,,,,,,,, [ 1156846637 ],,,,
  , [ 1093161961 ],,,,,,,,,,,,,, [ 57724408351 ],,,,,,, [ 12876174527807 ],,,,,,,,,,,,,, 
  [ 262778352553 ],, [ 3044756563 ],,,,,,,,,, [ 71368544983 ],, [ 150252265151 ],, 
  [ 6463071252721 ],,,,, [ 2739074593 ], [ 48583223599 ],,,,,,, [ 13483470001 ],,,,,,,, 
  [ 2645589761 ],,,,,,,,,,,,,,,,,, [ 29922903079 ],,,,,,,, [ 5920085449 ],, [ 71291251049 ],,
  ,,,, [ 1326717869 ],,,,,,,,,,, [ 316076004047 ],,,,,,, [ 371643070081 ],,,,,,,, 
  [ 15338105869 ],, [ 919786926241, 12276819410701231 ],,,,,, [ 11198596501 ],,,,,,,,, 
  [ 2157797071 ],,,,,,,,,,, [ 64081894537 ], [ 13762394053 ],,,,,,,,,,,,, [ 4842719491 ], 
  [ 507063586061 ],,,,,,,, [ 1388964487 ],,,,,, [ 126271152901 ],,,,,, [ 2392279361 ],, 
  [ 37638991699 ], [ 15221731669 ],,,,,,,,,,,,,,,,, [ 79865894263 ],,,, [ 2333433001 ],,,,,,,
  ,,,,,,,,,,,,,,,, [ 2805589321, 8268492769 ],,,,,,,,,,,, [ 27577087201 ],,,,,,, 
  [ 1756179379, 131983336769 ],,,,,,, [ 2654034541 ],,, [ 69546482899 ],,,,,,,,,, 
  [ 1362393649 ],,,,,,, [ 921872275409 ],,,,,,,,,, [ 21966718217 ],,,,,,,,,,,,,,,, 
  [ 3352280251, 318006810605551 ],, [ 7647800189 ],, [ 4150997489 ],,,,,, [ 2864094281 ],,, 
  [ 4816696571 ],,,,,,,,,,,,,,,,, [ 1055147521 ],,,,,,,,,,,, [ 19073046313 ],,,,,,,,,,, 
  [ 2571669647 ],,,,,,,,,,,,,, [ 1875376081 ],,,, [ 1016023221299 ],,,,,,,,,,,,,,,,,,,,,,,,,,
  ,, [ 284561740321 ], [ 3926098751 ], [ 61476983143 ],,,,,, [ 11013357488281 ],,,,,,, 
  [ 254094487417 ],,,, [ 6470468057 ],,,,,,, [ 1255500101 ],,,,,,,, [ 4215521939 ],,,,,,,,,,,
  , [ 5615765201 ],,,, [ 140474497633 ],, [ 8150328247 ],,, [ 8560611401, 21282751337 ],,,,, 
  [ 3645030079 ],,,,,,,,,,,, [ 1383814321, 1070251890403 ], [ 19099543171 ],,, 
  [ 117495657151 ],, [ 100741306177 ],, [ 4381841383 ], [ 1032473191 ],,,, [ 41374456789 ], 
  [ 2942939971 ],,,, [ 737432063293 ], [ 3639479521 ],,, [ 1041376093 ],,, [ 8331998533 ], 
  [ 1240729639 ], [ 1809106993 ],,,,,, [ 24330967147 ],,,, [ 23978472883 ],,,, 
  [ 3177919287341 ],,, [ 1283427687701 ], [ 9113239843 ],,,,, [ 1227484519 ], [ 6061026817 ],
  ,,,,,, [ 48785683319 ],,,,,,,,,,,,,,,,,,, [ 7212401899 ],,,,,,,,,,,,,, [ 1752212249 ],,,,,,
  ,,,, [ 6670406711 ],, [ 124099398749 ],,,,, [ 12207826963 ],,,, [ 1126405493 ],, 
  [ 44301356731 ],,,,,,,,,,,,,,,,, [ 32648972417 ],,,,,,,,, [ 12571163069 ],,,, 
  [ 4896956851 ],,,,,,,,,,,,,,,,,, [ 3599327437 ],,,,,, [ 8582439529 ],,,,,,,,,,,,,, 
  [ 107184323683 ],,,,,,,,,,,,,,, [ 232600146763 ],,,,, [ 2769911831 ],,,,, [ 3661655401 ],,,
  ,,,,,,,,, [ 1180435801 ],,, [ 15589916443 ],,,,, [ 26367496193 ],,, [ 8755017559 ],,, 
  [ 1216327451 ],, [ 115326556249 ], [ 8053821469 ],,,,,,,, [ 2571098461 ],,, 
  [ 303384223561 ],,,,,,,,,,,,,,,,,, [ 10806658591 ],,, [ 4060999289 ],,,,,, [ 32559023501 ],
  , [ 48512627101 ],,,,,,,, [ 331364233241 ],,,,, [ 1009928291 ], [ 1554008429 ],,,, 
  [ 27315123481 ],,, [ 49235462191, 1288583469301 ],, [ 24909052361 ], [ 1290751519 ],,,, 
  [ 6088163251 ], [ 230958749849 ],,,,,,,,,,, [ 5500368739 ],, [ 5374430011 ], 
  [ 183566189021 ],,,,,,,, [ 7114564789 ], [ 2950413677 ],,,,,,,,, [ 322603356193 ],,,,,,,,,,
  ,,,,,,,,,, [ 3327112801 ],,,,,,,, [ 1442803721, 2893662851 ],,,,,, [ 233719843073 ],,,,, 
  [ 8306857001 ], [ 1656162229 ], [ 6752478097 ],,,,,,,,,,,,,,,, [ 3596508791 ],,,,, 
  [ 415738554181 ],,,,,,,, [ 4079403389 ],,,,, [ 3430155961 ],,, [ 1058462029 ],,,,, 
  [ 27604931203477 ],,,, [ 1949252681 ],,,,, [ 1395978751 ],,,,,,,,,,,,,,, [ 1849599001 ],,,,
  ,,,,,,, [ 150321185341 ],,,,,,,, [ 10877351429041 ],,,,,,,,,,,, [ 51038498057 ],,,,,,,,,,,,
  ,,,,,,, [ 1059668101, 97068556531 ],,,,,,,,,,,, [ 11822016337 ],,,,,,,,,,,,,,,,,,,,,,,,,,,,
  ,,,,,,, [ 21900530137 ],,,,,,,,,,,, [ 25434784357 ],,,,,,,,,,,, [ 40867663303 ],,,,,, 
  [ 3458595193 ],,,,,,,,,,,,, [ 2341661921 ],,, [ 1277887073 ], [ 3838982401 ],,,,, 
  [ 278804164763 ],, [ 1945433360641 ],,,, [ 4785799261 ], [ 1629420157 ],,,,,,,,,,,,, 
  [ 54515960423 ],,,,,,,, [ 22850961277 ], [ 13704697427 ],, [ 2047120261 ],,, 
  [ 26584278769 ],,,,,, [ 1251243067 ],,, [ 4414084039 ],,,,,,,, [ 1731839981 ], 
  [ 47016664759 ],,, [ 1732600999, 55354101037, 11710736639491 ],, [ 6535982797 ],,,,,,,,,,, 
  [ 8589057055883 ],, [ 5468290021 ],,,,,, [ 6494046991 ],,,,,,,, [ 19798676549963 ], 
  [ 79501341739 ],,, [ 9582154597 ],,,,,,,,,,,,,,,,,,,, [ 28256157619 ],,,,,, 
  [ 1194356129, 225103082849 ],,,, [ 1973374969 ],,,,,, [ 3266697871 ],,,,,,, [ 7105634911 ],
  ,, [ 9267909197 ],,,,,,,,,, [ 6967431799 ],,,,,,,,,,,,,,,,, [ 3021741901 ],,,,,,,,,,,,,,,,,
  ,,,,,, [ 2257282693 ],,,,,,,,,,,,,,,,,,,,,,,,,,,,,,,, [ 1636796281 ], [ 1752793249 ],,,,,,,
  ,,,,, [ 8838889753 ],,,,,,,,,,,,,,,,,,,,,,,, [ 35153262943, 535196251171 ],,,,,, 
  [ 8357604949 ],,,,,,,,, [ 31888947817 ],,,,,,,,,,,,,,,,,,,,,,,,,,,,,,,,, [ 55159313791 ],,,
  ,,,,,,,,, [ 139129631101 ],,,,,,,,,,,,,,,,,, [ 159293878597171 ],,,,,,,,, [ 2548455211 ],,,
  ,,,,,,, [ 1193850633817 ], [ 6810294541 ],,,,,,,,,, [ 38645099551 ],,,,,,,,,,,,,,,,,,,,,,,,
  , [ 50801321201 ],,,,,, [ 99306155483 ],,,,,,,,,,,,,,,,,, [ 4841205793 ],,,,,,,, 
  [ 3536590273 ],,,,,,,,,,,,,,,,,, [ 8132891101, 91756103401 ],,,,,,,,,,,,,,,,,,,,,,,,,,, 
  [ 127678987171 ],,,,,,,,,,,,,,,,, [ 8682599059, 1872208263139 ],, [ 29020882609 ],,,,,, 
  [ 11228546089 ],,,,,,,,,,, [ 14135693713 ],,, [ 216268860817 ],,,, [ 1896902081 ],,,,,,,,,,
  , [ 368135387911 ], [ 3635908697, 6436701697 ],,,,,,,,,,,,,,,, [ 1673016533 ], 
  [ 2761944931 ], [ 2499505501 ],, [ 542786663593 ],,, [ 11027445361 ], [ 7667355569 ],,,,,, 
  [ 1847239453 ],,,,, [ 1143463999 ],,,,, [ 203392457729 ],,,,,,, [ 4323047347 ],,, 
  [ 137376126847 ],,,, [ 308251552249 ],,,,,,,, [ 3364732051 ],,, [ 12419897671 ],,,,,,,,,,,,
  ,,,,,,, [ 1214018417, 188489241929 ],, [ 198678350341 ],,,,,,,, [ 76578331411 ], 
  [ 2513245453 ],,,,,, [ 8112595609 ], [ 1022473171 ],,,,, [ 3404524843 ],,,,,, 
  [ 41871100741 ],,,,, [ 625966716451 ],,,,,,, [ 73009475041 ],,, [ 147742059023101 ],, 
  [ 11622902103403 ], [ 17152046503, 331205099851 ],,,,, [ 1297211761 ],,,,,, 
  [ 121884527287 ],,,, [ 1055267677 ],,,,,, [ 4569800269 ],,,,,,,,,, 
  [ 5906158259, 17662061873 ],,,, [ 1859456777 ], [ 1722517171 ],,,,,,,,,,, [ 30817521811 ], 
  [ 85041767131 ],,,, [ 2003898191 ],,,,,,,, [ 7714234729 ],,, [ 1029929473 ],,,,,,,, 
  [ 103093061629 ],, [ 11448181249 ],, [ 3187514503 ],,,,,,,, [ 1543289177, 2286342917 ],, 
  [ 37071820733 ],, [ 6281604001 ],,,,,,,,,,,,,,,, [ 1560179473 ],,,,,,,,,,,,,,,,, 
  [ 63759532411 ],,,,,,,,,,,, [ 214246360981 ],,,,,,, [ 1006948951 ],, [ 2909058599521 ],, 
  [ 1050833827 ],,,,,,,,,,,, [ 1710466759 ],,,,,,,,,, [ 50613019273 ],, [ 995771754871 ],,,,,
  , [ 2131417289 ],,,,,,,, [ 1388561761 ],,,,,,,,,, [ 1161593926403 ],,,,,,,,,,,,,,,,,,,,,, 
  [ 24987608101 ],,,, [ 2158889441 ],, [ 3909676868089 ],,,,,,,,,,,,,,,,,, [ 1556989501 ],,,,
  ,,,,,,,,,, [ 4054834759 ], [ 9127103311 ],,,,,,,,, [ 163191504109 ],,,,,, [ 132900436531 ],
  ,,,,,,,,,,,,, [ 1531251041 ],,,, [ 6465681037 ],,,,,,,,,,,,,,,,,, [ 287172790939 ],,,,,,,,,
  , [ 9662155889 ],,,,,,,,,,,,,, [ 29461832341 ],, [ 18262436417 ], [ 331985614897 ],,,,,,,,,
  ,,,,,,,,,,,,,,,,,,,, [ 8678072231 ],,,,,,,,,,,,, [ 65851539991 ],,,,,,,,,,,,,,,,,,,,,,,,, 
  [ 58947822781 ],,,, [ 8298781009 ],,,,,,,,,,,,,,,, [ 23693743561 ],,,, [ 4431222953 ],,,,,,
  ,,,,, [ 60899613091 ],,,,,,,,,,,,,,,,,,,,,,,,, [ 16821330241 ],, [ 75758413711 ],,,, 
  [ 3682796336491 ],,,,,,,, [ 1154957143, 1479396013, 2621397511 ],,,,,,,, [ 50935716906383 ]
   ,,,,,,,,,,,,,,,,,,,,,,,,,,,,,,,,,,,,,,,,,, [ 1809595648001 ],,,,,,,,,,,,,, [ 3669517447 ],
  ,,,,,,,,,,,,,,,,,,,,,,,,,,,,,,,,,,,,,,, [ 1407611323, 998413953283 ],,,,,, [ 231105442573 ]
   ,, [ 10728945653 ],,,,,,,,,,,,,,,,,, [ 3568113121 ],, [ 1186064647 ],,,,,,,,,,,,,,,,,,,,,,
  ,,,,,,,,,,,,,,,,,,,,,,,,,,,,,,,,,,,,,,,,,,,,,, [ 23289574111 ],,,,,,,,,,,,,,,,,,,, 
  [ 2829926623 ],,,,,,,,,,,, [ 275368293089 ],,,,,,,,,,,, [ 467204008751 ],,,,,, 
  [ 3601410649 ],,,,,,,,,, [ 19449083557 ],,,,,,,,,,,,,,,,,, [ 9475465529 ],,,, 
  [ 1148280193 ],,,,,,,, [ 62237561713 ],, [ 3991053641 ],,,,,,,,,,,,,,,,,, [ 4088716729 ],,,
  ,,,,,,,,,,,,,,,,, [ 12722857561 ],,,, [ 1183770457 ],,,,,,,,,,,,,,,,,,,,,,,,,,,, 
  [ 5210931169 ],,,,,,,, [ 4114952641 ],,,,,, [ 6519971921, 78497758231 ],,,,, 
  [ 98810614531 ],,,,,,, [ 1835766619 ],,,,,,,, [ 65639139031 ],,,,,,,,,,,,,,,,,, 
  [ 15634403737 ],,,,,,,,,,,,,,,,,,,,,,,,,,, [ 8740118701 ],,,,,,,,, [ 1386300529 ],,,,,,,, 
  [ 7466517041 ],,,,,,,,,,,, [ 1574829257 ],,,, [ 490159121521 ],,,, [ 708740199427237 ],,,,,
  ,,,,,,,,, [ 17998385989 ],,,, [ 1706999191 ],,,,,,,,,,,,,,,,,,,,,,,,,,,,,,,, 
  [ 241752017869 ],,,, [ 8532635179 ],,,,,,,,,,,,,,,,,,,,,,,,,,,,,,,,,,,,,, [ 5303135449 ],,,
  ,,,,,,,,,,,,,,,,,, [ 1835352751 ],,,,,,,,,,,,,,,,,,,,, [ 188601407329 ],,,, [ 9477238801 ],
  , [ 37297515649 ],,,, [ 101814625094881 ],,,, [ 54500659201 ],,,,,,,,,,,,,,,, 
  [ 20696114017 ],,,,,,,,,,,,,,,,,,,,,,,,,,,,,,,,,,,,,,,, [ 205332063017 ],,,,,, 
  [ 11672960269 ],,,,,,,, [ 19686737251 ],, [ 238207239961 ],,,, 
  [ 3653918533, 170015402003413 ],,,,,,,,,,,,,,,,,,,,,, [ 4676667851 ],,,,,,,,,, 
  [ 142019748641 ],,,,,,,,,,,,,, [ 220992050281 ],,,,,,,,,,,,,,,,,,,,,,,,,,,,,,,,,,,,,, 
  [ 1382577121 ],,,,,,,,,,,,,,,,,,,,,,,,,,,,,,,,,,,,,,,, [ 15375923681 ],,,,,,,,,, 
  [ 33830022881 ],,,,,,,,,,,,,,,,,,,,,,,,,,,, [ 6747481969 ],,,,,,,,,,,,,,,,,,,,,,,,,,,,,, 
  [ 1863054433 ],, [ 779603985631 ],,,,,,,,,,,,,,,,,,,,,,,,,,,,,, [ 1027940801 ],, 
  [ 2633873981, 57299848343 ],,,, [ 1401747887 ],,,,,,,,,,,,,,,,,,,,,,,, [ 2586051421 ],,,,,,
  ,, [ 4826129101 ],,,,,,,,,,,,,,,,,,,,,,,,,,,,,,,,,,,,,, [ 2948268457, 31933335673 ],,,, 
  [ 2959085741 ],,,,,,,,,,,,,,,,,,,,,,,,,,,,,,,,,,,,,,,,,,,, [ 1242630721 ],,,,,, 
  [ 131667909211 ],, [ 6881134961 ],,,,,,,,,, [ 4495684597 ],,,,,,,,,,,, [ 127214093551 ],,,,
  ,, [ 2633330701 ],,,,,, [ 15739779961 ],,,,,,,,,,,,,,,,,,,,,,,, [ 15141868698180151 ],,,, 
  [ 34770950839 ],,,,,,,,,, [ 1541787809, 1183064074193 ],,,, [ 3734739223561 ],,,,,,,,,,,,,,
  ,,,,,,,,,,,,,,,,,,,,,,,,,,,,,,,,,, [ 11676816001 ],,,,,,,,,,,,,,,,,,,,,,,,,,,,,,,,,,,,,,,,,
  ,,,,,,,,,,,,,,,,,,,,,,,,,,,,,,,,,,,,,,,,,,,,,,,,,,,,,,,,,,,,,,,,,,,,,,,,,,,,,,, 
  [ 1382133637 ],,,,,,,,,,,,,,,,,,,,,,,,,, [ 2934294793 ],,,,,,,,,,,,,,,,,,,,,,,,,,,, 
  [ 27435624972061 ],,,,,, [ 1230550970401 ],,,,,,,,,,,,,, [ 12756312571 ],,,,,,,,,,,,,,,,,,,
  ,,,,,,,,,,,,,,,,,,,,,,,,,,,,,,, [ 874073043841 ],,,,,,,,,,,,,,,,,,,,,,,,,,,,,, 
  [ 1265189551 ],, [ 35838880897 ],,,,,,,,,,,,,,,,,,,,,,,,,,,,,,,,,,,,,,,,,,,,,,,,,,,,,,,,,,,
  ,,,,,,,,, [ 60738200821 ],,,,,,,,,, [ 5645024191 ],,,,,, [ 758107985581 ],,,,,,,,,,,,,,,,,,
  ,,,,,, [ 5025667501, 21081395701 ],,,,,, [ 4538008561 ],,,,,,,,,,,, [ 210411917167 ],,,,,,,
  ,,,,,,,,,,,,,,,,,,,,,,,,,,,,,,,,,,,,,,,,,,,,,,,,,,,,,,,,,,, [ 3685709953 ],,,,,, 
  [ 1109398831 ],,,,,,,,,,,,,,,,,,,,,,,,,,,,,,,,,,,,,,,,,,,,,,,,,,,,,,,,,,,,,,,,,, 
  [ 4772969158681 ],,,,,, [ 1102336381 ],,,,,,,, [ 1099042691, 2666071921 ],,,, 
  [ 9325560637 ],,,,,, [ 845408609761 ],,,,,,,,,,,,,,,,,,,,,,,, [ 87545500849 ],,,,,,,,,,,,,,
  ,,,,,,,,,,,, [ 11471899099051 ],,,, [ 5809270069 ],,,,,,,,,,,, [ 7936431031 ],,,, 
  [ 6059517001 ],,,,,,,,,,,,,,,,,,,,,,,,,,,,,,,,,,,,,,,, [ 93156291691 ],,,,,,,,,,,,,,,,,,,,,
  ,,,,,,,,,,,,,,,,,,,,,,,,,,,,,,,,,,,,,,,,,,, [ 82645296463 ],,,,,,,,,,,,,,,,,,,,,,,,,,,,,,,,
  ,,,,,,,,,,,,,,,,,,,,,,,,,,,,,,,,,,,,,,,,,,,,,,,,,,,, [ 7418627269 ],,,,,, [ 1143305857 ],,,
  ,,,,,,,,,,,,,,,,,,,,,,,,,,, [ 2063271841 ],,,,,,,,,,,,,,,,,,,,,,,,,,,,,,,,,,,,,,,,,,,,,,,,,
  ,,,,,,,,,,,,,,,,, [ 43432043881 ],,,,,,,,,,,, [ 2256171013 ],,,,,,,,,,,,,,,,,,,,,,,,,,,,,, 
  [ 61591510639 ],,,,,,,,,,,,,,,,,,,,,,,,,,,,,,,,,,,,,,,,,,,,,,,,,,,,,,,,,,,, 
  [ 1603588437001 ],,,,,,,,,,,,,,,,,,,,,,,,,,,,,, [ 10418095936873 ],,,,,,,,,,,,,,,,,,,,,,,,,
  ,,,,,,,,,,,,,,,,,,,,,,,,,,,,,,,,, [ 200171516711, 1996630923211 ],,,,,,,,,,,,,,,,,,,,,,,,,,
  ,,,,,,,,,,,,,,,,,,,,,,,,,,,,,,,,,,,,,,,,,,,,,,,, [ 7891333655617 ],,,,,,,,,,,,,,,,,,,,,,,,,
  ,,,,,,,,,,,,,,,,,,,,,,,,,,,,,,,,,,, [ 30487413349 ],,,,,,,,,,,,,,,,,,,,,,,,,,,,,,,,,,,,,,,,
  ,,,,,,,,,,,,,,,, [ 9358005721 ],,,,,,,,,,,,,,,,,,,,,,,,,,,, [ 10166518657 ],,,,,,,,,,,, 
  [ 1053809353981 ],,,,,,,,,,,,,,,,,,,,,,,, [ 28633171789 ],,,,,, [ 1590068551 ],,,,,,,,,,,,,
  ,,,,,,,,,,,,,,,,,,,,,,,,,,,,,,,,,,,,,,,,,,,,,,, [ 2479255651 ],,,,,,,,,,,,,,,,,, 
  [ 5715669721 ],,,,,,,,,,,,,,,,,,,,,,,,,,,,,,,,,,,,,,,,,,,,,,,,,,,,,,,,,,,, [ 2934284833 ],,
  ,,,,,,,,,,,,,,,,,,,,,,,,,,,, [ 663621142927 ],,,,,,,,,,,, [ 71056543141 ],,,,,,,,,,,,,,,,,,
  ,,,,,,,,,,,,,,,,,, [ 3497250847 ],,,,,,,,,,,,,,,,,,,,,,,, [ 5056245751 ],,,,,,,,,,,,,,,,,,,
  ,,,,,,,,,,,,,,,,,,,,,,,,,,,,,,,,,,,,,,,,,,,,,,,,,,,,, [ 18010560943 ],,,,,,,,,,,,,,,,,,,,,,
  ,,,,,,,,,,,,,,,,,,,,,,,,,,,,,,,,,,,,,,,,,,,,,,,,,, [ 2252006109757 ],,,,,, [ 372587014081 ]
   ,,,,,,,,,,,,,,,,,,,,,,,,,,,,,,,,,,,,,,,,,,,,,,,, [ 2361758593 ],,,,,,,,,,,,,,,,,,,,,,,,,,,
  ,,,,,,,,,,,,,,,,,,,,,,,,,,,,,,,,,,,,,,,,,,,,, [ 15855463801 ],,,,,,,,,,,,,,,,,,,,,,,,,,,,,
  , [ 1016796691, 15632989711 ],,,,,,,,,,,,,,,,,,,,,,,,,,,,,,,,,,,,,,,,,,,,,,,,,,,,,,,,,,,,,,
  ,,,,,,,,,,,,,,,,,,,,,,,,,,,,,,,,,,,,,,,,,,,,,,,,,,,,,,,,,,,,,,,,,,,,,,,,,,,,,,,,,,,,,,,,,,,
  ,,,,,,,,,,,,,,,,,,,,,,,,,,,,,,,,,,,,,,,,,,,,,,,,,,,,,,,,, [ 1533678481 ],,,,,,,,,,,,,,,,,,,
  ,,,,,,,,,,,,,,,,,,,,,,,,,,,,,,,,,,,,,,,,,,,,,,,,,,,,,,,,,,,,,,,,,,,,,,,,,,,,,,,,,,, 
  [ 5768413249 ],,,,,,,,,,,,,,,,,,,,,,,,,,,,,,,,,,,,,,,,,,,,,,,,,,,,,,,,,,,,,,,,,,,,,,,,,,,,,
  ,,,,,,,,,,,,,,,,,,,,,,,,,,,,,,,,,,,,,,,,,,,,,,,,,,,,,,,,,,,,, [ 1130463601 ],,,,,,,,,,,,,,,
  ,,,,,,,,,,,,,,, [ 381550080151 ],,,,,,,,,,,,,,,,,,,,,,,,,,,,,,,,,,,,,,,,,,,,,,,,,,,,,,,,,,,
  ,,,,,,,,,,,,, [ 1179449587 ],,,,,,,,,,,,,,,,,,,,,,,,,,,,,,,,,,,,,,,,,,,,,,,,,,,,,,,,,,,,,,,
  ,,,,,,,,,,,,,,, [ 1312992781 ],,,,,,,,,,,,,,,,,,,,,,,,,,,,,,,,,,,,,,,,,,,,,,,,,,,,,,,,,,,,,
  ,,,,,,,,,,,,,,,,,,,,,,,,,,,,,,,,,,,,,,,,,,,,,,,,,,,,,,,,,,, [ 3430445401 ],,,,,,,,,,,,,,,,,
  ,,,,,,,,,,,,,,,,,,,,,,,,,,,,,,,,,,,,,,,,,,,,,,,,,,,,,,,,,,,,,,,,,,,,,,,,, [ 16420554001 ],,
  ,,,,,,,,,,,,,,,,,,,,,,,,,,,,,,,,,,,,,,,,,,,,,,,,,,,,,,,,,,,,,,,,,,,,,,,,,,,,,,,,,,,,,,,,,,,
  ,,,,,,,,,,,,,,,,,,,,,,,,,,,,,,,,,,,,,,,,,,,,,,,,,,,,,,,,,,,,,,,,,,,,,,,,,,,,,,,,,,,,,,,,,,,
  ,,,,,,,,,,,,,,,,,,,,,,,,,,,,,,,,,,,,,,,,,,,,,,,,,,,,,,,,,,,,,,,,,,,,,,,,,,,,,,,,,,,,,,,,,,,
  ,,,,,,,,,,,,,,,,,,,,,,,,,,,,,,,,,,,,,,,,,,,,,,,,,,,,,,,,,,,,,,,,,,,,,,,,,,,,,,,,,,,,, 
  [ 31605466141 ],,,,,,,,,,,,,,,,,,,,,,,,,,,,,, [ 11650604582041 ],,,,,,,,,,,,,,,,,,,,,,,,,,,
  ,,,,,,,,,,,,,,,,,,,,,,,,,,,,,,,,,,,,,,,,,,,,,,,,,,,,,,,,,,,,,,,,,,,,,,,,,,,,,,,,,,,,,,,,,,,
  ,,,,,,,,,,,,,,,,,,,,,,,,,,,,,,,,,,,,,,,,,,,,,,,,,,,,,,,,,,,,,,,,,,,,,,,,,,,,,,,,,,,,,,,,,,,
  ,,,,,,,,,,,,,,,,,,,,,,,,,,,,,,,,,,,,,,,,,,,,,,,,,,,,,,,,,,,,,,,,,,,,,,,,,,,,,,,,,,,,,,,,,,,
  ,,,,,,,,,,,,,,,,,,,,,,,,,,,,,,,,,,,,,,,,,,,,,,,,,,,,,,,,,,,,,,,,,,,,,,,,,,,,,,,,,,,,,,,,,,,
  ,,,,,,,,,,,,,,,,,,,,,,,,,,,,,,,,,,,,,,,,,,,,,,,,,,,,,,,,,,,,,,,,,,,,,,,,,,,,,,,,,,,,,,,,,,,
  ,,,,,,,,,,,,,,,,,,,,,,,,,,,,,,,,,,,,,,,,,,,,,,,,,,,,,,,,,,,,,,,,,,,,,,,,,,,,,,,,,,,,,,,,,,,
  ,,,,,,,,,,,,,,,,,,,,,,,,,,,,,,,,,,,,,,,,,,,,,,,,,,,,,,,,,,,,,,,,,,,,,,,,,,,,,,,,,,,,,,,,,,,
  ,,,,,,,,,,,,,,,,,,,,,,,,,,,,,,,,,,,,,,,,,,,,,,,,,,,,,,,,,,,,,,,,,,,,,,,,,,,,,,,,,,,,,,,,,,,
  ,,,,,,,,,,,,,,,,,,,,,,,,,,,,,,,,,,,,,,,,,,,,,,,,,,,,,,,,,,,,,,,,,,,,,,,,,,,,,,,,,,,,,,,,,,,
  ,,,,,,,,,,,,,,,,,,,,,,,,,,,,,,,,,,,,,,,,,,,,,,,,,,,,,,,,,,,,,,,,,,,,,,,,,,,,,,,,,,,,,,,,,,,
  ,,,,,,,,,,,,,,,,,,,,,,,,,,,,,,,,,,,,,,,,,,,,,,,,,,,,,,,,,,,,,,,,,,,,,,,,,,,,,,,,,,,,,,,,,,,
  ,,,,,,,,,,,,,,,,,,,,,,,,,,,,,,,,,,,,,,,,,,,,,,,,,,,,,,,,,,,,,,,,,,,,,,,,,,,,,,,,,,,,,,,,,,,
  ,,,,,,,,,,,,,,,,,,,,,,,,,,,,,,,,,,,,,,,,,,,,,,,,,,,,,,,,,,,,,,,,,,,,,,,,,,,,,,,,,,,,,,,,,,,
  ,,,,,,,,,,,,,,,,,,,,,,,,,,,,,,,,,,,,,,,,,,,,,,,,,,,,,,,,,,,,,,,,,,,,,,,,,,,,,,,,,,,,,,,,,,,
  ,,,,,,,,,,,,,,,,,,,,,,,,,,,,,,,,,,,,,,,,,,,,,,,,,,,,,,,,,,,,,,,,,,,,,,,,,,,,,,, 
  [ 12254531521 ],,,,,,,,,,,,,,,,,,,,,,,,,,,,,,,,,,,,,,,,,,,,,,,,,,,,,,,,,,,,,,,,,,,,,,,,,,,,
  ,,,,,,,,,,,,,,,,,,,,,,,,,,,,,,,,,,,,,,,,,,,,,,,,,,,,,,,,,,,,,,,,,,,,,,,,,,,,,,,,,,,,,,,,,,,
  ,,,,,,,,,,,,,,,,,,,,,,,,,,,,,,,,,,,,,,,,,,,,,,,,,,,,,,,,,,,,,,,,,,,,,,,,,,,,,,,,,,,,,,,,,,,
  ,,,,,,,,,,,,,,,,,,,,,,,,,,,,,,,,,,,,,,,,,,,,,,,,,,,,,,,,,,,,,,,,,,,,,,,,,,,,,,,,,,,,,,,,,,,
  ,,,,,,,,,,,,,,,,,,,,,,,,,,,,,,,,,,,,,,,,,,,,,,,,,,,,,,,,,,,,,,,,,,,,,,,,,,,,,,,,,,,,,,,,,,,
  ,,,,,,,,,,,,,,,,,,,,,,,,,,,,,,,,,,,,,,,,,,,,,,,,,,,,,,,,,,,,,,,,,,,,,,,,,,,,,,,,,,,,,,,,,,,
  ,,,,,,,,,,,,,,,,,,,,,,,,,,,,,,,,,,,,,,,,,,,,,,,,,,,,,,,,,,,,,,,,,,,,,,,,,,,,,,,,,,,,,,,,,,,
  ,,,,,,,,,,,,,,,,,,,,,,,,,,,,,,,,,,,,,,,,,,,,,,,,,,,,,,,,,,,,,,,,,,,,,,,,,,,,,,,,,,,,,,,,,,,
  ,,,,,,,,,,,,,,,,,,,,,,,,,,,,,,,,,,,,,,,,,,,,,,,,,,,,,,,,,,,,,,,,,,,,,,,,,,,,,,,,,,,,,,,,,,,
  ,,,,,,,,,,,,,,,,,,,,,,,,,,,,,,,,,,,,,,,,,,,,,,,,,,,,,,,,,,,,,,,,,,,,,,,,,,,,,,,,,,,,,,,,,,,
  ,,,,,,,,,,,,,,,,,,,,,,,,,,,,,,,,,,,,,,,,,,,,,,,,,,,,,,,,,,,,,,,,,,,,,,,,,,,,,,,,,,,,,,,,,,,
  ,,,,,,,,,,,,,,,,,,,,,,,,,,,,,,,,,,,,,,,,,,,,,,,,,,,,,,,,,,,,,,,,,,,,,,,,,,,,,,,,,,,,,,,,,,,
  ,,,,,,,,,,,,,,,,,,,,,,,,,,,,,,,,,,,,,,,,,,,,,,,,,,,,,,,,,,,,,,,,,,,,,,,,,,,,,,,,,,,,,,,,,,,
  ,,,,,,,,,,,,,,,,,,,,,,,,,,,,,,,,,,,,,,,,,,,,,,,,,,,,,,,,,,,,,,,,,,,,,,,,,,,,,,,,,,,,,,,,,,,
  ,,,,,,,,,,,,,,,,,,,,,,,,,,,,,,,,,,,,,,,,,,,,,,,,,,,,,,,,,,,,,,,,,,,,,,,,,,,,,,,,,,,,,,,,,,,
  ,,,,,,,,,,,,,,,,,,,,,,,,,,,,,,,,,,,,,,,,,,,,,,,,,,,,,,,,,,,,,,,,,,,,,,,,,,,,,,,,,,,,,,,,,,,
  ,,,,,,,,,,,,,,,,,,,,,,,,,,,,,,,,,,,,,,,,,,,,,,,,,,,,,,,,,,,,,,,,,,,,,,,,,,,,,,,,,,,,,,,,,,,
  ,,,,,,,,,,,,,,,,,,,,,,,,,,,,,,,,,,,,,,,,,,,,,,,,,,,,,,,,,,,,,,,,,,,,,,,,,,,,,,,,,,,,,,,,,,,
  ,,,,,,,,,,,,,,,,,,,,,,,,,,,,,,,,,,,,,,,,,,,,,,,,,,,,,,,,,,,,,,,,,,,,,,,,,,,,,,,,,,,,,,,,,,,
  ,,,,,,,,,,,,,,,,,,,,,,,,,,,,,,,,,,,,,,,,,,,,,,,,,,,,,,,,,,,,,,,,,,,,,,,,,,,,,,,,,,,,,,,,,,,
  ,,,,,,,,,,,,,,,,,,,,,,,,,,,,,,,,,,,,,,,,,,,,,,,,,,,,,,,,,,,,,,,,,,,,,,,,,,,,,,,,,,,,,,,,,,,
  ,,,,,,,,,,,,,,,,,,,,,,,,,,,,,,,,,,,,,,,,,,,,,,,,,,,,,,,,,,,,,,,,,,,,,,,,,,,,,,,,,,,,,,,,,,,
  ,,,,,,,,,,,,,,,,,,,,,,,,,,,,,,,,,,,,,,,,,,,,,,,,,,,,,,,,,,,,,,,,,,,,,,,,,,,,,,,,,,,,,,,,,,,
  ,,,,,,,,,,,,,,,,,,,,,,,,,,,,,,,,,,,,,,,,,,,,,,,,,,,,,,,,,,,,,,,,,,,,,,,,,,,,,,,,,,,,,,,,,,,
  ,,,,,,,,,,,,,,,,,,,,,,,,,,,,,,,,,,,,,,,,,,,,,,,,,,,,,,,,,,,,,,,,,,,,,,,,,,,,,,,,,,,,,,,,,,,
  ,,,,,,,,,,,,,,,,,,,,,,,,,,,,,,,,,,,,,,,,,,,,,,,,,,,,,,,,,,,,,,,,,,,,,,,,,,,,,,,,,,,,,,,,,,,
  ,,,,,,,,,,,,,,,,,,,,,,,,,,,,,,,,,,,,,,,,,,,,,,,,,,,,,,,,,,,,,,,,,,,,,,,,,,,,,,,,,,,,,,,,,,,
  ,,,,,,,,,,,,,,,,,,,,,,,,,,,,,,,,,,,,,,,,,,,,,,,,,,,,,,,,,,,,,,,,,,,,,,,,,,,,,,,,,,,,,,,,,,,
  ,,,,,,,,,,,,,,,,,,,,,,,,,,,,,,,,,,,,,,,,,,,,,,,,,,,,,,,,,,,,,,,,,,,,,,,,,,,,,,,,,,,,,,,,,,,
  ,,,,,,,,,,,,,,,,,,,,,,,,,,,,,,,,,,,,,,,,,,,,,,,,,,,,,,,,,,,,,,,,,,,,,,,,,,,,,,,,,,,,,,,,,,,
  ,,,,,,,,,,,,,,,,,,,,,,,,,,,,,,,,,,,,,,,,,,,,,,,,,,,,,,,,,,,,,,,,,,,,,,,,,,,,,,,,,,,,,,,,,,,
  ,,,,,,,,,,,,,,,,,,,,,,,,,,,,,,,,,,,,,,,,,,,,,,,,,,,,,,,,,,,,,,,,,,,,,,,,,,,,,,,,,,,,,,,,,,,
  ,,,,,,,,,,,,,,,,,,,,,,,,,,,,,,,,,,,,,,,,,,,,,,,,,,,,,,,,,,,,,,,,,,,,,,,,,,,,,,,,,,,,,,,,,,,
  ,,,,,,,,,,,,,,,,,,,,,,,,,,,,,,,,,,,,,,,,,,,,,,,,,,,,,,,,,,,,,,,,,,,,,,,,,,,,,,,,,,,,,,,,,,,
  ,,,,,,,,,,,,,,,,,,,,,,,,,,,,,,,,,,,,,,,,,,,,,,,,,,,,,,,,,,,,,,,,,,,,,,,,,,,,,,,,,,,,,,,,,,,
  ,,,,,,,,,,,,,,,,,,,,,,,,,,,,,,,,,,,,,,,,,,,,,,,,,,,,,,,,,,,,,,,,,,,,,,,,,,,,,,,,,,,,,,,,,,,
  ,,,,,,,,,,,,,,,,,,,,,,,,,,,,,,,,,,,,,,,,,,,,,,,,,,,,,,,,,,,,,,,,,,,,,,,,,,,,,,,,,,,,,,,,,,,
  ,,,,,,,,,,,,,,,,,,,,,,,,,,,,,,,,,,,,,,,,,,,,,,,,,,,,,,,,,,,,,,,,,,,,,,,,,,,,,,,,,,,,,,,,,,,
  ,,,,,,,,,,,,,,,,,,,,,,,,,,,,,,,,,,,,,,,,,,,,,,,,,,,,,,,,,,,,,,,,,,,,,,,,,,,,,,,,,,,,,,,,,,,
  ,,,,,,,,,,,,,,,,,,,,,,,,,,,,,,,,,,,,,,,,,,,,,,,,,,,,,,,,,,,,,,,,,,,,,,,,,,,,,,,,,,,,,,,,,,,
  ,,,,,,,,,,,,,,,,,,,,,,,,,,,,,,,,,,,,,,,,,,,,,,,,,,,,,,,,,,,,,,,,,,,,,,,,,,,,,,,,,,,,,,,,,,,
  ,,,,,,,,,,,,,,,,,,,,,,,,,,,,,,,,,,,,,,,,,,,,,,,,,,,,,,,,,,,,,,,,,,,,,,,,,,,,,,,,,,,,,,,,,,,
  ,,,,,,,,,,,,,,,,,,,,,,,,,,,,,,,,,,,,,,,,,,,,,,,,,,,,,,,,,,,,,,,,,,,,,,,,,,,,,,,,,,,,,,,,,,,
  ,,,,,,,,,,,,,,,,,,,,,,,,,,,,,,,,,,,,,,,,,,,,,,,,,,,,,,,,,,,,,,,,,,,,,,,,,,,,,,,,,,,,,,,,,,,
  ,,,,,,,,,,,,,,,,,,,,,,,,,,,,,,,,,,,,,,,,,,,,,,,,,,,,,,,,,,,,,,,,,,,,,,,,,,,,,,,,,,,,,,,,,,,
  ,,,,,,,,,,,,,,,,,,,,,,,,,,,,,,,,,,,,,,,,,,,,,,,,,,,,,,,,,,,,,,,,,,,,,,,,,,,,,,,,,,,,,,,,,,,
  ,,,,,,,,,,,,,,,,,,,,,,,,,,,,,,,,,,,,,,,,,,,,,,,,,,,,,,,,,,,,,,,,,,,,,,,,,,,,,,,,,,,,,,,,,,,
  ,,,,,,,,,,,,,,,,,,,,,,,,,,,,,,,,,,,,,,,,,,,,,,,,,,,,,,,,,,,,,,,,,,,,,,,,,,,,,,,,,,,,,,,,,,,
  ,,,,,,,,,,,,,,,,,,,,,,,,,,,,,,,,,,,,,,,,,,,,,,,,,,,,,,,,,,,,,,,,,,,,,,,,,,,,,,,,,,,,,,,,,,,
  ,,,,,,,,,,,,,,,,,,,,,,,,,,,,,,,,,,,,,,,,,,,,,,,,,,,,,,,,,,,,,,,,,,,,,,,,,,,,,,,,,,,,,,,,,,,
  ,,,,,,,,,,,,,,,,,,,,,,,,,,,,,,,,,,,,,,,,,,,,,,,,,,,,,,,,,,,,,,,,,,,,,,,,,,,,,,,,,,,,,,,,,,,
  ,,,,,,,,,,,,,,,,,,,,,,,,,,,,,,,,,,,,,,,,,,,,,,,,,,,,,,,,,,,,,,,,,,,,,,,,,,,,,,,,,,,,,,,,,,,
  ,,,,,,,,,,,,,,,,,,,,,,,,,,,,,,,,,,,,,,,,,,,,,,,,,,,,,,,,,,,,,,,,,,,,,,,,,,,,,,,,,,,,,,,,,,,
  ,,,,,,,,,,,,,,,,,,,,,,,,,,,,,,,,,,,,,,,,,,,,,,,,,,,,,,,,,,,,,,,,,,,,,,,,,,,,,,,,,,,,,,,,,,,
  ,,,,,,,,,,,,,,,,,,,,,,,,,,,,,,,,,,,,,,,,,,,,,,,,,,,,,,,,,,,,,,,,,,,,,,,,,,,,,,,,,,,,,,,,,,,
  ,,,,,,,,,,,,,,,,,,,,,,,,,,,,,,,,,,,,,,,,,,,,,,,,,,,,,,,,,,,,,,,,,,,,,,,,,,,,,,,,,,,,,,,,,,,
  ,,,,,,,,,,,,,,,,,,,,,,,,,,,,,,,,,,,,,,,,,,,,,,,,,,,,,,,,,,,,,,,,,,,,,,,,,,,,,,,,,,,,,,,,,,,
  ,,,,,,,,,,,,,,,,,,,,,,,,,,,,,,,,,,,,,,,,,,,,,,,,,,,,,,,,,,,,,,,,,,,,,,,,,,,,,,,,,,,,,,,,,,,
  ,,,,,,,,,,,,,,,,,,,,,,,,,,,,,,,,,,,,,,,,,,,,,,,,,,,,,,,,,,,,,,,,,,,,,,,,,,,,,,,,,,,,,,,,,,,
  ,,,,,,,,,,,,,,,,,,,,,,,,,,,,,,,,,,,,,,,,,,,,,,,,,,,,,,,,,,,,,,,,,,,,,,,,,,,,,,,,,,,,,,,,,,,
  ,,,,,,,,,,,,,,,,,,,,,,,,,,,,,,,,,,,,,,,,,,,,,,,,,,,,,,,,,,,,,,,,,,,,,,,,,,,,,,,,,,,,,,,,,,,
  ,,,,,,,,,,,,,,,,,,,,,,,,,,,,,,,,,,,,,,,,,,,,,,,,,,,,,,,,,,,,,,,,,,,,,,,,,,,,,,,,,,,,,,,,,,,
  ,,,,,,,,,,,,,,,,,,,,,,,,,,,,,,,,,,,,,,,,,,,,,,,,,,,,,,,,,,,,,,,,,,,,,,,,,,,,,,,,,,,,,,,,,,,
  ,,,,,,,,,,,,,,,,,,,,,,,,,,,,,,,,,,,,,,,,,,,,,,,,,,,,,,,,,,,,,,,,,,,,,,,,,,,,,,,,,,,,,,,,,,,
  ,,,,,,,,,,,,,,,,,,,,,,,,,,,,,,,,,,,,,,,,,,,,,,,,,,,,,,,,,,,,,,,,,,,,,,,,,,,,,,,,,,,,,,,,,,,
  ,,,,,,,,,,,,,,,,,,,,,,,,,,,,,,,,,,,,,,,,,,,,,,,,,,,,,,,,,,,,,,,,,,,,,,,,,,,,,,,,,,,,,,,,,,,
  ,,,,,,,,,,,,,,,,,,,,,,,,,,,,,,,,,,,,,,,,,,,,,,,,,,,,,,,,,,,,,,,,,,,,,,,,,,,,,,,,,,,,,,,,,,,
  ,,,,,,,,,,,,,,,,,,,,,,,,,,,,,,,,,,,,,,,,,,,,,,,,,,,,,,,,,,,,,,,,,,,,,,,,,,,,,,,,,,,,,,,,,,,
  ,,,,,,,,,,,,,,,,,,,,,,,,,,,,,,,,,,,,,,,,,,,,,,,,,,,,,,,,,,,,,,,,,,,,,,,,,,,,,,,,,,,,,,,,,,,
  ,,,,,,,,,,,,,,,,,,,,,,,,,,,,,,,,,,,,,,,,,,,,,,,,,,,,,,,,,,,,,,,,,,,,,,,,,,,,,,,,,,,,,,,,,,,
  ,,,,,,,,,,,,,,,,,,,,,,,,,,,,,,,,,,,,,,,,,,,,,,,,,,,,,,,,,,,,,,,,,,,,,,,,,,,,,,,,,,,,,,,,,,,
  ,,,,,,,,,,,,,,,,,,,,,,,,,,,,,,,,,,,,,,,,,,,,,,,,,,,,,,,,,,,,,,,,,,,,,,,,,,,,,,,,,,,,,,,,,,,
  ,,,,,,,,,,,,,,,,,,,,,,,,,,,,,,,,,,,,,,,,,,,,,,,,,,,,,,,,,,,,,,,,,,,,,,,,,,,,,,,,,,,,,,,,,,,
  ,,,,,,,,,,,,,,,,,,,,,,,,,,,,,,,,,,,,,,,,,,,,,,,,,,,,,,,,,,,,,,,,,,,,,,,,,,,,,,,,,,,,,,,,,,,
  ,,,,,,,,,,,,,,,,,,,,,,,,,,,,,,,,,,,,,,,,,,,,,,,,,,,,,,,,,,,,,,,,,,,,,,,,,,,,,,,,,,,,,,,,,,,
  ,,,,,,,,,,,,,,,,,,,,,,,,,,,,,,,,,,,,,,,,,,,,,,,,,,,,,,,,,,,,,,,,,,,,,,,,,,,,,,,,,,,,,,,,,,,
  ,,,,,,,,,,,,,,,,,,,,,,,,,,,,,,,,,,,,,,,,,,,,,,,,,,,,,,,,,,,,,,,,,,,,,,,,,,,,,,,,,,,,,,,,,,,
  ,,,,,,,,,,,,,,,,,,,,,,,,,,,,,,,,,,,,,,,,,,,,,,,,,,,,,,,,,,,,,,,,,,,,,,,,,,,,,,,,,,,,,,,,,,,
  ,,,,,,,,,,,,,,,,,,,,,,,,,,,,,,,,,,,,,,,,,,,,,,,,,,,,,,,,,,,,, [ 26094600193 ] ]);
