BRENTFACTORS[5467]:=MakeImmutable([ ,,,,,,,,,, [ 16228217343157843 ],,,,,, 
  [ 1713836029, 55055678227229 ],, [ 178485004511826412514758957 ], [ 832498232201 ], 
  [ 128454068823460381 ],, [ 517677009719471738750955085739809 ],,,,,, 
  [ 3224249329963, 9853851455033, 5007135515121958973, 1186011218567551770408436127879 ],, 
  [ 55813737341, 80396925720121721 ],, [ 11647856407526076120067923019 ], [ 102264950237 ], 
  [ 296835690131, 87064078463041 ], [ 2483803695853 ], 
  [ 931894479614285959181653, 112438558988938617224119391389 ],, 
  [ 12546652250941847296507511647789 ], [ 3341931894167281 ], 
  [ 25838145556183, 244817054051181351252435182614921040557801 ], [ 365842847552664511 ], 
  [ 9593056741691 ], [ 265286016898937 ], 
  [ 13112844841, 21358224271, 142154853407791660886581 ],, [ 767230740780937 ], 
  [ 13132015479361, 2142053085659663329 ],, [ 50459194340651, 237787717785353471033452501 ], 
  [ 68470567141, 101175367333, 7254561345391 ], 
  [ 178040260529, 477050085795193, 39970210298990869, 34958168235893755789 ], 
  [ 7351896728119 ], [ 1056962846593, 110564468680382836386488407 ], 
  [ 250435696744201, 109002804944490408166601 ], 
  [ 242913875932871336751769, 3455969985293215518948121 ], 
  [ 132657216487546987488167077, 35857650424466044130113979381395318052291873113 ], 
  [ 1164529363957, 1208955357331 ], [ 4731095604611071219 ], [ 1059813683996084306436421 ], 
  [ 41364454512755290073 ],, [ 7821767601523, 112827367650061 ], 
  [ 2643252495889337910552192054373844714582081 ], 
  [ 36928014241, 1343580103100495026001, 140843097625723176853812042401, 
      254524239624911607373441165165759861, 63783599082547602781688001089581235311 ],, 
  [ 15219390763, 34401339209 ], [ 222858536221 ], [ 3766484842649421229 ], 
  [ 13645814981, 302431461221, 6894673759976402145323621 ], [ 12560990551101355385177 ], 
  [ 377186579842315221284041, 575968980620625937472377 ], [ 1590962293 ], 
  [ 38821441070112894659 ],, 
  [ 4841688952253053, 5391479157045553829, 150006111803184981731161 ], 
  [ 1503460883, 642775220875789, 1491951331053116506343 ], 
  [ 326747808817, 203086856863324513 ], [ 423422711006446871851 ], 
  [ 11961213475584849677517032978326721 ], [ 14899579993 ], 
  [ 7607579947139, 56769259170263354369, 7969051209513902499766788601710636899024261 ], 
  [ 4570887242023073 ],, [ 3438505483701066811 ], 
  [ 473733994607, 15253861752269689, 76779579609833363, 21838454496089095639, 
      82451549181073738855751 ],, [ 529372112369, 108393084841801 ], 
  [ 40676655444472826362777 ],, [ 1645829459, 113469616416157 ],, 
  [ 1749748873, 3422406863136067, 346595685809647380648961, 1369805676550591938496609 ],, 
  [ 91712120491 ], 
  [ 215764159182721, 5313848538419055565407361, 14165032313800319636692538959053217 ],, 
  [ 8995190084063, 681341536274344762909 ],, 
  [ 172673183801, 51238668647660801, 187285767603040501 ],, 
  [ 19633887129084049, 11183721670277135869, 15562963682399635392876488367517 ],, 
  [ 37490155085108457420833 ],, 
  [ 125630086471, 1260411787759, 27856720446363033493, 112493156719652895271042345990597, 
      8561788905827484140150010289216094431281722109459175027 ], 
  [ 5506742788091, 2851947038186821 ], 
  [ 24858939498189653917, 740472856399513862548699127893279221022184119103949169 ], 
  [ 5367833081297834582717 ], [ 2108712436249352312611 ],, [ 2297095921, 14851132712481521 ],
  [ 16530077594267982859 ],,,, [ 2594701925251450513416451 ], [ 3454635886427328556427 ],,, 
  [ 1536609213287683379800693 ], [ 150095268183118327, 258748003370650514712769 ], 
  [ 3215831557, 46127534580929953 ], [ 16530286248192165277 ], 
  [ 24210434020810501, 504439406958196279693001 ], 
  [ 190734245511216840721, 647239021656659756843023 ],, 
  [ 26711863169, 300856127889269228929 ],, [ 6268768481, 2107033677841 ], [ 1150964429 ], 
  [ 57396469930736022597853 ], [ 30970211357 ], 
  [ 8714871580986437159, 1051714865522958303847, 456093539939888352581158753 ],, 
  [ 1187725660321291313 ], [ 3784514401271 ], [ 34631370601062051121 ], [ 58505014933 ], 
  [ 1866904943706662778204737051021 ], [ 8213242669 ], [ 361157634751 ], 
  [ 59565729428810749 ], 
  [ 65909906353, 1628991059428296159533695873, 162809037139966221384953374177, 
      10521901548260395288255620335377 ],, [ 1604843243 ],,,, [ 2027847732014101 ],,, 
  [ 1526076163, 58603492651609, 3373655114624149 ], [ 24671456929536226657 ],, 
  [ 6933246810361 ], [ 29229082501 ], [ 430097529397 ], 
  [ 1052215128073, 138977626109893, 320034334185217 ],, [ 5519845504080209 ], 
  [ 78640285483, 30830445909873929403266574169, 228828997070284764279384802429363 ], 
  [ 172706644133 ], [ 181389787764509 ], [ 5156674051, 54293507731, 268309289821 ], 
  [ 1657460104219 ],, [ 6631984725073, 18570793450145214325378784377 ],, 
  [ 71493056384162098901 ],,,,, 
  [ 18874087313201, 16514474434545766351, 9289004826622408884851 ], 
  [ 1385664407316711840767681 ], [ 23308084516579, 1635636713270671 ],, 
  [ 582749570050563907, 4852909388754259067 ],,, [ 35818739503, 69372197583218257729 ], 
  [ 2702447982397951, 11096964318132426960700549 ], 
  [ 2982726113, 7116553097, 583907158481, 467665495300929521 ], 
  [ 2689487821, 25643540051, 203397875561 ],, [ 2108129167, 96354269639 ], [ 8971597729573 ],
  [ 548244327061496875308976513 ], [ 51992450821, 35615094208831, 105628553425111 ],, 
  [ 64640164609, 160186638294302017 ],,, [ 55400780254951 ], 
  [ 25153485625798181, 195617190554032213 ], [ 264831859338367, 23821369090078917559 ], 
  [ 14328759061, 1748409886510367320150179589 ],, [ 7204795152001, 106106412531975992871401 ]
   ,, [ 1150585263287620549787 ], [ 9847979684383, 166009137823369 ],,, [ 43370537747 ], 
  [ 123642258787 ],,, [ 31689791454156050093482935871 ], 
  [ 1072673783, 4255310429, 25340316399173 ],, [ 2109495343 ], [ 462332266568185743259 ],, 
  [ 165223921585286737 ], [ 24761223632083 ], 
  [ 25745632141, 2728738373403083, 78352500085984150981 ], [ 56076527943619 ], 
  [ 253512277141418681 ], [ 1805757394741 ],, [ 100836708848589083 ],, 
  [ 1556489846304159318092251 ], [ 4045902173 ], [ 60930569563, 103415404691 ], 
  [ 692913970864321 ],, [ 140718706577171, 23823887386010531 ],, 
  [ 68376547543193, 131904863389796005133441 ], [ 2100810949 ], [ 43419687013 ],,, 
  [ 7350862153 ],, 
  [ 3264764857, 6172332263, 5268232871519, 32898363977767642639, 49270394170568066149 ],,,, 
  [ 4383602439814891, 159788505677236417 ], [ 1581565057 ],, [ 75336517548449461 ], 
  [ 161170731283268039243 ], [ 8172304476737, 7553244688887088337 ],, 
  [ 3619997501, 19613043187501 ],,, [ 329881401169, 344477254784543 ], 
  [ 634205674183, 60233240027057, 6429400190544249749896111 ],, 
  [ 4980086273, 25675432961, 87514565377 ], [ 466048647342182911 ], 
  [ 470725624853630486617 ], [ 6336627697, 1007273973301 ],,, 
  [ 12236783623, 17010019039097639 ], [ 6889242988907 ], [ 57710150033544889 ], 
  [ 54401353387351 ],, [ 3042792765997 ],,,,,, [ 6156927288877 ],,, 
  [ 1065947881, 19215091297 ],, 
  [ 2743653167742017, 182253747106850590699967, 4525573200113885366020037 ],, 
  [ 106530693395982596787481 ],, [ 6725253877, 198809117297935860007 ],,, 
  [ 1339775879793980911 ], [ 3868766903 ], [ 77336895833, 42942260037656729 ],,,, 
  [ 610180786571925563089 ],,, [ 520264992199 ],, [ 17972177423521 ],, 
  [ 18844834303, 22117254767167501 ],, [ 1241973806342485035934801 ],,, 
  [ 203642008142563, 6041036111266990155313 ], [ 9854011649, 403032194876698718369 ],, 
  [ 2779331012011, 180170627014686331 ],, [ 2426944886808505483615889 ], 
  [ 32829645926617, 963269246094865289401 ], 
  [ 1859271701250812701, 2000994705103100401, 129567202040577437143831, 
      752257861731659122472071 ],,,, [ 36806667719 ], [ 1729527031, 397012967859383687701 ],
  , [ 313656207287 ], [ 10119178171, 57234976873, 1970496320710699, 64741051978834797322447 ]
    , [ 935565357079, 4453529664761 ], [ 4200067387794588161 ], 
  [ 13233060007, 5445235878722953 ],, [ 716419134085001 ], 
  [ 5990266549, 67686441833161, 1542947151264420126061, 34110129542308004086381 ], 
  [ 28153099651, 683714009551, 1545898372201 ],, [ 6013417513 ],, [ 5429957546987 ], 
  [ 16390654656437020411, 1276651884932399098531 ], [ 1121563130089 ], [ 7431615157 ],, 
  [ 317531203151, 11739156529179377 ],, [ 41399687281, 126715665889 ], [ 456608174801 ], 
  [ 196928698331 ],,,,,, [ 7701052321 ], 
  [ 81440777682961, 492108021500452516591, 4480739974147611172261 ], [ 62595471383 ],, 
  [ 228773145836737 ],, [ 311026164401, 31066581513438560002817401 ], [ 24275313037 ],,,,, 
  [ 3091202046734521 ],, [ 1053774433, 55187294925443 ],, [ 2805045895441 ],, 
  [ 2856387630893, 65889351739723842735121 ],,, [ 6872556248951 ], [ 4878213433 ],,, 
  [ 19618735177 ],,,, [ 2451320378501 ], [ 5421351469200119443 ], 
  [ 532565268839251, 1045288118773290751 ], [ 2444060442001 ],,,, 
  [ 419381460624101, 27873033289162801 ], [ 3961553755567 ],,,,, [ 40672727747 ],, 
  [ 66297798233 ], [ 1806789079, 19108080671 ],, [ 1740714797, 4251913079 ], 
  [ 12391522193, 56922607337 ], [ 1338579537187, 2077654673803 ], [ 51856224090520979 ],, 
  [ 1651454641, 8666667625969 ],, [ 21827587700447 ],, [ 63858943601 ],,, 
  [ 259059770243, 5558727275791 ],,, [ 6787082836801 ],, 
  [ 6337132571090329, 4241941913635527840601, 4386740576302277397481 ],,,, 
  [ 468561975625673 ],, [ 14145512961871 ],,, [ 13407867721 ],, [ 1722654732391 ],, 
  [ 35755547625587 ], [ 308501712887, 864859480684753, 6584707594210792481 ],, 
  [ 54555415825201 ],, [ 453951882035570047 ],, [ 380987517857, 5793678531097 ],, 
  [ 223766041140979751 ],,, [ 1201332521 ],,,,,,,,,,, 
  [ 338025067784450113, 11182011166425118753 ], [ 485555068771 ], [ 2329707135781523 ],, 
  [ 6968875649, 10037820885121, 4460244564506895809 ], [ 27413897051, 5926287178243 ], 
  [ 33157162754233201 ],, [ 36472900594464577069 ], [ 1125299113, 35315690647 ],,, 
  [ 2149120249, 13184639730721 ], [ 77400996857 ], [ 13568946604372669 ],, 
  [ 102353440701778501 ], [ 1454437483 ],, [ 682968355858933 ],,,, [ 3537245958495307 ],,, 
  [ 11683966073951, 21645176111248621 ], [ 163548580843 ], [ 2576155125854281 ],,,, 
  [ 45009968158649369 ],,,,, [ 488185347313 ],, [ 9768537442567 ], 
  [ 120388437929, 206006736467115270149, 966166524406917618049 ],, 
  [ 3683072269, 118474186843 ],, [ 620821560553 ], [ 16429847431 ],, [ 119092310231 ],,, 
  [ 6133105343, 27791462347819 ],, [ 383833449457 ], [ 1131124289, 5409512011 ],,,, 
  [ 3527266761619, 149988305294881, 452163633137260861 ],,,, [ 7248405391 ],,, 
  [ 172077664642006789, 285378831687752893 ],,,, [ 7018418689 ],,,, 
  [ 44570371009, 7524494667574849, 365632546325935741 ],, 
  [ 245477350483, 6398041569612568471 ],,,,,,,, [ 31709226543479 ],, [ 7414911626337085201 ],
  ,, [ 13946059747 ], [ 3497168501, 628344050316613, 6108052820887333 ],,,, [ 1988160262993 ]
   ,, [ 155933685018817 ],, [ 54399113566758001, 20789063448218648354701 ],, [ 891658541863 ]
   ,, [ 1777342191583393, 4483199873617249 ], [ 551808586676551 ], 
  [ 8306000431, 95479616126623, 28881913025300170837 ], [ 690302620213 ],,, 
  [ 11167127024351 ],, [ 696257441052945241 ],,,, [ 114183641649761 ],, [ 880657047289 ],, 
  [ 6410568370081121 ], [ 1303664143, 452695200277 ],,, [ 149270576089 ], [ 2223975601 ],,,,
  , [ 3837766206410371 ],, [ 7162139557, 2978431052741, 31156570665474271733 ],, 
  [ 190160212607 ],, [ 59124940993, 62267964831937, 428708057424769 ],,,,,, 
  [ 8053927012023349 ],,,,, [ 2249639933 ], [ 9712695721 ],, 
  [ 365154109258111, 49947964513357871 ], [ 5447192629 ], [ 48855936049, 86330029195841 ],, 
  [ 287980486387620643 ],, [ 55075882009, 56986082869 ],,, [ 64621864289 ], [ 1046922462601 ]
   ,,,,, [ 49249478081 ], [ 30703195267957 ],,,,,,,,, [ 115879726801 ],,,,,,,,, 
  [ 61606191016927800673 ],,,,,, [ 3274280101 ],,,,,,,, [ 87152464400057123 ],,,, 
  [ 7050734806099, 13078185347389, 246126055083151 ],,, [ 3323497951 ],,, 
  [ 1714222132514219737 ],,, [ 349291871851651 ], [ 615414300573641 ],, [ 47887206967 ],,, 
  [ 5173032727 ], [ 9787640047811123 ],, [ 4860515753402932261 ],,,,,, [ 1283751631 ],,,, 
  [ 37810621648181, 118031792648409061 ],,,,,,,, [ 95250049723 ],,, [ 64228329769 ],,,, 
  [ 213768358261 ], [ 953028001843 ],,, [ 78310969699 ],,,,,,,,,,,, [ 127605573229 ],,,,,,, 
  [ 655140717877 ],,,,, [ 2915479817 ], [ 13851996050859121 ],,,, [ 4670160658259 ],, 
  [ 51085361521 ],, [ 42066150253 ],, [ 51196913557 ],,,,,,,,,,, [ 377418597876181 ],, 
  [ 2718399443, 2430073527113 ],,,,,,,,, [ 7211670966469 ],,,,,, 
  [ 30260499553, 30605394577, 775541270513 ],,,, [ 334032446161 ],, [ 2262969007084650649 ],
  , [ 15819401312521 ],, [ 37153981395217 ], [ 2005359329 ],,,,, [ 577115955447553 ],,,,,,,, 
  [ 1531099993 ],, [ 6525873030247 ],, [ 463105625139295321 ],,,, 
  [ 12723198881, 754652545249 ], [ 3713147341 ],,, [ 20697272343521, 74251607048089 ],,,,,,,
  , [ 1971848017, 929545282181 ], [ 1173737119 ], [ 6389937919, 191298650761, 3579106692589 ]
   ,, [ 85388353601 ],, [ 20286502583 ],,,, [ 2373309565667 ], [ 66865306867 ],, 
  [ 4410477077 ], [ 27700297381 ], [ 2775416350403 ], [ 812581010899169 ],,,, 
  [ 359507548417, 5628524546401, 27074143792561 ], [ 53887993193 ], [ 940210064702893 ],, 
  [ 56361117401 ],, [ 398521447339 ], [ 3268692641 ], [ 2006760613457 ], 
  [ 33771318901, 306271582651 ],, [ 72103056869 ], [ 25283712781 ],, [ 826282721668548701 ], 
  [ 1642476487 ], [ 1347356609 ],,, [ 9347270561 ], [ 1125552781, 3201178597 ],, 
  [ 1013533141529 ],, [ 4052123277047334721 ],,, [ 2356334893831 ],,,,,,, [ 29689186754251 ],
  , [ 11165192462629, 140336326156408321 ], [ 1472167111 ], [ 3729215603 ], [ 13413229741 ],,
  , [ 5306327599, 3830886460831 ],, [ 1167575403481, 12864439655321, 677729817619901 ],, 
  [ 185112130363 ], [ 1115180683 ],,, [ 203331133078727 ],, [ 58472681989, 121199245357 ],, 
  [ 543473574901 ],, [ 15785362561 ],, [ 18190401877957 ],,, [ 1556482061 ],,, 
  [ 11284097727761 ],,, [ 2473125827 ],,, [ 171667025689 ],,,, [ 568405603981 ],, 
  [ 389377743529 ], [ 1823857843 ],,,,, [ 8725152091 ],,,,,, [ 7034044302937 ], 
  [ 1347293411 ], [ 9931709713 ],,,,,,, [ 16836472313 ],,,, [ 49872730447 ],, 
  [ 1418945833301 ],,,,,,, [ 47589439259 ],, [ 1184092962433 ],,, [ 8522999633 ],,, 
  [ 224782138458223 ],,,,,, [ 3494565808001 ],,,,,, [ 3370296754284241 ],, 
  [ 139925270041153 ], [ 5323227599 ], [ 673813435951 ],,,, [ 4200881170429 ],,,,,, 
  [ 330268085761 ],,, [ 26536266217 ],,, [ 8629269307 ],, [ 2100982049 ],, [ 48589254551 ],,,
  ,,,,,,,,,,, [ 1520853673, 6745428893377 ],,,,,, [ 2498010505257961 ],, 
  [ 49112932961, 626291992129 ],, [ 70775822915029 ],, [ 3303799964053 ], [ 41169677327 ], 
  [ 10630179037, 16077426709, 20606285839 ],, [ 191595968821001 ],, [ 78098185603 ], 
  [ 1766866747 ],, [ 5564194561, 11280188341, 13374600301 ],,, [ 3347654689, 397669059649 ],,
  ,,,, [ 446051668297, 38080689615151 ],,,,,, [ 5095461001 ],, [ 1993464839983 ], 
  [ 1527196680241 ],,,, [ 66104266099 ],, [ 1887512962693 ],,,,,,,,, [ 15437859487 ], 
  [ 240771436903 ],,,,,,,, [ 124576026037 ],, [ 439384379173 ],,, [ 1203154517 ],,,,,,,,,, 
  [ 9006055384681 ],,,,,, [ 1042337461624021 ], [ 174587245597 ],,, [ 6237145777 ],,,,,, 
  [ 1426643527 ],,,,,,,, [ 4896032263 ],,,,,, [ 25170970791877 ],,,,, [ 10654594949 ],,,, 
  [ 22058900533 ],,,,, [ 125889670271 ],,,,,,,,,,,, [ 99481362839 ],,, [ 41753851129 ], 
  [ 1321405207, 860774905416493 ], [ 56537750295727 ], [ 4163897341 ],,,,,,,, 
  [ 12369934529 ],, [ 139374332371 ],,,,,, [ 97193817901 ],,, [ 141801025771 ],,,,,,,,,,, 
  [ 12765501140677 ],,,,,, [ 23297071121 ], [ 1072132417 ], [ 17951224397 ], [ 3505540187 ],,
  ,,, [ 1038245713 ],,,,,,,, [ 238150711015057 ],,,, [ 5343071861 ],, [ 25813336309 ],,,,,,,
  , [ 166350296351 ],,,,,,,,,, [ 1390165911601 ],,,,,,,, [ 1507667353, 1928486233 ],,,, 
  [ 91320413713 ],,,, [ 166984230529 ], [ 1265424431 ],,, [ 80129240101 ],,,,, 
  [ 13422048151 ],,,,, [ 2608366957921981 ],,,, [ 2148285409 ],,, [ 3969938755793 ],,, 
  [ 114272185121 ],,,,,,,, [ 4221200257, 6242482273 ],,,,,, [ 2423150599 ],,, [ 1018697941 ],
  ,, [ 1322385121 ],, [ 6636186617 ], [ 383688189613 ],,,,,,,,,,,,,,,,, [ 64139476481 ], 
  [ 1439654413 ],,,,, [ 3157163437 ],,,,, [ 2848457237 ],,, [ 8049253243 ],,,,, 
  [ 269993201041 ],,,,, [ 1176806537 ],,,,,,,,,,, [ 1023843221 ],,,,, 
  [ 5138948716441, 19027091633567161 ], [ 3363894797 ], [ 6358660039 ],,,,,,,, 
  [ 3400810207481 ], [ 6542285597 ],,,,,,,,,,,,,,,,,,,,,,,,, [ 31485521317, 121438539421 ],,,
  ,, [ 1567055401, 18766924271 ],,,,,,,,,,,,,,,,,,,,,,,,,,,,,,,,,,,,,,,,, [ 5491988707 ],,,, 
  [ 27254062879 ],,,,, [ 1737147007 ],,,,,, [ 23645215439 ],,, [ 418829610601 ],,,,,,,,,,,, 
  [ 1183028321473 ],,,,,,,,,,,,,,,,,,,,,, [ 3583381547 ],,,,,, [ 2344469461 ],,,,,,, 
  [ 5390696881 ],,,,,, [ 280799189023 ],,,, [ 1140563033 ],,,,,,, [ 34755996773 ],,,,,,,, 
  [ 20918299537 ],,,, [ 14182859417 ],,,,, [ 1045056241 ],, [ 2651090599 ],,, [ 9834869749 ],
  , [ 5997824197 ],,,,,,,,,,,,,,,,,,,,,,,,,,,,,,,,,,,, [ 11179126649 ],,,,,, [ 16700450201 ],
  [ 3916175737 ],,,, [ 3227327861 ],, [ 20660985181 ],,,,,,,,, [ 79621567759 ],,,,,,,,,,,,,, 
  [ 50100016181 ],,,, [ 3578729617 ],,,,,,, [ 1002021347 ], [ 5084443633 ], [ 1573058827 ],,
  , [ 14970572569 ],,,,,,,,,,,,,,,, [ 63994368881 ],,,,, [ 5295869041 ],,,,,,,,,,,, 
  [ 154052379721 ],,,, [ 3508271881 ],, [ 1194336454621 ],, [ 1735069397 ], [ 296239893769 ],
  ,,,,,,,, [ 3280066381 ],, [ 56069568437 ], [ 531515894251 ],, [ 430040004997 ],,,,,,,,,,,,,
  ,,,,,, [ 8104620703 ],,,,,,,,,,,,,,, [ 1380135997 ],, [ 46354264217 ],,,,,,,,,,,, 
  [ 2715913201 ],,,,,,,,, [ 2983380793, 4868397539, 23954177993 ],,,, [ 62606700019 ],,,, 
  [ 8048650409 ],,,,, [ 21942547117 ],,,,,,, [ 4143123167 ],,,,,, [ 5333084641 ],,,, 
  [ 10580326417 ],,,,,, [ 26497825001 ],, [ 16055338799 ],, [ 1023833119, 6302797843 ],,,, 
  [ 13444240829 ],,, [ 1079477127181 ], [ 22065453173 ],,, [ 9040351019041 ],,,,,,,,,,,, 
  [ 52934346070513 ],,,,, [ 7260711827 ],,, [ 11243873741 ],,,,,, [ 6262694729, 77923440757 ]
   ,, [ 1007209009 ],,,,,,,,,,,,,,,,, [ 4192547454461 ],,,,,,,, [ 1407369442151 ],,, 
  [ 1520909081 ],,,,,,,,,, [ 4197389681 ],,,,,,,,,,,,,,,,,,,,,, [ 1646144809 ],,,,,,, 
  [ 8912469931 ],,,,,,, [ 1551275027 ],,, [ 4678050371 ],,,,,,,,,,,,,,,,, [ 6760023553 ],,, 
  [ 1064086271 ],,, [ 4648225793 ],,,,,, [ 2004069811 ],,,,,,,,,,,,,,,, [ 2627266121 ],,,,,,,
  , [ 1243491187 ],,,,,,,,,, [ 769507235281 ],,,,,,,,,, [ 6217609819 ],,,,,, 
  [ 3650264126497 ],,,,,,,, [ 29999134369 ],,,,,,,,,,,,,,,,,, [ 7168463581 ],,,,,,, 
  [ 1738304929 ],,,,,, [ 1653988573 ], [ 754060612033 ], [ 73569201451 ],,,,,,,,,,,,,,,, 
  [ 3124717579 ],,,,,,,,,,, [ 2256822173 ],, [ 2167948147 ], [ 112262130241 ],,,,,,,, 
  [ 7830171203 ], [ 5866430417 ], [ 1948386151, 77972280751 ], [ 73472610413 ],,,,, 
  [ 6250356725323 ],,,,,,,,,,,,,,,,,,,, [ 301677766937 ],,,,,,,,,,,,,,,,,,,,,, 
  [ 53333571853 ],,, [ 14934538477 ],,,,,,,,,,,,,,,,,,,,,,,,,,, [ 5337392971 ], 
  [ 481454806321 ], [ 3893479571 ], [ 78037166611 ],,,,,,,,,,,,,, [ 1128454801 ], 
  [ 42332033647 ],,,,,,,,,,,,,,,,,,,,,,,,,,,,,,,,,,, [ 4159195657 ],,,,,,,, [ 3405614339669 ]
   ,,,, [ 45870513649 ], [ 517682674009 ],,,,,,,,,,,,,,,,,,,,,,, [ 9051798241 ],,, 
  [ 8437220021 ],,,,, [ 447334445801 ],,,, [ 855525555961 ], [ 2744440021 ],,,,,,,,,, 
  [ 32911497761 ],,,,,,,,,, [ 1527858551, 9954338501 ], [ 135571814281 ],,,,,,,,, 
  [ 56748058051 ],,, [ 602419003297 ],,, [ 1018377631 ],,,,,,,,,,,,,,,,,,, [ 4394768881 ],,,,
  ,,,,,,,,,, [ 18805156813 ],,,,,,,,,,,, [ 1378270549 ],,,, [ 1004808491 ],,,,,, 
  [ 1000681753, 3543710689 ],,,,,,,,,,, [ 2146686571 ],,,,, [ 55240327001 ],,,,,,,,,, 
  [ 183279371752657 ],,,,,, [ 3576322489, 1554006741433 ],,,,,,,,,,,, [ 17583834061 ],, 
  [ 43847450951, 10774238325701 ],,,,,,,,,,,, [ 656376676649 ],,,,,,,,,,,,,,,, 
  [ 116211795811, 341202408571 ],,,, [ 7817651185483 ], [ 14359796251 ],,,,, [ 17632325201 ],
  ,,,, [ 2733587803081 ],,,,,,, [ 5477830697 ],,,,,,,,,,,, [ 4833734821 ],,,,,,,,,,,,,, 
  [ 17984834947 ],,,,,,,,,,,,,,,,,,,,,,,,,,,,,,,,,,,,,,, [ 13626241903 ],,,,,,,,,,,,,,,,,, 
  [ 1515442501 ],,,,,,,,,,,,,,,,,,,,,,,,,,,,,, [ 19504365871 ],,,,,,,,,,,,, [ 5508860257 ],,,
  ,,,,,,,,,,,,,, [ 11549231851 ], [ 5016821713 ],, [ 4068274411, 19590223033 ],,, 
  [ 1663638439 ],,, [ 5781860737 ],,,,,,,,,,,,,,,,,,,,,, [ 18186601981 ],,,,, [ 3672046177 ],
  ,,,,,,,,,,,,,,,,, [ 13110364609 ],,, [ 6495399073 ],,,,,, [ 1860616575877 ],,, 
  [ 2746314150571 ],,,,,,,,, [ 8669594775421 ],,,,,,,,,,,, [ 578450639539 ],,,,,,,,,,,,,,,,,,
  ,,,, [ 5986465481 ],,,,,,,, [ 1012307715901 ],, [ 1893368909 ],,,,,,, [ 21670385701 ],,,,,,
  , [ 2842103009 ],,,,, [ 22585155319, 31627614943 ],,,,,,,,,,,,,,,,,,,,,,,,, [ 7435836391 ],
  ,,,,, [ 2517421297 ],,,,,,,, [ 3246339937 ],,,,,, [ 7061200921 ],,,,,,,, [ 46365806159 ],,,
  ,,,, [ 4629737944417 ],,, [ 3467360173681 ],, [ 3812273467 ],,,,,, [ 3651089569 ],,,, 
  [ 5171161669 ],,,, [ 20087236488833 ],,,,, [ 72674603603269 ],,, [ 18317468641 ],,, 
  [ 2165926753 ],,,,,,,,,,,,,,,,,,,,,,,,,,,,,, [ 7024646371 ],,,,, [ 1317438301 ],,,,,,,,,, 
  [ 8537438072593 ],,,, [ 1731441197 ],,,,,, [ 7518514177 ],,,,,,,,,, [ 1065361333 ],,,, 
  [ 1937484481 ],,,,,,,,,,,,,,,,,, [ 3551524651 ],,,,,,,, [ 12288768383 ],,,,,,,,,,,,,,,,,,,,
  ,,,,,,,,,,,,,, [ 1157901853 ],,,,,, [ 2694374322319 ],,,,,,,,,,,,,,,, 
  [ 1238619013, 3187027231 ],,,,,, [ 389548606441 ],,,,,,,,,,,,,,,,,,,, [ 197415649201 ],,,,,
  ,,,,,,,,,,,,, [ 40921063699 ],,,,,,,,,,,,,,,,,,,, [ 8411629021 ],,,,,,,, [ 1162115369 ],,,
  , [ 1396679831 ],,,, [ 9435650881 ],,,,,,,,,,,,,,,, [ 2270072771 ],,,, [ 1253980729 ], 
  [ 8598997081, 30778398361 ],,,,,,, [ 1211081611 ],,,,,,,,,,,,,,,, [ 5925685837 ],, 
  [ 20133962561 ],,,,, [ 4182344041 ],,, [ 4014441553 ],,,,,,,,,, [ 2457172233121 ],,,,,,,,,
  , [ 1269719413, 3549099217 ], [ 12356653321 ],,,,,,,,,,, [ 2005007844841 ],,,, 
  [ 2204147137 ],, [ 13432854983 ],, [ 67994993153 ],,,, [ 24185240593 ],,,,,,,, 
  [ 46963096601 ],,,,,,,,,, [ 11762673101 ],,,,,,,,,, [ 1459130401 ],,,,,,,,,,,,,,, 
  [ 24185509261 ], [ 17456845057 ],,,,,,,, [ 32722003729 ],, [ 10520139059 ],,,,,,,,,, 
  [ 30051261577 ],,,,,,,,,,,,,,,,,,,,,,,,,,,, [ 35079528961 ],,,,,,,, [ 1980281689 ],,,,,,,, 
  [ 264247718401 ],,,, [ 6812408881 ],,,,,,,,,,,,,,,,,,,,, [ 1205524351 ], [ 38735023963 ],,,
  ,,,,,,,,, [ 6857719980803 ],,,,,,,, [ 1427305153 ],,,,,, [ 1563002257 ],, [ 1200514613653 ]
   ,,,,,,,,,,,,,,,,,,,,,,,,,,,,,,,,,, [ 88767119113 ],,,,,,,,,,,,,, [ 1063732697 ],,,,,,,,,,,
  ,,,,,,,,,,,,,,,,,,,,, [ 1274038091 ],, [ 1823430913 ],,,,,,,,,,,,,, [ 1808453951 ],,,,,,,,,
  ,,,,,,,,, [ 2716982441 ],,,,,,,, [ 56312449729 ],,,,, [ 7171635199 ], [ 153913450291 ],,,,,
  , [ 2525604929 ],,,,,,,,,,,,,,,,, [ 2396942941 ],,,,,,,,,,,,,,,,,,,,,,,,, [ 8584002823901 ]
   ,,,,,, [ 3528369989 ],,,,,,,,,,,,,,,,,,,,,,,,,, [ 168322093801 ],,, [ 70392396691 ],,,,,,,
  ,, [ 4611470977 ],, [ 2414894535857 ],,,,,, [ 9778030531 ],,,,,,,,,, [ 1949978197 ],,,,,,,
  , [ 1036675501 ],,,,,,,,,,,,,, [ 953426643023 ],,,,,,,,,, [ 161385075809 ],,,, 
  [ 57605836681 ],,,,,,,,,,,,,,,,,,,,,,,,,,,, [ 29014712609 ],,,, [ 1109152482161 ],,,,,,,,,,
  ,,,,,,,, [ 16730688643 ],, [ 1012044521 ],,,,,,,,,,,,,,,, [ 4893641773, 40833558113 ],,,,,
  , [ 83820452663 ],,,,,,,, [ 1345057542371 ],,,,,,,, [ 257771465101 ],,,, [ 5237748847 ],,,,
  ,,,,,,,,,,,,,,,,,,,,,,,,,,,,,,,, [ 2182809077 ],,,,,,,,,,,,,,,, [ 9021341671 ],,,,,,,,,,,,,
  ,,,,,,,,,,,,,,, [ 4791095083, 622215141907 ],,,,,,,,,,,,,,,,,,,,,,,,,,,,,,,,,,,,,,,,,,,,,,,
  ,,,,,,, [ 6319815553 ],,,,,,,,,,,,,, [ 834518687341 ],,,,,,,,,,,,,,,,,,,,,,,, 
  [ 2904853337 ],,,,,,,,,,,,,,,,,,,,,,,,,,,,,,,,,,,, [ 670030935491 ],,,,,,,,,,,,,,,,,,,,,,,
  , [ 9943759062359887 ],,,,,,,,,,,,,,,, [ 7500566971 ],,,,,, [ 60253722337 ],, 
  [ 52857357169 ],,,,,,,,,,,,,,,,,,,,,,,,,,,, [ 39118105657 ],,,,,,,,,,,,,,,,,,,,,,,,,,,, 
  [ 2077435249 ],,,,,,,, [ 10287886789 ],,,,,,,,,,,, [ 21214744153 ],,,,,,,,,,,,,,,,,,,,,,,,,
  ,,,,,,,,,,,,,,,,,,,,,,, [ 1046903191 ],,,,,,,,,,,,,,,,,, [ 16276143841 ],,,,,,,,,, 
  [ 36628786871 ],, [ 121222555777 ],,,,,,,,,,,, [ 5763124621 ],,,,,,,,,,,, [ 1082392273 ],,,
  , [ 10361611261 ],, [ 31500111337, 3820359925997911 ],,,,,,,,,,,,,,,,,,,,,,,,,, 
  [ 23527682753 ],,,,,,,,,,,,,, [ 16729465537 ],,,,,,,,,,,,,, [ 1848960709 ],,,,,,,,,,,,,,,,,
  , [ 4891340533, 395715979933 ],,,,,,,,,,,,,,,,,,,,,,,, [ 11073876661 ],,,,,,,,,,,,,,,,,, 
  [ 293189138353 ],,,,,, [ 44275415299, 403180551919 ],,,,,,,,,,,,,,,,,,,,,,,,,,,,,,,,,,,,,,,
  ,,, [ 581560328449 ],,,, [ 65875309529, 968830281581 ],,,,,,,,,,,,,,,,,,,, [ 2225081161 ],
  , [ 45984617501 ],,,,,,,,,,,,,,,,,,,,,,,,,,,,,,,,,,,,,,,,,,,,,,,, [ 4874752919 ],,,,,,,,,,,
  , [ 17981565671 ],,,, [ 12515707777 ],,,,,,,,,,,,,,,, [ 1525558591, 2094845341 ],,,,,,,,,,,
  ,,,,,,,,,,,,,,,,,,,,,,,,,,, [ 54624622417 ],,,,,,,,,,,,,,,,,,,,,,,,,,,,,,,,,,,,,,,,,,,,,,,,
  ,,,,,,,,,,,,,,,,,,,,,,,,,,,,,,,,,,,, [ 3334196293 ],,,,,,,, [ 321483628261 ],,,,,,,,,, 
  [ 100379745931 ],,,,,, [ 31510283557 ],,,,,,,,,,,,,,,,,,,,,,,, [ 8684973001 ],,,,,, 
  [ 4441613767 ],,,,,,,,,,,,,,,,,, [ 4139903353 ],,,,,,,,,,,,,,,,,,,,,,,,,,,,,,,,,,,,,,,,,,,,
  ,,,,,,,,,,,, [ 27362701235281 ],,,,,,,,,,,,,,,, [ 3088787761, 3529576333, 224587965949 ],,,
  ,,,,,,,,,,, [ 22094319341 ],,,,,,,,,,,,,,,,,,,,,,,,,,,,,,,,,, [ 22257057313 ],,,,,, 
  [ 1803762901 ],,,,,,,,,,,,,,,,,,,,,,,,,,,,,, [ 2563991239681 ],,,,,,,,,,,,,,,,,,,,,,,,,,,,,
  ,,,,,,,,,,,,,,,,,,,,,,,,, [ 15474679093 ],,,,,,,,,,,,,,,, [ 763839320501 ],,,,,,,,,,,,,,,,,
  ,,,,,,,,, [ 2752318057 ],,,,,,,,,,,, [ 42628397113 ],,,,,, [ 1134778153 ],,,,,,,,,,,, 
  [ 1381523149 ],,,,,,,,,,,,,,,,,,,,,,,,,,,,,,,,,,,,,,,,,,,,,,,,,,,,,,,,,,,,,,,,,,,,,,,,,,,,,
  , [ 28127346721 ],,,,,,,,,,,,,,,,,,,,,,,,,,,,,,,,,,,,,,,,,,,,,,,,,,,,,,,, 
  [ 549989959046581 ],,,,,,,,,,,,,,,,,,,,,,,,,,,,,,,,,,,,,,,,,,,,,,,,,,,,,,,,,,,,,,,,,,,,,,,,
  ,,,,,,,,,, [ 3637047907 ],,,,,,,,,,,,,,,,,,,,,,,,,,,,,,,,,,,,,,,,,, [ 5414626297 ],,,,,,,,,
  ,,,,,,,,,,,,,,,,,,,,,,,,,,, [ 10446483001 ],,,,,,,,,,,, [ 1789982137 ],,,,,,,,,,,,,,,,,,,,,
  ,,,,,,,,,,,,,,, [ 2603245789 ],,,,,,,,,,,,,,,,,,,,,,,,,,,,,,,,,,,,,,,,,,,,,,,, 
  [ 13055822929 ],,,,,,,,,,,,,,,,,,,,,,,,,,,,,,,,,,,,,,,,,,,,,,,,,,,,,,,,,,,,,,,,,, 
  [ 5093637049 ],,,,,,,,,,,,,,,,,,,,,,,,,,,,,,,,,,,,,,,,,, [ 1104743641 ],,,,,,,,,,,,,,,,,, 
  [ 958522881331 ],,,,,,,,,,,,,,,,,,,,,,,,,,,,,,,,,,,,,,,,,,,,,,,, [ 1067427121, 2974222831 ]
   ,,,,,,,,,,,,,,,,,,,,,,,, [ 12919634600137 ],,,,,,,,,,,,,,,,,, [ 8109925297 ],,,,,,,,,,,,,,
  ,,,,,,,,,,,,,,,,,,,,,,,,,,,,,,,,,,,,,,,,,,,,,,,,,,,,,,,,,,,,,,,,,,,,,,,,,,,,,,,,,, 
  [ 184410845115229 ],,,,,,,,,,,, [ 5370468721 ],,,,,,,,,,,,,,,,,,,,,,,,,,,,,,,,,,,,,,,,,,,,,
  ,,,,,,,,,,,,,,,,,,,,,,,,,,,,,,,,,,,,,,,,,,,,,,,,,,,,,,,,,,,,,,,,,,,,,,,,,,,,,,,,,,,,,,,,,,,
  ,,,,,,,,,,,,,,,,,,,,,,,,,,,,,,,,,,,,,,,,,,,,,,,,,,,,,,,,,,,,,,,,,,,,,,,,,,,,,,,,,,,,,,,,,,,
  ,,,,,,,,,,,,,,,,,,,,,,,,,,,,,,,,,,,,,,,,,,,,,,,,,,,,,,,,,,,,,,,,,,, [ 15568537339 ],,,,,,,,
  ,,,,,,,,,,,,,,,,,,,,,,,,,,,,,,,,,,,,,,,,,,,,,,,,,,,,,,,,,,,,,,,,,,,,,,,,,,,,,,,,,,,,,,,,,,,
  ,,,,,,,,,,,,,,,,,,,,,,,,,,,,,,,,,,,,,,,,,,,,,,,,,,,,,,,,,,,,,,,,,,,,,,,,,,,,,,,,,,,,,,,,,,,
  ,,,,,,,,,,,,,,,,,,,,,,,,,,,,,,,,,,,,,,,,,,,,,,,,,,,,,,,,,,,,,,,,,,,,,,,,,,,,,,,,,,,,,,,,,,,
  ,,,,,,,,,,,,,,,,,,,,,,,,,,,,,,,,,,,,,,,,,,,,,,,,,,,,,,,,,,,,,,,,,,,,,,,,,,,,,,,,,,,,,,,,,,,
  ,,,,,,,,,,,,,,,,,,,,,,,,,,,,,, [ 1030216349737 ],,,,,,,,,,,,,,,,,,,,,,,,,,,,,,,,,,,,,,,,,,,
  ,,,,,,,,,,,,,,,,,,,,,,,,,,,,,,,,,,,,,,,,,,,,,,,,,,,,,,,,,,,,,,,,,,,,,,,,,,,,,,,,,,,,,,,,,,,
  ,,,,,,,,,,,,,,,,,,,,,,,,,,,,,,,,,,,,,,,,,,,,,,,,,,,,,,,,,,,,,,,,,,,,,,,,,,,,,,,,,,,,,,,,,,,
  ,,,,,,,,,,,,,,,,,,,,,,,,,,,,,,,,,,,,,,,,,,,,,,,,,,,,,,,,,,,,,,,,,,,,,,,,,,,,,,,,,,,,,,,,,,,
  ,,,,,,,,,,,,,,,,,,,,,,,,,,,,,,,,,,,,,,,,,,,,,,,,,,,,,,,,,,,,,,,,,,,,,,,,,,,,,,,,,,,,,,,,,,,
  ,,,,,,, [ 5276100961 ],,,,,,,,,,,,,,,,,,,,,,,,,,,,,,,,,,,,,,,,,,,,,,,,,,,,,,,,,,,,,,,,,,,,,
  ,,,,,,,,,,,,,,,,,,,,,,,,,,,,,,,,,,,,,,,,,,,,,,,,,,,,,,,,,,,,,,,,,,,,,,,,,,,,,,,,,,,,,,,,,,,
  ,,,,,,,,,,,,,,,,,,,,,,,,,,,,,,,,,,,,,,,,,,,,,,,,,,,,,,,,,,,,,,,,,,,,,,,,,,,,,,,,,,,,,,,,,,,
  ,,,,,,,,,,,,,,,,,,,,,,,,,,,,,,,,,,,,,,,,,,,,,,,,, [ 1126325971 ],,,,,,,,,,,,,,,,,,,,,,,,,,,
  ,,,,,,,,,,,,,,,,,,,,,,,,,,,,,,,,,,,,,,,,,,,,,,,,,,,,,,,,,,,,,,,,,,,,,,,,,,,,,,,,,,,,,,,,,,,
  ,,,,,,,,,,,,,,,,,,,,,,,,,,,,,,,,,,,,,,,,,,,,,,,,,,,,,,,,,,,,,,,,,,,,,,,,,,,,,,,,,,,,,,,,,,,
  ,,,,,,,,,,,,,,,,,,,,,,,,,,,,,,,,,,,,,,,,,,,,,,,,,,,,,,,,,,,,,,,,,,,,,,,,,,,,,,,,,,,,,,,,,,,
  ,,,,,,,,,,,,,,,,,,,,,,,,,,,,,,,,,,,,,,,,,,,,,,,,,,,,,,,,,,,,,,,,,,,,,,,,,,,,,,,,,,,,,,,,,,,
  ,,,,,,,,,,,,,,,,,,,,,,,,,,,,,,,,,,,,,,,,,,,,,,,,,,,,,,,,,,,,,,,,,,,,,,,,,,,,,,,,,,,,,,,,,,,
  ,,,,,,,,,,,,,,,,,,,,,,,,,,,,,,,,,,,,,,,,,,,,,,,,,,,,,,,,,,,,,,,,,,,,,,,,,,,,,,,,,,,,,,,,,,,
  ,,,,,,,,,,,,,,,,,,,,,,,,,,,,,,,,,,,,,,,,,,,,,,,,,,,,,,,,,,,,,,,,,,,,,,,,,,,,,,,,,,,,,,,,,,,
  ,,,,,,,,,,,,,,,,,,,,,,,,,,,,,,,,,,,,,,,,,,,,,,,,,,,,,,,,,,,,,,,,,,,,,,,,,,,,,,,,,,,,,,,,,,,
  ,,,,,,,,,,,,,,,,,,,,,,,,,,,,,,,,,,,,,,,,,,,,,,,,,,,,,,,,,,,,,,,,,,,,,,,,,,,,,,,,,,,,, 
  [ 8920377008131 ] ]);
