BRENTFACTORS[5417]:=MakeImmutable([ ,,,,,, [ 274143580649 ],,,,,, 
  [ 16472479573375853, 328672668338067899 ],,,, 
  [ 100224451026717445171, 1236274734644337935883933771143 ],,,, [ 9830675848639717 ], 
  [ 1923134637601 ],,, [ 131942717444263557649646351 ], [ 9564154133, 378925481377 ], 
  [ 9678863367188893 ],, 
  [ 1313615351543347793, 
      100566818680972093924136934264256828494543752199659486767322817318091 ],, 
  [ 1498788554543726858249 ], [ 105795583231818507623809 ], [ 4289795071 ], [ 1488231391511 ]
   ,, [ 8144695333 ], [ 1766863545600889, 2480530231804745019566786608924851543119265072559 ]
    , [ 2904611090519 ],, [ 1473733503001, 55046749437481 ], 
  [ 355912228008263, 785330625732061 ], [ 111454004185668019 ], 
  [ 2850834572320015577535190117 ], [ 6239989844171296670764362676193 ], 
  [ 121530212821, 3595466259001, 14551370591221 ], [ 2900709430989045382941851143 ],, 
  [ 7147171391713, 399895352350321 ], 
  [ 22268167601, 450298910909, 50730524861591, 699445183360939, 1777289715951709, 
      166056433391505780513365263, 616810917723283608004785556067 ], 
  [ 1477204301, 37127471132996411674664251 ], [ 11117766931, 228269163942661 ],, 
  [ 1348407239, 6827011091, 62061529666447098218972835696464745338182744339, 
      1722927191783137354034362225452863569583013227855209 ], 
  [ 322109118343, 146102036436754471 ], [ 4118990921, 207272144799329549355566227495331 ], 
  [ 24448557568213239161 ], 
  [ 5583698053177, 2546738751075056869725440119352872693817565437412961 ], 
  [ 9235141286234221, 13831075479683817651699114502807987 ], 
  [ 13860364607, 307940907191, 81117372032560757, 138235537276906081788844332359321, 
      1441409401281675246253156956597915357918246294673 ], [ 4663555336441 ],, 
  [ 136921088758639914017, 20209179889596193026372484400086736408179 ], 
  [ 2131828336760100113647, 525355035062767349182201297463061890973241 ], 
  [ 1047996828248353923025123612686111379617089 ],, [ 13660758409 ], 
  [ 1806154746538409, 2958923996395620733562353 ], 
  [ 1060428930733, 6229381313135614490396929009 ], 
  [ 23765025127, 65703748155615225590560309753, 6966043880471284540976637778145551 ], 
  [ 41647502082449332782589133950978543531832791 ], [ 2819197020353824986761783 ],, 
  [ 4071114079 ], [ 1056810059 ], [ 2170725001 ], 
  [ 302057993813, 1848675837929, 1380087424628588861 ], 
  [ 1601629261, 215666616721531419894143 ],,,, 
  [ 1191922706503, 24561903679334348287215947023 ], 
  [ 108712067613201871942969, 44152906071110967908337887210218363574555233031 ],, 
  [ 55262062711213, 36939829870627573, 1434147620708557654957 ], 
  [ 104974989461, 28914078869771 ], [ 5942436156768457187 ], 
  [ 49525818187, 76157126516623, 2614197873570186391 ], [ 1659570881 ], [ 37208118805003 ], 
  [ 7297482601, 15959180286348292653571 ], [ 926160731879111, 816681095418711251 ], 
  [ 27018414745249 ], [ 645884771025843474061 ], [ 4299640183 ], [ 820631378093515211 ], 
  [ 13521113658852407477890048505377 ],, [ 494607513317, 72346518719730809 ], 
  [ 113123259831693698216191 ],, [ 39341484341962913659 ], 
  [ 35144845364389, 50518133705638825903, 61876066566635421217747889527 ], [ 131790997133 ], 
  [ 94922077816073 ],, [ 6924397531 ], [ 117535645861 ], [ 16656647848507237969609669 ], 
  [ 376425384864343 ], [ 12908684141, 14658856516261 ],, 
  [ 8239737073, 3422040961141530740657 ], [ 3846320410813 ],, [ 32060445204994601341 ], 
  [ 4801847252611729889667377 ], [ 27849935428179205303, 122663038036131380971 ], 
  [ 75011067097710386624987 ],, 
  [ 279038804944201, 2509584328525201, 12878932771638316921, 214237903586045589662364576961 ]
   ,, [ 786227171897873886139, 28008300997698573472607 ], 
  [ 37447004863, 24267679740556647949 ],,, [ 282875723674111 ], 
  [ 17664279379, 122047999237, 4487514541337, 932401585545706357, 2729401932054724739 ],, 
  [ 17101490768290241380835587 ],, [ 3408664853439028264639 ], [ 2448424012981 ], 
  [ 226586320993406599 ],, [ 4183092721, 179182819793431 ], 
  [ 98367960855232447721, 1103910084767986590553 ], [ 125016149659987508267 ], 
  [ 723298321298299 ],,, [ 64046944189688017 ], 
  [ 86706437886989, 73941663126226922200599127033 ],, [ 88075689295249 ], 
  [ 27426101851, 22663884139801 ], [ 142214776699 ], [ 374844283186171 ], [ 2914508057 ], 
  [ 3136818364962431 ], 
  [ 3708808694842763185541251, 2200495813141459762578109188451, 
      49579185752219675920223110109744290501 ],, [ 55299505717608198017 ], 
  [ 6408072263251, 34302959559793 ], [ 6086848153, 10335193465213 ], [ 12730455041 ],, 
  [ 147133895177, 2299628429881, 41026747391470621499 ],, [ 229409631871914366669997 ], 
  [ 6189399613862532161 ],, [ 35484431311955472011374862683 ], 
  [ 7892111669427824471, 3161085607765853222593 ], 
  [ 61001375713, 504502509799476589, 210842246289135023977 ],,, 
  [ 5597980698762876713, 1089497908587414245248750867 ], [ 1444713871101481 ], 
  [ 123850506724127 ], [ 1167850834811, 56079132746364887201423851 ],, [ 507076864633 ], 
  [ 17521905371, 36490606973 ], [ 20100224816299 ], [ 3824716001, 8447954423162320501 ], 
  [ 137431096731731257728593 ],, [ 59198626322569625303, 3947796634721420278621 ], 
  [ 6620425061262811 ], [ 796639032515270722793761 ], [ 38575326681337153 ], 
  [ 896668459248017, 11810730640476769 ], [ 6827990330592187, 155423922942890217444077647 ],
  , [ 34359477611 ], 
  [ 13378786421687053, 535345646594219721502807519, 95132770225841174997545281300957 ],,, 
  [ 65265912433 ],,,, [ 31697721701, 24285146522726753267, 79921707423136370698877 ], 
  [ 56906192045953577288029 ],, [ 2953593581 ], [ 647619390929843, 5879557482043607 ],, 
  [ 1268933650991 ],,, [ 1755938531 ], [ 123500935074343 ], 
  [ 178707120164701, 14597759298774781 ], [ 220811001791, 169565898605220371 ], 
  [ 1398181193483 ],, [ 751849323344510781937 ],, 
  [ 22895448871, 358386998765261907288121, 3400141558068325090275982861, 
      4360886713404392307445972247996881 ],, [ 6145959338669, 88369083735858469657 ], 
  [ 612452083423, 22001905448366956069 ], [ 44553778151, 99849772937 ], [ 1442889941 ], 
  [ 1124983858681 ], [ 324118949569792725629, 14590541829136512650573 ], 
  [ 97698171719, 1510750740643, 1769367503695667437393995061879 ],, [ 11114291293381 ], 
  [ 5563550345393, 96387025979231417 ], [ 6802286017 ], [ 1983663427005547509619 ],,, 
  [ 18894635954529827 ],, [ 21228737967206245633 ], [ 20248475869 ], 
  [ 6103946311, 27303075186041, 1253345582209691 ],, [ 581680070921 ], 
  [ 3238203167379929470607 ], [ 2055927983621593537 ],,,, [ 122561939936269 ], 
  [ 6943997932193894958751 ], [ 41906721384022081 ],, [ 5713086708473 ],, 
  [ 45001006035615853 ], [ 1440595222501 ], [ 1366921426091113, 328922574129864669751 ],,,, 
  [ 463902373421210501 ], [ 4198478008877918136299 ], [ 43885710497414521 ], 
  [ 9885385511, 56223823657, 43901964664564051 ], [ 340928004758833, 1378049665007681 ], 
  [ 10706184926641, 4966711734117378331 ], [ 268809739916801, 311262309110679041 ],,,,,,, 
  [ 18156366361547 ],, [ 144173602451 ], [ 20444696235732736577 ],, 
  [ 38276612509, 5389301568817, 93895467408901 ],,,, 
  [ 41011501217, 6144642868757857, 31497146509879129519793 ], 
  [ 729258750403, 261836787389798049703, 1122917602550442258879229 ],, 
  [ 3157201461151, 4218146163074251 ],, [ 59304189797, 704918312760111982069 ], 
  [ 48379401751, 47249871802253 ],, [ 38589835201 ], [ 392070234379, 361001341843242203009 ],
  ,, [ 33494596819949 ],, [ 45022987420841, 8985714529585223 ],, [ 72082961569 ],, 
  [ 3763089301, 94199740936361, 246115630687331 ],, 
  [ 473117954729018981, 186419586524518868216677 ], [ 18170556969871429 ], 
  [ 49331564414358428702354863 ],, [ 4891725276216553 ],, [ 21253033393 ], [ 1260486527 ], 
  [ 2882670601, 16056633279875701 ], [ 16758810352607, 27841158449021 ],, 
  [ 119725700592452497 ], [ 103793504609 ],, [ 34643152173005706691 ],, 
  [ 344451200941, 4250159280571513 ], [ 1183510377649, 2874637691884513 ], [ 2358298651 ], 
  [ 198429608387, 12226121839469413 ],, [ 1474002137, 216572424841, 647932959803 ],, 
  [ 1074590899831 ], [ 1091315386781, 12188803090238837 ], [ 21654458933 ], 
  [ 73170146719, 146963972741944855714489 ], [ 52241953721, 427880716979 ], 
  [ 1159732571170523201, 1276508789972566590532801 ], [ 304797537199, 630491148405529 ], 
  [ 4767330107 ],, [ 9408108813328759033 ],,, [ 1437009808417 ],, [ 3178975796207 ], 
  [ 625460010121, 12256831040851 ],, [ 41537531631889, 1528361903086877 ],,, 
  [ 878431197849581 ], [ 17733653953, 493552337041, 3987533358242095201 ],, 
  [ 11243770054427, 832351456338775995467 ], [ 8343611737 ], 
  [ 35077316649541, 225915764029290761 ],, [ 460406695209471631297, 232703448607311289040647 
     ],, [ 29511645627913, 7852540003631851623409 ], 
  [ 33605531611, 1085977721641, 46351603089091, 105559161505641413611 ],,,, 
  [ 95323760012870101 ],,,, [ 5553972009869 ],,,, [ 9316638246301 ], [ 5021521727287727 ],, 
  [ 7394840413977241 ],, [ 479676976417347421 ], [ 243083571292651 ], [ 6124064048694593 ],,
  , [ 316906387009039 ],, [ 474822738073 ],, [ 100168263721 ], 
  [ 57096610093, 523794358308826369, 93461946547443927692429407717 ],,,, 
  [ 344491656412300753 ],, [ 13528405949873956318549 ],, 
  [ 282014760296077902221, 69270569582574927986381 ],,, [ 68554930090289 ],, 
  [ 4810486447691 ], [ 1721829645619081 ],, [ 14457778378734293 ],, [ 860986068931 ],,,,,, 
  [ 18782033689 ], [ 2343367931 ], [ 27909992913331 ],,,, [ 5428155873576811 ],,,, 
  [ 27525598361440691 ], [ 84830353103 ],, [ 138665720983217 ], 
  [ 4614785629871, 37112713786741 ],, 
  [ 1014333214397849, 26423737699802797, 30679754533565509 ], [ 17118232578217 ], 
  [ 2322943622677, 3565606169233 ],,, [ 70880011860925207 ],, 
  [ 3193903759, 3929341777, 168677006214083569 ], [ 153570724861 ], 
  [ 3820910959, 20851834459, 1468916207573, 705581324659069 ], [ 48184841601467 ],,,, 
  [ 65887723519819497947437 ],, [ 123290107152858300593 ], [ 458569392139 ], [ 835280937011 ]
   ,,,, [ 671814558843737, 16023997747539517 ],, [ 50086109093 ],,, [ 855041314969 ],,,,,,, 
  [ 76524616824547, 118836368672645531 ], [ 351260740204357 ], [ 1971316033 ],,,,, 
  [ 5101976980021 ], [ 1734643822889 ], [ 1082440451 ],, 
  [ 65606210737, 54681690119222203273 ], [ 83920827191953 ],, [ 6147435401 ], 
  [ 184797302048771 ],, [ 9041661105583 ], [ 87769367643250273 ],, 
  [ 1073401155031, 1181913940661, 2890338793832898061 ],,,,,,, [ 4604669863979939183 ],,, 
  [ 28948869629 ],,,, [ 935131438561, 62278264040820151201 ],,, [ 8020070101 ],,, 
  [ 3302218369, 1181637007363, 508784453382979, 260422509950916211 ],, [ 88624703851890049 ],
  [ 12342107677 ], [ 249990703901 ],, [ 1488919921, 116724234469 ], [ 20794276537603 ],,, 
  [ 203876753137 ],, [ 366098873401 ], [ 8621603239 ], [ 383268284501 ],,,,,, 
  [ 154713574819, 23381060577601 ], [ 37089629617 ], [ 188758212447769 ],, [ 13522855681471 ]
   ,,,,,, [ 4285657609 ],, [ 883921145505581, 3403615183599233, 176115397833390569 ],,, 
  [ 29406550837, 102880634189 ], [ 2012598667, 5106033011071 ],,, [ 374999630251 ],,,,, 
  [ 2053140289508911 ], [ 9622097011, 1503211682011393 ],,,,, [ 1372224629036363681 ],, 
  [ 36898621297489513 ],,,, [ 290297185732447 ],, [ 7062286337 ],, [ 38022194765116021279 ],
  , [ 62289841513 ],,,,,, [ 4807131683, 2162144132623 ], [ 5650063580905351 ],,, 
  [ 297201184298533, 18882381577875247, 287777084560218613 ],, [ 1201438959275771441 ],, 
  [ 3043713013158377893 ],, 
  [ 9813477036721, 84815082292249, 395521686090589, 28956631174390981, 1026121472901743173, 
      808268291468551147837 ],, [ 70465888761593979569 ], [ 845611462081 ],,, 
  [ 172902027301, 893350443031, 19896842962231 ],, [ 87836937811358413393 ],,,, 
  [ 192339704713537 ],,,,,, [ 394667448700963, 7341475956935905999 ], [ 55801117417 ],,,,,,, 
  [ 14279665571 ],, [ 47243644769, 1834214031545589377 ],,,,, [ 5257657213 ],, 
  [ 61105379681 ],, [ 14887309699 ],,,,, [ 20804584789, 688603066747 ], [ 316592333227 ], 
  [ 1811707581857, 733499823453979937 ],,,, [ 4266201817, 661944902578669 ],,,, 
  [ 9893007433 ],,,,,, [ 154380266893 ],, [ 989502780377652529 ],,,, [ 5818122915181 ], 
  [ 12196265971 ], [ 1679694741271 ],,,,,,,,,,,, [ 32028982783687 ],,,,,,,,,, 
  [ 4592495852199169 ], [ 572529445231 ], [ 667794815461, 278237503337047 ], [ 111619985761 ]
   ,,,,, [ 402456017524441 ], [ 6215241547 ],,, [ 654658469959437193 ],,,,,, 
  [ 1133120943631 ],, [ 505398931969, 28096278983809 ],, [ 4221915781 ],,,,,,,, 
  [ 7779211177, 192106306469551 ],,,,, [ 2159827699 ], [ 58690047938369 ],, 
  [ 1728029512006970881 ],,,, [ 84859515547 ],, [ 2702492137 ],, [ 79183099354199 ],,,,,,,,,,
  ,,,,,,,,,,, [ 321690011711 ], [ 42720425907283441, 2696056021785962881 ],,,, 
  [ 19925966655809 ],, [ 1932141737131 ], [ 5216315149 ],,, [ 11552874881 ],, [ 7034280637 ],
  , [ 3576689562977 ], [ 1262003615671 ],,, [ 40898870737831 ],,,, [ 115373953969 ],, 
  [ 1386083388409 ],,,,,, [ 99354961501 ],,,,, [ 10751742091 ],,, 
  [ 1102545656519, 37192037649341 ],,,,,, [ 103435035409 ],,, [ 57276584041 ], 
  [ 19829656012801 ], [ 1303056659 ],,, [ 2797248589, 99425238469, 1094108682598609 ],, 
  [ 6931206150674653 ],, [ 6317299601, 7406131145561, 19421726557417 ],,,, [ 49376455441 ],, 
  [ 164058763331 ],,,, [ 7088678551 ], [ 28461686802361 ],,,, [ 4052111071 ],, 
  [ 24964084081 ],,,, [ 3004913161 ], [ 6649194704419, 2271712018090201 ],,, [ 2724183379 ],,
  ,,, [ 4747771251107 ],,, [ 26742103369 ], [ 6791912250121 ],,, [ 3032548537 ],,,,, 
  [ 1560373040273 ],,,,, [ 24619384832197 ], [ 21255715757711914121 ],,,,, [ 1113703471 ],,,
  , [ 13022463931 ],,, [ 1801375181, 46253834309 ],, [ 13165165199 ],,,,,,,, 
  [ 26056656569161 ],, [ 11818039217, 17487669148193 ],,,,,, [ 166761876373 ], 
  [ 28384401151 ], [ 2457938217257 ],,,, [ 185464909385941 ],,, [ 458952492569 ], 
  [ 8112816577, 11063122848577 ],, [ 247970216573 ],, [ 6927206700709 ],, [ 28680712321 ],, 
  [ 6977001929, 51199637937834641 ], [ 15383621881 ],,, [ 9904001689 ],, [ 62425509383 ],, 
  [ 80664228481, 132606032386081 ],, [ 1512134317 ],,,, [ 6509372893 ],, 
  [ 2259161689, 940822968200733001 ],,,,, [ 3447213967 ],,,,,,,,, 
  [ 736132224829, 9797310694139, 43742124459991 ],, [ 564640265857 ],, 
  [ 1586977687, 127686527443 ],,,, [ 10271208221 ],, [ 174982769121361 ], [ 1444970407 ], 
  [ 2302519553, 42276733649 ], [ 1786446001 ], [ 1265039053, 926910725299477 ],, 
  [ 592036768387 ],,,,, [ 5356237303 ], [ 84173888569, 518274994777 ],,,, [ 49954492417 ],,,,
  ,,,,,, [ 293601153414997 ],, [ 3543722921 ],,,, [ 44933992193 ],, [ 2217120358597 ],, 
  [ 20248911949429 ],, [ 865893194951, 34044020992451 ],,,,, [ 10251833321 ],,,,,, 
  [ 1440133459 ],,,,,,,,, [ 89992219481, 1657020813601 ],,,, [ 58229486459 ],,,,,, 
  [ 2153421812081, 8692319645710529641 ],, [ 109660037219 ],, [ 2371695841 ],,,, 
  [ 1849808689, 26824007341 ],,,, [ 1361234648876737 ],,,,,,,, [ 25797733001 ], 
  [ 3683541863 ], [ 9874424392662694441 ],,,,,, [ 357198106609 ], [ 452003618849 ],,, 
  [ 22833681113 ],,,,,, [ 2493991446589 ], [ 6368503403 ], [ 3173733061 ],,, [ 12934496917 ],
  ,, [ 699255373753 ],, [ 137512947853 ], [ 200323260691 ],,,,, [ 1143809767 ],,,, 
  [ 190119542317 ], [ 184208621851, 1275081476101 ],,,,, [ 2111239505773 ], [ 4980894271 ],,,
  ,, [ 1064115087001 ], [ 3979991963 ],,, [ 1242502631 ],, 
  [ 1806336577, 4629023821521878593 ],,, [ 67285740187 ],,, [ 2703762793 ],,, 
  [ 68371741171 ],,,,,, [ 164704758877, 10820120755501 ],,,,,,,,,,,, [ 6261613591 ],,, 
  [ 1010784727, 1998348601 ],,,,,, [ 51790332900853 ], [ 5059403003 ],,,,,,,,,,,,,, 
  [ 3402940141 ],,,, [ 1906495999 ], [ 3508291057 ],,,, [ 3544834405141 ],,,, 
  [ 5241678329441 ],,,,,,,, [ 2845493929 ],,,,,,,,,,,,,,,, [ 8273148313 ], [ 9988650241 ],,,,
  ,,,,, [ 2943502031, 4617404419 ],, [ 1890351313 ],,,,,, [ 2668125139 ],,,,,,,, 
  [ 22314786391 ],,,,,, [ 1915992121, 2709004201, 397138912633 ],,,,,,,,, [ 19544816461 ],,, 
  [ 15853990681 ],,,,, [ 5172251501 ],, [ 8753872121 ],,,,,, [ 528112266317 ],, 
  [ 1288420219, 1434368179 ],,,,,,,,,, [ 1687889501 ],, [ 35383482721 ],,, [ 96425067197467 ]
   ,,,,,,, [ 264788997901 ],,,,,,,,,,,, [ 15338636717 ],,,,,,,,,,,,,,,,,, [ 10957603291 ],,,
  , [ 6006706627 ], [ 63074743201 ], [ 1517361751439, 7806145581469 ],,,,,,,,, 
  [ 10843515271 ],,,,,, [ 67999240717 ],,,,,,,,,,,,,, [ 2449769341 ],,,,,,,,,,,,,,,,,, 
  [ 6695334157 ],,,,, [ 1353458783 ],,,,,,, [ 1963080241 ],,,,, [ 793854150601 ],,,,,,,,,,,,
  , [ 2635513459, 28753041843511 ],, [ 524554045621 ],,,, [ 9010394990017 ],,,,,,,,,,,,,,,,,,
  ,,,,, [ 2376242431 ],,, [ 1062780241 ],,, [ 1336178887 ],,,,,, [ 16587409063 ],,,, 
  [ 3411423973 ],,,,,, [ 10106772367 ],,, [ 98581572241 ],, [ 1635357161 ],, [ 1701606737 ],
  , [ 1456102279 ],, [ 176143895201 ],, [ 16007438749 ],,,,, [ 78273652759 ], [ 8631575041 ],
  ,, [ 1000325629 ],,,,,,, [ 8880504039713 ],,,,,,,,,,, [ 1081310011 ], 
  [ 3098641261, 19109946571, 87023809598441 ],,, [ 2723167159 ],,,,,,,,,,,,,,,,,,,,,,,, 
  [ 11707210637 ],,,,,,,, [ 2697445901 ],, [ 69019093261 ],,, [ 67716045860401 ],,,, 
  [ 3528999211 ],,,,,,, [ 1402397407 ],,, [ 229514377457 ],,,,,,,,,,,,,,,,,,,,, 
  [ 1068405521 ],, [ 274718754883 ],,,, [ 4768839645131 ], [ 1461837889 ],,,, [ 1100056597 ],
  ,,,,,, [ 7081543316357 ], [ 2063668213 ],,,,,,,,,,,,,,,,,,,,,,,,,,, [ 27725458861 ],,,,,,,,
  ,, [ 84511569059 ],,,,,,,,,,,,,,, [ 11312524849, 19058635769 ],,,,,, [ 105115390423 ],, 
  [ 6081253201 ],,,, [ 3244838213 ], [ 5549420423 ],,,,, [ 8605578391967 ],,,,, 
  [ 390831324859 ],,,,,,,,,, [ 1218099887 ],,,,,,,,,, [ 2732791051 ],, [ 41092327307 ],,,,,, 
  [ 4637073653, 96860610767 ],,,, [ 6329079191 ],,,, [ 1359083941 ],, [ 1184455481789 ],,,, 
  [ 15272872333 ],,,,, [ 6023523833 ],,,,, [ 2852954417 ],,,,,,,,,,,,,,,,,,,,,,,,,,, 
  [ 24370193047, 12174846694921 ],,, [ 2949358207 ],,, [ 247825577089 ], [ 42492424361 ],,,,
  , [ 611072594731 ],,,,,,, [ 3925303549 ], [ 4764478448437 ],,,,,,,, 
  [ 27242851277, 261201586073 ],,,,, [ 768709791917 ],,,, [ 1222083312731 ], 
  [ 3163797781, 1761809121073 ],,,,,,,, [ 6239992781329 ],, [ 3134968321 ],,,,,, 
  [ 54737402671309 ],,,, [ 51633328937 ],,,,,,,,,,,, [ 6308603669 ], [ 48529817821 ],,,,,,,,
  , [ 15325243699 ],,,,,,,,,,,,,,, [ 2142000307 ], [ 5887325903 ],,,,,,,,,,,,,,,,,,,,,,, 
  [ 2303531173, 2278999599013 ], [ 5241829867 ],, [ 228715142401 ],,,,,,,, [ 40029027793 ], 
  [ 6715214227, 10963668817 ],,, [ 1369944481 ],,,,,,,,,,,,,,,,, [ 150673418723 ],,,,,,,, 
  [ 61405821511 ], [ 1616423587 ],, [ 11301636961 ],,,,, [ 2739610981 ], 
  [ 4079191117, 114962948803 ],,,,,, [ 1163098790461 ],,,, [ 30926954881 ],,,,,,, 
  [ 6215217643 ],,,,,,,,,,, [ 2823029207 ],,,,,,,,,,, [ 125025478891 ], [ 10598269499 ],, 
  [ 1261706977 ],,, [ 6975914129 ],,,, [ 2502127681 ],,,,,,,,,,,,,,, [ 13270828981 ],,,,,,,, 
  [ 1319248351, 55464476579 ],, [ 4083793921 ],,,,,,,,,, [ 16120616431 ],,,,,,,, 
  [ 408081549511 ], [ 85390460372771 ],,,,, [ 11809134393841 ],,,,,,,, [ 84509962177 ], 
  [ 6834105559 ],,,,,,,,,,,, [ 9796515361 ],, [ 22705315336579 ],,,,, [ 4897822877 ],,,,,,,,,
  ,,,,,,,,,,,,, [ 4288412053, 110365989749 ], [ 1839405961 ],,, [ 16002661321 ],,,,,,,,,,,,,,
  , [ 4800312529 ],, [ 26931958164931 ],,, [ 2108257069 ],,,,, 
  [ 2702610667, 2854173827, 4319436773 ],, [ 1600659075151 ],,, [ 348311111149 ],,, 
  [ 59893251679 ],,,,,,,,,,,,,,,,,,,, [ 3002495819 ],,,,,,,,, [ 5310403961 ],,,,,,, 
  [ 4097573647597 ],,,,,,,,, [ 2732280337081 ],,,,,,,,,,,, [ 12242275993 ],,,, 
  [ 1613900597, 1520535039757, 97978511762629 ],,, [ 7114956281021 ],,,,,,,, 
  [ 1629230717437 ],,,, [ 391397306077 ],,,,,,,,, [ 20174064613 ],,,, [ 8902706801 ],, 
  [ 50816743541, 535094762357 ],,,, [ 37514834737 ],, [ 8787403633 ],, [ 1232196481 ],,,,,,,
  , [ 60730279117 ],,,,,,, [ 139797629401 ],,,,,,,,,,,,,,,,,,,,,,,,,,,,,,, [ 7842330113 ],, 
  [ 1187317099 ],,,,,,, [ 1334239661 ],,,,,,,,,,,,,,,,, [ 32027336917 ],,,, 
  [ 1713184013, 2068173533 ],,,,,,,, [ 117935639821 ],,,, [ 154630908661 ],,,,,,,,,,,, 
  [ 2055729961 ],,,,,, [ 4150094261 ],,,,,,,,,,,,,,,,,,,,,, [ 3216925183 ],,,, 
  [ 248661838699 ],,, [ 795603215971 ],,,,,,,,,,, [ 60654086749 ],,,,,,,,,,,,,,,,,, 
  [ 1025470763 ],,,,,,, [ 5298301009 ],,,,,,, [ 157606982233 ],,,,,,,,,,,,,,,, 
  [ 190889258141 ],, [ 1505610497 ],,,,,,,, [ 15414268153 ],,,,,,,,, 
  [ 1147812271, 5788554883 ],,,,,,,,,,,,, [ 88156515857 ],,,,, [ 1912764151 ],,,, 
  [ 2702868631 ],,,,,,,, [ 5864086411 ], [ 94980618191 ], [ 9556881251 ],,,, 
  [ 3101321497, 8362779751 ], [ 2154145141 ],,,,,,, [ 10202477209 ],,, [ 10483328701 ], 
  [ 1837713037 ],,, [ 658658763757 ],,,,,,,,, [ 1214562709 ],,,,, [ 6264746713 ],, 
  [ 2883736111 ],,,, [ 13461945020383 ],,,,,,,, [ 2784907637 ],,,,, [ 6720989167 ],,,,,, 
  [ 10665824329, 66941104597 ],,,,,,, [ 9326031361 ],, [ 623294839549526167 ],, 
  [ 22613119777 ],, [ 495691698130543 ],,,,,,,,,,,,,,,, [ 5828447707 ],,,,,,,,,,,, 
  [ 20577717661 ],,,,,,,,,,,,,, [ 9032955193 ],,,,,,,,,,,,,,,,,,,,,,,,,,,,,,,, 
  [ 22358299321 ],,, [ 7726662271 ],,,,,,, [ 145990044751 ],,,,,, [ 2780604809 ],,,,,,,,,,,,,
  ,,,,,,,,,,,,,,,,,,, [ 9241346041 ],,, [ 90493461529 ],,,,,,,,,,,,,,,,,,, [ 12040718341 ],,,
  , [ 436526434033 ],,,,,,,, [ 3258726587 ],,,,,, [ 1016791393 ],, [ 17545719781 ],, 
  [ 1246401997 ], [ 3962839219 ],,,,,,,,,,, [ 24837590081 ],,,,,,,,,,,,,,,,,, 
  [ 253344325831 ],, [ 56751059249 ],,,,,,,,,, [ 1396502953 ],,,,,,,, [ 123685844987 ],,,,,,,
  , [ 118890480901 ],,,,,,,,,, [ 2763479321 ],, [ 15352907851 ],,,,,,,,,,,,,,,,,,,, 
  [ 123216620213 ],,,,,,,,,, [ 9449307697 ],, [ 3121235701 ],, [ 2663363232853 ],,,,,,,,,, 
  [ 41922137203 ],,,, [ 6910618261 ],,, [ 9638580421 ],,,,,,, [ 238714943081 ],,,,,, 
  [ 2013375439 ],,,,, [ 47619501889 ],,,,, [ 89201991160153 ], [ 8164100083 ],,, 
  [ 8042686921 ],,,,,, [ 2299868149, 523658102113 ],,,, [ 2015357821 ],,,,,,,,,,,,,,,,,,,, 
  [ 52509976201 ],, [ 5557852921 ],,,,,,,,,,,,, [ 11225795131 ],,,,,,,,, [ 6293634817 ],,,, 
  [ 19503854243 ],, [ 3053552401 ],,,,,,,,,,,,,,,, [ 8321257909 ],, [ 4295270431 ],,,,,, 
  [ 2308713697 ],,,,,,,,,,,,,, [ 2287857581 ],,,,,,, [ 8546570041 ],,,,,,,,,,,,,,,,,,,,,,,,,,
  ,,,,, [ 1134377681 ],,,,,,,,,,,,,, [ 1555389181 ],,,,,, [ 1613612223361 ],,, 
  [ 8190213368149 ],,,,,,,,, [ 254971455121 ],, [ 6376877877761 ],, [ 9548099986241 ],,,,,,,,
  ,,,,,,,, [ 292633455841 ],,,,,,,,,,,,,,,,,,,,,, [ 25442130781, 34596018271 ],,,,,, 
  [ 85550378593 ],,,,,,,,,,,, [ 55203990229 ],,,,,,,,,, [ 1275304231 ],,,,,,,,,,,,,,,,,,,,,, 
  [ 19971036521 ],,,,,,,,,,,,,,,,,,,,,,,,,,,,,,,,,,,,,,,,,,,,,,,,, [ 6171998383 ],,,,,,,,,,,,
  ,,,,,,,,, [ 37464689551 ],,,,,,,,,,,,,,,,,,,,,,,, [ 26417214181 ],, [ 9824832133 ],,,,,,,, 
  [ 6985448317 ],,,,, [ 43871784097 ],,,,,, [ 1001482021 ],,,,,,,,,,,,,,,,,,,,,,,,, 
  [ 95444624201 ],,,, [ 1240585417 ],,,,,,,,,,,,,,,, [ 3113929141 ],,,,,,,,,, 
  [ 331573263781 ],, [ 142844253553 ],,,, [ 26097097801 ],,,,,, [ 799231735831 ],, 
  [ 1877806729 ],,,,,,,,,,,,,,,,,, [ 7163943013 ],, [ 27239988673 ], [ 5763758701 ], 
  [ 522347793827 ],,,,,,,,,,,,,, [ 3565085401 ],, [ 14842086731, 54700580161 ],,,,,,,,,,,,,, 
  [ 1221781441, 4349241073 ],,,, [ 104425213241 ],,,,,,,,,,,,,,,,,,,,,,,,,,,,,,,,,,,,,,,,,,,
  , [ 15430456441 ],, [ 2365337209 ],,,,,,,,,,,,,,,,,,,,,, [ 7372548353 ],,,,,, 
  [ 4536447109 ],,,, [ 120717087649 ],,,,,,,,,,,,,,,,,,,,,,,,,,,,,,,,,,,,,,,,,, 
  [ 10622001521 ],,,,,,,,,,,,,,,, [ 1280930449 ],,,, [ 2662669201 ],, [ 468429357691 ],,,,,,,
  ,,,,,,,,,,, [ 66551938021 ],,,,,,,, [ 295636503037 ],, [ 2926558321 ],,,,,,,,,,,,,,,,,,,,,,
  ,,,,,, [ 1446913651 ],, [ 24002279501 ],,,,, [ 5204915101 ],,, [ 1174895977 ],,,,,,,,,,,,,,
  ,,,,,,,,,,,, [ 635233193299 ],,,,,,,,,,,,,,,,,,,,,,,,,, [ 2575013761 ],,,,,,,,,, 
  [ 3740123251, 3767897374721 ],,,,,,,, [ 59537788979453 ],,,,,,,,,,,,,,,, 
  [ 3793496953, 5275280389 ],,,,,,,,,,,,,,,,,,,,,,,,,,,, [ 384470273377 ],,,,,,,,,, 
  [ 32110058993 ],,,,,,,,,,,,,,,,,,,,,,,, [ 2453513857 ],,,,,,,,,,,,,,,,,,,,,,,, 
  [ 8325642019241 ],,,,,,,,,,,,,,,,,, [ 1191886141 ],,,,,,,,,,,,,,,, [ 1630109713 ],,,,,,,,,,
  ,, [ 1953119251 ],, [ 7533004650881 ],,,,,,,, [ 15670958689 ],,,,,, [ 26908934713 ],,,,,, 
  [ 1729963693 ],,,, [ 24892037249 ],, [ 1067329321 ],,,,,,,,,,,,,,,,,,,,,,,,,, 
  [ 45689653901 ],,,,,,,,,,,, [ 13735415401 ],,,,,,,,,,,,,, [ 1200337181 ],,,,,,,,,,,,,, 
  [ 23721076261 ],, [ 151087840363 ],,,,,,,,,,,,,,,,,,,,,,,,,, [ 45513128417, 167933873857 ],
  ,,,,,,,,,,,,, [ 2679730327 ],,,,,,,,,,,,,,,,,,,,,,,,,,,, [ 5045170901 ],,,,,,,,,, 
  [ 69664071821 ],,,, [ 10842874729 ],,,,,, [ 347665350961 ],,,,,,,, [ 1037110649737 ],,,,,,,
  ,,,,,,,,,,,,,,,,,,,,,,,,,,,,,,,,,,, [ 14173959521 ],,,,,,,,,, [ 21999959221 ],,,,,,,,,,,, 
  [ 2922937813, 19422466579 ],,,,,,,,,,,,,,,,,,,,,,,,,,,,,, [ 7303765237 ],,,,,,,,,,,,,,,,,, 
  [ 69182957131 ],,,,,,,,,,,,,,,,,,,,,,,,,,,, [ 2968253303 ],,,,,,,,,,,, [ 4412757311 ],,,,,,
  ,,,, [ 24744325321 ],,,,,,,,,,,,,,,,,,,,,, [ 162387122371 ],,,,,,,,,,,,,,,,,,,,,,,, 
  [ 43746763087 ],,,,,, [ 7984210166461 ],,,,,,,,,,,,,,,,,,,,,,,,,,,,,,,,,,,,,,,,,,,, 
  [ 143314496953 ],,,, [ 10521044101 ],,,,,,,,,, [ 1792663051 ],, [ 82739137777 ],,,,,,,,,,,,
  ,,,,,,,,,,,,,,,, [ 26631461341 ],,,,,,,, [ 166906893553 ],,,,,,,,,,,,,,,,,,,,,,,,,,,,,,,,,,
  ,, [ 1609880449 ],,,,,,,,,,,,,,,, [ 11234410001 ],,,,,,,,,,,,,, [ 371880740797 ],,,,,,,,,,,
  ,,,,, [ 277084565731 ],,,,,,,,,,,,,, [ 1141274737, 17648195041 ],,,,,, [ 46947220321 ],,,,,
  ,,,,,,, [ 13842949789 ],,,,,,,,,,,,,,,,,,,,,,,, [ 7681686853 ],,,,,,,,,,,,,,,,,, 
  [ 6279855817 ],,,,,,,,,,,, [ 6550056217 ],,,, [ 1555722121 ],,,,,,,,,, [ 7541225971 ],,,,,,
  ,,,,,,,,,,,,,,,, [ 119309308057, 2695955836033 ],,,,,,,, [ 215922586001 ],,,,,,,,,,,,,,,,,,
  ,,,,,,,,,,,,,,,, [ 24276704251 ],,,,,,,,,,,,,,,,,,,,,,,,,,,,,,,,,,,,,,,,,, [ 5503183813 ],,
  ,,,,,,,,,,,, [ 40885719991 ],,,, [ 33394185973, 57174227419 ],,,,,,,,,,,,,,,,,,,,,,,, 
  [ 2414392093 ],,,,,,,,,,,,,,,,,,,,,,,,,,,,,,,,,,,,,,,,,,,,,,,,,,,,,, [ 1748040193 ],,,,,,,,
  ,,,,,,,,,, [ 4653222661 ],,,,,,,,,, [ 25663756762201 ],,,,,,,,,,,,,,,,,,,,,,,,,,,,,,,,,,,,,
  ,,,,,,,,,,,,,,,,,,,,,,,,,,,,,,,,,,,,,,,,,,,,,,,,,,,,,,,,,,,,,,, [ 119899279501 ],,,,,,,,,, 
  [ 1123749481 ],,,,,,,,,,,,,,,,,,,,,,,, [ 678109412719 ],,,,,,,,,,,,,,,,,,,,,,,,,,,,,, 
  [ 16199138773 ],,,,,,,,,,,,,,,,,,,,,,,,,,,,,,,,,,,,,,,,,,,,,, [ 4285642661 ],,,,,,,,,,,,,,,
  ,,,,,,,,,,, [ 3155644753 ],,,,,,,,,,,,,,,,,,,,,,,,,,,,,,,,,,,,,,,,,,,,,,,,,,,,,,,,,,,,,,,,,
  ,,,,,,,,,,,,,,,,,,, [ 72208232401 ],,,,,,,,,,,,,,,,,,,,,,,,,,,,,,,,,,,,,,,,,,,,,,,,,,,,,,,,
  ,,,,,,,,,,,,,,,,,,,,,,,,,,,,,,,,,,,,,,,,,,,,,,,,,,,,,,,,,, [ 311434818283 ],,,,,,,,,,,,,,,,
  ,, [ 9400751497 ],,,,,,,,,,,,,,,,,, [ 170153017711 ],,,,,, [ 3778335829 ],,,,,,,,,,,, 
  [ 170133566689 ],,,,,,,,,,,,,,,,,, [ 1065571141 ],,,,,,,,,,,,,,,,,,,,,,,,,,,,,,,,,,,, 
  [ 2483498587 ],,,,,,,,,,,,,,,,,, [ 15049475401 ],,,,,,,,,,,,,,,,,,,,,,,,,,,,,,,,,,,, 
  [ 79904659561 ],,,,,,,,,,,, [ 7245843529 ],,,,,,,,,,,,,,,,,,,,,,,, 
  [ 8331483889, 3329569354561 ],,,,,,,,,,,,,,,,,,,,,,,,,,,,,,,,,,,,,,,,,,,,,,,,,,,,,,,,,,,,,,
  ,,,,,,,,,, [ 1658719921, 3032015689 ],,,,,,,,,,,,,,,,,,,,,,,,,,,,,,,,,,,,,,,,,,,,,,,,,,,,,,
  ,,,,,, [ 12858301873 ],,,,,, [ 4450908391 ],,,,,,,,,,,,,,,,,,,, [ 3768995231 ],,,,,,,,,,,,,
  ,,, [ 944372172217 ],,,,,,,,,,,,,,,,,,,,,,,, [ 20016511261 ],,,,,,,,,,,,,,,,,,,,,,,,,,,,,,,
  ,,,,, [ 42748558393 ],,,,,,,,,,,,,,,,,, [ 2687982601 ],,,,,,,,,,,,,,,,,, 
  [ 20572467679, 378047201239 ],,,,,,,,,,,,,,,,,,,,,,,, [ 1498253329 ],,,,,,,,,,,,,,,,,,,,,,,
  ,,,,,,,,,,,,,,,,,,,,,,,,,,,,,,,,,,,,,,,,,,,,,,,,,,,,,,,,,,,,,,,,,,,,,,,,,,,,,,,,,,,,,,,,,,,
  ,,,,,,,,,,,,,,,,,,,,,,,,,,,,,,,,,,,,,,,,,,,,,,,,,,,,,,,,,,,,,,,,,,,,,,,,,,,,,,,,,,,,,,,,,,,
  ,,,,,,,,,,,,,,,,,,,,,,,,,,,,, [ 241270076161 ],,,,,,,,,,,,,,,,,,,,,,,,,,,,,,,,,,,,,,,,,,,,,
  ,,,,,,,,,,,,,,, [ 8061124861 ],,,,,,,,,,,,,,,,,,,,,,,,,,,,,, [ 15798685501 ],,,,,,,,,,,,,,,
  ,,,,,,,,,,,,,,, [ 29376685801 ],,,,,,,,,,,,,,,,,,,,,,,,,,,,,,,,,,,,,,,,,,,,,,,,,,,,,,,,,,,,
  ,,,,,,,,,,,,,,,,,,,,,,,,,,,,,,,,,,,,,,,,,,,,,,,,,,,,,,,,,,,,,,,,,,,,,,,,,,,,,,,,,,,,,,,,,,,
  ,,,,,,,,,,,,,,,,,,,,,,,,,,,,,,,,,,,,,,,,, [ 34376955889 ],,,,,,,,,,,,,,,,,,,,,,,,,,,,,,,,,,
  ,,,,,,,,,,,,,, [ 27375427081 ],,,,,,,,,,,,,,,,,, [ 329996219851 ],,,,,,,,,,,,,,,,,,,,,,,,,,
  ,,,,,,,,,,,,,,,,,,,,,,,,,,,,,,,,,,,,,,,, [ 6900349369 ],,,,,,,,,,,,,,,,,,,,,,,,,,,,,,,,,,,,
  ,,,,,,,,,,,,,,,,,,,,,,,,,,,,,,,,,,,,,,,,,,,,,,,,,,,,,,,,,,,, [ 46154196901 ],,,,,,,,,,,,,,,
  ,,,,,,,,,,,,,,,,,,,,,,,,,,,,,,,,,,,,,,,,,,,,,,,,,,,,,,,,,,,,,,,,,,,,,,,,,,,,,,,,,,,,,,,,,,,
  ,,,,,,,,,,,,,,,,,,,,,,,,,,,,,,,,,,,,,,,,,,,,,,,,,,,,,,,,,,,,,,,,,,,,,,,,,,,,,,,,,,,,,,,,,,,
  ,,,,,,,,,,,,, [ 17798737111 ],,,,,,,,,,,,,,,,,,,,,,,,,,,,,,,,,,,,,,,,,,,,,,,,,,,,,,,,,,,,,,
  ,,,,,,,,,,,,,,,,,,,,,,,,,,,,,,,,,,,,,,,,,,,,,,,,,,,,,,,,,,,,,,,,,,,,,,,,,,,,,,,,,,,,,,,,,,,
  ,,,,,,,,,,,,,,,,,,,,,,,,,,,,,,,,,,,,,,,,,,,,,,,,,,,,,,,,,,,,,,,,,,,,,,,,,,,,,,,,,,,,,,,,,,,
  ,,,,,,,,,,,,,,,,,,,,,,,,,,,,,,,,,,,,,,,,,,,,,,,,,,,,,,,,,,,,,,,,,,,,,,,,,,,,,,,,,,,,,,,,,,,
  ,,,,,,,,,,,,,,,,,,,,,,,,,,,,,,,,,,,,,,,,,,,,,,,,,,,,,,,,,,,,,,,,,,,,,,,,,,,,,,,,,,,,,,,,,,,
  ,,,,,,,,,,,,,,,,,,,,,,,,,,,,,,,,,,,,,,,,,,,,,,,,,,,,,,,,,,,,,,,,,,,,,,,,,,,,,,,,,,,,,,,,,,,
  ,,,,,,,,,,,,,,,,,,,,,,,,,,,,,,,,,,,,,,,,,,,,,,,,,,,,,,,,,,,,,,,,,,,,,,,,,,,,,,,,,,,,,,,,,,,
  ,,,,,,,,,,,,,,,,,,,,,,,,,,,,,,,,,,,,,,,,,,,,,,,,,,,,,,,,,,,,,,,,,,,,,,,,,,,,,,,,,,,,,,,,,,,
  ,,,,,,,,,,,,,,,,,,,,,,,,,,,,,,,,,,,,,,,,,,,,,,,,,,,,,,,,,,,,,,,,,,,,,,,,,,,,,,,,,,,,,,,,,,,
  ,,,,,,,,,,,,,,,,,,,,,,,,,,,,,,,,,,,,,,,,,,,,,,,,,,,,,,,,,,,,,,,,,,,,,,,,,,,,,,,,,,,,,,,,,,,
  ,,,,,,,,,,,,,,,,,,, [ 1991437501 ],,,,,,,,,,,,,,,,,,,,,,,,,,,,,,,,,,,,,,,,,,,,,,,,,,,,,,,,,
  ,,,,,,,,,,,,,,,,,,,,,,,,,,,,,,,,,,,,,,,,,,,,,,,,,,,,,,,,,,,,,,,,,,,,,,,,,,,,,,,,,,,,,,,,,,,
  ,,,,,,,,,,,,,,,,,,,,,,,,,,,,,,,, [ 1423580401, 2245812691, 146359654981 ],,,,,,,,,,,,,,,,,,
  ,,,,,,,,,,,,,,,,,,,,,,,,,,,,,,,,,,,,,,,,,,,,,,,,,,,,,,,,,,,,,,,,,,,,,,,,,,,,,,,,,,,,,,,,,,,
  ,,,,,,,,,,,,,,,,,,,,,,,,,,,,,,,,,,,,,,,,,,,,,,,,,,,,,,,,,,,,,,,,,,,,,,,,,,,,,,,,,,,,,,,,,,,
  ,,,,,,,,,,,,,,,,,,,,,,,,,,,,,,,,,,,,,,,,,,,,,,,,,,,,,,,,,,,,,,,,,,,,,,,,,,,,,,,,,,,,,,,,,,,
  ,,,,,,,,,,,,,,,,,,,,,,,,,,,,,,,,,,,,,,,,,,,,,,,,,,,,,,,,,,,,,,,,,,,,,,,,,,,,,,,,,,,,,,,,,,,
  ,,,,,,,,,,,,,,,,,,,,,,,,,,,,,,,,,,,,,,,,,,,,,,,,,,,,,,,,,,,,,,,,,,,,,,,,,,,,,,,,,,,,,,,,,,,
  ,,,,,,,,,,,,,,,,,,,,,,,,,,,,,,,,,,,,,,,,,,,,,,,,,,,,,,,,,,,,,,,,,,,,,,,,,,,,,,,,,,,,,,,,,,,
  ,,,,,,,,,,,,,,,,,,,,,,,,,,,,,,,,,,,,,,,,,,,,,,,,,,,,,,,,,,,,,,,,,,,,,,,,,,,,,,,,,,,,,,,,,,,
  ,,,,,,,,,,,,,,,,,,,,,,,,,,,,,,,,,,,,,,,,,,,,,,,,,,,,,,,,,,,,,,,,,,,,,,,,,,,,,,,,,,,,,,,,,,,
  ,,,,,,,,,,,,,,,,,,,,,,,,,,,,,,,,,,,,,,,,,,,,,,,,,,,,,,,,,,,,,,,,,,,,,,,,,,,,,,,,,,,,,,,,,,,
  ,,,,,,,,,,,,,,,,,,,,,,,,,,,,,,,,,,,,,,,,,,,,,,,,,,,,,,,,,,,,,,,,,,,,,,,,,,,,,,,,,,,,,,,,,,,
  ,,,,,,,,,,,,,,,,,,,,,,,,,,,,,,,,,,,,,,,,,,,,,,,,,,,,,,,,,,,,,,,,,,,,,,,,,,,,,,,,,,,,,,,,,,,
  ,,,,,,,,,,,,,,,,,,,,,,,,,,,,,,,,,,,,,,,,,,,,,,,,,,,,,,,,,,,,,,,,,,,,,,,,,,,,,,,,,,,,,,,,,,,
  ,,,,,,,,,,,,,,,,,,,,,,,,,,,,,,,,,,,,,,,,,,,,,,,,,,,,,,,,,,,,,,,,,,,,,,,,,,,,,,,,,,,,,,,,,,,
  ,,,,,,,,,,,,,,,,,,,,,,,,,,,,,,,,,,,,,,,,,,,,,,,,,,,,,,,,,,,,,,,,,,,,,,,,,,,,,,,,,,,,,,,,,,,
  ,,,,,,,,,,,,,,,,,,,,,,,,,,,,,,,,,,,,,,,,,,,,,,,,,,,,,,,,,,,,,,,,,,,,,,,,,,,,,,,,,,,,,,,,,,,
  ,,,,,,,,,,,,,,,,,,,,,,,,,,,,,,,,,,,,,,,,,,,,,,,,,,,,,,,,,,,,,,,,,,,,,,,,,,,,,,,,,,,,,,,,,,,
  ,,,,,,,,,,,,,,,,,,,,,,,,,,,,,,,,,,,,,,,,,,,,,,,,,,,,,,,,,,,,,,,,,,,,,,,,,,,,,,,,,,,,,,,,,,,
  ,,,,,,,,,,,,,,,,,,,,,,,,,,,,,,,,,,,,,,,,,,,,,,,,,,,,,,,,,,,,,,,,,,,,,,,,,,,,,,,,,,,,,,,,,,,
  ,,,,,,,,,,,,,,,,,,,,,,,,,,,,,,,,,,,,,,,,,,,,,,,,,,,,,,,,,,,,,,,,,,,,,,,,,,,,,,,,,,,,,,,,,,,
  ,,,,,,,,,,,,,,,,,,,,,,,,,,,,,,,,,,,,,,,,,,,,,,,,,,,,,,,,,,,,,,,,,,,,,,,,,,,,,,,,,,,,,,,,,,,
  ,,,,,,,,,,,,,,,,,,,,,,,,,,,,,,,,,,,,,,,,,,,,,,,,,,,,,,,,,,,,,,,,,,,,,,,,,,,,,,,,,,,,,,,,,,,
  ,,,,,,,,,,,,,,,,,,,,,,,,,,,,,,,,,,,,,,,,,,,,,,,,,,,,,,,,,,,,,,,,,,,,,,,,,,,,,,,,,,,,,,,,,,,
  ,,,,,,,,,,,,,,,,,,,,,,,,,,,,,,,,,,,,,,,,,,,,,,,,,,,,,,,,,,,,,,,,,,,,,,,,,,,,,,,,,,,,,,,,,,,
  ,,,,,,,,,,,,,,,,,,,,,,,,,,,,,,,,,,,,,,,,,,,,,,,,,,,,,,,,,,,,,,,,,,,,,,,,,,,,,,,,,,,,,,,,,,,
  ,,,,,,,,,,,,,,,,,,,,,,,,,,,,,,,,,,,,,,,,,,,,,,,,,,,,,,,,,,,,,,,,,,,,,,,,,,,,,,,,,,,,,,,,,,,
  ,,,,,,,,,,,,,,,,,,,,,,,,,,,,,,,,,,,,,,,,,,,,,,,,,,,,,,,,,,,,,,,,,,,,,,,,,,,,,,,,,,,,,,,,,,,
  ,,,,,,,,,,,,,,,,,,,,,,,,,,,,,,,,,,,,,,,,,,,,,,,,,,,,,,,,,,,,,,,,,,,,,,,,,,,,,,,,,,,,,,,,,,,
  ,,,,,,,,,,,,,,,,,,,,,,,,,,,,,,,,,,,,,,,,,,,,,,,,,,,,,,,,,,,,,,,,,,,,,,,,,,,,,,,,,,,,,,,,,,,
  ,,,,,,,,,,,,,,,,,,,,,,,,,,,,,,,,,,,,,,,,,,,,,,,,,,,,,,,,,,,,,,,,,,,,,,,,,,,,,,,,,,,,,,,,,,,
  ,,,,,,,,,,,,,,,,,,,,,,,,,,,,,,,,,,,,,,,,,,,,,,,,,,,,,,,,,,,,,,,,,,,,,,,,,,,,,,,,,,,,,,,,,,,
  ,,,,,,,,,,,,,,,,,,,,,,,,,,,,,,,,,,,,,,,,,,,,,,,,,,,,,,,,,,,,,,,,,,,,,,,,,,,,,,,,,,,,,,,,,,,
  ,,,,,,,,,,,,,,,,,,,,,,,,,,,,,,,,,,,,,,,,,,,,,,,,,,,,,,,,,,,,,,,,,,,,,,,,,,,,,,,,,,,,,,,,,,,
  ,,,,,,,,,,,,,,,,,,,,,,,,,,,,,,,,,,,,,,,,,,,,,,,,,,,,,,,,,,,,,,,,,,,,,,,,,,,,,,,,,,,,,,,,,,,
  ,,,,,,,,,,,,,,,,,,,,,,,,,,,,,,,,,,,,,,,,,,,,,,,,,,,,,,,,,,,,,,,,,,,,,,,,,,,,,,,,,,,,,,,,,,,
  ,,,,,,,,,,,,,,,,,,,,,,,,,,,,,,,,,,,,,,,,,,,,,,,,,,,,,,,,,,,,,,,,,,,,,,,,,,,,,,,,,,,,,,,,,,,
  ,,,,,,,,,,,,,,,,,,,,,,,,,,,,,,,,,,,,,,,,,,,,,,,,,,,,,,,,,,,,,,,,,,,,,,,,,,,,,,,,,,,,,,,,,,,
  ,,,,,,,,,,,,,,,,,,,,,,,,,,,,,,,,,,,,,,,,,,,,,,,,,,,,,,,,,,,,,,,,,,,,,,,,,,,,,,,,,,,,,,,,,,,
  ,,,,,,,,,,,,,,,,,,,,,,,,,,,,,,,,,,,,,,,,,,,,,,,,,,,,,,,,,,,,,,,,,,,,,,,,,,,,,,,,,,,,,,,,,,,
  ,,,,,,,,,,,,,,,,,,,,,,,,,,,,,,,,,,,,,,,,,,,,,,,,,,,,,,,,,,,,,,,,,,,,,,,,,,,,,,,,,,,,,,,,,,,
  ,,,,,,,,,,,,,,,,,,,,,,,,,,,,,,,,,,,,,,,,,,,,,,,,,,,,,,,,,,,,,,,,,,,,,,,,,,,,,,,,,,,,,,,,,,,
  ,,,,,,,,,,,,,,,,,,,,,,,,,,,,,,,,,,,,,,,,,,,,,,,,,,,,,,,,,,,,,,,,,,,,,,,,,,,,,,,,,,,,,,,,,,,
  ,,,,,,,,,,,,,,,,,,,,,,,,,,,,,,,,,,,,,,,,,,,,,,,,,,,,,,,,,,,,,,,,,,,,,,,,,,,,,,,,,,,,,,,,,,,
  ,,,,,,,,,,,,,,,,,,,,,,,,,,,,,,,,,,,,,,,,,,,,,,,,,,,,,,,,,,,,,,,,,,,,,,,,,,,,,,,,,,,,,,,,,,,
  ,,,,,,,,,,,,,,,,,,,,,,,,,,,,,,,,,,,,,,,,,,,,,,,,,,,,,,,,,,,,,,,,,,,,,,,,,,,,,,,,,,,,,,,,,,,
  ,,,,,,,,,,,,,,,,,,,,,,,,,,,,,,,,,,,,,,,,,,,,,,,,,,,,,,,,,,,,,,,,,,,,,,,,,,,,,,,,,,,,,,,,,,,
  ,,,,,,,,,,,,,,,,,,,,,,,,,,,,,,,,,,,,,,,,,,,,,,,,,,,,,,,,,,,,,,,,,,,,,,,,,,,,,,,,,,,,,,,,,,,
  ,,,,,,,,,,,,,,,,,,,,,,,,,,,,,,,,,,,,,,,,,,,,,,,,,,,,,,,,,,,,,,,,,,,,,,,,,,,,,,,,,,,,,,,,,,,
  ,,,,,,,,,,,,,,,,,,,,,,,,,,,,,,,,,,,,,,,,,,,,,,,,,,,,,,,,,,,,,,,,,,,,,,,,,,,,,,,,,,,,,,,,,,,
  ,,,,,,,,,,,,,,,,,,,,,,,,,,,,,,,,,,,,,,,,,,,,,,,,,,,,,,,,,,,,,,,,,,,,,,,,,,,,,,,,,,,,,,,,,,,
  ,,,,,,,,,,,,,,,,,,,,,,,,,,,,,,,,,,,,,,,,,,,,,,,,,,,,,,,,,,,,,,,,,,,,,,,,,,,,,,,,,,,,,,,,,,,
  ,,,,,,,,,,,,,,,,,,,,,,,,,,,,,,,,,,,,,,,,,,,,,,,,,,,,,,,,,,,,,,,,,,,,,,,,,,,,,,,,,,,,,,,,,,,
  ,,,,,,,,,,,,,,,,,,,,,,,,,,,,,,,,,,,,,,,,,,,,,,,,,,,,,,,,,,,,,,,,,,,,,,,,,,,,,,,,,,,,,,,,,,,
  ,,,,,,,,,,,,,,,,,,,,,,,,,,,,,,,,,,,,,,,,,,,,,,,,,,,,,,,,,,,,,,,,,,,,,,,,,,,,,,,,,,,,,,,,,,,
  ,,,,,,,,,,,,,,,,,,,,,,,,,,,,,,,,,,,,,,,,,,,,,,,,,,,,,,,,,,,,,,,,,,,,,,,,,,,,,,,,,,,,,,,,,,,
  ,,,,,,,,,,,,,,,,,,,,,,,,,,,,,,,,,,,,,,,,,,,,,,,,,,,,,,,,,,,,,,,,,,,,,,,,,,,,,,,,,,,,,,,,,,,
  ,,,,,,,,,,,,,,,,,,,,,,,,,,,,,,,,,,,,,,,,,,,,,,,,,,,,,,,,,,,,,,,,,,,,,,,,,,,,,,,,,,,,,,,,,,,
  ,,,,,,,,,,,,,,,,,,,,,,,,,,,,,,,,,,,,,,,,,,,,,,,,,,,,,,,,,,,,,,,,,,,,,,,,,,,,,,,,,,,,,,,,,,,
  ,,,,,,,,,,,,,,,,,,,,,,,,,,,,,,,,,,,,,,,,,,,,,,,,,,,,,,,,,,,,,,,,,,,,,,,,,,,,,,,,,,,,,,,,,,,
  ,,,,,,,,,,,,,,,,,,,,,,,,,,,,,,,,,,,,,,,,,,,,,,,,,,,,,,,,,,,,,,,,,,,,,,,,,,,,,,,,,,,,,,,,,,,
  ,,,,,,,,,,,,,,,,,,,,,,,,,,,,,,,,,,,,,,,,,,,,,,,,,,,,,,,,,,,,,,,,,,,,,,,,,,,,,,,,,,,,,,,,,,,
  ,,,,,,,,,,,,,,,,,,,,,,,,,,,,,,,,,,,,,,,,,,,,,,,,,,,,,,,,,,,,,,,,,,,,,,,,,,,,,,,,,,,,,,,,,,,
  ,,,,,,,,,,,,,,,,,,,,,,,,,,,,,,,,,,,,,,,,,,,,,,,,,,,,,,,,,,,,,,,,,,,,,,,,,,,,,,,,,,,,,,,,,,,
  ,,,,,,,,,,,,,,,,,,,,,,,,,,,,,,,,,,,,,,,,,,,,,,,,,,,,,,,,,,,,,,,,,,,,,,,,,,,,,,,,,,,,,,,,,,,
  ,,,,,,,,,,,,,,,,,,,,,,,,,,,,,,,,,,,,,,,,,,,,,,,,,,,,,,,,,,,,,,,,,,,,,,,,,,,,,,,,,,,,,,,,,,,
  ,,,,,,,,,,,,,,,,,,,,,,,,,,,,,,,,,,,,,,,,,,,,,,,,,,,,,,,,,,,,,,,,,,,,,,,,,,,,,,,,,,,,,,,,,,,
  ,,,,,,,,,,,,,,,,,,,,,,,,,,,,,,,,,,,,,,,,,,,,,,,,,,,,,,,,,,,,,,,,,,,,,,,,,,,,,,,,,,,,,,,,,,,
  ,,,,,,,,,,,,,,,,,,,,,,,,,,,,,,,,,,,,,,,,,,,,,,,,,,,,,,,,,,,,,,,,,,,,,,,,,,,,,,,,,,,,,,,,,,,
  ,,,,,,,,,,,,,,,,,,,,,,,,,,,,,,,,,,,,,,,,,,,,,,,,,,,,,,,,,,,,,,,,,,,,,,,,,,,,,,,,,,,,,,,,,,,
  ,,,,,,,,,,,,,,,,,,,,,,,,,,,,,,,,,,,,,,,,,,,,,,,,,,,,,,,,,,,,,,,,,,,,,,,,,,,,,,,,,,,,,,,,,,,
  ,,,,,,,,,,,,,,,,,,,,,,,,,,,,,,,,,,,,,,,,,,,,,,,,,,,,,,,,,,,,,,,,,,,,,,,,,,,,,,,,,,,,,,,,,,,
  ,,,,,,,,,,,,,,,,,,,,,,,,,,,,,,,,,,,,,,,,,,,,,,,,,,,,,,,,,,,,,,,,,,,,,,,,,,,,,,,,,,,,,,,,,,,
  ,,,,,,,,,,,,,,,,,,,,,,,,,,,,,,,,,,,,,,,,,,,,,,,,,,,,,,,,,,,,,,,,,,,,,,,,,,,,,,,,,,,,,,,,,,,
  ,,,,,,,,,,,,,,,,,,,,,,,,,,,,,,,,,,,,,,,,,,,,,,,,,,,,,,,,,,,,,,,,,,,,,,,,,,,,,,,,,,,,,,,,,,,
  ,,,,,,,,,,,,,,,,,,,,,,,,,,,,,,,,,,,,,,,,,,,,,,,,,,,,,,,,,,,,,,,,,,,,,,,,,,,,,,,,,,,,,,,,,,,
  ,,,,,,,,,,,,,,,,,,,,,,,,,,,,,,,,,,,,,,,,,,,,,,,,,,,,,,,,,,,,,,,,,,,,,,,,,,,,,,,,,,,,,,,,,,,
  ,,,,,,,,,,,,,,,,,,,,,,,,,,,,,,,,,,,,,,,,,,,,,,,,,,,,,,,,,,,,,,,,,,,,,,,,,,,,,,,,,,,,,,,,,,,
  ,,,,,,,,,,,,,,,,,,,,,,,,,,,,,,,,,,,,,,,,,,,,,,,,,,,,,,,,,,,,,,,,,,,,,,,,,,,,,,,,,,,,,,,,,,,
  ,,,,,,,,,,,,,,,,,,,,,,,,,,,,,,,,,,,,,,,,,,,,,,,,,,,,,,,,,,,,,,,,,,,,,,,,,,,,,,,,,,,,,,,,,,,
  ,,,,,,,,,,,,,,,,,,,,,,,,,,,,,,,,,,,,,,,,,,,,,,,,,,,,,,,,,,,,,,,,,,,,,,,,,,,,,,,,,,,,,,,,,,,
  ,,,,,,,,,,,,,,,,,,,,,,,,,,,,,,,,,,,,,,,,,,,,,,,,,,,,,,,,,,,,,,,,,,,,,,,,,,,,,,,,,,,,,,,,,,,
  ,,,,,,,,,,,,,,,,,,,,,,,,,,,,,,,,,,,,,,,,,,,,,,,,,,,,,,,,,,,,,,,,,,,,,,,,,,,,,,,,,,,,,,,,,,,
  ,,,,,,,,,,,,,,,,,,,,,,,,,,,,,,,,,,,,,,,,,,,,,,,,,,,,,,,,,,,,,,,,,,,,,,,,,,,,,,,,,,,,,,,,,,,
  ,,,,,,,,,,,,,,,,,,,,,,,,,,,,,,,,,,,,,,,,,,,,,,,,,,,,,,,,,,,,,,,,,,,,,,,,,,,,,,,,,,,,,,,,,,,
  ,,,,,,,,,,,,,,,,,,,,,,,,,,,,,,,,,,,,,,,,,,,,,,,,,,,,,,,,,,,,,,,,,,,,,,,,,,,,,,,,,,,,,,,,,,,
  ,,,,,,,,,,,,,,,,,,,,,,,,,,,,,,,,,,,,,,,,,,,,,,,,,,,,,,,,,,,,,,,,,,,,,,,,,,,,,,,,,,,,,,,,,,,
  ,,,,,,,,,,,,,,,,,,,,,,,,,,,,,,,,,,,,,,,,,,,,,,,,,,,,,,,,,,,,,,,,,,,,,,,,,,,,,,,,,,,,,,,,,,,
  ,,,,,,,,,,,,,,,,,,,,,,,,,,,,,,,,,,,,,,,,,,,,,,,,,,,,,,,,,,,,,,,,,,,,,,,,,,,,,,,,,,,,,,,,,,,
  ,,,,,,,,,,,,,,,,,,,,,,,,,,,,,,,,,,,,,,,,,,,,,,,,,,,,,,,,,,,,,,,,,,,,,,,,,,,,,,,,,,,,,,,,,,,
  ,,,,,,,,,,,,,,,,,,,,,,,,,,,,,,,,,,,,,,,,,,,,,,,,,,,,,,,,,,,,,,,,,,,,,,,,,,,,,,,,,,,,,,,,,,,
  ,,,,,,,,,,,,,,,,,,,,,,,,,,,,,,,,,,,,,,,,,,,,,,,,,,,,,,,,,,,,,,,,,,,,,,,,,,,,,,,,,,,,,,,,,,,
  ,,,,,,,,,,,,,,,,,,,,,,,,,,,,,,,,,,,,,,,,,,,,,,,,,,,,,,,,,,,,,,,,,,,,,,,,,,,,,,,,,,,,,,,,,,,
  ,,,,,,,,,,,,,,,,,,,,,,,,,,,,,,,,,,,,,,,,,,,,,,,,,,,,,,,,,,,,,,,,,,,,,,,,,,,,,,,,,,,,,,,,,,,
  ,,,,,,,,,,,,,,,,,,,,,,,,,,,,,,,,,,,,,,,,,,,,,,,,,,,,,,,,,,,,,,,,,,,,,,,,,,,,,,,,,,,,,,,,,,,
  ,,,,,,,,,,,,,,,,,,,,,,,,,,,,,,,,,,,,,,,,,,,,,,,,,,,,,,,,,,,,,,,,,,,,,,,,,,,,,,,,,,,,,,,,,,,
  ,,,,,,,,,,,,,,,,,,,,,,,,,,,,,,,,,,,,,,,,,,,,,,,,,,,,,,,,,,,,,,,,,,,,,,,,,,,,,,,,,,,,,,,,,,,
  ,,,,,,,,,,,,,,,,,,,,,,,,,,,,,,,,,,,,,,,,,,,,,,,,,,,,,,,,,,,,,,,,,,,,,,,,,,,,,,,,,,,,,,,,,,,
  ,,,,,,,,,,,,,,,,,,,,,,,,,,,,,,,,,,,,,,,, [ 1212776449, 7633666049, 137831514113 ] ]);
