BRENTFACTORS[7753]:=MakeImmutable([ ,,,,,,,,,, [ 3683269498198143349 ],, 
  [ 74669573087944433 ],,,, [ 5416693315099999 ],,, [ 4793912281 ], [ 44864863883124856873 ],
  [ 1069045429, 3600520309 ], 
  [ 878869885467908621377, 2548282665359562514249925063, 
      16527953552247000184618822181811795913 ], [ 132318129913 ],, [ 24487295093 ], 
  [ 675987106393 ],, [ 1045324498963, 3415368134400384262172687, 23620823360122257155875111, 
      783283291212511642967509231120421 ],, [ 4956942719, 8480512113649831 ], 
  [ 359002043098041399420991777 ], [ 866095367017, 22276702001731, 1095551644043892248797 ], 
  [ 1636486595009075433165328583 ],,, [ 140786801120061091662559, 1512851310039698810379397 ]
    , [ 460124319930501187154302801049 ], [ 163470798037, 9145558092886957767327741349 ], 
  [ 40801713001704568965521 ], [ 321492664713123729045457 ], [ 1076023570903 ], 
  [ 22911544661 ],, [ 565384159441, 28536497449778607571, 60323909775558174203221 ], 
  [ 47393548865089273090397 ], [ 1454266390641481192361166131 ], [ 3450975352599898782577 ], 
  [ 7277754161844482313201573031433 ], [ 79777708098045901, 144267462727637620951 ], 
  [ 51154765927 ], [ 23315939453, 7567144174836201541 ],, 
  [ 1216173235547450431, 53930539116572474557 ], 
  [ 85848466001, 14474680677280224175495949801 ], [ 1511105330113, 1257694358533289489 ], 
  [ 492123752741038358251 ], [ 11025411883547 ], [ 9147781969 ], 
  [ 447500373301, 452745251401, 3433768258621 ], [ 2203710296057, 40876474045122155293597 ], 
  [ 3172733791581727, 1664024827926217063711, 12981687889252711689118297207 ], 
  [ 22739813713, 32653664837641 ], 
  [ 414180278640494056998873415323544136257, 450384600661883721860927371308132668801 ], 
  [ 134279814215821 ], [ 479255876089 ], [ 420498168343086783988144763141 ], 
  [ 15625487656874948075514122436301070626512373 ], [ 187359141169487227 ],, 
  [ 79081699819, 1061414566661191 ], [ 1416863062908919437173242431384604704306031297 ], 
  [ 115205080817, 173291824061466437 ], 
  [ 14809858879393471780097917, 157965267656324268653027356576303 ], [ 219782536569451 ], 
  [ 13185569608588338851101, 60253076592712183063033371917, 
      21824220820212515022733749781612598161 ], [ 757972176931817 ], 
  [ 115864913582250084799236223, 781318005853322343523187957251 ], 
  [ 25328490327755166791, 179339368639554022372082143 ], 
  [ 1181763756961, 255690910953015365614998547558448641 ],, [ 597037134014226397 ], 
  [ 110201230933369 ], [ 7396243177, 307066062003159542231524523024431597 ], [ 6522250261 ], 
  [ 1901170994621273451268813 ], [ 772921015238391212470099, 59233111691789402692182217 ],, 
  [ 1200839443 ],, [ 55832701268961383677, 116950648912846659085267 ],, 
  [ 9993199406101237, 413986509060649633 ], 
  [ 1411605991, 13899815063, 158067554030435109427, 35580362697830814666427, 
      5770024511585820906553460287159, 3455485199098782993792533996623323561719 ],, 
  [ 2350056136665729313, 868952391778687617463081057, 441494239312108724388484905137281 ], 
  [ 265376652860293361, 3305495799744748895146376279 ],, [ 6458919095074332349 ], 
  [ 1725623439579101, 14546924497814201, 11332371197920910925806701, 
      124321669820648998337681438801 ],, [ 29688695331587636956786219 ], [ 25609015461829 ], 
  [ 2465766161, 18848227271329 ],,, [ 1069776542202817266906232091 ], [ 141591961155529 ], 
  [ 333048379481 ],, [ 8902656154723, 28297863835642811077 ], [ 240142409396401 ],,, 
  [ 22157825791, 105144471941, 980415477974211750982331 ], [ 1085656877 ],,, 
  [ 15250766219322815693 ], [ 10290319201 ], [ 9573472208873, 1140436616320421286527 ], 
  [ 28206897238451 ], [ 1252864090023801769 ],,, [ 1029415003093 ], [ 3328123841412869 ], 
  [ 3859920147927980033, 10746337976798661754830721, 439657165211365547595490787969 ],, 
  [ 85839631807682611 ], [ 23843518291, 6389769793937, 2556361123528396637006088631849 ], 
  [ 4247636977, 98134531736077, 127181683350217, 
      4047936589104645071324637952554184299001462432080997 ], 
  [ 3517161061, 150738418951513, 1395274223436647 ], [ 1808477267 ],, 
  [ 737248421537, 4517397874513 ],, [ 8543709665931622081 ], 
  [ 4554306089, 1540304682629, 56972716010714261, 18226818991369091273 ], 
  [ 1323501614361781 ], [ 427245613262197 ], 
  [ 3359430889, 12546531979, 25102886128858411719471077 ], 
  [ 21608697683, 49200825353841102950009, 42364996730673678636583009 ],, 
  [ 7006544959118707389405611 ],, [ 4738318413918937 ], [ 1243401281, 1858935896910397 ], 
  [ 121781341494143, 43218051154108469, 754007234584160868007735020967 ], 
  [ 1537135768874299010549401, 1806566439602990348021267163861414459001 ],, 
  [ 26798986680920537 ], [ 11737926092960311209156991, 623207160749431361129368411 ], 
  [ 77488243108733381 ],, [ 1770076795711702870751893 ],, [ 1151119850913674966064121 ], 
  [ 560863073209 ],, [ 1155661644719, 47574855273247, 800206850503999, 29432356479922117, 
      83481637393185979109 ], [ 99017845412465078202963889 ],, [ 6721147228122101 ], 
  [ 1725263884411 ],, [ 1102753703108159 ], [ 4372666419088918396304521158717185329 ], 
  [ 18478997083, 10182466852013, 16949442818993397571 ], [ 17275895474654467621 ], 
  [ 6470437166299 ], [ 1801260541 ], [ 10544416498433, 3705860894842298453788831 ], 
  [ 113954712015307, 31506007478779175944543 ],, [ 98669210113, 532565733041 ], 
  [ 397835112842343640741 ], [ 31574258017, 2113867396713013783969 ], [ 52249318487 ],, 
  [ 5482075780164332226155087 ], [ 96049482691709, 596630327499389 ], 
  [ 20244305333019961, 78941255775206704765938511 ],, [ 162401379927672771241 ], 
  [ 39316858561, 18909982815709, 128128020237962321952391, 136616521158564963102502639 ],, 
  [ 8834815789, 425490057630361333 ],, [ 43617781949801 ], [ 57906018207822509022474793 ],,, 
  [ 6919876566961, 548261691568037921 ], [ 1168711441, 4839246361 ], 
  [ 2094152789, 501897688102530077 ], [ 23962054516684787 ], 
  [ 413488029483506143, 5733596221894367235438781753 ], [ 3560624450040263667011903737 ], 
  [ 4670932208350002656369222401 ],,, [ 4591201469 ], [ 36004691738940176809 ],,,,, 
  [ 10092132599693 ], [ 5445099656282189746951921 ],,, [ 1387613945009809250317 ], 
  [ 104651795251203342007 ], [ 2057973551 ], [ 2802800347524864842672953 ],,, 
  [ 30961327284169 ],, [ 135377533775173, 4051984200736946002673 ], [ 11243087881 ], 
  [ 4680136042667 ],,, [ 304507459254671 ], [ 20373740009005094077 ], [ 1002653941 ], 
  [ 49092887668103694221, 1398306638384158588889, 955350306350184927824516057 ], 
  [ 4123393081, 621978139631, 458009274637511 ], [ 3777484791827209 ], 
  [ 2022458649528421081 ], [ 211475473981, 12762612559919769667 ], 
  [ 107793384427, 2065140913681, 1507047310189942156650457 ], [ 462390523895701 ],,,, 
  [ 2186345233, 6593761441, 16849397231 ], [ 4803364795228790641 ], 
  [ 7021426421239003, 464756744170826959 ], [ 90868843781, 27338181855870359 ],,,, 
  [ 307231351027 ],, [ 353310123216769, 1546923810259777, 2580523760569537 ],, 
  [ 1042479295001 ], [ 32319709215737, 39783761801033 ], 
  [ 926991549381241, 1816367584575239948449, 23043738354498858632440141 ], 
  [ 8004234877, 90468631067, 183659665606559209 ], [ 1094131063823492011 ],, 
  [ 7161142706909441 ], [ 819439638914045765754236997581 ],,, [ 316393475581 ],, 
  [ 1048302260231, 19518851396097443213 ], 
  [ 1239847751, 374727746746343, 30380490835269815655007 ],,,, [ 63359608455043 ], 
  [ 25083745153, 72392705113 ], [ 1038216799, 24702225347 ], 
  [ 3631072321, 20022867905994001 ], [ 6695398896876672075605401 ], 
  [ 47945221487713199215633 ],, [ 4702053173, 16716743889374633090713 ],, [ 395214526088929 ]
   ,, [ 1898423081, 71748929352223839497 ], [ 71668449752720077 ],, 
  [ 139152567901750561, 6428428541579873561 ], [ 161231812790304558791383 ],, 
  [ 5569882118655689 ],, [ 1529408841533, 114545644197557 ], [ 10224486264784513 ], 
  [ 4314154152673 ], [ 1053116579, 47484843469917483373 ], [ 80719878611 ], 
  [ 12938506866044671, 21479870446908745639 ],, [ 13099181157319, 1903224010202051475667 ], 
  [ 384488024443993 ], [ 2749344120032858652091 ], [ 1382226662617 ],, 
  [ 3522149159140761847 ],, [ 9225758701, 67055946901 ], [ 3381367944636604130786327 ],, 
  [ 148036902103, 6367018484152609, 5528220973323672157 ], [ 64145136353 ], 
  [ 3954150994261511 ], [ 58836912859 ],,,, [ 522511630225441 ],, [ 6199827528771553 ],, 
  [ 6813858719, 82710222544136461 ],,, [ 55934984970217729 ],,, [ 38955324392641 ],, 
  [ 2594409160755469 ],,, [ 17258115551 ], [ 566090891609037396389 ],,,, 
  [ 28923608341, 102310810471, 2761604231101 ], [ 1129487189 ],, [ 1969017207139 ], 
  [ 62719124207, 3077192913645202321 ],,, [ 3224661092510761, 625592722389002527 ], 
  [ 16122833437097063 ],, [ 14271431138101 ],, [ 229758899959, 259343350039 ], 
  [ 22546930984439 ], [ 19999904753, 45008894641, 528171745121, 10257966302024033 ],, 
  [ 310427937073643 ],, [ 5961218077 ],,,,,, [ 288907313504926261 ],,, [ 1392492781 ],,, 
  [ 45774583579441 ],,,,, [ 12416446631 ], [ 1067525743, 7586720139667 ],, [ 459184035073 ],
  , [ 3902826917461 ],,, [ 3681377213 ],, [ 1183432539001, 13016844265501, 13827710558094001 
     ], [ 2555339617, 28456489137427369 ], [ 298991979257947 ], [ 2463950747072227267 ], 
  [ 1844677427557 ],,, [ 17086355761, 152485594901 ], [ 33239980181, 6854086118431 ],,, 
  [ 859743141469 ], [ 27797677489 ], [ 832745262289 ],, [ 2475033991 ], [ 24899285077 ], 
  [ 852128052560401, 12854458845963617 ],,,,, [ 957277535917 ],,,, [ 2219006483 ], 
  [ 15947370553, 5971235453266579 ], [ 3160086619, 8342934211, 202684533551452025928583 ], 
  [ 3101774952417995159629 ],, [ 1632862981 ],,,,, [ 14442010633 ],, [ 108980548941559 ],,,,,
  , [ 1054603617035699 ], [ 46799135407572043021 ],, [ 6521114939, 541520434748129 ],, 
  [ 171866786681 ], [ 57166966483951 ], [ 549090025999 ],, 
  [ 85485701317, 660201776743827570017 ],, [ 953648425481 ],, [ 5289530689 ],, 
  [ 81965046838319 ], [ 2900729568661 ],, [ 1886450341 ], [ 114109721813827 ],,,,,, 
  [ 6360991078336561, 323123702817798901 ],,, [ 1648171249 ], 
  [ 8121481553921, 1756305296260457153 ], [ 6998196617, 24578706307 ], 
  [ 1222027313589451, 228561559648449219001 ],,,,,, 
  [ 26481547410649, 32857819046953, 55867457273521 ],,,,,, [ 139190426515141 ],,,, 
  [ 2332363087 ],, [ 7291013127373, 21918631913569, 109085609897317, 4085901992977644306637 ]
   ,, [ 2333557324951, 71111246069911, 7618449629778941 ],, [ 44512971497 ],,, 
  [ 268635481451 ],,,,,,,,, [ 52622926878636533 ], [ 2097879863621, 6311776846801 ],,,, 
  [ 2906500590177967 ], [ 6985562011, 34219143631 ], [ 114753938323 ],,, 
  [ 15664426943015012059 ],, [ 17007872737 ],, [ 3071930929, 118890556387, 25141878358969 ], 
  [ 4348425721, 58004109805987 ], [ 34107185936824001 ], 
  [ 402649831279, 660793003004791, 14933374639880743 ],,, [ 11725175953, 189350982577 ],, 
  [ 141447464159 ], [ 155882632017771283 ], [ 5601344539209574028329777 ],, 
  [ 45334130006219371 ], [ 8350532051 ],,, [ 864971585139943 ],, 
  [ 1403746603981, 475721328136981 ],, [ 107800585880422093 ],,,, 
  [ 1837631108899, 3578782616123244031, 232114024063576430497 ],, [ 4791895993833888634229 ],
  ,,,,,,,, [ 2547811423 ], [ 1369698018109 ],,, [ 1354304264191 ],,, 
  [ 506494528980099397021 ],, [ 218102994017, 679931909557, 56211896774057 ], [ 9469530127 ],
  ,, [ 1883379255577, 83145868818281179 ],, [ 29948043770681 ],, 
  [ 3733029851, 83758741252451 ],,, [ 1317938357, 156985121287 ], [ 12169657864963 ],, 
  [ 6958710992669, 35730508567431749 ],,,,,, [ 2620031748401 ],,, 
  [ 5483273021, 765828021691 ], [ 55252549837 ], [ 171057113011 ], 
  [ 75137434121, 23652431862089, 33790382867270353 ],, 
  [ 28591564231, 35589736951, 17289033981481 ],, [ 68055626497, 36487046366725813 ],, 
  [ 4540542049 ],, [ 22135979508481 ],,,, [ 2438235735281 ],, [ 12461801461 ],,, 
  [ 26684943253058611 ],,,,, [ 7192410931, 21864943493401, 98660249129044121 ],, 
  [ 47880238057777, 46937868296818033, 192585603779896771393 ],, [ 38064228492026287 ],, 
  [ 211699172680210493 ],, [ 3429769201 ],,,, [ 183631820093 ],,,,,,, 
  [ 12130100977, 85712823169, 216534913351 ], [ 3837348961, 97796454865938971 ],, 
  [ 346804794001, 2466910425457, 147098645355637 ],,,,,,,,, [ 11530590744097 ], 
  [ 4590878749 ], [ 152106684787 ],,,,, [ 7027512169, 11161209757 ],,,, [ 4929052057 ],,,, 
  [ 173887097497 ], [ 12169423813 ],,,,,, [ 4694416973 ],,,,, [ 704259666958249 ],,,, 
  [ 12595227769, 221086872341 ],,,, [ 1014094001, 832206498353 ],, [ 156887464427 ],,,,,, 
  [ 17000838209, 70079261114281 ],, [ 3861631869301 ],, [ 2199129481, 146872742153309 ],,,,,,
  ,,,,,, [ 61291762361321 ],,,,,,,,, [ 2120671723 ], [ 309337640545781697742831 ],, 
  [ 6474855264613 ],,,,,,,,,, [ 14037606181 ],, [ 2148554497 ],,,,,, [ 16526678363801 ],, 
  [ 362528280768769 ],, [ 57004445031199, 1666421330323051, 10863262690250629 ],,,,,, 
  [ 335357822957041 ],, [ 1659880889 ],, [ 42643028041 ],,,, [ 7828181066161 ],, 
  [ 3803623391 ],,, [ 7252697821 ], [ 71648076323 ],,,,,, [ 165961120901 ],,,,, 
  [ 2588255161 ],,, [ 98718772813 ],,,,,, [ 1318613297 ],,, [ 65159191351 ],,, 
  [ 3895915801 ], [ 5440929311 ], [ 397053909591127 ],,,, [ 1797707017 ],,,,,,,, 
  [ 2685226185973 ],, [ 8209924184633 ],, [ 15290271235541 ],,,, [ 1636140283 ],,,,, 
  [ 201618054219223 ], [ 16576000933841 ],,,, [ 1002983257, 68962858858081 ],,,,, 
  [ 3990169343 ], [ 10333211029 ],,,,,, [ 159424072189 ],,,,,,,,,,,,,,,,,, [ 287894142427 ],
  , [ 21123437761 ],, [ 3953941074427 ], [ 1028113523611 ],,, [ 14824078051 ],,,, 
  [ 249086925723211, 32164013604996769 ], [ 2317731211 ],,, [ 4180057999673887 ],,,, 
  [ 78375541953749 ],,,,,,,, [ 14051928851, 6647622519768301 ],,,,,,,,,, 
  [ 28391451761, 157551402301 ],,,,,,,, [ 7878471079781 ],, 
  [ 156609076711, 8225313567976291 ],, [ 52700086426961 ],,,,, [ 1480409327 ],,, 
  [ 28352873515121 ],, [ 399348640153, 26238594776941, 662377679448913 ],,,,,,, 
  [ 2137657397 ],,,,,,, [ 2705016765697 ], [ 1378306879 ],,, 
  [ 4665323701, 10056111301, 275345576639101 ],, [ 55615572827 ],,,,,, [ 4728982949 ],, 
  [ 41221086300941 ], [ 21502070633 ], [ 54335133482881 ],, 
  [ 17994734203, 31393189991, 1048231720847 ], [ 38460021151 ],, [ 11057000767 ],, 
  [ 1608737071 ], [ 3372252641 ],, [ 6179880181 ],,,,,,,, [ 17720785441 ],,, [ 94107168157 ],
  , [ 235342518181 ], [ 3875074508449 ],, [ 58309386451 ],, [ 28804974826541 ],, 
  [ 14295396926143 ],, [ 147107591473, 197746518337, 4711572827226913 ], [ 14436842491 ], 
  [ 119744996911 ],,, [ 2238360749 ],,, [ 7513477775777, 27793454698913 ],,, [ 1078676321 ], 
  [ 97072518197 ],,,, [ 5092590721 ],,,, [ 27311025197 ],,,,,, 
  [ 632499921751, 882234222154381 ],,,, [ 25848066904381 ],,,, 
  [ 34099463293531, 106711111721107 ], [ 3370716581 ], [ 52890970441 ],,,,,,,,, 
  [ 624893941493 ], [ 87184046071, 94182126391 ],,,, 
  [ 1613160613, 20163417233, 15784038869453 ], [ 2093076031 ],,, 
  [ 2389331761, 3856987567, 50716433861, 621881186119 ],, [ 10384866045249001 ],, 
  [ 46736191411201 ],,,,,, [ 291725546387215169377 ],, [ 1021184741 ],,,,,,,, [ 6376670561 ],
  , [ 205931852461 ],,,,, [ 47048680801 ], [ 2814157755217, 22144657936969 ],,, 
  [ 32264120071 ],,,, [ 21391430113 ],,,, [ 10906512691 ],,,,,,,,,,,,,,,,,,, 
  [ 3780800173921 ],,, [ 1409166823 ],,,,,, [ 1177030432111 ], [ 517834520087 ],, 
  [ 1551577466521 ],,,,,,,,,, [ 5551132973 ], [ 1309748467, 107972672809 ], 
  [ 2945344681, 100965845522161 ],,,,,,,,,, [ 1827721811 ],,,,,,,,,,,, [ 33636478241 ],,,,, 
  [ 84965542219 ],, [ 1117818769 ],,,, [ 15321138801907 ],,,,,, [ 19396363303 ], 
  [ 1725925601 ],,,,, [ 15101898751 ],,,,, [ 2377644301 ],,,,,,,,,, 
  [ 4264993683061, 5920376286481 ],,,, [ 2717735593 ],,,,, [ 1683649072141 ], 
  [ 218848260251 ], [ 2280218477 ],, [ 63942912581 ],,,, [ 19714870423 ],,,,,,,,,,,, 
  [ 23380617233 ], [ 4010090761 ],,,,, [ 251584608001 ],, [ 2729220539 ],, [ 6609853639 ],, 
  [ 1812268121 ],,,,,, [ 69718084153, 111040020739 ], [ 131169414421 ],,,,,,,, 
  [ 1467850801 ],,,, [ 6300585601, 25090224786402001 ],, [ 17592082553 ],,,,,,,,,,,, 
  [ 1310475367 ],,,, [ 1703154830623 ], [ 3606055553, 7710411487 ],,,,,,,, 
  [ 3426846583, 9398496073 ],,,,,,,,,, [ 382249410043 ], [ 8755553207, 29485991959 ],,,,,,,, 
  [ 1228684339, 31258770817 ],,,,,, [ 3299600929, 1136093528393 ],,,,,,,, [ 1334124541 ],,, 
  [ 2274910549, 2477702881, 12395832223, 373915196653 ],,,,,,,,,,,,,,,,,,,,,,,,,,,,,,,,,, 
  [ 13593361547 ],,,,,,, [ 1552363753 ],,, [ 4537483147 ],,,,,,,,,,,,, 
  [ 2008950241, 123937809601, 113623115736241 ],,,,,,,,, [ 7679952801397 ], [ 20239382731 ], 
  [ 226669715273 ],,,,, [ 2221201537 ],,,,,,,, [ 44654854273 ],,, [ 608786607150619 ],,,,,,,,
  ,, [ 1789120367 ],,,, [ 1456808957 ], [ 668767360441 ], [ 1054558553 ], [ 23975173949 ],,,,
  ,,,,,,,, [ 6752421409 ],,, [ 1084186349 ],,,,,,,, [ 4681729733 ],,,,,,, [ 2577567337 ], 
  [ 98528992291 ],,, [ 9617543797 ],, [ 1633527001 ],,,,,,,,,,,,,,, [ 153175289521 ], 
  [ 44208113949697 ],,,,,,, [ 70366752341 ], [ 990971708977 ],,,,,, [ 1450945211 ], 
  [ 14088847537, 125040164671 ],,,,,,,,,,,,,,, [ 50393715997 ],, 
  [ 14398082297, 731219325457 ],,,,,,,,,, [ 28362870577 ],,, [ 1294156723 ],, [ 4029093223 ],
  ,,,,, [ 10207050393671 ],, [ 28235856769 ],,,,,,,,,, [ 8202551083 ],,, [ 12539783677 ],,,,,
  ,,,, [ 5430871109 ],,,,, [ 22672283929 ], [ 4249997779 ],, [ 1632130363, 4286117509 ], 
  [ 91414429609 ],,,,,,, [ 3153948829 ],,,,,,,,,,,,,,,, [ 18159007651 ],,, [ 4068633794657 ],
  [ 492574352821 ],,,,,,, [ 9002476033 ],, [ 29985919987 ], [ 1116762748669 ], 
  [ 1489905341 ],,, [ 1891696399 ],,, [ 23196323141 ],,,, [ 25774771751 ],,,,,, 
  [ 9716582041 ],, [ 3329720209 ],,,,,, [ 66168273121 ],,,,,,, [ 16141789351 ],,,,,,,,, 
  [ 29458472741 ],,, [ 3169824529 ],,,,,,,,, [ 4393283201, 14992392711161 ],, [ 8810085821 ],
  ,,,,,,,,,,,,,,, [ 921794891711 ],,, [ 7387473779899 ],,,,,,,,,, [ 2184385963 ],,,,,, 
  [ 11342906191 ],,, [ 3480652897 ],,, [ 16651503811 ],, [ 1415736533 ],,,,,, 
  [ 36233407601 ], [ 2557722049 ],,,,,,,,,,,,,,,,,,,,,,,,,,, [ 3283414741 ],, [ 1329626789 ],
  ,,,,,,, [ 48293180041 ],,, [ 4919703277 ],,,,,, [ 58376999071 ], 
  [ 7088888449, 17829873563 ],,,,, [ 7289218049 ], [ 3244925339, 2416379543047 ], 
  [ 46366106356951 ],,,, [ 1624167541 ],,,,,, [ 12472360853 ], [ 21501530569 ],, 
  [ 5966996153 ], [ 2611039681 ], [ 2427845179 ],,,,,,,,,,,, [ 1006416751 ],,,,,,, 
  [ 3215492641 ],,,,,,,,,,,,,,, [ 607328484589 ],,,,,,, [ 1061702637181 ],,,,,,,,,,,,,,,,,,,,
  ,,,, [ 4488336973 ],,,,,,,, [ 2652399317 ],,,,,,,,,,, [ 3895644421, 282598642357 ],,,,,,,,,
  ,,,,,,,,,,,,,,,,,,,, [ 1761806971 ],,,, [ 1948573021 ],,,,,,,,,,,,,,,,,, [ 2012732569 ],, 
  [ 78357825555671401 ],,,,, [ 56077915111 ],,, [ 65342469151 ], [ 824820609757 ],,,,,, 
  [ 34403121611, 100614859949321 ], [ 21024345157 ],,,,,,,,,,,,,,, [ 93615172993 ],,,,,,,,,,,
  ,, [ 3841477091 ],, [ 8284336897 ],,,,,,,,, [ 1222769971 ], [ 518130909181 ],,,,, 
  [ 3952421929 ],,,,,, [ 1094031901 ],,,,,,,,, [ 16535349433 ],, [ 19030856129 ],,,,,,,,,,,,,
  ,,,,,,,,,,,,,,,,,,, [ 1042970881 ],,,,,,,,,,,,,,, [ 1256491051 ],,,,,,,,, [ 2197180801 ],,,
  ,, [ 68553100747 ],,,,, [ 1089864569 ], [ 10148377471 ],,,,,,,,,,,, [ 1798335248599 ],,,,,,
  ,,,,,,,,,,,,,,, [ 8730152653 ],,,,,, [ 2432163637 ],,,, [ 3330846061 ],,,,,,,,,,,,,,,,,,,,,
  ,,,,,,,,,,,,,,,,,,,,,,,,,,, [ 1112480489 ],,,,,,,,, [ 182314006241 ],,,,,,,,,, 
  [ 1023994091, 7019802372901 ],,,,, [ 1717177081, 2987869721 ],,,,,,,,,,,,,,, 
  [ 1169502251 ],,,,,,, [ 262688354969 ],,,, [ 41583850921 ],,,,,, [ 4137671413 ],,,,,,,,,,,,
  , [ 61761050101 ],,,,,,,,,,, [ 126151004527 ],,,,,,,,,,,, [ 1341434557 ],,,, 
  [ 4282098631 ],,,,,,,, [ 1044702271, 10124019601, 50887175071 ],,,,,,,,,,,,,,,,,,,,,,,,,,, 
  [ 32711870473 ],,,,,,,,,,,,,,,, [ 57289137907 ],, [ 48714395251 ],,,,,,,,,,,, 
  [ 1305228373, 599443335121 ],,,,, [ 1455969797, 17642481029 ],,,,,,,, [ 1211045861 ],,,, 
  [ 1026868897 ], [ 10719778411 ],,,,, [ 4090683011 ],,,,,,,,,,,, [ 3685865971537 ],,,,,,, 
  [ 8064678049 ],,,,, [ 2600925731 ],,,,,, [ 99913690501 ],,,,,,,,,,,,,,,,,, [ 5063865713 ],,
  ,, [ 1154613292561 ],,,, [ 20291284333 ],,,,,,,, [ 1668004771 ],,,,,,,,,,,,,,, 
  [ 1082410729507 ],,,,,,,,,,,,,,, [ 132026582113 ], [ 2407385531 ],,,,,,,,,,,,,, 
  [ 2185035373 ],,,,,,, [ 1258577518327 ],,,,,,,, [ 626609845261 ],,,, 
  [ 1107806459, 1225821631 ],, [ 37082875201 ],,,, [ 2890396513 ],,,, [ 73640675809 ], 
  [ 13262580871 ],,,,,,,,,,,,,,,,,,,,, [ 2975598181 ],,,,,,,,,, [ 4331846681 ],,,, 
  [ 1860165061, 2792927437 ],,,,,,,,,,,,, [ 9369838297 ],,,,,,,,,,,, [ 140872528129 ],,,,,,,,
  ,,,, [ 1147239211 ], [ 34723050937 ],,,,,, [ 49373412073 ],,,,, [ 2107861417 ], 
  [ 19862385593 ],,,,,, [ 24382387501 ],,,,,,,,,, [ 2552632351 ],,,,,,,,,,,,,, 
  [ 8374859161 ],,,,,,,,,, [ 12934435571 ],,,, [ 12653214229 ],,,,,, [ 6513906913 ],, 
  [ 1304896289 ],,,,,,,,, [ 49388323741 ],,,,,,,,,,,,,,,,,,, [ 8907684787 ],,,,,,,,,,,,,,,, 
  [ 1128235081 ],,,, [ 1196324267 ],,,, [ 7355631667, 10572903937 ],,,, [ 228405761293 ],, 
  [ 1730214781 ],, [ 299934197837 ],,,,,,,,,,,,,,,,,,,,,,,,,, [ 111402850553 ],, 
  [ 1749734593, 9548500231 ],,,,,,,,,,,,,,,,,,,,,,,,,,,,,,,,,,,,,,, [ 1828176967 ],,,,,,,,, 
  [ 2282639473 ],, [ 488093486893, 501051543653 ],,,,,,,,,, [ 1499714779 ],,,,,,,,,,,,,,, 
  [ 1238776939, 191417647429 ],,,,,, [ 288425293711 ],,,,,,,,,,,,, [ 1143664897 ],,,,,,,,,,, 
  [ 12759176827 ],,,,,, [ 495182452321 ],,, [ 1160881609 ],, [ 6348144001 ],,,,,,,,,,,, 
  [ 25228696307 ],, [ 11299947877 ],,,,,,,,,,,,,,,,,,,,,, [ 13088767301, 445163495113 ],, 
  [ 11401974869 ],, [ 26624434321 ],,, [ 131213218417 ],,,,, 
  [ 7684804931, 15193254719, 53196711989 ],,,, [ 1072025014393 ],,,, [ 1031432287 ],,,,,,,,,
  , [ 6362560513 ],,,,,,,,,,,,,,,,,,, [ 6192121951, 17754079771, 176780303281 ], 
  [ 12395271169 ],,,,,,,,,,,,,,,, [ 1482732605737, 1725823689893 ],, [ 18851289319 ],,,,,,,,,
  ,,,,,,,, [ 1605451717 ],,,,,,,,,,,,, [ 142276501781 ],,,,,,,,,,,,,,,,,,,, [ 2965521241 ],,,
  ,,,,, [ 1646342881 ],,,,,,,,,,,,,,,,,,,,,,,,,,,,,,,, [ 3053516801 ],,,,,,,,,,,,,, 
  [ 127883950543 ],,,,,,,, [ 9365643289 ],,,,,,,,,, [ 364233095329 ],,,,,,,,,,,,,,,, 
  [ 23131214833 ],,,,,, [ 17646195023 ],,,,,,,,,,,,,, [ 154770382069 ],,,,,, 
  [ 9088046059, 47779358353 ],,,, [ 21484135369 ],,,,,,,, [ 15368993251 ],, [ 4937090497 ],,,
  ,,,,,,, [ 2234455471 ],, [ 6991602269 ],,,,,,,,,,,,,,,,,,,,,,,,,,,,,, [ 41642614207 ],, 
  [ 1870718617 ],,,,,,,,,,,,,,,,,,,,,,,,,, [ 1885907431 ],,,,,,,,,,,,,,,,,,,,,,,,,,,,,,,,, 
  [ 6459397891 ],,,,,,,,, [ 4762886473 ],,,,,, [ 379468649701 ],,,,,,,,,, [ 44012467361 ],,,
  , [ 7533458689 ],,,,,,,, [ 42992907361 ],,,,,,,, [ 295719260041, 1452761627221 ],,,,,,,, 
  [ 4753209173 ],,,,,, [ 43633534237 ], [ 81426843451 ],,,,,,,,,,,,,,,,,,, [ 8052140263 ],,,,
  ,,,,,,,,,, [ 12276196981 ],,,,,,,,,,,, [ 1829012401 ],, [ 420227070643 ],,,,,,,,,,,,,,,,,,,
  ,,,,,,,,, [ 29034974191 ],,,,,,,,,,,,,,,,,,,, [ 8605057511 ],,,,,,,,,, [ 4966480201 ],,,, 
  [ 6492270793 ],,,, [ 2645162809 ],, [ 1191292171 ],,,,, [ 2025935731 ], 
  [ 1810628849, 4557914953 ],,,,,, [ 64872949266071 ],,,,,,,,,,,,,,,,,,,,,,,,,,,,,,,,,,,,,, 
  [ 1429310401 ],,,,,, [ 3824906977, 7667566237 ],,,,,,,,,,,,,,,,,,,,,,,,,, [ 137314363969 ],
  ,,,,,,, [ 17828529001 ],,,,,,,,,,,,,,,,,, [ 60607716233 ],,,,,, [ 90607651361 ],,,,,,,,,,,,
  ,,,,,, [ 10549878007 ],,,,,,,,,,,,,,,,,,,,,, [ 16100362903817 ],,,,,,,,,,,,,, 
  [ 1322300821 ],, [ 3723363361 ],,,,,, [ 30161178769 ],,,, [ 31596847621 ],,,,,,,,,,,,,,,,,,
  ,,,,,,,, [ 78026140261 ],,,,,,,,,, [ 17412361177 ],,,,,,,,,,,,,,,,,,,,,,,,,,,,,, 
  [ 25783044701 ],, [ 191630407393, 468399335749 ],,,, [ 490250277661 ],,,, [ 144791385631 ],
  ,,, [ 7019473231 ],,,,,,,, [ 7738730971 ],,,,,, [ 541914981889 ],,,,,,,,,,,,,,,,,,,,,,,,,,,
  ,,, [ 68396623283 ],,,, [ 13176274807 ],,,,,,,,,,,,,,,,,,,,,, [ 4406940721 ],,,,,,,,,,,,,, 
  [ 2507875399 ],,,,,,,,,,,, [ 24770615767 ],,,,,,,,,,,,,,,,,,,,,,,,,, [ 45850792937 ],,,,,,,
  , [ 102699623501 ],,,,,,,,,,,,,,,,,,,,,,,, [ 32296576201 ],,,,,,,,,,,,,, 
  [ 13662883417, 21624744919 ],, [ 2400770559881 ],,,,,,,,,,,,,,,,,,,,,,,,,,,,,, 
  [ 1557598121, 1943318131 ],,,, [ 4541439127 ],,,,,, [ 49559171502961 ],,,,,,,,,,,, 
  [ 1187335873 ],,,,,,,,,,,,,, [ 40134384181 ],,,,,,,,,,,,,,,,,,,,,,,, [ 1194439121 ],,,,,,,,
  ,,,,,,,,,,,,,,,,,,,,,,,,,,,,,,,,,,,,,,,, [ 7472390227 ],,,, [ 1817536873, 89997349327 ],,,,
  ,,,,,,,,,,,,,,,,,,,,,,,,,,,,,,,,,,,,,,,,,,,,,,,,,,,,,, [ 11741550661 ],,,,,,,,,, 
  [ 6326557001 ],, [ 6632732497 ],,,,,,,,,,,,,,,,,,,, [ 104645696341 ],,,,,,,, 
  [ 73306151381 ],,,,,,,,,,,,,,,,,,,,,,,, [ 14434119701 ],,,,,,,,,,,,,,,,,,,,,,,,,,,,,,,,,,,,
  ,,,,,,,, [ 3347109041 ],,,,,,,,,,,,,,,,,,,,,,,,,,,,,,,,,,,,,,,,,,,,,,,, [ 1258713089 ],,,,,
  ,,,,,,,,,,,,,,,,,,,,, [ 8631706061989 ],,,,,, [ 1606572193 ],,,,,,,,,,,,,,,,,, 
  [ 4880513653 ],,,,,,,,,,,, [ 31605481909 ],,,,,,,,,,,, [ 835002159421 ],,,,,,,,,,,,,,,,,,,,
  ,,,,,,,,,,,,,,,,,,,,,,,,,,,,,,,,,, [ 1754683393 ],,,,,,,,,,,,,,,,,, [ 1267891381 ],,,,,,,,,
  ,,,,,,,,,,,,,,, [ 64423220833 ],,,,,,,,,,,,,,,,,,,,,,,,,,,,,,,,,, 
  [ 5677216901, 18329235901 ],,,,,,,,,,,,,,,,,,,,,,,,,,,,,,,,,,,,,,,,,,,,,,,,,,,,,,,,,,,, 
  [ 1741266281, 40606716121 ],,,,,,,,,,,,,,,,,,,,,,,,,,,,,,,,,,,,,,,,,,,,,,,,,,,,,,,,,,,, 
  [ 29683499863421 ],, [ 5701572031 ],,,,,,,,,,,,,,,,,,,,,,,, [ 510396856399 ],,,,,,,,,,,,,,,
  ,,,,,,,,,,,,,,,,,,,,,,,,,,,,,,,,,,,,,,,,,,,,,,,,,,,,,,,,,,,,,,,,,,,,,,,,,,,,,,,,,,,,,,,,, 
  [ 116080405351 ],,,,,,,,,,,,,,,,,,,,,,,,,,,,,,,,,, [ 101526156961 ],,,,,,,,,,,,,,,,,,,,,,,,
  ,,,,,,,,,,,,,,,,,,,,,,,,,,,,,,,,,,,,,,,,,,,,,,,,,,,,,,,,,,,,,,,,,, [ 80059870981 ],,,,,, 
  [ 1151036641 ],,,,,,,,,,,,,,,,,,,,,,,,,,,,,, [ 6019846291 ],,,,,,,,,,,,,,,,,,,,,,,,,,,,,,,,
  ,,,,,,,,,,,,,,,,,, [ 8964693641 ],,,,,,,,,,,,,,,,,,,,,,,,,,,,,,,,,,,,,,,,,,,,,,,,,,,,,,,,,,
  ,,,,,,,,,,,,,,,,,,,,,,,, [ 16276736467, 692755495561 ],,,,,,,,,,,,,,,,,,,,,,,,,,,,,,,,,,,,,
  ,,,,,,,,,,,,,,,,,,,,,,,,,,,,,,,,,,,,,,,,,,,,,,,,,,,,,,,,,,,,,,,,, [ 817273467169 ],,,,,,,,,
  ,,,,,,,,,,,,,,,,, [ 2455955321 ],,,,,,,,,,,,,,,,,,,,,, [ 15188654209 ],,,,,,,,,,,,,,,,,, 
  [ 1324037791 ],,,,,,,,,,,,,,,,,,,,,,,,,,,,,,,,,,,,,,,,,,,,,,,, [ 142297154047 ],,,,,, 
  [ 2764108441 ],,,,,, [ 3034024891 ],,,,,,,,,,,,,,,,,,,,,,,,,,,,,,,,,,,,,,,,,,,,,,,,,,,,,,,,
  ,,,,,,,,,,,,,,,,,,,,,,,,,,,,,,,,,, [ 1870391641 ],,,,,,,,,,,,,,,,,,,,,,,,,,,,,, 
  [ 11505936433561411 ],,,,,,,,,,,,,,,,,,,,,,,,,,,,,,,,,,,, [ 323806137409 ],,,,,,,,,,,,,,,,,
  , [ 5939008297 ],,,,,,,,,,,,,,,,,, [ 60580648273 ],,,,,, [ 3143399797 ],,,,,, 
  [ 31863725389 ],,,,,,,,,,,,,,,,,, [ 15778606033 ],,,,,,,,,,,, [ 3295332769, 3915927289 ],,,
  ,,,,,,,,,,,,,,, [ 5516673439 ],,,,,,,,,,,,,,,,,,,,,,,,,,,,,,,,,,,,,,,,,,,,,,,,,,,,,,,,,,,, 
  [ 2892195307 ],,,,,,,,,,,,,,,,,,,,,,,,,,,,,,,,,,,,,,,,,,,,,,,,,,,,,,,,,,,,,,,,,,,,,,,,,,,,,
  ,,,,,,,,,,,,,,,,,,, [ 3134495167 ],,,,,,,,,,,,,,,,,,,,,,,,,,,,,,,,,,,,,,,,,,,,,,,,,,,,,,,,,
  ,,, [ 23030282497 ],,,,,,,,,,,,,,,,,,,,,,,,,,,,,,,,,,,,,,,,,,,,,,,,,,,,,,,,,,,,,,,,,,,,,,,,
  ,,,,,,,,,,,,,,,,,,,,,,,,,,,,,,,,,,,,,,,,,,,,,,,, [ 46782686413 ],,,,,,,,,,,,,,,,,,,,,,,,,,,
  ,,,,,,,,,,,,,,,,,,,,,,,,,,,,,,,,,,,,,,,,,,,,,,,,,,,,,,,,,,,,,,,,,,,,,,,,,,,,,,,,,,,,,,,,,,,
  ,,,,,,,,,,,,,,,,,,,,,,,,,,,,,,,,,,,,,,,,,,,,,,,,,,,,,,,,,,,,,,,,,,,,,,,,,,,,,,,,,,,,,,,,,,,
  ,,,,,,,,,,,,,,,,,,,,,,,,,,,,,,,,,,,,,,,,,,,,,,,,,,,,,,,,,,,,,,,,,,,,,,,,,,,,,,,,,,,,,,,,,,,
  ,,,,,, [ 2956551613 ],,,,,,,,,,,,,,,,,,,,,,,,,,,,,,,,,,,,,,,,,,,,,,,,,,,,,,,,,,,,,,,,,,,,,,
  ,,,,,,,,,,,,,,,,,,,,,,,,,,,,,,,,,,,,,,,,,,,,,,,,,,,,,,,,,,,,,,,,,,,,,,,,,,,,,,,,,,,,,,,,,,,
  ,,,,,,,,,,,,,,,,,,,,,,,,, [ 1611730501, 2669751901 ],,,,,,,,,,,,,,,,,,,,,,,,,,,,,,,,,,,,,,,
  ,,,,,,,,,,,,,,,,,,,,,,,,,,,,,,,,,,,,,,,,,,,,,,,,,,, [ 1201942561 ],,,,,,,,,,,,,,,,,,,,,,,,,
  ,,,,,,,,,,,,,,,,,,,,,,,,,,,,,,,,,,, [ 2895555601, 48616999201 ],,,,,,,,,,,,,,,,,,,,,,,,,,,,
  ,,,,,,,,,,,,,,,,,,,,,,,,,,,,,,,,,,,,,,,,,,,,,,,,,,,,,,,,,,,,,, [ 84879149581 ],,,,,,,,,,,,,
  ,,,,,,,,,,,,,,,,, [ 6016002241, 53064477901 ],,,,,,,,,,,,,,,,,,,,,,,,,,,,,,,,,,,,,,,,,,,,,,
  ,,,,,,,,,,,,,,,,,,,,,,,,,,,,,,,,,,,,,,,,,,,,,,,,,,,,,,,,,,,,,,,,,,,,,,,,,,,,,,,,,,,,,, 
  [ 2017976689 ],,,,,,,,,,,,,,,,,,,,,,,,,,,,,,,,,,,,,,,,,,,,,,,,,,,,,,,,,,,,,,,,,,,,,,,,,,,,,
  ,,,,,,,,,,,,,,,,,,,,,,,,,,,,,,,,,,,,,,,,,,,,,,,,,,,,,,,,,,,,,,,,,,,,,,,,,,,,,,,,,,,,,,,,,,,
  ,,,,,,,,,,,,,,,,,,,,,,,,,,,,,,,,,,,,,,,,,,,,,,,,,,,,,,,,,,,,,,,,,,,,,,,,,,,,,,,,,,,,,,,,,,,
  ,,,,,,,,,,,,,,,,,,,,,,,,,,,,,,,,,,,,,,,,,,,,,,,,,,,,,,,,,,,,,,,,,,,,,,,,,,,,,,,,,,,,,,,,,,,
  ,,,,,,,,,,,,,,,,,,,,,,,,,,,,,,,,,,,,,,,,,,,,,,,,,,,,,,,,,,,,,,,,,,,,,,,,,,,,,,,,,,,,,,,,,,,
  ,,,,,,,,,,,,,,,,,,,,,,,,,,,,,,,,,,,,,,,,,,,,,,,,,,,,,,,,,,,,,,,,,,,,,,,,,,,,,,,,,,,,,,,,,,,
  ,,,,,,,,,,,,,,,,,,,,,,,,,,,,,,,,,,,,,,,,,,,,,,,,,,,,,,,,,,,,,,,,,,,,,,,,,,,,,,,,,,,,,,,,,,,
  ,,,,,,,,,,,,,,,,,,,,,,,,,,,,,,,,,,,,,,,,,,,,,,,,,,,,,,,,,,,,,,,,,,,,,,,,,,,,,,,,,,,,,,,,,,,
  ,,,,,,,,,,,,,,,,,,,,,,,,,,,,,,,,,,,,,,,,,,,,,,,,,,,,,,,,,,,,,,,,,,,,,,,,,,,,,,,,,,,, 
  [ 20616823501, 96403173301 ],,,,,,,,,,,,,,,,,,,,,,,,,,,,,,,,,,,,,,,,,,,,,,,,,,,,,,,,,,,,,,,
  ,,,,,,,,,,,,,,,,,,,,,,,,,,,,,,,,,,,,,,,,,,,,,,,,,,,,,,,,,,,,,,,,,,,,,,,,,,,,,,,,,,,,,,,,,,,
  ,,,,,,,,,,,,,,,,,,,,,,,,,,,,,,,,,,,,,,,,,,,,,,,,,,,,,,,, [ 4832178121 ],,,,,,,,,,,,,,,,,,,,
  ,,,,,,,,,,,,,,,,,,,,,,,,,,,,,,,,,,,,,,,,,,,,,,,,,,,,,,,,,,,,,,,,,,,,,,,,,,,,,,,,,,,,,,,,,,,
  ,,,,,,,,,,,,,,,,,,,,,,,,,,,,,,,,,,,,,,,,,,,,,,,,,,,,,,,,,,,,,,,,,,,,,,,,,,,,,,,,,,,,,,,,,,,
  ,,,,,,,, [ 117807877531 ],,,,,,,,,,,,,,,,,,,,,,,,,,,,,,,,,,,,,,,,,,,,,,,,,,,,,,,,,,,,,,,,,,
  ,,,,,,,,,,,,,,,,,,,,,,,,,,,,,,,,,,,,,,,,,,,,,,,,,,,,,,,,,,,,,,,,,,,,,,,,,,,,,,,,,,,,,,,,,,,
  ,,,,,,,,,,,,,,,,,,,,,,,,,,,,,,,,,,,,,,,,,,,,,,,,,,,,,,,,,,,,,,,,,,,,,,,,,,,,,,,,,,,,,,,,,,,
  ,,,,,,,,,,,,,,,,,,,,,,,,,,,,,,,,,,,,,,,,,,,,,,,,,,,,,,,,,,,,,,,,,,,,,,,,,,,,,,,,,,,,,,,,,,,
  ,,,,,,,,,,,,,,,,,,,,,,,,,,,,,,,,,,,,,,,,,,,,,,,,,,,,,,,,,,,,,,,,,,,,,,,,,,,,,,,,, 
  [ 14000248081 ] ]);
