BRENTFACTORS[2943]:=MakeImmutable([ ,,,,,,,,,,,,,, [ 10775531911 ],, 
  [ 198641470068417352758893 ],, [ 10761269021, 1538966455935513207966757 ],, 
  [ 17271788437 ], [ 25141368762332681 ],,,, [ 48601439873760749 ], [ 61085446921 ], 
  [ 36970767961 ],,, [ 2322371263, 1658967502673690012075844843878017 ], [ 1661441521756001 ]
   ,, [ 109910748394953127003 ],,, 
  [ 5130968601221, 265955683055253258572542485351681174512579 ],, [ 44238306054464458171 ], 
  [ 1244631441373921 ], 
  [ 126967001167, 50956999848031, 440266966970683, 114414282021309786981499 ], 
  [ 138878552569 ], 
  [ 130737369163, 114946014480580627083669840373, 126613747977932628302937619475920937 ], 
  [ 39877510817 ],, [ 11434578878115065805846967727 ],,,, 
  [ 3336836951574551, 10312483093292351, 384024998183902301 ], 
  [ 1111949227, 207448948849, 343066053930249396528523561 ], [ 10709417473 ], 
  [ 3527007247151, 254534588279544684532408101137 ], [ 67931008121467 ],,, 
  [ 1806634745700696787, 9683165711038724148857023318127863 ], 
  [ 44156332995251, 5565974826248542313 ], 
  [ 2726340402241, 48382051715302171, 88001778519311399 ], [ 141827457514621 ],, 
  [ 11750206211, 37194972976275384689 ],, [ 17526738015361, 30226235574620162604476993 ],, 
  [ 52952898043, 167061529152277 ],, [ 1280498683502157263857, 442009373427304766811097 ], 
  [ 2009705756643652411 ], [ 20765059841, 40159894380076906603912974714316631 ],, 
  [ 176899985143420787237889924678289 ], [ 1187933381, 287206133801, 2699839381719121 ], 
  [ 819478486966250954925241315523964891840774713 ],, [ 35233652924597154644231453904433 ], 
  [ 98469906477447121, 127010630835897377801 ], 
  [ 7858679365987646023621, 1585814479245813703098334669 ],, 
  [ 21351601441, 175393760223284881 ], [ 4885270799273983 ], 
  [ 128549525617433, 35696255895906615270505437142646973250807790719999 ], 
  [ 12549164417, 35095415059 ], [ 836249500787781883211137 ], [ 9985671179101 ], 
  [ 3197731371318833 ], [ 2685576424226905207, 635860655456203651554484410571 ],, 
  [ 26637565967, 49584946857863, 402530218132411 ], [ 1833965882461 ],, 
  [ 4416457409281, 55497772734440278087009, 
      221569867510348855880905258971865812195499411813177 ], [ 29114355313 ], 
  [ 3669969214579, 251490623404157, 18862937962298447, 190060490116398471572594323 ], 
  [ 4183164451 ], [ 121389584401879811860140030558337 ], 
  [ 27254609872859, 25142341117995329 ], [ 413799474544425632443268239669647999361 ],, 
  [ 53660416077102301, 5211739136052605189007737201 ], [ 4815220451 ], [ 49825704084697 ],, 
  [ 1328931517889, 7131595648863176089 ], [ 699529986513735120487591 ], 
  [ 591527072584093, 2401910668002784207 ],, 
  [ 42240408529321, 15180968746371738870980608071210528500317 ],,, [ 15689258163031251259 ], 
  [ 109988082720761547206017 ], [ 1474290799669 ], 
  [ 28355844493, 281390106786339013690242235399 ], [ 6755147905321 ],, 
  [ 6504268733119, 23116392193804417 ],, [ 86834756010619, 88444861364508166431971 ], 
  [ 312531955894695721, 4631835424550667050300329904960310241 ],,, 
  [ 555070305331, 46277561815470448764601 ], 
  [ 7860676837733, 382387985056179173, 86580873901183664257 ], [ 408634346143966751 ], 
  [ 59090664403, 1600882427846102756945147307370589121021533869 ], 
  [ 90044861234215160836183 ], [ 24959255562881, 82130860510849, 145291344295435554938497 ], 
  [ 211472460838393 ], [ 1571113717307518411 ], [ 25008481279396039 ],,,, [ 9834943082941 ],
  , [ 4474998235448723 ],, [ 7416610769, 12575710027 ],, [ 361510080199, 12190569384191899 ],
  , [ 17591997696813541 ],, [ 840192364319621, 5633452897313535181 ], [ 3138684349 ], 
  [ 33611150645689 ],,, [ 5234587450201 ],, [ 4548314704483025761 ], 
  [ 296951622952565755130865202837 ],, [ 14544968144493572701884281 ], 
  [ 119100322292969079973 ],, [ 83631704747, 59591427978377, 976078903339188861689 ],,, 
  [ 11578791883 ], [ 57729122263401049 ],,, [ 18982431209098171, 25908618901145641 ], 
  [ 1289836618261 ], [ 10784220947113 ], [ 1666280281 ], [ 2996939253179 ], 
  [ 64326774201088631963041 ],,,, [ 566509956379, 1585308735060082900171553917 ],, 
  [ 39646107953, 60020205127023329 ], [ 5740645957 ],,, 
  [ 981044502661, 429309877217912850785574961 ],,, 
  [ 6023857362319, 19197607514240797, 99651629334149716981 ], [ 8865407041 ],, 
  [ 223081278061, 3692596715129537111148618271 ], 
  [ 9387381301, 7896436675571529053, 19109928885940646623 ], 
  [ 4516068530749, 67438226334433 ], [ 872879594588121079 ],, [ 16393831781, 17190693713 ],, 
  [ 38830893354433 ], [ 8407253201904666037 ],, [ 38321690824635063217 ],, 
  [ 1747179212606203970270227803121 ], [ 489949880699 ],, 
  [ 73607514802821973, 119000704137183091 ],, [ 248551616954033 ],,, 
  [ 8929269548081, 1682756310177097, 3297356707029695500702081 ],,, [ 591594475890199 ], 
  [ 1688922872624119441, 18853923238163851193581, 55441632293595104611394851255400041 ],, 
  [ 4080383081, 751845239300222769701 ], [ 1276992511, 12176535743226927271 ], 
  [ 203576555929839910156849753 ],,,,, [ 1135173799 ], 
  [ 3535502741, 35077803641, 75681546601, 9305703180181 ], 
  [ 12632914265631323, 1438042629790250251 ], [ 2405034850972424440490491 ],, 
  [ 523455550913 ],, [ 102806495632073, 497267148973936110053 ],,,, [ 1047349999271 ],,, 
  [ 29599799479, 587345226325877 ],,, [ 251742309673 ], [ 27292409300551 ],,,, 
  [ 11566224513395989, 364743752767223521 ], [ 328765612339319 ],, [ 571118007569 ],, 
  [ 24679186234699, 82554780854761, 2359369601930605951 ], 
  [ 9242599790185622563, 19312703758149614990503 ],,, [ 3596779001, 13611835226501 ], 
  [ 1816551341572427, 1214417966667541463, 1688521556970848647, 100899589399534837519 ], 
  [ 170025385907716337881 ], [ 34880502809894831 ],, [ 42471263881, 12750351492511 ], 
  [ 34440925697, 3292683008243315100929 ], [ 173279482111 ],, 
  [ 22955163853148100239, 56062736611487092103 ], [ 49253007120684551760123601 ],, 
  [ 584769967543 ], [ 11202843314682338497771 ],, [ 1044351232296346091591 ], 
  [ 1663119978703, 155539454612474521 ],, [ 238714535164135357 ], 
  [ 20309984789394437137433 ], [ 1046746630981 ], [ 28223548652749, 1372559071439509 ],, 
  [ 64597675585717 ], [ 147789558878141 ],, [ 15306751527983809 ], [ 11719507780951 ], 
  [ 27154805913244459, 351868909997539339 ], [ 2673034186606163101 ], [ 45533362841 ],, 
  [ 1022651537827 ], [ 1075353023, 1774858905829441 ], [ 2084083733 ], [ 152582598872071 ],,
  , [ 6984140833, 295597751041 ],, [ 2072081715271, 466591765455691, 37062439193928312299791 
     ],,,, [ 822288949314043 ],, [ 173586019946201 ], 
  [ 34646767079587939, 1026286082812855261 ], [ 834586731350243057 ], [ 55367013568483579 ], 
  [ 1140691003225801, 371840226197211357602701 ],,, [ 1016977081, 117044109300331 ], 
  [ 2097410628190769 ],,,,,, [ 37653919816284234371, 2853667303932025047911 ],,,,, 
  [ 859241390412511 ], [ 23059305253681, 21006300155947453, 40452920567832918797 ], 
  [ 147398284039 ], [ 25786154491959898124983 ],, 
  [ 953285610881, 85540465472706295540612481 ],,,,,, [ 286378602221, 43872439882049 ], 
  [ 1514563177013449, 3241485428597653488133 ],, [ 283238034891113 ], 
  [ 4252066831, 446619330961, 3024935390346139128871, 57817073205176037127918870471 ], 
  [ 40427641045837 ],, [ 61266989182501, 6675589105517852587 ], [ 40705422114082635073 ], 
  [ 61423211346151 ],, [ 1284254429, 507163113199, 875478948061 ], 
  [ 127175779277, 2532951103489 ],, [ 1175008721, 1636607732701, 1072752057307181 ],, 
  [ 1210651911184663 ], [ 18988694837513549 ], [ 4094017236869689 ], 
  [ 1125423811, 202561432865688545611 ], [ 44474476076509 ],, 
  [ 10965502969, 4737601302969922213 ],, [ 58949079641914842101 ], 
  [ 995064766691553091, 834617613583664283673 ],, [ 2881223419 ], 
  [ 278639359371412722476087509 ],, [ 840437923011236549 ],, 
  [ 1735050223, 101893994847750431 ], [ 2119374451 ],,,,, [ 2462433957700367561 ],,, 
  [ 6786503813 ], [ 9027458417 ], [ 1754482646143 ],, [ 2315316767 ], [ 20549699617 ],,, 
  [ 3143852005957716256501 ],,,, [ 11386294330677229 ], [ 5802217169942021 ],, 
  [ 1040531711 ], [ 603226135979 ],,, [ 15519458873 ], [ 11007246727 ],, [ 746595635938333 ],
  ,,, [ 2605410793 ],,, [ 11466459577, 111359790544198681 ], [ 2807153653 ],, 
  [ 12004088491522820533 ], [ 56295230401, 7192508518894735601 ], [ 107982806207 ], 
  [ 563802169519, 50926349597679929368363237 ],,, [ 402462416134531 ],, 
  [ 385566120743, 1247477693305521569 ],,,,, [ 1046304189713, 3961452198469 ], 
  [ 2531746169 ], [ 184303613341, 1163381055553 ],, [ 8020765196008713409 ],,,,, 
  [ 469588024936759, 4015636826025631 ], [ 2812316033 ], [ 14371911451, 222772922929 ], 
  [ 30902132089, 2933555894449 ],, [ 15331239252790543 ], [ 127419870131 ],, 
  [ 515212389121 ], [ 4165093741897201 ], [ 1186770569 ],,,,, [ 2227425029, 4570149821 ], 
  [ 2594936999033, 266845868841719 ], [ 16674943387 ],, 
  [ 989511348410201, 796601586923164441 ], [ 9051158089, 13428163714490029 ], 
  [ 67174678627899259 ],, [ 1471765873 ], [ 2747250221 ], [ 397242408071, 94358798429149753 ]
   ,, [ 7840110209 ], [ 2756376370427 ], [ 1561186351 ],,, [ 12748267224157 ], 
  [ 1263887609503 ],,,, [ 20046011473 ], [ 417254386051, 5121755285833 ],,,, [ 1316365487 ], 
  [ 207934704552114769 ],, [ 184789381909205077 ],, 
  [ 143263301158523989, 34206201431453459773 ], [ 135411232283069 ],, [ 1966920493 ],, 
  [ 92267259547 ],, [ 36675025227009901 ],,,,,,, [ 485704592968979 ], [ 155455203396907 ],,,,
  ,, [ 6930622429 ],, [ 85764132689, 31690741203047, 111787689748123 ], 
  [ 38871592180192808593 ], [ 227826372357007 ], [ 8766666767 ], 
  [ 53855743281121, 3743225111248921, 52143213412296271 ],,, [ 8665347907 ],,,,,, 
  [ 3385836065049900337 ],, [ 886044906847, 14972832861492419 ],,,, [ 1329372631 ],, 
  [ 4510859777, 238422059009 ],, [ 1442484452919659263823 ], [ 1272230251 ],,, 
  [ 31785658966447 ], [ 1155108527047 ], [ 287467797761 ],, [ 15213477859201 ],, 
  [ 17313753337 ],, [ 4373817369323 ],, 
  [ 52241218129, 404289813841, 443133501361, 4315182689137 ],, [ 328510619741 ],,,,,, 
  [ 217495843749577 ], [ 12726596176141 ],,, [ 24521409181, 143499698821 ],, 
  [ 27601077521236469 ], [ 1663800871, 216586413259 ], [ 457312058849, 681987763489 ],, 
  [ 1569180523 ], [ 12360414593, 48975940381 ], [ 2408766881 ],,,, [ 388301403014280340441 ],
  , [ 4957218925022643371 ], [ 371299741921 ],,,,,,, [ 34981101437071, 85186454194512072239 ]
    , [ 4711919279, 21705629509 ], [ 11075464273, 1300884568573 ],,,, [ 768893611649 ],,,,,, 
  [ 1509959809, 14984045176666133 ], [ 8636795551 ],,,,, [ 30394487405981 ],,,,, 
  [ 59081509891 ], [ 8017443971, 2443752584879747 ],, [ 2469021409, 5759113747969 ],,,, 
  [ 6267843217, 395799227911777 ],, [ 2287176211, 2366169301, 6774811406241517 ],,,,, 
  [ 8791284599 ], [ 19382962801, 61477499494962601 ],, [ 596977660889 ], [ 423849805903 ], 
  [ 639242298215749561 ],,,,, [ 893560397269, 1895994236737570789 ],,, [ 725959521778950037 ]
   ,, [ 4937658741949 ],, [ 73411953003929 ],, [ 2517804307, 857291855295829 ],,,,, 
  [ 46250800393883 ], [ 82372655803777 ], [ 431192433751 ],, [ 2047798970383 ], 
  [ 1104565337 ],,,, [ 4861814378009, 8313872444617, 23744229318267169 ],, [ 399726355141 ],
  , [ 499577732881 ],,,, [ 1677501342536321 ],, [ 38025998977 ],, [ 5746528138568449 ],,,, 
  [ 5029385911777 ], [ 2099834309 ],,, [ 44594983314797 ],, 
  [ 2734039153, 763687571992153, 5946835896526711969 ],, [ 3307119041, 22461757118272001 ],,,
  , [ 1293170919683281 ],, [ 11995681631, 9568740882307 ],,, [ 175366516921 ], 
  [ 8417103534937, 43661981097427789 ],,,,,,,, [ 2817096907 ],,,,,, 
  [ 40369026881, 42750596321, 209169237717641 ],,,, [ 2548512181 ],, [ 46831245007 ],,,,,, 
  [ 10495128733, 31253115214757 ],, [ 764577425827, 6070419580933 ], [ 44485882481 ], 
  [ 106516786055972113 ],,,,,, [ 4080585242243953 ],, [ 180168656449 ],,,, 
  [ 34024555657, 932851031929321 ],,,, [ 9945008809, 104905146569 ],,,,, 
  [ 3839582323, 10364761279 ],, [ 2064796879, 3186676483313 ], 
  [ 5677720561, 380311677252127441 ],,,,,, [ 9397860187 ],, [ 1137502913 ],, 
  [ 1567604921, 4431167161 ],,,,,,,,,,, [ 8025828799 ],,,,,,,,,,, 
  [ 20342356513, 64065709777, 1959292982593 ],,,, [ 168950880757, 37502663177762212753 ],,,,,
  , [ 831864844383571 ],,, [ 1176845401 ], [ 34250906550521 ],,, [ 100503378401 ],,,,,,, 
  [ 2898373193 ],,,,,, [ 2649344057, 238361888419 ],, [ 69716542489777 ],,, [ 2135326177 ],,,
  ,, [ 31838476879441 ],,, [ 122261870221 ], [ 5349263432833 ],,,, [ 125989146401 ],, 
  [ 16754254128767 ], [ 869735648519 ], [ 1155331921 ],,,, [ 1051580489 ],, 
  [ 480639506671, 563004521912374111 ],,,,, [ 124714887631 ],,, [ 8981185193 ], 
  [ 2754093889 ], [ 548876888381, 2469134554001, 14559808479636623561 ],,,, [ 1687032881 ],,
  , [ 4084559617 ],,,, [ 1398240601 ], [ 61354802497 ],, [ 7112954983 ],,, [ 2972536867 ], 
  [ 10453716022643 ],, [ 137517841441 ],,,,,,, [ 1800426103939 ],,, [ 563151866649551 ], 
  [ 1067237399, 5025493699 ],, [ 1472815391, 2243915449, 21160099747 ], 
  [ 6070755503, 8188870757999 ],,,, [ 166890911617 ],, [ 1480917421, 2378034161 ], 
  [ 12350156449 ],,,,,,,,, [ 11388194731, 4706020888441 ],, [ 1396636698481 ],, 
  [ 15778377445687 ],,, [ 744493078991 ],,, [ 1978423921 ],,,,, [ 115437746821 ],,,,, 
  [ 32730323161 ],,,, [ 41421907621 ], [ 1163924231 ], [ 419858738662273 ], [ 3272379787 ],, 
  [ 24529188031 ],,,, [ 9691868299 ],,, [ 1579117372243, 2744891043079 ], [ 106832952307 ],,,
  ,,, [ 252562680547 ],,, [ 899974929913, 2824840834584917 ],,,, [ 91361913761 ],,,, 
  [ 5682459553 ],,,,, [ 1520260193 ],,,,,,,,,,,,, [ 6187442163481, 10982475999511 ],,,, 
  [ 2171424751 ],,,, [ 436221706801 ],,,, [ 668316383983 ],, [ 1099549036031081 ],,,,,, 
  [ 8757990227419967 ],,, [ 127352561191 ],,, [ 118254868907297 ],, 
  [ 57451900111, 8506000224121, 693733794289531 ],,,,,, [ 22998022849 ],,,,, [ 11122338637 ],
  ,,,, [ 272595551923 ],,,,,, [ 28017685921 ], [ 9553390849 ], [ 109490494583 ],, 
  [ 117780092849917 ],,,, [ 11417382001, 18685659102001 ], [ 122432510201 ],,, 
  [ 48716961481 ],, [ 1789077987253 ],, [ 7281832109329 ],,,,,,,,,,,, [ 325577761681 ], 
  [ 13331756509 ], [ 135986986829 ],, [ 1521865729 ],,,,,,,,,, [ 6300735871 ],,,, 
  [ 12844939249789 ],,,,,, [ 481045921021 ],,,,,,, [ 8789750527, 31353154537 ],,, 
  [ 565518571237 ],,,,, [ 15789975931 ],, [ 112111284359 ], [ 21821137353469 ],,, 
  [ 5539109731 ],, [ 35973134627 ],,,,,,,,,,,,, [ 191624698081, 646167767041 ],, 
  [ 47019023039 ],,, [ 7079859171211 ], [ 114931972957 ],,,,,,,,,,,, [ 3103210423 ],, 
  [ 95699722801 ],,,, [ 639802551889, 1958205283681, 169917165369313, 955282836630337 ],,,,,,
  ,,,,,, [ 207924281281, 55719184393513 ], [ 1243862159 ],,,,,,,,,,, [ 93530868500593 ],, 
  [ 8483037691 ],,,,,,,,,,,,,,,, [ 142609434133, 7824123351826603 ],,,,, [ 1100342189 ],,,,,,
  ,,,,,,,, [ 1674983411 ],, [ 4684144279 ],,,,,,,,, [ 138288827041 ],,,,, [ 7844542129 ],,, 
  [ 54818352257 ],,,, [ 12002968693, 21129233401 ],,,,,, [ 11863580419, 18733881399426793 ],,
  ,,,,,,,,,,,,,,, [ 285428083669 ],,,,,,, [ 2289268759 ],,,,,,,, [ 1574903663 ],, 
  [ 10446287773 ], [ 3516707303, 9761538973 ], [ 2291106606778621 ],,, [ 1205418216619 ],, 
  [ 49414980551 ],,,, [ 8635817611 ],,,,,,,,,,,, [ 185272184269 ],,,, [ 63183108031 ],,,,,, 
  [ 1377024611 ],,,,,,, [ 5870947781 ],,,, [ 183243624217 ],,,,,,, [ 77215926133 ],,, 
  [ 1501495067 ],,,,,,,,,,, [ 10187432962573 ],,,,,,,,,, [ 6869564543 ],,,,,,, 
  [ 4218091271, 15361189691 ],, [ 1137614209 ],,,,,,,,,,,,,,,,, [ 1606641391 ],,,,,,,,,,,,,,
  , [ 891731887873 ],,,, [ 1036707709 ],, [ 1088797951 ],,,,,,,,,,,,,,,,, [ 40691483533 ],, 
  [ 70052179033 ],,,,,,,,,,,, [ 4151808019, 6373533247717 ],,,,, [ 13170298681 ],,,,,,,, 
  [ 220216390271 ],,,,, [ 17653085641 ],, [ 246086409343 ],,, [ 4692799801 ],,,, 
  [ 2620311937 ],,,,,,,, [ 2940342409 ],,,,,, [ 12323798551 ],,,,, 
  [ 2058453209, 61827634709 ],,,,,,, [ 1732874281 ],,,,,,,, [ 28361942393 ],,,,, 
  [ 1658840801 ], [ 33250535497 ],, [ 6654335651 ],,,,,, [ 964146116753 ],,, [ 9832300213 ],,
  ,,,,,,,,, [ 10087760341 ],,,,,,,,, [ 9799939783 ],,, [ 12859874231569 ],,,,,,,, 
  [ 1575362101 ],,,,,,,,,,,,,,,,,,,,,,,,,,,,,,, [ 187179553081 ], [ 1157649943 ],,,,, 
  [ 1108027849, 6176440141 ],,, [ 2694587041 ],,, [ 4847171239 ],,,, [ 12204975787 ],,,,,,,,,
  ,,, [ 221305614511 ],, [ 17239101331 ],,,,,,,,, [ 9271767961 ],,,,,,,, [ 2648130913 ],,,,,,
  ,,,,,,,, [ 154917460741 ],,,,, [ 2301616579 ],,,, [ 292030293311 ],,,,,, [ 5161638149 ],,,,
  ,,, [ 5300466121, 14455020233 ],,, [ 32930576507 ], [ 11393572924009 ],,,,,,,,,,,,,,,,,,,, 
  [ 2230750721 ],,,,, [ 10070322347 ],,,,,,,,,,,,,,,,,,,,,,,,,,,,,,,,,,,,,,, [ 3525706273 ],,
  ,, [ 4211095813 ],, [ 42434673521 ],,,,,,,,,,,,,,,, [ 14262417863 ],,,,,,,,,,,,,,,,,,,,,,,,
  , [ 1497307447 ],,,,,,,,,,,,,,,,,,,,, [ 8361411661, 35677809121 ],,,,, 
  [ 5019729821, 714063594011 ],,, [ 13505290973 ],,,,, [ 1494961907 ],,,, [ 5126795983 ],,,, 
  [ 518407846651 ],,,,,, [ 1385200777, 2247956197, 31690434667 ],, [ 6066643981 ],,,,,,, 
  [ 14013986209, 449374346497 ], [ 1416190813 ], [ 1747437959 ], [ 1116628489 ],,,,,,, 
  [ 4472670871 ],,,,,,,,,,, [ 5710032193 ],,,,,,,,,, [ 1419702077 ],, [ 34507785727 ],,, 
  [ 1647658849 ], [ 20046968299 ],,,,,,,,,,, [ 3644084048929 ],, [ 10740982466897 ],,,,,, 
  [ 854041646417 ],,,,, [ 2623985154319 ],,,,,,,,, [ 1905996847 ],,,,, [ 16779796261 ], 
  [ 19898849189 ],,,,,,,,,,, [ 33081764203 ], [ 875531208577 ],,,,,,,,,,, [ 93963611251 ],,,,
  ,,,,,,, [ 32657600687 ],,,,, [ 6840647117 ],,,, [ 2112227641 ],,,, [ 3865927231 ],,,, 
  [ 17876991331 ], [ 23513150977 ],, [ 80274546467 ],,,,,,,,,,,,, [ 564440275177 ],, 
  [ 11098362349 ],,,,,, [ 27025963031 ],,,,,,,,,,,,, [ 5944472341, 9821098681 ],,,,,,,,, 
  [ 3648492919, 5714075260909 ], [ 18526534651 ],,,,,,,,,, [ 1534611401 ],, [ 24980843233 ],,
  ,,, [ 49565028563, 356399038381 ],,,,,,,,,,,,,,,, [ 344523037003 ],,,,,,, [ 377501792071 ],
  ,,,,,,, [ 1091329579 ],,,, [ 1024809787 ],,,,,, [ 2514696713 ], [ 600427097761 ],,,,, 
  [ 1198569667 ], [ 8430260281 ],,,,,, [ 7778585170393 ],,,, [ 2806232851 ],,,,,,,,, 
  [ 2396373373 ],, [ 11238468625261 ],,,,, [ 20195266391 ],,,,,,,,,,,,,,, [ 3189047209 ],,,, 
  [ 1972425281 ], [ 3560290939 ],,,,,, [ 519991539679 ],,,,,, [ 1119341227 ], 
  [ 103403872207 ],,, [ 7889442961 ],, [ 7563709693 ],,,,,,,,,,,,,,,,,,,,,,,,,,,,,,,,, 
  [ 1452709633 ],, [ 2004006467 ],,,,, [ 1757812213 ],, [ 245045590567 ],,,,,,,,,,,,,,, 
  [ 1895255756857 ],,,, [ 3171790301 ],,,,,,,,,,,, [ 593062294337 ],, [ 306669501247 ],,,,,,,
  ,,,,,,,,,,,,,,,,,,,,,,,,,,,,, [ 9530258041 ], [ 8021645222249 ],,,,,,, [ 2582899668623 ],,,
  ,,, [ 172570660993 ],,,,,,,,,,, [ 4718481601 ],,,,,,,,,,,,,,, [ 69620992481 ],,,,, 
  [ 9900953872651 ],,, [ 1753148491 ],, [ 74615614810241 ],,,,,,,,,,,,,,,,,,,,,,,,,,,,,,,,,,
  , [ 1174910101 ],,,,,,,,,,,,,,,,,,,,,,, [ 3849101743, 26656081374037 ],,,,, 
  [ 550007779931 ],,,,,,,,,,,,, [ 3335192857 ], [ 419019111547 ],,,,, [ 1189161217 ],,,,,,,,,
  ,,,,,,,,,,,,,,,,,,,,,,,,,,,,,,,,,,,,,,,,,,,,,,,, [ 17756028109 ],,,,,,,,, [ 122627272153 ],
  ,,,,,,,,,,,,,,,,,,,,, [ 407564600221 ],,,,,,,,,,,,,,, [ 2779074251 ],,,,,,,,,,,,,,, 
  [ 1409432811121 ],,,, [ 18651366449 ],,,,,,,,,,,, [ 4279975417 ],,,,,,,,,,,,,,,,,,,,,, 
  [ 6239869147 ],,,,,, [ 1628080669 ],,,,,,,,, [ 695293272433 ], [ 1115715841 ],, 
  [ 2152962241 ],,, [ 3219961501 ],,, [ 17584083523 ],,,,,,,,,,,,,,,,,, 
  [ 2876406121, 3985668963361 ],, [ 2128255273 ],,,,,, [ 1910649761 ],,,,,,,, 
  [ 4885046081, 20612836241 ],,,,,, [ 23042454691 ],,,,, [ 37914830479 ],,,,, 
  [ 174540681569 ],,,,,,,, [ 5198814721 ],, [ 98009092231 ],, [ 108076697273 ],,,,,,,,,,,,,, 
  [ 3826845073 ],,,,,,,,,,,,,,,, [ 1669018511 ],,,,,,,,,, [ 49636593889 ],,,,,,,,,, 
  [ 1274819047 ],, [ 1571970097 ],,,,,,,,, [ 1378119751 ],,,,,,,,,,,,,,,,,,,,,,,,,,,,,,,,,,, 
  [ 19249874701 ],,,, [ 10444371841 ],,, [ 2822768803 ],,,,,,,,,,,,,,,,,,,,,,,, 
  [ 4844031427 ],,,,,,,,,,, [ 1128668633, 12204228779 ],,,, [ 150819889573 ],,,,,,,,, 
  [ 8546564791 ],,, [ 25106910733 ],,,,,,,,,, [ 2112096713 ],,,,, [ 1996024687 ],,, 
  [ 118351154737 ],, [ 131341577987 ],,,, [ 4126219183, 28888672783 ],,,,,,,,,,,,,,,, 
  [ 57153722347 ],,,,,,,,,,,, [ 80455220621 ],,,, [ 555572514982169 ],,,,,,,,,,,,,,,,,,,,,, 
  [ 2759338849 ],,,,,, [ 62070069319 ],,,,,,,, [ 1682768501 ],,,,,,, [ 3763004941 ],,,,,,,,,,
  ,, [ 2729198539 ],,,,,,,,,,, [ 36319124161 ],,,,,,, [ 1154247823 ], [ 4580686177 ],, 
  [ 2703606901 ],,,,,,,,,, [ 2352610261 ],,,, [ 90421191281 ],, [ 70300629881 ],,,,, 
  [ 121409037487 ],,,,,,, [ 1402532863 ],,,,,,,,,,,,,, [ 1195367713 ],,,,,,,,,,,,,,,,,, 
  [ 2385926461 ],,,,,,,, [ 1175983181 ],,,,,,,, [ 67787230127 ],,,, [ 3707926721 ], 
  [ 4171328857 ],,,,,,,,,,,, [ 1698617197 ],,,,,,, [ 106821122501 ],,,,,,,,,,,,,,,,,, 
  [ 12256919921 ],,,,,,,, [ 1103703169, 1743117601 ],,,,,, [ 2201464483 ],,,,,,,, 
  [ 11993701291651 ],,,,,,,,,, [ 4272834001, 1151531748001 ],,,, [ 40527715001 ],,,,,, 
  [ 1370323571 ],,,,,,,, [ 103347492637 ],,,,,,,,,,,,,,,,,,,,,, [ 52609890401 ],,,,, 
  [ 58103697331 ],,,,,,,,, [ 4979653891 ],,,, [ 9380231521 ],,,,,,,,,, [ 9407150689 ], 
  [ 15066236593, 17746529329 ],,, [ 1419687937 ],,,,,,,,,,,,,,,,,, 
  [ 1500584341, 5699699671, 4821066849811 ],,,,,,,,,,,, [ 66659172691 ],,,,,,,,,,,,,, 
  [ 11580224501 ],,,,,,,,,, [ 50833136401 ],,, [ 94597692757 ],,,,,,,,,,,,,,,,,,,,, 
  [ 1298905651 ],,,,,,,,, [ 11959967683 ],,,,,,, [ 11830608447299 ],,,,,,,,,,,, 
  [ 1331537509, 7636400311 ],,,,,,,,,,,,,,,,,,,, [ 12859298713 ],, [ 36785731201 ],,,, 
  [ 63753512401 ],,,,,,,, [ 1505043629 ], [ 1654264459, 2941668577 ],,,,,,,,,,,,,,,,,,, 
  [ 950121172321 ],,,,,,,,,, [ 10545791573 ],,,,,,,,,,,, [ 514430544739 ], [ 4016246851 ],,,,
  ,,,,,,,, [ 128284230493 ],,,,,,,,,,,,, [ 60917521201 ],, [ 6683911153 ],,,,,,,,,,,,,,,,,, 
  [ 15815296201 ],,,,,,,,,, [ 9146566031 ],,,,,,,,,,,,,, [ 156574882669 ],,,,,,,,,,,,,, 
  [ 3240677273, 7695274991 ], [ 167391495937 ],,,,, [ 1034055089 ], 
  [ 133574975161, 196497576151 ],,,,,,, [ 5640923257 ],,,,,,,,,,,,,,,,,,,,,,,, 
  [ 1110457553 ],,,,,,,,,,,,,,,,,,,,,,,, [ 422707808401 ],,,,,,,,,, [ 10253488081 ],,,,,,,,,,
  ,,,,,,,, [ 2033948953, 36532346833 ],,,,,,,,,,,,,,,,,,,,,,,,,,,,,,,,,,,, 
  [ 801661325344793 ],,,, [ 2686690813 ],,,,,,,,,,,, [ 149257704601 ],,,,,,,,,,,,,,,,,,,, 
  [ 1700307001 ],,,,,, [ 7050537953 ],,,,,,,,,,,,,,,,,,,,,, [ 779287416769 ],,,,,,,, 
  [ 3332503201, 917972919137 ],,,, [ 1956473041 ],,,,,,,,,, [ 5859047801 ],,,,, 
  [ 1884910771 ],,,,,,,,,,,,, [ 1278780259153 ],, [ 1108128001 ],,,,,,,, [ 2238529187 ],,,,,,
  ,,,, [ 6388286893 ],, [ 191075071861 ],,,,,, [ 24724337557 ],,,,,,,,,,,,,,,, 
  [ 1479551053 ],, [ 5848496447 ],,,, [ 3145706281 ],,,,,,,,,,,,,,,,,,,,,,,, [ 5369600911 ],,
  ,, [ 44761205509 ],, [ 2336233489537 ],,,,,,,, [ 165324360217 ],,,,,,,,,,,,,, 
  [ 6240699211 ],,,,,,,,,,,,,,,,,,,, [ 3541071601 ],,,,,,,, [ 3052746042259 ],,,,,,,,,,,,,,,,
  ,,,,,,,,,,,,,,,,,,,,,,,,,,,,,,,,,,,, [ 5984501251 ],,,,,,,,,,,,,, [ 3079573061 ],,,, 
  [ 50420855209 ],,,,,,,,,,,,,, [ 6291640651 ],,,,,, [ 3171056017, 975084686561 ],,,,,,,,,,,,
  ,,,,,, [ 405080629691 ],,,,,,,, [ 3331715887 ],,,,,, [ 10779536313901 ],,,, 
  [ 1995531457 ], [ 23866592401 ],,,,,,,,,,,,,,,,,,, [ 1784569313 ],,,,,,,, [ 2246366989 ],, 
  [ 10987229857 ],,,,,,,,,,,,,, [ 7355717581 ],,,,,,,,,,,, [ 2274657761 ],, [ 3551207017 ],,,
  , [ 23090456561 ],,,, [ 6359250698131 ],,,, [ 2542112233 ],,,,,,,,,,,,,,,,,,,,,,,,,, 
  [ 817614705601 ],, [ 23439911441 ],,,,,,,,,,,,,,,,,,,,,,,,,,,,,, [ 92809491217 ],,,,,,,, 
  [ 3168364321, 22213319041 ],,,,,,,,,, [ 1780960877351 ],,,,,,,,,,,,,,,,,,,,,,,,,, 
  [ 38914354693 ],,,,,,,,,,,, [ 38686273655089 ],,,,,,,,,,,,,,,,,,,,,,,,,,,,,,,,,,,,,,,,,, 
  [ 29308339351 ],,,,,,,,,, [ 66744049261 ],,,,,,,,,,,,,,,,,,,,,,,,,, 
  [ 2832419287, 695528473069 ],,,,,,,,,,,,,,,,,,,,,,,,,,,,,,,, [ 2560391209 ],,,,,,,,,,,,,,,,
  ,,,,,, [ 12485705941 ],,,, [ 1621721249 ],,,,,,,,,,,,,,,,,,,,,,,,,, [ 6586761031 ],,,,,,,,,
  ,,,,,,,,,,, [ 6765974291 ],,,,,,,,,, [ 175316475601 ],,,,,,,,,,,,,,,,,,,, 
  [ 166690412678021 ],,,,,,,,,, [ 1482488101 ],,,,,,,,,, [ 99488093521 ],,,,,,,,,,,,,,,,,,,,,
  ,,, [ 4074175249 ],,,, [ 108181725829 ],, [ 1355771971 ],,,,,,,,,,,,,,,,,,,,,,,,,,,,,,,,,,,
  ,,,,,,,,,,,,,,,,,,,,,,,,,,, [ 17401410073 ],,,,,,,,,,,, [ 171826655017 ],,,,,, 
  [ 453507871051 ],,,,,,,,,,,,,,,,,, [ 3131703121 ],,,,,,,,,,,,,,,,,, [ 40825317829 ],,,,,,,,
  ,, [ 1081288517 ],,,,,,,,,,,,,,,,,,,,,,,,,,,,,,,, [ 4117774321 ],,,,,,,,,,,,,,,,,, 
  [ 1969449067 ],,,,,,,,,,,,,, [ 14479447981 ],,,,,,,,,, [ 4996056421 ],,,,,,,,,,,,,,,,,, 
  [ 44135876137 ],,,,,,,,,,,,,,,,,,,,,, [ 1523950215041 ],,,,,,,,,,,,,,,,,,,, 
  [ 1404105211, 2724355591 ],,,,,,,,,,,,,,,,,, [ 68677333237 ],,,,,,,,,,,,,,,,,,,,,,,,,,,,,,,
  ,,,,,,,,,,,,,,,,,,, [ 2873492513 ],,,,,,,,,, [ 1063480321 ],, [ 267275869321 ],,,,,,,,,,,,,
  ,,,,,,,,,,,,,,,,, [ 2968658081, 704371566881 ],,,,,,,,,,,,,,,,,,,,,,,,,,,,,, 
  [ 28596567541 ],,,,,,,,,,,,,,,, [ 2059370479 ],,,,,,,,,,,,,,,,,,,,,,,, [ 1493464080991 ],,,
  ,,,,,,,,,,,,,,,,,,,,,,,,,,,,,,,,,,,,,,,,,,,,,,,,,,,,,,,,,,,,,,,,,,,,,,,,,,, 
  [ 235916921521 ],,,,,,,,,,,,,,,,,,,,,,,,,,,,,,,, [ 1637517881 ],,,,,,,,,,,,,,,,,,,,,,,,,,,,
  ,,,,,,,,,,,,,,,,,, [ 1986432583 ],,,,,,,,,,,,,, [ 16226902801 ],,,,,,,,,,,,,,,,,,,,,,,,,,,
  , [ 248401767157 ],, [ 28166484740671 ],,,, [ 3499077583 ],,,,,,,,,,,,,,,,,,,,,,,,,,,,,,,,,
  ,,,,,,,,,,,,, [ 2175723841, 17398995521 ],,,,,,,,,,,,,,,,,,,, [ 7957335344941 ],,,,,,,,,,,,
  ,,,,,,,,,,,,,,,,,,,,,,,,,,,,,,,,,,,,,,,,,,,,,,,,,,,,,,,,,,,,,,,,,,,,,,,,,,,,,,,,,,,,,,,,,,,
  ,,,,, [ 5621319073 ],,,,,,,,,,,, [ 2134822530301 ],,,,,, [ 12088102687, 83014404943 ],,,,,
  , [ 1425373849 ],,,,,,,,,,,, [ 1920798013 ],,,,,,,,,,,,,,,,,,,,,,,,,,,,,,,,,,,,,,,,,,,,,,,,
  ,,,,,,,,,,,,,,,,,,,,,,,, [ 11398917253 ],,,,,,,,,,,,,,,,,,,,,,,,,,,,,,,,,,,,,,,, 
  [ 3616217221 ],, [ 84445501267 ],,,,,,,,,,,,,,,,,,,,,,,,,,,,,,,,,,,,,,,,,, [ 4785564961 ],,
  ,,,,,,,,,,,,,,,,,,,,,,,,,,,, [ 13326448591, 25231479211 ],,,,,,,,,,,,,,,,,,,,,,,,,,,,,,,,,,
  ,,,,,,,,,,,,,, [ 2723412463 ],,,,,,,,,,,,,,,,,,,,,,,,,,,,,,,,,,,,,,,,,,,,,,,,,,,,,,,,,,,, 
  [ 125221027303 ],,,,,,,,,,,,,,,,,,,,,,,,,,,,,,,,,,,,,,,,,, [ 37212335161 ],,,,,,,,,,,,,,,,,
  ,,,,,,,,,,,,,,,,,,,,,,,,,,,,,,,,,,,,,,,,,,, [ 110888161201 ],,,,,,,,,, [ 1364661464251 ],,,
  ,,,,,,,,,,,,,,,,,,,,,,,,,,,,,,,,,,,,,,,,,,,,,,, [ 7514725501, 18862347421 ],,,,,,,,,,,,,,,,
  ,,,, [ 10813941601 ],,,,,,,,,,,,,,,,,,,,,,,,,,,,,,,,,,,,,,,,,,,,,,,,,,,,,,,,,,,,,,,,,,,,,,,
  ,,,,,,,,,,,,,,,,,,,,,,,,,,,,,,,,,,,,,,,,,,,,,,,,, [ 3962787401 ],,,,,,,,,,,,,,,, 
  [ 144270019902961 ],,,,,,,,,,,,,,,,,,,,,,,, [ 949578929281 ],,,,,,,,,,,,,,,,,,,,,,,,,,,,,,,
  ,,,,,,,,,,,,,,,,,,,,,,,,,,,,,,,,,,,,,,,,, [ 4023030241 ],,,,,,,,,,,,,,,,,,,,,,,,,,,,,,,,,,,
  ,,,,,,,,,,,,,,,,,,,,,,,,,,,,,,,,,,,,,,,,,,,,,,,,,,,,,,,,,,,,,,,,,,,,,,,,,,,,,,, 
  [ 36244479223 ],,,,,, [ 2273699713, 11514566593 ],,,,,,,,,,,, [ 71609789749 ],,,,,,,,,,,,,,
  ,,,,,,,,,,,,,,,,,,,,,,,,,,,,,,,,,,,,,,,, [ 7916991937 ],,,,,,,,,,,,,,,,,,,,,,,,,,,,,,,,,,,,
  ,,,,,,,,,,,,,,,,,,,,,,,,,,,,,,,,,,,, [ 39017612971 ],,,,,,,,,,,,,,,,,,,,,,,,,,,,,,,,,,,,,,,
  ,,,,,,,,,,,,,,,,,,,,,,,,,,,,,,,,,,,,,,,,,,,,,,,,,,, [ 5885967961 ],,,,,,,,,,,,,,,,,,,,,,,,,
  ,,,,,,,,,,,,,,,,, [ 10822851679 ],,,,,,,,,,,,,,,,,,,,,,,,,,,,,,,,,,,,,,,,,,,,,,,,,,,,,,,,,,
  ,,,,,,,,,,,,,,,,,,,,,,,,,,,,,,,,,,,,,,,,,,,,,,,,,,,,,,,,,,,,,,,,,,,,,,,,,,,,,,,,,,,,,,,,,,,
  ,,,,,,,,,,,,,,,,,,,,,,,,,,,,,,,,,,,,,,,,,,,,,,,,,,,,,,,,,,,,,,,,,,,,,,,,,,,,,,,,,,,,,,,,,,,
  ,,,,,, [ 58092219109 ],,,,,,,,,,,,,,,,,,,,,,,,,,,,,,,,,,,,,,,,,,,,,,,,,,,,,,,,,,,,,,,,,,,,,
  ,,,,,,,,,,,,,,,,,,,,,,,,,,,,,,,,, [ 9987273811 ],,,,,,,,,,,,,,,,,,,,,,,,,,,,,, 
  [ 207489440401 ],,,,,,,,,,,,,,,,,,,,,,,,,,,,,, [ 3638643451 ],,,,,,,,,,,,,,,,,,,,,,,,,,,,,
  , [ 1658173501 ],,,,,,,,,,,,,,,,,, [ 15494088583 ],,,,,,,,,,,,,,,,,,,,,,,,,,,,,,,,,,,,,,,,,
  ,,,,,,,,,,,,,,,,,,,,,,,,,,,,,,,,,,,,,,,,,,,,,,,,,,,,,,,,,,,,,,,,,,,,,,,,,,,,,,,,,,,,,,,,,,,
  ,,,,,,,,,,,,,,,,,,,,,,,,,,,,,, [ 10391307481, 64525454641 ],,,,,,,,,,,,,,,,,,,,,,,,,,,,,,,,
  ,,,,,,,,,,,,,,,,,,,,,,,,,,,,,,,,,,,,,,,,,,,,,,,,,,,,,,,,,,,,,,,,,,,,,,,,,,,,,,,,,,,,,,,,,,,
  ,,,,,,,,,,,,,,,,,,,,,,,,,,,,,,,,,,,,,,,,,,,,,,,,,,,,,,,,,,,,,,,,,,,,,,,,,,,,,,,,,,,,,,,,,,,
  ,,,,,,,,,,,,,,,,,,,,,,,,,,,,,,,,,,,,,,,,,,,,,,,,,,,,,,,,,,,,,,,,,,,,,,,,,,,,,,,,,,,,,,,,,,,
  ,,,,,,,,,,,,,,,,,,,,,,,,,,,,,,,,,,,,,,,,,,,,,,,,,,,,,,,,,,,,,,,,,,,,,,,,,,,,,,,,,,,,,,,,,,,
  ,,,,,,,,,,,,,,,,,,,,,,,,,,,,,,,,,,,,,,,,,,,,,,,,,,,,,,,,,,,,,,,,,,,,,,,,,,,,,,,,,,,,,,,,,,,
  ,,,,,,,,,,,,,,,,,,,,,,,,,,,,,,,,,,,,,,,,,,,,,,,,,,,,,,,,,,,,,,,,, [ 83389876417 ],,,,,,,,,,
  ,,,,,,,,,,,,,,,,,,,,,,,,,,,,,,,,,,,,,, [ 1226030161 ],,,,,,,,,,,,,,,,,,,,,,,,,,,,,,,,,,,,,,
  ,,,,,,,,,,,,,,,,,,,,,,,,,,,,,,,,,,,,,,,,,,,,,,,,,,,,,,,,,,,,,,,,,,,,,,,,,,,,,,,,,,,,,,,,,,,
  ,,,,,,,,,,,,,,,,,,,,,,,,,,,,,,,,,,,,,,,,,,,,,,,,,,,,,,,,,,,,,,,,,,,,,,,,,,,,,,,,,,,,,,,,,,,
  ,,,,,,,,,,,,,,,,,,,,,,,,,,,,,,,,,,,,,,,,,,,,,,,,,,,,,,,,,,,,,,,,,,,,,,,,,,,,,,,,,,,,,,,,,,,
  ,,,,,,,,,,,,,,,,,,,,,,,,,,,,,,,,,,,,,,,,,,,,,,,,,,,,,,,,,,,,,,,,,,,,,,,,,,,,,,,,,,,,,,,,,,,
  ,,,,,,,,,,,,,,,,,,,,,,,,,,,,,,,,,,,,,,,,,,,,,,,,,,,,,,,,,,,,,,,,,,,,,,,,,,,,,,,,,,,,,,,,,,,
  ,,,,,,,,,,,,,,,,,,,,,,,,,,,,,,,,,,,,,,,,,,,,,,,,,,,,,,,,,,,,,,,,,,,,,,,,,,,,,,,,,,,,,,,,,,,
  ,,,,,,,,,,,,,,,,,,,,,,,,,,,,,,,,,,,,,,,,,,,,,,,,,,,,,,,,,,,,,,,,,,,,,,,,,,,,,,,,,,,,,,,,,,,
  ,,,,,,,,,,,,,,,,,,,,,,,,,,,,,,,,,,,,,,,,,,,,,,,,,,,,,,,,,,,,,,,,,,,,,,,,,,,,,,,,,,,,,,,,,,,
  ,,,,,,,,,,,,,,,,,,,,,,,,,,,,,,,,,,,,,,,,,,,,,,,,,,,,,,,,,,,,,,,,,,,,,,,,,,,,,,,,,,,,,,,,,,,
  ,,,,,,,,,,,,,,,,,,,,,,,,,,,,,,,,,,,,,,,,,,,,,,,,,,,,,,,,,,,,,,,,,,,,,,,,,,,,,,,,,,,,,,,,,,,
  ,,,,,,,,,,,,,,,,,,,,,,,,,,,,,,,,,,,,,,,,,,,,,,,,,,,,,,,,,,,,,,,,,,,,,,,,,,,,,,,,,,,,,,,,,,,
  ,,,,,,,,,,,,,,,,,,,,,,, [ 12188211876439 ],,,,,,,,,,,,,,,,,,,,,,,,,,,,,,,,,,,,,,,,,,,,,,,,,
  ,,,,,,,,,,,,,,,,,,,,,,,,,,,,,,,,,,,,,,,,,,,,,,,,,,,,,,,,,,,,,,,,,,,,,,,,,,,,,,,,,,,,,,,,,,,
  ,,,,,,,,,,,,,,,,,,,,,,,,,,,,,,,,,,,,,,,,,,,,,,,,,,,,,,,,,,,,,,,,,,,,,,,,,,,,,,,,,,,,,,,,,,,
  ,,,,,,,,,,,,,,,,,,,,,,,,,,,,,,,,,,,,,,,,,,,,,,,,,,,,,,,,,,,,,,,,,,,,,,,,,,,,,,,,,,,,,,,,,,,
  ,,,,,,,,,,,,,,,,,,,,,,,,,,,,,,,,,,,,,,,,,,,,,,,,,,,,,,,,,,,,,,,,,,,,,,,,,,,,,,,,,,,,,,,,,,,
  ,,,,,,,,,,,,,,,,,,,,,,,,,,,,,,,,,,,,,,,,,,,,,,,,,,,,,,,,,,,,,,,,,,,,,,,,,,,,,,,,,,,,,,,,,,,
  ,,,,,,,,,,,,,,,,,,,,,,,,,,,,,,,,,,,,,,,,,,,,,,,,,,,,,,,,,,,,,,,,,,,,,,,,,,,,,,,,,,,,,,,,,,,
  ,,,,,,,,,,,,,,,,,,,,,,,,,,,,,,,,,,,,,,,,,,,,,,,,,,,,,,,,,,,,,,,,,,,,,,,,,,,,,,,,,,,,,,,,,,,
  ,,,,,,,,,,,,,,,,,,,,,,,,,,,,,,,,,,,,,,,,,,,,,,,,,,,,,,,,,,,,,,,,,,,,,,,,,,,,,,,,,,,,,,,,,,,
  ,,,,,,,,,,,,,,,,,,,,,,,,,,,,,,,,,,,,,,,,,,,,,,,,,,,,,,,,,,,,,,,,,,,,,,,,,,,,,,,,,,,,,,,,,,,
  ,,,,,,,,,,,,,,,,,,,,,,,,,,,,,,,,,,,,,,,,,,,,,,,,,,,,,,,,,,,,,,,,,,,,,,,,,,,,,,,,,,,,,,,,,,,
  ,,,,,,,,,,,,,,,,,,,,,,,,,,,,,,,,,,,,,,,,,,,,,,,,,,,,,,,,,,,,,,,,,,,,,,,,,,,,,,,,,,,,,,,,,,,
  ,,,,,,,,,,,,,,,,,,,,,,,,,,,,,,,,,,,,,,,,,,,,,,,,,,,,,,,,,,,,,,,,,,,,,,,,,,,,,,,,,,,,,,,,,,,
  ,,,,,,,,,,,,,,,,,,,,,,,,,,,,,,,,,,,,,,,,,,,,,,,,,,,,,,,,,,,,,,,,,,,,,,,,,,,,,,,,,,,,,,,,,,,
  ,,,,,,,,,,,,,,,,,,,,,,,,,,,,,,,,,,,,,,,,,,,,,,,,,,,,,,,,,,,,,,,,,,,,,,,,,,,, 
  [ 780024462571 ] ]);
