BRENTFACTORS[6206]:=MakeImmutable([ ,,,,,,,,,, [ 968953246024171 ],, [ 264359137064788663 ],,
  ,, [ 4247204379473272199 ],, [ 35908272250735307 ],,,, [ 26174322112333 ],, 
  [ 1442095880516201 ], [ 19322071388987110979 ],, [ 8989215901 ],,, 
  [ 173985209287, 4494087657578345978735621, 23279401574562674822788929593 ], 
  [ 10891977031227833991649 ], [ 13090576951, 8811712763009311 ],, [ 1351841681 ], 
  [ 15358222373581 ], [ 44328332076647412814278644230645219478162559793 ],,, 
  [ 222611803893900203193641 ], 
  [ 5795800427, 961576036200827085684862343, 66785858920965553897646513237 ],,,, 
  [ 27327710071 ], [ 39406463176222234034075480334956209 ], 
  [ 493100413991, 2720755859099, 90328876019581 ], [ 7370164503313, 3357131110305073 ], 
  [ 75737028949 ], [ 610238916883151 ], [ 503595452250854827326125774509961947 ],,, 
  [ 23620052143, 26463782499391 ], 
  [ 1956483567360961, 9250817656374361, 3206564714325940631147981201 ], 
  [ 41457508009, 14524798695707627489 ],, 
  [ 257356830167, 14125053423187124448364601709050282899 ], 
  [ 2022970643, 24516321805456984169, 6381005000322726727980854923 ], 
  [ 15738312337571116369801 ],, [ 10028505273349, 14971826442487, 346889043942610427 ],, 
  [ 18368896577 ], [ 113933658931, 285270585731, 13661396830966928684161 ], 
  [ 11316834960202889701, 8102573558417296619959 ],, 
  [ 1558854615713, 113623520755898476287144541, 73959634201567358287051233999980753 ], 
  [ 62336897977, 76799714431711, 207778440724496490757, 4914291167314756175887, 
      64720826953031721737917864923862003291 ],, [ 927560918591, 367181174342510569 ], 
  [ 18265425071550341401 ], [ 37029662548183801765938649 ], 
  [ 45213862072401887, 7993907090937925688233120984094133894433 ], 
  [ 8389864051, 3945561305803386831233401 ], 
  [ 1171251755689073081, 30636609976610458380570653, 1029972327391785238258979669 ],,,, 
  [ 309452784481, 1260041226250544401, 9814330265779504765711681, 42174134798038385728016801 
     ], [ 755548006858370074876159, 10451471007244279267994002384537 ],,, 
  [ 5256404749, 845412902041, 1217127569091584971119154509140173 ], 
  [ 101800268112527261, 10280327865563409450361 ], [ 1078837579, 10097121812638045878013703 ]
    , [ 2639354149, 26404246392991106839, 21508510953916473452335115959 ], 
  [ 672177267465091873, 240278405584779335534137290196009 ],, 
  [ 795662053471, 75070998759936241, 869688947541713266171 ],, 
  [ 528066770401, 17642257123973, 241540840789996423721, 61626808714622786616170214041 ], 
  [ 70228448472314442895303 ], [ 7036661973119 ], [ 199872691841, 75877185015551 ], 
  [ 4173433850716556449 ],, [ 585755720984659, 12181999165593946193 ], 
  [ 384174657907517137519, 488109784178018859319, 364906369929987409747807 ], 
  [ 1317751411626943801, 3714750342740785301, 4171390001501787477219601 ],, 
  [ 56936446003, 233833916108632392338621165803514017990248655411 ], 
  [ 96572483304696804611111 ], [ 151986136849, 425177093726781449 ],, 
  [ 8893563866887578930574816087 ], 
  [ 250700629550807, 27403197284648347, 11704225146890838451, 22242795810470180154577 ], 
  [ 2620735023997 ], [ 3231699269133452565611 ], [ 5293618719660198127305601 ], 
  [ 9223003987, 16319193139, 276549552289 ],,,, [ 711454879462601 ], [ 18459149818649213 ], 
  [ 88547165081406579905967637 ], [ 7047440420562601 ], [ 3633565993, 1504549645607724143 ], 
  [ 44398044001, 164740502940721, 1234041967433231033408161, 
      28233470281035214409817960292646521 ], [ 227494383029 ], 
  [ 138124896671137301, 44482731009074096743, 1358452851060240875175853738007 ], 
  [ 1094863974903536756647 ],,, 
  [ 135848555893, 15278094797602091743, 6566795035959406199890222921976148974894594505649 ], 
  [ 43423316142102329, 4397284957554515055053 ], [ 18030329321089 ],, 
  [ 25180032671, 15951182195301444131, 1802399234440780444951, 21590664897787892511281, 
      28699946461149494312654615392917161051 ], [ 20602136186747 ], [ 316950282197737 ], 
  [ 20611821301, 291876173569 ], [ 6352548583991, 1202369027923373 ],,, 
  [ 3306847774893453004997 ],, [ 51121535090768121390163 ],, [ 211262335791141487 ], 
  [ 2315033243 ], [ 69020191234648840187, 110201006554203770921 ], 
  [ 1158356468913034287968888796674641 ], [ 41786617946138017249091 ], [ 880144123277 ], 
  [ 218068205132779, 1742391521314921 ],, [ 1081933999, 8389685189 ], [ 348553126533164701 ],
  [ 3729093887, 5936827439, 518753448707399 ],, [ 17387260236866541457 ],,, 
  [ 39175414594202710437866773 ],, [ 56039450429, 243697709405723 ],,, 
  [ 675888614156805547 ], [ 64007893344841727892902559199 ],,, 
  [ 28499766241, 159510488782651136176861 ], [ 1339995452659, 1002346200658867 ], 
  [ 31194857882133913867 ], [ 402135115201 ], [ 4454417756881 ], [ 1653466676456471 ],,, 
  [ 3003704758288790753 ],,,,,, [ 5856909579621479 ],,,, [ 1522019053, 57550190629 ], 
  [ 72163740529 ], [ 4809538241, 19253181337321, 399361913374127491 ], 
  [ 57211828351, 7320956322357037 ],, [ 727417679338228673 ], [ 684373729159 ], 
  [ 198891095877211 ],,,,, [ 1335067501 ],,,,,, [ 1598331173048527 ],,,,,,, 
  [ 29085134633600449 ],,,, [ 570787000039229 ],, [ 831731090321, 413720540383047185141041 ],
  , [ 3284790430249, 50736567353833, 189169451642851551793 ],, [ 2068189286327707 ],, 
  [ 8569143512821 ], [ 793212605953, 895882880219939, 1097955708243629 ], 
  [ 4259579369712853 ], [ 950719901959, 201669023993272757 ], [ 903792755934881 ], 
  [ 183316548601, 2405932714611688501, 1081712762424210540661651 ], [ 19240231463325413539 ],
  [ 21794196193662206443 ], [ 1287182441142541 ], [ 11139011131, 813005431741 ], 
  [ 16995918663275401 ], [ 64029818161, 71220362599 ], [ 82764173929 ],,, 
  [ 6377107111, 74264001505140281 ], 
  [ 14320079509, 1394613292243033, 691356603913561595583877 ], 
  [ 1426206277, 344289307519402717 ],, [ 3990886418627 ],,,,,, [ 467310952781 ], 
  [ 5620543500277, 12760525149074413 ], [ 7541624819 ], [ 116689048133093497 ], 
  [ 4532406588942829 ],, [ 117364817917 ], [ 616350136494377366173 ], [ 1169821176381397 ], 
  [ 297959379235986697, 6266342018655021733, 2173980782649949225311353 ], 
  [ 354129264270874291 ],, [ 71972882383, 146076557081384094247679 ], [ 35155067280343 ],, 
  [ 114628862411651848261, 182158478263973952099841 ],,, [ 46792390343, 130720989793 ], 
  [ 3295588297 ], [ 2467597118071 ], [ 2359453517, 233836881587 ],,, [ 189387956617987 ],, 
  [ 107351126479 ], [ 1749640055647937 ],, 
  [ 52246266877002479, 26013548659783197739, 567070365957915631951, 6082710850725660318677 ],
  [ 168557269066451 ], [ 1241391610291513 ], [ 7574750834337266170139 ], 
  [ 793484122273350379 ], [ 7801826576302063 ], [ 2533504794241 ], 
  [ 72909984515979795978331 ], [ 682471805371, 4636812448753 ], [ 53780144536017227 ],,, 
  [ 9565354943, 50996232114755929 ], [ 1750597829, 9745999269497 ], [ 818125289561365633 ], 
  [ 38791057852206847003 ], [ 6082103823432601 ], [ 979236271199428287187 ], [ 36515606233 ],
  ,, [ 17161194589084661 ], [ 3139299055097 ], [ 241812804817 ],, [ 4714318649 ], 
  [ 3539038201 ], [ 29783588801, 32585506297 ], [ 140453915462992238273 ], 
  [ 26059465993353277 ],,, [ 244480467457, 23327421848299 ],,, [ 4393161151 ],, 
  [ 185384284829 ],, [ 111833427649 ],, [ 57648630504577141, 2292611586990860521 ], 
  [ 1744344814325969 ], [ 18096227131, 1864979856159565477 ],,,,,,, [ 2120513552215381 ], 
  [ 376985896951, 10022158949401, 21694921201201 ], [ 253145371019, 6143388443603 ],,,, 
  [ 1006160431, 2597478011144361511 ],, [ 612459181968006007429 ],, [ 61914771155557 ],, 
  [ 5366628961, 5343314109841 ],, [ 16301191742369 ],,,, [ 1509641284969, 348877235716489 ], 
  [ 218239135787 ], [ 130902624810589481 ], [ 9480032131, 19011774931, 6716327615911 ],,, 
  [ 336950161417894837 ],,, [ 275396575429 ],,,, [ 25268105583841 ],,, 
  [ 4398542299, 817585931431 ], [ 2163359131 ],,, [ 8368507489, 31885160911 ], 
  [ 1212003277 ],,, [ 13618381498921, 898761595349976991, 28496128995686302836979 ],,,, 
  [ 8051075592459669071 ],,, [ 93807153763607 ],,, [ 3937022056969 ],, 
  [ 2739003877, 99099101868682987, 14451029212571095411, 147280288454633026191871 ],, 
  [ 87315648361, 309209869659701 ],,,,,,,,,, [ 2770742131 ],,,, 
  [ 33707543954699, 4012576112047187 ],,, [ 12087280351 ], [ 1365688843 ],,,,, 
  [ 33328817341 ], [ 5882118397 ], [ 3899271151, 70244610211, 7744448366461 ], 
  [ 19413415389480967 ], [ 106125406778029 ], [ 7693431763609 ],, [ 60433124006821519448141 ]
   ,,,, [ 6004002533840570729428683976081 ],, [ 3955630823041 ],, [ 1568589727 ], 
  [ 10336741733, 5247527134253 ],,,,,, [ 1023435701 ], [ 1623398027593 ], 
  [ 877028064739, 5059267316671 ], [ 1952578286401 ],,,,,, 
  [ 16968092359, 703212282767, 168166365352567 ], [ 26020017421 ],,, 
  [ 2026204207, 66688351381 ],, [ 30947545201 ], [ 6539448763 ],,, [ 12091801601161 ],, 
  [ 52384477757 ],,, [ 4850358421, 8640659629201 ], 
  [ 728391041652801601, 188293095058527614098351 ],,,,, [ 11988844141 ],,,,, 
  [ 57698382821, 12879098037061, 125596823162329661 ],, 
  [ 35067575467, 3728544811993, 8877142803312169, 10909576546476763 ],,, [ 2545264921 ], 
  [ 10289627171 ],, [ 2353582071194404753 ], [ 64210456849364687 ],,, 
  [ 52914204639390713, 126520139504288775481 ], [ 45693651580259 ],,, 
  [ 307472061456151442453 ], [ 294930657883 ],,, 
  [ 4067341441, 8479070442512641, 423423083994436463959201 ], [ 2766636659047 ],,, 
  [ 12099956410961 ], [ 2668248841, 21135229121, 159482849731, 623482868681 ],, 
  [ 442438559117, 979384765819 ],,, [ 1051859478041, 311058036964151 ],,, [ 5330495453 ],,,,
  , [ 1031729509 ], [ 7949539061 ], [ 4412637001 ], [ 43849532017 ], 
  [ 91437233502443, 2923107528468467 ],,,,, [ 12201997393 ],,, 
  [ 1278036768574861, 6528484940980123591 ],,, [ 73990310113 ],,,,, [ 150568673053 ],, 
  [ 577224571099801, 12223313848983884401 ], [ 3318939847 ],,,,,,,,, [ 188914208591 ], 
  [ 2401453266661 ],,, [ 2370236966664949601551 ],,,, [ 126137296767003953 ],, 
  [ 176142598381, 2966600609821, 21543778133390426761 ],, [ 25338198649, 758378494189 ],, 
  [ 2518790714639830913 ],,, [ 4985596493 ], [ 561067935157, 15759917214961 ],,,, 
  [ 309311660792713 ],,, [ 109682651016541 ], [ 455295212518456897 ],,,, 
  [ 3582559121, 342958907104159361 ], [ 15973608817 ],,, [ 4223552776548313669 ],, 
  [ 165747401513, 295737114435067 ], [ 12256613179777 ],,,,,,,,, [ 17734576813792129 ],, 
  [ 62182511023 ],,,,,, [ 4968673169, 55643905441 ], [ 79584283351, 160552429831 ], 
  [ 3640555188377, 64897717399383621937 ], [ 3187034321 ], [ 8281707245029 ],,,,,, 
  [ 926760084823, 3043298677519, 2475655985272933 ],,,, [ 21247011761, 39931953966638449 ],,,
  , [ 6713980485409 ],, [ 1566902237 ],,,,,, [ 1400272691, 6156377870791 ],, [ 330098796217 ]
   ,,,,, [ 10443723307 ],,, [ 736837228661 ],, [ 1346478233 ],, 
  [ 4712943647569, 104928354726189697 ],,, [ 79230031123 ], [ 49292830933 ],, 
  [ 223928685654031, 2291687318226601 ],,,, [ 27739749546121 ],,, [ 64448738719 ], 
  [ 1986362492821873 ],, [ 21633523201, 4881773228161, 60780120696961 ], [ 5535982399 ], 
  [ 3883983799, 4252406413 ],,, [ 62780715091 ], [ 3074693849 ],, [ 126847626481 ],, 
  [ 142160396951 ], [ 3995380999 ],,,,,,, [ 107997751219, 6259830592991221 ],, 
  [ 211229722441 ],,,,,,,,,,,, [ 35294814241 ],,,,, [ 102035006863 ],,, 
  [ 34694575801, 439469047481, 855385876728041 ],, [ 8653393321 ],,,,,, [ 61555952369 ],, 
  [ 66104144521 ],,,,,,, [ 1795409969789 ],,, [ 1025820610243801 ],,, [ 95564913131 ], 
  [ 27149040219137 ], [ 128982629221 ], [ 4396646047763 ],, [ 9327770437, 39667640154956173 ]
   ,, [ 3325102531 ],,,,,, [ 109144931381 ], [ 2509216069 ], 
  [ 1723381252639, 92336834736611 ],, [ 319389983281, 4436120472481 ],, [ 21887970779 ], 
  [ 237375143101 ],,,,, [ 1025093161 ], [ 1440817471 ], [ 4655857511 ],,,,,,, 
  [ 1261105759 ], [ 11868626701, 47265742099 ],,,, [ 6597009517253 ],,,,,,,, 
  [ 11406179193497484001 ],,,, [ 15450876013 ],, [ 6032318293 ],,,,,, [ 524417937275821 ],, 
  [ 359755622773 ],,,,,,,, [ 8521675681 ],,,, [ 43866382169, 29505872366429489 ],, 
  [ 2046903997, 15885897199 ],, [ 335268810928077001, 1226963476871752621 ],, 
  [ 13971062639 ],, [ 12180973233521 ],, [ 2811025249, 169551154483 ],, [ 1830589375633 ],, 
  [ 5076330914429591 ], [ 6285526777237 ],,, [ 29629841760847 ], [ 2138559541 ],,,,,,,,, 
  [ 3992364718246453 ],,,,,, [ 18707315311 ],,,,, [ 19059818201 ], [ 269339595504097 ],, 
  [ 985431954539 ],,, [ 1294237537, 2475024367 ],,,,,,, [ 443563098301 ],, 
  [ 5143968161, 591789664681 ],, [ 175626379969 ],,,,,,,,,,,, [ 187805678989 ],, 
  [ 226849849857991, 456892280550487 ],,,,,, [ 421004758081 ],, 
  [ 1226128793, 50918725337688713 ],,,, [ 467718798691, 455512495526089 ],, [ 3496892114921 ]
   ,, [ 65891036917 ],,,,, [ 8446223833 ],,, [ 27248961151 ], [ 3520937369 ], 
  [ 5945505474457, 38772587947924001 ],,,, [ 13008470353 ],,,, 
  [ 7699234741441, 152081105133761 ],,,, [ 8289996383293 ],,,,,,, [ 16289459803 ], 
  [ 51094525337 ],,, [ 2191840681 ], [ 899736009658753 ],, [ 78209277827 ],, 
  [ 90055248172579801 ],,,, [ 290567496689 ],, [ 45700400359, 133826462618059 ],,, 
  [ 4470736519 ], [ 4868863091 ],,, [ 2243827147, 2892685291, 11711794183 ],, 
  [ 1483862490601 ],,, [ 43739213437, 383519772541 ],, [ 1405863961 ],, [ 654330879950863 ],,
  ,, [ 1095589493, 1208141089, 7183169668513207 ],,,, 
  [ 1291097611, 13941574848211, 1748547226188901, 3656880727320391 ],, [ 4734704461 ],,,, 
  [ 3368508638977, 15905820754513 ],,,,, [ 2544614561 ],,,,,,,,,, [ 10421738917 ], 
  [ 43992465497 ],,, [ 1550251501 ], [ 59351095585409, 1746480528344689 ],,,,,,,, 
  [ 1532796948146069257 ],,,,,, [ 74892850755301, 1403868980593231 ],,, [ 2639278069 ], 
  [ 118250445374187211 ], [ 6522585213301 ], [ 98229560993, 2681224886497 ], [ 58203284099 ],
  ,,,,,,,, [ 4028535697 ],, [ 256705683083513 ],, [ 54495409400191 ],,,, [ 8332733809 ],,,,,,
  ,,,,,,,, [ 45761178961, 1340813257057 ],,,, [ 4234085549 ],, [ 418329352429 ], 
  [ 1482316151, 30793549081 ],,,,, [ 79533623821 ],, [ 94609225817 ],,,, [ 799188023071 ],,,,
  , [ 5046330539 ],,,,,,, [ 2772364099 ],, [ 8338595201 ],,,, [ 2595118623553 ],,, 
  [ 39530173927 ],,,,, [ 257264909437 ],,,,,,, [ 1575815299 ],,, [ 88433271001 ],,,,,,, 
  [ 2004943709 ],, [ 11645424253 ],,, [ 14825870827 ],,,,,,,,,,,,,,,,,, [ 2271491063348053 ],
  ,, [ 1162977601 ], [ 16673278121 ],, [ 1039910449447 ],,,,,,,,,, [ 3841684193 ], 
  [ 11051009779 ],,,,,,,, [ 15016519073 ],,,,, [ 12993746649115387 ],, [ 2078706493 ],,,,,,,,
  , [ 1367920753 ],,,,,,, [ 6374155180021 ],,,,,,,,,,, [ 67141913749 ],,,, [ 25794668131 ],,
  , [ 1022318299 ],, [ 684396086161 ],,,,,,,, [ 2588562481 ],,,,,,,,, [ 1194735037 ],, 
  [ 4755156949 ],,,, [ 49225034587 ], [ 2206376897 ],,,,,,,,,,,,,, [ 4625470813 ],,,,,,, 
  [ 1894602221 ],,,,,,,,,,,,,,,,,,,,, [ 1497670567 ],,,,,,,,,,, [ 1705536017 ],,,,,,,,,, 
  [ 4279090477 ], [ 8081272993 ],,,,,, [ 1438354303 ],,, [ 28606994551 ],,, [ 328570961041 ],
  ,,,,,,, [ 94774803649, 29559982543297 ], [ 131238865819 ], [ 2039764781 ],,,,,,, 
  [ 205661920127 ],,,,,,,,,,,,,,,,,,,,,,,,,,,,, [ 6634115627 ],, 
  [ 1005675421, 267100906489 ], [ 2180149973 ],,,,,,,,,, [ 6865102183, 29306428369 ],, 
  [ 24037719169 ],,,,,,,,,, [ 129622307299 ], [ 1994691313 ],,,,,,,,,, [ 1592946933029 ],, 
  [ 11625909121 ],,,, [ 1063341649717 ],,,,,,,, [ 1177817533, 128490359113 ],, 
  [ 10732484491 ],, [ 140111071921 ],,,, [ 9680100673 ], [ 142452082955911 ],,,,,,,,,,,,,,,,,
  , [ 2882407111 ],, [ 2660557301 ],,,,,,, [ 17902722193 ], [ 4097275477 ],,,,,,,,,,, 
  [ 81795822733 ],,,,, [ 716950532689 ],, [ 63095328607 ],,,,,,,,,,,, [ 1120976789 ],,,,,,,,
  , [ 15595876201 ],,,,,,,,,,,, [ 2157094853 ], [ 1041885461, 7466346310261 ],, 
  [ 53456312633 ],,,,,,,,,,,,,,,,,,,,,,,,, [ 30337671233 ],,,,,,,,,,,, [ 5810474377 ],,,,,,,,
  ,,,, [ 4299458494673 ],,,,,,,,,,,,, [ 4444726303 ],,,,,,, [ 239060609621 ],, 
  [ 1482462103 ],,,,,,,,, [ 34792966807 ],,,,,,,,, [ 5400450049 ],,,,,,,,,,,,,, 
  [ 3585247651 ],,,,,, [ 1192130234017 ], [ 10337847859 ],,,,,,,, 
  [ 41038087301, 121404486881 ],,,,, [ 2597371891 ], [ 18491455501 ],,,,, [ 10240135649 ],,,
  , [ 3524833061, 98137726301 ],,,,,, [ 21038580239, 79131130651 ], [ 11006517889 ],,,,,,, 
  [ 3378015959 ],,, [ 8204373503 ],, [ 8832636151 ],,,,,,,,,,,,,, [ 29742965117 ],,,,,,,,,,,,
  ,,,,,,,,,,,,,,,,,,,,,,,,, [ 2033408851 ],,,,, [ 160477134581 ],,, [ 309447485213 ],,,,, 
  [ 3528277343 ],,,,,,,, [ 7884259249 ],,,,,,,,,, [ 48731766389 ],,,,,,,,,,,,,,,,, 
  [ 1608530683 ],,,,,, [ 1766260753 ], [ 28096572241 ],,,,,, [ 76273608181 ],,,,,, 
  [ 3434985559 ],,,, [ 229440777091 ],,,,,,,,,,,,, [ 213583563409 ],,,,, [ 1229615599 ],,,,,,
  , [ 584979642703 ],,,,,,,,,,,,,,,,,,,,, [ 1417300099 ], [ 31008838849 ],,,,,,,, 
  [ 1544366977 ],,,, [ 2268357241 ],,, [ 4542370801 ],, [ 13515295291 ],,,, 
  [ 3974463869, 5066587543 ],,, [ 1474885889 ],,, [ 139325293661 ],,,,,,,,,,, 
  [ 61612820557 ],,,,,,,,, [ 192107742091 ], [ 7671483161 ],,,,,, [ 7326637333 ],,,,, 
  [ 397931543731 ],,,,,,,,, [ 5559824773 ], [ 2655802337 ],, [ 2077551403, 836385111379 ],,,,
  ,,,,,,,,,,,,,,,,,,,,,,,,,,,,,,,,,,,,,,,,,,,,,,,,,,,,, [ 1422657913 ],,,,,,,,,, 
  [ 1561505749 ],,,,,,,,,,,,,,,,, [ 3290491453 ],,,,,,,,,,, [ 610721883227 ],,,,,,,,,, 
  [ 7153414561 ],,,,,, [ 160421023423051 ],,,, [ 110375222833 ],,,,,,,,,,, [ 316272692161 ],,
  ,,,,,,,,,, [ 16372719247 ], [ 1421964421 ],,,, [ 18218803643 ],,,,,,,,,,,,, [ 4640437831 ],
  ,,,,,, [ 183629552107 ],,,,,, [ 755993478209 ],,,,,,,,,,,, [ 1593537601 ],, 
  [ 26395198111 ],,,,,,,,, [ 10441712209 ],,,, [ 1049286701 ], [ 3324619013 ],,,,,, 
  [ 3616898627 ],,,,,,,,, [ 885977521339 ],,,,,,,,,,,,,,,,,,,,,,,,,,,,,,,,, [ 4180472741 ],,,
  ,,,,,,,,,,, [ 6859289317 ],,,,,,,,, [ 6329294618473 ],,,,, [ 1350803521 ],,,,,,,,,,,, 
  [ 153944928721 ],,,,,,,,, [ 18468333073 ],, [ 12692775691, 51013664381 ],,,,,,,,,,,,,,,,, 
  [ 18955883393 ],,,,,,,,,,,,,,,,, [ 14205210463 ],,,,,,,,,,,, [ 15500262313, 1269369354103 ]
   ,,,, [ 5132001271 ],,,,,,,,,,,,,,,,, [ 6638376007 ],, [ 27262089277 ],,,,,, 
  [ 1467424531 ],,,,,, [ 8581065553 ],, [ 17962182443 ],,,, [ 2690828669 ],,,, 
  [ 5564405659 ],,,,,,,,,,,,,,,,,,, [ 52613604481 ],,, [ 40277811649 ],,,,,, [ 26861497279 ],
  [ 18794604181 ],,,,,, [ 17464135837 ],,, [ 203194063393 ],,,,,,, [ 11222640278989 ],,,,,,,,
  ,,, [ 1008618899 ],,,,,,,, [ 3079053851 ],,,,,,,,,,,,,,,, [ 339249740437 ],,,, 
  [ 10867656031 ],, [ 2522828969 ],,,,,,,, [ 6164325610321 ],,,,, [ 6991679551 ],,,,,, 
  [ 4433860369 ],,,,,,,,,,,,,,, [ 37319349247 ],, [ 2203304501 ],,,,,, [ 4807475333 ], 
  [ 131003746891 ], [ 8895757637677 ],,,,,,,,,,,,,,,,,, [ 23255910539 ],,,, [ 3580583137 ],, 
  [ 7202910541 ],, [ 14206474291 ],,,,,,,,,, [ 21894033409 ],,,,, [ 144038750221 ],,,,,,, 
  [ 29600300549 ],,,,, [ 2351501989 ],,, [ 4559357773 ],, [ 5357962319 ],,,,,,,,,, 
  [ 121434947637433 ],,, [ 8808330088849 ],,,,,, [ 3009742651 ],,,,,,,,,,, [ 2146289029 ],,,
  , [ 45176136193 ],,,,,,,,,,,,,,,,,,,,, [ 2600256979, 4486079179 ],,,,,,,,,,,,,,, 
  [ 13477731913 ],, [ 2254752281 ],,,,,, [ 1267695353 ], [ 7452267152149 ],,,,,, 
  [ 1692397771 ],,,,,,,,,,,,,,,,, [ 5930144069 ],, [ 17565107207 ],,,, [ 166390773407 ],,,,,,
  ,, [ 14456690711 ],,,,,,,,,,,,,,,,, [ 6815374669 ], [ 16188417337 ],,,,,, [ 8150884127 ],,,
  ,, [ 3283294243 ], [ 1297135319041 ],, [ 1204903477 ],,,,,,,, [ 221953920011 ], 
  [ 8158292059 ],,,,,,,,, [ 27949568281 ],,, [ 36764174791 ],,,,,,,,,,,, [ 1263370561 ],,,,, 
  [ 54806689601 ],, [ 86259094549 ],,,, [ 39132378773 ], [ 155926573111 ],,,,,,,,, 
  [ 6178063321 ],,,,,,,,,,,,,,,,,, [ 3295713481 ],,,,,, [ 17785257601 ],,,, 
  [ 1965145069, 5179945009, 35067697213 ],,,,,,,,,,,,,,,,,,,,,,,,,,,,,,,,,, 
  [ 17662577369659 ],,,,,,,, [ 272446615229 ],, [ 5893047553 ],,, [ 1585273483 ],,,,,,,,,,,,,
  ,,,, [ 1829874133 ],,,,,,,,,,,,,,,, [ 30655364821 ],,,, [ 4278900737 ],,,,,,,,,, 
  [ 15257488573 ], [ 1182316741 ],,,,,,,,, [ 13429962397 ],,,,,,,, [ 11154901733 ],,,,,,,,,,,
  ,,,,,,,,,,, [ 33034464769, 172562745583 ],, [ 211283558401 ],,,,,,,,,,,,,,,,,,,,,,,,,,,, 
  [ 29589089401 ],,,,,,,,,,,,,,,,,,,, [ 19607754181 ],,,,,,,,,,,,,,,,,, [ 46136651147 ], 
  [ 3240648997, 231243355747 ],,,,,,,,,,,,, [ 1424854861 ],, [ 16515781315777 ],,,,,, 
  [ 23337090949 ],,,, [ 2599541977 ],,,,,,,,,, [ 12029482411 ],,,,,,,, [ 23673689321 ],,,,,, 
  [ 59096725889 ],,,,,, [ 3369265531 ],,,,,,,,,,,,,, [ 11172916441 ],,,,,,,,, 
  [ 1210554926101 ],,,,,,,,,,,,,,,,,,,,,,,,,,, [ 21189630169 ],,,, 
  [ 7998758641, 647685323113 ],,,,,,,,,,,,,,,,,,,,,,,,,,,,,,,,,,,,,,,, [ 314918209453 ],,,,,,
  ,,,,,, [ 1221914654017 ],,,,,,,,,,,, [ 3608797321 ],,,,,,,,,,,,,, [ 64634102977 ],,,, 
  [ 3030979183 ],,,,,,,, [ 3210133711, 80257153297 ],,,,,,,, [ 4914518179 ],,,, 
  [ 4480520441, 110330835781 ],, [ 1185927481 ],,,,,,,,,,,,,,,,,,,,,,,,,,,,,,,,,,,,,,,,,,,,,,
  ,,,,,,,,,,,,,,,,,,,,,,,,,, [ 339938165881 ],,,,,,,,,,,,,,,,,,,,,,,,,,,,,, [ 130617021673 ],
  ,,,,,,,,,,, [ 25316963467 ],, [ 3976736297 ],,,,,,,,,, [ 5145125563 ],,,,,, 
  [ 61925447977 ],,,,,,,,,,,,,,,,,, [ 468848764051 ],, [ 31556753317 ],,,,,,,,,,,,,,,, 
  [ 8374690921 ],,,,,,,,,,,,,,,, [ 3390229789 ],,,,,,,,,,,,,,,,,, [ 18881366099 ],,,,,,,,,,,,
  ,,,,,, [ 2494167761 ],,,, [ 1694011993 ],,,,,,,,,,,,,, [ 2154091999 ],,,, [ 1186378883 ],,,
  , [ 6798474931 ],,,,,,,, [ 3945780961 ],,,,,,,,,,,,,, [ 167289408001 ],,,, [ 2767289309 ],,
  ,,,,,, [ 1568914901 ],,,,,,,,,,,,,,,, [ 7313049533 ],,,, [ 196658249761 ],,,,,,,,,, 
  [ 4378084951 ],,,,,,,,,,,,,,,,,,,,,,,,,,,,,,,,,,,,,,,,,,,,,,,,,,,, [ 3365369323 ],,,,,,,,,,
  ,,,,,,,,,,,,,,,,,,,,,,,,,,,,,,,,,,,,,,,,,, [ 448542741223 ],,,,,,,,,,,,,,,,,,,,,,,,,,,, 
  [ 792465920053 ],,,,,,,,,, [ 19435155137 ],,,, [ 33234009037 ],,,,,,,,,, [ 2079994453 ],,,
  , [ 9274379591, 13013468551 ],,,,,,,, [ 1223974639 ],,,, [ 6675061933 ],,,, 
  [ 191296810207 ],,,,,,,,,,,,,,,,,,,,,,,,,,,,,,,,,,,,,,,,,,,,,, [ 1090911953 ],,,,,, 
  [ 1795876937, 186723648038789 ],, [ 78405314401 ],,,,,,,,,,,,,,,,,,,,,,,,,,,,,, 
  [ 160969347991 ],,,, [ 50616928507 ],,,, [ 42158898949373 ],,,,,,,,,,,, [ 1198977551 ],,,,,
  ,,,,,,,,,,,,, [ 15958220881 ],,,,,,,,,, [ 3388195669 ],,,,,,,,,,,,,,,,,,,, [ 1683555179 ],,
  ,,,,,,,,,,,,,,,,,, [ 39530857939 ],,,,,,,,,,,,,,,,,,,,,,,,,,,,,,,,,, [ 94358496457 ],,,,,,,
  ,,,,,,, [ 1021101943 ],,,,,, [ 34649094097 ],,,,,,,,,,,,,, [ 13511840257 ],,,,,,,,, 
  [ 2973101671 ],,,,,,,,,,,,,,,,,,,,,,,,,,, [ 10824836569 ],,,,,,,,,,,,,,,,,,,,,,,,,,,,,,,,,,
  ,,,,,,,,,,,,,, [ 4500868051 ],,,,,,,,,, [ 11159174881 ],,,,,,,,,,,,,,,,,,,,,,,,,,,,,,,, 
  [ 607995305977 ],,,, [ 18502128833 ],, [ 71070615853 ],,,,,,,,,,,, [ 46471126021 ],,,,,,,,,
  ,,, [ 1868366089 ],,,,,,,,,,,,,,,,,,,,,,,,,,,,,,,,,,,,,,,,,, [ 473254790353 ],,,,,,,,,,,,,,
  ,,,,,,,,,, [ 10546430761 ],,,,,,,,,,,,,,,,,, [ 3744787927 ],,,,,,,,,,,,,,,,,,,,,,,,,,,,,,,,
  ,,,, [ 6063786097 ],,,,,, [ 8408515321 ],,,,,,,,,,,,,,,,,, [ 1648239283 ],, 
  [ 656552267057 ],, [ 2986174441 ],,,,,, [ 27102953473 ],, [ 1009087423 ],, [ 101457140401 ]
   ,, [ 6472119193 ],,,,,,,,,,,,,,,,,,,,,,,,,,,,,,,, [ 889970537821 ],,,,,,,,,,,,,,,,,,,,,,,,
  ,, [ 112176488321 ],,,,,,,,,,,,,,,,,,,,,,,,,, [ 3274791521 ],,,,,,,,,,,,,,,,,,,,,,,,,,,, 
  [ 2472457936369 ],,,,,,,,,,,,,,,,,,,,,,,,,,,,,,,,,,,, [ 253089051251 ],,,, 
  [ 2581091273161 ],,,,,,,,,,,,,,,,,,,,,,,,,,,,,,,,,,,,,,,,,,,,,, [ 1029127601 ],,,,,,,,,, 
  [ 1553457611 ],,,,,,,,,,,,,,,, [ 248560310083 ],,,,,,,,,,,,,,,,,,,,,,,, [ 289843240501 ],,,
  ,,,,,,,,,,,,,,,,,,,,,,,,,,,,,,,,, [ 227816699713 ],,,,,,,,,,,,,,,,,,,,,,,, [ 21496778731 ],
  ,,,,,,,,, [ 5454474481 ],,,,,,,,,,,,,,,,,,,, [ 15296741281 ],,,,,,,,,,,,,,,,,,,,,,,, 
  [ 4932938737 ],,,,,, [ 31582416917851 ],,,,,, [ 120860437261 ],,,,,,,,,,,,,,,,,,,,,,,,,,,,,
  , [ 91948737571 ],,,,,,,,,,,, [ 390563900818867 ],,,,,, [ 88474596757 ],,,,,, 
  [ 16699985431 ],,,,,,,,,,,,,,,,,,,,,,,,,,,,,, [ 10031831281 ],,,,,,,,,,,,,,,,,, 
  [ 6526996519 ],,,,,,,,,,,,,,,,,,,,,,,,,,,,,,,,,,,,,,,,,,,,,,,,,,,,,,,,,,,,,,,,,,,,,,,,,,,,,
  ,,,,,,,,,,,,,,,,,,, [ 74325517993 ],,,,,, [ 4435666561 ],,,,,, [ 62652522901 ],,,,,,,,,,,,,
  ,,,,,,,,,,,,,,,,,,,,,,,,,,,,,,,,,,,,,,,,,,,,,,,,,,, [ 139248625001 ],,,,,,,,,,,,,,,,,,,,,,,
  ,,,,,,,,,,,,,,,,,,,,,,,,,,,,,,,,,,,,,,,,,,,,,,,,,,,,,,,,,,,,,,,,,,,,,,,,,,,,,,,,,,,,,,,,,,,
  ,, [ 4250609329909 ],,,,,,,,,,,,,,,,,,,,,,,,,,,,,,,,,, [ 442387341901 ],,,,,,,,,,,,,,,,,,,,
  ,,,,,,,,,,,,,,,,,,,,,,,,,,,,,,,,,,,,,,,,,,,,,,,,,,,,,,,,,,,, 
  [ 2275038301, 8260425601, 14809684938661 ],,,,,,,,,,,,,,,,,, [ 10208235073 ],,,,,,,,,,,, 
  [ 6062335471 ],,,,,,,,,,,,,,,,,,,,,,,,,,,,,,,,,,,,,,,,,,,,,,,,,,,,,,,,,,,,,,,,,,,,,,,, 
  [ 9429366409 ],,,,,,,,,,,,,,,,,,,,,,,,,,,,,,,,,,,,,,,,,,,,,,,,,,,,,, [ 1426102849 ],,,,,,,,
  ,,,,,,,,,,,,,,,,,,,,,,,,,,,,,,,,,, [ 1130564521 ],,,,,, [ 16158211777 ],,,,,,,,,,,,,,,,,,,,
  ,,,,,,,,,,,,,,,,,,,,,,,,,,,,,,,,,, [ 17944193737 ],,,,,,,,,,,,,,,,,,,,,,,,,,,,,,,,,,,,,,,,,
  ,,,,,,,,,,,,,,,,,,,,,,,,,,,,,,, [ 1529449921, 14453931511 ],,,,,, [ 7008135961 ],,,,,,,,,,,
  ,,,,,,,,,,,,,,,,,,,,,,,,,,,,,,, [ 1927299391 ],,,,,, [ 72501905233 ],,,,,, [ 3495209491 ],,
  ,,,,,,,,,,,,,,,,,,,,,,,,,,,, [ 44069416297201 ],,,,,,,,,,,,,,,,,,,,,,,,,,,,,,,,,,,,,,,,,, 
  [ 233723941141 ],,,,,,,,,,,, [ 2817334603 ],,,,,,,,,,,,,,,,,,,,,,,,,,,,,,,,,,,,,,,,,,,,,,,,
  ,,,,,,,,,,,,,,,,,,,,,,,,,,,,,,,,,,,,,,,,,,,,,,,,,,,,,,,,,,,,,,,,,, [ 1865653057 ],,,,,,,,,,
  ,,,,,,,,,,,,,,,,,,,,,,,,,,,,,,,,,,,,,, [ 4487919697 ],,,,,,,,,,,,,,,,,,,,,,,,,,,,,,,,,,,,,,
  ,,,, [ 15104325217 ],,,,,,,,,,,,,,,,,,,,,,,,,,,,,,,,,,,,,,,,,,,,,,,,,,,,,,,,,,,,,,,,,,,,,,,
  ,,,,,,,,,,,,,,,,,,,,,,,,,,,,,,,,,,,,,,,,,,,,,,,,,,,,,,,,,,,,,,,,,,,,,,,,,,,,,,,,,,,,, 
  [ 7908662107 ],,,,,, [ 1057307761 ],,,,,,,,,,,,,,,,,,,,,,,,,,,,,,,,,,,,,,,,,,,,,,,,,,,,,,,,
  ,,,,,,,,,,,,,,,,,,,,,,,,,,,,,,,,,, [ 1386462361 ],,,,,,,,,,,,,,,,,,,,,,,,,,,,,,,,,,,,,,,,,,
  ,,,,,,,,,,,,,,,,,,,,,,,,,,,,,,,,,,,,,,,,,,,,,,,,,,,,,,,,,,,,,,,,,,,,,,,,,,,,,,,,,,,,,,,,,,,
  ,,,,,,,,,,,,,,,,,,,,,,,,,,,,,,,,,,,,,,,,,,,,,,, [ 10325698531 ],,,,,,,,,,,,,,,,,,,,,,,,,,,,
  ,,,,,,,,,,,,,,,,,,,,,,,,,,,,,,,,,,,,,,,,,,,,,,,,,,,,,,,,,,,,,, [ 8302347961 ],,,,,,,,,,,,,,
  ,,,,,,,,,,,,,,,,,,,,,,,,,,,,,,,,,,,,,,,,,,,,,,,,,,,,,,,,,,,,,,,,,,,,,,,,,,,, 
  [ 20737404271 ],,,,,,,,,,,,,,,,,,,,,,,,,,,,,, [ 1663489801 ],,,,,,,,,,,,,,,,,,,,,,,,,,,,,,,
  ,,,,,,,,,,,,,,,,,,,,,,,,,,,,,,,,,,,,,,,,,,,,,,,,,,,,,,,,,,, [ 47955940381 ],,,,,,,,,,,,,,,,
  ,,,,,,,,,,,,,,,,,,,, [ 89389290691 ],,,,,,,,,,,,,,,,,,,,,,,,,,,,,,,,,,,,,,,,,,,,,,,,,,,,,, 
  [ 223836734881 ],,,,,,,,,,,,,,,,,,,,,,,,,,,,,,,,,,,,,,,,,,,,,,,,,,,,,,,,,,,, 
  [ 1354224721 ],,,,,,,,,,,,,,,,,,,,,,,,,,,,,,,,,,,,,,,,,,,,,,,,,,,,,,,,,,,,,,,,,,,,,,,,,,,,,
  ,,,,,,,,,,,,,,,,,,,,,,,,,,,,,,,,,,,,,,,,,,,,,,,,,,,,,,,,,,,,,,,,,,,,,,,,,,,,,,,,,,,,,,,,,,,
  ,,,,,,,,,,,,,,,,,,,,,,,,,,,,,,,,,,,,,,,,,,,,,,,,,,,,,,,,,,,,,,,,,,,,,,,,,,,,,,,,,,,,,,,,,,,
  ,,,,,,,,,,,,,,,,,,,,,,,,,,,,,,,,,,,,,,,,,,,,,,,,,,,,,,,,,,,,,,,,,,,,,,,,,,,,,,,,,,,,,,,,,,,
  ,,,,,,,,,, [ 55653060901 ],,,,,,,,,,,,,,,,,,,,,,,,,,,,,, [ 44250426991 ] ]);
