BRENTFACTORS[3766]:=MakeImmutable([ ,,,,,,,,,,,, [ 1309206289 ],,,, [ 1106109309467 ],, 
  [ 7209755315257052123114807 ],,, [ 1726538617 ], [ 1852951577, 6964673983013000010458311 ],
  , [ 191204616052026901 ], [ 7406436311, 191959053001 ], 
  [ 22237770842533, 41572054091886679 ],, [ 3429843341 ], [ 12115925611 ], 
  [ 2319239828993, 3340186591466269, 11714024343108780850981171 ],, 
  [ 2076476887, 323912140663, 716369123317 ], [ 543685633959595017977 ], 
  [ 137673655351, 55632054782641 ], [ 644706206415715753 ], 
  [ 73104007855997, 584821485634363, 993373681928657331748827827 ], 
  [ 531968998727, 19795378827784807657693 ], 
  [ 78455016356917301791, 7378920471562097540346692299 ], [ 3449519441 ], 
  [ 101369726566860481, 269573081903940967573, 20046661360836792405801283, 
      8850824539757153392508261469091 ],,, [ 28963571020429, 18957284173543981 ], 
  [ 117959704302380297421331, 203204375640741376879509552661 ], 
  [ 7180062976267, 99006487986949 ], [ 1247517614178469, 74798100969942393403 ], 
  [ 179860879968577 ], [ 22588853960801234033929 ], [ 23798716651, 35213549088087151 ], 
  [ 6254027301374869, 21986883704916391170211405244662623722287 ], 
  [ 161122363202140676276617 ], [ 1596924557 ],, 
  [ 1777152883925431, 145588643689369372304891761 ], [ 5704516721 ],,,,,, 
  [ 7472368217, 244854408137279628491801 ], [ 1973320147 ], [ 8671554436298227457 ], 
  [ 82698973111, 113881385371781 ],, [ 1383054067 ], 
  [ 825489979432639015228650876461569871381 ], [ 2395293049 ],, 
  [ 3647669731, 314276812439, 46245224670621161 ], [ 213288537456937 ], [ 2652882667873 ], 
  [ 21997675932435073958387 ], [ 737575183791898503001 ], [ 333270805909 ], [ 3507048161 ], 
  [ 65221247053, 3070652865363992079916369 ], [ 1073154629298733, 142058394882825493 ],, 
  [ 36928543856714576290027 ], 
  [ 52244760697, 5126280410737810614609593377, 2544452490569804646396878336296569622171 ], 
  [ 352051578613667 ], [ 8924101281648060683383431516049 ], 
  [ 100983215376091, 53597825797497460321 ], [ 53501008974271511 ], 
  [ 26981941099, 14622465519987521551, 42134390596370419903 ],, 
  [ 3476940883501, 3345743908985473, 4498547659637531 ], [ 734535942764693261432941 ], 
  [ 832917766079269417, 2574922247134925507 ], 
  [ 35002300313, 3636723585389, 111846346882289 ], [ 2118533121832610911 ], 
  [ 40858418386661, 1132241729299615631 ],, 
  [ 192089949313, 21300270173821625344424257, 1705152501412804987309730378705560513 ], 
  [ 2836749819307, 15554683636997, 102548650589074441 ], [ 10690506924203 ], 
  [ 10029975517, 2744755481359 ],, [ 10449067313 ], [ 3368323561, 91440478119744980437 ], 
  [ 3729728881 ], [ 1748715390241, 337483451903792273 ],,, [ 9103610637323 ], 
  [ 31960286641 ],, 
  [ 339137024491, 355188326484311, 3808229695987164911, 
      11857005362589677580716993202583451969948011 ], [ 19673598487 ], 
  [ 1785229223512773244742929 ], 
  [ 20060174850799, 8877573610906155047, 402219514313231180081, 13609325609038090081201 ], 
  [ 67974266317 ], [ 366037689314761, 4160501045463073378631 ], 
  [ 92567385572128570197098101, 2165122093215391805983023666937 ],, 
  [ 2415929288209906851589, 210908158929533767564122762767 ],, 
  [ 34161703401121, 2574613695307147888573441 ], [ 189088797185598119080547 ], 
  [ 850381227090341, 86305970042512390591, 415437725040864336152233 ],, 
  [ 655274842924414729 ], [ 189863527501, 102870933005501, 10189491798974655809251 ], 
  [ 2160915499, 5764472406263719, 2067447575293478158668482828170099 ],,,, 
  [ 516662427451, 650998845875343271526741, 1699259637703406232431771 ], [ 1633271557111 ], 
  [ 3303743917 ], [ 48197709337 ], [ 66421803803 ], [ 21796671511 ],, 
  [ 2048630323, 3909443509 ], [ 24200634163889896610580073 ], [ 1214637323 ], 
  [ 780639090421, 72955222097374528381 ],, 
  [ 2099181031, 124175236429613407, 72211095469729569367907 ], [ 43354796629, 577037847959 ],
  [ 11556465005233 ],, [ 66179788760941 ], [ 6218313151 ], [ 2261995331669 ],,,,, 
  [ 143562522421 ], [ 462314607159171200803921861 ], [ 21028848553241161 ], 
  [ 445743153181, 11487006072200332909 ],,, [ 2907333748829077 ], 
  [ 776954563084321, 32079613167198632762074561 ], [ 17306448568677096557 ], 
  [ 6316873674372668336887 ],, 
  [ 48813992053, 794396143125017, 1920435531211889, 3171345129875280654917, 
      2167854818944899854652689 ],, [ 68667403832513 ],, [ 1429964491201, 837154034133649 ], 
  [ 1942357789573652959, 43703631954459366397 ],, 
  [ 35468857279, 9286879147723, 131621341286578607323507 ],, 
  [ 1801407827, 2332946234440319, 2296029850813151773339 ], 
  [ 124463183797, 254690498342889871, 5122762002145425836647, 23091074940510786973829887 ], 
  [ 48362730851401 ],, [ 11747979550480447369483 ], [ 2304063346076286617 ], 
  [ 661662313855031 ], [ 1011097337401, 7176190258435141 ], 
  [ 18427846634721151, 39714639539139824333 ], [ 399754081416201286781371 ], 
  [ 1942019059, 679714853358845015269, 815361495421973810857 ], [ 130392363296926057 ],,,, 
  [ 4560613417, 204188406649, 3698431904236397 ], [ 25795839109069 ], 
  [ 213135157768262078196061 ],, [ 2042728909873500481 ], 
  [ 6401072782847, 94668361364832425827 ],,, [ 8834776033976472637 ],,, 
  [ 25645563740262691 ], 
  [ 1990505769798401, 11346257699615801, 374421681414477601, 460522059335576525801 ], 
  [ 55140021667 ], [ 539876018021634160310747 ], [ 1515090504061 ],,,,, 
  [ 63691490227037713 ], [ 450550039963 ], [ 653024759650621 ],, 
  [ 266746987061, 773551292837 ], [ 10777817041, 598613328376957681 ],, 
  [ 197070435672503951 ],, [ 155357062083153841 ], [ 1800302074787327 ], [ 7132630276819 ],,
  , [ 187721008993354069, 22666540201660573891 ], [ 41036363219, 8997445652533372249907 ],, 
  [ 7812512551, 113172334279651 ], [ 719565690680427266626290709 ],, [ 145707582052609 ], 
  [ 174690711287 ], [ 615480515431, 17641455221934461 ],, 
  [ 11436371470217, 7624675084595366248049 ], [ 103277579929, 1452983879032453 ], 
  [ 76346829001 ],, [ 1506002433349 ],,, 
  [ 19353415049, 9547840056187, 692394738334909, 5803377533153741 ],,, 
  [ 3497765234329308757 ],,,, [ 944521085323, 12410240978944430383 ], [ 61731705333923 ], 
  [ 100679521673046006937 ],, [ 6076861205357716001 ], [ 33188251669800712351 ],, 
  [ 827130187295428127, 9062100780511674083 ], 
  [ 739084213865828121157, 1643781108722758766898780059 ],, 
  [ 15326428673, 18551699422180097, 121715192510872577 ], [ 574519082171 ], [ 931265844031 ],
  , [ 1258410401, 12652494661, 9947693391917581, 3203945319049094621, 
      14560596951550343416321 ], [ 4687729680291661, 500084019512417377, 1276215510500321491 
     ], [ 12439739041, 15510167891665556101 ], [ 138450011469634619 ],, [ 5348248021 ], 
  [ 67756484926439, 36039564426609493 ],,,,,,,, 
  [ 1952865968441, 8865521663253207017617, 66269585794504065298249 ], [ 11088076860198251 ], 
  [ 9182084418457, 106091664409106530177, 344238954637916652823381 ],, 
  [ 22262148822608339, 3075459829322628791 ], [ 116503205463478947007 ], 
  [ 4127218407881338001, 74536602946259646663241 ],,, [ 342286643560187 ], 
  [ 1003256727573178813993 ],, [ 19880146859 ],, [ 1328115457, 57743886426646753 ], 
  [ 1603245419, 556784273599, 4275827940785719, 1261483007230829289383 ],,,,, 
  [ 1649713381, 5759883949 ], [ 273728380721 ],, [ 2389353645148196563 ], [ 42495278291 ], 
  [ 1229364926562449 ], [ 2876114260250401, 36906747910703701, 61985480671729201 ],, 
  [ 14187673529687858606963 ],, [ 76144558516394784337 ],, [ 238428024607, 860252753226151 ],
  [ 1057939193, 73834078307567, 83076859463023 ], 
  [ 2407092689, 2184524827079427449, 133603116452761938292214521 ],, 
  [ 11107405969539686141, 5135590285960149648271 ],,, [ 1317177832319 ],, 
  [ 1943977771, 2720552034691, 123009193427111422831 ], [ 135034092649 ],, [ 79431522199 ],, 
  [ 90346641601 ], [ 7914736196396917 ],,,,, [ 13492401065473994581 ], 
  [ 50894203483, 11896157088523 ],,, [ 3535524377221 ],,,, [ 200742237162109 ], 
  [ 4681475941823701 ], [ 23799161611072129306417 ],, [ 1123532785987 ],, 
  [ 9519660001, 2914519425813027401, 57413893792042441390741 ],, 
  [ 58365423628957, 1734372352511803 ],, [ 1243397633, 3911584441, 625595475133121 ],,,,, 
  [ 2796792469 ], [ 336038438051 ],,,,, [ 148083531341, 39058320181151 ],, 
  [ 2201315035819104661 ],,, [ 14411828881, 551832999060601 ],, [ 122881599926639 ], 
  [ 3465817279 ],, [ 1130588231 ], [ 55413690955672141 ],, [ 7773763375633 ],, 
  [ 376289752471, 224911949267351 ],, [ 203253280393 ],, [ 20550049003661 ], 
  [ 2459346961563001 ], [ 147450870210961, 73181556304073297 ], 
  [ 182252746573, 1522505439937 ], [ 15750524428633, 51664929431586700069 ],, 
  [ 830820556351214881 ],, [ 1094115233, 15586834259573 ],,, [ 5210750161 ], 
  [ 140950092824699, 8958492539383151, 53181822703671637 ],, [ 5252996977 ], 
  [ 7830009841, 1498255638769 ], [ 43625556442160289481 ], [ 373430981951 ],,,,, 
  [ 2051988139262161, 75598546326279100502797 ], [ 148827481483, 154767771128050459 ],, 
  [ 1584735433, 6852714510284751467059 ], [ 206808284401 ], [ 970821182293799 ],, 
  [ 15267322771637 ],,,, [ 138311909258161 ], [ 68073632713 ],, 
  [ 354097800208811, 2294908321059581 ],, [ 3576800914410413 ],, 
  [ 922973733757, 138077807390461, 130512865831890276169153 ],, [ 365227445446908928001 ], 
  [ 9941065031497 ], [ 1050597857 ],, [ 727558163178841 ], [ 1003786933 ],, 
  [ 37350438270121 ],, [ 1371836573851 ], [ 258559675471, 22133329948489 ], [ 4532535827 ], 
  [ 168832335673, 2365538423753, 848029861507167012495893 ], 
  [ 3389941024471, 43701047988313 ], [ 11571800423681, 1856657632376737661 ], 
  [ 1997577251, 805862758161931 ], [ 9185488561, 175706624498401 ], [ 553045807590247 ],,, 
  [ 6413960589389, 21521355197813 ], [ 8254633020919, 54360028042577 ],, [ 3832148881159 ],,,
  ,, [ 11738114137, 243084220009, 388069287589 ],,, [ 1315878322861 ], 
  [ 107155274689, 8311911824833 ],, [ 8905499199550801, 12844991322165187351 ], 
  [ 687590472449, 10099281601418329 ], [ 55885232993 ],,, [ 25312247087401 ], 
  [ 1598743297, 113459704753 ], [ 17160303100087345921 ], [ 47808436477541471 ], 
  [ 8974231026139, 465597543825617167 ], [ 28336589840981, 417508111356101 ], 
  [ 2063436923 ], [ 7331974189 ], [ 7937599607173 ], [ 167380796396781697 ],,, 
  [ 78858393353 ], [ 430558617997 ], [ 9876185117, 218580669727809383, 397642710201870841 ], 
  [ 1955986950611 ], [ 3511531081 ], [ 14439281929, 1075865166617, 761294948471657 ], 
  [ 161765080489 ], [ 13230786649, 252559445167125133 ],, [ 1826387249, 21180580454237 ],, 
  [ 6628080360208512503 ],,,, [ 212810741346541081, 5105141328044090387 ], 
  [ 136271775907, 25838196564307 ],,, [ 31690819380511, 211876384409287312249 ],,, 
  [ 226550400229, 5964960498493 ],, [ 28088709160307 ], [ 228658307737 ], 
  [ 11031117557, 1348372113701334091 ], [ 42098516981, 42449857881107 ],, 
  [ 2761114207149841 ],,,,,, [ 1659628567 ],, [ 12575908807453349569 ], [ 3340865881 ],,, 
  [ 525639224057, 7030870759669 ],,,, [ 15618799825809627137 ],,,, [ 164740596147758893 ],,, 
  [ 18569128693 ],,, [ 34608750303847411 ], [ 1764729613 ],, [ 18638619602401 ], 
  [ 194519403553 ],,, [ 2612610389 ], 
  [ 27621455761045286461, 83509133226712068691, 1475178941637557977571, 
      9355255183842782548891 ], [ 5310345330541 ], [ 143141044263744913 ],, 
  [ 9577873918009398367, 71386080870893169517 ],, [ 196739835257201 ],,,,,, 
  [ 22376613631, 5135394539052719 ], [ 901382559860557 ], [ 1587939610682331169 ],, 
  [ 165053996647723 ],,,,,,,, [ 69341656742810237 ], [ 1152606374706271, 3710873082597511 ],,
  , [ 56922236209, 8369920181449 ],,,, [ 62369668597 ],,,,,,,, [ 5941546646221 ],,,, 
  [ 1246807787, 6650039117, 507014000249, 962203801515343696163 ],, 
  [ 2245609153, 52109841767041, 460490629101697, 1619319227310721 ],, 
  [ 279519789079, 33445609868431 ],, [ 42020132321, 332689177374481 ],, [ 830774675473 ],, 
  [ 2450541492713 ], [ 551035372681 ], [ 2771357289052361 ],, [ 14725175326429 ],,,,,, 
  [ 40372529585851 ],,,,,,, [ 2640251899 ], [ 2008136551 ],, 
  [ 1943093645237, 1788485074359838512017 ],, [ 54400864726029786999283 ],,,, [ 6309123251 ],
  , [ 241105915118633869 ],, [ 2660275461211987 ], [ 11676909354311941 ], 
  [ 1473864152377, 7680855769049 ],,,,,,,,, [ 10761626251 ],, 
  [ 5729923245883, 4463156565088519 ], [ 157975393273, 220689501713 ],,,,,, 
  [ 3547378043090569 ],, [ 660860045600788249 ],, [ 5332222479431 ],, [ 5397655670401 ], 
  [ 2133950537 ], [ 4739188734073 ],, [ 24297989269 ],, [ 6410464721 ],,, [ 22127039749 ],,,,
  ,,,,,,,,, [ 13936630305019 ],,,,,,,,,,,,,,,,, [ 6486390583 ],, [ 22191759259 ],,, 
  [ 17192585555164837 ],,,,,, [ 47944578521179622311, 140794562374707055984171 ],,, 
  [ 50589999307, 7296761538991 ],,,,, [ 512277054139 ],, [ 216185988901 ], [ 9297775189 ], 
  [ 232572454687, 671053627999 ],,,,,, [ 281799832791601 ], [ 11098510169 ],,, 
  [ 20721823520641, 52654761677819761 ],, [ 4790809565053, 113251150639879263313 ],, 
  [ 2037152140719133 ],, [ 102451926191 ],,, [ 1636080223 ], [ 3752601499, 48971587849 ], 
  [ 14871440503 ], [ 1174965057737 ],, [ 136622990263 ],, [ 15494026913 ],,,, 
  [ 271758461920801 ],, [ 31739713879 ], [ 43206310561 ], [ 416594510401, 7678925747873 ], 
  [ 12774776319493, 23014954823873 ], [ 48271081861, 10662402234691 ], 
  [ 3574167589, 6666417019, 10457225413 ],,,,, [ 401750151026953 ],,,,,, 
  [ 1283475751, 492227596103251 ],, [ 30567212722769 ],,,,, [ 5523612499 ],,, 
  [ 411718779361 ],, [ 27340380931 ],,,, [ 4281026323627 ],,,,, [ 24183793549 ], 
  [ 3137569349 ],,,,,,,,,,,,,,,,, [ 9879635503 ],,,,,,, [ 2933073474913 ],, [ 162901389841 ],
  ,, [ 1900697922271 ], [ 383679864443, 4109977955987 ],, [ 25544008621 ],,,, 
  [ 5574769337, 133415297137 ],, [ 542193641103601 ], [ 7807628383 ], [ 700342725075197 ],,,,
  ,,,, [ 2053252121, 5535712088821 ],,,,,, [ 386143644979 ], [ 3354902479 ], 
  [ 2727923057799301 ],,,,,,, [ 23498130791 ],,,,,, [ 39496838377 ],,, [ 306971309209 ],, 
  [ 3709237933 ],, [ 1705510321, 4636271249 ],, [ 81642870601 ],,,,,, [ 3809142286769 ], 
  [ 17573933381 ], [ 1075452379, 680322120193, 66160463853199 ],,,, 
  [ 2633800487, 8513120621, 41207080757 ], [ 1131135827 ], [ 1004996841697 ],,,,,, 
  [ 9803931351013201 ],, [ 9201197518336471777 ],,,,,,,, [ 73033822923601 ],,,,,,,,,, 
  [ 3877656131 ],,,,,,,, [ 6799233043 ],, [ 33498178201, 54920029501, 417196318501 ],,,,,, 
  [ 5757779491 ],, [ 14692277177, 15033444557 ],, [ 1016159099944171 ],,,,, [ 143396960851 ],
  [ 58830329983587061 ], [ 28052576063 ],,,,,,,,, [ 8932083029, 12793028917 ],, 
  [ 23581483169 ], [ 3618586919, 20767404821 ], [ 1119212966888581 ],,,,,, [ 3505976906329 ],
  [ 4420201927 ], [ 2036566841 ],, [ 57768802807061 ],, [ 51849342631 ],,, [ 363738902941 ],,
  , [ 579113647501 ],, [ 9025099188551 ],,,, [ 596547876007 ],,, [ 2825328133 ],,,,,,,, 
  [ 1123595821 ],,, [ 84853186969 ],,,,,,,, [ 1634201401633 ],,,, [ 2131299101 ], 
  [ 1486322911, 5137183081 ],,,,, [ 217274491459623121 ],, [ 1416621134293 ],,,, 
  [ 52455727937, 24155033904481 ], [ 8938005642877 ],,,, [ 3845508761 ], 
  [ 1029453967, 68308518557249 ], [ 6744672577 ],,, [ 1804381561, 174432812287 ],,,,,,,,, 
  [ 8211075097 ],, [ 3394921603 ], [ 3499912261, 46937481007 ],,,,,,,,, [ 188381779477 ],,, 
  [ 23574218347 ],,, [ 3665069563 ],, [ 63187936868663 ],,,,,,, [ 19925478103 ],,, 
  [ 1641091776559 ],,,,,,,, [ 2740453757 ],,,,, [ 13172542073 ],, [ 36344671969 ],,,,, 
  [ 1518955187 ],,,,,, [ 1330322797, 11496814033 ], 
  [ 1405637521, 4650606001, 31149153433, 44284223773 ],, [ 66215603941 ],,,,,,,,,, 
  [ 1021800961, 137482561112761 ],,,,, [ 1035298321, 1897840771 ], [ 12543275023 ],,,,, 
  [ 17066694107 ], [ 1662412753, 7036588381369 ],,, [ 72728531251 ],,,,,,,,,,,, 
  [ 51902233003 ], [ 113092950601 ],,,,,,, [ 1992484931 ], [ 84068667721837 ],,,,, 
  [ 108754384469 ], [ 14714564329609 ],,,,,, [ 15290001788201377 ],,,,,, [ 479145116708497 ],
  ,,,,,,,,,,,,, [ 3515325241 ],,,,,, [ 3068477044961 ],,,,, [ 92763703573 ],,,,,,, 
  [ 18776444303 ], [ 5364556627 ],,, [ 2943323371 ],,,,,, [ 1327405297 ],,, [ 1092706633 ],,,
  ,, [ 16036984001 ],,,, [ 26948495773 ],,,,,, [ 1474941037 ],,,,,, [ 75638292911445601 ],,,,
  , [ 3234798401 ],, [ 15470925277 ],,,, [ 508407324181 ],,,,,,,,,,, [ 22490418757 ],,,,,,,,
  , [ 2037373937 ],,,,, [ 1148884249 ],, [ 1509394361 ], [ 2918925409 ],,,,,,,,,, 
  [ 2956020791, 1818253120391 ],,,,,,,,,,,,,,,,,,,,,,,,,, [ 15786978601 ],,,,,,,,,,,,,,,,,,, 
  [ 5684606701 ],,,,,,,,,,,,,,,,,,,, [ 26641054351 ], [ 4456900571 ],, [ 197908763971 ],, 
  [ 2868460957 ], [ 2749384441 ],,,,,, [ 1039578697 ],,,,,,,,, [ 1720985881 ],,,,,,,,,,,,,,,,
  ,,,, [ 1216128761 ],,,,,, [ 2618779039 ],,,,,,,,,,,,,, [ 2912453501 ],,,,, 
  [ 706859112241, 766882582812781 ],,,,,,,, [ 89506785917 ],,,,,, [ 18103451437 ], 
  [ 1686315061 ],,,,,,,,,, [ 24532859551 ],,,,,,,,,, [ 1111004231 ],,, [ 22889787633529 ], 
  [ 1168489741 ],,,,, [ 72488334097 ],,,,,,,,,,,,,, [ 46211520547 ], [ 75525797003 ], 
  [ 1831949281 ],,,,,,,,,, [ 12413892251 ], [ 10559851098371 ],,,, [ 2212452631 ],,,,,,,, 
  [ 1185989729 ],,, [ 7721144927 ],,,,,,,,,,,,,,, [ 50363807183 ],,, [ 4345230653 ],,, 
  [ 1302115343 ], [ 3133325787649 ],,, [ 84573963181 ],,,,,,,,,, [ 327684750961 ],,,,,,, 
  [ 13580387497 ], [ 14676416299, 150460443391 ], [ 98938336271 ],,, [ 7980657413 ],,,,,,,,,
  , [ 3497012083, 1063282961729 ],,,,,,, [ 50988246031 ],,,,,,,,, [ 1521658549 ],, 
  [ 1882115761 ], [ 164213533663 ],,,,, [ 1325045723 ],,, [ 6077531401 ],,,,,,, 
  [ 6113588527 ],,, [ 2888594281 ],, [ 2718618827 ],,,,,,,, [ 46646808511 ], [ 1227777347 ], 
  [ 61166718073 ],, [ 42875278357 ], [ 206122010851 ],, [ 452486761757 ],,, [ 11679397921 ],,
  ,,,,,,,,,,,,, [ 1228366921, 3960385001 ],,,,,,,,,,,,,,, [ 122718138061 ],,,,, 
  [ 8429996381 ],,,, [ 22013151203 ],,,, [ 3734944981 ],,,,,,,,,,,,,,, [ 51564405439 ],,,,,,,
  ,,,, [ 606305237948831 ],,,,,,,,, [ 203845980097 ],,,,,,,,,,, [ 4370967467 ],,,,,,, 
  [ 2400925309 ], [ 490971516751 ],,,, [ 41069738131 ],,,,,,,,, [ 4110838811, 1140919760501 ]
   ,,,,,,,,,,,,,,,, [ 131858891267 ],,,,,,,,,,,,,, [ 27250610161 ], [ 15019986197 ],,, 
  [ 1279376953 ],,,,,, [ 3754407941 ],,,,, [ 2345692241 ], [ 1093089761 ],,,,,,,,,,,, 
  [ 5645033153 ],, [ 31676501501 ],,,,, [ 1281178081, 1363203271 ],,,,,,,, [ 1751039809 ],, 
  [ 11411431001 ],,,,, [ 2925071911 ],, [ 1303066781 ], [ 2295815149 ], [ 10465473511 ],,,,,,
  ,,,,,,,,,,,, [ 39580273153 ],, [ 1829750833 ], [ 1988913851 ],,,,,,, [ 149845409111 ], 
  [ 29654103057247 ],,, [ 162666997921 ],, [ 4882710113, 1230240399793 ], [ 333635574079 ],, 
  [ 1399895665451 ],,,,,,,, [ 1135947311 ],, [ 31737480601 ],,,,,, [ 8896832281 ],,,, 
  [ 3516933533 ], [ 7908428897, 12989741041, 36649367017 ],,,, [ 1805195593 ],,,, 
  [ 149280844961 ],,, [ 5020306199 ],,,,,,,,,,,,,,,,,,,,,,,,,,, [ 5705240971 ],,,,,,,, 
  [ 1287601873 ],,,, [ 1099586731 ],, [ 3227908069 ],,,,,,,,, [ 5916298909 ], 
  [ 495005913547 ],, [ 23622628033 ],,,,,,, [ 1977095209 ],,,,,,,,,,,,,,,,,,,,,,,,,, 
  [ 44638587769, 49453163551741 ],,, [ 3263727601 ],,,,,,,, [ 147013372660001 ],,,,, 
  [ 1261818751, 67404437911 ],,,,, [ 29637059401 ],,,,,,,,,, [ 337783861801 ],,,,,,,,, 
  [ 1270442119, 15586351969 ], [ 25518966301 ], [ 123134953141 ], [ 31729016581 ],,,,,,,,,,,,
  ,,,,,, [ 5632939771 ],,,,, [ 15083166777001 ],,,,, [ 591635658001 ],, [ 6780595823 ],,,, 
  [ 91433712697, 149605798973 ],,,,,,,, [ 1219281643 ],,,,, [ 1460807071 ],,,,,,,,,,,,,,,,,,
  , [ 1231408513, 1671918137 ],,,,, [ 25332681079 ],,,,,,,,,,,,,,, [ 4840737049 ],,,,,,,, 
  [ 16469459891 ],,,,,,,,,,,,, [ 9547657813 ],,,,,,,,, [ 304216826833 ],,, [ 596007833713 ],,
  ,,,,,,, [ 3025589701 ],,,,,,,,,,,,,,,,,,,,, [ 85761845989 ],,,,,,, [ 1739591057 ],,,,,,,,,,
  ,,,,,, [ 162256134049 ],,,,,,, [ 4843892827, 151648167241 ],,,,, [ 2966785361 ], 
  [ 4427738611 ], [ 4289901825613 ],,,,, [ 9704442259, 10703099359 ],,, [ 2043018853 ],,,,,,,
  , [ 3136245011 ],,,,,,,,,,,,,, [ 1574329453, 10673326561 ],,,,, 
  [ 1439121163, 301068386599 ],,, [ 1919339137, 8265458521, 4316861309130793 ],, 
  [ 1142256641 ],,,,,,,,,,,,,,,,,,, [ 2458573189 ], [ 2325728261 ],, [ 9190327141 ],,,, 
  [ 1268086993 ],,,,,,,,,,,,,,,,,,,,,, [ 5562784993 ], [ 15597411187 ],,,,,, [ 18589886011 ],
  [ 1563942409 ],,,,,,,,,,,, [ 2173422571 ],,,, [ 5672001331 ],,,,,, [ 166835404349 ],,,,,,,,
  ,,,,,,,,,, [ 2649143317 ],,,,,,, [ 2170229569 ],,, [ 59170104577 ],,,,,,,, [ 378972411737 ]
   ,,,,,,,,,,,,,,,,,,,,,,,,,,,,,,, [ 2654947021, 2419182185773 ],, [ 2162502721 ],,,,,,,,,,,,
  ,,,,,,, [ 51630399934801 ],,,,,,,,,,,, [ 58171603249 ],,,,,,,,,,,, [ 8941505413 ],, 
  [ 64004637371 ], [ 162932141413 ],,,,,,,,,,,,, [ 3703837984789 ],,,, [ 1237411001 ],,,, 
  [ 38422397809 ],,,,,,,,,,,,,,,,,,,,,,,, [ 3159847657 ],,,,,,,,,,,,,,,,,,,,,,,,,,, 
  [ 3380926987429 ],,, [ 2969922169 ],,,,,,,,,,,,,,,,,, [ 1485151309 ],,,,,, 
  [ 6295379851, 17687909221 ],,,, [ 44291608977527 ],,,,,,,,,, [ 10617836401 ],,,,,,,,,,,,,,,
  ,,,,,,,,,,,,, [ 3873706801 ],,,,,,,,,,,,,,,,,,,,,, [ 8745462989 ],,,, [ 2684953541 ],, 
  [ 1878320641 ],,,,, [ 65933540461 ],,, [ 1900471513 ],,,,,,,,,,,,,,,,,,,,,,,,,,,,,, 
  [ 34237402663 ],,, [ 326756118313 ], [ 100883716211 ],, [ 3986460997 ],,,,,, 
  [ 1485238771 ],,,, [ 195704207011, 7310745403873 ],, [ 1612112617 ],,,,,, [ 586033730983 ],
  , [ 901669441601 ],,,,,,,,,,, [ 1958063231 ], [ 1049183357 ], [ 39220380523 ],,,,, 
  [ 3248280877, 280717289947 ],, [ 2712001037 ],, [ 1253661571 ],,,,,, [ 3731016589 ],,, 
  [ 3904644781 ],,, [ 2406324348859 ],,, [ 3998791141 ],,,,,,, [ 1984482413 ],,,,,,,,,,,,,,,,
  , [ 46785802801 ],,, [ 2199937153 ],,,,,,,,,,,, [ 15463618201 ],, 
  [ 2804230171, 80190426149 ],,,,,,,,,,,,,,,,,,,,,,,,,,,,,,,,,, [ 6054584689 ],, 
  [ 381662606461 ],,,,,, [ 35929285673 ],,,, [ 2610075133 ],,,,,, [ 2600147791 ],, 
  [ 11448947641 ],,,,,,,,,,,,,,,, [ 1640355949 ],,,,,, [ 2677922551 ],,,,,,,,,,,,,,,,,,,,,,,
  , [ 1207199671 ],,,,,, [ 927369529633 ],,,,,,,,,,,,,,,,,,,,,,,, [ 19292838577 ],,,,,,,, 
  [ 249422514361 ],,,,,,,,,,,,,,,,,, [ 2364812089 ],,,,,,,,,,,, [ 58875980731 ],,,, 
  [ 67325171527 ],,,,,,,,,,,,,,,,,,,,,, [ 1337248273 ],,,,,,,,,, [ 1419392798723 ],,,,,, 
  [ 1909147969, 10513828417 ],, [ 1126698101 ],, [ 18569032597 ],,,,,,,,,,,,,,,,,,,,,,,,,,,,,
  ,,,,,,,,,,,,, [ 34999810291 ],,,,,,,,,,,,,,,,,,,,,,,,,,, [ 20520621301 ],,, [ 2935010809 ],
  , [ 7009191212921 ],,,,,,,, [ 5285494987 ],,,,,,,,,, [ 2126150657 ],,,,,, [ 9152402821 ],,,
  ,,,,, [ 1839781513 ],,,,,,,,,,,,,,,,,,,, [ 9622697761, 13354556437 ],, 
  [ 5295762473, 124574278453 ],,,, [ 536860482793 ],,,,,,,,,, [ 163272815509 ],,,,,,,,,,,,,,,
  ,,, [ 5470589101, 64550462897 ],, [ 2451349981 ],,,,,,,,,,,, [ 41647881702121 ],, 
  [ 1147515409 ],,,,,,,,,,,,,,,,,,,,,,,,,,,,,,,,,,,,,,,,,,, [ 1103958901, 1661278866391 ],,,,
  ,,,,,,,,,,,,,,, [ 3550293793 ],, [ 10641905761 ],,,,,,,,, [ 3280276357951 ], 
  [ 17843341717, 82310760271 ],,,,, [ 7610129507359 ],,,,, [ 4275343817 ],, [ 66505545191 ],,
  ,,,,,,,,,,,,,,, [ 92074826341 ],,, [ 5389256809, 106134932983 ],,,,,,,,,,,,,,,,,,,,,,,, 
  [ 5511008683 ],,, [ 3841084651 ],,,,,,,,,,, [ 77431367197 ],,,,,,,,,,,,,,,,,,,, 
  [ 1760520860561 ],,,,,,,,,,,,,,,,,,,,,,,,,,,,, [ 8133489181 ],,,,,,,,,,, [ 1178280449 ],, 
  [ 995470714349 ],, [ 1242311401 ],,,,,,,,,,,,,,,, [ 36365769529 ],,,,,,,, [ 687444397657 ],
  ,,,,,,,,,,,,, [ 1816135703 ],,,,,,,,,,,,,,,, [ 6505475419 ],,,, [ 32873792453 ],,,,,,,,,,,,
  ,, [ 2129488813, 620662155721 ],,,,,,,, [ 1134409121, 2718114881 ],,,,,,,,,,,, 
  [ 2257623617 ],,,,,, [ 487446620329 ],,,,,,,,,,,,,,,,,,,,,,,,,, [ 14545761473 ],,,,,,,, 
  [ 5756874553 ],,,,,,,,,,,,,,,,,,,,,,,, [ 61575873409 ],,,,,,,, [ 14019448841, 19715847889 ]
   ,,,,,,,,,,,,,,,,,, [ 1101697837 ],,,,,,,,,,,,, [ 8267017081 ], [ 44924779518937 ],,,,,,,,,
  ,,,,, [ 1263982591 ],,,,,,,,,, [ 61181662081 ],, [ 3154835023 ],,, [ 3105137251 ],,,,,,,,, 
  [ 3400497474397 ],,,,,,,,,,,,,, [ 74241889357 ],,,, [ 11435859361 ],,, [ 7185259351 ],,,,,,
  ,,,,,,,,,,,,,,,,,,,,,,,,,,,,,,,,,,,,,,, [ 9215762401, 9268387201 ],,,,,,,,,,,,,,,, 
  [ 210118274881 ],,,, [ 7869242881 ],,,,,, [ 1715884352491 ],,,,,,,,,, [ 1724883934357 ],,,,
  ,,,,,,,,,,,,,,,,,,,,,,,,,,,,,,,,,,,,,,,, [ 1545121601 ],,,,,,,,,,,,,,,,,,,,,,,, 
  [ 2174107249 ],,,,,,,,,,,, [ 261194295601 ],,,,,,,, [ 4379625097 ],,,,,,,,,,,,,,,,,,,,,,,, 
  [ 1641622382104589 ],,,,,, [ 20541336163 ],,,,,,,,,,,, [ 36081793679 ],,,,,,,,,,,, 
  [ 100341942121 ],,,,,,,, [ 3533560879 ],,,,,, [ 3920173393, 76106691361 ],,,,,,,,,,,,,,,,,
  , [ 14294498971 ],,,,,,,,,,,,,, [ 38075472401, 484590549281 ],,,, [ 5270666017 ],, 
  [ 66789347761 ],,,, [ 6176451313 ],,,,,,,,,,,,,,,,,,,,,, [ 2313465041 ],,,,,,,, 
  [ 26882844913 ],,,,,,,,,,,,,,,,,,,,,, [ 1725209131 ],,,,,,,,,,,,,,,,,,,,,,,,,,,,,,,,,,,, 
  [ 1615369829 ],,,,,,,,,,,,,,,,,,,,,,,,,,,,,,,,,,,,,,,, [ 9968170129 ],,,,,,,,,,,,,, 
  [ 1261552993 ],,,, [ 153316516567381 ],,,,,,,,,,,,,,,,,,,,,,,,,,,, [ 3200063800897 ],,,,,,,
  ,,, [ 1833248663 ],, [ 6266215201 ],,,,,,,,,,,,,,,,,,,,,,,,,,,, [ 163546575457 ],,,,,,,,,,,
  ,,,,,,, [ 1208032997 ],,,,,,,, [ 10144235557 ],,,,,,,,,,,,,,,,,, 
  [ 24175601473, 398320288609, 1406844916357 ],,,,,,,,,,,,,,,,,,,,,,,,,,,,,, [ 912787823413 ]
   ,,,,,,,,,,,, [ 1055416376197 ],,,,,,,,,,,,,,,,,, [ 69328530697 ],,,,,,,,,,,,,,,,,,,,,,,, 
  [ 2764102753 ],,,, [ 6431052277541 ],,,,,,,,,,,,,,,,,,,,,,,,,,,,,,,,,,,,,,,,,,,,,,,, 
  [ 4041481781 ],,,,,,,,,,,, [ 4413246401 ],, [ 1510360770031 ],,,,,, [ 52769870929 ],,,,,,,,
  ,,,,,,,,,,,,,,,,,,,,,,,,,,,, [ 1607292541, 3868297777 ],,,,,,,,,,,,,,,,,,,,,,,,,, 
  [ 2786992541 ],,,, [ 53312856343 ],,,,,,,,,,,,,,,, [ 432022892201 ],,,,,,,,,,,,,, 
  [ 2277750337 ],,,,,,,,,,,,,,,,,,,,,,,,,,,,,, [ 6030075133 ],,,,,,,,,,,,,,,,,,,,,,,,,,,,,,,,
  ,,,,,,,,,,,,,, [ 4610294261 ],,,,,,,,,, [ 329249436961 ],,,,,,,,,, 
  [ 1800801841, 6424129441 ],,,,,,,,,,,,,,,,,,,,,,,,,,,,,,,,,,,, [ 20148472297 ],,,,,,,,,,,,,
  ,,,,,,,,,,,,,,,,,,,,, [ 28861614211 ],,,,,,,, [ 7191933121 ],,,,,,,,,,,,,,,,,,,,,,,,,,,,,, 
  [ 257386169221 ],, [ 2242199051, 17079708101 ],,,,,,,,,,,,,,,,,,,,,,,,,, [ 1404310337 ],,,,
  ,,,,,,,,,,,,,,,,,,,,,,,,,,,, [ 29157004801 ],,,,,,,,,,,,,,,,,,,,,,,,,,,,,,,,,,,, 
  [ 2922552793, 3184896997 ],,,,,,,,,,,, [ 6539579655121 ],,,, [ 2688358661 ],,,,,,,, 
  [ 41794032409 ],,,,,,,,,,,, [ 198348939361 ],,,,,,,,,,,,,,,,,,,,,,,,,,,,,,,,,,,,,,,,,,,,,,,
  ,,,,,,,,,,,,, [ 1148118061 ],,,,,,,,,,,,,,,,,, [ 1943162443 ],,,,,,,,,,,,,,,, 
  [ 1207029517 ],,,,,,,,,,,,,,,, [ 41259469721 ],,,,,,,,,,,,,,,,,,,,,,,,,,,,,,,,,,,,,,,,,,,,,
  , [ 3631381417 ],,,,,,,,,,,,,,,,,,,,,,,, [ 40208850361 ],,,,,,,,,,,,,,,,,,,,,,,,,,,,,,,,,,,
  ,,,,,,,,,,,,,,,,,,, [ 15907251907 ],,,,,,,,,,,,,,,,,,,,,,,,,,,,,,,,,,,,,,,,,,,,,,,,,,,,,,,,
  ,,,,,,,,,,,,,,,,,,,,,,,,,,,,,,,,,,,,,,,,,,,,,,,,,,,,,,,,,,,,,,,,,,,,,, [ 5325828481 ],,,,,,
  ,,,,,, [ 2263477873 ],,,,,,,,,,,, [ 11125177561 ],,,,,, [ 1138052761 ],,,,,,,,,,,,,,,,,,,,,
  ,,,,,,,,, [ 43904686201 ],,,,,,,,,,,,,,,,,,,,,,,,,,,,,,,,,,,, [ 11109845953 ],,,,,, 
  [ 7104295183 ],,,,,,,,,,,,,,,,,,,,,,,,,,,,,, [ 1059318697 ],,,,,,,,,,,,,,,,,,,,,,,, 
  [ 6631046869 ],,,,,,,,,,,, [ 3093130153 ],,,,,,,,,,,, [ 24065076961 ],,,,,, [ 7188394357 ],
  ,,,,,,,,,,,,,,,,,,,,,,,,,,,,,,,,,,,,,,,,,,,,,,,,,,,,,,,,,,, [ 5293268251 ],,,,,,,,,,,,,,,,,
  , [ 2767940137 ],,,,,,,,,,,,,,,,,,,,,,,,,, [ 1158134381 ],,,,,,,,,,,,,,,,,,,,,,,,,,,,,,,,,,
  ,,,,,,,,,,,,,,,,,,,,,,,,,,,,,,,,,,,, [ 29892510001 ],,,,,,,,,,,,,,,,,,,,,,,,,,,,,,,,,,,,,,,
  ,,,,,,,,,,,,,,, [ 1080541027, 31302398539 ],,,,,,,,,,,,,,,,,,,,,,,,,,,,,,,,,,,,,,,,,,,,,,,
  , [ 144684684629689 ],,,,,,,,,,,, [ 263872425889 ],,,,,,,,,,,,,,,,,,,,,,,,,,,,,, 
  [ 120244392577 ],,,,,, [ 1648510951 ],,,,,, [ 370867655929, 473426943349 ],,,,,,,,,,,, 
  [ 15461640001 ],,,,,,,,,,,,,,,,,, [ 5937180649, 9875662567 ],,,,,,,,,,,,,,,,,,,,,,,,,,,,,, 
  [ 10949543281 ],,,,,,,,,,,,,,,,,, [ 156574222649659 ],,,,,,,,,,,,,,,,,, [ 14644970677 ],,,,
  ,,,,,,,,,,,,,,,,,,,,,,,,,,,,,,,,,,,,,, [ 2074569043 ],,,,,,,,,,,,,,,,,, [ 1925406673 ],,,,,
  , [ 2421069817 ],,,,,,,,,,,, [ 4142979091 ],,,,,,,,,,,, [ 6060284803 ],,,,,,,,,,,,,,,,,,,,,
  ,,,,,,,,,,,,,,,,,,,,,,,,,,,,,,,,,,,,,,,,,,,,,,,,,,,,,,,,,,,,,,,,,,,,,,,,,,, 
  [ 492198228721249 ],,,,,,,,,,,,,,,,,,,,,,,,,,,,,,,,,,,,,,,,,,,,,,,,,,,,,,,,,,,,,,,,,,,,,,,,
  ,,,,,,,,,,,,,,,,,,,,,,,,,,,,,, [ 724553210701 ],,,,,,,,,, [ 131397759151 ],,,,,,,,,,,,,,,,,
  ,,,,,,,,,,,,,,,,,,,,,,,,,,,,,,,,, [ 6890454001 ],,,,,, [ 2987366383 ],,,,,,,,,,,, 
  [ 238991744743 ],,,,,,,,,,,,,,,,,,,,,,,, [ 108031316479 ],,,,,,,,,,,,,,,,,,,,,,,,,,,,,,,,,,
  ,,,,,,,, [ 18435858481 ],,,,,,,,,,,,,,,,,,,,,,,,,,,,,,,,,,,,,,,,,,,,,,,,,,,,,,,,,,,,,,,,,,,
  ,,,,,,,,,,, [ 2685578299, 6851490829 ],,,,,,,,,,,,,,,,,,,,,,,,,,,,,,,,,,,,,,,,,,,,,,,, 
  [ 314803828081 ],,,,,,,,,,,,,,,,,,,,,,,,,,,,,,,,,,,,,,,,,,,,,,,,,,,,,,,,,,,,,,,,,,,,,,,,,,,
  ,,,,,,,,,,,,,,,,,,,,,,,,,,,,,,,,,,,,,,, [ 379765926313 ],,,,,, [ 38686048201 ],,,,,,,,,,,,,
  ,,,,,,,,,,,,,,,,,,,,,,,,,,,,,,,,,,,,,,,,,,,,,,,,,,,,,,,,,,,,,,,,,,,,,,,,,,,,,,,,,,,,,,,,,,,
  ,,,,,,,,,,,,,,,,,,,,,,,,,,,,,,,,,, [ 44406746077 ],,,,,,,,,,,, [ 560568347281 ],,,,,,,,,,,,
  ,,,,,,,,,,,,,,,,,, [ 1013873911 ],,,,,,,,,,,,,,,,,,,,,,,,,,,,,,,,,,,,,,,,,,,,,,,,,,,,,,,,,,
  ,,,,,,,,,,,,,,,,,,,,,,,,,,,,,,,,,,,,,,,,,,,,,,,,,,,,,,,,,,,,,,,,,,,,,,,,,,,,,,,,,,,,,,,,,,,
  , [ 409149760681 ],,,,,,,,,,,,,,,,,,,,,,,,,,,,,,,,,,,,,,,,,,,,,,,,,,,,,,,,,,,, 
  [ 4382750401 ],,,,,,,,,,,,,,,,,,,,,,,,,,,,,,,,,,,,,,,,,,,,,,,,,,,,,,,,,,,,,,,,,,,,,,,,,,,,,
  ,,,,,,,,,,,,,,,,,,,,,,,,,,,,,,,,,,,,,,,,,,,,,,,,,,,,,,,,,,,,,,,,,,,,,,,,,,,,,,,,,,,,,,,,,,,
  ,,,,,,,,,,,, [ 2593937701 ],,,,,,,,,,,,,,,,,,,,,,,,,,,,,,,,,,,,,,,,,,,,,,,,,,,,,,,,,,,,,,,,
  ,,,,,,,,,,,,,,,,,,,,,,,,,,,,,,,,,,,,,,,,,,,,,,,,,,,,,,,,,,,,,,,,,,,,,,,,,,,,,,,,,,,,,,,,,,,
  ,,,,,,,,,,,,,,,,,,,,,,,,,,,,,,,,,,,,,,,,,,,,,,,,,,,,,,,,,,,,,,,,,,,,,,,,,,,,,,,,,,,,,,,,,,,
  ,,,,,,,,,,,,,,,,,,,,,,,,,,,,,,,,,,,,,,,,,,,,,,,,,,,,,,,,,,,,,,,,,,,,,,,,,,,,,,,,,,,,,,,,,,,
  ,,,,,,,,,,,,,,,,,,,,,,, [ 1471910724241 ],,,,,,,,,,,,,,,,,,,,,,,,,,,,,,,,,,,,,,,,,,,,,,,,,,
  ,,,,,,,,,,,,,,,,,,,,,,,,,,,,,,,,,,,,,,,,,,,,,,,,,,,,,,,,,,,,,,,,,,,,,, [ 3628346122081 ],,,
  ,,,,,,,,, [ 1293821761 ],,,,,,,,,,,,,,,,,,,,,,,,,,,,,,,,,,,,,,,,,,,,,,,,,,,,,,,,,,,,,,,,,,,
  ,,,,,,,,,,,,,,,,,,,,,,,,,,,,,,,,,,,,,,,,,,,,,,,,,,,,,,,,,,,,,,,,,,,,,,,,,,,,,,,,,,,,,,,,,,,
  ,,,,,,,,,,,,,,,,,,,,,,,,,,,,,,,,,,,,,,,, [ 11486455531 ],,,,,,,,,,,,,,,,,,,,,,,,,,,,,,,,,,,
  ,,,,,,,,,,,,,,,,,,,,,,,,,,,,,,,,,,,,,,,,,,,,,,,,,,,,,,,,,,,,,,,,,,,,,,,,,,,,,,,,,,,,,,,,,,,
  ,,,,,,,,,,,,,,,,,,,,,,,,,,,,,,,,,,,,,,,,,,,,,,,,,,,,,, [ 1659656461, 9777729151 ],,,,,,,,,,
  ,,,,,,,,,,,,,,,,,,,,,,,,,,,,,,,,,,,,,,,,,,,,,,,,,,,,,,,,,,,,,,,,,,,,,,,,,,,,,,,,,,,,,,,,,,,
  ,,,,,,,,,,,,,,,,,,,,,,,,,,,,,,,,,,,,,,,,,,,,,,,,, [ 1124964721 ],,,,,,,,,,,,,,,,,,,,,,,,,,,
  ,,,,,,,,,,,,,,,,,,,,,,,,,,,,,,,,, [ 14750878381 ],,,,,,,,,,,,,,,,,,,,,,,,,,,,,,,,,,,,,,,,,,
  ,,,,,,,,,,,,,,,,,,,,,,,,,,,,,,,,,,,,,,,,,,,,,,,,,,,,,,,,,,,,,,,,,,,,,,,,,,,,,,,,,,,,,,,,,,,
  ,,,,,,,,,,,,,,,,,,,,,,,,,,,,,,,,,,,,,,,,,,,,,,,,,,,,,,,,,,,,,,,,,,,,,,,,,,,,,,,,,,,,,,,,,,,
  ,,,,,,,,,,,,,,,,,,,,,,,,,,,,,,,,,,,,,,,,,,,,,,,,,,,,,,,,,,,,,,,,,,,,,,,,,,,,,,,,,,,,,,,,,,,
  ,,,,,,,,,,,,,,,,,,,,,,,,,,,,,,,,,,,,,,,,,,,,,,,,,,,,,,,,,,,,,,,,,,,,,,,,,,,,,,,,,,,,,,,,,,,
  ,,,,,,,,,,,,,, [ 1023195601 ],,,,,,,,,,,,,,,,,,,,,,,,,,,,,,,,,,,,,,,,,,,,,,,,,,,,,,,,,,,,,,
  ,,,,,,,,,,,,,,,,,,,,,,,,,,,,,,,,,,,,,,,,,,,,,,,,,,,,,,,,,,,,,,,,,,,,,,,,,,,,,,,,,,,,,,,,,,,
  ,,,,,,,,,,,,,,,,,,,,,,,,,,, [ 1975656541 ],,,,,,,,,,,,,,,,,,,,,,,,,,,,,, [ 7129530156631 ] 
 ]);
