BRENTFACTORS[6997]:=MakeImmutable([ ,,,,,,,,,, [ 4130495029 ],, [ 8012596853 ],,, 
  [ 100338436673 ], [ 100735022559431377631383, 327696322525434392061298931533873655927 ],,, 
  [ 5509595261 ], [ 11398978695217, 21608055205927 ], [ 1381219053391 ], 
  [ 930561262732745212801 ],,,,,, [ 15054664384751367870125251 ],, [ 39095938363 ], 
  [ 541745587135916774081 ], [ 1595218863256393 ], [ 9368695929079 ],, [ 13071394902149929 ],
  [ 2057996167, 84176635133083, 120976678885043 ],,,, [ 27984479084843 ],, 
  [ 781671979316783860213, 5299126705430404409451115417397654873119069 ], 
  [ 1098388087388506069286335733 ], [ 5609475687086295511150429291 ], 
  [ 54408167962484500067 ], [ 1686120627759671, 263444682648830205877984241 ], 
  [ 3268769137 ], [ 22488001691, 2342002017518182100786110463 ], [ 702331573972012801 ],, 
  [ 5196890609, 1808514765416202788507168009 ], [ 7830670395951673 ], 
  [ 1091545974589810546829773 ], 
  [ 3096966181, 192089105739301, 1188627437798131, 87534383339371207767878742811 ],, 
  [ 3587316091, 21024001639 ], [ 479548813528455399033653, 1525191343756133844226893143 ], 
  [ 173029496117, 3059196716201, 5163407876780644330559 ],, 
  [ 5497452371, 4570591374774643, 2252909868258281207313311, 
      97068761539567479721172553831671042988010739651 ], 
  [ 24825201983759, 4722265866602704319913314394803813 ], [ 1327748393715527989828565209 ], 
  [ 609805373585806668114420509046254993488961 ], [ 50718977783978401 ], 
  [ 13036863760400410268894373832674199387 ], [ 46736576232431 ],, [ 5383554171772849 ], 
  [ 117627044116811063242521133977689014191211 ], [ 3289993601428591, 342252600296184491 ], 
  [ 506908199956486902339771390440039617 ], [ 6810797438169953 ], 
  [ 2019739213883672507, 243089974922074076695641209981956460119 ],, 
  [ 13825067129, 127337346401 ], [ 55748476034483 ], 
  [ 1757965717, 21229717081, 64813443079867 ], [ 128932276091461 ], 
  [ 62239650241, 156903235679016868650583365478042977041 ], [ 3821725933719125899530727 ],, 
  [ 20777957987206909779945493 ], [ 131128313653, 9067210236572314171794877 ], 
  [ 17924825422066166111 ], [ 36335454308335849 ],, [ 3844392289, 11775110751449 ],, 
  [ 235426307307481, 7777187752111101516635549928091 ], [ 44363066254963 ],, 
  [ 7953591915403 ],,, [ 9353657029825426915350573217, 1315750979981474155388862916033 ],,, 
  [ 110877542821 ],,, [ 25951872313116939088423 ], [ 39108388515746517767 ],, 
  [ 13965010256051376925268881 ], [ 140803441915771867 ], 
  [ 811792462832205647027, 4385849206939194915709 ], 
  [ 86078297917, 91796368726369, 11609956413786506096030707771444118137118163352777 ], 
  [ 2027832731, 47475989861 ], [ 91038683341, 2982629938091, 1903900405995171600780872021 ],,
  ,, [ 7269243243937063 ], [ 22175582251 ],, [ 11973207941839, 767140626168022627 ], 
  [ 87065307149, 117872184392549 ], [ 11630113759051649 ], [ 1126131253369615022616841 ], 
  [ 167905157047, 279811673329 ], [ 54394189035995905231 ], 
  [ 7089152237422194241, 129134827933296547849 ], 
  [ 1498146793355932729100293, 47082486368978562547577953, 343198926880576047494649277 ],, 
  [ 516316472342443372933873 ],, [ 17589348684161 ], [ 3543914833 ], 
  [ 11685990031, 376075358190221 ], [ 33408556253071 ], [ 50978449940628890857 ], 
  [ 280101394443557, 7806272819086800269 ], [ 1927262237, 105613947265711 ], 
  [ 17479339266061, 24493882461875879272651 ], [ 661146582793341961 ], [ 27298376965289 ], 
  [ 7048555207 ], [ 2601634448037980701 ],,, [ 9553661957663, 39382472083659517386047839 ], 
  [ 7493797429627791369517 ], [ 187805041113727949761, 18676625448307825086955426801 ], 
  [ 13429998055300607861, 8331634632717754237109941 ], 
  [ 1454431940283719, 5066323646615760709 ],, [ 112842582886169 ],, 
  [ 544575794685151, 1776320866711270051, 1317696039906007346026051 ], 
  [ 486188638016394737, 18600827206536827783, 33068607074401276711717 ], [ 252093474097 ],, 
  [ 11888453203805641 ],, [ 1196198108484315038701 ], [ 247994740439 ], [ 1008683693 ], 
  [ 31297642693357 ], [ 164297695300103758022881 ],, 
  [ 72634424288696047, 28309259241544513636927 ],,, 
  [ 4576199942657738283901, 271112442180568165896181 ],, 
  [ 1097283521, 108383532142829, 43736960590682521068734357, 
      16413945303954728043596469065933 ],, [ 1971250001111 ], [ 70934937217069661 ], 
  [ 92124326251, 13654922146714621 ],, [ 348327454117 ], 
  [ 102151561387, 1757668078746038525961869647 ],, [ 21087990572881 ],,, [ 15781164829 ], 
  [ 2878266542581, 1577078502227281, 223433311255872056461 ], [ 313288483997921719741 ], 
  [ 4707187759 ], [ 25720259807744435448314983 ], [ 4509051193 ], 
  [ 1164523035909827761, 5358479564679212701, 32598824313635771861 ], 
  [ 18278760517, 990026362123 ], [ 4089056064391 ], 
  [ 130654041309242428261, 6468707638207123397343833729 ], [ 1943629738819862437 ],, 
  [ 28660238800938824003 ],, [ 1846404945127381, 1176187142019664241221177 ], 
  [ 7827497198286654821 ], [ 1041298022061181, 50102156589653981047404687181 ], 
  [ 1535785699912256633 ], [ 250267737383, 12934631443349656567362911683 ], 
  [ 203938234831, 8826364488913466221 ],, [ 61584970197778783201 ], [ 186044858141161 ],,,,,
  , [ 4316698927 ], [ 5655531340369, 410827227624377998513 ], [ 31273077133, 943715025683 ], 
  [ 212073639310849400548220692179433771 ], [ 31626173459 ], 
  [ 47383798450909, 1205651256641555389, 6493888629175544543561 ], [ 9516248713 ], 
  [ 501522154163557, 19877844509053963589, 3195284873989035194513, 103101853823040238249037 ]
   ,, [ 2789221613833 ], [ 550726261247 ], [ 21230397477160441051, 221927754232405769501 ],, 
  [ 1777941001, 1735362509981, 388354324405872214501, 234379532100301837870721 ],, 
  [ 1415685343, 3039320971 ],, [ 21579114127873 ],,,, [ 1595328997 ], [ 503015141659001 ], 
  [ 315381417232991371 ], [ 207057429601177 ], [ 214576332752233, 8409156253599855348409 ], 
  [ 435122659544387688763 ], [ 4571878897 ], [ 43508628971, 5287554931721 ], 
  [ 1872567120197032143279320153 ],, [ 10579816569449, 649183227338351791 ], 
  [ 351961440687317 ], [ 523754508630428641, 32222245703944006561 ], 
  [ 8173367821301, 9299994152978813240532644671 ], [ 153446548185349 ],, 
  [ 36686865843395144453 ],,,,, [ 68356291491997 ],,, 
  [ 60676564789, 2852429563369, 386066954944185481 ],, [ 143367269572290965077 ], 
  [ 16126002093991, 62586350689313281 ],, [ 482301705839 ], [ 80803272836647 ], 
  [ 263292811559, 6549883400437427, 62660950951726093 ], [ 7647219917781974141 ], 
  [ 141951859456895569 ], [ 22948260873773093, 2632129416477752407, 287322269469650041427, 
      534611986140397252001 ], [ 17973973216731211 ], [ 3385323217, 3461569057 ],, 
  [ 3764163231473, 33611591187280065247 ],, 
  [ 80120705677, 1301037344209, 10263629249957, 387581910039087781657 ], 
  [ 85588042628269200689, 805819583259964506656327 ], [ 9349419061, 161219522881 ], 
  [ 11269464770848099 ],, [ 333648878895697, 100629466895853169 ],, [ 18101526226943501 ],,, 
  [ 32501280797 ], [ 26383786814503, 37691573930220997 ], [ 278719587414465106001 ],, 
  [ 6283293607, 52237874581 ], [ 63391493975345423633814437 ], 
  [ 4103546389, 83977353589, 4878534806447439114209 ], [ 57357892741 ],, 
  [ 700330941579636347 ], [ 591408199873, 7196152167264961, 1321958371509067491361 ], 
  [ 1509553931 ], [ 41684506621 ], [ 577440532849, 3927090175423 ], 
  [ 369826443688656652183249 ], [ 5132713696882722479 ],,,,, [ 38955933414412409 ], 
  [ 2760338699 ], [ 3194643837601 ], [ 523352711760179911 ],,, 
  [ 2400513387605089, 3806633646695441 ], [ 5521953631, 48954572171 ], [ 1843121342467 ],, 
  [ 112339247021 ],, [ 78848722621231, 142426664648861 ],,, [ 9608334544103 ], 
  [ 61982599916583953 ], [ 1135078160581 ], [ 519238036339021 ],,, [ 60475032692449 ],,,,, 
  [ 2798110577593, 34224257795687893 ],,, 
  [ 39059966227, 174599451907, 727859161693, 74962898718277 ], [ 959335687181881 ],, 
  [ 2579981982340285285178131 ],, [ 99518105153864069 ],,,, 
  [ 1075527601, 312564942485041, 1219638569527393, 277012625793239953 ],,,,,, 
  [ 173015330003497, 667900270671391 ], [ 15720388349 ],, 
  [ 139403562811, 1157306326372223791 ], [ 29999586769, 364230698021250019 ], 
  [ 157778688917 ], [ 1217815909, 242738857297, 390042549901, 1740953391589 ], 
  [ 6903451925159 ], [ 4332382066601 ], [ 81896895991 ], [ 2926918284929 ],,,,, 
  [ 1170727951, 775161517942591333 ],,, [ 1229432273672787001 ], [ 24532854371351 ],, 
  [ 886591048735723 ],, [ 5330069394521 ], [ 127206173403781 ], [ 41292039791 ], 
  [ 246156162204817 ],, [ 1492264021, 413751338941, 1457091427526922241 ], [ 58348067821 ], 
  [ 134715735979135933 ],, [ 62165983648759 ], 
  [ 546742604251, 575519061751, 581999630488211251 ],,,,, [ 803474129656031641 ], 
  [ 3565912863589 ], [ 2453141880307 ], [ 52595947825276788444403 ], [ 14175985921 ], 
  [ 2053275841 ],,,,,, [ 3979870919, 186196656263 ], 
  [ 26912017553, 43581109993, 4764129669573457 ], [ 3729529129, 172571487601 ], 
  [ 86414555503, 39086915610462983, 55439575494201653033 ],,,, [ 1405313096536633 ], 
  [ 3646073173 ], [ 15349496801, 18065216401, 588375285569684054801 ],,, [ 33758240853091 ], 
  [ 123784332301733 ], [ 639363045331 ], [ 26129420269, 2862997630351099529 ],, 
  [ 779617073281 ],,,, [ 2065004974399793 ],,,, [ 1708524481, 19481875297 ], 
  [ 1061564280613939 ],, [ 238524177209569 ], [ 31450715436841 ],, [ 12231968490307 ],,,,,, 
  [ 331400949553, 18293792144281, 2584626599915544797 ],, [ 41197281377441875921 ], 
  [ 937663907611 ],,, [ 103948506707879, 7267610402305621333673 ],,, [ 44260436367458911 ],,,
  ,, [ 11614588259, 28131881623, 4632617430995269 ],, [ 71567336366524357 ], [ 4383755521 ],,
  ,, [ 205582357099369 ], [ 8340353301601, 8944793126551, 265859403117118651 ], 
  [ 5910094041479 ],,, [ 24686154961282648122181 ],, [ 824640575641 ],, 
  [ 182525555788882807 ],, [ 389663549260603756861, 401549808813320304121 ],, 
  [ 425500816111141, 12206660533319407 ],, [ 1020355477793 ], [ 12929410787851 ], 
  [ 137153903813 ],, [ 144885483289 ],,,,,,,,,,, 
  [ 3059111606827, 79132366771639, 572147541365531 ],,,, [ 17981872878943 ],,,,,,, 
  [ 428825086621, 142542288016067311 ],, [ 3303340572142417 ],, [ 1453631063 ],,,, 
  [ 1059937015945281619 ], [ 182061558179, 981985539109 ],,, [ 28843037501, 137329285537139 ]
   ,, [ 514374771457, 3363513374582279857 ], [ 13351085971 ],, [ 172671236357381911969 ], 
  [ 5123359619814342077 ],, [ 212705007472909680721, 11271338588065667740009531 ],,,,,,,, 
  [ 739333097096623 ],,,, [ 2818854153193167907777 ],, [ 2590144577 ],,,, 
  [ 2329790591041, 18253809211441 ],, [ 690943160731 ], [ 23739707989 ], [ 11684443681 ], 
  [ 16241551483 ], [ 8641524862153 ],, [ 53992326757858273 ],,,, [ 3413685061, 70245843841 ],
  [ 50523853669 ], [ 145232311349, 1174683428117 ],, [ 261052985729 ],, [ 2068216333 ],, 
  [ 88926821657 ],,,, [ 81050361424450575169 ],, [ 28405102750439 ],, 
  [ 1046401453, 544569994780918369 ],,,, [ 123897205210124641, 137190491931883592161 ],,,,,, 
  [ 74188852993 ], [ 4803816781, 38521752067 ], [ 50981656217, 7616341710377 ],, 
  [ 3404874253866181, 23838049218258450871 ],,,, [ 177286215149 ],,,,,, [ 2261493195421 ],,,
  , [ 11485257698702209, 39543415638921977, 9890591122856129086657 ],,,, 
  [ 55562787373801, 777201856156657 ],, [ 1749027271 ],,,,,, 
  [ 21733256016169, 1066228567913849 ],, [ 6467483570007799 ], [ 155359484053 ],,,, 
  [ 1213890859 ],,, [ 1285184551723 ],, [ 1732938017 ],,,, 
  [ 1658916026095357, 4725063592029969841 ],, [ 3222114817 ], [ 6734120851, 60785231011 ],,,,
  ,,, [ 45636161149 ],, [ 3492791757937, 49264167912961, 10312587989088529 ], 
  [ 4990556251 ], [ 654199302359507 ],,,, [ 535695090841 ],,,,,,, [ 44595283279 ],,,,, 
  [ 141541064617 ],, [ 98401365889 ],, [ 13568020459963, 365942857459363 ],, [ 3363194521 ],,
  , [ 109237520071 ],,,,, [ 18030225601, 9086898533633 ],, [ 2046818891985358163 ], 
  [ 4772076011 ], [ 3180418386421, 89182544786082661 ],, [ 7565526776936147 ], 
  [ 2097895099, 10543360153 ],, [ 4095397942091 ], 
  [ 833792663377, 684893445094549, 2777492919412063 ],,,,,, [ 300475850977 ],,,,, 
  [ 3040364190583 ], [ 6183330841187557 ],, [ 333276742081 ],,,,,, 
  [ 8777134703, 123155858827 ],, [ 2193536279489 ],, 
  [ 5762688181, 122082591481, 1382646554243401 ],, [ 2469769453, 19297927177 ], 
  [ 183756589633 ],,,,,,, [ 82655355301 ], [ 3293606441 ], [ 28665756564121 ],, 
  [ 362576957312908801 ],, [ 10376161073, 2023945772791 ],,,,,,,,,, [ 192703139509 ],,,, 
  [ 26936418241 ],,,,,, [ 15280751443 ], [ 14341209121 ],,, [ 19388708021 ],,,, 
  [ 13249533091, 2053687803659 ], [ 271573265461 ], [ 1914500129, 9806869537 ], 
  [ 2714240135333 ],,,,,, [ 25539097393 ],,,,,,, [ 7368886492549501 ],,,, [ 31118466677611 ],
  ,,,,, [ 22643991001 ],, [ 97565729431, 49829639016454069 ],, [ 28926176833, 280705424429 ],
  ,,,,,,,,, [ 386535232169659 ],,,, [ 13371596477 ],, [ 1987439221 ],,,,, [ 58977293351 ], 
  [ 1674952639 ],,,, [ 5677985171 ],,,, [ 8131857397290251 ],,,,,, 
  [ 5434184801, 21697938401 ],,,,, [ 4667299841 ],,,,,,, [ 16829912317, 4002923811989593 ],, 
  [ 2859108253, 137698305678847 ], [ 2356016671 ],,,,,,,,, [ 4572277121, 1254921048089 ],,, 
  [ 5869000673 ], [ 47380596948901 ], [ 1393771543393 ], [ 660102325811 ],,,, 
  [ 57032857134691 ],, [ 198996943993 ],,,,, [ 2039416591 ],,,,,,, [ 5382138977 ],, 
  [ 23601639751 ],,,, [ 201975420239951 ],, [ 14619541633969, 73214886041513 ],,,, 
  [ 1497513701, 67553169421 ],, [ 660084380041890179 ], [ 1547214017 ],,,,,,, 
  [ 27506430357656521 ],,,, [ 91522685092253 ],,,,,, [ 1228159239121 ],,,, 
  [ 187394921700013 ], [ 35153458471 ],, [ 12505161943 ], [ 42905622546217 ],, 
  [ 812554173131 ],,,,,,,, [ 64526860417, 2562617473319 ],, [ 8453568601, 654575248368001 ],
  , [ 70486477909 ],,,, [ 2509125842233 ],,, [ 22954849741 ], [ 74059484913961 ],,, 
  [ 53876714321 ],, [ 4371650401 ],,,,, [ 9429741481, 16705583561 ],,, [ 1098827809 ],, 
  [ 18356575464401 ],,,,,,,, [ 1593948397 ],,, [ 2969708532337 ],, 
  [ 135960663077, 2401118815019 ],,,,, [ 88508671117 ],, [ 17332711831 ],,, [ 8023261489 ],,
  , [ 4086057091, 3725411901073 ], [ 5515027182418153 ],,,,,, [ 128822270539 ],,,,,,,,,,,, 
  [ 308182549931, 434257687861 ],,,,, [ 1380442051 ], [ 63394616977 ],,,, 
  [ 11457746441, 22532237721981121 ],,,,,,, [ 22112899999 ],, [ 59074115263 ],,,,, 
  [ 3311886467735161 ], [ 691741673191 ], [ 385374846853, 4904776284277 ],,,,,, 
  [ 2922997327, 9632034584071279 ], [ 5000320093 ], [ 45522391839917 ],,,,, [ 207629691229 ],
  , [ 1180126147 ],,, [ 50691405680761 ],,, [ 2941991839, 21259142227 ],,,,,,,,, 
  [ 172301446459, 4324692431737 ], [ 91734858619 ],, [ 201846437941 ],,,,,, [ 3323540251 ],,,
  ,,,,,,,,,,, [ 6135781429 ],,,,,,,,,,,,,,,,,,, [ 2242318333 ],, [ 3327049441, 86773101991 ],
  ,,,,,,, [ 873995055319 ], [ 2209481249 ], [ 1170258841 ], [ 686543577803 ],,, 
  [ 4665159853, 17559466681, 54508564937 ],,,,, [ 338393472913 ],, [ 1282151929 ], 
  [ 227609974393621 ],,,,,,,, [ 1502668201 ],,,,,,, [ 1477862713, 4484897587 ],,, 
  [ 7656401491, 134024361481 ],,,, [ 5624031229 ],,,,, [ 38067019297 ],,, 
  [ 1586638153, 1126866051169 ], [ 5932248742039 ],,,,,,,,,,, [ 35622845499403 ],,,,,,,,,, 
  [ 1732464449 ],,, [ 2080937869 ],,, [ 5849716501 ], [ 132952125101 ],,,,,,,,,,,,,,,,, 
  [ 32339643569 ], [ 1322314351, 926810302097 ],,,,, [ 30094243213 ],, 
  [ 2887295209, 9202454017 ],,, [ 316792895257 ], [ 3587115041 ],,, [ 605125954889 ],, 
  [ 121599526291 ], [ 116599250023 ],,,, [ 76917738451 ],, [ 1011347633 ],,,,, 
  [ 6664430541763 ],,, [ 1321450384801 ],, [ 7303562351, 11946464838523 ],,, 
  [ 15492520192151 ],,,,,, [ 154091377147 ],,,, [ 56152026901 ], [ 2245442497 ],, 
  [ 5425795369 ],,,,, [ 4401320171 ], [ 127146904561 ],, [ 18941926811 ],, [ 66196742377 ],, 
  [ 42479496828091 ], [ 1510050467 ],,,,,,,, [ 1719722089, 271525330987 ],,,, [ 6961212677 ],
  , [ 3131349301 ],, [ 178579523053 ],,,,,,,,,,,,, [ 41711554430281, 63159602338554121 ],,,,,
  ,, [ 3556512079 ],,,,,,,,,,,,,,,,,,,, [ 12943101601 ],,,, [ 1170176087183 ],,,,,,,,,,, 
  [ 1781163343 ],,,,,, [ 9340198235413 ],,,,,, [ 3221030539 ],,,,,,,,,,, [ 17854033151 ],,,,,
  ,,,,, [ 1018148431 ],,,,,, [ 416475989929 ],,,,,,,,,,,,,, [ 1824464141 ],,,,,,,,,,,,,,,, 
  [ 31070207983 ],, [ 6971984161 ],,,, [ 3582739189 ],,, [ 15162265621 ],,,,,,,, 
  [ 1117842457 ],,,,,,,,, [ 3989287171 ],,, [ 44452189601 ],,,,,, [ 2256271471, 25501022711 ]
   ,, [ 32539268609 ], [ 590057429869 ],,,,,,,,,,,,,,,,,,,,,,,,, [ 1239820627 ],,,,,, 
  [ 41890825441, 4985816611681 ],,,,,,, [ 48790944431 ],,, [ 11854728751 ],,,, 
  [ 288315918222898187 ],,,,,,,,, [ 1381704017 ],,,,,, [ 1710359639 ],,, [ 401468534273 ],,,
  , [ 3225561841 ], [ 2711382073 ],,, [ 5786474401 ],,,,, [ 2063814391 ],,,,,,,,,,,,,,,,,,,,,
  ,,,,,,,, [ 1044817457 ], [ 4464683791, 8293828728121 ],,,,, [ 1871907361 ],,,, 
  [ 1116534217 ],,,,,,,,,,,,, [ 38455211273 ], [ 1423889629 ],,,,,,,,,,,,,, [ 66045387937 ], 
  [ 55448756159 ],,,,,,,,,, [ 27632833429 ],,,,,,, [ 425279158651 ],,,,, [ 253107895951 ],,,,
  ,,,,,,,, [ 5826169009 ], [ 1666944944309 ],,, [ 4731299891 ],,,,, [ 144994174081 ],, 
  [ 4905022649 ],, [ 12215348801 ],, [ 20640936961 ],,, [ 2186825341 ],,,, [ 55771872397 ],, 
  [ 7239608461 ],,,,,, [ 3128183521 ],,,,,,,,,,,,,,, [ 1624677217 ], [ 24557204237 ],,,, 
  [ 1065312202303 ],, [ 1238333339 ],,, [ 6292887827, 902391720017 ],,,,,,,,,,,, 
  [ 9085503047, 178354629163 ],,,,, [ 5108167177 ],,,, [ 2169652907 ],,,,,, [ 69568125881 ],,
  ,,, [ 2651647807 ],,,,,,,,,,, [ 9099839131 ], [ 2061345751 ],,,,,,,,,,,,, [ 19521693493 ],,
  ,,,,,,,,, [ 16966324171 ], [ 1832696587 ],,,,,,,,,, [ 225796890023 ],,, [ 3863989133 ],,,,,
  ,,,,,, [ 2980986781 ],,,,,, [ 23402661281 ],,,,, [ 3647524316203 ],,,,,,,,,,,,,,,,,,,,,,, 
  [ 28576394159 ], [ 1882145431 ],, [ 4739059837 ],,,, [ 5546057663617 ],, [ 2290072891 ],, 
  [ 601695646361 ],,,,,,,,,,,,, [ 15051542903 ],,,,, [ 1175643877 ],,,,,,,,,,,,,, 
  [ 302315652817 ], [ 5132193263 ],,,,,,,,,,,,,,,,, [ 8032702651 ],,,,,,,, 
  [ 36790720333, 43829300897 ],,,, [ 3077243359 ],,,, [ 13175621941 ],,,, [ 192733782551 ], 
  [ 1057757653, 13003508227 ],,,,, [ 3764625116801 ], [ 87645300679 ], [ 279548871893 ],,,,,,
  ,,,,,, [ 3173792051 ],, [ 19018217089 ],, [ 500446282267 ], [ 219115848751 ],,,,,,,,,,,,,,
  , [ 12238521121 ],, [ 70305914009 ],,, [ 1138109120761 ],,,,,,,, [ 129612427979 ],, 
  [ 80624324401 ],,,,,,,,, [ 3670098829 ],,,,,,, [ 115780053121 ],,,,,,,,,,,,,,,,,,,,, 
  [ 5124528239 ],,,,,,,,,,,,,,,,,,,,,,,, [ 5085109801441 ],,,,,,,,,,,,,,,,,, [ 74588654593 ],
  ,,,,,,,,,,, [ 3313819081 ],,,,,,,,,,, [ 7277771359 ], [ 1107777457 ],,,,,,, 
  [ 10168637051 ],,,,,,,,, [ 1938763289 ],,,,,,, [ 2730919159 ],,,,,,,,,,,,,,,,,,,,,,, 
  [ 1950017262623 ],,,,,,,,,,,,,,,, [ 2009893411 ],,,, [ 1247486113, 431656420483 ],,,,,, 
  [ 2332412161 ],, [ 391299424657 ],,,,,,,,,, [ 2722963937 ],,,,,,,,,,, [ 120310131637 ],,, 
  [ 28256972797, 58654505053 ],,,,,,,,,,,,,,,,,,,,,,,,,,,,,,,,,,,,,,,,,,,,,, 
  [ 1257445509857, 3583781366929 ],,,,,,,,,,,,,, [ 151667305441 ],,,,,, [ 2301214453 ],, 
  [ 5050475978351 ], [ 154237458451 ],,,,, [ 1301418581, 2127494701 ],, [ 2964351737 ],,, 
  [ 4205932721 ], [ 43184016847 ],,,,,,,, [ 1766503489 ],,,, [ 1757358149, 60423239801 ], 
  [ 147794315017 ],,,,,,, [ 1491203057 ],,,,,,,,, [ 2126766211963029491 ],,,,, 
  [ 7524194941 ],,,,,,,,,,,,,,,, [ 23787375197 ],,,,,,,,,,,,,,,,,,,,,,,,,,,,, 
  [ 54965352961 ],,,,,, [ 3391461439 ],,,,,,,,,,,,,,,,,,,,, [ 3169902469 ],,, 
  [ 1339146271 ], [ 151732473313 ],,,,,,,,,,,, [ 27376768981 ],, [ 209731871581 ],,,,,,,,, 
  [ 10072200823 ],,,,,,,,,,,,,,,,,, [ 477213572467 ],,,,,,,,, [ 182180581873 ],,,,,, 
  [ 17577568513 ],,,,,, [ 2805168763 ],,,,,,,, [ 1322937071 ],,,,,,,, [ 2095534549 ],,,,,,,,,
  , [ 52122531592529 ],,,,,,,,,,,,, [ 11203635529 ],,,,,,, [ 1483243961 ],,,,, 
  [ 28995374431 ],,,,,,,,,,,,,,,,,,, [ 1875413909 ],,,,, [ 3360605581 ],,,,,,,,,,,,,,,,,,,,,,
  ,,,,,,,,,,,,,,,,,,,,,,,,, [ 5259884081 ],,,,,,,,,,,,,,,,,,,,,,,,,,,,,,,, 
  [ 6327190433, 19379291233 ],,,, [ 24048992269 ],,,,,,,,,,,,,,,,,,,,,, [ 4360104956791 ],,, 
  [ 5401688293 ],,,,,,,,,,,,,,,,, [ 69807628151 ],,,,,,,,,,,,,,,,,,,, [ 8482419181 ],,,,, 
  [ 304666957729 ],,,,,,,,,,,,,,,,,,,,,,,,,,,,,,,,,,,,,,,,,,, [ 2506325303 ],,,,,,,,,,,,,,,,,
  ,,,,,,,,,,,,,,,,,, [ 933556666183 ],,,,,,,,,,,,,,,,,,,,,,,,,,,,,,,,,,,,,,,,,,,,,,, 
  [ 17492231221 ], [ 5199963427 ],,,,, [ 17848899898783, 61558004000237 ],,,,,,,, 
  [ 8239496723, 112946431187 ],,,,,,,, [ 3384626701 ],,,,,,,,,,,,,,,, [ 22072402921 ],,,,,,,,
  ,,,,,,,,,,,,,,, [ 1059485857 ],,,,,,,,,,,,,,,,,,,,,,,,,,, [ 1945185589 ],,,,,,,,, 
  [ 1479216751 ], [ 13280399549 ],,,,,,,,,,,,,,,,,,,,,,,,,,,,, [ 395900606769571 ], 
  [ 1004219093 ],,,, [ 4041888001 ],,,,,,,, [ 43486502177 ],,,,,,,,,,,, [ 157740093941 ],,,,,
  ,,,,,,, [ 3951004657, 8221473361 ],,,,,,,,,,,,,,,,,,,,,,,,,,,,,,,,,,,,,, [ 9785299861 ],,,,
  ,, [ 5808776977, 63299252906101 ],,,,,,,,, [ 1500876001 ],,,,,,,,,,,,,,,,,,,,,,, 
  [ 24162556793 ],,,,,,,,,,,,,,,,,,,, [ 8695444577 ],,,, [ 32797220689 ],,,,,, 
  [ 15230808277 ],,,,,,,,,,,,,,,, [ 46928818358827 ],,,,,,,, [ 47200770217 ],,,,,, 
  [ 318961082753 ],,,,,,,,,, [ 18069285097 ],,,,,,,,,,,, [ 298897507261 ],,,,,,,,,,,,,, 
  [ 5694742597 ],,,,,,,,,,,,,,,,,,,,,, [ 1417506847, 2743889107 ],,,,,,,,,,,,,,,,,,,,,,,,,,,,
  ,,,,,, [ 12427193201 ],, [ 66323762737 ],, [ 3455549729 ], [ 44952426361 ],,,,,,,,,,,,,,,,,
  ,,,,,,,,,,,,,,,,,,,,,,,,,,,,,,,,,,,, [ 23703692203 ],,,,,,, [ 198569998441 ],,,,,,,,,,,,,,,
  ,,,,,,,, [ 23815201633, 52228315393 ],, [ 1444106621 ],,,,,,,,,,,,,, [ 88470142417 ],,,,,, 
  [ 3285389539981 ],,,, [ 11818160833 ],,,,,,,,,,,,,,,,,,,,,,,,,,,, [ 25721901563 ],,,,,,,, 
  [ 8524269001, 22177216751 ],,,,,,,,,,,,,,,,,,,,,,,, [ 2373420011323 ],,,,,,,,,,, 
  [ 118581404401 ], [ 67055813508169 ],,,,,,,,,, [ 33895757473 ],,,, [ 22658337901 ],,,,,,,,,
  ,,,,,, [ 1562253421 ],,,,, [ 6351100241 ],,,,,,,,,, [ 4843345141 ],,,,,,,,,,,,,, 
  [ 50225525681 ],,,, [ 1287322741, 3300629149, 270599224069 ],,,,,,,, [ 4390530629 ],,,,,,,,
  ,,,,,,,,,,,,,,,,,,,,,,,,,,,, [ 22160251457 ],,,,,, [ 21447459023 ],,,,,,,,,,,,,,,,,,,, 
  [ 8903989123 ],,,,,, [ 6818399521, 32005600321 ],,,,,,,,,,,, [ 4161724433 ],, 
  [ 160534253917 ],,,,,,,,,,,,,,,,,,,,,,,, [ 2541890413 ],,, [ 1622881261 ], 
  [ 1188182927, 3104679899, 2059608254107 ],,,, [ 2150258371 ],,,, 
  [ 8228644939, 42857115643 ],,,,,,,,,,,,,,,,,, [ 23956778701 ],,,,,,,,,,,, 
  [ 1687228561, 4749997873 ],,,,,, [ 43596881641 ],,,,,,,,,,,, [ 11286632899 ],,,,,,,,,,,,,,,
  , [ 38438441791 ],,,,,,,,,,,,,,,,,,,,,,,,,,,,,,,,,,,,,, [ 5316267553 ],,,,,, 
  [ 2352295819 ],,,, [ 16762193999 ],,,,,,,,,,,,,,,,,,,,,,,,,,,,,,,,,,,,,,,,,,,,,,,,,,,,,,,,,
  ,,,,,,,,,,,,,,,,, [ 3005086921 ],,,,,, [ 97841206789 ],,,,,,,,,,,,,,,,,,,,,,,,,,,,,,,,,,,,,
  ,,,,,,,,,,,,,,,,,,,,,,,,,,,,,,,,,,,,,,,,,,,,,,,,,,,,, [ 3240432661 ],,,,,,,,,,,, 
  [ 17859669119449 ],,,,,,,,,,,,,,,,,,,,,,,, [ 1101124753 ],,,,,,,, [ 1661044601 ],,,,,, 
  [ 311165832737 ],,,,,,,,,,,,,,,,,,,,,, [ 1401737041 ],,,,,,,,,,,,,, 
  [ 5757947771, 407700203879, 424919978723 ],,,,,,,,,,,,,,,,,,,,,, [ 12538583401 ],,,,,,,,,,,
  ,,,,, [ 6997688641 ],,,,,,,, [ 31454623729 ],,,,,,,,,,,,,,,,,,,,,,,,,,,,,,,,,,,,,,,,,, 
  [ 23855477281 ],,,,,,,,,, [ 5133355081 ],,,,,,,,,,,,,,,,,,,,,,,,,, [ 1023933949 ],,,,,,,,,
  , [ 29290782473 ],,,,,,,,,,,,,,,,,,,,,,,,,,,,,,,,,,,,,,,,,, [ 22438766099 ],,,,,,,,,,,,,,,,
  ,,,,,, [ 3098053801 ],,,, [ 798400033069 ],,,,,,,,,,,,,,,,,, [ 3822254179561 ],,,,,, 
  [ 8764990093 ],, [ 2160457751 ],,,, [ 8731857163, 834104494189 ],,,,,,,,,,,,,,,, 
  [ 2912288591 ],,,,,,,,,,,,,,,,,,,,,,,,,, [ 10354478189581 ],,,,,,,,,,,,,,,,,,,,,,,, 
  [ 3255195061, 39986512921 ],,,,,,,,,,,,,,,,,,,,,,,, [ 1780628434657 ],,,,,,,,,,,,,,,, 
  [ 8201323021 ],,,,,,,, [ 1840454293 ],,,,,,,,,,,,,,,,,,,,,,,,,, [ 7342195477 ],,,,,,,,,,,,,
  ,,,,,,,,, [ 1764429553 ],,,, [ 3996949763441 ],,,,,,,, [ 83142259561 ],,,,,,,,,,,, 
  [ 7521413429821 ],,,,,, [ 7155472717 ],,,,,,,,,,,,,, [ 17213806758761 ],,,,,,,,,, 
  [ 2491610551 ],,,,,,,,,,,, [ 348173004547 ],,,,,,,,,,,, [ 935796188839 ],,,,,,,,,,,, 
  [ 1934643439 ],,,,,,,,,,,,,,,,,,,,,,,,,,,,,,,,,,,,,,,,,,,,,,,,,,,,,,,,,,,, [ 1875041317 ],,
  ,,,,,,,,,,,,,,,,,,,,,,,,,,,, [ 7211049793 ],,,,,, [ 1976346571 ],,,,,,,,,,,,,,,,,,,,,,,,,,,
  ,,,,,,,,,,, [ 1657148681 ],,,,,, [ 475693189819 ],,,,,,,,,,,,,,,,,,,,,,,,,,,,,,,,,,,,,,,,,,
  ,,,,,,,,,,,,,,,,,,,,,,,,,,,,,,,,,, [ 84581591827 ],,,,,,,,,,,, [ 3732636007 ],,,,,,,,,,,,,,
  ,,,,,,,,,,,,,,,, [ 168878589337 ],,,,,, [ 240058041931 ],,,,,,,,,,,,,,,,,, [ 6944044033 ],,
  ,,,, [ 299204805469 ],,,,,,,,,,,,,,,,,,,,,,,,,,,,,,,,,,,,,,,,,,,,,,,,,,,,,,,,,,,,,,,,,,,,,,
  ,, [ 37822608517 ],,,,,,,,,,,,,,,,,, [ 15171806497 ],,,,,,,,,,,,,,,,,,,,,,,,,,,,,,,,,,,,,,,
  ,,,,,,,,,,,,,,,,,,,,,,,,,,, [ 1447179930631 ],,,,,,,,,,,,,,,,,,,,,,,,,,,,,, 
  [ 3275193601, 17606668233601 ],,,,,,,,,,,,,,,,,,,,,,,,,,,,,,,,,,,, [ 173574829117 ],,,,,,,,
  ,,,,,,,,,,,,,,,,,,,,,,,,,,,,,,,,,,,,,,,,,,,,,,,,,,,,,,,,,,,,,,,,,,,,,,,,,,,, 
  [ 5487699121 ],,,,,,,,,,,,,,,,,,,,,,,,,,,,,,,,,,,,,,,,,,,,,,,,,,,,,, [ 300038230759 ],,,,,,
  ,,,,,,,,,,,,,,,,,,,,,,,,,,,,,, [ 3406674751, 5056828471 ],,,,,,,,,,,,,,,,,,,,,,,,,,,,,,,,,,
  ,,,,,,,,,,,,,,,,,,,,,,,,,,,,,,,,,,,,,,,,,,,,,,,,,,,,,,,,,,,,,,,,,,,,,,,,,, 
  [ 5406088698817 ],,,,,,,,,,,, [ 8621000911 ],,,,,,,,,,,, [ 2014399069 ],,,,,,,,,,,,,,,,,,,,
  ,,,, [ 4129188967 ],,,,,,,,,,,,,,,,,,,,,,,,,,,,,,,,,,,,,,,,,,,,,,,, [ 29612563663 ],,,,,,,,
  ,,,,,,,,,,,,,,,,,,,,,,,,,,,,,,,,,,,,,,,,,,,,,, [ 16932837075541 ],,,,,,,,,,,, 
  [ 1079786401 ],,,,,,,,,,,,,,,,,,,,,,,,,,,,,,,,,,,,,,,, [ 11234536601 ],,,,,,,, 
  [ 27019172449 ],,,,,,,,,,,, [ 18968464981 ],,,,,,,,,,,,,,,,,, [ 11346203936143 ],,,,,,,,,,,
  ,,,,,,,,,,,,,,,,,,,,,,,,,,,,,,,,,,,,,,,,,,,,,,,,,,,,,,,,,,,,,,,,,,,,,,,,,,,,,,,,,,,,,,,,,,,
  ,,,,,,,,,,,, [ 10993871809 ],,,,,,,,,,,,,,,,,,,,,,,,,,,,,, [ 2082171379 ],,,,,,,,,,,,,,,,,,
  ,,,,,,,,,,,,,,,,,,,,,,,,,,,,,, [ 1674568201 ],,,,,,,,,,,,,,,,,,,,,,,,,,,,,, 
  [ 4931938801, 21007902061 ],,,,,,,,,,,,,,,,,,,,,,,,,,,,,,,,,,,,,,,,,,,,,,,,,,,,,,,,,,,,,,,,
  ,,,,,,,,,,,,,,,,,,,,,,,,,,,,,,,,,,,,,,,,,,,,,,,,,,,,,,,,,,,,,,,,,,,,,,,,,,,,,,,,,,,,,,,,,,,
  ,,,,,,,,,,,,,,,,,,,,,,,,,,,,,,,,,,,,,,,,,,,,,,,,,,,,,,,,,,,,,,,,,,,,,,,,,,,,,,,,,,,,, 
  [ 2066216401 ],,,,,,,,,,,,,,,,,,,,,,,,,,,,,, [ 3626578801 ],,,,,,,,,,,,,,,,,,,,,,,,,,,,,,,,
  ,,,,,,,,,,,,,,,,,,,,,,,,,,,,,,,,,,,,,,,, [ 18335423989 ],,,,,, [ 3054324937 ],,,,,,,,,,,,,,
  ,,,,,,,,,,,,,,,,,,,,,,,,,,,,,,,,,,,,,,,,,,,,,,,,,,,,,,,,,,,,,,,,,,,,,,,,,,,,,,,,,,,,,,,,,,,
  ,,,,,,,,,,,,,,,,,,,,,,,,,,,,,,,,,,,,,,,,,,,,,,,,,,,,,,,,,,,,,,,,,,,,,,,,,,,,,,,,,,,,,,, 
  [ 1957010761 ],,,,,,,,,,,, [ 48702263317 ],,,,,,,,,,,,,,,,,,,,,,,,,,,,,,,,,,,,,,,,,,,,,,,,,
  ,,,,,,,,,,,,,,,,,,,,,,,,,,,,,,,,,,,,,,,,,,,,,,,,,,,,,,,,,,,,,,,,,,,,,,,,,,,,,,,,,,,,,,,,,,,
  ,,,,,,,,,,,,,,,,,,,,,,,,,,,,,,,,,,,,,,,,,,,,,,,,,,,,,,,,,,,,,,,,,,,,,,,,,,,,,,,,,,,,,,,,,,,
  ,,,,,,,,,,,,,,,,,,,,,,,,,,,,,,,,,,,,,,,,,,,,,,,,,,,,,,,,,,,,,,,,,,,,,,,,,,,,,,,,,,,,,,,,,,,
  ,,,,,,,,,,,,,,,,,,,,,,,,,,,,,,,,,,,,,,,,,,,,,,,,,,,,,,,,,,,,,,,,,,,,,,,,,,,,,,,,,,,,,,,,,,,
  ,,,,,,, [ 3195639721 ],,,,,,,,,,,,,,,,,,,,,,,,,,,,,,,,,,,,,,,,,,,,,,,,,,,,,,,,,,,,,,,,,,,,,
  ,,,,,,,,,,,,,,,,,,,,,,,,,,,,,,,,,,,,,,,,,,,,,,,,,,,,,,,,,,,,,,,,,,,,,,,,,,,,,,,,,,,,,,,,,,,
  ,,,,,,,,,,,,,,,,,,,,,,,,,,,,,,,,,,,,,,,,,,,,,,,,,,,,,,,,,,,,,,,,,,,,,,,,,,,,,,,,,,,,,,,,,,,
  ,,,,,,,,,,,,,,,,,,,,,,,,,,,,,,,,,,,,,,,,,,,,,,,,,,,,,,,,,,,,,,,,,,,,,,,,,,,,,,,,,,,,,,,,,,,
  ,,,,,, [ 2341887601, 5907676501 ],,,,,,,,,,,,,,,,,,,,,,,,,,,,,,,,,,,,,,,,,,,,,,,,,,,,,,,,,,
  ,,,,,,,,,,,,,,,,,,,,,,,,,,,,,,,,,,,,,,,,,,,,,,,,,,,,,,,,,,,,,,,,,,,,,,,,,,,,,,,,,,,,,,,,,,,
  ,,,,,,,,,,,,,,,,,,,,,,,,,,,,,,,,,,,,,,,,,,,,,,,,,,,,,,,,,,,,,,,,,,,,,,,,,,,,,,,,,,,,,,,,,,,
  ,,,,,,,,,,,,,,,,,,,,,,,,,,,,,,,,,,,,,,,,,,,,,,,,,,,,,,,,,,,,,,,,,,,,,,,,,,,,,,,,,,,,,,,,,,,
  ,,,,,,,,,,,,,,,,,,,,,,,,,,,,,,,,,,,,,,,,,,,,,,,,,,,,,,,,,,,,,,,,,,,,,,,,,,,,,,,,,,,,,,,,,,,
  ,,,,,,,,,,,,,,,,,,,,,,,,,,,,,,,,,,,,,,,,,,,,,,,,,,,,,,,,,,,,,,,,,,,,,,,,,,,,,,,,,,,,,,,, 
  [ 28979561521 ] ]);
