BRENTFACTORS[7030]:=MakeImmutable([ ,,,,,,,,,,,,,,, [ 1399342673 ],,, 
  [ 5166399619728138705942829 ],, [ 127451368927 ],, [ 23742812685663567963406608761 ],,, 
  [ 894247384369 ], [ 50968543357, 24112876409227 ],, [ 17993519672263980664968162030786997 ]
   ,, [ 403743154286292151, 136443300937563279699911 ], [ 26270856373549729 ], 
  [ 1591719846161733778301197 ], [ 2821185016999727971 ],, [ 48992474046102913 ], 
  [ 33665878537375103, 142953426067973642977333483, 1208045818344912271237079629683299951 ], 
  [ 6485889645207047, 526036788668350194503921 ], [ 742599366185821, 5919037432135836919 ],, 
  [ 463812373967, 27184351227571, 23903459908296808552393 ], [ 36635029982079473617 ], 
  [ 6490872509932657750317136369 ], [ 6718309793284403956890321842341 ], 
  [ 37487482168501, 101506236448498291 ],, [ 84113614649491344493 ], 
  [ 52264238717321329, 93943396216716577 ],, 
  [ 103034688101, 160568916901, 35607147807701, 361989504997286951 ], [ 100127359357 ], 
  [ 14773311763613219298887801853976063273 ], 
  [ 27053349425294905501, 3127031637080276337493, 241729475904667945624592977 ], 
  [ 455072926798218056257594579815361 ], [ 54021285156660911 ],,, 
  [ 1343543657848000406239349, 15996655923164379536816742046001 ], 
  [ 246357072783383, 23057414184106766127467 ], [ 18823244581, 390709975476480845041 ], 
  [ 4578238683600648353368651184723 ], [ 2950975044257388008082801573979 ], 
  [ 30756444108417051135110371, 27460555540226213018940102870843094747105888205953 ], 
  [ 5332301880208356124289 ], [ 840393539831, 18528386023031 ], 
  [ 3681792980766630590635409052811374433 ],, [ 77104202101 ], [ 2138133566449 ], 
  [ 22909620931, 48698494111, 4253434100791599581803961 ],, [ 191971130271315697 ], 
  [ 9671384816231, 580212861104417 ], 
  [ 717964495267, 6182960912234136383, 107117786380366347760269200048604027417457629985643 ],
  [ 3773413198811701, 6170984386851898882584751, 
      55067363171562732705313262551677641767949746379551 ], 
  [ 4359541879022353780917109569479212665807301 ], 
  [ 1461697150648425307, 107135634834929030947 ], [ 31050820019244759787 ],, 
  [ 2590208161, 81324567761, 4410181331056316387081417364241 ],, 
  [ 75910796009088236509, 21871127924113366643544431 ], [ 14341156926448469659 ],, 
  [ 2593159671200384471, 10428316850261445050231 ], [ 4403419282183917329 ], 
  [ 8376259868747875216245619, 40165223603136695371377403 ],,, 
  [ 8464321421911, 51729283095776731, 400098993522205337452441 ], [ 738515509321973111 ], 
  [ 8030787587653, 1317725597423238337 ], [ 9706898623, 23065926302491 ], 
  [ 10918494707317, 29729769791517756283, 479413722140579824483, 
      41376007049781631791059557601549 ], [ 21801190203271, 40667010525975815567711 ], 
  [ 62723434828324321, 23102094582174197690924515763943085196737 ],, [ 129739403959908583 ],
  , [ 59015192036461463525551001 ], 
  [ 2488579851269, 13966857929677, 3497561722432279, 66900013911368081, 
      673787202702113173943 ], [ 1251777570800043271427896261 ], [ 11866769650812803 ],, 
  [ 36862391036941 ],,, [ 16934389201, 298635043024133768148056353 ], 
  [ 20416543661, 64327570351357 ], 
  [ 416494043131, 2843032981424131, 343148524470573581, 
      34872838855112821867571033111583958842659461 ],, 
  [ 129199995083377, 30390461358307185726470881 ],, 
  [ 68734754191252580731, 13332210402516235381673052313, 20856881740521500391395264890708117 
     ], [ 216096845231 ], [ 1243452501892040741242741 ], [ 66087815710177 ], 
  [ 618264218216479, 65889880064560320257 ],, 
  [ 3805574606381761, 873285705941413794649922836144915561 ],,, 
  [ 2237892997, 75783427399, 75741732090527375343851173 ], [ 1304960490973049 ], 
  [ 856382800751 ], 
  [ 410571589933, 14379530798431, 208371390825867813100551718521686026789123411 ], 
  [ 5794346845549765733687 ], [ 50554078884034271508353 ], [ 8412370963 ], 
  [ 94624114457458951, 15226265378014616381, 17670056071628972311 ],,,, 
  [ 2441790507883, 3003635878392653759 ],, [ 65043218136769 ], 
  [ 1094111763502903, 3770185040731771320889, 784322451813171034856447 ], 
  [ 1256562027991701264354160333, 926604650005591342868056421394271 ],,, 
  [ 2077183086150841, 211038320382722611 ], [ 1874668881403 ], [ 2443685013970345861 ], 
  [ 126401926067281 ], [ 239039480516948711 ],,, [ 3046766629, 283379607761389949 ],, 
  [ 103295664068424049729943551, 397862766676671447808285051, 13466375982642829574146944001, 
      7216439306758774793125038421051 ], [ 5544643887869557, 11941400582991866603 ],, 
  [ 13209810391 ],,, 
  [ 320445152065103053, 23712461682722048809, 969434008763595729746149191877, 
      1119925459720985367033461885040565861370697855889 ],,,, [ 39954361921, 30802420298561 ]
   ,, [ 15020402411234161, 14789712222568628263062108141733 ],,,,,,,,, [ 1150031089 ],, 
  [ 951832165883, 21055646593013 ], [ 2190420909211, 24559450789765327797454159172053 ],, 
  [ 136300779473, 1569099905290757137 ], [ 27901236238917211 ], 
  [ 5532542779, 673133089283, 1268622564084678560281439 ],,,, [ 2607192489721 ], 
  [ 6852494332993 ], [ 345142031746342889, 480608874618218434178617 ],, 
  [ 3131126233, 154951132159 ],, 
  [ 32018793617, 139036233432984296333, 1433281640041239928661 ],, 
  [ 9122035077744811, 93339115179436571 ],, [ 17967328513, 910494093140282034009793 ], 
  [ 85381312931693 ], [ 110376623198957 ], [ 1239464556129267001 ], 
  [ 578210208857, 157174665270585523541 ],,,, [ 69193604801, 212166291885535278231001 ], 
  [ 21772506127 ],, [ 4285656560564438473 ],,, [ 18853762576085016451, 39270717544944757939 ]
    , [ 19302866907391 ], 
  [ 295436624309288856577, 12777931688454357263697457, 2495190710966993108185819249 ],,,,,, 
  [ 58654241160706082569 ], [ 192445475311 ], [ 59842483285475067547969 ], 
  [ 3302013690401287 ],,, [ 1344602836228961 ], [ 13593783373 ], [ 1276106892149865043 ],, 
  [ 187236268129, 269362397890674842657 ],, [ 1055447805850111, 2560477815006805538237 ],, 
  [ 57954119581 ],, [ 54014465086729158270901 ], 
  [ 106982312055912217, 34179711963392163581029 ],, [ 52679431545989598491 ], 
  [ 845103386130471703 ],, [ 116686191541, 11359534249201 ], [ 1398549822580668534157 ],,, 
  [ 422310833646721 ], [ 539833201905259 ], [ 134730724987, 6217053786088980671 ], 
  [ 1211904667, 667160932258205766307 ], [ 530414175866907622573 ],,,, 
  [ 3801206084012386561 ], [ 42439807507, 123676472341 ],, [ 6380052064455910289 ], 
  [ 368680635268969632099877, 63546109016270326700675401 ], 
  [ 15293110229, 14023803226770173, 1253976268804856311573 ], 
  [ 143320792354541, 606273234533249347, 94960521882346886237 ],,, [ 87300499621 ],,, 
  [ 96449528971098198840361 ], [ 61875397469791, 1646919321047587 ], [ 5241439531534541 ],,, 
  [ 9696875231 ], [ 819816121179164830001 ], [ 372944795266807, 1669899020948339173 ], 
  [ 45099353293 ],, [ 215622276166786771 ], 
  [ 253072088767, 572594993777, 124220176937029, 884361388907683657 ], [ 3592798765553 ], 
  [ 1917959317, 3726818551 ],, [ 22304750876101, 566663835838651 ], 
  [ 24053896624189, 46990871395033810679655061 ],,,,, [ 3449558249 ],,, [ 1555155601 ], 
  [ 22490764141385431 ], [ 187420232429, 63830152638073479373 ],,,, [ 365884860571 ], 
  [ 1155743749 ], [ 8533513997 ], [ 5697602993, 3407994282977513 ],,,, 
  [ 18905214112099327, 216218213344203460237 ], [ 2679777517 ], [ 2276219860387201 ], 
  [ 49655706301 ],,,,,, [ 619894556429168464997941 ],, 
  [ 1344792908220301, 4517025068892725929, 16605158696308824181 ],,,,, [ 4240013711093 ],, 
  [ 1855414310401 ],, [ 1420991809 ],,, [ 70892910157441 ],, [ 13833548420357 ], 
  [ 13544406588883 ], [ 20495164351646701 ],, [ 870825503450491 ], [ 430585244577097 ],, 
  [ 784624231637 ],, [ 27495607963, 2498683704809, 3668025818339 ],,, [ 57728392793923 ],, 
  [ 427428693503011873 ],,, [ 5872637347 ], [ 61274733101261 ],, 
  [ 13504295921671, 33740402203115371, 459210518637882309919 ],,,,,,, [ 452617572197123161 ],
  [ 186285194593051 ], [ 4181033078353 ], 
  [ 236756273959393, 2058285464598529, 175078483990475297 ],, [ 75511067635799201761 ], 
  [ 56572963301 ],,,,, [ 789273701168028121 ],, [ 2855211811176157 ], [ 24172004473 ], 
  [ 15701343727924037 ], [ 48395439791 ],, [ 29682926237, 650186825312338967 ],, 
  [ 5942436389103853, 3363634361473041349 ],, [ 33025622351 ], [ 64621230867870316609 ], 
  [ 4053695369 ], [ 19729621936509013 ], [ 6667875001, 64911590251 ], 
  [ 76517151313, 434648794357792083169 ], [ 35597420483 ],, [ 116449968667 ],,, 
  [ 11914417936558829 ],, [ 1668512054644993, 284774137257974401, 14005151536484843225857, 
      62473668587219213159809 ], [ 134696440276091 ],,, [ 26377358993 ],, 
  [ 1399678411, 3959516507311, 859190855388451 ],, [ 1041149940433 ],, 
  [ 310373224201, 19550173568471893 ], [ 190120523891 ],, [ 26195448047530243 ], 
  [ 77237600953, 5474153157079 ],,,,,,, [ 3779791291 ],,, [ 13070647001799323017 ],, 
  [ 408086069981, 1005535715351, 4467911921911, 6336224885581, 21764210266401091 ], 
  [ 94914244723 ],, [ 160523291251, 985457852849 ], [ 54948144619, 266282315206777 ],,,, 
  [ 25104217249 ], [ 2460478268231 ], [ 2530207261, 127683917149889669208781 ], 
  [ 1308522731 ], [ 15832526007227701 ], [ 259219511533 ], [ 138384016753 ], 
  [ 3795412351, 5758254336101 ], [ 19299909127, 741643303896613 ], [ 210871850872271 ],,,,,, 
  [ 67642623360101 ],,, [ 1803045483560107121 ],,,, 
  [ 8107464641, 13063305291521, 124154300840008561 ], [ 76154317849, 3477195425068723 ], 
  [ 4735172059879 ],,,,,, [ 8891208892609 ],, [ 4028647951 ], [ 284859827143 ], 
  [ 7715870521 ], [ 600627152563 ], [ 12074164051 ],,, [ 567360194231 ], 
  [ 13296011190503, 15600386306671367 ],, [ 1315760081, 49332929081 ], [ 1013088991 ], 
  [ 82023124935633351884107, 7568065149282582413015779 ], [ 2107984367 ], 
  [ 42582030289, 193570965735761, 31616482397201634833 ], [ 5881034491 ],, [ 2490368099 ], 
  [ 148297255563601, 4447185305295097 ], [ 27914159818609 ], 
  [ 6998757781, 10132568791, 1770250940672501071 ], [ 990855843727, 2880424295863 ],, 
  [ 228040745904511 ], [ 1301568451 ],,,, [ 2042451943631937767, 16209583831196007019 ],, 
  [ 1582820641, 6341271597442081 ],,,,, [ 297247473590311 ], [ 4333920067, 13792789837 ],, 
  [ 2736729913632529 ], [ 1470828871 ], [ 65041736621, 7869880506251 ],,,, [ 21839151821371 ]
   ,,,, [ 540083132618368099 ], [ 49558142087 ], 
  [ 121618960593675001, 164506402836483646501 ],,,,,, [ 6569932843, 27767061191 ], 
  [ 2948741555059 ],,,, [ 5230878073 ], [ 2269163963393 ],,,,, [ 5661970997 ], 
  [ 674260374215513 ],,, [ 2852948069 ],,, [ 30138063768929, 157142631538098888671701 ], 
  [ 742631173201 ],,,,,,,,, [ 4099221631 ],,,,,, [ 19345348261 ],, [ 6128808089 ],, 
  [ 49795806079065936961 ], [ 1195882601 ], [ 1840813339 ],,, [ 21882817189 ],,,,,, 
  [ 5196466395603001 ],, [ 1111593761 ],,, [ 1353945041 ],, [ 5299072711 ],, 
  [ 1961768391729812473309 ],,,,,, [ 188770331960311 ],,,, 
  [ 5210096418476671, 7347188355808918681 ], [ 2777388001 ],,,,, [ 4923451110900758233921 ], 
  [ 120177892031 ], [ 39996919279 ],, [ 4353670361 ], [ 255284142595561 ],, [ 30604207681 ],
  , [ 143703217523 ],,,,,, [ 26902659631 ], [ 14261363353 ],,,, [ 2364310801 ],, 
  [ 33835812727268749 ],, [ 6313423713682724521 ],,,, [ 16815953953 ], [ 2347645063 ],,,, 
  [ 1350190123 ], [ 2716294249 ], [ 56555928901 ],, [ 2092348189, 32995333681 ],,, 
  [ 67017673236689381 ], [ 1092781153 ], [ 1588298771 ],,,, 
  [ 62870526527, 228076492797239, 265401263105333 ],,,, [ 63895418371 ],,,,,,,,,, 
  [ 1903737230081, 40014700483201 ],, [ 1109189821 ], [ 30096387887 ], 
  [ 17319414001, 1918004274509 ], [ 1539642335595361 ],,, [ 1348167267463388257 ],,,, 
  [ 18122442056909 ],,,,,, [ 1604438249, 561210097564747 ],,,, [ 7757677553287 ],, 
  [ 9501527921, 59798012009 ],,, [ 2007879439 ],,, [ 54344481063221 ],,,, [ 1878562691 ],, 
  [ 956361968630576561, 1640536453067184193 ],,,,, [ 2526055093 ],,,, [ 1117591201 ],,,,,,, 
  [ 3471084457 ],,,, [ 19772453353604569 ], [ 35333571631 ],,,,, 
  [ 429481624573, 239568564260611 ],, [ 3498516737 ],,,,, [ 10910842123 ], [ 16999319131 ],,,
  , [ 166482514633 ],, [ 31776835381 ],,,,,,, [ 5255715469 ],,, [ 4913509395829 ],, 
  [ 16767032483657 ],,,,,,,,,,, [ 4796322833, 41075285707 ],,,,, 
  [ 154670070721, 743826229129 ],,,,,, [ 3022805251 ],,,,,, [ 14433172894729 ], 
  [ 80663807971 ], [ 2418062247131 ],,,, [ 49884781980301 ],, [ 23475811977997 ],,,,,,,,, 
  [ 1286469889 ],,,,,,,,, [ 1066273992079, 111576665340169 ],,,, [ 1755391879 ],,,,,,, 
  [ 22396434139 ], [ 221954847717151 ],,,, [ 21292663729 ],,,,, [ 4197802951 ],,, 
  [ 3831919859 ],, [ 1975642816769 ],,,,,, [ 2962221297457156681 ],,,,,, [ 3736531550261 ], 
  [ 34836918301 ], [ 14391044024284580287 ],,, [ 9314165851 ],, [ 1574575229299 ],,,,,,,,, 
  [ 339798796877, 753213931273 ],, [ 10935998712211 ],,,, [ 1721826887303969 ], 
  [ 28537404601 ], [ 2152810213 ],, [ 81295897933 ],,, [ 5464107967, 46507352323 ],, 
  [ 33697452077 ],,,,,,, [ 509898229699 ],,,, [ 57349098494017229 ],, [ 2593948321 ],, 
  [ 55955653022641, 5693708276721193 ],, [ 309103159709 ],, [ 1401382290541 ],, 
  [ 1503932951323697 ],, [ 1263427307, 7416311933009276447 ],,,,,,,, 
  [ 1884943369, 69348145231, 5447952331495633 ], [ 20108129863 ], 
  [ 1298338757, 392490759649 ], [ 35274947731 ], [ 41693024741 ],, [ 9341002537 ],, 
  [ 9126494288851, 83819523682771, 222066781817010491 ], [ 7729138099 ],,, [ 12211423141 ],, 
  [ 152096425601, 198959000528513 ], [ 1414351206607 ],,,,,, [ 18365533663 ],,, 
  [ 3352728250549 ],, [ 3339030169 ],,,,,,,, [ 5130962093 ],, [ 1050822667 ],,,,,, 
  [ 4037312065249, 5135545113469 ],,, [ 46467686359 ], [ 10998912547489409 ],,,, 
  [ 1721461451109173 ], [ 80430875359 ], [ 7340612186683 ],,,, [ 143708536043524159 ],,,,,, 
  [ 5203845353537 ],,,, [ 102899713897 ],,,,,,,, [ 827177036377 ],, 
  [ 1492827451, 2940469528079 ],,, [ 4093514041 ], [ 44526538447, 95110850062304467 ],,,, 
  [ 1325528779, 18237338113 ],, [ 99908448946153 ], [ 1900879549 ], [ 3666891971 ],,,,,, 
  [ 28450030097 ],,, [ 1810942453 ],,,,,,,,, [ 102320007869, 4645202265289, 7292484923621 ],
  , [ 4066550731 ],, [ 172297447457 ],,,, [ 2890041409 ],, [ 257078782540039 ],,,,,, 
  [ 17786745169573 ],, [ 8636913227939 ],,,,, [ 26340646573 ],,, 
  [ 3258819974671, 27689026070551 ],,, [ 2697460291 ],, [ 299937995209 ], 
  [ 241634843169573181 ], [ 1339108606247 ],,,, [ 1093322401 ],, [ 1412687797, 14010779719 ],
  ,,,, [ 1770455685721, 143181442599241 ],,, [ 397526850991 ],,, 
  [ 1637185423189, 5921857365163 ], [ 8926819939, 1038717371221 ], [ 6094385441 ],,,,,,,,,,,
  , [ 1065234311489 ],,,,,,, [ 1765725769 ],,,,, [ 29367976849 ],,, [ 4101191623 ],,,,,, 
  [ 2747120353 ],,,,, [ 285497073709 ],, [ 16476874010427601 ],,, [ 23702696119 ], 
  [ 175807897189, 225435651313 ],,,,, [ 3053569069, 361148565691 ],,, 
  [ 8672373529, 178001600885473 ],,,,,,,,,,,,,,,,,,, [ 3603304079 ],,,,,, [ 2134191583 ],,,,
  , [ 1229285641 ],,,,,,,,,,,,,,,,, [ 1261661189, 42082371031 ],,,,, [ 47512289969 ],,,,,,,,,
  , [ 1284127349 ],,,,,,,,,, [ 3566995357 ],,, [ 3909048553 ],,, [ 696872693791 ],,, 
  [ 14640987181 ],,,,,, [ 8779520179 ],,,,,,,,, [ 7152776929 ], [ 9398733529561 ],,,,,,,,,,, 
  [ 4688971201, 75065161201, 353508582096001, 43685581376283601 ], [ 11344943849 ],,,, 
  [ 5422500001 ], [ 4556799847 ],,, [ 22163525827 ],,,, [ 1480126861 ],,,,,,,,,,, 
  [ 2072738737 ],,,,,, [ 41719558201, 102548183611 ],,,,, [ 1212957721 ],,,,,,,,,, 
  [ 1071034404511 ],, [ 1921385083 ],,,,,,,, [ 929296087351 ],, [ 10298852401, 42532548379 ],
  ,,,,,, [ 14629946801 ],,,,,,,, [ 2465076217, 6333477529, 34968709729 ], [ 2844296999 ],,, 
  [ 3831828001 ], [ 50086680443 ], [ 8150280139 ],,,,,,,,, [ 3212635141 ],,,,,,,,,,,,,,,,, 
  [ 9224312137 ],,, [ 20593376927 ],,, [ 23381354221 ],, [ 1820502337 ],,,, [ 1076773573 ], 
  [ 2122951321 ],,, [ 138684069481 ],,, [ 4868740549 ], [ 1544277853 ],,,,,,,,, 
  [ 2301309863, 62775118297, 80077407643 ],,,,, [ 9043544677 ],,,,, [ 8037331231 ],,,,,,, 
  [ 2842902901 ],,,,,,,,,,,,,,,,,, [ 1939360249 ],,,,,,,,,,, [ 2813805373 ],,,,,,,,,,,, 
  [ 17593036943 ],,,,,,,,,,,,,,,,,,,,,,,,,, [ 51743602769 ],,,,,,,,,, [ 2100566833 ],,, 
  [ 33971088581 ], [ 34960328839 ], [ 48933013769 ],,,,,,,,,,,,,,,,,,,,,,,,,, 
  [ 11069494669 ],,, [ 11102635741 ],,,,,,,,, [ 82842185161, 1379786394326341 ],, 
  [ 2094295361 ], [ 1356795031 ],,, [ 18388717957 ],,,,,,,,,,,, [ 5738224993 ],, 
  [ 2333737831, 58430052001 ],,,,,,, [ 3763652611 ], [ 550487618059 ],, [ 3051072001 ],, 
  [ 1627403483 ],,,,,,,,,,,,,,,,,,,, [ 1915616597 ],, [ 104957351173 ], [ 2086758151 ],,, 
  [ 2715933964433 ],,,,,,,,,,,,,,, [ 1439652947 ],,,,,,,,,,,,, [ 4773310081 ],, 
  [ 66496990211 ],,,,,,,,,,,,, [ 4880980747 ],, [ 9118183933 ], [ 13176778777 ],,,,,,,,,,,, 
  [ 19824057917 ],, [ 1220066753 ],,,,,,,,,,,,,,, [ 165370330679 ],,,,,,,,,,,, 
  [ 3165693931 ],,,,, [ 1427566681, 12756882781 ],,,,,,,,, [ 4941415117 ],,, [ 1422865729 ],,
  ,,,,,,,,,,,,,,,,,, [ 18869608213 ],,,, [ 80591944249 ],,,,,,,,, [ 24374204731 ],,,,,,,,,, 
  [ 5552574751 ], [ 100437098921 ], [ 29055903241, 551971995979 ],,,,,,,,,, [ 2555902847 ],,,
  ,,,,,, [ 62426859841, 5058745624769 ],,,,,, [ 28222461881 ],,, [ 9434678881 ],,,,,,,,,,,,,
  , [ 28078390099 ],,,,,,, [ 4692424421 ],, [ 6254292097 ], [ 128302291573 ],,, 
  [ 236777648069 ],,,,,,,,,,, [ 20383182331, 132565597543 ],,,,,,,,, [ 43492110736489 ],,,, 
  [ 2580689597 ],,,,,, [ 2051771473 ], [ 4910617889 ],, [ 5411147591 ],,,,, 
  [ 2468072071, 32437706761 ], [ 3180889559 ],,,,, [ 18990176593 ],,,,,,,,,,,,,,,, 
  [ 83201106689 ],, [ 1460608423 ],,,, [ 107341856803 ],,,,,,,,,,,,,,, [ 71692129811 ],,,,,,,
  ,, [ 3042113352253, 14158341799429 ],, [ 1419170497 ],,,,,,,,,,,,, [ 9627221011 ],,,,,, 
  [ 9361052888167 ],,,,, [ 8460127351369 ],,,,,,,,,,, [ 13977931412501629 ],,,,,, 
  [ 254571127361 ],,,,,,,,,,,,,,,,,,,,,,,,,,,,,,,,,,,,,,,, [ 2465790091 ],,, 
  [ 1443095492005477 ],,,,,,,,,,,,,,,, [ 8595714349 ],,,,,,,,,,,,,,,,,,,, [ 551036906857 ],,,
  , [ 2629800001 ],, [ 20856544801 ],,,,,,,,,,,,,,, [ 13928144011 ],,,,,,,,,,,,,,,,,,, 
  [ 3696566977 ],,,,,,,,,,, [ 1310986321 ],,,,,,,,,, [ 332548117051 ], [ 8477903639 ],,,,,,,
  , [ 873183806057 ], [ 5273222761 ],,, [ 5568033313 ],,,,,,,,,,,,,,,,,,,,,, 
  [ 1966954995001 ],,,,, [ 80512549801 ], [ 1117527247 ],,,,,, [ 1084375297 ],, 
  [ 1337644907 ],,,,,,,,,,,,,,,,,,,,,,,,,,,,,,,,,,,,,,, [ 13059373390519 ], [ 1741112839 ],,,
  ,,,,,,,,,, [ 3393555271 ],, [ 137301809419 ],,, [ 1350687361 ],,,,,,,,,,,,,,,, 
  [ 12887948977 ],,,,,,,,,,,,,,,,,,,,,,,,,,,,,,,,,,,,,,,,,, [ 13682661581 ],,,,, 
  [ 21376561201 ],,, [ 5626492741 ],, [ 153733619621 ],,,,,,,,,,,, [ 2661462833 ],,,, 
  [ 24744000961 ],,,,,,,, [ 3657504941 ],,,,,,,, [ 3782732353 ],,,,,,,,,,,,,,,,,,,,,,, 
  [ 9053555881 ],,,,,,,,,,, [ 57624838147 ],,,,,, [ 67365274291453 ],,,, [ 29836335390577 ],,
  ,,,,,,,,,,,,,,,, [ 1041132709, 2175613117 ],,, [ 126855713953 ],,,,,,,,,,,,, 
  [ 1268682901 ],,,, [ 2121525611 ],,,,,,,,,,,, [ 22061608059859 ], [ 1358564617 ],,,,, 
  [ 1563177881 ], [ 3154478653, 356020929109 ],,,,,,,,,,,,,,,,, [ 250314113501 ],, 
  [ 79783162889 ],,,,,,,,,,, [ 1968471451 ],,,,,,, [ 2300189401 ],,,,,,,, [ 17189930827 ],,, 
  [ 1318826269 ],,,,,,,,,,,, [ 4602552151 ],,,,,, [ 394095533599 ],,, 
  [ 1799777269, 2411508217 ],,,,,,,, [ 1154706991 ],, [ 1061560033, 1706122904929 ],, 
  [ 3363869251 ],,,, [ 27530181449 ],,,,,,,,,,,,,,,,,,,,,,, [ 34573531123 ],,,,,,,,,,,, 
  [ 3222493903 ],,,,,,,,,,,,,,, [ 107254681777 ],,,,,,,,,,,, [ 3715136281 ],, [ 1195214831 ],
  ,,,,,,,,,,,,,,,,,, [ 20854164589 ],,,,,,,,,,,,, [ 1044197897 ],,,, [ 190161486511 ],,,,,,,,
  ,,,,, [ 18747527761 ],,,,,,,,,,,,,,,,,,,,,,,,,,,,,,,,,,, [ 3770796583 ],, [ 1628067533 ],, 
  [ 2180265301 ],,,,,,,,,,,,,,,,,,,,,,,,,, [ 32485985639521 ],,,,,,, [ 320494016431 ],,,,,,,,
  , [ 1403472097 ],, [ 246733018111 ],,,,,,,,,,,, [ 18055582397 ],,,,,,,,,,,,,,,, 
  [ 31969571419, 2578823077639 ],,,,,,,,,,,, [ 9045278528413 ],, [ 1298652540257 ],,,,,, 
  [ 1453390621, 1997650547 ],,,,,,,,,,,,,,,,,, [ 1583239981 ],,,,,,,,,,,, [ 17777978321 ],,,,
  ,,,,,,,, [ 4253734717 ], [ 34390237171 ],,,,,,, [ 1970821277, 88737588557 ],,,,,,,,,,,,,,,,
  ,,,, [ 9818874649 ],, [ 815182101611 ],,,,,,,,,,,,,, [ 18640238497 ],,,,,,,,,,, 
  [ 3631557931 ],,,,,,,,,,,,,,,,,,,,,,,,,,, [ 9193782931 ],,,, [ 141365332321 ],,,,, 
  [ 1837782601 ],,,,,,,,,,, [ 4816648537 ],,,,,,,,,,,,,,,,,,,,,,,,,,,,,,,,,,,, 
  [ 29589132809 ],,,, [ 6951310021 ],, [ 4889990953 ],,,,,, [ 8303146723 ],,,,,,,,,,,,,,,,,, 
  [ 43741862669 ],,,,,,,,,,,, [ 2849785969 ],,,,,, [ 15067947721 ],,,,,,,,,,,,,, 
  [ 1241227629041, 1586071999429 ],,,,,,,,,, [ 3078291097859 ],, [ 45242745521 ],,,,,, 
  [ 7773398771 ],,,,,, [ 2466030529 ],,,,,,,,,, [ 8223533863 ],,,,,,,,,,,,,,,, 
  [ 1300609927, 46414222291 ],,, [ 1060941937771 ],,,,,,, [ 92411886209 ],,,,,,,,,,, 
  [ 4192719481 ],,,,,,,,,,, [ 56414361067 ],,,,,,,, [ 3760322627 ],,,,,, [ 1394061881 ],,,, 
  [ 3983261033 ],,,,,,,,,,,,,, [ 4415112629 ],,,,,,,,,,,,,,,,,,,,,, [ 6684501221 ],,,,,,,,,,,
  ,,,,,,,,, [ 1342184321 ],,,,,, [ 3314635879, 94102706699 ],, [ 24306888649 ],,,,,,,,,,,, 
  [ 1207967518621 ],,,,,,,,,,,,,,,,,,,,,,,,,,,,,,,,,, [ 1054648687 ],,,,,,,,,, 
  [ 1350451073 ], [ 4366126801 ], [ 1245007508743 ],,,, [ 20269851071 ],,,,,, 
  [ 5311433302193 ],,,,,,,,,,,,,,,,,,,,,,,,,,,,,,,,,,,,,,,,,,,,,,,,,,,,,,,,,,,,,, 
  [ 27542038483 ],,,, [ 1174950319 ],,,,,,,,,,,, [ 2317052167 ],,,,,,,,,,,,,, 
  [ 10860828361 ],,,,,,,,,,,,,,,,,, [ 2564353853 ],,,,,,,,,,,,,,,,,,,,,, [ 241528773137 ],, 
  [ 10328061251 ],,,,,,,,,,,,,,,,,,,,,,,,,,,,,,,,,,, [ 1254883141 ],,,,,,,,,,,,,,, 
  [ 1086621475501 ],,,,,,,,,,,,,,,, [ 10771528601 ],,,,,,,,,,,,,, [ 1453521691 ],,,,,,,,,,,,,
  , [ 1290442913 ], [ 103003762441 ],,,,,,,,,,,,,,,,,,,,,,,,,,,,,,,,,,,,,,,,,,,,,,,,,,, 
  [ 1720040041, 7079698933 ],, [ 2837642617 ],,,,,, [ 28627214501 ],,,,,,,, [ 5355198829 ],,,
  ,,,,,,,,, [ 1333124129 ],, [ 63510297241, 1433904959533 ],, [ 8708943697 ],,,,,,,,,, 
  [ 12858993253 ],,,,,,,,,, [ 47610559817 ],,,,,,,,,,,, [ 248231472001 ],,,,,,,,,,,,,,,,,,,, 
  [ 5684562601 ],,,,,,,,,,,,,,,,,,,, [ 1694091001 ],,,,,, [ 1835433073 ],,,,,,,,,,,,,,,, 
  [ 6139405999 ],,,,,, [ 87771612601 ],,,,,,,,,,,,,,,,,,,,,,,,,,,, [ 3192797273 ],,,,,,,,,,,,
  ,,,,,,,,,,,,,,,,,,,,,, [ 7027112671 ],,,,,,,,,,,,,,,,,, [ 1065774337 ],,,,,,,, 
  [ 17794216673 ],,,, [ 39442260241 ],,,,,,,,,,,,,,,, [ 1643461093 ],,,,,, [ 9407460817 ],,,,
  ,,,,,,,, [ 25382638891 ],,,, [ 18571007561 ],,,,,,,,,,,,,,,,,,,,,,,,,, [ 739335373009 ],,,,
  ,,,, [ 91893902153 ],,,, [ 3359848801 ],,,, [ 6840643409101 ],,,,,,,,,,,,,,,,,,,,,,,,,,,,,,
  ,,,,,,,,,,,,,,,,,,,,,,,,,,,,,,,,,,,,,,,,,, [ 635578258177 ],,,,,,,,,,,,,,,,,,,, 
  [ 9165521857 ],,,, [ 6439504033 ],,,, [ 1226092801 ],,,,,,,,,, [ 203840772151 ],,,,,,,,,,,
  , [ 7320257491, 47924493709 ],,,,,,,,,,,,,,,,,,,,,,,, [ 1828015339 ],,,,,,,,,,,,,, 
  [ 2182691041 ],,,, [ 1269432193, 14476916497 ],,,,,,,,,,,,,,,,,,,,,,,,,,,,,, 
  [ 2560960076288461 ],,,,,,,,,,,, [ 8182366921 ],,,,,,,,,,,,,,,,,,,,,,,,,,,,,, 
  [ 2165965057 ],,,, [ 14191757861 ],,,,,,,,,,,,,,,,,,,,,,,,,, [ 704427586309 ],,,,,,,,,, 
  [ 1872525918649 ],,,,,,,,,,,,,,,,,,,, [ 14493196297 ],,,,,,,, [ 10628369753 ],,,, 
  [ 4784590081 ],,,,,,,,,,,, [ 19842860701 ],,,,,,,,,,,,,,,,,,,,,,,,,,,,,,,,,,,,,,,,,,,,,,,,,
  , [ 1001191511, 193706065961 ],,,,,,,,,,,,,,,,,,,, [ 1389356641 ],,,,,,,,,,,,,,,,,,,,,,,,,,
  ,,,,,, [ 67738610827 ],,,,,, [ 34612850689 ],,,,,,,,,,,,,,,,,,,,,, [ 7112411101 ],,,,,,,,,,
  ,,,,,,,,,,,,,,,,,,,, [ 1186447021 ],,,,,,,,,,,,,,,,,,,,,,,,,,,,,,,,,,,,,,,,,,,,,,,,,,,,,,,,
  ,,,,,, [ 12956853883 ],,,,,,,,,,,, [ 1834975663, 10387838347 ],, [ 134287631521 ],,,, 
  [ 4363394461 ],,,,,,,,,,,,,,,,,,,, [ 191735594081 ],,,,,,,,,,,,,,,, [ 13917966001 ],,,,,,,,
  ,,,,,,,,,,,,,,,,,,,,,,,,,,,,,,,,,,,, [ 2074849841, 3783972221 ],,,, [ 749940184417 ],,,,,,,
  ,,,,,,,,,,,,,,,,,,,,,,,,,,,,,,,,,,,,,,,,,,,,,,,,,,,,,,,,,,,,,,,,,,,,,,,,,,,,, 
  [ 294280704397 ],,,,,,,,,,,,,,,,,,,,,,,,,,,,,,,,,,,,,,,,,,,,,,,,,,,,,,,,,,,, 
  [ 2154406057 ],,,,,,,,,,,, [ 27803485098001 ],,,,,,,,,,,, [ 60235240609 ],,,,,,,,,,,, 
  [ 1708750993 ],,,,,,,,,,,,,,,,,,,,,,,,,, [ 2023375901 ],,,,,,,,,,,,,,,, 
  [ 1606843891, 2557946257 ],,,,,,,,,,,,,,,,,,,,,,,,,,,,,,,,,,,,,,,,,,,,,,,,,,,,,, 
  [ 91977145261 ],,,,,,,,,,,,,,,,,,,,,,,,,,,,,, [ 218931290701 ],,,,,,,,,,,,,,,,,,,,,,,,,,,,,
  , [ 4778869681 ],,,,,,,,,,,,,,,,,,,,,,,,,,,,,,,,,,,,,,,,,,,,,,,,,,,,,,,,,,,,,,,,,,,,,,,,,,,
  ,,, [ 2489690113 ],,,,,, [ 1828175473 ],,,,,,,,,,,, [ 66603999337 ],,,,,, [ 5317847011 ],,,
  ,,,,,,,,,,,,,,,,,,,,,,,,,,,,,,,,,,,,,,,,,,,,,,,,,,,,,,,,, [ 37875257029 ],,,,,,,,,,,,,,,,,,
  ,,,,,,,,,,,,,,,,,,,,,,,,,,,,,,,,,,,,,,,,,,,,,,,,,,,,,, [ 295563773233 ],,,,,,,,,,,,,,,,,,,,
  ,,,,,, [ 33514743341 ],,,,,,,,,,,,,,,,,,,,,,,,,,,,,,,,,,,,,,,,,,,,,,,,,,,,,,,,,,,,,,,,,,,,,
  ,,,,,,,,,,,,,,,,,,,,,,,,, [ 1344168613, 251641303561 ],,,,,,,,,,,, [ 18050727811 ],,,,,, 
  [ 2319322877029 ],,,,,,,,,,,,,,,,,, [ 30660693181 ],,,,,,,,,,,,,,,,,, [ 281712572257 ],,,,,
  ,,,,,,,,,,,,,,,,,,,,,,,,,,,,,,,,,,,,,,,,,,,,,,,,,,,,,,,,,,,,,,,,,,,,,,,,,,,,,,,,,,,,,,,,,,,
  ,,,,,,,,,,,,,,,,,,,,,,,,,,,,,,,,,,,, [ 9269796061 ],,,,,,,,,,,, [ 10376730241 ],,,,,,,,,,,
  , [ 3337737193496977 ],,,,,,,,,,,,,,,,,,,,,,,,,,,,,,,,,,,, [ 17910895201 ],,,,,,,,,,,, 
  [ 1652264403301 ],,,,,,,,,,,,,,,,,,,,,,,,,,,,,, [ 20830707151 ],,,,,,,,,,,,,,,,,,,,,,,,,,,,
  ,,,,,,,,,,,,,, [ 16308528589 ],,,,,,,,,,,,,,,,,,,,,,,, [ 2265740209 ],,,,,,,,,,,,,,,,,, 
  [ 57512190511 ],,,,,,,,,,,, [ 2268391987 ],,,,,,,,,,,,,,,,,,,,,,,,,,,,,,,,,,,,,,,,,, 
  [ 3345964441 ],,,,,,,,,,,,,,,,,,,,,,,,,,,,,,,,,,,,,,,,,,,,,,,,,,,,,,,,,,,,,,,,,,,,,,,,,,,,,
  ,,,,,,,,,,,,,,,,,,,,,,,,,,,,,,,,,,,,,,,,,,,,,,,,,,,,,,,,,,,,,,,,,,,,,,,,,,,,,,, 
  [ 3784920049 ],,,,,,,,,,,,,,,,,,,,,,,,,,,,,,,,,,,,,,,,,,,,,,,,,,,,,,,,,,,,,,,,,,,,,,,,,,,,,
  ,,,,,,,,,,,,,,,,,,,,,,,,,,,,,,,,,,,,,,,,,,,,,,,,,,,,,,,,,,,,, [ 3104616733 ],,,,,,,,,,,,,,,
  ,,,,,,,,,,,,,,,,,,,,,,,,,,, [ 4785378848713 ],,,,,,,,,,,,,,,,,,,,,,,,,,,,,,,,,,,,,,,,,,,,,,
  ,,,,,,,, [ 1015787804851 ],,,,,,,,,,,,,,,,,,,,,,,, [ 17843449801 ],,,,,,,,,,,,,,,,,,,,,,,,,
  ,,,,,,,,,,,,,,,,, [ 9963833689 ],,,,,,,,,,,,,,,,,,,,,,,,,,,,,,,,,,,,,,,,,,,,,,,,,,,,,,,,,,,
  ,,,,,,,,,,,,,,,,,,,,,,,,,,,,,,, [ 9009798799 ],,,,,,,,,,,,,,,,,,,,,,,,,,,,,,,,,,,,,,,,,,,,,
  ,,,,,,,,,,,,,,,,,,,,,,,,,,,,,,,,,,,,,,,,,,,,,,,,,,,,,,,,,,,,,,,,,,,,,,,,,,,,,,,,,,,,,,,,,,,
  ,,,,,,,,,,,,,,,,,,,,,,,,,,,,,,,,,,,,,,,,,,,,,,,,,,,,,,,,,,,,,,,,,,,, [ 7992021601 ],,,,,, 
  [ 55773097297 ],,,,,,,,,,,,,,,,,,,,,,,,,,,,,,,,,,,,,,,,,,,,,,,,,,,,,,,,,,,,,,,,,,,,,,,,,,,,
  ,,,,,,,,,,,,,,,,,,,,,,,,,,,,,,,,,,,,,,,,,,,,,,,,,,,,,,,,,,,,,,,,,,,,,,,,,,,,,,,,,,,,,,,,,,,
  ,,,,,,, [ 104023046431 ],,,,,,,,,,,,,,,,,,,,,,,,,,,,,,,,,,,,,,,,,,,,,,,,,,,,,,,,,,,,,,,,,,,
  ,,,,,,,,,,,,,,,,,,,,,,, [ 32273523361 ],,,,,,,,,,,,,,,,,,,,,,,,,,,,,, [ 6639640141 ],,,,,,,
  ,,,,,,,,,,,,,,,,,,,,,,,,,,,,,,,,,,, [ 7045601473 ],,,,,,,,,,,,,,,,,,,,,,,,,,,,,,,,,,,,,,,,,
  ,,,,,,, [ 15484596601 ],,,,,,,,,,,,,,,,,,,,,,,,,,,,,, [ 7026938101 ],,,,,,,,,,,,,,,,,,,,,,,
  ,,,,,,,,,,,,,,,,,,,,,,,,,,,,,,,,,,,,,,,,,,,,,,,,,,,,,,,,,,,,,,,,,,,,,,,,,,,,,,,,,,,,,,,,,,,
  ,,,,,,,,,,,,,,,,,,,,,,,,,,,,,,,,,,,,,,,,,,,,,,,,,,,,,,,,,,,,,,,,,,,,,,,,,,,,,,,,,,,,,,,,,,,
  ,,,,,,,,,,,,,,,,,,,,,,,,,,,,,,,,,,,,,,,,,,,,,,,,,,,,,,,,,,,,,,,,, [ 5054374201 ],,,,,,,,,,,
  ,,,,,,,,,,,,,,,,,,, [ 6409570861 ],,,,,,,,,,,,,,,,,,,,,,,,,,,,,,,,,,,,,,,,,,,,,,,,,,,,,,,,,
  ,,,,,,,,,,,,,,,,,,,,,,,,,,,,,,,,,,,,,,,,,,,,,,,,,,,,,,,,,,,,,,,,,,,,,,,,,,,,,,,,,,,,,,,,,,,
  ,,,,,,,,,,,,,,,,,,,,,,,,,,,,,,,,,,,,,,,,,,,,,,,,,,,,,,,,,,,,,, [ 1157522521 ],,,,,,,,,,,,,,
  ,,,,,,,,,,,,,,,,,,,,,,,,,,,,,,,,,,,,,,,,,,,,,,,,,,,,,,,,,,,,,,,,,,,,,,,,,,,,,,,,,,,,,,,,,,,
  ,,,,,,,,,,,,,,,,,,,,,,,,,,,,,,,,,,,,,,,,,,,,,,,,,,,,,,,,,,,,,,,,,,,,,,,,,,,,,,,,,,,,,,,,,,,
  ,,,,,,,,,,,,,, [ 14173387201 ],,,,,,,,,,,,,,,,,,,,,,,,,,,,,,,,,,,,,,,,,,,,,,,,,,,,,,,,,,,,,
  ,,,,,,,,,,,,,,,,,,,,,,,,,,,,,,,,,,,,,,,,,,,,,,,,,,,,,,,,,,,,,,,,,,,,,,,,,,,,,,,,,,,,,,,,,,,
  ,,,,,,,,,,,,,,,,,,,,,,,,,,,,,,,,,,,,,,,,,,,,,,,,,,,,,,,,,,,,,,,,,,,,,,,,,,,,,,,,,,,,,,,,,,,
  ,,,,,,,,,,,,,,,,,,,,,,,,,,,,,,,,,,,,,,,,,,,,,,,,,,,,,,,,,,,,,,,,,,,,,,,,,,,,,,,,,,,,,,,,,,,
  ,,,,,,,,,,,,,,,,,,,,,,,,,,,,,,,,,,,,,,,,,,,,,,,,,,,,,,,,,,,,,,,,,,,,,,,,,,,,,,,,,,,,,,,,,,,
  ,,,,,,,,,,,,,,,,,,,,,,,,,,,,,,,,,,,,,,,,,,,,,,,,,,,,,,,,,,,,,,,,,,,,,,,,,,,,,,,,,,,,,,,,,,,
  ,,,,,,,,,,,,,,,,,,,,,,,,,,,,,,,,,,,,,,,,,,,,,,,,,,,,,,,,,,,,,,,,,,,,,,,,,,,,,,,,,,,,,,,,,,,
  ,,,,,,,,,,,,,,,,,,,,,,,,,,,,,,,,,,,,,,,,,,,,,,,,,,,,,,,,,,,,,,,,,,,,,,,,,,,,,,,,,,,,,,,,,,,
  ,,,,,,,,,,,,,,,,,,,,,,,,,,,,,,,,,,,,,,,,,,,,,,,,,,,,,,,,,,,,,,,,,,,,,,,,,,,,,,,,,,,,,,,,,,,
  ,,,,,,,,,,,,,,,,,,,,,,,,,,,,,,,,,,,,,,,,,,,,,,,,,,,,,,,,,,,,,,,,,,,,,,,,,,,,,,,,,,,,,,,,,,,
  ,,,,,,,,,,,,,,,,,,,,,,,,,,,,,,,,,,,,,,,,,,,,,,,,,,,,,,,,,,,,,,,,,,,,,,,,,,,,,,,,,,,,,,,,,,,
  ,,,,,,,,,,,,,,,,,,,,,,,,,,,,,,,,,,,,,,,,,,,,,,,,,,,,,,,,,,,,,,,,,,,,,,,,,,,,,,,,,,,,,,,,,,,
  ,,,,,,,,,,,,,,,,,,,,,,,,,,,,,,,,,,,,,,,,,,,,,,,,,,,,,,,,,,,,,,,,,,,,,,,,,,,,,,,,,,,,,,,,,,,
  ,,,,,,,,,,,,,,,,,,,,,,,,,,,,,,,,,,,,,,,,,,,,,,,,,,,,,,,,,,,,,,,,,,,,,,,,,,,,,,,,,,,,,,,,,,,
  ,,,,,,,,,,,,,,,,,,,,,,,,,,,,,,,,,,,,,,,,,,,,,,,,,,,,,,,,,,,,,,,,,,,,,,,,,,,,,,,,,,,,,,,,,,,
  ,,,,,,,,,,,,,,,,,,,,,,,,,,,,,,,,,,,,,,,,,,,,,,,,,,,,,,,,,,,,,,,,,,,,,,,,,,,,,,,,,,,,,,,,,,,
  ,,,,,,,,,,,,,,,,,,,,,,,,,,,,,,,,,,,,,,,,,,,,,,,,,,,,,,,,,,,,,,,,,,,,,,,,,,,,,,,,,,,,,,,,,,,
  ,,,,,,,,,,,,,,,,,,,,,,,,,,,,,,,,,,,,,,,,,,,,,,,,,,,,,,,,,,,,,,,,,,,,,,,,,,,,,,,,,,,,,,,,,,,
  ,,,,,,,,,,,,,,,,,,,,,,,,,,,,,,,,,,,,,,,,,,,,,,,,,,,,,,,,,,,,,,,,,,,,,,,,,,,,,,,,,,,,,,,,,,,
  ,,,,,,,,,,,,,,,,,,,,,,,,,,,,,,,,,,,,,,,,,,,,,,,,,,,,,,,,,,,,,,,,,,,,,,,,,,,,,,,,,,,,,,,,,,,
  ,,,,,,,,,,,,,,,,,,,,,,,,,,,,,,,,,,,,,,,,,,,,,,,,,,,,,,,,,,,,,,,,,,,,,,,,,,,,,,,,,,,,,,,,,,,
  ,,,,,,,,,,,,,,,,,,,,,,,,,,,,,,,,,,,,,,,,,,,,,,,,,,,,,,,,,,,,,,,,,,,,,,,,,,,,,,,,,,,,,,,,,,,
  ,,,,,,,,,,,,,,,,,,,,,,,,,,,,,,,,,,,,,,,,,,,,,,,,,,,,,,,,,,,,,,,,,,,,,,,,,,,,,,,,,,,,,,,,,,,
  ,,,,,,,,,,,,,,,,,,,,,,,,,,,,,,,,,,,,,,,,,,,,,,,,,,,,,,,,,,,,,,,,,,,,,,,,,,,,,,,,,,,,,,,,,,,
  ,,,,,,,,,,,,,,,,,,,,,,,,,,,,,,,,,,,,,,,,,,,,,,,,,,,,,,,,,,,,,,,,,,,,,,,,,,,,,,,,,,,,,,,,,,,
  ,,,,,,,,,,,,,,,,,,,,,,,,,,,,,,,,,,,,,,,,,,,,,,,,,,,,,,,,,,,,,,,,,,,,,,,,,,,,,,,,,,,,,,,,,,,
  ,,,,,,,,,,,,,,,,,,,,,,,,,,,,,,,,,,,,,,,,,,,,,,,,,,,,,,,,,,,,,,,,,,,,,,,,,,,,,,,,,,,,,,,,,,,
  ,,,,,,,,,,,,,,,,,,,,,,,,,,,,,,,,,,,,,,,,,,,,,,,,,,,,,,,,,,,,,,,,,,,,,,,,,,,,,,,,,,,,,,,,,,,
  ,,,,,,,,,,,,,,,,,,,,,,,,,,,,,,,,,,,,,,,,,,,,,,,,,,,,,,,,,,,,,,,,,,,,,,,,,,,,,,,,,,,,,,,,,,,
  ,,,,,,,,,,,,,,,,,,,,,,,,,,,,,,,,,,,,,,,,,,,,,,,,,,,,,,,,,,,,,,,,,,,,,,,,,,,,,,,,,,,,,,,,,,,
  ,,,,,,,,,,,,,,,,,,,,,,,,,,,,,,,,,,,,,,,,,,,,,,,,,,,,,,,,,,,,,,,,,,,,,,,,,,,,,,,,,,,,,,,,,,,
  ,,,,,,,,,,,,,,,,,,,,,,,,,,,,,,,,,,,,,,,,,,,,,,,,,,,,,,,,,,,,,,,,,,,,,,,,,,,,,,,,,,,,,,,,,,,
  ,,,,,,,,,,,,,,,,,,,,,,,,,,,,,,,,,,,,,,,,,,,,,,,,,,,,,,,,,,,,,,,,,,,,,,,,,,,,,,,,,,,,,,,,,,,
  ,,,,,,,,,,,,,,,,,,,,,,,,,,,,,,,,,,,,,,,,,,,,,,,,,,,,,,,,,,,,,,,,,,,,,,,,,,,,,,,,,,,,,,,,,,,
  ,,,,,,,,,,,,,,,,,,,,,,,,,,,,,,,,,,,,,,,,,,,,,,,,,,,,,,,,,,,,,,,,,,,,,,,,,,,,,,,,,,,,,,,,,,,
  ,,,,,,,,,,,,,,,,,,,,,,,,,,,,,,,,,,,,,,,,,,,,,,,,,,,,,,,,,,,,,,,,,,,,,,,,,,,,,,,,,,,,,,,,,,,
  ,,,,,,,,,,,,,,,,,,,,,,,,,,,,,,,,,,,,,,,,,,,,,,,,,,,,,,,,,,,,,,,,,,,,,,,,,,,,,,,,,,,,,,,,,,,
  ,,,,,,,,,,,,,,,,,,,,,,,,,,,,,,,,,,,,,,,,,,,,,,,,,,,,,,,,,,,,,,,,,,,,,,,,,,,,,,,,,,,,,,,,,,,
  ,,,,,,,,,,,,,,,,,,,,,,,,,,,,,,,,,,,,,,,,,,,,,,,,,,,,,,,,,,,,,,,,,,,,,,,,,,,,,,,,,,,,,,,,,,,
  ,,,,,,,,,,,,,,,,,,,,,,,,,,,,,,,,,,,,,,,,,,,,,,,,,,,,,,,,,,,,,,,,,,,,,,,,,,,,,,,,,,,,,,,,,,,
  ,,,,,,,,,,,,,,,,,,,,,,,,,,,,,,,,,,,,,,,,,,,,,,,,,,,,,,,,,,,,,,,,,,,,,,,,,,,,,,,,,,,,,,,,,,,
  ,,,,,,,,,,,,,,,,,,,,,,,,,,,,,,,,,,,,,,,,,,,,,,,,,,,,,,,,,,,,,,,,,,,,,,,,,,,,,,,,,,,,,,,,,,,
  ,,,,,,,,,,,,,,,,,,,,,,,,,,,,,,,,,,,,,,,,,,,,,,,,,,,,,,,,,,,,,,,,,,,,,,,,,,,,,,,,,,,,,,,,,,,
  ,,,,,,,,,,,,,,,,,,,,,,,,,,,,,,,,,,,,,,,,,,,,,,,,,,,,,,,,,,,,,,,,,,,,,,,,,,,,,,,,,,,,,,,,,,,
  ,,,,,,,,,,,,,,,,,,,,,,,,,,,,,,,,,,,,,,,,,,,,,,,,,,,,,,,,,,,,,,,,,,,,,,,,,,,,,,,,,,,,,,,,,,,
  ,,,,,,,,,,,,,,,,,,,,,,,,,,,,,,,,,,,,,,,,,,,,,,,,,,,,,,,,,,,,,,,,,,,,,,,,,,,,,,,,,,,,,,,,,,,
  ,,,,,,,,,,,,,,,,,,,,,,,,,,,,,,,,,,,,,,,,,,,,,,,,,,,,,,,,,,,,,,,,,,,,,,,,,,,,,,,,,,,,,,,,,,,
  ,,,,,,,,,,,,,,,,,,,,,,,,,,,,,,,,,,,,,,,,,,,,,,,,,,,,,,,,,,,,,,,,,,,,,,,,,,,,,,,,,,,,,,,,,,,
  ,,,,,,,,,,,,,,,,,,,,,,,,,,,,,,,,,,,,,,,,,,,,,,,,,,,,,,,,,,,,,,,,,,,,,,,,,,,,,,,,,,,,,,,,,,,
  ,,,,,,,,,,,,,,,,,,,,,,,,,,,,,,,,,,,,,,,,,,,,,,,,,,,,,,,,,,,,,,,,,,,,,,,,,,,,,,,,,,,,,,,,,,,
  ,,,,,,,,,,,,,,,,,,,,,,,,,,,,,,,,,,,,,,,,,,,,,,,,,,,,,,,,,,,,,,,,,,,,,,,,,,,,,,,,,,,,,,,,,,,
  ,,,,,,,,,,,,,,,,,,,,,,,,,,,,,,,,,,,,,,,,,,,,,,,,,,,,,,,,,,,,,,,,,,,,,,,,,,,,,,,,,,,,,,,,,,,
  ,,,,,,,,,,,,,,,,,,,,,,,,,,,,,,,,,,,,,,,,,,,,,,,,,,,,,,,,,,,,,,,,,,,,,,,,,,,,,,,,,,,,,,,,,,,
  ,,,,,,,,,,,,,,,,,,,,,,,,,,,,,,,,,,,,,,,,,,,,,,,,,,,,,,,,,,,,,,,,,,,,,,,,,,,,,,,,,,,,,,,,,,,
  ,,,,,,,,,,,,,,,,,,,,,,,,,,,,,,,,,,,,,,,,,,,,,,,,,,,,,,,,,,,,,,,,,,,,,,,,,,,,,,,,,,,,,,,,,,,
  ,,,,,,,,,,,,,,,,,,,,,,,,,,,,,,,,,,,,,,,,,,,,,,,,,,,,,,,,,,,,,,,,,,,,,,,,,,,,,,,,,,,,,,,,,,,
  ,,,,,,,,,,,,,,,,,,,,,,,,,,,,,,,,,,,,,,,,,,,,,,,,,,,,,,,,,,,,,,,,,,,,,,,,,,,,,,,,,,,,,,,,,,,
  ,,,,,,,,,,,,,,,,,,,,,,,,,,,,,,,,,,,,,,,,,,,,,,,,,,,,,,,,,,,,,,,,,,,,,,,,,,,,,,,,,,,,,,,,,,,
  ,,,,,,,,,,,,,,,,,,,,,,,,,,,,,,,,,,,,,,,,,,,,,,,,,,,,,,,,,,,,,,,,,,,,,,,,,,,,,,,,,,,,,,,,,,,
  ,,,,,,,,,,,,,,,,,,,,,,,,,,,,,,,,,,,,,,,,,,,,,,,,,,,,,,,,,,,,,,,,,,,,,,,,,,,,,,,,,,,,,,,,,,,
  ,,,,,,,,,,,,,,,,,,,,,,,,,,,,,,,,,,,,,,,,,,,,,,,,,,,,,,,,,,,,,,,,,,,,,,,,,,,,,,,,,,,,,,,,,,,
  ,,,,,,,,,,,,,,,,,,,,,,,,,,,,,,,,,,,,,,,,,,,,,,,,,,,,,,,,,,,,,,,,,,,,,,,,,,,,,,,,,,,,,,,,,,,
  ,,,,,,,,,,,,,,,,,,,,,,,,,,,,,,,,,,,,,,,,,,,,,,,,,,,,,,,,,,,,,,,,,,,,,,,,,,,,,,,,,,,,,,,,,,,
  ,,,,,,,,,,,,,,,,,,,,,,,,,,,,,,,,,,,,,,,,,,,,,,,,,,,,,,,,,,,,,,,,,,,,,,,,,,,,,,,,,,,,,,,,,,,
  ,,,,,,,,,,,,,,,,,,,,,,,,,,,,,,,,,,,,,,,,,,,,,,,,,,,,,,,,,,,,,,,,,,,,,,,,,,,,,,,,,,,,,,,,,,,
  ,,,,,,,,,,,,,,,,,,,,,,,,,,,,,,,,,,,,,,,,,,,,,,,,,,,,,,,,,,,,,,,,,,,,,,,,,,,,,,,,,,,,,,,,,,,
  ,,,,,,,,,,,,,,,,,,,,,,,,,,,,,,,,,,,,,,,,,,,,,,,,,,,,,,,,,,,,,,,,,,,,,,,,,,,,,,,,,,,,,,,,,,,
  ,,,,,,,,,,,,,,,,,,,,,,,,,,,,,,,,,,,,,,,,,,,,,,,,,,,,,,,,,,,,,,,,,,,,,,,,,,,,,,,,,,,,,,,,,,,
  ,,,,,,,,,,,,,,,,,,,,,,,,,,,,,,,,,,,,,,,,,,,,,,,,,,,,,,,,,,,,,,,,,,,,,,,,,,,,,,,,,,,,,,,,,,,
  ,,,,,,,,,,,,,,,,,,,,,,,,,,,,,,,,,,,,,,,,,,,,,,,,,,,,,,,,,,,,,,,,,,,,,,,,,,,,,,,,,,,,,,,,,,,
  ,,,,,,,,,,,,,,,,,,,,,,,,,,,,,,,,,,,,,,,,,,,,,,,,,,,,,,,,,,,,,,,,,,,,,,,,,,,,,,,,,,,,,,,,,,,
  ,,,,,,,,,,,,,,,,,,,,,,,,,,,,,,,,,,,,,,,,,,,,,,,,,,,,,,,,,,,,,,,,,,,,,,,,,,,,,,,,,,,,,,,,,,,
  ,,,,,,,,,,,,,,,,,,,,,,,,,,,,,,,,,,,,,,,,,,,,,,,,,,,,,,,,,,,,,,,,,,,,,,,,,,,,,,,,,,,,,,,,,,,
  ,,,,,,,,,,,,,,,,,,,,,,,,,,,,,,,,,,,,,,,,,,,,,,,,,,,,,,,,,,,,,,,,,,,,,,,,,,,,,,,,,,,,,,,,,,,
  ,,,,,,,,,,,,,,,,,,,,,,,,,,,,,,,,,,,,,,,,,,,,,,,,,,,,,,,,,,,,,,,,,,,,,,,,,,,,,,,,,,,,,,,,,,,
  ,,,,,,,,,,,,,,,,,,,,,,,,,,,,,,,,,,,,,,,,,,,,,,,,,,,,,,,,,,,,,,,,,,,,,,,,,,,,,,,,,,,,,,,,,,,
  ,,,,,,,,,,,,,,,,,,,,,,,,,,,,,,,,,,,,,,,,,,,,,,,,,,,,,,,,,,,,,,,,,,,,,,,,,,,,,,,,,,,,,,,,,,,
  ,,,,,,,,,,,,,,,,,,,,,,,,,,,,,,,,,,,,,,,,,,,,,,,,,,,,,,,,,,,,,,,,,,,,,,,,,,,,,,,,,,,,,,,,,,,
  ,,,,,,,,,,,,,,,,,,,,,,,,,,,,,,,,,,,,,,,,,,,,,,,,,,,,,,,,,,,,,,,,,,,,,,,,,,,,,,,,,,,,,,,,,,,
  ,,,,,,,,,,,,,,,,,,,,,,,,,,,,,,,,,,,,,,,,,,,,,,,,,,,,,,,,,,,,,,,,,,,,,,,,,,,,,,,,,,,,,,,,,,,
  ,,,,,,,,,,,,,,,,,,,,,,,,,,,,,,,,,,,,,,,,,,,,,,,,,,,,,,,,,,,,,,,,,,,,,,,,,,,,,,,,,,,,,,,,,,,
  ,,,,,,,,,,,,,,,,,,,,,,,,,,,,,,,,,,,,,,,,,,,,,,,,,,,,,,,,,,,,,,,,,,,,,,,,,,,,,,,,,,,,,,,,,,,
  ,,,,,,,,,,,,,,,,,,,,,,,,,,,,,,,,,,,,,,,,,,,,,,,,,,,,,,,,,,,,,,,,,,,,,,,,,,,,,,,,,,,,,,,,,,,
  ,,,,,,,,,,,,,,,,,,,,,,,,,,,,,,,,,,,,,,,,,,,,,,,,,,,,,,,,,,,,,,,,,,,,,,,,,,,,,,,,,,,,,,,,,,,
  ,,,,,,,,,,,,,,,,,,,,,,,,,,,,,,,,,,,,,,,,,,,,,,,,,,,,,,,,,,,,,,,,,,,,,,,,,,,,,,,,,,,,,,,,,,,
  ,,,,,,,,,,,,,,,,,,,,,,,,,,,,,,,,,,,,,,,,,,,,,,,,,,,,,,,,,,,,,,,,,,,,,,,,,,,,,,,,,,,,,,,,,,,
  ,,,,,,,,,,,,,,,,,,,,,,,,,,,,,,,,,,,,,,,,,,,,,,,,,,,,,,,,,,,,,,,,,,,,,,,,,,,,,,,,,,,,,,,,,,,
  ,,,,,,,,,,,,,,,,,,,,,,,,,,,,,,,,,,,,,,,,,,,,,,,,,,,,,,,,,,,,,,,,,,,,,,,,,,,,,,,,,,,,,,,,,,,
  ,,,,,,,,,,,,,,,,,,,,,,,,,,,,,,,,,,,,,,,,,,,,,,,,,,,,,,,,,,,,,,,,,,,,,,,,,,,,,,,,,,,,,,,,,,,
  ,,,,,,,,,,,,,,,,,,,,,,,,,,,,,,,,,,,,,,,,,,,,,,,,,,,,,,,,,,,,,,,,,,,,,,,,,,,,,,,,,,,,,,,,,,,
  ,,,,,,,,,,,,,,,,,,,,,,,,,,,,,,,,,,,,,,,,,,,,,,,,,,,,,,,,,,,,,,,,,,,,,,,,,,,,,,,,,,,,,,,,,,,
  ,,,,,,,,,,,,,,,,,,,,,,,,,,,,,,,,,,,,,,,,,,,,,,,,,,,,,,,,,,,,,,,,,,,,,,,,,,,,,,,,,,,,,,,,,,,
  ,,,,,,,,,,,,,,,,,,,,,,,,,,,,,,,,,,,,,,,,,,,,,,,,,,,,,,,,,,,,,,,,,,,,,,,,,,,,,,,,,,,,,,,,,,,
  ,,,,,,,,,,,,,,,,,,,,,,,,,,,,,,,,,,,,,,,,,,,,,,,,,,,,,,,,,,,,,,,,,,,,,,,,,,,,,,,,,,,,,,,,,,,
  ,,,,,,,,,,,,,,,,,,,,,,,,,,,,,,,,,,,,,,,,,,,,,,,,,,,,,,,,,,,,,,,,,,,,,,,,,,,,,,,,,,,,,,,,,,,
  ,,,,,,,,,,,,,,,,,,,,,,,,,,,,,,,,,,,,,,,,,,,,,,,,,,,,,,,,,,,,,,,,,,,,,,,,,,,,,,,,,,,,,,,,,,,
  ,,,,,,,,,,,,,,,,,,,,,,,,,,,,,,,,,,,,,,,,,,,,,,,,,,,,,,,,,,,,,,,,,,,,,,,,,,,,,,,,,,,,,,,,,,,
  ,,,,,,,,,,,,,,,,,,,,,,,,,,,,,,,,,,,,,,,,,,,,,,,,,,,,,,,,,,,,,,,,,,,,,,,,,,,,,,,,,,,,,,,,,,,
  ,,,,,,,,,,,,,,,,,,,,,,,,,,,,,,,,,,,,,,,,,,,,,,,,,,,,,,,,,,,,,,,,,,,,,,,,,,,,,,,,,,,,,,,,,,,
  ,,,,,,,,,,,,,,,,,,,,,,,,,,,,,,,,,,,,,,,,,,,,,,,,,,,,,,, [ 16326082561 ] ]);
