BRENTFACTORS[2168]:=MakeImmutable([ ,,,,,,,,,,,,,,,,,, [ 10481519750789, 1483539009398503 ],,
  , [ 124802889619 ],,, [ 961415974160401, 954921505573336368267901 ],, 
  [ 448750101727, 514905486108499 ], [ 3700303349, 168795632377 ], 
  [ 263369229287899084329401546058274967833 ], [ 337242024871 ], [ 3927353483 ], 
  [ 1199547521 ],, [ 160828253093 ], [ 16077508827101 ],, 
  [ 118806038982954269233597, 91505987643184466526591811447011373693 ], 
  [ 85611651721992186387049 ], [ 2647670143, 6504216908723601843549988579 ], 
  [ 5482776521, 449037668561 ], 
  [ 23779591621968109050320556157, 25595090055978478583623817809053070520823324313 ], 
  [ 579091735867 ], [ 10492337473701661, 14462901112311317 ], 
  [ 25720672517, 1124531297630951849 ], [ 32269273847353468530901 ], [ 309084567607601 ],, 
  [ 2096513792681137 ], 
  [ 159415833053, 24316089114482594207563, 27844690988754736295854872640081, 
      796457796675518232432327275047511 ], [ 379106729051 ], 
  [ 1804489549, 6644443303, 6103655967041419 ], [ 505247107808130122189758589 ], 
  [ 1109106727, 56127696558789617, 18185387408950821715181, 7223908402339832662443918211 ],, 
  [ 159958858010491, 139256728293170481189432159991 ], [ 199029130691038822908337998409 ],, 
  [ 38114593519889, 6696494012996219, 7918345534138043 ], 
  [ 52205844071431, 238494400449684462728525879366378629 ],, [ 55246516197767 ], 
  [ 52629013316826827378845915175183757769817 ], 
  [ 46431249972975744092443309882892448485053 ], [ 5587937369356642003174872781889 ], 
  [ 55644399422041, 2398570217147131 ], [ 74578991703547, 2054228567743797378401953 ], 
  [ 64768135185471127, 18661501089280728661 ], 
  [ 1737105816769, 20607250827035287317869, 365258498570139678233053 ], 
  [ 18479089746044747647 ], [ 2746391564198728266981024901 ], 
  [ 1029205712505127, 53734849148536453098503 ], [ 1297766616323708230510734793 ], 
  [ 49603238727306877 ], 
  [ 9424332383, 26394519727, 13422444664271, 35507202318641, 279028105549266871271 ], 
  [ 8487718801, 300534472527379688711897628833163913524468331051 ], 
  [ 2910282220589, 3530019385912743793 ], [ 1625572411 ], 
  [ 32869341649, 85068360705731121577 ], [ 6843294421, 204448844444504293 ], 
  [ 59074835284357301281 ], [ 328055750076601, 530341983045046483661315971 ],, 
  [ 16593258907 ], [ 64202529133, 2258839593741713007679436638967413 ], 
  [ 513438785679735731, 13764817273720531351, 2445538115917432407700478851 ], 
  [ 10157892237721 ], [ 78722198488479627330427 ], 
  [ 5590311761, 86959558912777, 828235431880157140371606843749509561371460504910623009 ], 
  [ 1079016831129528034141, 18595610140075937220777529 ], 
  [ 4006814109064418781361, 599096383818743561858011 ], 
  [ 4081983999347654306453, 70739644805096010604589, 52426197944251427687903890237679 ], 
  [ 806224657604284623721 ], [ 102358582189 ], 
  [ 215791125323487671, 191922285739781100196362255043 ],, 
  [ 19525672993, 6597530803512644405089, 2503084899527958355232929 ], 
  [ 13862543677159, 68608631833153 ], 
  [ 1916937901428161389, 685537727715236258355142823417103700605143 ], 
  [ 8378437788499953102787, 251444560886088073580471869 ], 
  [ 2312062772486828201, 28822160811813721770632701 ], [ 1727987993 ], 
  [ 929929680687460354870560032390967421 ],,,,,, 
  [ 1087018099812793, 30562511718475419465700670643539193060980532253 ], [ 394940433353 ],,,
  , [ 516942834455802071 ], 
  [ 75530484769, 11331800894677, 1057669813414062427, 9941076923176816717110673 ], 
  [ 39499963198699441 ], [ 5830258253, 64951421910854821 ], 
  [ 93864109392379, 144670552327465867, 277388226466536905061290677 ], [ 35174165347 ], 
  [ 1719037582482520370779803487 ], [ 12559677150001, 35531358019561 ],,,,,, 
  [ 5986240629701851, 974151009784780002515004714712894737673808806159 ], [ 6242043397 ], 
  [ 204656955070849, 126386625342571376135658003841 ], [ 49629414464384299 ],, 
  [ 9341206858851512914541, 45938558247180616444249 ], 
  [ 166234409353, 14554941597530420461, 215676995405846547813988962574082556373 ],,, 
  [ 20213726694881491 ],, [ 1009232659751 ], 
  [ 128602760146665993369231046081, 3991281092555417864564469179251026019 ],, 
  [ 41013166321, 18293533013674297261, 14612997377798915624036841061 ], 
  [ 8971065277289399965783 ],,, 
  [ 552636561313, 770791674817, 1811039338436887729, 4945706995189761314929 ], 
  [ 1495441841, 2170710218791, 8008810390951, 138432186028214290441 ], [ 423923019480661 ],, 
  [ 323192282450789 ], [ 967401121723, 922380879222624429929 ], 
  [ 11630876046301, 1963998386095951 ], [ 425755634307291683 ],, 
  [ 5400353270145212371, 10425969709055391241 ], 
  [ 1469153403257, 111049239713629114652073551, 50700712871805852295407473116381 ], 
  [ 1424505341116301, 183156599890961261, 63434884989753759397241 ], 
  [ 1518846276637, 287959504638651222983332658257 ],, [ 506753563070063 ],, 
  [ 17802858113117198641534241 ], [ 5276641049, 53554275743869111 ], 
  [ 131370184921234918374271 ], [ 255218722543 ],, [ 682887041520977701 ], 
  [ 2335892478377910329, 69019587247169000909 ], [ 33991766626913, 21481478939645797903 ], 
  [ 1143471337, 2640111269763241, 4997029137700684357561, 2713572266068632172355276034280561 
     ],, [ 2055983231 ],, [ 2357221190261902159861 ],, 
  [ 1016158386151, 125582002215123808231 ],,, [ 4983228680046289 ],,, 
  [ 1108189881687601, 914241720709776252842821, 26718727426208121068326801, 
      648429245303415767056023593581 ], [ 1583719293713 ], [ 35166083102891568926827 ],,, 
  [ 441172528408561 ], [ 254447301571, 828852968124914849803, 371776358026986150430768021 ], 
  [ 1125616047883273, 2381899223659363 ], [ 11271914472877, 17620657355101 ],, 
  [ 21506132474611 ], [ 5202739153 ], [ 1276180152637270553473, 497105041247173462446660673 ]
    , [ 33007665377807, 201290923723159 ], 
  [ 4413650928872333, 13137601771181593, 731725328506456179635429 ], 
  [ 1523220093700556839381 ],,, [ 546722880297251131 ], [ 6508173081448439 ], 
  [ 302122280047662601 ], [ 12504527983, 4840544658133, 239783113841533 ],,, 
  [ 47457239509, 307415203897, 128279386129809530257 ],, 
  [ 10961069274901, 2199148864860374193340967 ], [ 935502063591814363, 17704621811282350303 ]
    , [ 73014314881, 4640074487476521809, 6111515886174864049 ],, [ 47006563381 ],, 
  [ 15587592176069, 1288760950109156168581 ], [ 21834755043414493 ],,, 
  [ 1395018538993, 1585483133894281 ], [ 2895805471259 ], [ 31214370767 ], 
  [ 2193730009, 380114384629126297 ],, [ 4676943060323 ],, [ 3620865130657249 ],, 
  [ 11811422910482551 ], [ 262462477931503 ],, [ 302401269726830538097 ], [ 9180798932329 ],
  , [ 3127297589310059551 ],, [ 1789651442627039 ], [ 203131135351 ], 
  [ 24872661791, 3369639911401, 156691998284233862741 ],, [ 163139535793241300383 ],,,,, 
  [ 2326148543731, 1062008668767881033 ],, [ 13743857194110663844729 ],, 
  [ 288325298625361581823, 3402273693113588898643 ], 
  [ 321276285383, 137684291924713, 242342457850207682059 ], 
  [ 111686679701897, 924987013007382097 ], [ 201869695904203 ],,,, [ 115987275020563 ],, 
  [ 6319603290547741 ], [ 9716981210369 ], [ 65660198579, 105030559258562816789 ],, 
  [ 257112369854780959 ], [ 2952128397401 ], [ 4851664016199643, 94437058519317679003 ], 
  [ 81514260486035393612775037, 2071699029269663544321220513133 ], 
  [ 3534981949, 6087840893, 6037313309383 ], [ 22338174739917961, 35043102966673606791361 ], 
  [ 275665807451, 6401450025881 ], [ 7896154003546124605741384703 ],, [ 3805701037 ], 
  [ 89726840154708671 ],, [ 1349795454996649, 4405029021730896523 ], 
  [ 202579844209, 397120745688248139617 ],, [ 68903216137309 ], 
  [ 1782128701, 378337768051, 141756195754801, 421682253567851, 1098728554920151 ], 
  [ 36276230017 ], [ 24726395167609 ],,,,, [ 24389896309, 6118381079608687 ], 
  [ 18951529123 ], [ 1794555194407993, 455376850952852849, 6167542604097197255509 ],,,, 
  [ 450683821829089 ],, [ 65410976971, 95055691921 ], [ 191172609469 ], 
  [ 117975871879370833 ], [ 32859639286934051 ],,, 
  [ 29085493097, 23977789684598297, 420095582137418537809 ], [ 45670759201 ],, 
  [ 12779458537, 5158293137687 ],,, [ 14818812885152407 ], [ 74169668509066111 ], 
  [ 62280482657334833 ],, [ 554802870206407999609, 70893704786716806950175553 ],,, 
  [ 17958475676959, 2688447777341617 ], [ 1335068124281526102311 ], [ 1060703836349 ], 
  [ 722128012670796090682441, 22534557484639118666904001 ],, [ 301209215954368499 ], 
  [ 40254659921701, 10685905075574191 ],,, [ 132091585555817729087461 ], [ 165838870693 ],,,,
  , [ 10541191683335111101 ],, [ 1034319109, 241687318551823, 56817234347410483 ], 
  [ 28432956201010657 ], [ 43275733537 ],,,,,,,, [ 2291840648132140369153 ], 
  [ 6487900411, 1282595697151 ], [ 1012856147942809, 9497664181164251 ],, 
  [ 7611559442151601, 204838559020094749361 ], [ 109838186216177 ], [ 87818957021413 ], 
  [ 1188346139, 1017454683240283 ],,, [ 29742635526973937 ], [ 1966476761, 11042678161 ],,,, 
  [ 42275907132583461799177 ], [ 485991190081, 36937263729697 ],, [ 3736466401151930655151 ],
  ,,, [ 511414903753728563 ], [ 263845067767859 ], [ 82604990783967481 ], 
  [ 4272761544127582997 ],, [ 35679006905587 ], [ 4891224286313, 50703569797609 ], 
  [ 32285974343221 ], [ 13480471177093, 26525966998272306411171889 ],, [ 113208299612129 ],,,
  ,,,, [ 236981412342001 ], [ 379588482155757257 ],,,,, [ 6261920167, 72032586187 ], 
  [ 1255593795206701, 513429147230424137, 70180345374047677829 ],, [ 7585147292929 ],, 
  [ 8529753889 ],,, [ 1660330579 ], [ 665920099261, 1222747599695701 ], [ 9234259619603201 ],
  [ 1133054833 ], [ 5836508239, 56978177521 ], [ 4370082127 ],,,,,, [ 227377304832768401 ], 
  [ 10054766231 ], [ 172716766597 ],,,,,,, [ 25517521453, 26645791307 ], [ 391639448275661 ],
  ,, [ 13384803013, 34771288567 ],, [ 12433243961 ], [ 118699400321633 ],, [ 46319754163 ],, 
  [ 19809490188504661 ],, [ 31622580551 ],, [ 1155977799217, 10262663498233 ], 
  [ 334522912097051 ], [ 84468903025695499 ],, [ 617939276369, 71481800112337093 ], 
  [ 1227960264103, 6903061660639, 7143147465169 ], [ 5360515451 ],,, 
  [ 3192217159, 15509490173 ], [ 147847265903 ], [ 2269829043121766941 ],,,,, 
  [ 7431370393921, 73492665389441 ],, [ 2340071427711473 ], [ 16290239957443 ],,, 
  [ 1085593120679 ],, [ 609240569281, 135036500104577, 259659529056543964993 ],, 
  [ 59218828695245208212101 ],,, [ 3410537341 ], [ 22838569427, 747132964862191 ], 
  [ 4882679621, 6496998691, 843631531471 ], 
  [ 8476219657, 16583778361, 4480558617553, 87582975528241, 198074250825421153, 
      831136137124704555407065871737 ], [ 177715241373157 ], [ 374515844049825248021249 ],, 
  [ 8172608757762914821 ],, [ 7088603677 ],,,, [ 2038400523301, 2509485816870775543 ],,,, 
  [ 336577097011 ],,,, [ 2444662792087, 99654957605043674257 ], [ 15831603073001 ],, 
  [ 13522274569 ],,, [ 62763423361, 13732047653207672641 ],, 
  [ 194545011002033, 1429021415341733 ], [ 10740208018093 ], [ 7919819414445709 ],, 
  [ 4295284746589 ], [ 106682068057 ], [ 2720366396353, 1995834432522104897 ],, 
  [ 37656551454301435111 ],, [ 1348863757, 3973730440005481 ],, [ 24190388057129321 ],, 
  [ 2459791969 ],, [ 5266079587 ],,, 
  [ 2249713447, 155975852047, 212768446581127, 337888030406401 ], [ 480020373263993 ],,,,,, 
  [ 55094438637331609 ],, [ 77235682247828930113430671 ],,,,,,,, [ 38436281755226041 ], 
  [ 33636975433 ], [ 20611776121 ], [ 1866069869 ],,,, [ 18744310201 ],, [ 41429867851 ],,, 
  [ 256572898308545431 ], [ 1010116371259 ], [ 100007595290569 ],, [ 5458433321899 ],,, 
  [ 115084634078203 ],,,,,,,,, [ 1076061169, 61946570869 ],, [ 1882822237 ],, 
  [ 42896060351 ], [ 5259885357931 ],,,, [ 610525468951 ],,,, [ 1797844621 ], 
  [ 1735830298721 ],, [ 2039191711 ],, [ 39560714041 ],, [ 2896811650259765237 ],, 
  [ 10583572969, 22741101513572921, 6364109987017242721 ],, [ 400217204581156561 ],, 
  [ 2653988885549, 21340413948569, 444643480711413413 ],,,,,,,, [ 775566777386014321 ],,,, 
  [ 152236418617 ],, [ 65335058529427 ],, [ 260008091617, 2724744702457 ],, [ 372706902851 ],
  , [ 530512373926657 ],, [ 68526050869, 350750725579, 156265621383763 ], [ 1972757011 ],,,,
  , [ 192293216754425401, 52039867848274840201 ],, [ 80081829420839 ],, [ 12909267553772857 ]
   ,,, [ 4092015233 ], [ 3978941174670401 ], [ 150350567977 ],,, [ 23786848415911542373 ],, 
  [ 6728200077349, 8971197751799 ],, [ 44279387153, 8546837857097 ],, 
  [ 3113908598137, 511998892480783 ],,,,,,,, [ 1185780469, 24676921879, 27665520373 ], 
  [ 43729798993 ], [ 1004874538882396177, 253044909709339667921 ],,,,,, [ 46946377495021 ],, 
  [ 988700018809 ],,,,,, 
  [ 201298836139, 39940757107243, 28918770807894631, 87705391659399020836655413 ],,,,,,,,,,,
  , [ 25656884283757 ],, [ 81889771977513553 ],, [ 7957174919, 59496279067 ],,,,,,,,,, 
  [ 39812814092797 ],,,,,,, [ 12588104701 ],,, [ 16762055689, 1533005477629, 1773718587259 ],
  ,,, [ 202342777781, 174027981986431 ],,,, [ 316869752649493 ],,,, [ 2660194951 ],,, 
  [ 30755298421 ], [ 406935544193341, 410422502936267, 416585119581623 ],, 
  [ 232856131273, 75332936111223409 ],,,,,, [ 266669251061617 ], [ 11954392679 ],,, 
  [ 51074388863 ],,,, [ 27185228597731 ],, [ 30980400889 ], [ 16499806978807 ], 
  [ 264805078413583, 840280900043383, 1707638801697067 ],,,,,,,,,, [ 44923380860609 ],, 
  [ 2826533887313458411 ],, [ 334950954521 ],,, [ 639560541883 ],,,,, 
  [ 449873063201, 2511296349217, 37132686120161 ],,, [ 1377939401 ],, [ 1827841430299 ], 
  [ 20457744000779 ], [ 123512943809 ], [ 347617262977, 173919405173329 ],,,,,,,,,,, 
  [ 1384645841, 5001985231 ], [ 66812014837, 5848593098197501 ],,,, [ 48337260308761 ], 
  [ 1164288907 ], [ 275491255489591 ],, [ 327245470753 ],,,,,,, [ 68027112553 ],,,,, 
  [ 4297224392801 ],,, [ 1263648619 ], [ 3290909701 ],, [ 76077573087599 ],,,, 
  [ 2450924824063, 132691093419433 ], [ 86859343699 ],,,,,,, [ 3859044853 ],, 
  [ 217379565973 ], [ 213630537199 ], [ 232425807181, 36571983204309589, 250380144995992243 ]
   ,, [ 10793812801 ],,,,,,,,,, 
  [ 7371174961, 5700638160901, 612903622402081, 4110971485153411 ],,,, [ 5234842423273 ],,,,
  , [ 1813306951 ], [ 30253830597591121, 45300362201865941 ], [ 1521835157 ], 
  [ 580125506203 ],,,, [ 12810719797, 10665782999419591 ],, 
  [ 1689346873, 3690985469761, 16134975507061 ],,,, [ 1165548508249217 ],, 
  [ 2976264943, 1273132877983 ],, [ 294419149786477 ],,,, [ 3500649134247599041 ],,, 
  [ 7593088147 ],,,,,,, [ 44785515701 ],,, [ 150519177271 ],,, [ 11352200953 ],, 
  [ 22428935101 ],,,, [ 286714411717117 ],,,,, [ 6844980607 ], [ 54677146423901 ],, 
  [ 15426686881, 454021925914201, 9610392247393291 ],,,,,,,, [ 1058596699 ],, 
  [ 1453096772161, 175216332221921, 3418730434563841 ],, [ 31202052395599 ],, 
  [ 2709448101361 ],, [ 2589503341 ], [ 1928706184831 ], [ 992724208297 ],,,, 
  [ 55704700673, 26214853183121 ],,,,,,,,,,,, [ 19848857362289 ],,,,,, [ 3068591891 ],, 
  [ 64919892218641 ], [ 9494853061 ],,, [ 1221079089634361 ],, [ 28700546452597 ],,,, 
  [ 17496845633 ],, [ 212471122249, 6492585002708113 ],, [ 18010826863, 3442243019184239 ],, 
  [ 2023347169 ],,,,,, [ 33940784811757 ],,,,, [ 11965601881 ],,,,,,,,,,,,, 
  [ 161355660481, 44734026276538201 ],, [ 1973377863271 ],, 
  [ 11351419436069, 927384164349121 ],,, [ 2280812717 ],,, [ 4235556131 ], [ 692828780311 ],
  , [ 34650619771 ],,,,, [ 2902954022547431 ],,,,,,,, [ 809774103047827 ],,,, 
  [ 2517439594057, 24106165762457 ],, [ 764124944161 ],, [ 111952023517, 1127833770083 ],, 
  [ 7095399668657 ],,,,,, [ 38744623037 ], [ 7354677821 ],,,, [ 13742076169 ],,, 
  [ 242828783191 ],,,,, [ 12138494813 ],,,,,,,,,,,,,,,, [ 9610137703 ],,, 
  [ 4494969930521701 ],,,,,, [ 1076398559521 ],,,, [ 15816908297 ],,,,,,,,,,,,,,,,,,,,, 
  [ 33095604389 ],,, [ 64501165361 ],,,,,,,,, [ 32962508101 ],,,,,,,,,, [ 5102172349 ],,,,, 
  [ 418885743893, 990098336317, 51480954489373 ],, [ 381010760869, 12840585009859 ],,,,,,,, 
  [ 28028347829 ],,,,,,,, [ 2982446189, 5311809709 ],,, [ 1164066671 ], 
  [ 1317027013, 1493951621 ], [ 2262231991 ],,,,,,,,, [ 10982842813 ],,,,, [ 2319416293631 ],
  ,,,,,, [ 1306218253969 ],,,,,,,,,,,, [ 845226180304141 ],,,,,,,,,,,,,, [ 130388207393 ],, 
  [ 13555605113, 661886430097 ],, [ 6691138231 ],,,,,,,, [ 535173903991 ],, [ 109011051841 ],
  , [ 98889969401731 ],,,,,, [ 647792057137 ],,,,,,, [ 7539566581 ],,,,,,,, [ 10905231907 ],,
  , [ 348846249373 ],,,,,,,,,,,,,,,,,, [ 701077482817, 1081914319547821, 726006846665233477 ]
   ,,,,, [ 14000886443 ],,,,,,, [ 194446338913 ],, [ 1596703169, 10231659013 ],,,,,,,, 
  [ 57554191901 ], [ 76203061741 ],,,,,,,,,,,,, [ 2033592289, 9835471777 ],,,,,,,,, 
  [ 2330058163 ],,, [ 491951665801 ],,,,,, [ 1808525311, 43087230103 ],,,, [ 9164396201 ],,, 
  [ 2940184451 ],,,,,,,, [ 102507836131 ],, [ 1119622781 ],,, [ 18025644667 ],,,,,, 
  [ 1087295849461 ],,,,,, [ 2957748707 ],,,, [ 395281837063 ],,,,,,,, [ 18888228451 ], 
  [ 8884104247, 79051947049 ],,,, [ 10902749161 ],,,, [ 2256624341 ],,, [ 11342191541 ], 
  [ 3814501033729 ],,, [ 3471620491 ],,, [ 4515995161 ],,,,, [ 45603134173 ],,,,,,,,,,,,,,,, 
  [ 75757724551 ],,,,,,, [ 171717407153 ],,,,,,,,,,,,,,,,,,,,,,, [ 11081877667681 ],,, 
  [ 67129988236141 ],,, [ 1517527243 ],,,,,, [ 62975150449 ],, [ 7665566969 ],,,,,, 
  [ 99846297601 ],,,,,,,,,,, [ 7931369279 ],,,,,, [ 7596194087 ],,,,, [ 46053590203 ],,,, 
  [ 19338067283 ],,,, [ 1174430401 ],,,,,, [ 336502928977 ],,, [ 16985106991 ],,,, 
  [ 181735512349 ],,,,,,,,,,,,, [ 4137807857 ],,, [ 1137351779, 595915016317 ],,,,,, 
  [ 9868506631 ],,,,, [ 4680890131 ],,,,,,,,,,,,,,,,,,,,, [ 25431241501 ],,,,,,,,, 
  [ 874097466001 ], [ 15291440503 ],,,,, [ 63294759859 ],,, [ 226675790083 ], [ 1408993081 ],
  ,,,,,,, [ 6462106267 ],,,, [ 17193820921 ],,,,,,,,,,, [ 3884891809 ],,,,,,,,,, 
  [ 1053358751503 ],,,,,, [ 1030329743 ], [ 5848291401851 ],, [ 33545199601 ],, 
  [ 4451300911 ],,,,,,, [ 79374152593 ],,,,,,,,,,, [ 1367445073 ],,,,,, [ 10323962431 ],,,,, 
  [ 11975509127969 ], [ 2530628497 ],, [ 18775984709 ],,,,,,,,,,,,,,,,,, [ 1652551477 ],,, 
  [ 7360763867 ], [ 2535114913 ],,, [ 106297807501 ],,,,,, [ 237316304611 ], [ 22477773761 ],
  , [ 7478096581 ], [ 3004526743 ],,,,,,,,,,,,,,,,,,,,,,,,, [ 3532220533 ], [ 3689237179 ], 
  [ 145863637873 ],,, [ 1681015181 ],,, [ 1521856979 ],,,,,, [ 1678953232601 ],, 
  [ 116763687013 ],,, [ 28283218471, 1870230727171 ],,, [ 3038115217, 13454443887817 ],,,, 
  [ 2046763753 ],, [ 1034202223 ],, [ 2869915361 ],,,,,,,,,,,,, [ 954026066167 ], 
  [ 96879369991 ],,,, [ 88007158933 ],, [ 77766148673 ],,,,,,,,,,,,, [ 15325351543 ],,,,, 
  [ 1943958811 ], [ 7163747081 ],,,,,,,,,,,,, [ 289003178933569 ],,,,,,,,,,,,,, 
  [ 7347098391517 ],,,,,,, [ 36951948529 ],,,,,,,, [ 71613555973 ],,,,, [ 9180280777 ],, 
  [ 6511416157, 6512051943937 ],,,, [ 2692973401 ],,,,,,,, [ 29034127921, 719605755697 ],,,,
  , [ 3020697109, 439336403221 ],,,,,, [ 2495109473, 6666953897 ],,,,,,,, [ 2569915861 ],,,,,
  ,,,,,,,,, [ 68802344623 ],,,,,,,, [ 1316808973 ],,,,,,,,,,,,, [ 13420839361 ],,,, 
  [ 2376775969 ],,, [ 1789065323 ],, [ 3596815507, 348631889677 ],,, [ 136180063891 ],, 
  [ 5097277001 ],,, [ 78881177311 ],,,, [ 11300106967 ],,,,,,,, [ 1374618961 ],,,,,,,,,,,,,,,
  ,, [ 3258602621 ],,,,,,,, [ 67968858877 ],,, [ 27674625007 ],,,,, [ 64412587537 ],,,,,,,,,,
  ,,,,,,,,,,, [ 100007439053 ], [ 11259851461 ],,,,,,, [ 404708077331 ],,,,,,,,,,,,,,,,,,,,, 
  [ 31346373529, 28688217216481 ],,,,,,,,, [ 122941289501, 1047611554831 ], 
  [ 128260616417, 361725442730017 ],,,,,,,,, [ 15739448797 ], [ 7747871293 ],,,,, 
  [ 8879824801, 289231452707 ],,,,,,,,,, [ 236132808829 ],,,,,,,,, [ 1183271019859 ], 
  [ 1105477285651 ],,, [ 82504797031 ],,,,,, [ 2271459977, 8023924570841 ],,, 
  [ 2374256279, 5074817323 ],,,,,,,,,,,,,, [ 75929836621 ],,,,,,,,,,,,,, [ 13431895231 ],,,,,
  ,,,,,,,,,,, [ 2865695671 ],,,,,,,, [ 745308511352917 ],,,, [ 2828991091 ],, [ 2095313683 ],
  ,,,,,, [ 1084792255153 ],,,, [ 169544487817 ],,,,,,, [ 7874479751 ],,,, [ 1939944007 ],,,,,
  ,,,,,,,, [ 131937555181 ],,,,, [ 2606822641 ],,,,,,,,,,,,,,,,, [ 15224442071077 ],,,,,,,,,,
  ,,,,,,,,,,, [ 14464206541 ],,,,,,,,,,,,,,,,,,,,,,, [ 150550377511 ],,,,,,, [ 95307006481 ],
  ,,,,, [ 1369710955003 ], [ 1426272037 ],,,,,,,,,,,, [ 2052693553, 2602690273 ],,,,,,,,,,,,,
  ,,,,,,,,,,,,,,,,,,,,,,,,,, [ 32346806311 ],, [ 2994449501 ],,,,,,,,,, [ 17864161422181 ],,
  , [ 30301409953 ],,,,,,,,, [ 1666141513 ],,,,,, [ 2991006199 ],,,,,,, [ 12765221281 ],,,,,,
  ,,,,,,,,,,,,,, [ 1030333459201 ],,, [ 422998911019 ],,,,,,, [ 4412410931 ],,,,,,,, 
  [ 1533671413 ],,,, [ 1952643877 ],,,,,,,,,,,,,,,,,, [ 271092747041 ],, [ 21541103443 ],,, 
  [ 1191348601, 2237561401 ], [ 3843901081 ],, [ 8524104697 ],,,,,,,,,,,,,,,,,,,,,,,,,, 
  [ 1116459829 ],,,,,,,,,,,,,,,,,, [ 2015996009 ],, [ 132499774747 ],, [ 102360472633 ],,,,,,
  ,,,,,,,,,,,,,,,,,,,,,,,,,,, [ 1171332889 ],,,,,,, [ 101833987663697 ],,,, [ 3350990941 ],, 
  [ 26716253677 ],,, [ 6447265051 ],,,,,,,,,,,,,,,,,,,,,,,,,,,,,,,,,,,,,, [ 7187511823 ],,,,,
  , [ 1357441387 ], [ 34561931951 ],,,,,,,,,,,,,,,,,,,,,,,, [ 3974231399, 1009952333081 ], 
  [ 23984359456391 ],,,,,,,,,,, [ 63380982659 ],,,,,, [ 1008613217 ],,,,,,,,,,,,, 
  [ 11857117201, 308548389551 ],,,,,,,,,,,,,,, [ 786950171081 ],,,,, 
  [ 3154629301, 5611979501 ], [ 798214949053 ],, [ 2171217049 ],,,,,, [ 15585427441 ],,,,,,,,
  ,,,, [ 11328153559 ],,,,,,,,, [ 1019715451 ],,,,, [ 1380106501 ],, [ 3495088153 ],,,,,,,,,,
  ,,,,,,,,,,,,,,,,,,,,,,,,,,,,,, [ 3401465539 ],,,,,,,,,,,,, [ 19195411111 ],,,, 
  [ 56101719857 ],,,,,,,,, [ 25350757753 ], [ 6932464789 ],,,,,,,,,,,,,,,,, [ 25175904451 ],,
  ,, [ 3234109591 ],,,,,, [ 22518687181, 23607313417 ],,,,,,,,,, [ 3779220803 ],,,, 
  [ 3110506181 ],, [ 39565801909 ],,,,,,,,,, [ 3928448609 ], [ 2841112489 ],,,,, 
  [ 30275147537 ],, [ 399408106151 ],, [ 5470673521 ],,, [ 25682526211 ],,,,,, 
  [ 480289984627 ],,,,,, [ 3816428848039 ],,,,,,,,, [ 15125841937 ],, [ 23218231787 ],,,,,,, 
  [ 50065747561 ],,,,,,, [ 3242601793 ],,, [ 195120858341 ],,,,,,,,,,, [ 14050920421 ],,,,,,,
  ,,,,,,, [ 3492714161 ], [ 328717670689 ], [ 1816284341, 8837120371 ],,,,, 
  [ 1729634497, 55676612473 ],,,,,,,,, [ 352033967269 ],, [ 13283493809 ],,,, 
  [ 824553965929 ],, [ 58673624293 ], [ 547457100961 ],,,,,,,,, [ 585931713151 ],,,,,,,,,,,,,
  ,,,,,,,,,,, [ 1268784661 ],,,,,,,,, [ 2174543257693 ],,, [ 180406422151 ],,, 
  [ 12785633911 ],,,,,,,,,,,,,,,,,,,,,,,,, [ 1619551331 ],, [ 55387278721 ],,,,,,,,,,,, 
  [ 177701305657 ],,,,,, [ 42671824147 ],,,,,,,,,,,, [ 15272346391 ],,,,,,,,,,,,,,, 
  [ 14422455451 ],,,,,, [ 1577975659501 ],,,,,,,,, [ 25647560401 ],,,,,,,,, [ 1237465279 ],,,
  ,,,,,,,,,,,,,,,,,,,,,,,,,,,,,, [ 2957392772624683 ],, [ 1052215097 ],,,,,,,,,,,,,,,,,,,,,,,
  ,, [ 1219186621 ],,,,,, [ 16445022031 ],,,,,,,,,,,,, [ 19871852573 ],,,, [ 2362777129793 ],
  ,,,,, [ 119779459927 ],, [ 1412588692321 ],,,,, [ 265104679141 ],,, [ 6284137801 ],,,,,, 
  [ 21725291719 ],, [ 7676045521 ],, [ 4853931615149 ],, [ 83517204241 ],, [ 43070349209 ],, 
  [ 2617385233 ],,,,,,,,,,,,,,,,, [ 1008781021, 149846530081 ],,,,,,,,,,,,, [ 3922786687 ],,,
  ,, [ 1774450213 ],,, [ 5714920069 ],,,,,,,,,,,,,,,,,,,, [ 21957659767 ],,,,,,,,,,,,,,,, 
  [ 55153145959 ],,,,,,,,,,,,,,,,,,,,, [ 2900884429, 272827331947 ],,,,,,, [ 397835577173 ],,
  ,,,,,,,,,,,,,,,,, [ 327523085891 ],,,,,,,,,, [ 2381693581 ],,,,,, [ 2728794883 ],,,,,,,,, 
  [ 7840996381 ],,,, [ 95284580579 ],,,,, [ 4030561893289 ],,,,,,, [ 2376049007 ],,,, 
  [ 9636898801 ],,,,,,,,,,,, [ 1020711281 ], [ 1558922170447 ],,, [ 11629986283 ],,,,,,,, 
  [ 45756013619 ], [ 2672556811 ],,, [ 1025885557, 12931731793 ],,,,,,,,,,,,,,,,,,,,,,,,,,, 
  [ 1443652425991 ],,,,,,,,,,,,,,,,, [ 1816185853 ],,,,,,,,,,,,, [ 25475065591 ],,,,, 
  [ 8896324884281 ],,,,,, [ 93729317519 ],,,,,,,,,,,, [ 105349339547 ],,,,,,,,,,,,,,,,,, 
  [ 1208562721 ],,,,,,,,,,,,,,,,,,, [ 22366617751 ],,, [ 8851488253 ],,,,,,,,,,,,,,,,,,,,,,,,
  ,,,, [ 8133231679 ],,,, [ 288216483816361 ],,,,,, [ 19134297001 ],,,,,, [ 21609618599 ],, 
  [ 101669872897 ],,,,,,,,,,,,,,,,,,,,,,,,,,,,,,,,,, [ 76404841969 ],,,,,,,,,,,,,,,,,,,,,,,,,
  ,,,,,,,,,,,,,,,,,,,,,,,,,,,,,,,,,,,,,,,,, [ 1692329106877 ],, [ 19067646325813 ],,,,,, 
  [ 1435026877, 34144024133 ],,,,,,,,,,,,,,,,,,,,,,,,,, [ 1082589103 ],,,,,,,,,,,,,,,, 
  [ 4659012791 ],, [ 142742673481 ],,,,,,,, [ 5858922497 ], [ 1415386681 ],,,,,,,,,,,,, 
  [ 2552921323 ],,,,,,,,,,,,,,,,,,,,,,,,,, [ 2269997497 ],,,,,,,,,,,,,,,,,,,,,,,,,,,,,,,,,,,,
  ,, [ 2856180563 ],,,,,,,,,,,,, [ 3523553251 ],,,,,,,,, [ 1331552329 ],,,,,,,,,,,,,,,,,,,,,,
  ,,,, [ 63565318391 ],,,,,,,,,,,,,,,,,,,,,, [ 9628619713, 148586374213 ],,,,,,,,,,,,,,,,,,,,
  ,,,,,,,, [ 6749200001 ],,,,, [ 2188940881 ],,,,,,, [ 139692410197 ],,,,,, [ 12674702639 ],,
  ,,,,,,,,,,,,,,, [ 128400713101 ],,, [ 3165803911 ],,,,,, [ 11530380481, 25839670453 ],,,, 
  [ 3052633697 ],, [ 4585159741 ],,,,,, [ 39306578257 ],,,,,,,,,,,,,,,,,,,,,,,,,,,,,,,,,,,,,,
  ,,,,,,,,,,,,,,,,,,,,,,,,,,,, [ 1026288223, 7640063269 ],,,,,,,,,,,,,,,, [ 127779133519 ],,,
  ,,,,,,,,,,,,,,,,,,, [ 29034718721 ],,,,,,,,,,,,,,,, [ 7590564193 ],, [ 40879980263 ],,,,,,,
  , [ 2924629458437 ],, [ 3228757309 ],,,,,,,,,,,,,,,, [ 4574000141 ],,,,,,,,,,,,,,,, 
  [ 1375101941 ],, [ 5531368327 ],,,, [ 1250515823 ],,,,,,,,,,,,,,,,,, [ 22341487169 ],,,,,,,
  ,,,,, [ 1911354961 ],,,,,,,,,,,,,, [ 5096616071 ],,,,,,,,,,,,,,,,,,,, [ 4910527801 ],,,,,,,
  ,,, [ 4292966861 ],,,,,, [ 12779604707 ],,,,,,,,,,,,,,,,,,,,,, [ 1347776809 ],,,,,,,, 
  [ 1182253057 ],,,, [ 4971250001 ],,,,,,,,,,,,,,,,,,,,,,,,,,,,,,,,,,,,,,,,,,,,,,,,,, 
  [ 2296103701 ],,,, [ 3953141639 ],,,,,, [ 4282501229761 ],,,,,,,,,, [ 796211693521 ],,,,,,,
  ,,, [ 1517281481 ],,,,,,,,,,,,,,,,,,,,,,,,,,,,,,,,,,,,,, [ 94966038679 ],,,,,, 
  [ 11283757057 ],,,,,, [ 35147065771 ],,,,,, [ 205776611329 ],,,,,,,,,,,,,, [ 6220023751 ],,
  ,,,,,,,,,,,,,,,,,,,, [ 187687603009 ],,,,,,,,,,,,,,,,,,,,,,,,,,,,,,,,,,,,,,,,,,,, 
  [ 216414865993 ],,,,,,,, [ 146197583549 ],,,,,,,,,,,,,, [ 15946553071 ],,,,,,,,,,,,,,,, 
  [ 49799606473 ],,,,,,,,,,,,,,,,,,,,,,,, [ 1425275413 ],,,,,,,,,,,,,,,,,,,,,,,,,,,,,,,,,,,,,
  ,,,,,,,,,,,,,,,,,,,,,,,,, [ 28029755521 ],,,,,, [ 28824431689 ],,,,,, [ 3710581729 ],,,,,,,
  ,,,,, [ 68279790529 ],, [ 7457215151 ],,,,,,,,,,,,,,,,,,,,,, [ 59748236857 ],,,,,,,,,,,,,,,
  ,,,,,,,,,,,,,,, [ 1928661913 ],,,,,,,,,,,, [ 1025134471 ],, [ 730297746553 ],,,, 
  [ 1181709649 ],,,,,,,,,,,,,,,,,,,,,,,,,,,,,,,,,,,,,,,,,,,,,,,,,,,,,, [ 18813634291 ],, 
  [ 10857026321 ],,,,,, [ 2602293277 ],,,,,,,,,,,,,,,,,,,,,,,,,,,,,,,,,, [ 44336017129 ],,,,,
  ,,,,,,,,,,,,, [ 41031651151, 602170675501 ],,,,,,,,,, [ 1539785161 ],, [ 31962131209 ],,,,,
  ,,,,,,,,,,,,,,,,,,,,,,,,,,,,,,,,, [ 1863183401 ],,,,,,,,,,,,,,,, [ 1326917341 ],,,,,,,,,,,,
  ,,,, [ 342741665618353 ],,,,,,,,,,,,,,,,,,,, [ 2200765249 ],,,,,,,, [ 2372303081 ],,,,,,,,,
  ,,,,,,,,,,,,,,,,,,,,,,,,,,,,,,,,,,,,, [ 204073587919 ],,,,,,,,,,,,,, [ 73232106061 ],,,,,,,
  ,,,,,,,,,,,,,,,,,,,,,,, [ 179699454901 ],,,,,,,,,, [ 3285656461, 3717627841 ],,,,,,,,,,,,,,
  ,,,,,, [ 610430259841 ],,,,,,,,,,,,,,,,,,,,,,,,,,,,,,,,,,,,,,,,,,,,,,,, [ 13064132929 ],,,,
  ,,,,,,,,,,,,,,,,,,,,,,,,,,,,,,,,,,,,,, [ 339735930101 ],,,,,,,,,,,,,,,,,,,,,, 
  [ 2989613953, 70793419009 ],,,,,,,,,,,,,,,,,,,,,,,,,,,,,,,,,,,,,,,,,, [ 2535600631 ],,,,,,,
  ,,,,,,,,,,,,, [ 368721008797 ],,,,,,,,,, [ 79298563537 ],,,,,,,,,,,,,,,,,,,,,,,, 
  [ 23799104737 ],,,,,,,, [ 2962065289 ],,,,,,,,,,,,,, [ 1258654321 ],,,,,,,,,, 
  [ 93727820801 ],,,,,,,,,, [ 1888973731 ],,,,,,,,,,,,,,,,,,,,,,,,,,,,,,,,,,,,,,,,,,,,,,,, 
  [ 1557586651189 ],,,,,,,,,,,,,,,,,,,,,,,,,,,,,,,,,,,,,,,,,,,,,,,,,,,,,,,,,,,,,,,,,,,,,,,,,,
  ,,,,,,,,,,,,,,,,,,,,,,,,,,,,,,,,,,,,,,,,,,,,,,,,,,,,,,,,,,,,,,,,,,,,,,,,,,,,,,,,,,,,,,,,,,,
  ,,, [ 1319269843 ],,,,,,,,,,,,,,,,,,,,,,,,,,,,,,,,,,,, [ 11104750567, 71167633759 ],,,,,,,,
  ,,,,,,,,,, [ 87532353001 ],,,,,, [ 3839006029, 2829123358531 ],,,,,,,,,,,,,,,,,, 
  [ 2435771953 ],,,,,, [ 6432405151 ],,,,,,,,,,,,,,,,,,,,,,,,,,,,,, [ 11488593481 ],,,,,,,,,,
  ,,,,,,,,,,,,,,,,,,,,,,,,,,,,,,,,,,,,,, [ 5691559609 ],,,,,,,,,,,, [ 3693614161 ],,,,,,,,,,,
  ,,,,,,,,,,,,, [ 8091068833 ],,,,,,,,,,,, [ 8072262397 ],,,,,,,,,,,,,,,,,,,,,,,,,,,,,,,,,,,,
  ,,,,,,,,,,,,,,,,,,,,,,,, [ 517472454097 ],,,,,,,,,,,,,,,,,,,,,,,,,,,,,,,,,,,,,,,,,, 
  [ 21570768547 ],,,,,,,,,,,, [ 2004174901 ],,,,,,,,,,,,,,,,,,,,,,,,,,,,,,,,,,,,,,,,,,,,,,,, 
  [ 4781959437427 ],, [ 131234429041 ],,,,,,,,,,,,,,,,,,,,,,,,,,,,,,,,,,,,,,,,,,,,,,,,,,,,,,,
  ,,,,,,,,,,,,,,,,,,,,,,,,,,,,,,,,, [ 17461223473 ],,,,,,,,,,,,,,,,,, [ 1003120681 ],,,,,,,,,
  ,,,,,,,,,,,,,,,,,,,,,,,,,,, [ 40976493781 ],,,,,,,,,,,,,,,,,,,,,,,,,,,,,,,,,,,,,,,,,,,,,,,,
  ,,,,,,,,,,,,,,,,,,,,,,,,,,,,,,,,,,,,,,,,,, [ 62577756673 ],,,,,,,,,,,, [ 7721054041 ],,,,,
  , [ 150768105331 ],,,,,,,,,,,,,,,,,,,,,,,,,,,,,,,,,,,, [ 21499744267 ],,,,,,,,,,,,,,,,,,,,,
  ,,,,,,,,,,,,,,,,,,,,,,,,,,, [ 4781552119 ],,,,,,,,,,,,,,,,,, [ 12244220145169 ],,,,,, 
  [ 5708590902697 ],,,,,,,,,,,, [ 1961674261 ],,,,,,,,,,,,,,,,,,,,,,,, [ 1810983906973 ],,,,,
  ,,,,,,,,,,,,,,,,,,,,,,,,,,,,,,,,,,,,,,,,,,,,,,,,,,,,,,,,,,,,, [ 2481566641, 125235734761 ],
  ,,,,,,,,,,,,,,,,,,,,,,,,,,,,,,,,,,,,,,,,,,,,,,,,,,,,,,,,,,,,,,,,,,,,,,,,,,,,,,,,,,,,,,,,, 
  [ 5188970491 ],,,,,,,,,,,,,,,,,,,,,,,,,,,,,,,,,,,,,,,,,,,,,,,,,,,,,,,,,,,,,,,,,,,,,,,,,,,,,
  ,,,,,,,,,,,,,,,,,,,,,,,,,,,,,,,,,,,,,,,,,,,,,,,,, [ 11280516469 ],,,,,,,,,,,,,,,,,,,,,,,,,,
  ,,,,,,,,,,,,,,,,,,,,,,,,,,,,,,,,,,,,,,,,,,,,,,,,,,,,,,,,,,,,,,,,,,,,,,,,,,,,,,,,,,,,,,,,,,,
  ,,,,,,,,,,,,,,,,,,,,,,,,,,,,,,,,,,,,,,,,,,,,,,,,,,,,,,,,,,,,,,,,,,,,,,,,,,,,,,,,,,,,,,,,,,,
  ,,,,,,,,,,,,,,,,,,,,,,,,,,,,,,,,,,,,,,,,,,,,,,,,,,,,,,,,,,,,,,,,,,,,,,,,,,,,,,,,,,,,,,,,,,,
  ,,,,,,,,,,,,,,,,,,,,,,,,, [ 1628336641 ],,,,,,,,,,,, [ 4458394909 ],,,,,,,,,,,,,,,,,, 
  [ 429176398232251 ],,,,,,,,,,,,,,,,,,,,,,,,,,,,,,,,,,,,,,,,,,,,,,,,,,,,,, [ 18151262137 ],,
  ,,,,,,,,,,,,,,,,,,,,,,,,,,,,,,,,,,,,,,,,,,,,,,,,,,,,,,,,,,,,,,,,,,,,,,,,,,,,,,,,,,,,,,,,,,,
  ,,,,,,,,,,,,,,,,,,,,,,,,,,,,,,,,,,,,,,,,,,,,,,,,,,,,,,,,,,,,,,,,,,,,,,,,,,, 
  [ 9413796002353 ],,,,,,,,,,,,,,,,,,,,,,,,,,,,,,,,,,,,,,,,,,,,,,,, [ 19437404221 ],,,,,,,,,,
  ,,,,,,,,,,,,,,,,,,,,,,,,,,,,,,,,,,,,,,,,,,,,,,,,,,,,,,,,,,,,,,,,,,,,,,,,,,,,,,,,,,,,,,,,,,,
  ,,,,,,,,,,,,,,,,,,,,,,,,,,,,,,,,,,,,,,,,,,,,,,,,,,,,,,,,,,,,,,,,,,,,,,,,,,,,,,,,,,,,,,,,,,,
  ,,,,,,,,,,,,,,,,,,,,,,,,,,,,,,,,,,,,,,,,,,,,,,,,,,,,,,,,,,,,,,,,,,,,,,,,,,,,,,,,,,,,,,,,,,,
  ,,,,,,,,,,,,,,,,,,,,,,,,,,,,,,,,,,,,,,,,,,,,,,,,,,,,,,,,,,,,,,,,,,,,,,,,,,,,,,,,,,,,,,,,,,,
  ,,,,,,,,,,,,,,,,,,,,,,,,,,,,,,,,,,,,,,,,,,,,,, [ 6560964796081 ],,,,,,,,,,,,,,,,,,,,,,,,,,,
  ,,, [ 143928620911 ],,,,,,,,,,,,,,,,,,,,,,,,,,,,,, [ 12689820001 ],,,,,,,,,,,,,,,,,,,,,,,,,
  ,,,,, [ 1844398201 ],,,,,,,,,,,,,,,,,,,,,,,,,,,,,, [ 10402106401 ],,,,,,,,,,,,,,,,,,,,,,,,,
  ,,,,,,,,,,,,,,,,,,,,,,,,,,,,,,,,,,,,,,,,,,,,,,,,,,,,,,,,,,,,,,,,,,,,,,,,,,,,,,,,,,,,,,,,,,,
  ,,,,,,,,,,,,,,,,,,,,,,,,,,,,,,,,,,,,,,,,,,,,,,,,,,,,,,,,,,,,,,,,,,,,,,,,,,,,,,,,,,,,,,,,,,,
  ,,,,,,,,,,,,,,,,,,,,,,,,,,,,,,,,, [ 40204600801 ],,,,,,,,,,,,,,,,,,,,,,,,,,,,,,,,,,,,,,,,,,
  ,,,,,,,,,,,, [ 56889145237 ],,,,,,,,,,,,,,,,,,,,,,,,,,,,,,,,,,,,,,,,,,,,,,,,,,,,,,,,,,,,,,,
  ,,,,,,,,,,,,,,,,,,,,,,,,,,,,,,,,,,,,,,,,,,,,,,,,,,,,,,,,,,,,,,,,,,,,,,,,,,,,,,,,,,,,,,,,,,,
  ,,,,,,,,,,,,,,,,,,,,,,,,,,,,,,,,,,,,,,,,,,,,,,,,,,,,,,,,,,,,,,,,,,,,,,,,,,,,,,,,,,,,,,,,,,,
  ,,,,,,,,,,,,,,,,,,,,,,,,,,,,,,,,,,,,,,,,,,,,,,,,,,,,,,,,,,,,,,,,,,,,,,,,,,,,,,,,,,,,,,,,,,,
  ,,,,,,,,,,,,,,,,,,,,,,,,,,,,,,,,,,,,,,,,,,,,,,,,,,,,,,,,,,,,,,,,,,,,,,,,,,,,,,,,,,,,,,,,,,,
  ,,,,,,,,,,,,,,,,,,,,,,,,,,,,,,,,,,,,,,,,,,,,,,,,,,,,,,,,,,,,,,,,,,,,,,,,,,,,,,,,,,,,,,,,,,,
  ,,,,,,,,,,,,,,,,,,,,,,,,,,,, [ 112094774401 ] ]);
