BRENTFACTORS[6348]:=MakeImmutable([ ,,,,,,,,,,,, [ 3197472071 ],,, [ 3131651729 ], 
  [ 10347351479 ],, [ 276806885209 ], [ 25087260361 ], [ 82125684695874289 ],, 
  [ 1426798769035855253442038389 ],, [ 8921135963948937963851, 371835009516309824370001 ], 
  [ 3878083749737107 ], [ 659032448821262604469 ],, 
  [ 15894367956701273076419837572128169239381015253 ],, 
  [ 504678414590703521569, 2946040692541259738675554002551 ], [ 1068028993, 7038144331937 ], 
  [ 150849088074017150866621 ], [ 74462399366358793 ], 
  [ 1313389643583431, 80120559143975548381 ], [ 10893785257 ], 
  [ 208370880035186854083129567219539869998397927099631039 ], 
  [ 29093393404974289, 7831221203770053433 ], 
  [ 4599427249, 1770786898297, 3247145627149281721106324017 ],, 
  [ 2028633304537286691858092221110942083280683582323991 ], [ 119847854239 ], 
  [ 34876648379 ], [ 31058972150077187663799205777 ], [ 55957585616574222241 ],, 
  [ 3666965898005689720768391 ], [ 30013617201409, 20920024933372417 ],, 
  [ 80714328497701, 4730161002557101 ], [ 2967428084238229, 1887920388442931435913578779441 ]
    , [ 695304089412033363378368817800041 ], [ 964127200196539904233931 ], [ 1373910553 ], 
  [ 29176417832896735531174467611 ], [ 55561657107194702689, 73111274296665073023627571241 ],
  , [ 1980154279, 709352394296856679, 24717453278253257803009 ], [ 24113935142317 ], 
  [ 1578352921 ], [ 21134478949, 898556020139807160851 ], 
  [ 125601492784196591773539925043328551157424681 ], 
  [ 16550727229, 96474502526450077, 27277975499228779363657585775378494476943861 ], 
  [ 699620790593, 1008906688129, 1356798037220473402590112513 ], 
  [ 328493483327881, 30544826388491221 ], [ 1375443019897 ], [ 372255882538681207181977 ], 
  [ 55788370361690776784382879073785500973415729 ], [ 3987990241 ], 
  [ 13718875292194180574551 ],, [ 717985924490230185822247572867546402241 ], [ 5388187379 ], 
  [ 663289178563747852102561106713, 241816651788081593536145722049815549772056547299 ],, 
  [ 148945384968108649, 1482641101754562485914064941321 ],, [ 1169099023, 5279913123811 ],,, 
  [ 772544231112670977618289 ], [ 459389974093217521, 76086714345200376700989366433 ],, 
  [ 407447563063537563539911173285270933939409 ], [ 29239532784662800031 ], [ 1391354011 ], 
  [ 156267554574097 ],, [ 85933729993 ], [ 844045688701 ], 
  [ 5120025140231, 1063634488610870723 ],,, [ 1550130782377 ], 
  [ 46915985608741, 331488910829319121 ], 
  [ 70888792064797112070776562817, 4456092216438585027771024858016513 ], 
  [ 34293217429, 100463146355844479 ], [ 15429020977809433 ], 
  [ 102009451897, 464771781704341, 47181090391294794458301361 ],, [ 2852875316369816294041 ],
  [ 640924285249, 823704847684273987 ],,, 
  [ 32759453581, 287551459861, 1041797887054681, 522091511752048940521 ],, 
  [ 3977375567533, 25888638163019 ],,, [ 5445677913333641941 ], 
  [ 1002066623215093, 4762648739002621 ], [ 4273025013511843681 ], 
  [ 17684544071, 910547848731097, 496734482909540758212587 ],,, 
  [ 124045429494668918974165412477 ],, [ 1417485739, 52639527003964687 ], 
  [ 6648602571913, 195176334216537913 ], [ 22487457375038401 ], 
  [ 3291676741, 26293762381163625349 ],,,,, 
  [ 61550769618451, 93566050690141, 1049318160365791, 742900951780775619747427 ], 
  [ 1114370137, 567044334261109 ],, [ 2188406388433 ],, [ 169999943762471 ], 
  [ 748481653393, 2200125520561 ], [ 138999179906987, 21992086377573971 ], 
  [ 15599463490107463 ],,, [ 1183937085433, 13605756809639144515801 ], 
  [ 814939836493, 2520944371601718871 ], [ 25627743489203 ], [ 431841657101 ], 
  [ 53594670473029129 ], [ 17858698258123, 2760646232531461 ], 
  [ 135261728317, 1848294920190622619 ],, [ 1014708614287934828602861 ], 
  [ 1756680806142359323, 3290879585393536778011 ], [ 16422144397, 13860519297957361 ], 
  [ 120364722941 ], [ 1476255049, 13571061253, 120769676857 ], 
  [ 2856361601701, 156752612316993620701, 1496496773963858100751 ], [ 289285828691 ], 
  [ 3733996129 ],, [ 163853963197, 16201803199145048846999023 ], [ 174272901488127823981 ], 
  [ 10609353100321, 5433638137808227777 ], [ 30987840041709611 ],, [ 24695906713 ], 
  [ 405969147549321761, 5966301898002328763521 ], [ 38792589361, 22591827189031826783 ], 
  [ 77325208687, 60714230474053511065355987316529, 
      141496045509482596594574985745223553400397983 ], [ 593746689013 ], [ 2272410680833 ], 
  [ 2561658191669281, 1659679424208169981 ], [ 5433724450444031780310289 ],, 
  [ 1392482706291692696334370081681 ], 
  [ 99403610099, 16308102056039, 33390554055135863, 24949648865484883801 ], 
  [ 8315900881, 29183048431921, 30387956563542115537771, 271820345909874567621421 ], 
  [ 181519120003861, 1237599738540181 ], [ 20071715242337899421097793 ], 
  [ 143168752465464503 ], 
  [ 6215393975569, 46611497317087, 8569484569466062685671, 175731261688450117216972723 ], 
  [ 10026691979942401, 2771313705472261548555251 ], [ 20627422307039329 ], 
  [ 607150756904623872778297 ],, [ 2333473357, 814344990095353, 1218784075912259 ],, 
  [ 4364299909477 ], [ 3503111431 ], [ 1333153695054012268322461 ], 
  [ 2011849193, 360740806845145451804249 ], [ 15101441221, 719424946021 ], 
  [ 315869817493922227, 693691567330000297, 16273619738329334617 ],,, 
  [ 374337841425282253, 149661800103723772003273 ], [ 1665085516876992976321 ], 
  [ 24415057517912671573 ],, [ 2943503603, 4656609493691 ], [ 2516384671, 89565227809 ],, 
  [ 111004083149 ],, [ 263596115112139245938285690536324663 ], [ 1212518941 ],, 
  [ 1611158113, 4966682885147437 ],, [ 68587784987 ], [ 93874401868606137601 ],, 
  [ 3432788145751 ],,,, 
  [ 19014746389794121, 212481934144941511, 7542134983119016771, 3352831689398994440080754011 
     ], [ 2805734521, 207030670829089 ], [ 1488952321 ], 
  [ 16507850173, 76819596270577, 8574164500605337, 3219332574632346241 ],, [ 6938189667011 ],
  [ 26685943800440401, 10248747587063233574401 ],, [ 10662785212857404268049 ],,,, 
  [ 557653217461, 29077026219649, 305429942619481 ], [ 295120012991 ],, 
  [ 32313249825255901 ], [ 21905211817, 12856382810731, 4269088420741319795713 ],,, 
  [ 303453403399907, 385310978360479463 ], [ 271049552267667961 ], 
  [ 527881028137, 189793782391753 ], [ 6383526786457481 ], [ 11855780941 ], 
  [ 1248741315901, 811596306882493809935857 ],, [ 3782817500741, 264634643626211218229 ],, 
  [ 42124686859039, 8110167612500353, 4607659730847854401519 ], [ 555597680772398161 ],, 
  [ 352972017863, 199293376922279285533 ], [ 458347868511721, 4358287484610118074973 ],, 
  [ 15945146577697, 149209398369049, 635170422271057 ],, 
  [ 139056472742824806577, 1453774179350762200483 ],,,, [ 66382645501, 1177225858867501 ],, 
  [ 4500703578169 ],,,,,, [ 1342698771473797, 63007921218822041061559 ], 
  [ 43581366553523303 ], [ 4711197619833834225967912328041 ], [ 39799594344421 ], 
  [ 104821591159 ],, [ 149546426980369, 308402319522529 ], [ 49635839542141, 84204570485051 ]
   ,,,, [ 2351630819, 8938142210279, 26808570064804907 ], 
  [ 7333066331128662423599611, 125322534667472436959697656164288621, 
      1023832545410144792185832853352702891 ], [ 38082641660291 ],, [ 496589384096663677 ], 
  [ 26573057041, 1109636768430079 ], 
  [ 82853403601, 1515086744140751, 52287768831603251101, 995664313718341565101 ], 
  [ 36006800002801 ], [ 296789406301 ],, [ 123572963290644289 ], 
  [ 35770480579662166846525921 ],, [ 2161673656346525001365833215074414227 ],,, 
  [ 3937708133974621, 2155896484630243681, 6149397294327160681 ], [ 627969837836266198417 ], 
  [ 24710910325081, 94812160488431 ],, [ 285901890964724581753 ], [ 11365556988221791081 ], 
  [ 2629994902834333, 12764794209797257 ],,, 
  [ 28840705408062367, 11529303412598682414471464442855132545572085282356286242227499 ], 
  [ 488336723186471 ],, [ 259446578419513 ], [ 1271768825644191518891473 ], [ 696235268353 ],
  , [ 219989272947953111 ], [ 59873954053 ], 
  [ 177009456073, 4779418954549, 593019737733872065501 ],,, [ 3279214423, 21984963600151 ],, 
  [ 26634423509, 80410668767353, 707717595998513717 ], [ 4902816481 ],,, 
  [ 154792251066961, 490302166627729 ],, [ 6965670705851465467 ],,,, 
  [ 2476649253283, 2905088029302457, 4810185864911887, 3216076368245919721, 
      849386188567810430983, 89214294214822789623073, 217309094382876188638929381109 ], 
  [ 16819680131, 10079124273468493 ], [ 2608748161, 13784011841, 3162451247560321 ],,, 
  [ 3612595439 ], [ 31012249033, 445007168198413695937 ],, 
  [ 298175806665223, 316076447319079 ], [ 3162521759029 ], [ 656936322349825633 ], 
  [ 1966268753989 ], [ 27846855961, 196629084372182613843451, 3363773238847432577004652441, 
      69835265963352512206320454411, 663641947315781427476445681038530371151, 
      6335124881606317245655648700754360395614381 ],, 
  [ 151915276489, 43508218661813, 9724679757626021 ],,, [ 7871550611 ], 
  [ 1687352245610457644513569 ], [ 4416690997 ], [ 130337520548704327 ],,,, 
  [ 6150863503, 8782639003, 466292812823227634131, 5306002348927494524964751 ],,, 
  [ 1041655417024737901 ],,, [ 4327797601, 117137565020963497 ], [ 27378522313 ],,,, 
  [ 6389929753, 1156482758773, 30755047571569 ], 
  [ 141850791301, 260440354819, 20129216075111551, 398713787966342623 ], 
  [ 209423397011, 1360147219391, 10692313975655101 ],, [ 1546308373 ],,,,, 
  [ 163786987947901 ], [ 21669178495801 ],, [ 1899178034581 ], 
  [ 2078298688060759, 172509168614381899, 6058312578662096398333 ],, [ 8652263893457 ],,,, 
  [ 3042788137 ],, [ 112909424537449 ], [ 9280960159501 ],, [ 13339603085906423 ], 
  [ 733604308811068112713, 30051816406601784612198186961 ],, 
  [ 4130892221, 658495341705361, 2910509358025337227561 ], [ 73622524333 ],, 
  [ 27789788740919 ], [ 21854176710913 ], [ 1691151001, 21565835344384871 ], 
  [ 13876138972933 ],,,, [ 3674704475521, 18912461672259405607891 ], [ 1135627439 ],, 
  [ 24704000437 ], [ 27744640435194654427 ],, [ 11779103953 ], [ 16423684151531 ], 
  [ 13151183572081153 ], [ 149314381693, 3803511326161 ],, [ 7981771067 ], 
  [ 15052313654331014565967, 315725946203773414943930581 ],, [ 3493921143427801 ],, 
  [ 140587482466537 ],,, [ 81402968159, 98432104196507 ], [ 546767291795522851 ],,,, 
  [ 81620312539588013251 ],, [ 1470897377, 11188647400321 ],, [ 250289246230964251609 ],, 
  [ 714232023688028161 ],, [ 1034599709761, 207311869467337, 364084153310971 ],,, 
  [ 11995778947598701 ], [ 16582620394831 ], [ 384411165181 ], [ 198268410697157 ],, 
  [ 1542326968291 ], [ 153586441436999, 244391348178779 ], [ 5768408599489 ],,,, 
  [ 20482071204389 ], [ 3958590721, 48235324967 ], 
  [ 2878850047, 1918881782131, 9241444154347, 13008143291707, 3860516672284202851, 
      25078457513498392780783, 161237227984811073496939 ], [ 3089228953 ], 
  [ 109569456500636441 ],,,,,,,, [ 549581687873 ],, [ 14024918701, 111841906717807302718351 ]
    , [ 1334086954201 ],,,,, [ 1854424197793, 257523632847457 ],, 
  [ 83879021803, 908103555133 ],, 
  [ 66493423161821, 2895360427706854421, 167214341887358100481 ],, 
  [ 2714556307, 22764847754813473, 587795658744615887022997, 5194041670133644224984319 ], 
  [ 28671789136499 ], [ 8691021601 ], [ 362993007661 ], [ 1840855418923, 82381339093021 ],,, 
  [ 13858698911471 ], [ 3688407721, 5698685195461 ],, [ 365872222609 ], [ 14663503273 ], 
  [ 216422025649, 1094209374031, 3597283911811, 252426712210658235049 ],,,, 
  [ 48929832349, 18521143217126191 ], [ 7213763951 ], [ 56039626216460868347521 ], 
  [ 17491318774177 ], [ 2448863055091 ],,,, [ 19534556161, 28336453655743 ], 
  [ 3656158711199 ], [ 42259192257288025337 ], [ 2207514538939513 ],,, 
  [ 47518675976855632399657 ],, [ 11623981547881 ],,, [ 779164209517 ], 
  [ 1340722573, 103948041837675151 ],,,, [ 3084596731 ],, [ 4691851921 ], [ 1636380791 ],,, 
  [ 2555616937 ],, [ 2686665211 ],,,, [ 24018441828673, 50307919683223 ],,,, 
  [ 12513184416097, 24745131062149, 80822411270749, 2543149003721803 ],, 
  [ 1174177610539973521 ],, [ 15884433379, 188271352459 ],,,, 
  [ 1327385197, 871632066075079819 ],, [ 25916411137 ],,,,,, [ 5252933706184180102459 ],,,, 
  [ 311929747123 ],,,,,, [ 12353156353, 115799506561 ],, 
  [ 4550476477, 2286710494069, 5509726237471, 8283213902514097, 116147145507271652980207 ], 
  [ 32800832027 ], [ 14197520830121273353 ],,, [ 31409069557 ], [ 421302346177 ],,,,,, 
  [ 9115769233, 966149624450553571229320027 ],, 
  [ 27945529361, 11033012231921, 115248328307874721 ],, [ 248678950633 ],, 
  [ 251131158769, 6214888685521 ],, [ 8378860807, 1002746995933 ], [ 100700880843163609 ],,, 
  [ 1505617275766951, 2726964568105392031 ],,,,,, [ 71482707073 ],, [ 3417979390160029 ],,,, 
  [ 18906486696727001029579, 119597742216659420717239 ], [ 17628547619 ], 
  [ 500182863647081, 308617600046819897, 488919551840219273 ], 
  [ 4675331701, 106574553329401 ],, [ 1441005169 ],,, [ 228240852181, 62372834863149841 ],, 
  [ 1068026017, 34239238775713, 9431165325621041 ],, [ 20627787321242622220591 ],,,, 
  [ 17910182953906387 ],,,, [ 117829705366171 ],,,, [ 3987518179, 60583576545431941717 ],, 
  [ 152108224641068513, 25624231180286739457 ], [ 2122452697 ], [ 1656878341, 5184311311 ],,,
  ,,,,, [ 3664126772286229 ],, [ 97484853701, 19659952507781 ],,,, 
  [ 1535813983393, 3432049720321 ],, [ 39672246780511 ],,,, 
  [ 152680629781, 449601980941, 9276314730481, 464084071143841 ],, [ 1967385894049 ],, 
  [ 217454069929 ],, [ 4279200073, 675731528197897 ],, [ 43434494162929 ], [ 4829260393 ],,, 
  [ 3129978921793, 39208443156331, 78303494666377, 620824871319039427, 1983036874030167187, 
      175790043310269625535359 ],,, [ 4989577718161 ],,, [ 857721549169 ],,,, 
  [ 2834459813, 13177259041 ],, [ 112398464131, 237610601149 ], [ 6454435501 ],,,,,,, 
  [ 65566196219113 ],, [ 423759865817, 712497672233 ],, [ 153478886149, 32197295639653849 ], 
  [ 4743577271 ],,, [ 13012371173041 ],, [ 3936936193 ],, [ 5789366481763 ],,,, 
  [ 6091251889024482177763 ], [ 5559502621 ],,,,,,, [ 7094572213 ],, 
  [ 82109342801, 17342107433377 ],,, [ 3236755614467 ],,, [ 13311637597 ],, [ 17617719937 ],,
  ,, [ 37183351801 ],, [ 2293367311, 461799823638817, 208626202602815869 ],,, 
  [ 45177017581 ],,,,,,, [ 49910673833 ],, [ 13825915993 ],, [ 1374770070116281 ],, 
  [ 8342877971568757 ],,,, [ 7724283067 ],,, [ 166407779701 ], [ 660148257121 ],,,, 
  [ 2684570006218921 ],, [ 8767453873, 16313438377 ],,,, [ 298590383617 ],, 
  [ 309469119578644447, 5244395967566289091, 355595994627984838153 ],,, [ 17728564309 ],,, 
  [ 4219881697 ],,, [ 2918794933 ], [ 146563207517, 96605810609309 ],, [ 41323010251 ],, 
  [ 15039584830577 ],,,, [ 59465056393, 349284841417 ], [ 330624397981 ],,,,, 
  [ 10364685139, 33561620203, 215334935851160023 ],, [ 4321980736637 ],, [ 40835590987 ],,,, 
  [ 682147941091 ],,,, [ 21978455240323, 37752034512499309, 5721269688517840245361 ],, 
  [ 27925290464353 ], [ 21800525209 ], [ 12005837493163 ],,,,,, [ 6112881713 ],, 
  [ 997397999566348519 ], [ 5189372543 ],,, [ 8917369431308011 ],,,,,, [ 11607107450881 ],,,,
  , [ 3243153773917 ],,, [ 1127762761, 15464853169, 38731022857 ],,,, [ 680166008113 ],, 
  [ 44492382271 ], [ 2313061211 ],,,, [ 10938990311 ], [ 57865763617, 59976531849217 ],,,,,,,
  ,,,,,,, [ 45117480301 ],,,,,,,,,, [ 31703720509441 ],,,,, [ 4838231711, 451298718781 ], 
  [ 2030265487 ], [ 12802369427 ],,, [ 39106611301 ], [ 1462444476949 ],,,,, 
  [ 2031250383937, 276366325585153 ],, [ 715929778587739, 7538996593191493 ],,, 
  [ 8394829213 ], [ 44588776579 ],,,, [ 10924406841001 ],,,, 
  [ 94609458088501, 80351500163609161 ],, [ 7787030633 ],,,,,,,,,, 
  [ 9190810441, 210896231869, 3359572433281, 17736215169709, 3855461619141343, 
      204565914558848360197 ],, [ 17001627241 ],,,, [ 2208967489 ],, 
  [ 325557166411, 651772901671 ],, [ 944437242743117 ],, 
  [ 239092945905937, 55801918943911501 ],, [ 44729195393 ],,, [ 7070983813 ],, 
  [ 1413614941 ], [ 129909926719 ],, [ 32904577577 ],, [ 3344164632547 ], [ 1753356167 ],,,,
  , [ 1566044449 ],, [ 1912819201 ],,,, [ 5790625799239 ],,,,,, [ 341505770761 ],,,, 
  [ 24754459393, 325860858049 ], [ 4482242917 ], [ 10358467411, 4496372514314950207951 ],, 
  [ 13402012514004769 ],, [ 1030261777, 180952448293 ],,,, [ 101843581687 ],,,,,,,,,,,, 
  [ 2562918781600501 ],, [ 4468310057, 12280886633 ],, 
  [ 1561802941, 93684658393, 418003604911 ], [ 2734871701 ], [ 2553288124969 ],, 
  [ 36367537527191383267 ],, [ 20071842380484481 ],,,, [ 1871269502304001 ],, 
  [ 2454763459, 6314158081981 ], [ 2220715501 ],,,,,, [ 140058874201 ],, [ 2596194901 ],,,,,,
  ,,,, [ 12511538951 ],,,,, [ 1059755993022656169901 ],,,,,,, [ 3449876049541 ],, 
  [ 2815825357 ], [ 6723011910001, 306696221029001 ],, 
  [ 2054628494881, 4823195436601, 422130473609525301013, 1669203224525857251577, 
      4498449785503763600677 ],,,,,, [ 1236848257 ],, [ 2589790616251 ],,,, 
  [ 21010338571, 21262226311, 1109561015863 ],,,,,,,,,,,, [ 821113605282604681 ],,,, 
  [ 67797557131 ],, [ 133501509697, 80966507695921 ], [ 2431686133, 7392526079 ],,, 
  [ 1038929809 ],, [ 28596333044015941 ], [ 12066517933 ],, [ 806369226529 ],, 
  [ 23477700541 ], [ 9156466729 ],,,, [ 6211563073 ],, [ 116012725501 ],,,,,,,,, 
  [ 2789638981 ],,, [ 135185771011843 ],,,,,,,, [ 29221844683261 ],,,,,,,,,,,,,,,, 
  [ 88696955107, 139052793157, 10716937869691, 82379829784531, 90820233592627549, 
      1403452317493054951 ],,,,,,,, [ 2640890839 ],,, [ 2214173831 ], [ 49989792678733 ],,,,,
  ,,,,,,, [ 246338299561, 522022408631890081 ],,,,,,,,,,, [ 174397137947 ], 
  [ 2252590033, 85629052663580119 ],,,,,,,,,, [ 2246270617 ],, [ 125743765187273689 ], 
  [ 1286231941 ], [ 7209268433 ],,,,,,,,,, [ 4441414313911447 ],,, [ 3101458933 ],,, 
  [ 9134272513 ], [ 7998218029 ],,,,, [ 1682030899, 36491777239, 11380989485599599157 ],,,,,,
  ,, [ 2492678299 ],,,,,,,,,,,,,,,,,,,,,,,,,, [ 5228077433 ],,,, [ 1332662137 ],,,,,,,,,, 
  [ 127940654269 ],,,,,, [ 3333349057 ],, [ 21156982573 ],, [ 1341122753, 11383658177 ],, 
  [ 2263637811541, 9483441017443, 1883286170001013, 363442446198329074669, 
      455915163024289357789 ],,,,,,,, [ 1441283149 ],,,,,,,,,,, [ 2210420041 ], 
  [ 6688557457 ],, [ 1373611241, 24958402561 ],, [ 11020623697, 12617454403 ],,,,, 
  [ 10568726172371 ],,,,,,, [ 34529465587, 365254888274167 ],,,,,,,,,,, [ 5750338331 ], 
  [ 37278078961 ], [ 2718290219 ],,,,,,,, [ 1794455401 ],,,,,,,,,,,,,, [ 7160214541 ], 
  [ 15502396981 ],,,,,,,, [ 2858215471, 20214957247 ],,,, 
  [ 176081718897875977831, 144637728204913492323937 ],,,,,,, [ 18594831949 ],,,,, 
  [ 58609739036917 ], [ 7222221961 ],,,, [ 10823743019 ],,,,, [ 15273898349 ],, 
  [ 4753475275127827 ],,,,,,,,,,,, [ 2256424609, 543760912021 ],,, [ 101174148073 ],,,,, 
  [ 19858443859 ],,,, [ 29236964851, 5881237101695701 ],,,,,,,,, [ 29688289993 ],,, 
  [ 11739072543418039 ],,,,,,,,,,,, [ 883094339641, 160647889933207 ],,,,,,,,,,,, 
  [ 24195591883 ], [ 1298465017 ],,,,,,,,,,, [ 745995065947 ],,,,,, [ 5711001828481 ],,,,,, 
  [ 4389163621, 670499096386531, 27166474825106011, 29552082602402534191 ],,,,,,,,, 
  [ 1622881921 ],, [ 6816573947 ],,, [ 2303879807153 ],,,,,,,,,,,,,,,,,,,,,,,,, 
  [ 1051527709 ],, [ 39193171606847 ],,,,, [ 2839944017 ],, [ 29718335428381 ],,, 
  [ 65366523882577 ],, [ 1448004251, 166523776277783 ],, [ 627248159101 ],,,,, 
  [ 857388564233129881, 2220565993848850411 ],,,,,,,, [ 3872921641 ],,,, [ 1172770918801 ],,,
  ,, [ 3675456563 ],,, [ 52846007311, 67443337651 ], [ 1148368201, 10608244333 ],,, 
  [ 5449215601, 174099779101, 13087508709061, 31012805747827 ],, [ 738054102809 ], 
  [ 1152312757 ],,,,,, [ 862944578187841 ], [ 5824578401 ],, 
  [ 12600810433, 220691917669, 450747471661 ],,,,,,, [ 272963077609 ], [ 24127826179 ], 
  [ 7012468381 ],,,,,, [ 214572063421 ],,,,,,,,, [ 11519759270251 ], [ 1528256449 ],,,,, 
  [ 80495459329 ],,,,,,,,,,,,,,,, [ 88281252001 ],,,,,,,,,,,,,,,, [ 1254752120709473 ],,,,,,,
  ,,, [ 1281478021, 58355639281, 13527050147251, 136536889204741, 6043708959370297 ],,,,,,,,,
  ,,, [ 22947417421, 150000649291 ],,,, [ 6661832893 ],, [ 55903605913 ],,,,,, 
  [ 111995483581 ],,,,,,,,,,,,, [ 6435338951 ],,,, [ 742255618597 ],,,,, [ 2605859033 ],, 
  [ 136373932183 ],,,,,,,, [ 8625907243 ],, [ 6354122569, 192160383293 ],, 
  [ 1756215858784843 ],,,, [ 6929059381 ],,,,, [ 9125163973 ],,,,,,,,,,, [ 32556819601 ],,, 
  [ 1045775752033 ], [ 1215595111 ],,,,,,,,,,,, [ 3120955381 ],, [ 44186122661 ],,,, 
  [ 9887256961 ],,,,,,,,,,,, [ 1070961553 ],,,,, [ 2377072751 ],,,, [ 78810211099369 ],,,,, 
  [ 13631460331 ],,,,,, [ 7673439089 ],,,,,,, [ 112746975301 ],,,,,,,,,,,, [ 1068393973 ],,,,
  ,,,,,,,,, [ 243376577761 ],, [ 1855111033, 425155202623 ],,, [ 42881723149 ], 
  [ 64779639751 ],,,,,,,, [ 260976571447 ],,,, [ 4824881077 ],,,,,,,, 
  [ 2354638081, 35651515231, 5911381955298811 ],,, [ 101257398757 ],, [ 2214095951 ],,,, 
  [ 2587633777 ],, [ 4541720977 ],,,,,, [ 4026500567 ],,,,,, [ 5789051929 ],, [ 9909433921 ],
  ,,,,, [ 1398318013 ],, [ 92411864480833 ],,,,,,,,,,, [ 101235185941 ],,, [ 1428707101 ], 
  [ 78661276723, 6341918535091090261 ],, [ 55892467541, 111404824441 ],,,,,,,,,, 
  [ 146638591741 ],,,,,,,,,,,, [ 3663736159, 3987165571, 4664658697 ],,,,,,,,,,,, 
  [ 6866865335575356229 ],,,, [ 310877486869 ],,,,,, [ 17965563793 ],, 
  [ 18470797249087, 538993871112709 ],, [ 26281502837, 29369106961 ], [ 3031936657 ],,,,,,,,
  , [ 4059342073 ],,,,,,,,, [ 1533504517 ],,, [ 112049029891 ],,,,,,,,,,,, [ 64221010981 ],,,
  , [ 2673816853 ],,,,,,,, [ 191378490469, 372259244083 ],,,,,,,,,,,, [ 341005485860954713 ],
  ,,, [ 2725694611 ],,,,,,,,,,,,,,,,,,,, [ 34816854151 ],,,,,,,,,, [ 3731306881 ],, 
  [ 1068900048266141341 ], [ 1280621941 ],,,,,, [ 26867878377517 ],,,,, [ 9285238033 ],,,,,,,
  ,,,,, [ 11932017091, 65681469557533, 1895093194385617 ],,,, [ 9989004001 ],,,,,,,,,, 
  [ 22709916001 ],,,,,,,,,, [ 1253626951, 2045026332361 ],,,,, [ 1399687511 ],,,, 
  [ 265405553317 ],,,,,,,,,,,,, [ 217395978721 ],,,,,, [ 4807817269 ],,,, [ 15208542373 ],,, 
  [ 9677422621 ], [ 1706964543967 ],, [ 1802807297 ],, [ 1131464701 ], [ 7152103631 ],,,,,, 
  [ 99972248773 ],,,, [ 1546772257, 1673029117 ],,,,,,, [ 39244123733 ],, 
  [ 17214444991, 2083949897320171 ],,,,,,,,,,,, [ 1276901011 ],,,,,,,,,,,,, [ 40525072451 ],,
  ,,,,,,, [ 4462647121 ],, [ 2207347039, 4868094817, 31930995097, 737083910161 ],,,,,,,,,,,,,
  ,,,,,,,,,,, [ 2536653211 ],,,,,,,,, [ 23209655857 ], [ 1273999781 ],, 
  [ 1362001932649, 18152439228757 ],,,,,, [ 25856322313 ],,,,,,,,,,,, [ 1257120001 ],,,,, 
  [ 2585455847111 ],,,,,,,,,,,,,,,, [ 1404197086009 ],,, [ 180664668913 ],,,,,, 
  [ 1883726311 ],,,, [ 3489605269 ],,,,,,,, [ 3543603733 ],,, [ 43309234081 ],,,,,,,,,,, 
  [ 30336424133713 ],,,, [ 17442322441 ],,,,,,,,,,,,,,,,,,,,,,,,, [ 1566587941 ],,,,,,,,,,,,,
  ,, [ 1464767021 ],,,,,,,,,,,,,,, [ 431102490001 ],,,,,,,,,,,,,,, [ 368565916351 ],,,, 
  [ 2585278357 ],, [ 7276441873 ],,,,,,,,,,,,,,,,,, [ 3670339531 ],,,,, [ 2831369137 ], 
  [ 10496459521 ],,,, [ 727186067693 ],,,,,,,,,,,,,,,,,,, [ 3114999757 ], [ 8807087761 ],,,, 
  [ 3362141117 ],,,,,, [ 1025797873, 1185724933867 ],,,, [ 39591513253 ],,,,,, 
  [ 729773873089 ],,,,,, [ 59873364511 ],,,,,,,, [ 2651336833 ],,,,,, [ 8510705969 ],,,,,, 
  [ 266549295781 ],,,,,,,,,, [ 824126289601 ],,, [ 1097007949 ],,,,,,,,,,,, [ 9656136001 ],,
  , [ 9762317137 ],,,, [ 14434199641 ],,,,,,,,,, [ 46141421569 ],, [ 2048802463 ],,,,,,,, 
  [ 3264573049 ],,,, [ 36129714349 ],,,,,,,,,,, [ 637566340321 ],,,,,,,,,,,, [ 595896191809 ]
   ,,, [ 5069493553 ],,,,,, [ 1836542443, 3799492621, 11704627327 ],,,,,,,,,,,, 
  [ 3505367221, 6589042981 ],,,,,,,, [ 6953795011 ],, [ 3235757501 ],,,,,,,, [ 28969336177 ],
  ,,,,,,,,,,,,,, [ 6776475241 ],,,,, [ 1005471553, 13607892833 ], [ 25796639629 ],,,,,,,,,,,,
  ,,,,, [ 17923819633 ],, [ 5617899197 ],, [ 12326001301, 1399060432501 ],,,, [ 5429967457 ],
  ,,,,,,,,,,,,,,,,, [ 55621542169 ],, [ 55252992367, 59451060241 ],,,,,,,,,,,,,,,,,,,,, 
  [ 1449182941 ],,,,,,,,,,, [ 3703120789 ],,,, [ 22652918191 ],, [ 23292196561 ],,,,,,,,,,,, 
  [ 2527114049 ],,,, [ 6148079857 ],,,,,,,,,,,,,,,,,,,,,,,,,,,,,,,,,,,,,,,,,,,, 
  [ 27237293857 ],,,,,,,,,,,,,,,,,,,, [ 44782045472741 ],, [ 1042346317, 1506872737 ],,,,,,,,
  ,,,, [ 30910968133 ],,, [ 807863925709 ],,,,,,,,, [ 475950290077 ],,,,,,,,,, 
  [ 111459631009 ],, [ 208369616911 ],,,,,, [ 20621636929 ],,,,,,,,,, [ 202921908913 ],,,,,,,
  ,,,,,,,,, [ 1779633937 ],,,, [ 1226679511 ],, [ 13409448673 ],,,, [ 149780789929 ],,,,,, 
  [ 12563766133 ],,,,,,,, [ 7446551743 ],,,,,, [ 44686610537 ], [ 5408007697 ],,,,, 
  [ 580381162903 ],,,,,, [ 3442173577 ],, [ 607051359569203 ],,,, [ 36833881831 ],,,, 
  [ 1823168089 ],,,, [ 14952244099033 ],,,,,, [ 356317344329 ],,,,,, [ 87333153862891 ],, 
  [ 10325171145313 ],,,,,, [ 5079597139 ],,,,,,,,,,,,,,,,,, [ 8326862209 ],,,,,,,,,,,,,, 
  [ 49730180431 ],,,,,,,,,,,,,,,,,,,,,,,,,,,,,,,,,, [ 3666485857 ],,,,,, [ 1971286381 ],,,,,,
  ,,,,,,,,, [ 1686683701, 4934863077301 ], [ 168442378441723 ],,,, [ 33954460291 ],,,,,,,, 
  [ 132149844451 ],,,,,,,,,,,,,,,,,, [ 1045219406353 ],, [ 908794684519 ],,,,,,,,,,,,,,,,,,,
  , [ 71151287269 ],,,, [ 1249604493733 ],, [ 3125769841 ],, [ 20651997151 ],,,,,, 
  [ 30143529329 ],, [ 224902408771 ],, [ 1066623937 ],,,,,,,,,,,,,,,,,,,,,,,,,,,,,,,, 
  [ 3987442997 ],,,,,,,,,,,,,,,,,, [ 18625903159 ],,,,,,,, [ 124597638667 ],,,,,,,, 
  [ 11738746133941 ],,,,,,,,,,,,,,,,,, [ 3485103161 ],,,,,, [ 1375433287 ],,,, 
  [ 12304027741 ],,,,,,,,,, [ 41286274301 ],,,,,,,,,,,,,,,,,, [ 2005394707 ],,,,,, 
  [ 39564913301 ],, [ 6922303594159 ],,, [ 22053942961 ],,,,,,, [ 2438688449 ],, 
  [ 3275428711 ],,,,,,,,,, [ 4517937197 ],, [ 32637666601 ],,,,,,,,,,,,,,,,,,,,,,,,,,,,,,,,,,
  ,,,,,,,,,,,,,,,,,,,,,,,,,, [ 2618368111, 3954752101 ],,,,,,,, [ 38758048957 ],,,,,,,,,,,,,,
  ,,,,,,,,,,,,,,,,,,,,,,,,,,,,,,,,,,,,,, [ 1288847611, 11639437471, 494030498011 ],,,,,,,,,,,
  ,,,,, [ 5457378943, 38432073487 ],,,,,,,, [ 3318006673 ],, [ 6695362561 ],,,,,,,,,, 
  [ 39855803683 ],,,,,, [ 10101301921 ],,,,,,,,,,,,,,,,,,,, [ 17696255333, 25110951601 ],,,, 
  [ 1513176241 ],,,,,,,,,,,,,,,,,,,,,, [ 131900372953 ],,,, [ 3368824861, 9684778921 ],,,,,,,
  ,,,,,,,,,,,,,,, [ 5333766049 ],,,, [ 4300717037 ],, [ 117881907361 ],,,,,,,,,,,, 
  [ 5766726799 ],,,, [ 5710380391 ],,,, [ 3823053301 ],,,,,,,,,,,,,,,,,,,, [ 15759340801 ],,,
  ,,,,, [ 3339704143 ],,,,,,,,,,,,,,,,,,,,,,,,,,,,,,,,,,,,,, [ 18220507229 ],,,,,,,,,, 
  [ 10690735819 ],,,,,,,,,,,,,,,,,,,, [ 99013138831 ],,,,,,,,,,,,,,,,,,,,,,,,,,,, 
  [ 2292205411 ],,,,,,,,,,,,,,,,,,,,,, [ 1241972117, 12374691533, 22764896813 ],,,,,,,, 
  [ 19245899377, 22212565849 ],, [ 2570622421 ],,,, [ 14107940281 ],,,,,, [ 58403618209 ],,,,
  ,,,,,,,, [ 2504702019769 ],,,,,,,,,,,,,,,,,,,,,,,,,,,,,,,,,,,, [ 12339893953 ],, 
  [ 1263925699, 1448481847 ],,,, [ 28263648271 ],,,,,, [ 29468187433 ],,,,,, [ 12304930399 ],
  ,,,,,,,,,,, [ 108634048489 ],,,,,, [ 144070080601 ],,,,,, [ 5036524498658017 ],,,,,,,,,,,, 
  [ 1332591039121 ],,,,,,,,,,,, [ 107760228661 ],,,,,,,,,,,,,,,,,,,,,,,,,,,,,,,,,,,,,,,,,, 
  [ 65033100529 ],,,,,,,, [ 1581952681 ],,,, [ 4650175297 ],,,,,,,,,,,,,,,,,,,,,, 
  [ 639693336199 ],,,, [ 3735806101 ],,,, [ 254211952693 ],,,,,,,,,,,, [ 12129295279 ],,,,,,,
  , [ 1424636373007 ],,,,,,,,,,,,,, [ 3847831681, 20977754113 ],,,,,,,,,,,,,, 
  [ 21891215893 ],,,,,, [ 340482723241 ],,,,,,,, [ 2639724166297 ],, [ 19728030031 ],,,,,,,, 
  [ 2783969407 ],,,, [ 1373133301 ],,,,,,,,,, [ 6666578981 ],,,,,,,,,,,,,,,,,,,,,,,,,,,,,, 
  [ 25879928821 ],, [ 35166551309 ],,,,,,,, [ 483007387201 ],,,,,,,,,,,,,,,,,,,, 
  [ 23724576961 ],,,,,,,,,, [ 2543511721, 5767447921 ],,,,,,,,,, [ 38265291821 ],,,, 
  [ 57597817097 ],,,,,,,,,, [ 4055099827 ],,,,,,,,,,,, [ 126514122949 ],,,,,,,,,,,, 
  [ 3341257453 ],,,,,,,,,,,,,,,,,,,,,,,, [ 7701048601 ],,,,,,,,,,,,,,,,,,,,,,,, 
  [ 2076268591, 126228659569 ],,,,,,,,,,,,,,,,,, [ 3217907857 ],,,,,,,,,,,,,,,,,, 
  [ 3232450237 ],,,,,,,,,,,,,,,,,,,,,,,,,,,,,,,,,,,,,, [ 6050021501 ],, [ 384751114063 ],,,,,
  ,,,,,,,,,,,,,,, [ 1364592223, 14961557449 ],,,,,, [ 23013451393 ],,,,,,,,,,,,,,,, 
  [ 4095453041, 73435998049 ],,,,,,,,,,,,,,,,,,,,,,,,,,,,,,,,,,,,,, 
  [ 1420203019, 1591129723, 1881059419 ],,,, [ 1524490969 ],,,, [ 2872873501 ],,,,,,,,,,,,,,,
  ,,,,,,,,,,,,,,,,,,,,,,,,, [ 45285381721 ],,,,,,,,,,,,,,,,,,,, [ 509662201501 ],,,,,,,,,,,,,
  ,,,,,,,,,,,,,,,,, [ 547244416601 ],,,, [ 26639377129 ],,,,,,,,,,,,,,,,,,,,,,,,,,,,,,,,,,,,,
  ,,,,,,,,,,, [ 3156624433 ],,,,,,,,,,,,,,,,,,,,,,,, [ 3259522629793 ],,,,,,,,,,,,,,,,,,,,,,,
  ,,,,,,,,,,,,,,,,,,, [ 114784303591 ],,,,,,,,,,,, [ 156944138401 ],,,,,,,,,,,,,,,,,,,,,,,, 
  [ 1026262603 ],,,,,,,,,,,,,,,, [ 14095023451 ],,,,,,,,,,,,,,,,,,,,,,,,,,,,,,,,,,,,,,,,,,,,,
  ,,,,,,,,,,,,,,,,,,,,,,,,,,,,,,,,,,,,,,,,,,,,,,,,,,,,,,,,,,, [ 29837962837 ],,,,,,,,,,,,,,,,
  ,,,,,,,,,,,,,,,,,,,,,,,,,,,,,, [ 7817732201 ],,,,,,,,,,,,,, [ 2444003503, 4517793487 ],,,,,
  ,,,,,,,,,,,,,,,,,,,,,,,,,,,,,,, [ 1616747637601 ],,,,,,,,,,,, [ 4716755191 ],,,,,,,,,,,, 
  [ 58785117679 ],,,,,, [ 2149102801 ],,,,,, [ 13212387871 ],,,,,,,,,,,,,,,,,, 
  [ 31656979201 ],,,,,,,,,,,,,,,,,,,,,,,,,, [ 33641751331 ],,,, [ 1242906967, 41023158697 ],,
  ,,,,,,,,,,,,,, [ 5973514501 ],, [ 54948022273 ],,,,,,,,,,,,,,,,,,,,,,,,,,,,,, 
  [ 3141558811 ],,,,,,,,,,,,,,,,,,,,,,,, [ 17710878961, 1059169787328277 ],,,,,,,,,,,, 
  [ 1739919523, 2876928979 ],,,,,,,,,,,,,,,,,,,,,, [ 3881379503761 ],,,,,,,,,,,,,, 
  [ 2391580363 ],,,,,,,,,,,,,,,,,,,,,,,,,,,,,,,,,,,, [ 43077164041 ],,,,,,,,,,,, 
  [ 94115037229 ],,,,,,,,,,,, [ 676307136961 ],,,,,,,,,,,, [ 213020387341 ],,,,,,,,,,,,,, 
  [ 5824758941 ],,,,,,,,,, [ 5153797727101 ],,,,,,,,,,,,,,,,,,,,,,,,,,,,,,,,,,,,,,,,,,,,,,,,,
  ,,,,,,,,,,, [ 82704989821 ],,,,,,,,,,,,,,,,,,,,,,,, [ 203891533159 ],,,,,,,,,,,,,,,,,, 
  [ 13570348969 ],,,,,, [ 1337638681 ],,,,,,,,,,,,,,,,,,,,,,,,,,,,,,,,,,,,,,,,,,,,,,,,,,,,,,,
  ,,,,,,,,,,,,,,,,,,,,,,,,,,,,, [ 4528950193 ],,,,,,,,,,,,,,,,,,,,,,,, 
  [ 1006905061, 82565517511 ],,,,,,,,,,,,,,,,,,,,,,,,,,,,,, [ 8459467079377 ],,,,,, 
  [ 1673993197 ],,,,,,,,,,,,,,,,,,,,,,,, [ 2115620677 ],,,,,,,,,,,,,,,,,,,,,,,,,,,,,,,,,,,, 
  [ 4068862549 ],,,,,,,,,,,, [ 3648416077, 12037905001 ],,,,,,,,,,,, [ 4135253659 ],,,,,,,,,,
  ,,,,,,,,,,,,,,,,,,,,,,,,,,,,,,,,,,,,,,,,,,,,,,,,,,,,,,,, [ 2735546353 ],,,,,,,,,,,, 
  [ 1828061929 ],,,,,,,,,,,, [ 176458609153 ],,,,,,,,,,,,,,,,,,,,,,,,,,,,,,,,,,,,,,,,,,,,,,,
  , [ 639939488257 ],,,,,, [ 2989535371 ],,,,,,,,,,,,,,,,,,,,,,,,,,,,,,,,,,,,,,,,,,,,,,,, 
  [ 21680576413 ],,,,,,,,,,,, [ 20016331381 ],,,,,,,,,,,,,,,,,,,,,,,,,,,,,,,,,,,,,,,,,,,,,,,,
  ,,,,,,,,,,,,,,,,,,,,,,,,,,,,,, [ 15454273537 ],,,,,,,,,,,,,,,,,,,,,,,,,,,,,, 
  [ 2054012563 ],,,,,,,,,,,,,,,,,,,,,,,, [ 1767219481 ],,,,,,,,,,,, 
  [ 3180015523, 11426816827 ],,,,,,,,,,,,,,,,,,,,,,,,,,,,,,,,,,,, [ 29408469931 ],,,,,,,,,,,,
  ,,,,,,,,,,,,,,,,,, [ 17999657482201 ],,,,,,,,,,,,,,,,,,,,,,,,,,,,,, [ 10293916351 ],,,,,,,,
  ,,,, [ 6877279531, 126727972669, 272265944941 ],,,,,,,,,,,,,,,,,,,,,,,,,,,,,,,,,,,,,,,,,,,,
  ,,,,,,,,,,,,,,,,,,,,,,,,,,,, [ 1201009609 ],,,,,,,,,,,,,,,,,,,,,,,,,,,,,,,,,,,,,,,,,,,,,,,
  , [ 1043406691, 5095537639 ],,,,,,,,,,,,,,,,,,,,,,,,,,,,,,,,,,,,,,,,,,,,,,,,,,,,,,,,,,,, 
  [ 8963941897 ],,,,,,,,,,,,,,,,,,,,,,,, [ 2220010453 ],,,,,,,,,,,,,,,,,, [ 453659699473 ],,,
  ,,,,,,,,,,,,,,,,,,,,,,,,,,,,,,,,,,,,,,,,,,,,,,,,,,,,,,,,,,,,,,, [ 38036781721 ],,,,,,,,,,,
  , [ 40472065111 ],,,,,,,,,,,,,,,,,,,,,,,, [ 7902912187 ],,,,,, [ 310312292401 ],,,,,,,,,,,,
  ,,,,,, [ 201935064031 ],,,,,,,,,,,,,,,,,,,,,,,,,,,,,,,,,,,,,,,,,,,,,,,, [ 54448902875863 ],
  ,,,,,,,,,,, [ 2187511951, 3414873601, 316205085151 ],,,,,,,,,,,,,,,,,,,,,,,,,,,,,,,,,,,,,,,
  ,,,,,,,,, [ 6909046957 ],,,,,,,,,,,,,,,,,,,,,,,,,,,,,,,,,,,,,,,,,,,,,,,,,,,,,,,,,,,,,,,,,,,
  ,,,,,,,,,,,,,,,,,,,,,,,,,,,,, [ 7801878757, 4945225727971 ],,,,,,,,,,,,,,,,,,,,,,,,,,,,,,,,
  ,,,,,,,,,,,,,,,,,,,,,,,,,,,,,,,,,,,,,,,,,,,,,,,,,,,,,,,,,,,,,,,,,,,,,,,,,,,,,,,,,,,,,,,, 
  [ 6723475501 ],,,,,,,,,,,, [ 2987265788389 ],,,,,,,,,,,,,,,,,,,,,,,,,,,,,,,,,,,,,,,,,,,,,,,
  ,,,,,,,,,,,,, [ 3749653891 ],,,,,,,,,,,,,,,,,,,,,,,,,,,,,,,,,,,, [ 2449291447 ],,,,,,,,,,,,
  ,,,,,,,,,,,,,,,,,,,,,,,, [ 785967453259 ],,,,,,,,,,,,,,,,,,,,,,,, [ 15506494309 ],,,,,,,,,,
  ,,,,,,,,,,,,,,,,,,,,,,,,,,,,,,,,,,,,,,,,,,,,,,,,,,,,,,,,,,,,,,,,,,,,,,,,,, [ 53427656701 ],
  ,,,,,,,,,,, [ 73367152489 ],,,,,,,,,,,,,,,,,,,,,,,,,,,,,,,,,,,,,,,,,,,,,,,,,,,,,,,,,,,,,,,,
  ,,,,,,,, [ 2874588751 ],,,,,,,,,,,, [ 4104216187 ],,,,,,,,,,,,,,,,,,,,,,,, 
  [ 1681998319, 4997074681 ],,,,,,,,,,,,,,,,,,,,,,,,,,,,,,,,,,,,,,,,,,,,,,,,,,,,,,,,,,,,,,,,,
  ,,,,,,, [ 22089480841 ],,,,,,,,,,,, [ 2219861881 ],,,,,,,,,,,,,,,,,,,,,,,,,,,,,,,,,,,,,,,,,
  ,,,,,,,,,,,,,,,,,,, [ 1012168081, 3743128621 ],,,,,,,,,,,, [ 64258095409 ],,,,,,,,,,,,,,,,,
  ,,,,,,, [ 715365017767 ],,,,,,,,,,,,,,,,,,,,,,,,,,,,,,,,,,,,,,,,,,,,,,,, [ 35503584439 ],,,
  ,,,,,,,,,,,,,,,,,,,,,,,,,,,,,,,,, [ 4395435301 ],,,,,,,,,,,,,,,,,,,,,,,,,,,,,,,,,,,, 
  [ 1120615471, 2052757513, 46850279449 ],,,,,,,,,,,,,,,,,,,,,,,,,,,,,,,,,,,,,,,,,,,,,,,,,,,,
  ,, [ 51135280561, 513285960601 ],,,,,,,,,,,,,,,,,,,,,,,,,,,,,,,,,,,,,,,,,,,,,,,,,,,,,, 
  [ 71315474473 ],,,,,,,,,,,, [ 72865220059 ],,,,,,,,,,,, [ 2811872953 ],,,,,,,,,,,, 
  [ 2246050111 ],,,,,,,,,,,,,,,,,,,,,,,, [ 489993989941, 1530225953803 ],,,,,,,,,,,,,,,,,,,,,
  ,,, [ 6266867461 ],,,,,,,,,,,,,,,,,,,,,,,,,,,,,,,,,,,, [ 96786374107 ],,,,,,,,,,,,,,,,,,,,,
  ,,,,,,,,,,,,,,, [ 9339409801 ],,,,,,,,,,,,,,,,,,,,,,,, [ 1387698313, 2457532981 ],,,,,,,,,,
  ,,,,,,,,,,,,,,,,,,,,,,,,,, [ 1218455941 ],,,,,,,,,,,, [ 24403305919 ],,,,,,,,,,,,,,,,,,,,,,
  ,, [ 3305391091 ],,,,,,,,,,,,,,,,,,,,,,,,,,,,,,,,,,,,,,,,,,,,,,,,,,,,,,,,,,,,,,,,,,,,,,,,,,
  ,,,,,,,,,,,,,,,,,,,,,,,,,,,,,,,,,,,,,,,,,,,,,,,,,,,,,,,,,,,,,,,,,,,,,,,,,,,,,,,,,, 
  [ 1876880587, 190719052021 ],,,,,,,,,,,,,,,,,,,,,,,, [ 1826556643 ],,,,,,,,,,,, 
  [ 2893633387, 42866609917 ],,,,,,,,,,,,,,,,,,,,,,,, [ 46167833059 ],,,,,,,,,,,,,,,,,,,,,,,,
  ,,,,,,,,,,,,,,,,,,,,,,,,,,,,,,,,,,,,,,,,,,,,,,,,,,,,,,,,,,,,,,,,,,,,,,,,,,,,,,,,,,,, 
  [ 1716012271 ],,,,,,,,,,,,,,,,,,,,,,,,,,,,,,,,,,,,,,,,,,,,,,,,,,,,,,,,,,,,,,,,,,,,,,,,,,,,,
  ,,,,,,,,,,,,,,,,,,, [ 42066557803 ],,,,,,,,,,,,,,,,,,,,,,,, [ 2554529521 ],,,,,,,,,,,,,,,,,
  ,,,,,,, [ 4724135677 ],,,,,,,,,,,, [ 17705907253 ],,,,,,,,,,,,,,,,,,,,,,,,,,,,,,,,,,,, 
  [ 1658946397 ],,,,,,,,,,,, [ 80308322929 ],,,,,,,,,,,,,,,,,,,,,,,, 
  [ 2731245019, 62466651433 ],,,,,,,,,,,,,,,,,,,,,,,,,,,,,,,,,,,,,,,,,,,,,,,,,,,,,,,,,,,,,,,,
  ,,,,,,,,,,,,,,,,,,,,,,,,,,,,,,,,,,,,,,,,,,,, [ 9360087367 ],,,,,,,,,,,, [ 14886520507 ],,,,
  ,,,,,,,, [ 151036774171 ],,,,,,,,,,,,,,,,,,,,,,,, [ 126662075191 ],,,,,,,,,,,,,,,,,,,,,,,, 
  [ 3629118349 ],,,,,,,,,,,,,,,,,,,,,,,, [ 4572459163 ],,,,,,,,,,,,,,,,,,,,,,,,,,,,,,,,,,,,,,
  ,,,,,,,,,, [ 19848708001 ],,,,,,,,,,,, [ 29230906429 ],,,,,,,,,,,, [ 2438835967 ],,,,,,,,,,
  ,,,,,,,,,,,,,,,,,,,,,,,,,,,,,,,,,,,,,,,,,,,,,,,,,,,,,,,,,,,,,,,,,,,,,,,,,, [ 5357762173 ],,
  ,,,,,,,,,,,,,,,,,,,,,,,,,,,,,,,,,,,,,,,,,,,,,,,,,,,,,,,,,,,,,,,,,,,,,,,,,,,,,,,,,,,,,,,,,,,
  ,,,,,,,,,,,,,,,,,,,,,,,,,,,,,,,,,,,,,,,,,,,,,,,,,,,,,,,,,,,,,,, [ 3249597979 ],,,,,,,,,,,, 
  [ 63782366551 ],,,,,,,,,,,,,,,,,,,,,,,,,,,,,,,,,,,,,,,,,,,,,,,, [ 6934796959 ],,,,,,,,,,,,,
  ,,,,,,,,,,,,,,,,,,,,,,,,,,,,,,,,,,, [ 49165049539 ],,,,,,,,,,,,,,,,,,,,,,,, 
  [ 11428913249029 ],,,,,,,,,,,,,,,,,,,,,,,,,,,,,,,,,,,,,,,,,,,,,,,,,,,,,,,,,,,, 
  [ 1457323459, 6228507463 ],,,,,,,,,,,, [ 17105858059 ],,,,,,,,,,,, [ 15086199511 ],,,,,,,,,
  ,,, [ 13377733987 ],,,,,,,,,,,, [ 34359274921 ],,,,,,,,,,,,,,,,,,,,,,,, [ 1578424849 ],,,,,
  ,,,,,,,,,,,,,,,,,,,,,,,,,,,,,,,,,,,,,,,,,,, [ 7803419641, 838480344073 ],,,,,,,,,,,,,,,,,,,
  ,,,,,,,,,,,,,,,,,,,,,,,,,,,,,,,,,,,,,,,,,,,,,,,,,,,,, [ 223099233673 ],,,,,,,,,,,,,,,,,,,,,
  ,,,,,,,,,,,,,,,,,,,,,,,,,,,,,,,,,,,,,,,,,,,,,,,,,,,,,,,,,,,,,,,,,,,,,,,,,,,,,,,,,,,,,,,,,,,
  ,,,,,,,,,,,,,,,,,,,,,,,,,,,,,,,,,,,,,,,,,,,,,,,,,,,,,,,,,,,,,,,,,,,,,,,,,,,,,,,,,,,,,,,,,,,
  ,,,,,,,,,,,,,,,,,,,,,,,,,,,,,,,,,,,,, [ 1869287557, 2682606109 ],,,,,,,,,,,, 
  [ 6511689001, 21222857701 ],,,,,,,,,,,, [ 7103078713, 8170955623 ],,,,,,,,,,,, 
  [ 22820742738091 ],,,,,,,,,,,,,,,,,,,,,,,,,,,,,,,,,,,,,,,,,,,,,,,, [ 2329475890477 ],,,,,,,
  ,,,,,,,,,,,,,,,,,,,,,,,,,,,,, [ 1570480831 ],,,,,,,,,,,,,,,,,,,,,,,,,,,,,,,,,,,, 
  [ 4240638439 ],,,,,,,,,,,,,,,,,,,,,,,,,,,,,,,,,,,,,,,,,,,,,,,,,,,,,,,,,,,,,,,,,,,,,,,,,,,,,
  ,,,,,,, [ 2133973279 ],,,,,,,,,,,, [ 28197841351 ],,,,,,,,,,,,,,,,,,,,,,,, 
  [ 7125510231559 ],,,,,,,,,,,, [ 4615610569 ],,,,,,,,,,,,,,,,,,,,,,,,,,,,,,,,,,,,,,,,,,,,,,,
  ,,,,,,,,,,,,,,,,,,,,,,,,,,,,,,,,,,,,,,,,,,,,,,,,,,,,,,,,,,,,, [ 22274942047 ],,,,,,,,,,,,,,
  ,,,,,,,,,,,,,,,,,,,,,,,,,,,,,,,,,,,,,,,,,,,,,,,,,,,,,,,,,, 
  [ 2444025763, 23542845889, 99590829391 ],,,,,,,,,,,, [ 556651001602291 ],,,,,,,,,,,, 
  [ 2542897801 ],,,,,,,,,,,,,,,,,,,,,,,, [ 15916057447 ],,,,,,,,,,,,,,,,,,,,,,,,,,,,,,,,,,,,,
  ,,,,,,,,,,, [ 10861000921 ],,,,,,,,,,,,,,,,,,,,,,,,,,,,,,,,,,,,,,,,,,,,,,,,,,,,,,,,,,,,,,,,
  ,,,,,,,,,,,,,,,,,,,,,,,,,,,,,,,,,,,,,,,,,,,, [ 34005977318611 ],,,,,,,,,,,, 
  [ 71823974143 ],,,,,,,,,,,,,,,,,,,,,,,,,,,,,,,,,,,,,,,,,,,,,,,,,,,,,,,,,,,,,,,,,,,,,,,,,,,,
  ,,,,,,,,,,,,,,,,,,,,,,,,,,,,,,,,,,,,,,,,,,,, [ 181362242377 ],,,,,,,,,,,,,,,,,,,,,,,,,,,,,,
  ,,,,,,,,,,,,,,,,,,,,,,,,,,,,,, [ 4162822399, 6516803101 ],,,,,,,,,,,,,,,,,,,,,,,,,,,,,,,,,,
  ,,,,,,,,,,,,,, [ 25918005301 ],,,,,,,,,,,, [ 8151608557 ],,,,,,,,,,,,,,,,,,,,,,,,,,,,,,,,,,
  ,,,,,,,,,,,,,,,,,,,,,,,,,,,,,,,,,,,,,, [ 9432605593 ],,,,,,,,,,,,,,,,,,,,,,,,,,,,,,,,,,,,,,
  ,,,,,,,,,,,,,,,,,,,,,, [ 241648596703 ],,,,,,,,,,,,,,,,,,,,,,,,,,,,,,,,,,,,,,,,,,,,,,,, 
  [ 1518284323 ],,,,,,,,,,,,,,,,,,,,,,,, [ 6248688349, 7007992507 ],,,,,,,,,,,, 
  [ 1690484329 ],,,,,,,,,,,,,,,,,,,,,,,, [ 35925010777, 11916314066389 ],,,,,,,,,,,,,,,,,,,,,
  ,,, [ 2386183711, 66640704429961 ],,,,,,,,,,,,,,,,,,,,,,,, [ 1326870001 ],,,,,,,,,,,,,,,,,,
  ,,,,,,,,,,,,,,,,,,,,,,,,,,,,,,,,,,,,,,,,,, [ 1248450481 ],,,,,,,,,,,, [ 9403134859 ],,,,,,,
  ,,,,,,,,,,,,,,,,, [ 1339783069, 5985537109 ],,,,,,,,,,,,,,,,,,,,,,,,,,,,,,,,,,,, 
  [ 3465129079 ],,,,,,,,,,,, [ 442304354647, 4668219695701 ],,,,,,,,,,,, [ 5267298667 ],,,,,,
  ,,,,,,,,,,,,,,,,,,,,,,,,,,,,,, [ 13116493447 ],,,,,,,,,,,, [ 7693215715291 ],,,,,,,,,,,, 
  [ 3902932477 ],,,,,,,,,,,,,,,,,,,,,,,, [ 2327491381 ],,,,,,,,,,,, [ 52500308851 ],,,,,,,,,,
  ,,,,,,,,,,,,,,,,,,,,,,,,,,,,,,,,,,,,,,,,,,,,,,,,,,,,,,,,,,,,,, [ 2440055053 ],,,,,,,,,,,, 
  [ 13203215533, 21682663393, 66684828913 ],,,,,,,,,,,, [ 1934733301 ],,,,,,,,,,,, 
  [ 8757138601 ],,,,,,,,,,,,,,,,,,,,,,,, [ 12587160697 ],,,,,,,,,,,,,,,,,,,,,,,,,,,,,,,,,,,,,
  ,,,,,,,,,,,,,,,,,,,,,,,,,,,,,,,,,,, [ 71642612953 ],,,,,,,,,,,,,,,,,,,,,,,,,,,,,,,,,,,, 
  [ 2413526779, 20400068677 ],,,,,,,,,,,,,,,,,,,,,,,, [ 51251347087 ],,,,,,,,,,,,,,,,,,,,,,,,
  ,,,,,,,,,,,, [ 8940937339 ],,,,,,,,,,,,,,,,,,,,,,,,,,,,,,,,,,,,,,,,,,,,,,,,,,,,,,,,,,,, 
  [ 1393094809 ],,,,,,,,,,,,,,,,,,,,,,,,,,,,,,,,,,,,,,,,,,,,,,,,,,,,,,,,,,,,,,,,,,,,,,,,,,,,,
  ,,,,,,,,,,,,,,,,,,,,,,,,,,,,,,, [ 69273536041 ],,,,,,,,,,,,,,,,,,,,,,,,,,,,,,,,,,,,,,,,,,,,
  ,,,,,,,,,,,,,,,,,,,,,,,,,,,,,,,,,,,,,,,,,,,,,,,,,,,,,,,,,,,,,,,,,,,,,,,,,,,,,,,,,,,,,,,,,,,
  ,,,,,,,,,,,,,,,,,,,,,,,,,,,,,,,,,,,,,,,,,,,,, [ 1658947501, 2203560001 ],,,,,,,,,,,,,,,,,,,
  ,,,,,,,,,,,,,,,,,,,,,,,,,,,,,,,,,,,,,,,,, [ 1210656331 ],,,,,,,,,,,,,,,,,,,,,,,,,,,,,,,,,,,
  ,,,,,,,,,,,,,,,,,,,,,,,,,,,,,,,,,,,,,,,,,,,,,,,,,,,,,,,,,,,,,,,,,,,,,,,,,,,,,,,,,,,,,,,,,,,
  ,,,,,,,,,,,,,,,,,,,,,,,,,,,,,,,,,,,,,,,,,,,,,,,,,,,,,,,,,,,,,,,,,,,,,,,,,,,,,,,,,,,,,,,,,,,
  ,,,,,,,,,,,,,,,,,,,,,,,,,,,,,,,,,,,,,,,,,,,,,,,,,,,,,,,,,,,,,,,,,,,,,,,,,,,,,,,,,,,,,,,,,,,
  ,,,,,,,,,,,,,,,,,,,,,,,,,,,,,,,,,,,,,,,,,,,,,,,,,,,, [ 5803127887951 ],,,,,,,,,,,,,,,,,,,,,
  ,,,,,,,,,,,,,,,,,,,,,,,,,,,,,,,,,,,,,,,,,,,,,,,,,,,,,,,,,,,,,,,,,,,,,,,,,,,,,,,,,,,,,,,,,,,
  ,,,,,,,,,,,,,,,,,,,, [ 2317322701, 4234215343 ],,,,,,,,,,,,,,,,,,,,,,,,,,,,,,,,,,,,,,,,,,,,
  ,,,,,,,,,,,,,,,,,,,,,,,,,,,,,,,,,,,,,,,,,,,,,,,,,,,,,,,,,,,,,,,,,,,,,,,,,,,,,,,,,,,,,,,,,,,
  ,,,,,,,,, [ 18412931263 ],,,,,,,,,,,,,,,,,,,,,,,,,,,,,,,,,,,,,,,,,,,,,,,,,,,,,,,,,,,,,,,,,,
  ,,,,,,,,,,,,,,,,,, [ 27433332301 ],,,,,,,,,,,,,,,,,,,,,,,,,,,,,,,,,,,,,,,,,,,,,,,,,,,,,,,,,
  ,,,,,,,,,,,,,,,,,,,,,,,,,,,,,,,,,,,,,,,,,,,,,,,,,,,,,,,,,,,,,,,,,,,,,,,,,,,,,,,,,,,,,,,,,,,
  ,,,,,,,,,,,,,,,,,,,,,,,,,,,,,,,,,,,,,,,,,,,,,,,,,,,,,,,,,,,,,,,,,,,,,,,,,,,,,,,,,,,,,,,,,,,
  , [ 1461909151, 16612240803121 ],,,,,,,,,,,,,,,,,,,,,,,,,,,,,,,,,,,,,,,,,,,,,,,,,,,,,,,,,,,
  , [ 7241741911, 565997589991 ],,,,,,,,,,,,,,,,,,,,,,,,,,,,,,,,,,,,,,,,,,,,,,,,,,,,,,,,,,,,,
  ,,,,,,,,,,,,,,,,,,,,,,,,,,,,,,,,,,,,,,,,,,,,,,,,,,,,,,,,,,,,,,,,,,,,,,,,,,,,,,,,,,, 
  [ 1071915769 ],,,,,,,,,,,,,,,,,,,,,,,,,,,,,,,,,,,,,,,,,,,,,,,,,,,,,,,,,,,,,,,,,,,,,,,,,,,,,
  ,,,,,,,,,,,,,,,,,,,,,,,,,,,,,,,,,,,,,,,,,,,,,,,,,,,,,,,,,,,,,,,,,,,,,,,,,,,,,,,,,,,,,,,,,,,
  ,,,,,,,,,,,,,,,,,,,,,,,,,,,,,,,,,,,,,,,,,,,,,,,, [ 1569829141 ],,,,,,,,,,,,,,,,,,,,,,,,,,,,
  ,,,,,,,,,,,,,,,,,,,,,,,,,,,,,,,,,,,,,,,,,,,,,,,,,,,,,,,,,,,,,,,,,,,,,,,,,,,,,,,,,,,,,,,,,,,
  , [ 41220556021 ],,,,,,,,,,,,,,,,,,,,,,,,,,,,,,,,,,,,,,,,,,,,,,,,,,,,,,,,,,,,,,,,,,,,,,,,,,
  ,,,,,,,,,,,,,,,,,,,,,,,,,,,,,,,,,,,,,,,,,,,,,,,,,,,,,,,,,,,,,,,,,,,,,,,,,,,,,,,,,,,,,,,,,,,
  ,,,,,,,,,,,,,,,,,,,,,,,,,,,,,,,,,,,,,,,,,,,,,,,,,,,,,,,,,,,,,,,,,,,,,,,,,,,,,,,,,,,,,,,,,,,
  ,,,,,,,,,,,,,,,,,,,,,,,,,,,,,,,,,,,,,,,,,,,, [ 2384538571 ],,,,,,,,,,,,,,,,,,,,,,,,,,,,,,,,
  ,,,,,,,,,,,,,,,,,,,,,,,,,,,, [ 1279228441, 1016092998961 ],,,,,,,,,,,,,,,,,,,,,,,,,,,,,,,,,
  ,,,,,,,,,,,,,,,,,,,,,,,,,,, [ 1119998881 ],,,,,,,,,,,,,,,,,,,,,,,,,,,,,,,,,,,,,,,,,,,,,,,,,
  ,,,,,,,,,,,,,,,,,,,,,,,,,,,,,,,,,,,,,,,,,,,,,,,,,,,,,,,,,,,,,,,,,,,,,,, [ 17079536101 ],,,,
  ,,,,,,,,,,,,,,,,,,,,,,,,,,,,,,,,,,,,,,,,,,,,,,,,,,,,,,,,,,,,,,,,,,,,,,,,,,,,,,,,,,,,,,,,,,,
  ,,,,,,,,,,,,,,,,,,,,,,,,,,,,,,,,,,,,,,,,,,,,,,,,,,,,,,,,,,,,,,,,,,,,,,,,,,,,,,,,,,,,, 
  [ 136099880071 ],,,,,,,,,,,,,,,,,,,,,,,,,,,,,,,,,,,,,,,,,,,,,,,,,,,,,,,,,,,, 
  [ 222288341221 ],,,,,,,,,,,,,,,,,,,,,,,,,,,,,,,,,,,,,,,,,,,,,,,,,,,,,,,,,,,,,,,,,,,,,,,,,,,
  ,,,,,,,,,,,,,,,,,,,,,,,,,,,,,,,,,,,,,,,,,,,,,,,,,,,,,,,,,,,,,,,,,,,,,,,,,,,,,,,,,,,,,,,,,,,
  ,,,,,,,,,,,,,,,,,,,,,,,,,,,,,,,,,,,,,,,,,,,,,,,,,,,,,,,,,,,,,,,,,,,,,,,,,,,,,,,,,,,,,,,,,,,
  ,,,,,,,,,,,,,,,,,,,,,,,,,,,,,,,,,,,,,,,,,,,,,,,,,,,,,,,,,,,,,,,,,,,,,,,,,,,,,,,,,,,,,,,,,,,
  ,,,,,,,,,,,,,,,,,,,,,,,,,,,,,,,,,,,,,,,,,,,,,,,,,,,,,,,,,,,,,,,,,,,,,,,,,,,,,,,,,,,,,,,,,,,
  ,,,,,,,,,,,,,,,,,,,,,,,,,,,,,,,,,,,,,,,,,,,,,,,,,,,,,,,,,,,,,,,,,,,,,,,,,,,,,,,,,,,,,,,,,,,
  ,,,,,,,,,,,,,,,,,,,,,,,,,,,,,,,,,,,,,,,,,,,,,,,,,,,,,,,,,,,,,,,,,,,,,,,,,,,,,,,,,,,,,,,,,,,
  ,,,,,,,,,,,,,,,,,,,,,,,,,,,,,,,,,,,,,,,,,,,,,,,,,,,,,,,,,,,,,,,,,,,,,,,,,,,,,,,,,,,,,,,,,,,
  ,,,,,,,,,,,,,,,,,,,,,,,,,,,,,,,,,,,,,,,,,,,,,,,,,,,,,,,,,,,,,,,,,,,,,,,,,,,,,,,,,,,,,,,,,,,
  ,,,,,,,,,,,,,,,,,,,,,,,,,,,,,,,,,,,,, [ 1046218291, 3146043031 ],,,,,,,,,,,,,,,,,,,,,,,,,,,
  ,,,,,,,,,,,,,,,,,,,,,,,,,,,,,,,,, [ 768001277317051 ],,,,,,,,,,,,,,,,,,,,,,,,,,,,,,,,,,,,,,
  ,,,,,,,,,,,,,,,,,,,,,,,,,,,,,,,,,,,,,,,,,,,,,,,,,,,,,,,,,,,,,,,,,,,,,,,,,,,,,,,,,,,,,,,,,,,
  ,,,,,,,,,,,,,,,,,,,,,,,,,,,,,,,,,,,,,,,,,,,,,,,,,,,,,,,,,,,,,,,,,,,,,,,,,,,,,,,,,,,,,,,,,,,
  ,,,,,,,,,,,,,,,,,,,,,,,,,,,,,,,,,,,,,,,,,,,,,,,,,,,,,,,,,,,,,,,,,,,,,,,,,,,,,,,,,,,,,,,,,,,
  ,,,,,,,,,,,,,,,,,,,,,,,,,,,,,,,,,,,,,,,,,,,,,,,,, [ 1703072251 ] ]);
