BRENTFACTORS[118]:=MakeImmutable([ ,,,,,,,,,,,,,,,, [ 1489135176323929 ],, 
  [ 1333654468109016271 ],, [ 3659447191 ],,,, [ 68656449451 ],,,, [ 323548612134555797443 ],
  , [ 842957181693764897554337167 ],, [ 2791665269713 ], [ 6263060649577 ], [ 2365082021 ],, 
  [ 1112822665266799, 609548369757697129 ], [ 16671171749 ],, [ 511405102801 ], 
  [ 284332363373, 6729302753741131478899 ], [ 182771472409 ], 
  [ 1133641939, 62988712541, 177511534547, 1357931503517212807 ], [ 1489901953 ],,, 
  [ 243372762844375554817443605932842041 ],, [ 11327929754023, 468101907089666212244050177 ],
  [ 2050159651 ],,, [ 6177413303165648875435757955466681939009290421 ],, 
  [ 77888524414422521549798241380054561 ],, [ 8791725157249501003 ], [ 102692802539 ], 
  [ 1227262767658112148409, 139844320512911324961772477947113049858361 ],, 
  [ 1205830235852444647705229852775441164165021335858867 ],, [ 2239006519, 1209182402359 ], 
  [ 11445757284289, 1983470795810857153 ], [ 44345867107281643025851 ], [ 1023647582233 ], 
  [ 2563931365185375451260637598797 ],, [ 3555947383683339201495347947292712977449 ], 
  [ 247426933182219841 ],, [ 171350027929, 360619482889 ],, [ 25474996077649 ], 
  [ 45170536435625380344578701 ], [ 19599424997, 17149352349011088569795849 ], 
  [ 13933945873 ], [ 10366317547, 1202833128433, 2062326598879 ], 
  [ 119183838619421375121307516049, 314528561280608257309548276678291547 ], 
  [ 9874319761, 5628633523002238090794481 ], 
  [ 176170517834009487879547361881, 294624333555992285995975462453 ],, 
  [ 1000939960967, 256994055061191409800574770907 ], [ 3128088246937249 ],, 
  [ 15515886044053 ],, [ 1794770761662942027059063053870753 ],, [ 6575907691, 282160098091 ],
  [ 5553979839296015498099, 21640119363434928363831643 ], 
  [ 472025808613, 2127492717614053, 2619568783109401 ], 
  [ 171464459559569863, 439492990209693313 ], [ 366881365783, 228853409602644307652029 ], 
  [ 1103776310186332241, 112687180874719442801, 
      2041106404846604446214219906741247094175423290413751 ], [ 9460002049 ], 
  [ 1046479279052335587119, 2743282858218429859638181, 
      18834299778623719874946042849896000521928088961 ], [ 37517649240667 ], 
  [ 751667755483115461, 3407161359036139047220382134900415443 ], 
  [ 54677878331265092963401275555536801 ], [ 41926096706381 ],, 
  [ 757743906425231913263767322491 ], [ 1320433211761, 129428967841073074201 ], 
  [ 7967892111008190271, 37276144722660987986644140454501 ], 
  [ 2425412713, 37781824267037, 349992222306548698977629075133097827878377 ], 
  [ 390750139649, 31881385335057115727 ], [ 728214370957 ], [ 3592789331 ], 
  [ 133095618566850294492721 ], [ 93590880533347, 317591653291196683293222603063973 ], 
  [ 405060416859281 ], [ 390242550603047, 27748406269671995513 ], 
  [ 169326107100187, 175666216082281 ], [ 5218236476135933600421751 ], 
  [ 92088244491493294927482564983582461419111476993 ], 
  [ 64287147253915914340266489599941006873 ], [ 103300235368976769431646959489706173772529 ],
  [ 1642610194429 ], [ 466856965004641 ], [ 6072702989 ], [ 30279177073, 355276044817 ], 
  [ 39688159327, 409272670087, 3604512423963554314774021, 22472366483113867464463597 ], 
  [ 39506672783784750455859936876796746076901836142981 ], 
  [ 78772386751, 27456303650587050774204751 ], [ 4145688591666445156789 ], [ 6307006691 ], 
  [ 12618985104001, 1541946415434408449, 7600746004362373204518915073, 
      1192637402688906845579866381128833 ], [ 3931555708616187142390819 ], 
  [ 73487034772321691, 17807471632129478165231 ],, 
  [ 2245370293, 40350749737, 627731858868038170058119693 ], [ 6025671135365139919560776003 ],
  [ 24773022376352658724573652294839381324234023947713 ], 
  [ 448542657129718531, 2659046010257204061662672399774270521, 
      11719061443702378129454745765965880923791 ], 
  [ 2086971727873, 17187876004561, 1338916147027711624690085353, 
      88510409531513000071921299841 ], 
  [ 2340307285413563, 7530653417238721519, 19098860843761424657, 193030942835565692449379687 
     ], [ 2664527461 ],,, 
  [ 1385653249, 7623650139864842114896720201, 12915648418365967362968821856137 ], 
  [ 1152319914451, 818944788922967509307 ], [ 150384348973 ], 
  [ 576897755269323734050668016897 ], [ 633332856001 ], [ 10111024433, 29648424074474658751 ]
   ,, [ 3418444357, 52229517526009, 5885118326057858244209 ],, 
  [ 7422762117906001, 92234976874641751 ], [ 2109064067909 ], 
  [ 6943807489, 57604733377215071887961798406409, 244901123136677391031671069718260539678681 
     ],, [ 135885912812959, 1593462027541805730946099, 833938793690556663104497035073 ], 
  [ 15659608011431 ], [ 39175095088941397, 876662687496057541, 57415910027032332529437529 ],
  , [ 5196701959507240398809602963 ], [ 5421012499244242363, 25639818898064663709184514269 ],
  [ 18978020633281, 36153838622438634306491332267577040543041 ], [ 5954578561 ], 
  [ 1562416093792350230597587898002668740746174576729896853 ],, [ 63300672487161061347361 ], 
  [ 255561677664001808573102537243530141 ], 
  [ 18702955456603447, 1122326114959031284706048430651329, 
      8176433382008219868990297293852971 ],, 
  [ 1441607161, 10354982401, 887487413145313, 4460167830561913 ], [ 17566202057 ],,, 
  [ 2262571172725577995686049303585889 ], [ 103275442987907417813, 1515798672452541478607 ], 
  [ 1125941821 ], 
  [ 60332106214097068051, 1357073856109869333101, 407859918938380126357474651, 
      1388078023798483739589316051 ], [ 856611443249 ], 
  [ 1850298883, 396932974118293531525441, 38594021510967441950771833 ], 
  [ 54071764890130166390422788151, 1020685187046970074593256804059506033, 
      22487198895167892223660474445700748092320477 ], 
  [ 58721191651, 465947996329, 13276493804827405404283322359 ],,, 
  [ 15663802519, 5683917042016714922436107, 66804680675330837895863139319852921 ],, 
  [ 10920734593469715919665995593 ],, 
  [ 1723318440866983, 113034787116471349122481, 21621009274357812126992966731321 ], 
  [ 287602674721607005223, 59270441018589066235780273 ], [ 76553814509 ], 
  [ 211800522695311999 ], 
  [ 6428500908059255131, 2024234660488613559087394031, 7146176744568548563168081782908283971 
     ],,,, [ 331544208850963, 37275570656773061, 89091363123766780723 ], 
  [ 19173286861, 784602592021 ], 
  [ 284876348569, 2724230151238074389, 12495435005982849032393, 575162382612189316335932969 ]
    , [ 167810558857, 2991958278599429 ], 
  [ 428827432771, 40192935078979, 19675581901687503759040327 ], 
  [ 2002867466045009, 6737207155850761737107 ], [ 104144817688989404343437801 ], 
  [ 39533938953488353611187 ], [ 46139706534680365372343866363 ], 
  [ 38251792566626455573704347 ], [ 154445446693 ], 
  [ 29874285509046558941, 2580840373681583133067657081 ], 
  [ 1808378562076478387929, 233364820728534146562952199 ], [ 43224426379 ], [ 32628488257 ],
  , [ 58795209271 ], [ 1013935603 ],, [ 9516295573, 377695516902812041 ], 
  [ 2447213693, 17063442616084868875368296689 ],, [ 2446926412694381208196273 ], 
  [ 61902972419, 207517142516912141057173 ],, [ 2795790385335520831 ], 
  [ 22325356021, 24118517388977158673927941, 5599971112817138738309089781 ], 
  [ 622042275282011039, 3571105430346893687, 75457266183303544801, 670944422363684305409, 
      327925800772772748074246797 ], 
  [ 4166860844569, 353873238873937309749331, 453563922643028820561229, 
      2034708096651792163116821692370329 ], [ 11893153683684297968636127091 ], 
  [ 63859995709007894717848801, 2443973998216382153400377633 ], 
  [ 3736401751, 7189744576867773751 ],, [ 1385189867, 438455827237 ], 
  [ 1434345949, 646146014082650528859842755939969 ], 
  [ 41079181489, 396121712674823, 29517357521524083413, 512125313938540487099 ], 
  [ 78912078851 ],, [ 165456766182237705158857 ], 
  [ 44110780849, 616608827286173247674989, 3582280047410857494853506263 ],,, 
  [ 75823318756263919063081, 1653921551555587486879577281 ], 
  [ 3105179588868224329212495847, 8772742054074807805495928797 ], 
  [ 691529307614563181, 152478540042201139626033296417, 22751543391326767558793346803653687, 
      285637842158726803269384587994803760344821 ], [ 128051565881824194372467 ], 
  [ 39871857366539757224339521 ], 
  [ 13400204911, 13510459037, 330963088010008373, 2394353507261215001, 507919798560494568197,
      225022791920375864448661 ], [ 11533465334689, 337694569004999449 ], 
  [ 4184294268169, 430297238150976802159, 47272122231680934195292169250967 ],, 
  [ 66759306671, 14039512587795941, 523285472770729463271151991 ], 
  [ 7217049601, 79747187294569, 1578574197078595063, 30055230349678118183872306759430029681 ]
    , [ 3524990338663, 5895927522005918916559 ],, [ 19501772629, 93067067179, 699470833687 ],
  [ 1871607559618501, 91936890886565046251, 68330242674543018973002120001 ],, 
  [ 22945393260217 ], [ 20418318449, 6841581501326749, 148503446448653077054064111 ], 
  [ 3146288301773, 991776198982576663037, 60132274439008601860421, 
      42973308318488486279472258059 ], [ 36178171757162101 ], [ 660678068737 ], 
  [ 1977078007516589, 517140184351965043, 674250584455226861, 5528636276345679577 ], 
  [ 100168773103004414860789 ],, [ 20063477981, 30533281216657441, 1408218738562734317441 ],,
  , [ 202475837353, 10398452409103965111071266200671 ],,, 
  [ 985793045766761, 364467299019698802047, 969295107714224857626887 ], [ 10022122681 ],,, 
  [ 921569826818019601 ],,, [ 34987892667907728277 ], [ 2633804177 ],, 
  [ 9155518093, 3879001771461577, 41416908793218513456428173 ],,, [ 6712290253 ], 
  [ 2481663101732921 ], [ 9392781159986109942447876193 ], [ 1373779921, 45195632909857 ],, 
  [ 76446527481997 ], [ 8884986617401 ],, [ 257900707059079631, 611849188710344341 ], 
  [ 3170345323760929, 35646699536063087041 ],,, [ 25185379322409268789881139 ], 
  [ 376546095517, 482532091889, 127984198925873 ], 
  [ 12952627561, 221830547879, 25222739323820381912399883319 ], 
  [ 213685887031, 4397199072720770480567380027 ],,, [ 791973248932563787 ], 
  [ 3752593982996347, 17380859315507119, 1604165674024018793 ],, 
  [ 43435653937073970571025592779401 ],, [ 751839556993055307776887 ], 
  [ 65028466778413745015443141 ], [ 1699933795138115923058656561 ],, 
  [ 80619914808236225788057, 65231684841436037371216504909, 
      1424798621440970447760599912028134703518655876868201 ], 
  [ 114101107919598306772049149 ], [ 6195855359233, 8462814322117, 6022605309285797 ], 
  [ 6411911299, 7006025152916401 ],, [ 1128665029 ], [ 1138975969, 677134322647061761 ],, 
  [ 10788276791434523, 17032939360941369347, 1726830413308672564665277 ], [ 358795667161 ],, 
  [ 296878784479, 474821734045823 ], [ 1676314311033472291, 2342250916973655991 ], 
  [ 78310928145517, 10566324108230708137 ],, [ 112216102660573 ],,,, [ 3332816690963272501 ],
  [ 13357876378997656198411, 53973639129739128657418618335256193 ], [ 6066772959463 ], 
  [ 54752038531049 ], [ 106707258999216443 ], [ 13256471911 ], [ 339743459025884778637 ],, 
  [ 10373707243 ], [ 25041032535203, 119776144590744023, 86490788893705066331761564573, 
      31657174099475466598512160031334139861 ], [ 4706879577331, 1034436898841711 ], 
  [ 1562076294470169155329, 38900878197478576031332284285169, 
      63921865074849310227155645488609 ],, [ 474175588975524085821741961 ],,, 
  [ 1023889911691747 ], [ 612540465949 ], [ 66907074109 ], [ 125137025673149349019668913 ],, 
  [ 86418752488471852531, 59934992226630747601381 ], [ 19838906081, 12423864857295137 ], 
  [ 1452336937 ],, [ 5928798737051, 108873376198862801 ], 
  [ 43238429471953, 23333229742692871 ], [ 1030611918404993, 123599190339275003982032449 ], 
  [ 1270550783, 1003127966506867 ], [ 1839763448242969, 4898558118050231610372673 ],, 
  [ 4218927877, 7181464802301448273 ],, [ 73668549387411049 ], [ 6841421636152297963 ], 
  [ 5812270561, 20284934401 ],, [ 69946457759, 3054750787129934942642387918689 ], 
  [ 3253884811, 2487277481041, 95190102016549, 131184642185965923521063593 ],, 
  [ 925150978111 ],,, [ 206335764099657760082401 ],,, [ 22318436953 ],,, 
  [ 2104131481, 47390039169199, 119185783632120860029, 25254062772874272274362437 ], 
  [ 120458944519716488383255501 ], [ 39232855577, 1134054815236513 ],, 
  [ 4732869631519, 18084124902439, 156784952233981, 25060849956696967196360248099 ], 
  [ 1767734181637 ],,, [ 2695115353115753153 ],, [ 5490737281 ], [ 5434240814316931 ], 
  [ 894557386253, 330245973788126417762484711817 ], [ 49468337216753149 ], 
  [ 9886314461949579781, 2287174460329750263989842393, 12160359389752276796163123749 ],,, 
  [ 6547169099, 63732770387597, 1889817863786627443 ], [ 16930273251363529 ],, 
  [ 71457705197, 99713323001 ], [ 32729520254461 ], 
  [ 2244223407889, 157884915058417801, 2343032029388469337835797 ], [ 2197135895367461803 ],
  , [ 293240396399959, 2974021041114227265547 ], [ 87196445548001, 1313094505475264801 ],, 
  [ 114546549167310466434006191536699 ],, [ 1071423757, 8080403000862173473 ], 
  [ 11202302431, 112798500903030685385341 ], [ 7588069763 ],, [ 1841556553 ],, 
  [ 28082161121461 ], [ 2826013807 ], [ 25620121185097 ],, [ 220286791799308207 ],,,, 
  [ 545285875412357150738680487 ], [ 530629855139 ],, [ 2328956417107 ],, 
  [ 43171455509731, 1840606935154260589 ],,, 
  [ 202736113142834382217, 22652801403625068282307 ],, 
  [ 25336807493410949, 6445355256732346693 ], [ 147257863792183 ], [ 735734299237156484591 ],
  , [ 7371851041, 15548645089 ],, [ 71669243171 ],, [ 5865832344761 ],,,, [ 10856567921 ],, 
  [ 154119851242359887 ],, [ 8075059672741 ],, 
  [ 13800161175091, 1334861600558593, 403006124266970527 ], 
  [ 343516837669, 805402887097, 3214377869863 ], [ 159868390081, 192081262913 ], 
  [ 387982014862511 ], [ 341545784170811851, 24924666611259843226873651 ], 
  [ 110671320455147 ], [ 276080383115500657997, 7236034310616619500142816921 ], 
  [ 777735480799 ],,,,, [ 2724386437, 12180054791496719 ],, 
  [ 1155178023581, 1177854804645781, 1201424063449899012156061, 4884861721606740006933770281 
     ], [ 4290787927 ], [ 13202019601, 1183217783718340801663 ],, 
  [ 17531810710913, 8497781386903537, 108675146715054193 ],, [ 346326650607199536546303527 ],
  [ 2987728703 ], [ 18904353793026762639957388921 ],, 
  [ 61622481019151416381, 379206603178651010857311740161 ],, [ 482272403153 ], 
  [ 564774961147, 145577015692637 ], [ 11278700314985086303 ], [ 288520165268771851 ], 
  [ 55311042152065393 ],, [ 708471755978901355522139 ],, [ 155557873921 ],, 
  [ 555158840711906251, 4498858659027667019, 1185125671175635737869 ],, 
  [ 130447823934952614289 ], [ 3354260971 ],, [ 10214273800739, 64588814864614121 ], 
  [ 3500195129, 856544986369, 21534472545857 ], [ 3477793901768629, 357231993225932197 ], 
  [ 4925916101 ],, [ 12203147572398693457, 993592486635644246393641 ],, 
  [ 449453331101809513888319 ], [ 142047064771921, 159363510513431127751 ], 
  [ 95726818876351217 ],, [ 1175442851273004977741263, 37621035593535029779780742929 ],, 
  [ 7636963001 ],, [ 22648426777, 247713274979, 60949144131975966757626877943 ],, 
  [ 11828481337, 136952871049 ], [ 88401497351 ], [ 7118448117199 ], 
  [ 14899936039, 289319559127, 66750420504668018579761 ],,, 
  [ 893389958161, 6960440111371, 377373062561881159606327250911 ],, 
  [ 15605219123502938152892260261889 ], [ 74867360767201 ], 
  [ 1340108790131, 27164321332442849, 279769094123263247 ],, [ 40123567117 ],, 
  [ 1615754554941577, 4493082753409997741 ], [ 1296110210383 ], [ 10486521761 ], 
  [ 1364777876713 ],,,, [ 641360270462101 ],,,,,,, 
  [ 184125197123852282317462867313, 16402107382205791948618339855652053 ], [ 70398668783 ], 
  [ 5244198404329791291289 ], [ 1432998571 ], [ 39418152537519511530761844457 ], 
  [ 245732014907362987897951 ], 
  [ 1826717805191, 485183056814199458789, 1164146427213216059293, 
      241485629934903617202679047761 ],, [ 2824937385121 ],,,, 
  [ 1020406256415047404003893574533281 ],, [ 310907660111413 ],,, [ 261728029963 ],,, 
  [ 2421662836386697 ],, [ 95699079338719 ],, [ 822441402737, 48648367293769 ], 
  [ 71261346803 ], [ 130405418029 ], [ 2958962527, 52570326563, 13605177589433 ], 
  [ 14866276044506881 ], [ 59221839337 ], [ 212425779275797 ],, [ 21005325568131710792017 ],
  , [ 11671812017, 80851056124193 ], [ 1946065801738457827 ], [ 26730557406211793 ], 
  [ 64060334693, 1384306269887 ], [ 2136888473032215243042901 ],, 
  [ 7621984823638938475807657 ], [ 202553353543, 8555302118556217 ], 
  [ 127163582309, 25785481204685231, 330154304190736019 ],, [ 2965370219781121 ], 
  [ 1620331440391, 2327021125813 ], [ 92813467853, 84544905844955758009 ], [ 8551421227 ], 
  [ 1134316856936849576581 ], [ 43195564007 ], 
  [ 221121567936133, 111825993024518564999273547961 ], [ 3192242153, 4911962102191 ], 
  [ 38793188713 ],,,, [ 8917622458440781 ], [ 608575855751057 ], [ 81892848928450201 ], 
  [ 49916131861, 10640866359457 ], 
  [ 106294100154161, 17398145530242879121, 16408485116478157902769 ], 
  [ 2286154209577746593 ], [ 104727818641843, 115964408499443114870557 ],,,, 
  [ 2603719454917314948524556377 ], [ 1432975721 ], 
  [ 3294872844001, 9033821095861003800280801 ],, [ 1414440386297 ],,, 
  [ 76071936491, 1264416168401 ], [ 3962431251130249 ],, [ 242630987295937 ], 
  [ 93633396781, 11164264539121 ],,,, [ 31904592773, 5229716450279 ], 
  [ 41416650060525528973 ], [ 172812476979328861, 934955722784772571 ],, [ 170419305611 ], 
  [ 1617171015997997749 ],, [ 4544490891963650157035861 ],,, [ 18407560874058091 ],, 
  [ 1114933751, 57558553751, 8225604058751 ], [ 172666451600683 ],,, [ 204124787107 ], 
  [ 1310466894397244107021 ], [ 5481154999 ],,,,, 
  [ 54809453009461, 574245993803281, 3165617184023557, 48412686110886434509, 
      123374072377090639009 ],, [ 7165521551 ],,, [ 186472172867 ], 
  [ 7682287033611698892514321 ], [ 1413331071062299 ],,,,,, [ 6869788782473 ], 
  [ 1722511051 ],, [ 149824279681, 15580430396751881 ], [ 9957428527 ], [ 1468821217 ],,, 
  [ 181020295517779 ], [ 889366862777 ],,,, [ 28771839367, 1020418211146223 ],,,, 
  [ 17541389661899649841 ], [ 11206756579 ], [ 4989156397, 12856335933169 ],,,,, 
  [ 53767107371 ], [ 2481100493, 1145277440493167 ], [ 188704294840768501 ],,, 
  [ 615523906161007983673, 4764712244184730198183 ], [ 1343552239, 21733293571134713 ],,, 
  [ 6079979533 ],,, [ 2586690151 ],, [ 225823119974341 ],,, [ 7402212361 ], 
  [ 7723951013, 7649876183759, 13370163479063, 27912258194371 ], 
  [ 4441141129, 393906238949, 3757403693342342129 ],, [ 509495044211, 1836254052374317 ],, 
  [ 142386907149946779433 ], [ 44569258170859 ],,,, [ 207234464276269697 ], 
  [ 42745668157019957923 ],,, [ 131250765091, 136060810891 ], [ 349374551859613381 ], 
  [ 988941659581 ], [ 75408339239549317 ], [ 18863451227 ],,,, 
  [ 2739502861, 27340073413, 756626627609 ], [ 1432094055463219, 147155330368037503 ],,,,, 
  [ 164005415653, 22811140092173 ], [ 568220533201, 440044142000401 ], 
  [ 29791842571, 10217175934169 ],,, [ 125786601838921 ],, 
  [ 817671248691158929, 2164495993915835393353 ],,,, [ 502989172617058321 ],,, 
  [ 321576553797133 ],,,,, [ 322616808487 ],, [ 16192814681, 182840380659641 ],, 
  [ 21365402536977017 ],, [ 60084603001 ],, [ 2195830859, 316581752213 ],,,, 
  [ 2894946252714445807803001 ], [ 13358285076329, 35791970651093 ],, 
  [ 2325306169, 617826981918859, 3820072799284969 ],,, [ 32910408519498501529554829 ],, 
  [ 124077866687 ], [ 26351544913 ],,, [ 363435271985660401 ],,,,,,, 
  [ 2583812317, 6122510389 ],,, [ 7388029193, 9731544761189, 263059102259893 ], 
  [ 19347251579 ], [ 115361491154671 ],,,,, [ 4345363271 ], 
  [ 786341362561, 16178343494041634881 ],,, 
  [ 1527048883, 3865215232927, 6128285248711, 41074036139737 ], [ 47779353672737 ], 
  [ 4006592403881, 1164362355759241, 353389642445830411 ],,,, [ 33072958573549 ], 
  [ 122430310831, 17132789727161 ], [ 109666481524727 ],, [ 1644201443 ],,,, 
  [ 2253096880063 ], [ 12804884060347 ],, [ 975765776801 ],,,, 
  [ 48764829493, 4179052140181, 3572153466690481 ],, [ 33585159193 ],, [ 306163926001 ],,,,, 
  [ 7442121712999 ], [ 8529706701869, 13150050069311 ],,, [ 534740140633 ],, 
  [ 14340570280219 ], [ 40779740247721 ], [ 4770187337 ], [ 539432719249 ],,, 
  [ 548709576604201 ],,,, [ 2553810769, 202673979689 ], [ 38979570541 ], 
  [ 420389728651, 97540275098419 ], [ 22589072897 ], [ 3953078137 ],,,,,,, 
  [ 319397363041, 6841704855346856881 ], [ 2400788988337 ],,,, [ 36666819671 ], 
  [ 3418657262227, 41880925033921 ], [ 1652130460751 ],,, [ 21289573841049301 ],,,, 
  [ 26569762748435356003 ],,,,,,, [ 27558930792619549 ], [ 64940270743, 551337577397 ], 
  [ 34055157133 ], [ 1276315489, 1822587577934401 ], [ 92764041091, 1565758462718491 ], 
  [ 33240921577 ],,,, [ 6034449438574771 ],,,, [ 306128680980407 ],,,,, [ 310297090921 ],,, 
  [ 328683635407, 2985384042649 ], [ 1238071695507947 ],,,, 
  [ 1570965701, 157878100379, 1210033333253, 10372324247041, 420597683253593 ], 
  [ 3430118449 ], [ 29539871579 ],,,,,,,, [ 8300468437, 7130134260523 ], [ 57226291037 ], 
  [ 39913647373 ], [ 3158404201, 2004077880954001, 22025986544145601, 50133358081247886001 ],
  , [ 6617941529 ],, [ 7431227137 ],,, [ 52480363127323 ],, [ 776545977637 ], 
  [ 75526542001 ],, [ 6465875732873638033 ], [ 14916192281, 153232142537, 270930168037 ], 
  [ 73775530138339 ], [ 3706872673725301, 22765672268136601 ], 
  [ 1460650437053, 13177503682029917 ],, [ 1786079530897726033 ], [ 86141839899877 ], 
  [ 1713787961 ],,,,, [ 2473249546951 ], [ 7108657537 ], [ 45417795823 ],, 
  [ 49459298042807669 ],, [ 9355029730999 ], [ 44649907433 ],,, 
  [ 1556657191, 511258587181, 18593344506991 ], [ 8001898633 ], [ 214877303869 ],, 
  [ 12799996466827 ], [ 1228688101, 48128626981 ], [ 64423045030231 ],,, [ 12061009471297 ], 
  [ 2456688151 ],,, [ 460017162109 ],, [ 2131659401 ],,, [ 2186250617 ],, [ 5539551991 ],, 
  [ 344241809671 ],,,,, [ 12508586562780439 ],,, [ 4130138521781 ],,, [ 149193163369363873 ],
  [ 110023960531543, 4807882856760967 ], [ 1251053779081 ],, 
  [ 1981076941, 1479779424425917, 8174391967154953, 4127664556628324317 ],,, [ 2280718051 ],
  , [ 10147223609, 3018080111609 ], [ 43373805133, 323683891075423, 3912444575990107 ], 
  [ 12227059624847 ],,, [ 803058403531 ], [ 25767343380013 ], [ 3109234793435865670201 ],,,,,
  , [ 1258377121, 9529879591, 22995451711 ],, [ 36998131009729 ], [ 195159366217 ], 
  [ 16945657658021 ],, [ 12841042767121 ], [ 3077583469, 279579992233 ],,,,, 
  [ 8428024407007 ], [ 16935366137 ],,, [ 34640978233 ],, [ 8264025218903329 ],,,,,,,, 
  [ 5239679056817 ],,, [ 4561241687 ],,,,, [ 161597534209 ], [ 15458685101 ], 
  [ 1313077879, 190039630087 ],, [ 102219401021 ],,,, 
  [ 4187262966361, 61111049276553313, 1147143315202255710193 ],, [ 354753061279 ], 
  [ 66424097521 ],, [ 707670077167 ],,, [ 97482266590801 ],,,, [ 14757342537716101 ],,,, 
  [ 19526158889, 1337734064497 ],,,, [ 19983942437 ], [ 29151789031 ], [ 1030094227 ],,,, 
  [ 3653746927 ],,, [ 3298888787 ], [ 2499488399551393 ], [ 1644392969 ], 
  [ 572304307585249 ], [ 13261759141, 176863721431 ],,, [ 3554720364073 ],,, 
  [ 11330151068881 ],,, [ 3204845678744161, 10288697971126171 ],, [ 13932330989 ],, 
  [ 4406568629 ],,,, [ 31438550043287 ], [ 9338377603 ],, [ 339461842931 ],,,,,,,,,,,,,, 
  [ 1566035437 ], [ 3738186185608601 ],,,, [ 71228843145820177, 6590214268718913793 ],,,,, 
  [ 929795852935673 ],,,,, [ 4300881071 ],, [ 43754446189 ],,,, [ 191397025121 ],,,, 
  [ 635825536169 ], [ 252127228501, 668333108251 ],,,,,,,,, 
  [ 32730973498819, 8512541719335506161 ], [ 261670048231 ], [ 18091886261377 ],,, 
  [ 16859642017 ],,, [ 10790448145709, 20881934924189 ],,,, [ 1891127718223 ],,, 
  [ 58429761493 ], [ 32694026343751 ],, [ 2038151010921815809 ],,,, [ 74523020837 ],,,, 
  [ 28302349401038761 ],, [ 31441197299 ],,, [ 6644323531 ],,,,, 
  [ 258737706631, 4589303446261 ], [ 5618247221 ],,,,,,, [ 30695955873823 ],, 
  [ 5705426611177138254242143721, 627613891347012147203401952741 ],,,,, 
  [ 2866031521, 127136417461 ],, [ 20479560271 ], [ 297658623958208136361 ],,,,,,,,,,,, 
  [ 182395084801 ], [ 192999830857919 ],,,,, [ 21990444978097 ],, 
  [ 42814073713, 8509129509457, 46256636439094657 ],,,, [ 5839437817, 479391811177 ],, 
  [ 2481431783, 470764499957 ], [ 55348032241 ],,,,,,,, [ 11252715377 ],,,, [ 5253768601 ], 
  [ 295386698393 ],, [ 358477848151 ], [ 2632724929, 3309888181 ], [ 434299182241 ],,,,, 
  [ 5544840131 ], [ 3782419309 ],, [ 15724849201 ],, [ 6651398107, 28815945049 ],,,, 
  [ 33304870467793 ],,,, [ 9890065289598751 ],,,,,,,, [ 213086500870367 ],, 
  [ 109301291821, 31630719563101 ],,,,,,,,, [ 10884403351 ],, [ 4741498547, 6228713441 ],,, 
  [ 93929727480317 ],,,, [ 93146327101, 254396516780521 ], [ 1491980054599 ],,,,, 
  [ 4147204441, 38144851153 ], [ 291683766111091 ],,,,,,,,, [ 47496836773 ],,,,,, 
  [ 61025975401 ],,,,,, [ 1756260479 ],, [ 28383974089 ],,,, [ 65155465537, 79674747108769 ],
  , [ 30645458839 ],, [ 5243196938413673 ], [ 6846140029 ], 
  [ 655855698968069, 6086601096131903 ],, [ 2525410801, 2043292806661921, 210681450276953041 
     ],,,,, [ 8519816251, 15933175351 ],, [ 141759490043 ], [ 6222434219009 ], 
  [ 2273974819, 852725924461 ], [ 20846208728171 ],,,, [ 2417803399347468953 ],, 
  [ 1040845537, 297484110944569 ],, [ 883195818619 ],,,,,, [ 10408274765953 ],,,,,, 
  [ 289030374901 ],, [ 450137849142073 ],,, [ 5253370231 ], [ 777704628373 ],,,,,, 
  [ 473076107533 ],,, [ 6809321611 ],,,,,,, [ 1183010676961, 73702377950153 ],, 
  [ 6136020193 ], [ 1418917501 ],, [ 18898110487 ],,, [ 9019227361 ],, 
  [ 26411292823, 216648021385151999 ],,,,,,, [ 4414364233 ], [ 76618908730081 ], 
  [ 1007248139 ],,, [ 1409057989, 30449263279 ],,,,,,,, [ 915340106919961 ], [ 2883403511 ],,
  , [ 7508322021831261937 ],, [ 994493100384257 ], [ 61352098273 ], [ 44612048348821 ],, 
  [ 1863976088561 ],,,,,,, [ 20982244999 ],,, [ 1105567417963 ],, [ 107328016058657 ],,,, 
  [ 43274438333117377 ],,,, [ 56744072569 ], [ 1310644729, 12572004199 ], [ 1816208821033 ],,
  ,,,, [ 101416973973121, 1009213655094721 ],, [ 2104512481 ],,, [ 454014442471 ],,, 
  [ 1314854052793 ],, [ 37132905001 ],,,, [ 1852037482859 ],, [ 31640701457 ],,,, 
  [ 1737252541, 1563503616481 ],,,,,, [ 9566952461837 ],, [ 20167990887349 ],,,,, 
  [ 642362988667 ], [ 23168875907 ],,,,,,, [ 92648593493 ],,,, [ 25327625878171 ],,,, 
  [ 11491077569 ],,, [ 1045955230703377 ],,,,,,,,, [ 42651164167, 1033833782347 ],,, 
  [ 21721295051233 ],,,, [ 18544313321, 830002613389 ],, [ 1643179189891 ],,,, 
  [ 26077554574067 ],,,,, [ 3364141453 ],,,,,, [ 19041790501 ],, [ 2412766891 ],,, 
  [ 399046284451, 267499969883191 ],,,, [ 9920735423 ],, [ 7857817794049, 16811644036609 ],,,
  ,,,,,,,,,,, [ 1706666251 ],, [ 2230602071857 ],,,,,,,, [ 2026213801 ],,,,,, 
  [ 14989056697, 286079949493111 ],, [ 1990738579649 ],,,,,, [ 115048681061 ],,,, 
  [ 275985212617, 165017154859981 ],,,, [ 4490794738907 ],, [ 5744073457 ],,,,,,,, 
  [ 74146531379329 ],,,, [ 2096574229, 4220629274569, 18237626556900661 ],,,,,,,, 
  [ 12680723074009 ],,,, [ 21427611433, 2662661833801 ], [ 132628283527 ],,, 
  [ 11295581790489049 ],, [ 31091085637, 102399631207, 684049683709807 ], [ 37924592801 ], 
  [ 1724021521, 19222468673 ],, [ 222834989199341719 ],,,,,,,,,, [ 27201618709 ], 
  [ 30881252737 ], [ 1627674225772981 ],,,, [ 1350471592903 ],,,,, 
  [ 2054007913, 5184776543, 1482709634429 ], [ 131141640171961 ], [ 127659668467 ], 
  [ 2031035777, 46379952598891 ],,,, [ 7335132349 ], [ 3548725021 ], [ 77897243761 ],,,, 
  [ 1930153370573 ],, [ 6832455673 ],,,,,, [ 1027106741 ],,,, [ 14803340033, 205577903233 ],,
  ,,,, [ 28204556521, 9103946104253381191 ],, [ 1422311851204817 ],,,, [ 2130062862813689 ],,
  , [ 105139500491 ],,,,,,, [ 68485286281 ],,,,,, [ 128483568687601 ], [ 703492479617 ], 
  [ 26617003742099 ],,,, [ 114459636995935663 ],, [ 6310483811701, 13701051955354301 ],,,,,,,
  ,,,,,, [ 5081569963 ], [ 5022975239116657 ],,,,,, [ 68809039268302561 ],, 
  [ 299878311643, 9628791423301 ], [ 3195000253 ], [ 243842732401 ],, [ 1959787197089 ], 
  [ 15899632409 ], [ 11503071361 ], [ 152254052497 ],,,,,,,,, [ 26418015729601 ], 
  [ 155755573109 ],,,,,,,,, [ 8640558029, 89174468799833 ],,, [ 40332250339 ],,, 
  [ 8459848951, 15053012171 ],, [ 1297768289 ],, [ 18122511769 ],,, [ 542758246729 ],,,,, 
  [ 220559475091 ],, [ 20835610095353 ],,, [ 5268622283 ],, [ 435582005491 ],,,,, 
  [ 7530850573 ], [ 18706690237 ], [ 10464568381 ],,,, [ 7162056808157497 ],, 
  [ 8917158661, 10756717229, 12327441719, 2166327085457 ],,,,,, [ 1131185592033281 ],,,,, 
  [ 1981623781 ], [ 94755222857767 ],, [ 44453253601, 854545105801, 6337837031401 ], 
  [ 651134534153 ],,,,, [ 43066254465361 ],,,,,,,, [ 56217469019 ],,,, 
  [ 5426637283, 47150716227733 ],,,,,, [ 6395434657, 837941381089 ],, [ 1562226997 ],, 
  [ 7658343358097 ], [ 1079441213611 ],, [ 2227572840397 ],,, [ 108900678853 ], 
  [ 21318200581 ],,,,,,,, [ 18360599993 ],,, [ 20248906913 ],,, [ 5210019751 ], 
  [ 3283300451, 9989587451, 2501397789701201 ],, [ 51903377999197 ],, [ 780053828833 ], 
  [ 3054724961, 205360642831 ],,,,, [ 48991519008070501 ],,, [ 6671127277 ], 
  [ 14404842941513 ],,, [ 10543804087 ],,, [ 1724796371 ],, [ 6966635872852101889 ], 
  [ 3563459015797 ], [ 57295713481 ],, [ 22025746429, 85407611131417 ],,,, [ 12356716139881 ]
   ,,,, [ 848427960292189 ], [ 28713613111 ],,,,,,,, [ 1406355133 ], 
  [ 577883283122191, 4360678738706346083 ],,,, [ 72366553013 ],,, [ 9596038891 ],,,, 
  [ 1429252921 ], [ 86801407123 ],, [ 89670905641, 1098779813062453 ],,,, [ 100900062089 ],,
  , [ 37305969461 ],,, [ 7465020949 ],, [ 488631111575041 ],,,, [ 231960364481 ],,,,,, 
  [ 104471977339511, 122213224977281 ],, [ 3089524957 ],,,,,,,, [ 134422780297781 ],,,,,,, 
  [ 2959700899 ],,,,, [ 1309810640016929 ],,, [ 3763206871 ],,,, [ 6070341547 ], 
  [ 899637608801 ],, [ 2165841991, 499880755603 ],,,, [ 80772073919 ],,,,,, [ 8823325517 ],,
  , [ 109627596901 ],,, [ 3107441957 ],, [ 74292916501 ],, [ 8207535518327 ],,,,,,,, 
  [ 62217288311, 309369072423611 ],,,, [ 27880115758332967 ], [ 134614524241 ], 
  [ 519809671253 ], [ 3219639287 ],,, [ 5582598001 ], [ 85376506921 ],,,,,,,,,,,,,,,, 
  [ 50674389949 ],,,,,,,,,, [ 11348155447 ],,,,, [ 587942976461201 ],, [ 1403102017 ],,, 
  [ 5179162129 ],,,,,,,,,,,,,,,,,,,,, [ 142601155831 ],,,,,,, [ 285030116281 ],,,,,,,, 
  [ 26026734739 ],,,,,,,,,,,, [ 95129476081 ],,, [ 65740235257 ], [ 30703311469 ],, 
  [ 4799959975567 ],,, [ 71397689893 ],,,,,,, [ 17553195287 ],,,,,,,,, [ 2280663131 ],,,,,,, 
  [ 549751718143 ],,,,,,, [ 51666127957, 270074140037456653 ],,,,,,,,,,, [ 2129666771 ],, 
  [ 1420891301 ],,,, [ 97399326887 ], [ 42014671807225321 ],,,, [ 255833057299 ],,,,,, 
  [ 1163551969 ],,,,,,,,,,,,,,,,,,,,,,,,,,,,, [ 247055653921 ],, [ 29296257307 ],,, 
  [ 5677035443 ],,,,,,, [ 2066463901, 4328083887553 ],,,,,,,,,,,,, [ 324230500931 ],,,,, 
  [ 4355046499 ],, [ 9049103059 ],,,,, [ 51454426043 ],,,,,,,,,,,,, [ 4461638579 ],,, 
  [ 97344570677 ],,,,,,,,,,,,, [ 2027018701 ],,,, [ 32515960619 ],,,,,,,,, [ 142511559121 ],,
  ,,,, [ 26964935471 ],,,, [ 25145160011 ],,,,,, [ 3331599697 ],,,, [ 60007748641 ], 
  [ 63949107799 ],,, [ 19179912841 ],,,,,,,,,,,,,,,,, [ 3065341579 ], [ 231856438631 ],,,,,, 
  [ 95467324973 ],, [ 8520571291 ],,,,,,,,,,, [ 9810774161 ],,, [ 842284726417 ],,,, 
  [ 1028426593 ], [ 12149121367 ], [ 4272281011 ],,,,,,,,,, 
  [ 13685849831161, 213455915618401 ],, [ 2427758170949 ],,,,,,,,, [ 3393875389 ],, 
  [ 1239951383893 ],,,,,,,,,,,, [ 8351491391 ],,,,, [ 1520165401, 65745080688751 ],,,,, 
  [ 1088975501 ],,,,,,,,,,,, [ 1661816863477 ],,,,,,,,,,,,, [ 20844796801 ],,, 
  [ 1051821937 ],,,,,, [ 1697954743, 41801854513 ],,, [ 6357993409 ],, [ 3285129399077 ],,,,,
  ,, [ 134385511987 ],, [ 1202161759 ],,,,,,, [ 3534687721 ], [ 3833521693 ],,, 
  [ 43020370709 ],,,,,,,,,,,,,,,,, [ 16805139343 ],,,,,,,,,,, [ 6142953916553 ],,,,,,,,,,,, 
  [ 7907072233 ],,,,,,,,,, [ 29792256409 ],,,,, [ 7681706119 ],,, [ 1276870897 ], 
  [ 2144034847 ],,,,,,,,,,,, [ 3068134021 ],,,,,,,,, [ 119526249529 ],,,,, [ 1820602213 ], 
  [ 273750170307503401 ],,,,, [ 2857290001 ],,, [ 9663865522721 ],,,,,,,, 
  [ 3026355889, 16399645033 ],,,,,,,, [ 5172824593 ],,,,, [ 95196034777 ], 
  [ 3397553701, 644700190201 ],,,,, [ 14199540152911 ],,,,, [ 9284976641 ],,,,,,,,, 
  [ 6111291341 ],,,,,,,,,,,,,,,,,,,,,,,,,,, [ 29121934736621 ],, [ 78547867051 ],, 
  [ 26356072601, 113236786001 ],,,,, [ 1887379811 ],,,,,,,,,,,,, [ 7913067317 ],,,,,,,,,,,,,,
  ,,,, [ 3325991453 ], [ 173742104539 ], [ 84066298807 ],, [ 1172822641 ],,,, 
  [ 97062355769 ],,,,,, [ 1437606451 ],,,,, [ 1373479291 ], [ 14795248001 ],,,,,,,,,,,,,,,, 
  [ 1342623889 ],,,,, [ 8782567814249 ],,,,,,,,,, [ 3050835923 ],,, [ 1927734701 ],,,, 
  [ 1379901823 ],,,, [ 9755684711 ], [ 5544080677 ],,,, [ 15222928393, 50778752617 ],,,,,, 
  [ 4886494201 ],, [ 15219494359, 20710277851 ],,, [ 4941510073 ],,,,,,,, [ 1612338593 ],,,, 
  [ 1930078877 ],,,,,, [ 6353506417, 411197344237 ],,,,, [ 57070796357 ], 
  [ 1158951593, 2144393387 ], [ 12426234943 ], [ 1479879481 ],,,,,, [ 2419863073 ],,,,,,,,,,,
  , [ 1722029009 ],,, [ 2644822643 ],,, [ 4727808181 ], [ 6459084241 ],,,,,,,,,, 
  [ 13143304651, 1628046806851 ],,,,,, [ 58792076656633 ],,,, [ 4643042699891 ], 
  [ 177090914996143 ],,,,,,,,,,,, [ 1149387623 ],,,,, [ 148608237499, 264860672369 ],,, 
  [ 6958995047 ],,, [ 2192115511 ],, [ 26957630551 ],,,,,,,,,,, [ 137500801447 ], 
  [ 3005930401 ],, [ 220355220601 ], [ 1209999943 ],,,,,,,, [ 2769594517 ],,,,,,,, 
  [ 1185240159223 ], [ 329093614309 ],,,, [ 5819939893, 8156243648359 ],,,,,,, 
  [ 2690719807 ], [ 3288468941 ],,,,,,, [ 13015362853 ],, [ 4621479281, 8869149281 ],,,,,, 
  [ 1790122592651 ], [ 60431248351 ],,,, [ 4029582751 ],,,,, [ 315759208321 ],,,,,,,,,,,,, 
  [ 187489532429 ],,,, [ 4570649047 ],,,,,,,,,, [ 55562723569 ],,,,,,,,, [ 33410361601 ],,, 
  [ 5196135253 ],,,, [ 2581307147 ], [ 69188088589 ], [ 2041070851 ],, [ 11728887073 ],,,,, 
  [ 11595511717 ], [ 8668111943 ],,,,,,,,, [ 146542037933 ], [ 71415791533 ],,,, 
  [ 20596924853 ],,, [ 6904840801 ],,,,,,,,,, [ 393777579361 ], [ 918533112841 ],,,,,,,,,,,, 
  [ 60064743877 ],,, [ 56582110657, 280227412513 ],,,,,,,, [ 1532877817 ], [ 1274189041 ], 
  [ 5978160119 ],,,,, [ 17904867769 ],,,,,,,,,,,,,,,,,,,, [ 3209424901 ], [ 1816552261 ],, 
  [ 6137809063 ],,,, [ 9961195711 ], [ 11269814536213 ],,,,,, [ 1655201351 ],,, 
  [ 188053637201 ],,,,,,,,,,,,,,, [ 1450324231 ],, [ 2164929353131231 ], [ 681692317511 ],,, 
  [ 3035340481, 5512524923 ],,, [ 17226125869 ],,,,,,,,,,,,,,,,,,,,,,,,, 
  [ 6247540801, 9264711613 ], [ 6660413407 ], [ 5580330337 ],,,, [ 2479379431 ],,,,,,,,,,,,, 
  [ 3282171769 ],,,,, [ 1339129639 ],,,,, [ 280652656169 ],,,,, [ 1038663349 ],,,,,, 
  [ 9784855231 ],, [ 6369384757 ],,,, [ 95538628621 ], [ 2382009389 ],,, 
  [ 1731351107, 111521853337 ],,,, [ 38743607677 ],,,,, [ 18342253889, 27634372417 ],,,,,,,,,
  ,, [ 1042909507 ],,,,,,,,,,,,,,,,,,,,,,,, [ 1440547249, 10721626651 ],,,,,,,,, 
  [ 4491784981 ],,,,, [ 1742169521 ],,,,, [ 6013226561 ], [ 6948779039 ],,, [ 4667708407 ],,
  , [ 34158218621 ], [ 3663209863 ],,,,,,,,,,,, [ 557039071411 ],,,,,, [ 41867023249 ],,,,,,,
  ,,, [ 1430176129, 1927509193 ],,,,, [ 111093708853 ],, [ 2853756381379 ],,,,,,,,,,,,, 
  [ 6392535636283 ],,,,, [ 102245211389 ],,,,,,,, [ 3182667703 ],,,,,,, [ 12044550761 ],, 
  [ 17783018081 ],,,,,,,, [ 9259738489 ],,, [ 27899044000039 ],,,, [ 9834718951 ], 
  [ 20654580073 ],,, [ 1470393433, 594917186911 ],, [ 986940175937 ],,,, 
  [ 7553325337, 16098660337 ],, [ 26778366151 ],,,,,,, [ 3247305673 ],,, [ 4569201591541 ],,,
  ,,,,,,,,,,,,,,, [ 678636983371 ],,,,,,,,,,,,,,,, [ 3012280265737 ],,, [ 11670380971 ],, 
  [ 1291345793, 7355378801 ], [ 181213327861 ],, [ 121008636227 ],,,,,,,,,,,,,,,,,,,,,,,,,,,,
  ,, [ 5419801333 ], [ 3071858617, 30309783979 ],,,,, [ 201447886663 ],,,,,,,,,,,,,,,,,, 
  [ 1823745439, 6404940053 ],,, [ 4796399393 ],, [ 5183538317491 ], [ 3886766927 ],,,,,,,,,,,
  ,,,,,,,,,,,,,,,,, [ 8314100435761 ],,,,,, [ 3677314117, 25048628743 ],,,, [ 2755510811 ], 
  [ 1021611499 ],, [ 3338022593 ],,,,,,,,,,,,,,,,,,,,,,,,,,,,,,,,,,,,,,,,, [ 5512787473 ],,,,
  ,,,,,,,, [ 15795552727 ],, [ 2513521603 ], [ 4112469601 ],,,,, [ 1240213943 ],,, 
  [ 52620166057 ], [ 1318337563 ],,, [ 16003038841, 102762328897 ],,,,,, [ 4110779829787 ],,,
  ,,,,,,,,, [ 20591639626237 ],,,,, [ 7578124403 ], [ 2471355421 ],,, [ 1574452513 ],,,,,,,,,
  ,, [ 45526150037 ],,,,,,,,,,,,, [ 3514950337 ], [ 5486178209 ],,,,,,,,,,,, [ 1731130481 ],
  , [ 1392943087 ],,,,,,,, [ 36507930601 ],,, [ 36584967971 ], [ 70382847421 ],, 
  [ 28705098769 ],,,,,,,, [ 5659638709 ],,,,,,,,,, [ 164758823087 ],,,,,,,,,,,,,,,,,,,,,,,, 
  [ 7052677733 ],, [ 1780899121 ],,, [ 1563561029 ],, [ 23669274061 ],, [ 225392761987 ],,,,,
  ,, [ 3622714453 ],,,, [ 3268979017 ],,,, [ 1313387287 ],,, [ 12338742931 ], [ 3504091111 ],
  ,,, [ 7139471201 ],,,,,,, [ 1969783609 ],,,,,,,,,,,,,,,,,,,,,,,,,,,,,,, [ 6801321133 ],,,,,
  ,, [ 7221001531, 8127751301 ],,,,,, [ 13935479891 ],,,,,,, [ 7731126401 ],,, 
  [ 2257389317 ],,,,,,,,,,,,,, [ 6667635451 ],,,,,,,, [ 594720330949 ],,,,,,,,, 
  [ 8121365576083 ],,,,,,,,,,,, [ 9162249247 ], [ 45872750551 ], [ 3239853313 ],,,,,,,,,, 
  [ 412991687047 ],,,,,,,,,, [ 54585500633 ], [ 1862155117 ],, [ 2494575361 ],,,, 
  [ 14304611807 ],,,, [ 20296936747 ],, [ 11878755019 ],,,,,,,,,, [ 8963261743 ],,,,,,,,,,, 
  [ 1919496421 ],,,,, [ 1105944971 ],, [ 1722252799 ], [ 47769340771 ],,,,,,,,,,, 
  [ 2067390277 ],,,, [ 10874306489 ],,,,, [ 15454631029 ],,,,,, [ 2171057383993 ], 
  [ 21943483391 ],,,,,,,,,,,, [ 50734530557 ],,, [ 15856314521 ],,,,,,, [ 20641936823 ],,,,,,
  ,,,,,,,,,,,,,, [ 1255967663 ],, [ 1003987561 ],,,,,,, [ 4897486661 ],, [ 3737062843 ],,,,, 
  [ 9795597619 ],, [ 435939513601 ],,,,,,,,,,,,,,,,, [ 2854997443 ],, [ 1367057449 ],,,, 
  [ 2146803961 ],,,,,,,,, [ 7579309027 ],, [ 6132522673 ],,,,,,,,, [ 1664822017 ], 
  [ 72770892643 ],,,,,,,,,,,,,,,,,, [ 51949278343 ],,,,,,,, [ 102295123061 ], [ 3261982753 ],
  ,,, [ 6677856001 ], [ 51179695727 ], [ 49856667877 ],,,,,,,,,,,,,,,, [ 7963370633 ],,, 
  [ 27860487667 ],,,,,, [ 1107239759 ], [ 1382868793 ],,,,,,,,,,,,,,,,, [ 891767600771 ],,,,,
  ,, [ 10224387289 ],, [ 1186782412511 ],,,,,,,,, [ 45168533521 ],,,,,,, [ 54787792181 ],,,,,
  ,,,,,, [ 1742219711 ], [ 58632656057 ],,,,,,, [ 47436170059 ],, [ 306019694833 ],,, 
  [ 1420003901 ], [ 215298588961 ],,,,,,, [ 37525982033 ], [ 1073369419 ],, [ 1570846171331 ]
   ,,,, [ 1260863751659 ], [ 15128178421 ],,,,,,,,,,,,,,,,,,,,,,,,,,,,,,,,,,,,,,,,,,,,,,,,,,,
  ,,,, [ 8102182831 ],,,, [ 2358693537443 ],,,, [ 3422452567 ], [ 17820325337 ],, 
  [ 205046323057 ],,,,,,,,,,,, [ 1725795229 ],,, [ 304666706389 ], [ 3505094689 ],,,,,,,,, 
  [ 8647195567 ],,, [ 12153721961 ],,,,,, [ 100699987771 ],, [ 3644576209 ],, [ 7549309363 ],
  ,,,,,, [ 3564448777 ],,,, [ 1170527801 ],, [ 5063565571 ],, [ 17135798047 ],,,,,, 
  [ 2079224071 ], [ 158209038133 ],,,,,,,,, [ 11111652571 ],,,,, [ 1235895751, 2838405001 ],,
  ,,,,,,,,,,, [ 3975051403 ],,,,,, [ 1536686317 ],,,, [ 2308534834247 ],, [ 246501082801 ],, 
  [ 234755565409 ],, [ 2849865349 ],,,,,,, [ 301399941991, 451083078773 ],,, [ 1151913887 ], 
  [ 15899919751 ],,,,,,, [ 198515676397 ],,,,, [ 11850865669 ],,,,, [ 2117941409 ],,,,,, 
  [ 12769714751, 115783761649 ], [ 36281602801 ],,,,,, [ 3226288321, 294630475681 ],,,, 
  [ 4101590737 ],,,,,,,,,,,, [ 1533192257 ],,, [ 12383089457 ],,,,,,, 
  [ 1280692319, 33836739121 ],,,,,, [ 194520691201 ],,,,,,,,,,, [ 598645092131 ],,, 
  [ 4411668361 ],, [ 53027437009 ],,, [ 2618631133 ],,,,,,,,,,, [ 12923609119 ],,,,, 
  [ 1204018397089 ],,,,,,,,, [ 188065113349 ],,,, [ 49752476401 ],, [ 6931341636391 ],, 
  [ 2300583541 ],, [ 4263796351 ], [ 1089278191 ],,, [ 2154637801 ],,,,,,,,,,,, 
  [ 2376509313421 ], [ 6897721577 ],,,,,,,,,,,, [ 1584643241 ],, [ 1100358253, 11327474647 ],
  ,, [ 661638090721 ],,,, [ 216284126842037 ], [ 72777896101 ],,,,,,,,,,,,,,,,,,,, 
  [ 4074705421 ],,,, [ 1557231989, 10725814513 ],,, [ 1621909433 ], [ 11014681987 ],,, 
  [ 78288323386597 ],,, [ 22385988253 ],,,, [ 8712979481, 708235251623 ],,,,,,,,,,,,,,,, 
  [ 36964377869 ],,,,,,, [ 18344097229, 1030078111171 ],,,,, [ 126630040291 ],,,,,,,, 
  [ 2693152279, 408710796289 ],,,,, [ 55716222277 ],,,,,,,,,,, [ 6159942362261 ],,,,,,, 
  [ 8257996423 ],,,,,,, [ 67997041811 ], [ 2677320101 ], [ 37028355913 ],, [ 6009149567 ],, 
  [ 12550072651 ], [ 54502516801 ],,,, [ 4520127361 ],,,, [ 2900759737 ],,,,,,,,,,,,,,, 
  [ 2624041741 ],,,,,,, [ 5068538921 ],,,, [ 2057710771 ],,, [ 3132058561, 102688943659 ],,,,
  ,, [ 164450508517 ],, [ 1538675623 ],,,,,,,,,,,, [ 3301911593 ],,,,,,,,,,, [ 1889121329 ],,
  ,,, [ 32506745149 ], [ 1115941121, 1275338131 ],, [ 2510678329 ],,,,,,,,,,, [ 2220867619 ],
  ,,,,,,,,,,, [ 38240396741 ],,,,,,,,,, [ 6365492088421 ],,,, [ 6447175819589 ], 
  [ 30758941508371 ],, [ 2081002241 ], [ 5621170393 ], [ 79782342883 ],,,, [ 1178617423 ],,,,
  ,,,,,,,, [ 1296639611 ],,,,,,,,,,,, [ 1640316211, 38970110173 ],,,,,,,, [ 9809149621 ],,,,,
  ,,,,,,,,,,,,,, [ 13721061089 ],,,,, [ 3101017493521 ], [ 2251937591 ],,, [ 3238645687 ],,,,
  ,,,,,,,,, [ 4197746051 ],,,,,, [ 2539448339 ],,,,, [ 2579437303 ],,,,,,, [ 79068732371 ],,,
  ,,,,,,,,,,,, [ 15167308417 ], [ 43147531681 ],,,,,,,,,,, [ 34476722237 ],,,, 
  [ 171241084801 ],,,,,,,,,,,,,,, [ 274619827081 ],,,, [ 19468075703 ],,,,,,,,,,,,,,,,, 
  [ 5990435413 ], [ 16460862419 ],, [ 24659805307 ],,,,,,,,,,,,,,,,,,,,,,,, [ 1307582893 ],,,
  ,,, [ 1778957317, 30584107387 ],,,,,, [ 5696301001, 6503454751 ],, [ 4481660627 ],,,,,,,,,,
  ,,,, [ 9970205681 ],,, [ 34417661857 ],,,, [ 1527779263 ],,,,, [ 3431374357, 11916202171 ],
  ,,,,, [ 93736972099 ],,,,,,, [ 34983244117 ], [ 4451743627 ],,,,,,,, [ 683484673951 ], 
  [ 7528100389 ], [ 20958807637, 12733784949487213 ],,,,,,,,, [ 11459575553 ],,,,,,,,,,, 
  [ 3724027078393 ],,,,, [ 101976233929 ],, [ 15578442527 ],,,,,,,,,,,, [ 1049295937 ],,,,,,,
  ,,, [ 2467533713 ],,,,,,,,, [ 60631368571 ],,,,,,,,,,,,,,,,,,,,,,, [ 3332999281 ],,,, 
  [ 2608159597 ],,,,, [ 671225854829 ],,, [ 3901724007161 ],,,,,, [ 13899267299 ],,,, 
  [ 30398528351 ],,,,, [ 898524217891 ],,, [ 1972911029 ], [ 92759332999 ], [ 18551030401 ],
  , [ 5745106901 ],,,,,,,,,,,,,,,,, [ 1382037857 ],,,,,,,,,,,,,,,,, [ 2985195601 ], 
  [ 1379776291 ],,, [ 899337429161 ],,,,,,, [ 2094430627921 ],,,,,,,,,,,,, [ 74351757222601 ]
   ,,,,,,,,, [ 60280477921 ],,,,,,,,, [ 232013306227 ],,,, [ 1380804127 ],, [ 40064904433 ],
  , [ 29582443309 ],,,,,, [ 35366474917 ],,,, [ 33834309073 ],,,,,,,,,,,,,,,,,, 
  [ 1802451727 ],,,,,,,,,,,,,,,,, [ 30751461269 ],,,,,,,,,,,,,,,,,,,,,,,,,,,,,,,,,,,,,, 
  [ 30351009433 ], [ 2802828911 ], [ 7605476417467 ],,,, [ 1103723461 ], [ 243819468481 ],,,,
  , [ 13065750899 ],,,, [ 3189214601 ],, [ 3076392667 ],,,,,,, [ 54499679251 ],,,,,,,,,,,,,,,
  ,, [ 8867038139 ],,, [ 7354202437 ],,,,, [ 23419852111 ], [ 1472652721 ], [ 3310999829 ],,,
  ,, [ 3471721087 ], [ 13793798971 ],,,,,,, [ 7821305083 ],,,, [ 1232233549 ],,, 
  [ 18086991959 ], [ 809786594483 ],,,,,,,,,, [ 11902041397 ],,,, 
  [ 34269780481, 128515648801 ],,,,, [ 7689344347 ],,,,, [ 1734133451 ],, [ 53528605621 ],,,,
  ,, [ 4740353701 ],,,,,,,,, [ 1991547221 ],, [ 48262764751, 140701346101 ], [ 13998709273 ],
  ,,,,,,, [ 1326816499, 3467382703 ],,,, [ 295042255180373 ],, [ 57538297081 ],, 
  [ 1829880733 ], [ 1151769139 ],, [ 62753029937371 ],,,,,,,,,,,,,,,,,,,, [ 1047977641 ],,,, 
  [ 1363779691 ],,,,, [ 47676881233 ], [ 1467762001 ],,,,,, [ 3081278983 ],,,,,,,, 
  [ 4984059763 ],,,,, [ 9068845897 ],,,,,,,,,,,,,,,,,,,,,,,,,, [ 5846066201 ],,,, 
  [ 6691442353 ],,,, [ 1287517523573 ], [ 1263491171 ],,, [ 2295775049 ], [ 103414123387 ],,,
  , [ 47925012823 ], [ 4328457671 ],,,,,, [ 1216418249 ],,,,,,, [ 2002522969 ],, 
  [ 1521125257, 6632014943 ],,, [ 24196994449 ],,,,,,, [ 94117339747 ],,,, [ 3865190869 ],,, 
  [ 6982148681, 21898242451 ],,,,,, [ 2140593589601 ],,, [ 25737712081 ],, [ 6164645131 ],,, 
  [ 8448151357 ],,,, [ 552456539153 ], [ 29996384267477 ], [ 2025744121 ], [ 2131441471 ],,,,
  ,,,,,,,,,, [ 1075743061 ],,, [ 14334410269 ],, [ 10907959661 ],,,,, [ 60868558651 ],,, 
  [ 14381822747 ],,,,,,,,,,,,,,,,,,,,,,,,,,, [ 1421871689951 ], [ 24741355658441 ],,,,,,,,,,,
  ,,,,,,,,,,,,,,,,,,,,,,, [ 35120899441 ],, [ 121900073249 ],,,,,,, [ 6619164481 ],,,,,,,,,,
  , [ 3985363201 ],,,, [ 5225998993 ],,,,,,,,,,,,,, [ 19363718083777 ],,,,,,,, 
  [ 22170659501 ],,,,,, [ 459028066817 ],,,,,,,,,,,, [ 3235976113 ], [ 411932020501 ],,,,,, 
  [ 38026697899 ],,, [ 1334344001 ], [ 42300478408501 ],,, [ 10223491123 ],,,,,,, 
  [ 136182600511 ], [ 22839034073 ], [ 5918327800453 ],,,,,,,,,,,,,,,,, [ 78609396013 ], 
  [ 12301407661 ],,,,,,,,,,,, [ 2796474997 ], [ 1027144273 ],, [ 2036314244101 ],,,,,,,,,,,,
  , [ 2700078061 ],, [ 62688177901 ],, [ 1582179751, 25113660469 ],,,,,,,, 
  [ 13894265851, 1928864068801 ],, [ 72543473749 ],,,,,,,,,,, [ 1218303637 ],,, 
  [ 5748291071 ], [ 2907141416983 ], [ 19845143249 ],,,,,,,,,,, [ 144611852617 ],,,,,,,,,, 
  [ 1158892549 ],,,,,,, [ 536056578749 ],,,,,,,,,,,,,,,,,,,,,,,,,,,,,,,,,, [ 5730672781 ], 
  [ 7118463719 ], [ 212565269843 ],,,, [ 28195250929 ],, [ 4538438573989 ],,,, 
  [ 15891834589 ],,, [ 143271097141 ], [ 3373420847 ],,, [ 22236701761 ],, 
  [ 188449314442033 ], [ 8695745371787203 ], [ 4248451322041 ], [ 2209144369 ],,,,,,,,,,,,,,,
  ,,, [ 316901728411 ],,,, [ 1502571907 ],,,,,,,,,,,,, [ 1885774441, 3520452401 ],,,,,,,,,,, 
  [ 16124583751 ],,,,,,,, [ 6450485947 ],,,,,,,,,, [ 1214689227013 ],,,,,, [ 7031572607 ],,,,
  ,,,,,,,,,,,, [ 1583611121, 644097481301 ], [ 11120571421, 11419631137 ],,,,, 
  [ 1145820079 ],,, [ 13218095694137 ],,,,,,,,,,,,,,,, [ 9077537701 ],, [ 80281405339 ],,,,,,
  ,,,,, [ 2039354929 ],,,,, [ 33401769391 ],,,,,,,,,,,,,, [ 6580003349 ], [ 15911391079 ], 
  [ 1627287731 ],,,,,, [ 1407022241 ],,,,,, [ 19552748219 ],,,,,,,,, [ 1712028121 ],,,,,,,,,
  , [ 1676404704721 ],,,,,,,,, [ 1811645333 ],,,, [ 1177217089 ],,,,, [ 9820079891 ],, 
  [ 5866663001 ], [ 5013258389 ],,,,, [ 52553241413 ],,,,,,,, [ 66332013661 ],,, 
  [ 1438334353, 13263579661 ],,,,,,,,, [ 730185957349 ], [ 2949805321 ],,,,,,,,,,,,,,,,, 
  [ 27189144277 ],,,,,,,, [ 15920378753 ],,,,,,, [ 1147598746633 ],,,,,,,,,,,,,,,, 
  [ 20185064701 ],,,,,,,,, [ 27823501591 ],, [ 1479705319, 19575234901279 ], [ 1207297249 ],,
  ,,,,,, [ 1582075081 ],,,,,,, [ 5150160137 ],,,,,,,,,,,, [ 8307466693 ],,,,,,,,,,,,,,,,,,,, 
  [ 30558248041 ],,,,,, [ 8563123351, 33537082141 ],,,,,,, [ 3754551041 ],,,,,,,,,,,,,,,,,,,,
  ,,,,,, [ 5702924833201 ],, [ 51654078601 ],, [ 44908619981 ], [ 5126680253 ],, 
  [ 1536370411 ],,,,, [ 1641284371 ],,, [ 22664862463 ],, [ 4014715981 ],, [ 30200296033 ], 
  [ 1798394833, 8672368961 ],,,,,, [ 129037275041 ], [ 2579391243061351 ],,,, 
  [ 1357984291, 41928657259 ],, [ 444894758359 ],,, [ 103807464583 ],,, 
  [ 15287485753, 31844712439 ], [ 38002170473, 56142523993 ],,, [ 27283817147 ],,,,,,, 
  [ 3124262417 ],,,,,,,,,,,,,,, [ 9111318029117 ],,,,, [ 85623769549 ],, [ 125374963891 ],,, 
  [ 133567262839 ],, [ 8224240901 ],,,,,, [ 296180605249 ],,,,,,,, [ 1822480832429 ], 
  [ 2117987671 ],,,,,,,,,,,,,,,,, [ 7296353863 ],,,,,,,,, [ 27819497813 ],, [ 2265205177 ],,
  , [ 15893712031 ],,, [ 2772568081 ],,, [ 1306183843 ], [ 27767466497 ],,,, 
  [ 1246270573, 2936004891553 ],,,,,,,,,,,,,,,,,,, [ 1274340853 ], [ 30777542513 ],,,, 
  [ 13647266333 ], [ 11420248789 ], [ 1321453079 ],,,,,,, [ 17235147001 ],,,, [ 3780409117 ],
  ,,,, [ 3446791493 ], [ 1581956251 ],,, [ 1247817433 ],,,,,,,, [ 7630133293 ], 
  [ 10198276189 ],,,,,,,,, [ 453284212993 ],,,,, [ 161725796909 ],,,, [ 8880468451 ],,,,,,,, 
  [ 22023075691 ], [ 3000745003 ],,,,,,,, [ 12473930387621 ], [ 12955730533 ],,, 
  [ 4564265707 ],,,, [ 509813191651, 1369734372791 ], [ 2292407123 ],, [ 54668730517717 ],,, 
  [ 4883282821 ],,,,,, [ 2278206859 ], [ 1088970089, 2168481853 ],, [ 1699533611 ],,,,,,, 
  [ 6794006712721 ],,,,,,,,,, [ 47056529557 ],,,,,,,,,,,,,,,, [ 77489907259 ],,,,,,,,,,,,, 
  [ 17511069287 ],,,,,,,,,,,,, [ 98434495321 ],, [ 12695418041 ],, [ 12429687773 ],,,,,, 
  [ 110839155907 ],,,,,,,,,,,,, [ 18616792399 ],, [ 3911589191 ],,,, [ 32046141977 ], 
  [ 5138527087 ],, [ 5172178633, 26597546113 ],, [ 10934733083 ],,,,,,,, [ 15534096583 ],,,,,
  ,,,,, [ 317837181157 ],,,,,,,,,,,, [ 7457057617 ],,,,,,,,,,,,,,,,,,, [ 8689267399 ],,,,,,,,
  ,,,,,, [ 102887159803 ],,,,, [ 8766763147 ],,,,,,,,,,, [ 30689010769 ],,,,, 
  [ 19352987039 ],,,,,,,, [ 1350650341 ],,,, [ 1219194907939 ],,,,,,, [ 34635192479 ], 
  [ 4865357989 ],,,, [ 2212028057 ],,,,,, [ 13540032917 ],,,,, [ 63833333929 ],,,,,, 
  [ 3460455703 ],,,,,,,,, [ 41562656881 ],,,,, [ 23955767309 ], [ 1045100323, 198620087779 ],
  ,,,,,,,,,,,,,,,,,,,,,,,, [ 16866665059, 12259107061087 ], [ 84124768577 ],,,,,,,,,,,,,,,,,
  , [ 15226008923 ],,,,,, [ 1543349377, 83805152129 ],,, [ 1621901761 ],,,,, [ 7178467633 ],,
  ,,,,,, [ 1378979401 ],, [ 15158801681 ],,, [ 16236838687 ],,, [ 1094917175809 ], 
  [ 1971821977 ], [ 3280789271 ], [ 8700304901 ],,, [ 49736014609 ],, [ 2415936121 ], 
  [ 65632137061 ],,, [ 2043803477 ],,,,, [ 2560022263 ],, [ 1110904429, 10034554291 ],,,,,,,,
  ,,,,,, [ 1044130081 ],,,, [ 5800412977 ], [ 2507159971 ],,,,,,,,,,,,,,,, 
  [ 350214122447699 ],,,,,,,, [ 2398357651 ],,,, [ 11106596999 ],,,,,,,,,,,,,, 
  [ 4273525313 ],,,,, [ 1349760541 ], [ 1000084853, 2672974201 ],,,, [ 3224463551 ],,,, 
  [ 1731223327 ],,,, [ 1448966801 ],,,,, [ 3254095921 ], [ 21978354617 ],,,,,,,,,,,,,,,,,,,, 
  [ 6157955114173 ],,,,,,,,,,, [ 68841997459 ], [ 109950430129 ],,,,,,,,,,,,,,,,,,,,,,,,,,,,
  , [ 53665157149 ],,,,,, [ 2348696981 ],,,,,,,,,,,,,,,,,, [ 2754230447 ],,,,,,,,,,,,,,, 
  [ 88396715837 ],,,,,,, [ 5261409913 ], [ 1480664789, 391600462789, 3219422964977 ],,,, 
  [ 14674684649 ],,, [ 338661789863 ],,,, [ 177789457801 ],,,,, [ 213354114161 ],,,,, 
  [ 71023410151 ],,,,,,,,,, [ 6585848461 ],,,,,, [ 1448996971 ], [ 262420325821 ],, 
  [ 1863974521 ],,,,,,,,, [ 47017760837 ], [ 2510163307 ],,,,,, [ 40475305261 ],,,,,,,,,,,,,,
  ,,, [ 1800261637 ],,, [ 88827214081 ],, [ 1614688349 ], [ 21338782799 ],,,,, 
  [ 3111276169 ],, [ 9293747101 ],,,,,,,, [ 2978483059, 14720305961 ],,,,,,,,,,,, 
  [ 1814876071 ],,,,,,, [ 4751200567, 10768150891 ],,,,,,,,,,,,,, [ 1930184383 ],, 
  [ 1583327833 ],, [ 36395335021 ],,, [ 1632466067233 ],,,,,,,,,, [ 2044232369 ],,,,,,,, 
  [ 9597705001 ],,,,,,,,, [ 1980023251 ],,,,,,,,,,,, [ 12973852711 ],,,,,, [ 24137354167 ], 
  [ 25669813657 ],,,,,,,,,,, [ 2300117851 ],,,,,, [ 3206180209, 8231469247 ], 
  [ 2293217109361 ],, [ 868620614689 ],,,, [ 1200138241 ],,,,,,,,,,,, [ 1900976801 ],,,, 
  [ 3804574561 ],,, [ 10165077191 ],,,,,, [ 4375444357 ],,, [ 39415492733 ],,,,, 
  [ 9853545959 ], [ 55702572641 ], [ 5316188557 ],, [ 1407237371 ],,,,,,,,,,,,,,,, 
  [ 4299498937 ],,,,,,,,,,,,,,,,, [ 1745089039 ], [ 8711716639 ],,,,,,,,,,,,,,,,,,,,, 
  [ 6949141321 ],,,,, [ 142361975881 ], [ 13622776357 ],,,,,,,, [ 1794335773 ],,,,,,,,,, 
  [ 2918800777 ],,, [ 52557181447 ],,,,, [ 323305972777 ],,,,,, [ 5423297059 ],,, 
  [ 13826619199 ], [ 2898375559, 5008485613, 104153289133 ],,,,,,,,,,,,,,,,,,,,,, 
  [ 238882843181 ],,,,,,, [ 7074546959 ],,,,,,,,,,,,,,,,,,,,,, [ 37714448773 ],,,,,,,, 
  [ 2705432497 ],,,, [ 2569560121 ],, [ 5733529131503 ],,,,,,,,,,,,,,,,,,,,,,, 
  [ 1585317581 ], [ 1430528051 ],,,,,,,,,,,,,,,,, [ 1301481889 ],,,,,,,,,,,,,,,,,,,,,,,,, 
  [ 7677322711 ],, [ 21005228171 ], [ 5424970981 ],,,,,, [ 2912977409 ],,,,,, [ 8966289697 ],
  ,,,,,,,,, [ 17974197649 ],,, [ 7958484559, 93606586399 ],,, [ 385507680697 ],,,,,,,,,,,, 
  [ 1959444649 ],, [ 3495058524319 ],,,,, [ 2745901817 ],,,,,,, [ 1118796281 ], 
  [ 25727779573 ],,,,,,, [ 1213708759, 3474671686231 ],,,,,,,,,, [ 1087383641 ], 
  [ 1722369367 ], [ 20666708921 ],,,,, [ 16543475911 ],,,,,,,, [ 3029970777311 ],,,,, 
  [ 2563449617 ],, [ 3706424131, 19086403951 ],, [ 47469066709 ],,,,,,,,,,,,, 
  [ 2116176331 ], [ 353798262203 ],,,,, [ 8486946451 ],,,,,,,,,,,,,,,,,,, [ 793194509131 ],, 
  [ 1234258717 ],,,,,, [ 16501276873 ],,,,,,,,,,, [ 2215517483 ],,,,,,,, 
  [ 18524251309, 336005388319 ],,,,,,,,,,,,,,,,,,, [ 112999924801 ],,,,,,,,,,, 
  [ 3252610421 ],,,,,,,,,,,,,, [ 5843245753369 ],,,,,,,,,,,,,,,,,,,,,,,,,,,,,,,, 
  [ 92948987903 ], [ 2520141601 ],, [ 1003575593 ],,, [ 3044293477 ],,, [ 2730482399 ],,,,, 
  [ 7279788863 ],, [ 120277050803977 ], [ 64739503091 ], [ 4092227281 ],,,,,,,,,,,,,,,, 
  [ 16197216169 ],,, [ 14721165601 ],,,,,,,, [ 22616572507 ],,,, [ 4100680640629 ],,,,,,, 
  [ 1083049313 ], [ 1458086711 ],,,,,,,,,, [ 9570254581 ],, [ 678090223609 ],, 
  [ 1362905281 ], [ 1928505001 ], [ 11874509557, 27242844667 ],,,, [ 7216590751 ], 
  [ 214147821413 ],,,,,,,, [ 6542373283 ],, [ 2417675677 ],, [ 324344272771 ],,,,, 
  [ 34078635473 ],,,,,,,,,,, [ 1317529231 ],,,,,,, [ 1125793313 ],,,, [ 1005260551 ],,,,,,,,
  , [ 127437562957 ],,,,,,,,,,,,,,,,,,,,,,,,,, [ 1182467051 ],, [ 28899240751 ],,,,,,,,,,,,,,
  ,,,,,,,,, [ 2785438117781101 ],,,,,,,,, [ 4791317941 ],, [ 1228800077 ],,,,,,,,,, 
  [ 4479874103 ],,, [ 80677279591 ], [ 46489873501 ],,,,,,,,, [ 106789599937 ],,,,,,,,,,,,,,
  , [ 5116040119, 966392728321 ],,, [ 4743064873 ],,,,,,,,, [ 1550366137 ], 
  [ 3884182777, 13740177001 ],,, [ 24812891801 ],,,,,,,,,,,,,,, [ 1400929661 ],,,, 
  [ 1322002751 ],,,,,,,,,, [ 4291587121 ],,,, [ 45912766513 ],, [ 1158418351 ],,,,,,,,,,,,,,,
  ,, [ 6155527277 ],,,, [ 21721517029 ],,,,,,,,,, [ 2108181151 ], [ 2005110329 ],,, 
  [ 2041301371 ],,,,,,, [ 50640996313 ],,,,, [ 6760663801 ],, [ 351060255983 ],,,,, 
  [ 1852277677 ],, [ 4753282291 ],,,,,,,,,,,,,,,,, [ 6075593257 ],, [ 59079568501 ], 
  [ 10764166213 ], [ 90749149334443 ], [ 1661805721909 ],,, [ 103727368033 ],,,,,, 
  [ 8262486073 ],,,,,, [ 2299139809 ],,,, [ 1349433619 ],, [ 1454212831 ],,,,,,,,,,,, 
  [ 35367169963 ],,,,,,,,,,,,,, [ 2053901912351 ], [ 11122315657 ],,, [ 10454872321 ],,,,,, 
  [ 6526147321 ],,,,, [ 29875277851 ],,,, [ 1981937311 ],, [ 2510431969, 2658345889 ],,,,,,, 
  [ 7253307946153 ],,,,,,,,,,, [ 11898978151 ],,,,,, [ 228861899561 ],,,,,,,,,,,,,,,, 
  [ 4771650097 ],, [ 1213424629 ],,,,,,,,,,, [ 10535956187 ],,,,,,,,,,,, [ 3782623501 ],,,,,,
  ,,,,,,,,,,,,,,,, [ 4885856543 ],,,,, [ 175605530473 ],,,,,,, [ 1257883331 ],,,,,,,,,,,,,,, 
  [ 2692718024911 ],,,, [ 4597893283 ],,,, [ 1858147327 ],, [ 554832261241 ],,,,,,,,,, 
  [ 18089531771 ],, [ 3184491577 ],,,,,,,, [ 7323077521 ],,,,,,,, [ 408324753929 ], 
  [ 4075946387 ],,,,,, [ 2889200471 ],,,,,, [ 4220049241 ], [ 5376777409 ],,,,,,,,,,,, 
  [ 26442504271 ],, [ 1485434413 ],,,,,,,,, [ 9887037311 ],,,,,,,,,,,,,, [ 99244155833 ], 
  [ 1608739201 ],,,, [ 1012290817 ],,,,,,,,,,, [ 1766604901 ], [ 12687330349 ],,,,,, 
  [ 1699169317 ], [ 1004835791 ], [ 1063049717 ],,,,,,, [ 17401809463 ],,, [ 3846093146173 ],
  ,, [ 19114456663 ],,,,,,, [ 6257399233 ], [ 13640469961 ],,, [ 3427772281 ],,,, 
  [ 1634143969 ],,,,,,,,,,, [ 139161173027 ],,,,,,,,,,,,,,,,, [ 3593771381 ],,,,,,,,,,,,,,,,
  , [ 2885931343 ],,, [ 2587200001 ],,,,,,,,,, [ 1324860941 ], [ 1910794159 ],,,,,,, 
  [ 2890758037 ], [ 2707550401 ],,, [ 1972819813 ],,,,,,,, [ 7195182031 ],,,,,,,,,,,,,,,,,, 
  [ 13388550562835713 ],,,,,,,,,,,,, [ 42027885329 ],, [ 13949410567 ],,,, [ 5085331003 ],,, 
  [ 24748509941 ],,,,,,,,,,,,,, [ 7999368469 ],,, [ 5288454389467 ],, [ 8512361729 ],,,,,,,, 
  [ 1123847209 ],,, [ 3375494501 ],,,,, [ 4109519927521 ],,,,,, [ 55926938497 ],,,,,,,,,,,,,,
  ,,,,,,,,,,,,,,,,,,,,,,,,,,,,,, [ 165238712851 ],,,,,,,, [ 6594356127157 ],,,,,,, 
  [ 5668977871, 59304425711 ],,, [ 1329775177 ],,,,,,,,,,,, [ 6712937731 ],, 
  [ 128814480049 ], [ 1363173241 ],,,, [ 2864985217 ],, [ 12588912307 ],,,,,,,,,,,,,,,,, 
  [ 6063418429 ],, [ 1119569419 ],,,,,,,,,,,, [ 1221524251, 2365095751 ], [ 2558255951 ],,,,,
  ,, [ 1092621521413 ],,,,, [ 83534608249 ],,,,, [ 4708032247 ],,,, [ 16824277667 ],,,,,,,, 
  [ 6849705481 ],,,,, [ 3105952301 ],,,,,,,,, [ 7676330149 ],,,,,,,,,,,,,, [ 1693028707 ],,,,
  ,,, [ 141586639261 ], [ 37214079811 ],,,,,,,,,,,,,,,,,,,,, [ 102532887073 ],,,,,,,,,,,, 
  [ 1716429553 ],,,,, [ 3434372677 ],,,,,,,,,, [ 3881214055351 ],,,,,, [ 32269364821 ], 
  [ 4113495709271309 ], [ 1037464177, 12469688213 ],,, [ 14817869561251 ],,,,,,,,,,,,, 
  [ 3729094651 ],,, [ 5581505053 ],,,,,,,,,,, [ 136079134621 ],, [ 48253334551 ],, 
  [ 2621181187 ],,,,, [ 4536756533 ], [ 11738201821 ],,,,,, [ 2338269733, 59923099153 ],,,,,,
  ,,,,,,,, [ 2679952487 ],, [ 1273076681 ],,,,, [ 53221999273 ],, [ 2067404897 ],,,,,,,, 
  [ 7381293649 ],,,,, [ 5019763267 ],,,,,,,, [ 2137528909, 145394701477 ],, [ 2348739562621 ]
   ,,,,,,,,,, [ 1104567577 ],,,,,, [ 321779482964171 ],,, [ 2451690667 ], [ 2476196809 ],,, 
  [ 1442512051 ],,,,,,,,, [ 14082697082203 ],,,,, [ 4605419113, 26437609801 ], 
  [ 2333106403 ],,,,,,,,,,,,, [ 1221299311, 4082599151 ],,, [ 113599182001 ],, 
  [ 9208335412321 ],,,,,,,,, [ 30847409377 ],,,,, [ 34314474577 ],, [ 108173569631 ], 
  [ 5233625473, 277568526673 ], [ 2368932793 ],,, [ 16068215971981 ],,,,, [ 1441062566791 ],
  , [ 13070713783 ],,,, [ 6193284791 ],,,,,,, [ 35800494547, 219053684071 ],,, 
  [ 4946969107 ],,,,,,,,,,,,,,,,, [ 15820624662877 ], [ 1262808614071 ],,,,, 
  [ 7547420161, 30589574401 ], [ 925629631351 ],,,,, [ 1005554833, 12934683343 ],,,,,, 
  [ 2639786701 ],,,,,,,,, [ 15845986591, 27274362977 ], [ 1136968507 ],,,,,,,, 
  [ 6982101481 ],,,,,,, [ 7993744531 ],,, [ 3268062001 ],,,,,,,,,,,,,,,, [ 4002112241 ],, 
  [ 32823545059 ], [ 2613958733 ], [ 30013102901 ], [ 199208848591 ],, [ 18639023104409 ],,,,
  , [ 4914075821 ],, [ 2782612561 ],, [ 5594538217 ],,, [ 203595268241 ], [ 5815893793609 ],,
  ,,,,,, [ 35177479093 ],,,,,,, [ 261833174947 ],,,,,,,,, [ 12159140465041 ],,, 
  [ 2393828317 ], [ 8664631097 ],,,,,,,,, [ 274411106693 ],,,,,,,, [ 3639919069 ],,,,,,,,,, 
  [ 100106073779 ],, [ 10143096013 ],,,,,,,,,,,,, [ 4161897301 ],,,,,,,,,,,,,, 
  [ 9531202561 ], [ 1660113211 ],,,,,,,,,,,,,,, [ 6758593537 ],,,,,,,, [ 14939439769 ],,, 
  [ 2898830653 ],,,,,, [ 1886250241 ],,,,,,,,,, [ 2754489431 ],, [ 20907637921 ],,,,, 
  [ 2180705146271 ],,,,,,,,,, [ 327180717181 ],,,,,, [ 10399314439 ],, [ 1610509393 ],, 
  [ 3996602341 ],,,,,,,,,,,,,, [ 6154226989 ],,,,,,,, [ 1918177913 ],,,,,,,,,,,, 
  [ 1577557862929 ],,,,,,,,,, [ 5224624903 ], [ 1133947181 ],, [ 1729055557 ],,,,,,,,,,,,,,,,
  ,, [ 2244818761 ],,, [ 572377118347 ], [ 2934473389 ],,,,,,, [ 2081306329493 ],, 
  [ 10556678329 ], [ 1967919929 ],,,,, [ 16223323517 ],,,,,,,,,,,,,,,,,,,,,,,, 
  [ 2938642199 ],, [ 17044584301, 624898182901 ],,,,,, [ 23810843431 ],,,,, [ 15439593311 ],,
  ,,,, [ 79263017219 ],,,, [ 4447328731 ], [ 2059565393 ],,,,,, [ 5640147217 ],,,,, 
  [ 29987488981 ],,,, [ 1515451123 ],,, [ 14041746661 ],,,, [ 1007077633 ],,,,, 
  [ 1327729591547 ],,,,,,,,,,,,,,,, [ 1003122611 ],,,,,,,,,,, [ 2502473153 ],,,,,,,,, 
  [ 10817038381 ],,,,,,,, [ 224496419629 ],,,,,,, [ 4850512801 ], [ 1505250517 ], 
  [ 3583553497 ],,,,,, [ 76895394241 ],,,,,,,,,,,, [ 1345430341 ],,,,,,,,,,,,, 
  [ 6329014753 ],,,, [ 2776686259 ],, [ 2327185451 ], [ 4260177601 ],, [ 5030083871 ],,,,,, 
  [ 6946405801 ],, [ 5991781951 ],, [ 3630806213 ],,,,,, [ 1640357689 ],,, [ 3114580123 ],,, 
  [ 5093382841 ],, [ 3155566829, 8565887527, 15495340303 ],,,,,,,,,,,,,, [ 1486056361 ],, 
  [ 11241963503, 115941875633 ],,,, [ 3652489441 ],,, [ 500916339241 ], [ 272756066311 ],,,,,
  , [ 2326111673 ],, [ 18454082113, 540076197307 ],,,,,,,,,, [ 4283392033 ],,,,,,, 
  [ 4761710939371 ],,, [ 5723639783 ],,,,,,,,,, [ 11859882721 ],,,,,,,,, [ 28162417669 ],,,,,
  ,, [ 1194240721, 2438682881, 743101299169 ],,,,,,, [ 13538370583 ], [ 88120867969 ],,, 
  [ 29995017781 ],,,,,,, [ 2872511680333 ],, [ 5882902477, 6853485889 ],,,,, [ 2992436819 ],,
  ,,,,,,, [ 32377384999 ],,, [ 1293339191 ], [ 214506293161 ],, 
  [ 156667798289, 3999890479313 ],,,,,,,,,,,,, [ 208048219009 ], [ 1899031487 ],,,,,,, 
  [ 8379947544791 ],,,,,,,,,,,, [ 1935713702971 ],,,,,,,,,,,,,, [ 3748963061 ],,,,,,,,,,, 
  [ 35740801687 ],,,,,,,, [ 4029637351 ],,,,,,,,,,,,,,,,,, [ 19532618117 ],,,,,,,,,,,,,, 
  [ 22905249593 ],, [ 311301060229, 976895289001 ],,,,,,,,,,,,,,,,,, [ 19329110263 ],,,,,,,, 
  [ 89114457161 ],,,,,, [ 93350715893 ],,,, [ 16961030641 ], [ 1713540113 ],,,,,,,,,, 
  [ 3906081787 ],,, [ 1657126409903 ],,, [ 1452273551 ],,,,,,,,,,,,,,,,,,,,,,,,,, 
  [ 23823086821 ],,,,,,,, [ 1075766795863 ],,, [ 1083096037 ],,,,, [ 12886805317 ],,,, 
  [ 6818887963 ],,,,,,,,,,,,,,,,,, [ 1060432053913 ],, [ 44497405087 ],,,,,,,, 
  [ 547725446969 ],,,,,,,,,,, [ 5617093759 ],,,, [ 2290008257 ],,,,, [ 37907156281 ],,,,,, 
  [ 69464329633 ],,,,,,,,, [ 23058465553 ], [ 1376177333, 10737739927 ], [ 283070783977 ],, 
  [ 74595606301 ], [ 43348241891 ], [ 10646839657 ],,,, [ 97202799233 ],,,,, [ 4219127461 ],
  , [ 4502854021 ],,,,, [ 44679478304859557953 ],,,,,,,,,,,,,, [ 2260309861 ],,,,,, 
  [ 4936277473 ],,,,,,, [ 1073231491 ],,,,,,,,,,,,,,,,, [ 4291737409 ],,,,, [ 674842766029 ],
  ,, [ 6551321551681 ],,,, [ 5036023117 ],,,,,,,,,,,, [ 1184152609, 39378834313921 ], 
  [ 21882804299 ],,,,, [ 124306446547 ],,, [ 4342225681 ], [ 2576481463 ],, 
  [ 11216412418273 ],,, [ 16627643353 ], [ 1586189569 ],, [ 1546523119 ],,,,,,,, 
  [ 22877633381 ], [ 53882295121 ],,,,,,,,,,,,,,,,,,, [ 1034215057 ],, [ 141428152321 ],,,,,
  , [ 6184609201 ],,,,,,,,,,,, [ 72061689457 ],,,, [ 725644155419 ],, 
  [ 387525292417, 4136369720617, 8293505120497 ],,,, [ 8039976409 ],,,,,,,,,, 
  [ 14207618147 ],,,,,, [ 35982419461 ],,,,,,,,,, [ 3134817211, 5394963253 ],,,, 
  [ 1084937681, 4854031667 ],,,,,,,,,,,,,,,,,,,,,,,,,,,,,,,,,,,,,, [ 123784799041 ],,,, 
  [ 4249690037 ],,,,,,,,,,,,,,,,,,,,,,,,,,,,,,,,,,,,,,,,,,,,,,,,,,,,,,,,,,,,,,,,,,,, 
  [ 8674406857 ],,,,,,,,,, [ 8256320141, 21129633199 ],,,,,,,,,,,,,,,,,,,,,,,,,,,,,,,,,,,,,,,
  ,,,,,,,,, [ 1969212911 ],, [ 2175288757 ],,,,,, [ 95337025837 ],,,,,,,,,,,,,,,,,,,, 
  [ 7788609691 ],,,,,,,,,,,,,, [ 21333899401 ],,,,,,,,,,,,,, [ 3891183577 ],, [ 1855170901 ],
  ,,,,,,,,, [ 39624999517 ],,,,,, [ 11664555013 ],,,,,,,,,, [ 2205046859 ],,,, 
  [ 2251369357, 22369779011 ],,,,,,,,,,,,,,,,,,,,,,,,,,,,,,,,,,,,,,,, [ 35410906471 ],,,,,,,,
  ,,,,,,,,,,,,,,,, [ 114206016079 ],,,,,,,,,,,,,,,,,,,,,, [ 21062594081 ],, [ 74748665161 ],,
  ,,,,,,,,,,,,,,,,,,,,,, [ 2133910558051 ],,,, [ 4543180399 ],,,,,, [ 115220389981 ],, 
  [ 743550221647 ],,,,,, [ 293199404257 ],,,, [ 155375345089 ],,,,,,,,,,,,,,,,,,,,,,,,,, 
  [ 1550680867 ],,,,,,,,,,,,,, [ 52849408921 ],, [ 1051568653 ],,,,,, [ 7842645121 ],,,,,,,,,
  ,,,,,,,,,,,,,,,,,,, [ 191343586721713 ],,,,,,,,,,,,,,,, [ 5193309853 ],,,,,,,,,, 
  [ 7026009457 ],, [ 82590998089 ],,,,,,,,,, [ 4033845001 ],,,,,, [ 68748263777 ],,,,,,,,,,,,
  ,,,,,,,,,,,,,,,, [ 531000159581 ],,,,,,,, [ 4495093049 ],,,,,,,,,,,,,, [ 8334794107 ],,,,,,
  ,,,, [ 1020991133 ],,,,,,,, [ 2246650381 ],,,,,,,,,,,,,,,,,,,,,,,,,,,,,,,, [ 565385290157 ]
   ,,,,,,,,,,,,,,,,,, [ 2152480441, 41552084971 ],,,, [ 1989121249 ],, [ 1215163673 ],,,,,, 
  [ 100164035119 ],,,,,,,,,,,,,,,,,,,,,,,,,,,,,,,, [ 3803234293 ],,,,,,,,,,,,,,,,,,,,,,,,,,,,
  ,,,,,,,,,,,,,,,,,,,,,,,,,,,,,,,,,,,,,,,,,,,,,,,,,,,,,,,,,,,,,,,,,,,, [ 6725019911 ],,,,,,,,
  ,,,,,,,,,,,,,,,,,,,,,,,,,,,, [ 1295207629 ],,,,,,,,,, [ 56680174753 ],,,,,,,,,,,, 
  [ 7162022869, 8236607237 ],,,, [ 3914583193 ],,,,,,,,,,,,,,,,,,,, [ 14204518609 ],,,,,,,,,,
  ,,,,,,,,,,,,,, [ 5724634217 ],,,,,,,, [ 3588839873 ],,,, [ 4238381089, 305546716081 ],,,,,,
  ,, [ 1103114321 ],,,,,,,, [ 1018270066753 ],,,, [ 4606283417 ],,,,,, [ 825464389993 ],,,,,
  , [ 104532096001 ],,,,,,,,,,,,,,,,,,,,,,,,,,,,,,,,,, [ 30131167849 ],,,,,,,, 
  [ 1278597431 ],,,, [ 1485600887 ],, [ 3867781889 ],,,, [ 11322978881 ],,,,,,,,,,,,,, 
  [ 1277218763 ],,,, [ 8819963021 ],,,, [ 42531159871 ],,,,,,,,,,,,,,,, [ 1407328001 ],,,, 
  [ 92565908597 ],, [ 71943746929 ],,,,,, [ 4558993123 ],, [ 527951443057 ],,,,,,,,,,,,,,,,,,
  ,,,,,,,, [ 123910821271 ],,,,,,,,,,,,,, [ 25290137281 ],, [ 97830599437 ],,,,,,,,,, 
  [ 47105895257 ],, [ 6023732401 ],,,,,,,,,,,,,,,, [ 2724044441 ],, [ 2439619201 ],,,,,, 
  [ 9437931379 ],,,, [ 381803855903 ],,,,,,,, [ 1228278481 ],,,,,,,,,,,,,,,,,,,,,,,,,,,,,,,,,
  ,,,,,,,,,,, [ 20048249717 ],,,,,,,,,,,,,,,,,,,, [ 1502575378501 ],,,,,,,,,,,,,,,,,,,, 
  [ 20441820859 ],,,,,, [ 88585145629, 1628967618673 ],,,,,,,,,,,,,, [ 127313186989 ],,,,,,,,
  ,,,,,,,,,,,,,,,,,,,,,,,, [ 6588911741 ],,,,,,,,,, [ 1305760201 ],,,,,,,, [ 4932934073 ],,,,
  ,, [ 4627957759 ],,,, [ 9417470123 ],,,,,,,,,,,,,,,,,,,,,,,,,,,,,,,,,,,,,,,,,,,,,,,,,,,, 
  [ 8357438911 ],,,, [ 325459833007 ],,,,,,,,,,,,,,,,,,,,,,,,,,,,,,,,,,,,,,,,,, 
  [ 40179274129 ],,,,,,,,,, [ 20349340369 ],,,,,,,,,,,,,,,,,,,,,,,, [ 13777475851 ],,,,,,,,,,
  ,,,,,,,,,, [ 6928625551 ],,,,,,,,,,,,,, [ 2213196481 ],, [ 5607786809 ],,,,,,,,,,,,,,,,,,,
  , [ 6844781329 ],,,, [ 1740415591 ],,,, [ 6961306831 ],,,,,,,,,,,,,,,,,,,,,,,,,,,,,,,,,,,,,
  ,,,,,,,,,,,,,,, [ 302798770583 ],,,, [ 697536799571 ],,,,,,,,,,,,,,,,,,,,,,,,,,,,,, 
  [ 1138436017601 ],,,, [ 5710280104153 ],,,,,,,,,,,,,,,, [ 95980328501 ],,,,,,,,,, 
  [ 20450250151 ],,,,,,,,,, [ 1092472201, 102310874161 ],,,,,,,,,,,, 
  [ 1221001429, 8129172223957 ],,,,,,,,,,,,,,,,,, [ 8757378061 ],,,,,,,,,,,, [ 1957097143 ],
  , [ 7249419589 ],,,,,,,,,,,, [ 1132851169 ],,,,,,,,,,,,,, [ 1664471111 ],,,,,,,, 
  [ 128997145999 ],, [ 1701040801 ],,,,,,,,,, [ 25442170591 ],,,,,,,,,,,,,,,,,, 
  [ 22731933577 ],, [ 7275661358501 ],,,,,, [ 995309784149 ],,,,,,,,,,,,,,,,,,,,,,,,,,,, 
  [ 63807590761 ],,,,,, [ 1248101191 ],,,,,,,,,, [ 27670740401 ],,,,,,,,,,,,,,,,,,,,,, 
  [ 2425756181 ],,,,,,,,,,,,,,,,,,,,,,,,,,,,,,,,,, [ 1914103777, 59441300881 ],,,, 
  [ 124198323241 ],,,,,,,,,,,,,, [ 10328171437 ],,,,,,,,,, [ 87837306017 ],,,,,, 
  [ 3011832121 ],,,, [ 2064084761 ],,,, [ 1441430803 ],,,,,,,, [ 5374011221, 49829824621 ],,,
  ,,,,, [ 19526259677 ],,,,,,,,,, [ 122044906369 ],,,,,,,, [ 6871292773 ],,,,,,,,,,,,,, 
  [ 1661174923 ],,,, [ 1206794651, 35194960751 ],,,,,,,,,,,,,, [ 100075725433 ],,,,,,,,,,,,,,
  ,,,,,,,,,,,,,,,,,,,,,,,,,,,,,,,,,,,,,,,,,,,,,,,,,,,,,,,,,, [ 197189531197 ],,,,,,,,,, 
  [ 3833061293 ],,,,,, [ 3259897273 ],, [ 545785158577 ],,,,,,,,,,,, [ 12472865521 ],,,,,, 
  [ 3144864649 ],,,,,,,,,,,,,,,,,,,,,,,, [ 31145933524609 ],,,,,,,, [ 335511732217 ],, 
  [ 38861390119313 ],,,,,,,,,, [ 658732465613 ],,,,,,,, [ 33669160309 ],,,,,,,,,,,,,, 
  [ 57997743049 ],,,,,,,, [ 230800004587 ],, [ 14650743109 ],,,,,,,,,,,,,,,, 
  [ 7923889155433 ],,,,,,,,,,,,,,,,,, [ 5377195711 ],, [ 8631438017, 1745535033521 ],,,,,,,,,
  ,,,,,,,,,,,,, [ 3272880223 ],,,,,,,,,,,,,,,,,,,,,,,,,,,,,,,,,,,,,, [ 239573499377 ],,,,,,,
  , [ 1065348157 ],,,, [ 3357776321 ],,,, [ 1360418641 ],,,,,,,,,,,,,,,,,,,, [ 190111604281 ]
   ,,,, [ 2799707861 ],,,, [ 2626670593 ],,,,,,,,,,,, [ 7191502501 ],,,, [ 4940892673 ],,,,,,
  ,, [ 15170489353 ],,,, [ 1127960861 ],,,,,,,,,,,,,, [ 14925304711 ],,,,,,,,,, 
  [ 7778765801 ],,,,,,,,,,,, [ 994219903553 ],,,, [ 249836244193 ],,,,,,,,,,,,,,,, 
  [ 2440735789 ],,,,,,,,,,,,,,,,,, [ 72411335431 ],, [ 108096320617 ],,,,,,,,,,,,,,,,,,,,,,,,
  ,,,,,, [ 136273998251 ],,,,,,,,,,,,,,,,,,,,,,,, [ 7753123687 ],,,, [ 10372966501 ],,,, 
  [ 2848192439 ],,,,,,,,,,,,,,,,,,,,,, [ 7882149661 ],,,, [ 32764480321, 608880030721 ],, 
  [ 896544676411 ],,,, [ 2717215807 ],,,,,, [ 7103076121 ],,,, [ 1241002753 ],,,,,,,,,, 
  [ 1235242633 ],, [ 33333519809 ],, [ 3687785371, 7060739789071 ],,,, [ 128405803609 ],,,,,,
  ,,,,,,,,,,,,,,,,,,,,,,,,,,,,,,,,,,,,,,,,,,,,,,,,,,,,,,,,,,,,,,,,,,,, [ 1234026817 ],,,,,,,,
  ,,,,,,,, [ 1217632094597 ],, [ 3884614537 ],,,,,,,,,,,,,,,,,,,,,,,,,,,,,,,,,,,,,,,,,,,, 
  [ 2408142551 ],, [ 22912341833 ],, [ 8559886879 ],,,,,,,,,,,,,,,,,,,,,,,,,,,,,,,,,, 
  [ 1374947809, 1524082561 ],,,,,,,,,, [ 3629520133 ],,,,,,,, [ 16172285743 ],,,,,,,,,, 
  [ 5276389757 ],,,,,,,,,,,,,,,,,,,,,,,,,,,,,,,,,,,,,,,,,,,,,,,,,,,,,,,,,, [ 209977670731 ],,
  ,,,,,,,,,,,,,,,,,,,,,,,,,,,, [ 22222340713 ],,,,,,,, [ 5720493941 ],,,, [ 1923862331233 ],,
  ,,,,,, [ 5251966609, 15219702737 ],, [ 4660597997947 ],,,,,,,,,,,,,,,, 
  [ 3169290023, 37695417967 ],,,,,,,,,,,,,,,, [ 130652979619 ],,,, [ 6271010662409 ],, 
  [ 4232985118657 ],, [ 86148291461 ],,,,,,,,,,,,,,,,,,,,,,,,,,,,,,,,,,,,,,,,,, 
  [ 1718454949 ],,,,,, [ 2166065221 ],,,,,,,,,, [ 1256587597 ],,,,,, [ 1847102221 ],,,,,, 
  [ 367670224641721 ],,,, [ 3548471501, 21851847461921 ],,,,,,,,,,,,,,,,,, [ 1611988159 ],,,
  , [ 12732896651 ],,,,,,,,,,,, [ 14888741843 ],,,, [ 5505981391 ],, [ 1296689021 ],,,, 
  [ 2451288313 ],,,,,,,, [ 1282063553 ],,,,,,,,,, [ 12509458237 ],,,,,, [ 210436412689 ],,,,,
  ,,,,,,,,, [ 2128042219 ],,,,,,,,,,,,,,,,,,,, [ 30236690179 ],,,,,,,,,,,,,,,, 
  [ 273982041941 ],,,,,, [ 1600130977 ],,,,,, [ 7280617361 ],,,, [ 3810534967 ],,,,,,,,,,,, 
  [ 89048280187 ],,,,,, [ 38998816177 ],,,,,,,, [ 420101974301 ],,,,,,,,,,,,,,,,,,,, 
  [ 3877668481 ],,,,,, [ 15569680547 ],,,,,,,,,,,,,,,, [ 54711959597 ],, [ 132777967193 ],,,,
  ,,,,,,,,,,,,,,,,,,,,,,,,,, [ 10653840149 ],,,,,,,,,,,,,,,, [ 20230518631 ],,,,,, 
  [ 5992303601 ],,,, [ 94483831201 ],,,,,, [ 1008204489757 ],,,,,,,,,,,,,,,,,,,,,,,,,,,,,,,,,
  ,,,,,,,,,,,,,,,,,,,,, [ 7226461321 ],,,,,,,,,, [ 1582500581 ],, [ 1441843537 ],,,,,,,,,, 
  [ 61477211303 ],,,,,,,,,,,,,,,,,,,, [ 4945151521 ],,,, [ 1883371159 ],,,,,, 
  [ 51709665281 ],,,,,,,,,,,,,,,,,,,,,,,, [ 1698833033 ],,,,,,,, [ 27116902849 ],,,,,,,,,,,,,
  ,,, [ 67943335441 ],,,,,,,,,, [ 1818592413751 ],,,,,, [ 46031228782529 ],, [ 1732504513 ],,
  ,,,,,,,, [ 3467438449 ],,,,,, [ 41694691573 ],,,,,,,,,,,,,,,,,,,,,, 
  [ 12841996441, 14524094521 ],,,,,,,,,,,, [ 18112371229, 62499645757 ],, [ 2776263031 ],,,,,
  ,,,,,,,,,,,,,,, [ 7609352093251 ],,,,,,,,,, [ 8583132421, 89671044941 ],,,,,,,,,,,,,,,, 
  [ 17871574729 ],,,, [ 1005877601, 1086865441 ],,,, [ 1542825797 ],,,,,,,, 
  [ 1010280961, 1113548729 ],,,,,,,,,,,,,,,,,,,,,, [ 2109116467, 1702227818537 ],, 
  [ 5276443661, 67995306133 ],,,, [ 5412813121 ],,,,,,,, [ 1679284753 ],,,,,,,,,, 
  [ 2079233731 ],,,, [ 2109762349 ],,,,,,,,,,,, [ 6723637903 ],,,,,,,,,,,, [ 15084116797 ],,,
  ,,,,,,,,,,,,,,,,,,, [ 18643918157 ],,,,,, [ 7927748921 ],, [ 1088680420873 ],,,,,,,,,,,,,,,
  ,,,,,,,,,,,,,,,,,,,,,,,,,,,,,,, [ 10179987809 ],,,,,,,, [ 28399739551 ],,,,,,,,,,,, 
  [ 1950947263 ],,,,,,,,,,,,,,,, [ 7115459737 ],,,,,,,,,,,, [ 18373568041 ],,,,,,,,,,,,,, 
  [ 12123038041 ],,,,,,,,,,,,,,,,,,,,,,,, [ 9854425138273 ],,,,,, [ 1020134053 ],,,, 
  [ 14350673587 ],,,,,,,,,, [ 7222525549 ],,,,,,,,,,,,,,,,,,,,,,,,,, 
  [ 47619527897, 70460001691 ],,,,,, [ 110055554701 ],,,,,,,,,,,,,,,, [ 1414670811601 ],,,,,,
  ,,,,,,,,,,,, [ 3879219853 ],,,,,, [ 1115232541 ],,,,,,,,,,,,,, [ 7393166281 ],, 
  [ 3804733969, 359546308441 ],,,,,, [ 1313785747 ],,,,,, [ 182489636401 ],,,,,, 
  [ 26049122041 ],,,,,,,,,,,,,,,,,,,,,,,,,,,,,, [ 38501845357 ],,,, 
  [ 2657954881, 23148492998849 ],,,,,,,,,,,,,,,,,,,,,,,,,,,,,,,,,,,, [ 7226305369 ],,,,,,,, 
  [ 53266953997, 60065881453 ],,,,,, [ 31919985259 ],,,,,,,,,,,,,,,,,,,, [ 7381674343 ],, 
  [ 1042853881 ],,,,,,,, [ 10824922735201 ],,,,,,,,,,,,,, [ 21136715239 ],,,,,,,,,,,,,,,, 
  [ 24775088197 ],,,,,,,,,,,,,,,,,,,,,,,,,,,,,,,,,,,,,,,,,,,,,,,,,,,,,,,,,,,, [ 1021130947 ],
  ,,,,,,,,,,,,,,,,,,,,, [ 1025207041 ],, [ 71037691069 ],,,,,,,,,,,,,, 
  [ 4217452721, 252087549809 ],,,,,,,,,,,,,,,, [ 182004072769 ],,,,,,,, [ 7754845201 ],,,, 
  [ 1054709701 ],,,,,, [ 12411410491 ],,,,,, [ 4301598937 ],, [ 1691498597 ],,,, 
  [ 2953471849 ],,,, [ 4000630261 ],,,,,,,,,,,,,,,,,,,,,,,,,, [ 57547375909 ],,,,,,,,,,,,,, 
  [ 9486632153 ],,,, [ 1633027771 ],,,,,,,, [ 6681933751 ],, [ 39742988401 ],,,, 
  [ 12437789417 ],,,,,,,,,,,, [ 403576133273 ],,,,,,,,,,,,,,,,,,,, [ 8044222633 ],,,,,,,,,,,,
  ,,,,,, [ 44268220181 ],,,,,,,,,,,, [ 3398303861 ],,,,,, [ 2011541421761 ],,,,,, 
  [ 1086227407 ],,,,,,,,,, [ 91292132977 ],,,,,,,,,,,, [ 2835861601 ],,,,,,,,,,,,,,,,,,,,,,,
  , [ 1096631117 ],,,, [ 184376085409 ],,,,,,,,,,,, [ 45801415081 ],,,,,,,,,,,,,,,,,,,,,, 
  [ 3216425911801 ],,,,,,,, [ 498554590621 ],, [ 4757303616053 ],,,,,,,,,,,,,,,,,, 
  [ 44926673641 ],,,,,,,,,,,,,,,,,,,, [ 530308346921 ],,,,,,,,,,,,,,,,,,,,,,,,,,,,,,,,,,,,,,,
  ,,,,,,,,,,,,,,,,,,,,,,,,,,,,,,, [ 415444159601 ],,,,,,,,,,,,,,,,,,,,,,,, [ 4404008730409 ],
  ,,,,,,,,,,,,,,,,,,,,,,,,,,,,,,,,,,, [ 41379109741 ],,,,,,,,,,,,,,,,,,,,,,,,,,,,,,,,,, 
  [ 4054180747 ],,,,,,,, [ 3136281979 ],,,,,,,,,, [ 1378214401 ],, [ 2104294267 ],,,,,,,,,, 
  [ 6519911989 ],,,,,,,,,,,,,,,,,,,, [ 30342343169 ],,,,,,,,,,,,,,,,,,,,,,,,,, 
  [ 30443915951 ],,,,,,,,,, [ 43891144772441 ],,,,,, [ 205247223491 ],,,,,,,,,,,,,,,,,,,,,,,,
  ,,,,,,,,,,,, [ 3502442759 ],,,,,,,,,,,,,,,,,,,,,,,, [ 2352640487 ],,,,,,,,,,,,,,,, 
  [ 1577202516163 ],, [ 829158696601 ],, [ 516467339819 ],, [ 30621478873 ],,,,,,,,,,,, 
  [ 62285414041 ],,,,,, [ 14563203757 ],,,,,, [ 18824476621 ],,,,,,,,,,,,,,,,,,,,,,,, 
  [ 4101480793 ],, [ 3014441389 ],,,, [ 120345411097 ],,,,,,,,,,,,,,,,,, [ 1780626734641 ],,,
  ,,,,, [ 4507148537 ],,,,,,,,,,,,,, [ 2242240309 ],,,,,,,,,,,,,,,, [ 4200297169 ],,,,,,,, 
  [ 26634475643 ],,,,,,,,,, [ 45126613769 ],,,,,, [ 1150125607, 3303074783 ],,,,,,,,,,,,,,,,,
  ,,, [ 56726921831, 1790512674217 ],,,,,,,,,,,,,,,,,,,,,,,,,,,,,,,,,,,,,,,,,, 
  [ 1279654721 ],, [ 1694218777, 21139816699 ],,,,,,,,,,,,,,,,,,,,,,,,,,,,,,,,,,,, 
  [ 13073053489, 72187261213 ],,,,,,,,,,,,,, [ 284346908933 ],, [ 7475093189 ],, 
  [ 35672209155001 ],,,,,,,,,,,,,,,,,,,, [ 109345524901 ],,,,,,,,,,,,,,,,,,,,,,,,,,,, 
  [ 51180264281521 ],,,,,,,,,,,,,,,,,,,,,, [ 82228369961 ],,,,,,,, [ 1985094091 ],,,,,,,, 
  [ 3392434079 ],,,,,,,,,,,, [ 360860242111 ],,,,,,,,,,,,,,,,,, [ 43762951357 ],,,,,,,,,,,,,,
  ,,,, [ 13378834351 ],,,,,,,,,,,,,, [ 3783218180617 ],,,,,,,,,,,,,,,,,,,, [ 7733950849 ],,,,
  ,,,, [ 1325638777, 96945805601 ],, [ 3392525849 ],,,,,,,,,, [ 9059201549 ],,,,,,,,,,,,,, 
  [ 2217181297 ],,,,,,,,,,,,,,,,,,,, [ 6545216449 ],, [ 8645070193 ],, [ 106850906387 ],,,, 
  [ 82595762441 ],,,,,,,,,,,,,,,, [ 7594718671, 18551813140477 ],,,,,,,,,, [ 1731220369 ],, 
  [ 406004348467 ],,,,,,,,,, [ 108859297933 ],,,,,, [ 3071418113 ],,,,,, 
  [ 2715378241, 90403328307658721 ],,,,,, [ 22166248786214019503 ],,,, [ 2936046961 ],, 
  [ 8920786997 ],,,,,,,,,,,, [ 2344290410593 ],,,,,,,,,,,,,,,,,,,,,,,,,,,,,,,,,,,,,,,,,, 
  [ 11309664389 ],,,,,, [ 2864775313 ],,,,,,,,,,,,,,,,,,,,,,,,,,,,,,,,,, [ 101808054209 ],,,,
  ,,,,,,,,,,,,,,,,,,,,,,,,,,,, [ 51473255107 ],,,,,,,,,,,,,, [ 6100022689 ],,,,,,,,,,,,,,,,,,
  ,,,,,,,,,,,, [ 2688609871 ],,,,,,,, [ 3578164591, 226315876402981 ],, [ 31761509537 ],,,,,,
  ,, [ 2570717161 ],,,,,,,,,,,,,,,,,, [ 4041180991, 149047071139 ],, [ 49168712501 ],,,, 
  [ 2797743313 ],,,, [ 621662434513 ],,,,,,,,,,,, [ 15204835361 ],,,, [ 2425516333 ],, 
  [ 1933674072079, 9124998585403 ],,,,,,,,,, [ 3977247073 ],,,,,,,, [ 114186332809 ],, 
  [ 4318103599, 17425915597 ],,,,,,,,,,,,,,,,,,,,,,,, [ 1635644071 ],,,, [ 133765054853 ],,,,
  ,,,,,,,,,,,,,,,, [ 10612325167 ],,,,,, [ 73748001601 ],,,,,, [ 5770755469 ],, 
  [ 5375640276817 ],,,, [ 543573542101 ],,,,,,,,,,,,,,,,,,,,,,,,,,,,,,,, [ 1417424621 ],, 
  [ 31682612184397 ],, [ 826189284961 ],, [ 2523280801 ],,,,,,,,,,,,,,,,,,,,,,,,,,,,,,,,,,,,,
  ,,,,,,,,,,,,,,,,,,,,,,,,,,,,,,,,,,,,,,, [ 622944696757 ],,,,,,,,,,,,,,,, [ 9785510557 ],, 
  [ 1396571521 ],,,, [ 1431859057537 ],,,, [ 14629796017 ],,,,,,,,,, [ 2675457643 ],,,,,, 
  [ 62289970273 ],,,,,,,,,,,, [ 5394124741 ],,,,,,,,,,,,,, [ 192016581611 ],,,,,,,,,, 
  [ 28827965773 ],,,,,,,,,,,,,,,,,,,, [ 1560198929 ],,,,,,,,,,,,,,,,,,,,,,,,,, 
  [ 1354128901 ],,,,,,,,,,,,,,,,,,,,,,,,,,,,,,,,,,,,,,,,,,,,,,,,,, [ 3097145101 ],,,,,,,,,, 
  [ 20265601151 ],,,,,,,,,,,,,,,, [ 891044697709 ],,,,,,,,,, [ 34773802177 ],,,,,,,,,,,,,,,,,
  ,,,,,,,,, [ 2427900011 ],,,,,,,, [ 227891388961 ],,,,,,,, [ 3679749379 ],,,,,,,, 
  [ 4435683379 ],,,,,,,,,,,,,,,,,,,,,,,,,,,,,, [ 30899909041 ],,,, [ 4990614481 ],, 
  [ 1210061551 ],,,,,,,,,,,,,,,,,,,,,,,,,, [ 29451674753 ],,,,,,,,,,,,,,,,,,,,,,,,,,,,,,,,,, 
  [ 3117077569 ],,,,,,,,,,,,,,,, [ 6201496933 ],,,, [ 2422465391, 4217741779 ],,,,,,,,,,,, 
  [ 2667140939, 382723243379 ],,,,,,,, [ 17942135074957 ],,,,,,,,,,,,,,,,,,,,,,,,,,,,,,,,,, 
  [ 8404642009 ],, [ 117434098039 ],, [ 79914868321 ],, [ 17525652589, 36617887837 ],,,,,,,, 
  [ 2535827911 ],, [ 91897939849 ],,,,,,,,,,,,,,,,,,,, [ 18059973889 ],, [ 7673283991 ],,,,,,
  ,,,,,,,, [ 205591121569 ],,,, [ 5879166062533 ],,,,,, [ 3055244149 ],,,,,,,,,, 
  [ 7472912861 ],,,,,, [ 2158829789, 2699129777 ],,,,,,,,,, [ 177243969401 ],,,, 
  [ 1297575938689 ],, [ 981549302501 ],,,,,, [ 4051011457 ],,,,,,,,,, 
  [ 1303752433, 37395322543, 1653224432791 ],,,,,, [ 36238378609 ],,,,,,,,,,,,,,,,,,,, 
  [ 982844209309 ],,,,,,,,,,,, [ 1362182897 ],, [ 13634392349 ],,,,,, [ 1194625633 ],, 
  [ 4660697719 ],,,, [ 1229006489, 3670097699 ],,,,,,,,,, [ 80307586217 ],,,,,,,,,,,, 
  [ 4614040181 ],,,,,,,,,, [ 256536977251 ],,,,,,,,,,,, [ 6462455420737 ],,,,,,,,,,,,,,,,,,,
  , [ 2289368119, 8749396853 ],, [ 6070190081 ],, [ 34888038883 ],,,,,,,,,,,,,,,,,,,,,,,,,,,,
  ,,,,,,,, [ 4940246683 ],,,,,,,,,,,,,, [ 704121001249 ],, [ 47141422417 ],,,, 
  [ 174166883369 ],,,,,, [ 361315206209 ],,,, [ 1630162873 ],,,,,,,,,,,,,,,,,,,,,,,,,, 
  [ 5072323873 ],,,,,,,,,,,,,,,,,,,,,,,,,,,,,,,,,,,,,,,,,,,,,,,, [ 54183399577 ],,,,,, 
  [ 1016825755577 ],,,,,,,,,,,,,, [ 1224370909 ],,,,,,,,,, [ 4382474903509 ],,,,,,,,,,,, 
  [ 924132786833 ],,,,,,,,,,,,,,,,,,,,,,,,,,,,,,,,,,,,,, [ 26903648654053 ],, 
  [ 31986094561 ],, [ 25683469363501291 ],,,, [ 1091872081 ],, [ 9904897297, 45849043897 ],,,
  , [ 2480235841 ],,,,,,,,,,,,,,,,,,,,,,,,,, [ 6740930869 ],,,,,, [ 1190001877, 24061640441 ]
   ,, [ 5579556313 ],,,, [ 5641248359 ],,,,,,,,,,,,,,,,,,,,,,,,,, [ 1042332901 ],,,,,,,,,,,,,
  ,,, [ 77185002080401 ],,,,,,,,,,,,,,,,,,,, [ 41742550081 ],,,, [ 2871644593 ],,,,,,,,,,,,,,
  ,,,,,, [ 9386502217 ],,,,,, [ 43429031501 ],,,, [ 1665129799 ],,,,,,,,,,,,,,,,,,,,,,,,,,,,,
  , [ 2048067601 ],,,, [ 1530662268301 ],,,,,,,,,,,,,,,,,,,,,, [ 315170101651 ],,,,,, 
  [ 1302163777 ],,,,,,,, [ 30797711569 ],,,,,,,,,,,,,,,,,,,,,,,,,,,,,,,,,,,,,,,, 
  [ 2636096161 ],,,,,,,,,,,,,,,,,,,,,,,,,, [ 599831088421 ],,,,,,,,,,,,,,,, [ 30487452007 ],,
  ,,,,,,,, [ 22672261061 ],,,,,,,,,, [ 65226219787 ],, [ 6326704577, 7648679809 ],,,, 
  [ 115036160389 ],,,,,,,,,,,, [ 1455387937 ],,,,,,,,,,,,,, [ 1379295889 ],,,,,,,, 
  [ 1045818173 ],, [ 66687922057 ],,,,,,,,,,,,,,,,,,,, [ 9550228901 ],,,,,, [ 10689175019 ],,
  ,,,,,,,,,, [ 1308815773 ],,,,,,,, [ 3485658181, 17837953993 ],,,,,,,,,,,,,,,,,,,,,,,,,, 
  [ 3415616881 ],,,,,, [ 53976431737 ],,,,,,,,,,,,,,,,,, [ 189035896393 ],,,,,,,,,,,,,,,,,,,
  , [ 4373333161 ],,,,,,,,,,,,,,,, [ 1697978701 ],, [ 1434261726893 ],,,, [ 1611350989 ],, 
  [ 56450070041 ],,,,,, [ 2644352597 ],,,,,,,,,,,,,, [ 33882198529 ],,,,,,,,,,,, 
  [ 155664640141 ],,,,,,,,,, [ 676278145201 ],, [ 24708568804609 ],,,,,, [ 18317863643 ],,,, 
  [ 10923407057 ],,,,,, [ 1448550001, 2253128321 ],,,,,, [ 4660422511 ],,,,,,,,,,,,,,,,,,,,,,
  ,, [ 3003751087 ],,,,,,,,,, [ 40245657409 ],,,, [ 2616155153 ],,,,,,,,,,,,,, 
  [ 1847161207 ],, [ 1835798453, 4789849157 ],,,,,, [ 21833030773, 3512119910419 ],,,,,,,,,, 
  [ 9953633413 ],,,,,, [ 62191149001 ],,,,,,,,,,,,,,,,,,,,,,,,,,,,,,,,,,,,,,,,,,,,,,,,,,,,,,,
  ,,,,,,,,,,,,,,, [ 26763141121 ],,,,,, [ 132605251367 ],,,,,,,,,, [ 1656229433 ],,,,,,,,,,,,
  ,,,,,,,,,,,,,,,,,,,,,,,,,,,,,,,,,, [ 53755972987 ],,,,,,,, [ 3646369981 ],,,,,,,,,,,,,,,,,,
  ,,,,,,,,,,,,,,,,,,,,,,,,,,,,,,,,,,,, [ 1884248549 ],,,,,,,,,,,,,,,,,,,,,,,,,,,,,,,,,,,,,,,,
  ,,,,,,,,,, [ 1133313803 ],, [ 1568341441 ],,,,,, [ 1002917107 ],,,,,,,,,,,,,,,,,,,,,,,,,,,
  , [ 18571334591 ],,,,,,,,,,,,,,,,,,,,,,,, [ 18779163877 ],,,, [ 11420882029 ],, 
  [ 1825537601 ],,,,,, [ 14748290639 ],,,,,, [ 81175786921 ],,,,,,,,,,,,,, [ 272119028563 ],,
  ,, [ 1395872041 ],,,,,,,, [ 23643704911 ],,,,,, [ 5584481713 ],, [ 50118947383 ],,,,,,,,,,,
  ,,,,,,, [ 6489121553 ],,,,,,,,,,,,,,,,,,,,,, [ 2128107601 ],,,, [ 3283341251 ],,,,,,,,,,,,,
  ,,,,,,,,,,,,,,,,,,,,, [ 1590799589 ],,,, [ 3033615817 ],,,, [ 1193573089 ],,,,,,,,,, 
  [ 598877848969 ],,,,,,,,,,,,,,,,,,,,,,,,,,,,,,,,,,,,,,,,,,,,,,,,,,,,,, [ 6251035313 ],, 
  [ 987694916729 ],,,,,, [ 4569220553 ],, [ 4086197767 ],,,,,,,,,,,,,,,,,,,,,,,,,,,,,,,,,,,,,
  ,,,,,,,,, [ 61718758121 ],,,,,,,,,,,, [ 1350613601, 197500329217 ],,,,,,,,,,,,,, 
  [ 125229003301 ],,,,,,,,,,,,,, [ 444580780993 ],,,,,,,,,,,,,,,,,,,,,,,,,,,,,,,, 
  [ 8055203977 ],,,,,,,,,, [ 1463908141 ],,,,,,,, [ 16317828854813 ],,,,,,,,,, 
  [ 38208821593 ],,,,,,,,,,,,,,,,,, [ 10414317761 ],,,,,,,,,,,,,,,,,, [ 1539451542553 ],, 
  [ 10109063051 ],,,, [ 10011114493 ],,,,,,,,,,,,,, [ 1880351201 ],,,,,, [ 12631713799 ],,,,,
  ,,,,,,, [ 1394670413 ],,,,,,,,,,,,,,,,,,,,,,,,,,,,,,,,,, [ 137262718861 ],,,,,,,, 
  [ 550026780353 ],,,,,,,,,,,,,, [ 579425126659 ],,,,,, [ 1077646081, 546229686529 ],,,,,,,,,
  ,,,,,,,,,,,,,,,,, [ 79484137383008863 ],,,,,,,,,, [ 7513449901 ],,,,,, [ 22663350991 ],,,,,
  ,,,,, [ 22545685801 ],,,,,,,,,,,,,,,,,,,, [ 2470734481 ],,,,,,,,,,,,,,,,,,,, 
  [ 39578958541 ],,,,,,,,,, [ 7539945601 ],,,, [ 35659321273 ],,,,,,,,,,,,,,,,,,,,,,,,,,,,,,,
  , [ 11915194411 ],,,,,,,,,, [ 9014571341 ],,,,,,,, [ 54098101081 ],,,,,,,,,,,,,,,, 
  [ 15307715201 ],,,,,,,,,, [ 11447874871 ],,,,,,,,,,,,,, [ 16604375233 ],,,,,,,,,,,,,,,,,,,,
  ,, [ 1624815499 ],,,,,, [ 4009132609 ],, [ 2117627669 ],,,,,,,,,,,,,,,,,,,,,,,,,,,,,, 
  [ 1924665601 ],,,,,,,,,,,,,,,,,,,,,,,,,,,,,,,,,,,, [ 53751018721 ],,,,,, 
  [ 1010130761, 2540829271 ],, [ 1156859749 ],,,,,,,,,,,,,, [ 314362416103 ],,,, 
  [ 1056963301, 1822880599, 211330638019 ],,,,,,,,,,,,,,,,,,,,,,,, [ 23529140671 ],,,,,,,,,,,
  , [ 24665819977 ],,,,,,,, [ 2547483751, 253150630509071 ],,,, [ 39779487991 ],,,,,,,,,,,,,,
  ,,,,,, [ 2753468147 ],,,,,,,,,,,,,, [ 12062852033, 601138115713 ],,,,,,,, 
  [ 9995695777, 2580144518209 ],,,,,, [ 94917535957 ],,,,,,,,,,,,,,,,,,,,,,,,,,,,,,,,,,,,,, 
  [ 2242847130001 ],,,,,,,,,,,,,,,, [ 6236614669 ],,,,,,,,,,,, [ 3286218721 ],,,,,, 
  [ 13902242197 ],, [ 3326025697 ],,,,,,,,,,,,,,,,,,,, [ 1111819853 ],, [ 1553341717 ],,,,,,,
  ,,,,, [ 604123232551 ],, [ 1100351033057 ],,,, [ 6326632657 ],,,,,,,,,,,, [ 1896459289 ],, 
  [ 21135082541 ],, [ 1659243041 ],,,,,,,,,,,,,,,,,,,,,, [ 2059957771681 ],,,,,,,,,, 
  [ 6241628737, 92271118081 ],,,,,, [ 13070267731 ],,,,,,,,,,,, [ 75873983953 ],, 
  [ 1684653197 ],, [ 1173131737 ],,,,,,,,,,,,,,,, [ 2730605179 ],,,,,, [ 177962996069 ],,,,,,
  ,,,,,,,, [ 2216787439 ],, [ 34324824817 ],,,, [ 93389897473 ],,,,,,,,,,,, [ 1200371701 ],, 
  [ 2959890733 ],,,,,,,,,,,, [ 8448397873 ],,,,,,,,,,,,,,,,,,,,,,,,,,,,,,,,,,,,,,,,,,,,,,,,,,
  ,,,, [ 17960431729 ],, [ 1525325281 ],,,, [ 2525703769, 132742411831 ],,,,,,,,,,,,,,,,,,,, 
  [ 200128923877 ],,,,,,,,,,,,,,,,,,,,,,,, [ 736410477037 ],,,,,,,, [ 31874827729 ],,,, 
  [ 2072373311 ],,,,,,,,,,,, [ 3024480157 ],,,,,,,,,,,,,, [ 121446404881 ],,,,,,,, 
  [ 75848182561 ],,,,,,,,,,,, [ 96157137649 ],, [ 8120956919 ],,,,,,,,,,,,,,,,,, 
  [ 17207585713 ],,,,,,,,,, [ 2246543263 ],,,,,,,,,,,,,,,, [ 2998455809 ],,,,,,,,,,,,,,,, 
  [ 43531114057 ],,,,,,,,,,,,,,,, [ 6725902717 ],,,,,,,,,,,,,,,,,,,,,, 
  [ 1190781953, 3023123489 ],,,,,,,,,,,, [ 876739265993 ],,,,,, [ 11772956051 ],,,,,,,,,,,,,,
  ,,,,,,,,,, [ 1361948433737 ],,,,,,,,,,,,,,,,,,,, [ 5882342203 ],, [ 105831821761 ],, 
  [ 59953508497 ],,,,,,,,,,,,,,,, [ 5025118151 ],, [ 7580638501 ],,,,,,,,,,,,,, 
  [ 2491693843 ],,,,,,,,,,,,,,,,,,,,,,,,,,,, [ 1004720424913 ],,,,,,,, [ 1004459821 ],, 
  [ 4806018193, 25736792561 ],,,, [ 3329089725859561 ],,,,,,,,,,,,,, [ 96334662701 ],,,, 
  [ 2852745463 ],,,,,,,,,,,,,,,, [ 79673861675501 ],,,,,,,, [ 34562066533 ],,,,,,,, 
  [ 3840636409 ],,,, [ 528976845811 ],,,,,,,,,,,,,,,,,,,,,,,,,,,,,, [ 103040678401 ],,,,,,,, 
  [ 16136909713 ],,,,,,,,,,,,,,,,,,,,,,,,,,,,,,,,,,,,,,,,,,,,,, [ 1169353183 ],,,, 
  [ 33441497743 ],,,,,,,,,,,,,,,,,,,,,,,,,,,,,,,, [ 42014109117241 ],, [ 3290829361 ],,,,,,,,
  ,,,,,,,, [ 5557209253 ],,,,,,,,,,,,,,,,,, [ 1048957303 ],, [ 15358743937 ],,,,,,,,,,,,,,,,,
  ,,,,, [ 207776933101 ],,,,,,,,,,,,,,,,,,,, [ 216401291341 ],,,, [ 5154045847 ],,,, 
  [ 9433249157 ],,,,,,,,,,,,,,,,,, [ 425359187189 ],,,,,, [ 2183132443 ],,,,,,,,,,,,,,,,,,,, 
  [ 5247979777 ],,,,,,,,,,,,,,,,,,,,,, [ 8591603617 ],,,,,,,,,,,,,,,,,,,,,,,,,,,,,,,,,,,,,,,,
  ,, [ 203119180073 ],,,, [ 17457779512571, 481432620921491 ],, [ 14287051241 ],,,,,, 
  [ 213240832403 ],, [ 5203575001, 39662493001 ],,,,,,,,,,,,,,,,,,,,,, [ 1584171257 ],,,,,,,
  , [ 12906439561 ],,,,,,,,,,,,,, [ 6499197193273 ],,,,,,,, [ 66143457953 ],, 
  [ 375059486017 ],,,,,,,,,,,, [ 149031717553 ],,,, [ 120859486211 ],,,,,, [ 12065276081 ],,,
  ,,, [ 62914342013 ],,,, [ 7887536819 ],,,,,,,,,,,, [ 164683561841 ],, [ 65074508801 ],,,,,,
  ,,,, [ 4021795291 ],,,,,,,,,,,,,,,, [ 86421442417 ],,,, [ 36790231921 ],, [ 765478831057 ],
  , [ 1132037539 ],,,,,,,,,,,,,,,,,,,,,,,, [ 31296715481 ],,,,,,,, [ 112682954777 ],,,,,,,,,
  , [ 11522501713 ],,,,,,,,,,,,,, [ 66237849151 ],, [ 1867549897, 52834226761 ],,,,,,,, 
  [ 1000070501 ],, [ 22327291501 ],, [ 8209454857 ],,,,,, [ 14312909251, 33176164930021 ],, 
  [ 1402863617 ],, [ 52631293789 ],,,,,,,,,,,,,,,,,,,,,,,,,,,,,,,,,,,,,, [ 3277528369 ],,,,,
  , [ 8574774421, 22269340591 ],, [ 273534399841 ],,,,,,,,,,,, [ 5175775757 ],,,, 
  [ 17793400449217 ],, [ 69618006217 ],,,,,,,,,,,,,,,,,,,, [ 4827781897 ],,,, 
  [ 30901318031 ],, [ 1345523369, 20275790693 ],, [ 2852658181 ],,,,,,,,,,,,,, 
  [ 116505071741 ],, [ 13526552623 ],, [ 2838043489 ],, [ 666200206366021 ],, 
  [ 468176693717 ],,,,,,,,,,,,,, [ 151837313599 ],,,, [ 67769723881 ],,,,,,,,,,,,,,,,,, 
  [ 15050823564817 ],,,,,,,, [ 631665679969 ],,,,,,,,,,,,,,,,,,,, [ 1912237853 ],,,, 
  [ 3714682681 ],,,,,,,,,,,,,,,, [ 10288809169 ],,,,,,,,,,,, [ 2955725401 ],,,,,,,,,,,,,,,,,,
  ,,,, [ 3613656713 ],,,,,,,, [ 1921570201 ],,,,,,,,,, [ 115041092629 ],,,,,,,,,,,,,,,,,,,,,,
  ,,,,,, [ 3474469657 ] ]);
