BRENTFACTORS[9427]:=MakeImmutable([ ,,,,,,,,,,,, [ 1034100341, 29790633640613 ],, 
  [ 329766002521 ],, [ 931999140869722181 ],,,, [ 72311715711123379 ],,, [ 3000739129 ], 
  [ 1713710051, 15515742544711842982908851 ],, [ 8587931684721745729861 ], 
  [ 125506062259537 ], [ 104480016163, 1348441253204761 ], [ 46020920780101 ],, 
  [ 14496872993, 3898504606369 ], [ 542900910912285759703, 730225989400620110579388703 ], 
  [ 692333321595583147, 11337072344761014703 ], [ 2363275334243477087258389951 ], 
  [ 1266019566589, 7280992728613 ], [ 52893992510063541312941692559843398875451391914009 ], 
  [ 23817036416555445199307827 ], [ 5095837635518217593617 ], 
  [ 15140944710214712202624839235161 ], [ 3160988899759, 423925990993983680741027 ], 
  [ 2274546767011, 30704952684337 ],,, 
  [ 12262648516454348350201, 1069932905602656789369488979421 ], 
  [ 2496176454841, 8088284772224090667704734412759 ], [ 59659181443, 1960982327765113603 ], 
  [ 5091510197032849, 82478859873971521 ], [ 2101124079849671507, 125058740015985928279 ],, 
  [ 36081204816842719 ], [ 236572695841, 5262032514808468571017, 565263245111942369095793 ],,
  , 
  [ 361387048936651, 130187611266755625404285531, 
      229856683446664392308098902334030710173711820150571 ], 
  [ 1590351617, 23278346230533073 ], [ 1085516448949717 ], 
  [ 252057174266272519026479767346467476366858076532161543 ], [ 6092750852873 ], 
  [ 579240622783494946003441 ], [ 105691607057, 995726841973, 5551454632685851 ], 
  [ 253369644851 ], [ 540676126850137831351 ],,, [ 6067256277089107, 35495504116972466293 ], 
  [ 83429928539 ], [ 6839671675729, 796191475519541, 218360762951758042341219601 ], 
  [ 138195703558164444169761289267 ],, [ 3553154389, 1296247159214512889 ], 
  [ 119241373309273 ],, 
  [ 505415865956484614585352331, 102658079692335442195947453871, 
      7510176253615895613382696340213 ], [ 299816293671151 ],, 
  [ 34144376911877, 6649129150203791791, 139461042203531773788566273 ], [ 14591724073603 ],, 
  [ 36292323605423576118022095521 ], [ 3069546055759, 74004118149848337523 ], 
  [ 442584730157, 809206863348968639447 ],,,, [ 122984803789, 107188330405271 ],, 
  [ 83265659982913, 2584864240361965409 ],, [ 20974715941095953772391 ],, [ 538547388781 ],, 
  [ 2718838017186881515609, 1389398932868764198254551 ], [ 17520626561 ], 
  [ 231001189729, 2036077899813090161468365290817 ], [ 24860992661287138817 ], 
  [ 68735365807109, 3301767783216696222449701619, 
      83353640730447098998305122663723605663429503465659863423 ], [ 1007285599 ], 
  [ 25451662400957433821500281901 ], [ 1315540757 ], [ 698775464089 ],, 
  [ 1260518872913, 11525788577142113, 1893868948589048393, 148003867129520111113, 
      817724056269064024846480407864486641 ],, 
  [ 1232788332055801, 1501856983487221, 95646956302364189 ],,, 
  [ 8921644176131, 124978574059831123 ],, [ 9265557346711, 39208084723723 ],, 
  [ 80489254746949 ],,,, [ 55766616889423519, 71740644893655218431939 ],, [ 398494791157 ], 
  [ 529086343561, 25539652365215522346826264896299825587520375738161 ], 
  [ 1148142623, 3987375572789533, 4098609208068871 ], [ 18482770519 ],, 
  [ 144001690868784149, 23322024621250999709437 ],,,,, [ 605047691737, 18959149719902958169 ]
    , [ 1113116599752708378444395812541 ], [ 68230360257400541393 ], 
  [ 1056343925869, 1350631367581, 3979238385407637790968289, 
      110280862388571265674469177109672465129192670528361 ], [ 13181916217, 3569764507919 ],
  , [ 28735925851, 519429355021, 764942535678241 ], [ 75662286875257 ], 
  [ 15750325402177, 33222393904387117, 78498813343087681, 14137978726552919387 ], 
  [ 40694058968335605121, 59246996379527714159206209458113 ], 
  [ 51408085727597, 625356119246297 ],, [ 588163752764127208453, 4485047750004760704962233 ],
  , [ 264469245899 ], 
  [ 184183373233, 2190859357681, 52700253091561441, 376083584314808950063904689, 
      299325920075562626423005791614689 ], [ 126279782831, 9518603398891 ], 
  [ 1496666779889, 15149351826548957 ], [ 113736057010674589 ],, [ 10683009451 ], 
  [ 102351363901 ], 
  [ 141573983249, 1826383258898087, 8179170556092870799, 7336621338009879339857 ], 
  [ 207258847123177, 475546413187550028641 ], 
  [ 27318713959, 155308157257339, 22391053825436729497 ], [ 1402618591067 ], 
  [ 2400131185565651 ], [ 146761740841, 3445409665303819081129 ],, [ 3788401478755589 ], 
  [ 10283770210353763 ], [ 2482398751995336001 ], [ 1981824178951 ], 
  [ 89335327843, 4735428002069707 ],, [ 2209100296627874497 ], [ 25231582861 ],,, 
  [ 2473879633, 5399474692237842647283485473 ],,, [ 1866326491 ], [ 1885751069 ],, 
  [ 417150870679 ],, [ 442490418149525687569 ], [ 529389716659, 1446821652511 ], 
  [ 56984477461777113103276669 ], [ 90060084199, 30307861065179, 38955438214069207 ], 
  [ 160779442005166763341, 75322689807049779535921, 15428066344839927371078461 ],, 
  [ 394821381452997134872783 ], [ 14035384493590171536673 ], 
  [ 16550458313, 54225887809, 1607728487293824281 ],,, [ 276614857058332607 ],, 
  [ 8306492923 ], [ 1020025411241 ],,,,,,, [ 22789956821 ], [ 496460316529, 245932692758083 ]
   ,,,, [ 522401927513, 1122471529179023 ], 
  [ 1404741731, 22509808063, 50652023269, 1052822982737 ],, [ 3210498264794701 ], 
  [ 7873971373 ],,, [ 1496154689921 ], [ 26608516691401 ], [ 221818854091 ],,,, 
  [ 29678945291, 1020562264117181 ], [ 16368753920208382513 ],, [ 2311119762401 ],,, 
  [ 1423489289, 59527916449 ], [ 407466757299403 ], 
  [ 1623068929, 140113820172959, 74390833505885936531 ], [ 720410785255169 ], 
  [ 1295830351, 297759051648901, 951309073783318051 ],,, [ 5527368761999961436918453 ], 
  [ 48410538105941831 ], [ 456362959861 ], [ 10779078619, 19637081275351, 438935556439843 ], 
  [ 1369565369, 249312448537, 23123245012854977 ],, [ 632734806987839323 ], 
  [ 269357174471400902941 ], [ 1955961629, 4639680469 ],, [ 1003245209, 5039752514672007049 ]
    , [ 6688467581, 707933697521, 8337981000289 ],,, [ 2689041558677, 412744538614136015563 ]
    , [ 311821881430123 ], [ 327843610804262164177 ],,, [ 270538194482687 ],, 
  [ 20279500723, 63603031468398396848353 ],,,, [ 5821258857930139685051 ], 
  [ 833471074229, 905119719685779361 ], [ 24015479251, 418956362265151 ], 
  [ 135256252584590849 ], [ 99242395261 ], 
  [ 168014673829, 4564910834802797623, 5029923384678921077333911 ], [ 17961462740929 ],, 
  [ 497409388579, 32228380479398686874371 ], [ 840414087797 ],, [ 3720639407021738264449 ], 
  [ 881710440145117749401 ], [ 3741338119933, 102676000734161 ],,,,, [ 3243962995277 ], 
  [ 73483144476869262353 ],,, [ 116386342525243451 ], [ 26031325569517 ], [ 254151784637 ], 
  [ 111864576793, 181003872052947742010962051 ], [ 1598134032503844013 ], 
  [ 4773186881, 1201909133881, 48019616474257916881121 ], [ 2097215560171, 25116382326311 ],
  , [ 2626536917941, 52648764864874307 ],, [ 6717805111 ], [ 6038949215661036606647 ], 
  [ 1138350152507 ], [ 21702194209, 10311934178579329 ], 
  [ 11812985399, 15762798700763, 55337999290446193 ],, 
  [ 6806846381299, 833669979429145595287 ],,, 
  [ 18226806361, 43327765783, 2615023295347, 3626380962163, 357927417439369 ], 
  [ 5006896045561 ], [ 59219002614546404081 ], [ 126286109717329, 15161796665207798761 ], 
  [ 5800609337 ],,, [ 591640048486686977, 5358252291048707597 ], 
  [ 655209237323, 207774125561595204359311573 ], [ 5007448297 ], 
  [ 1659734499233, 99138279235262812914449 ], [ 7562914201 ], [ 25907790187, 2917063864783 ],
  , [ 6304172697593, 21741212282917957369 ],, [ 460399852956658616641 ], [ 1724601490133 ], 
  [ 78231579171789874273 ], [ 805206280139 ], [ 127244017337, 135299550119, 996563466629 ], 
  [ 9198887671, 190999728991 ],,,, [ 212974412773 ],, [ 1197202243 ],,, 
  [ 185105055705545917 ],,, [ 31554907789267, 64822331018131, 1820449463050240909 ], 
  [ 69928004281 ],,, [ 288816992591 ],,,, [ 11776471411 ],, [ 10961115743 ], [ 15917660123 ],
  [ 9437931034993, 5909406087134293 ], [ 9421862805281, 7463941430640661 ],, 
  [ 12365730148033 ],, [ 24521856649, 6884890772255099297 ], [ 3354998215632601 ],, 
  [ 1538866579 ], [ 8718970873 ],,, [ 1550881567, 1953060804397, 2595782258551 ],, 
  [ 80019319273 ], [ 1294763851, 58697573962051 ],, 
  [ 119461571473, 140658226213, 1499645091829, 1656011580233, 131916729449170613 ], 
  [ 3171562693665101470393 ], [ 309329036147, 6460199509369219, 1252871685358239979289 ], 
  [ 743516496529 ], [ 7012572284521 ],, [ 286491198244363859 ], [ 68848620787 ], 
  [ 11983356841, 14452813649 ],, [ 141452721271, 52507566731281 ],,, 
  [ 1982508589, 1197607647421 ],, [ 1033190710021, 5944655986501 ],,,,, [ 173809724281 ],,, 
  [ 59411605667 ], [ 406137745994581, 31077005102518621 ], [ 651640461259 ],,,, 
  [ 13578073743851 ], [ 12470109578891 ],, [ 314876264998801456837 ],,, [ 12081060133 ],,,,, 
  [ 47883952017001, 7700308262959838664612673 ],, [ 1103219100227, 5579770165715927 ], 
  [ 2800710277, 83664489763 ],, [ 28233849403, 125935827233 ],,,,,, [ 77894453790078817 ],,, 
  [ 2434549661, 265894536883001681 ],, [ 3051733179505394893 ], [ 241905184921 ], 
  [ 60053786371, 5077996818373, 249889534589214577 ], [ 158509362881 ], [ 386403782753 ], 
  [ 54414671107 ], [ 21384893377 ], [ 11952106567, 24793077812143 ], [ 5508028522760740201 ],
  [ 209783772067 ], [ 6260253107 ],,,, [ 742889958957193, 11889006116143649821 ],, 
  [ 57929163553469917, 2787778386995547313 ],,,, [ 2481763001005153 ], [ 46409588526617 ],,,,
  , [ 5359147687 ],,,,, [ 6488967427, 47569157683351 ], [ 9964787825679289 ], 
  [ 2782817291 ], [ 391539916823639719 ],, [ 247862180555137 ],, [ 18399792998701 ],,,,, 
  [ 155697183461 ],, [ 1156518019, 5742317423 ],,, [ 256881101881, 120972187531958969621 ], 
  [ 2846534857 ], [ 309758560512787, 1971418881554893 ],, 
  [ 39187445371043873, 5685437710967382241 ],,, [ 1723468171, 384868569901 ], 
  [ 39096188148226087009 ], [ 1067226060391 ],, [ 1266865657, 1026935724847 ],, 
  [ 421704694819, 4493594775011, 826324270153163 ], [ 43175432566509433, 45959483493700333 ],
  , [ 879210782101, 2146360858769 ],, [ 25030377269 ],,,, [ 3925581317158013 ], 
  [ 103936447357 ],, [ 14889399121 ],,, [ 14570550536680681, 951279178593603896369 ], 
  [ 2458570350493 ],, [ 973281161262343 ], [ 628020444949 ],, 
  [ 93252225379, 430636615977361 ],, [ 2737880059830634049 ], [ 95289407431 ],, 
  [ 43784632247 ], [ 201125459921770001 ],, [ 13042657781 ],, 
  [ 6579099521569, 318216810255121 ],, [ 961490820509797579 ], [ 121232480227 ],,,,, 
  [ 6396304897, 646636090164697601 ], [ 70035058567 ], 
  [ 8552672301823051163, 6981461979563508339247 ],,,,,, 
  [ 31942981727801, 2928746693863121, 35275179249132161 ],, [ 45804995227 ],, 
  [ 13083000526669 ],, [ 3424192407809319049 ],, [ 85449295537 ],, [ 2620675426713731 ],,,,,,
  ,,,, [ 7152022441, 1498961751524641, 33878396027584081 ],, [ 2845992137, 17858605317853 ],
  , [ 9830726190401 ], [ 7078840411 ], [ 20799937159, 80740816787178913 ], [ 27910983509 ], 
  [ 165902178697, 17037225874973, 19673545620479707729 ],,,, [ 4217367817238820226009 ],,,,,
  , [ 7017197590337059 ],,, [ 5617807999, 307288152799 ],,, [ 2411080261, 1362297915051109 ],
  , [ 666880323443 ],,,, [ 18773619022681 ],, [ 3176868196217 ],, [ 154231348847093407 ],,,, 
  [ 6948507343, 17107956121, 20936716371879137 ],,,,,,, [ 1326926522611, 431036796633301 ],,,
  , [ 12461368159 ], [ 13351570201 ],, [ 18650410033, 208095884183777 ],, 
  [ 37420864344642583729 ], [ 1070238401 ], [ 698978300269 ],,,,,, [ 1875626895473213 ],, 
  [ 161648775126581, 96106260820159969 ],,,, [ 54859230912289, 26338778958954473857 ], 
  [ 281918882911 ], [ 6100014031 ],, [ 111818401718761, 11470787784830089 ],,, 
  [ 2314944911821 ], [ 567558131449 ], [ 52865112060751 ],,,, [ 133860205323991 ],,,,, 
  [ 1543319117 ],,, [ 2094241663 ],,, [ 2574061830377 ],,,,,, [ 2324022823 ],, 
  [ 2075570561, 9021125761 ], [ 214477187237 ], [ 5896404061, 84001608452467 ], 
  [ 239921240987 ],,, [ 23851791090581, 39100127792707 ],,, [ 37565128547 ], [ 46354211801 ],
  , [ 5158478711854355081 ],,,, [ 32526531313 ],, [ 136527421154027 ], [ 9651536071 ], 
  [ 4732890361, 30856236841, 26979293830501, 65311729893140281 ],,,,,, [ 1989394176439 ],, 
  [ 4724423989 ],, [ 13438132381 ],,,,,,,, [ 246768734431, 14941557176779 ],,,,,, 
  [ 145157721415957 ],, [ 3612324954463 ],,,,,, [ 1185548808133, 14907320446897 ],, 
  [ 1372981147 ],,,,, [ 26191829173 ],,,,,, [ 23484221887561 ],,, [ 17743648201 ],,, 
  [ 2599172839 ],,,,,,, [ 216798342337 ],, [ 11655372045332881 ],,, [ 162435601687 ],,,,,,, 
  [ 1005545651445001 ],,,, [ 6775423349, 947728943835259 ], 
  [ 7125408991, 127454106781, 646184228761 ],,,,,,, [ 19735117949, 1498391574527 ],, 
  [ 5335456958082289 ],, [ 577954036991, 1664012033219 ],,,, [ 1696290751 ],, 
  [ 5300575256369 ],, [ 58677692243 ],, [ 125902279693 ],, [ 22704722681 ],, [ 3178676441 ],,
  ,, [ 36961005157, 5935303243581169 ],, [ 4130453833081 ],, [ 2079834377473, 2622262464769 ]
   ,, [ 19257813961 ],,, [ 42854718041 ],,, [ 35233313881 ],,,,,, [ 3963061829 ],,, 
  [ 3771819811, 4130768294561 ], [ 11216558767 ],,,,,,, [ 1345651217 ],,, [ 325631249315741 ]
   ,,,, [ 1611051803201 ],, [ 123140311873 ],, [ 144007785027529 ],,,, [ 86858072921 ],, 
  [ 38885020381 ],, [ 10288884481 ],, [ 7320027077607443 ],, [ 115755522343668049 ],, 
  [ 58558241206921 ], [ 17043316291 ],,,,,,,,, [ 8158992769, 2503231834813093 ],,,,,,, 
  [ 7039324082071 ], [ 1091734909 ],,,,,,,,,,,,,, [ 2593819406326451 ],,,, [ 13750399866617 ]
   ,,, [ 902057698847 ],,, [ 622109396959201 ],,,,,,,,, [ 4960392779 ], 
  [ 126472973119649941 ],,,, [ 11940437479433329 ],,, [ 1967886269 ],,,,, [ 9243892729 ],,,,
  , [ 966114315181 ], [ 23986153393, 6693605386753 ],, [ 2758382472611 ],, 
  [ 8526593213, 126930757061 ],, [ 9806745517 ],,,, [ 15276046093927 ], [ 1464084431 ],, 
  [ 27487194431 ], [ 2791476227, 36239892149292613 ],,, [ 6418536931 ],,,, [ 13206088351 ],, 
  [ 1780551323, 14461915471 ],,,,,, [ 1484081971 ],,,, [ 47205363187, 64917309439 ], 
  [ 97843467396347 ],, [ 740256866397049 ],, [ 35317079771, 16323539561111 ],, 
  [ 10188842369 ],,,,,, [ 38623608857751311 ],,,,,, [ 210560796181, 147735997091009814941 ],
  , [ 5339612077 ], [ 1947951329 ],,,, [ 15800882507 ],,, [ 11952537101 ],,,,,, 
  [ 1170184153 ],,,,, [ 16573058119 ],,, [ 130243845937 ],,,,,,,,,,,,,,,,, [ 17435073637 ], 
  [ 51174747997 ],,, [ 1012304119231 ],,, [ 19426951994615309 ],, [ 8772067261 ],, 
  [ 277163726657 ],,,, [ 109831918957 ],,,,,,,,,,,,,,,, [ 206703525953 ],, [ 12519981858073 ]
   ,, [ 227896249313 ],,,, [ 4405148136661 ],,,,,, [ 1962465013710793 ],,,,,,,,,,,,,, 
  [ 97137720161 ],,,, [ 3277108693 ],,, [ 12068974213 ],,,,,,,,,,,,, [ 2431517041 ],,,,, 
  [ 9168312692281 ],,, [ 7084936849 ],,,,,,,, [ 5462136461 ],,, [ 1542326917 ],,,,,,, 
  [ 2710326943, 2053342305307 ],,,,,,,,,,,,, [ 5796921677 ],, [ 92753359651 ],,, 
  [ 10815737857 ],,,,, [ 6140331163, 18021675857 ],,,,, [ 63429756361 ],,,,,,,, 
  [ 6055838506807 ],,,,,,,,, [ 6982257907, 65612512993 ],,, [ 3619569241 ],,,,,, 
  [ 613328131621 ],,, [ 85020790843 ],,,,,,,,,,,,,,, [ 1568461207 ],,,,,,,,,,,,,,,,,,,,,,,,, 
  [ 62255024833 ],, [ 14973932551 ],,,,, [ 498275081641 ], [ 1445912113 ],,, [ 31851659809 ],
  ,,,,, [ 273030662064001 ],,,,, [ 1041669481 ],,,,, [ 2108486711 ],,,, [ 752176487431 ],,,,,
  ,,,,,,,,,,,,,,, [ 1620299999 ], [ 3719200031 ],,,,, [ 11377245521 ],,, 
  [ 2647507963, 5987488739 ],,,,,,, [ 4144816597501, 6414555943751 ],,,,,,,,, 
  [ 39040456901 ], [ 82683898912441 ],, [ 314338676051 ], [ 14676855917341 ],,,,,,,, 
  [ 4250498537 ],,,,,, [ 1769993513 ],,, [ 3555317761 ],,, [ 7937202281363 ], [ 6567376237 ],
  ,,, [ 946986473161 ], [ 198966647353 ],,,, [ 1937930299 ], [ 4115092103 ],,,,,,,,,,,,,,,,, 
  [ 32822762353 ],,,,,,, [ 51624398003 ],,,,, [ 6076494019 ],,,,, [ 3421395457 ],,,, 
  [ 1538421373 ],,,,,,,,, [ 1030083787 ],,,,,,, [ 4445437097 ],,,,, [ 2316078931 ],, 
  [ 22694615070551 ],,,, [ 16789374109 ],,,, [ 86757218033 ],,,,,,,,,,,,,,,,, 
  [ 5872624633861 ],,,,,,, [ 1107899539, 502179278309 ],,,,,,, [ 7148932447 ],,,,,,,,,,,,, 
  [ 11989910899 ],,,,,, [ 537697780597 ],,,,,, [ 426308748163 ], [ 1819584369061 ],, 
  [ 4477932037 ],,, [ 1010379151 ],,,,,, [ 9246486637 ],,,, [ 57982457891 ], [ 30759368429 ],
  [ 341004551827 ],,,,,,,,,,,,,, [ 1363588859 ],,,,,,,,,,, [ 1107640441 ],,, 
  [ 1914898571, 3991196191 ],, [ 6939622345861 ],,,,, [ 15276421889 ], [ 11265253591 ],,,,,,,
  ,,,,,,,,,, [ 7260781921 ], [ 4115699743 ],,, [ 5124599281 ],,,,,,,,,,,, [ 4344151879 ], 
  [ 55287544093, 117776760883 ], [ 20374239653 ],,,, [ 198248882862241 ],, [ 1085256397 ],,,,
  ,,,,,,,,,,,,,,,,, [ 35636630611, 746699684711 ],,,, [ 33111504547237 ],, [ 1513255837 ],,, 
  [ 40583268001 ],, [ 105121291907 ],,, [ 1472848063 ],,,,, [ 15971286283 ],,,,,,,,, 
  [ 2196827761 ],,,,, [ 26798187809 ],, [ 306842172181 ],,,,, [ 4527510751 ],, 
  [ 3746204503 ],, [ 4048350731 ],,,, [ 4282714687 ],,,,,,,,, [ 25082434417 ],,,, 
  [ 42445840249 ],,,,,,,,,,, [ 632802280909 ],,,,,,,,, [ 4351278769 ],,,,,,,,,, 
  [ 1374436663 ], [ 3026050793 ],,,,, [ 6540184513 ],, [ 2797275647 ],,,,,,,,,,,,,,,,,, 
  [ 2578531764509 ],,,,,,, [ 2380937077 ], [ 1251897301 ],,,,,,,,,,,,,,,,,,,,,,,, 
  [ 99477189061 ],,, [ 723948568771 ],,, [ 303175013311 ], [ 247264526969 ],,,,,,, 
  [ 1891616149 ],, [ 2551660901 ],, [ 23092150513 ],,,, [ 26310326087 ], [ 1652836891 ], 
  [ 254788384331209 ],,,,,,,,,,,,,,,, [ 55094185217 ],,,,,,,,,,,,, [ 4562897509 ],,, 
  [ 5185904701 ],,,, [ 17797840897 ],,,,,,,, [ 1233833737 ],,,,,,,,,,,, [ 1846392913 ],,,,,,,
  ,,,,,,,,,,,,,,,,,,,,, [ 17152296449 ], [ 9589458869 ],,,,,,,,,,,,,,,,,,,, [ 1704245383 ],,,
  ,,,,,,,,,,, [ 19522382923 ], [ 4334846081 ],,,,,,,,,,,,,,,,,,,,,,,,, [ 3379171567 ],, 
  [ 38686496171 ],,,,, [ 2811308161 ],,,,,,,,, [ 4168916641 ],,, [ 259421310721 ],, 
  [ 258771125089 ],,,,,,, [ 83873707237 ], [ 16983638501 ],, [ 1804295497 ],,,,,,,, 
  [ 77844307993 ],,,,,,,,,,,, [ 2890401473 ],,,,,,,,,,,,,, [ 3355980223 ],,,,,, 
  [ 1713685637 ],, [ 102644132293 ],,,,,,,,, [ 6849989011 ],,,,,, [ 4020762091 ],,,,,,,,,,,,,
  ,, [ 15163273861 ],,,, [ 328917309841 ],,,,,,, [ 6267858871667 ],,,,,,,, [ 35147941351 ],,,
  ,,,, [ 2332155977, 6631526233 ],,,, [ 2072802103 ],,,, [ 111045375041 ],,,,,, 
  [ 2734504033 ],,,,,, [ 7414667261 ],,,,,,,,,,,,,,,,, [ 3029630641 ],,,,,,, [ 11000227781 ],
  ,,,,,,,,,,,,,,,,,,,,,,,,,,,,,,,,, [ 160752633541 ],,,,, [ 1221406201 ],,,,,,, 
  [ 69688328137 ],,,,,,,,,,,,,,,,,,,,,,,,, [ 1009931977 ],,,,,,,,, 
  [ 2228160637, 113321429677, 4392903483541 ],,,, [ 11054737321 ],,,,,,,,,,,,,,,, 
  [ 2855575169 ], [ 46956511309 ],,,,,,,,, [ 2773247833 ],,,,,, [ 2137328299 ],,,, 
  [ 2544529369 ],,,,,,,,,,,,,,,, [ 3953482927 ],,,,,,,,,,,,,,,,,, [ 19181935541 ],,,,, 
  [ 65418886891 ],, [ 11358661267 ],,,,,,,,,,,,, [ 6764883401 ],,,,,,,,,,,,,,,,,,,,,,, 
  [ 1284352770637 ],,,,,,,,,,,,,,,,,,, [ 12892645663 ],,,,,, [ 3530477257 ],,,,,,,,,,, 
  [ 16837632703 ],,,,, [ 17514639073 ], [ 537602896081 ],,,,,,, [ 59186847329 ],,, 
  [ 7095606701 ],,,,, [ 21219082201 ],,,,,,,,,,,,,,,,,,,, [ 7096173901 ],, [ 1350654763 ],,,,
  ,,,,,, [ 1003327081 ], [ 2563141699, 673044960403 ],,, [ 2078253337 ],,,,,, 
  [ 40642792633 ],, [ 5066329297 ],,,,,,,, [ 34524616369 ],,,,,,,,,,,,,, [ 1101252283 ],,,,,,
  ,,,,,,,,,,,,,, [ 5072954797 ],,,, [ 41882649481 ],, [ 545682480593 ],,,,,, [ 16119265867 ],
  ,,,,,,,,,,, [ 3732135571 ],,,,,,,,,,,, [ 12159855977 ],,,,,,,,,,,, [ 150148639471 ],,,, 
  [ 75376282567 ],, [ 1372655461 ],,,,,, [ 46195989041 ],,,,,,,, [ 341910768427 ],,,,,,,,,,,,
  ,,,,,,,,,,,,,,,,,,,, [ 3368642808133 ],,,,,,,,,,,,,,,,,, [ 1559683729 ],, [ 4655097151 ],,,
  , [ 15665120371 ],,,, [ 1678661521 ],,,,,,,,,, [ 2311605161 ], [ 1770303541 ],,,,,, 
  [ 2565769933 ],,,,, [ 6494357069 ],,,,,,, [ 113832723668137 ],,,,,,, [ 18161551871 ],,,,, 
  [ 1081145741521 ], [ 22790846873, 2612274937249 ],,,, [ 2492601061 ],,,,,, [ 2147202199 ],,
  ,,,,,,, [ 3811594991 ], [ 3662070661 ],,,,,,,,,,,,,,, [ 1212925580611 ],,,,,,,,, 
  [ 300756926161 ],,,,,,,,,,,,,,, [ 79281241111 ],,,,,,,,, [ 7567619809 ],,, [ 71889792547 ],
  [ 9669621617 ],,,,,,,,,,,,,,,,, [ 865785585001 ],,,,,,,,,,,,,,,,,,,,,,,,,,,,, 
  [ 72461617931 ],,,,,,,,,,,,,,,,,,,,,,,,, [ 47257034917 ],,,,,,,,,,, [ 16440155581 ], 
  [ 1276933321 ],,, [ 3418066381 ],,,, [ 9175301743 ],,,,,,,,,,,,,,,, [ 7449832297 ],,,,,,,,,
  ,,, [ 23289651877, 184162554623 ],,,,,, [ 4364227937 ],,,,,,,,,,,,,,,,,,,,,,,,,,,,,,,, 
  [ 5046930753089 ],,,, [ 2776680449 ],,,,,,,,,,,,,,,,,,,,,,,,,,,,,,,,,,,, [ 596680900909 ],,
  ,,,,,,,,,,,,,,,,,,,, [ 13607026093 ],,,, [ 700180176701 ],,,,, [ 68428287271 ],,,,,,,,,,,, 
  [ 12766227007 ],,,,,,,,,,,,,,,,,,,,,,,,,,,,,,,,,,,,,,,,,,,,,,,,,,, [ 1887383359 ],,,,,,,,,,
  ,, [ 142395187141 ],,,,,, [ 4512402109 ],,,, [ 9040863121 ],,,,,,,,,,,,,,,,,,,,,,,,,, 
  [ 3870837781 ],, [ 530309549837 ],, [ 15906910351 ],,,, [ 5789455981 ],,,,,, 
  [ 1525696481, 28658486161 ],,,,,, [ 7017594559 ],,,,,,,,,,,, [ 27573662339 ],,,,,,,,,,,,,,,
  ,,, [ 2567422403729 ],,,, [ 63270822001 ],,,,,,,,,,,,,,,,,,,,,,,,,,,,,,,, [ 1782694721 ],,,
  ,,, [ 4691747453 ],,,,,,, [ 99771333319771 ],,,,,,,,,,, [ 9796682294177 ],, 
  [ 1475062997, 11212566773 ],,,,,,,,,,,,,,,,,,,,,,,,,,,,,,,,,,,,,,,,,, [ 5598237301 ],,,,,,,
  , [ 10954713502153 ],,,,,,,,,,,,,,,,,, [ 1585178971 ],,,,,,,,,,,,,,,,,,,,,,,, 
  [ 5021449651 ],,,,,,,,,,,,,,,, [ 1862276027 ],,,,,,,,,,,, [ 2118295901 ],,,,,,,, 
  [ 22305600181 ],,,,,,,,,,,,,,,,,,,, [ 1298609537 ],,,,,,,,,,,, [ 51954397613 ],,,,,,,,,,,, 
  [ 3824168191 ],,,, [ 100315277833, 147973325809 ],,,,,, [ 2529459796321 ],,,,,,,,,,,,,,,,,,
  ,,,,,,,,,,,,,,,,,,,,,,,, [ 3947222017 ],,,,,,,,,, [ 13701422513 ],,,,,,,,,,,,,, 
  [ 25169563189 ],, [ 2577749077 ],,,, [ 45997513057 ],,,,,,,,,,,,,,,,,,,,,,,,,,,,,,,,,,,,,,,
  ,,,,,,, [ 1807728931 ],,,,,,,,,, [ 1822950209 ],, [ 82887603361 ],,,, [ 10679921267 ],, 
  [ 39600429361 ],,,,,,,,,, [ 6895544983 ],,,,,,,, [ 354360402419 ],,,,,,,,,,,,,,,,,,,,,, 
  [ 1512504569576057 ],,,,,,,,,,,,,,,,,, [ 31567161757 ],,,, [ 254477043523 ],,,,,, 
  [ 1385469541 ],,,,,,,,,,,,,,,,,, [ 2672029546957 ],, [ 47435125753 ],,,,,,,,,,,,,,,,,,,,,,,
  ,,,,, [ 14614442533 ],,,, [ 2870852273 ],,,,,,,,,,,,,, [ 3426061861 ],,,,,,,,,,,,,,,,,,,,,,
  ,,,,,,,,,,,, [ 3220900609 ],,,, [ 1064311301 ],,,,,,,, [ 1620280733 ],, [ 3076118713 ],,,,,
  , [ 4358551033, 1225137427669 ],,,,,,,,,,,,,,,,,, [ 1134422983 ],,,,,,,,,,,,,,,,,,,,,,,,,,,
  ,,,,, [ 10506370375099 ],,,,,,,,,, [ 1848602976217 ],,,,,,,,,,,,,, [ 348470082823 ],,,, 
  [ 7068481009 ],,,,,, [ 47680085953 ],,,,,,,,,,,,,,,,,,,,,,,,,,,,,,,,,,,,,,,,,,,,,,,, 
  [ 8120950993, 9820630513 ],,,,,,,,,,,,,,,,,,,,,, [ 84385590719 ],, [ 3072552601 ],,,,,, 
  [ 2299649941 ],,,,,,,,,,,,,,,,,,,,,,,,,,,,,,,,,,,,,,,,,,,,,,,,,,,,,,,,,,,,,,,, 
  [ 131266619681 ],,,,,,,,,,,,,, [ 88121995657 ],,,,,,,,,,,,,,,,,,,,,,,, [ 206046046669 ],,,,
  ,,,,,,,,,,,,,, [ 2612857021 ],,,, [ 1491590101 ],, [ 276593988637 ],,,,,,,,,,,,,,,,,,,,,,,,
  ,, [ 479006437687 ],,,, [ 14376051439 ],,,,,, [ 1156085137 ],,,,,,,,,,,,,,,,,,,,,,,,,,,,,, 
  [ 1269397811533 ],,,,,,,,,,,,,,,,,,,,,,,,,,,,,,,,,,,,,,,,,, [ 27952705441 ],,,,,, 
  [ 2172205963 ],,,,,,,,,,,,,,,,,,,,,,,,,,,,,,,,,,,,,,,,,,,, [ 4222782631 ],,,,,,,,,,,,,,,,,,
  ,,,,,,,,,, [ 2280945061 ],,,,,,,,,,,,,,,,,,,,,,,,,,,,,,,, [ 962062220681 ],,,, 
  [ 5518285963 ],,,,,,,,,,,,,, [ 27638685929 ],,,,,,,,,, [ 39756210163 ],, [ 331327609201 ],,
  ,, [ 1029110833, 4674148201 ],,,,,, [ 6561286201 ],,,,,,,,,,,,,,,,,,,,,,,,,,,,,,,,,,,,,,,,,
  , [ 89302403473 ],,,,,,,,,,,, [ 9407554477, 1010895216901 ],,,,,, [ 5327066581 ],,,,,,,,,,,
  ,,,,,,, [ 25889709253 ],,,,,,,,,,,,,,,,,,,,,,,,,,,,,,,,,,,,,,,,,, [ 424788494761 ],,,,,,,,,
  ,,, [ 2016388039 ],,,,,,,, [ 2025996251, 5986771001 ],,,,,,,,,,,,,,,,,,,,,,,,,,,,,,,,,, 
  [ 2232859357 ],,,,,,,,,,,, [ 25209091249 ],,,,,,,,,,,,,,,,,,,,,,,, 
  [ 1202221441, 832025135521 ],,,,,, [ 147776360401951 ],,,, [ 26304741341 ],, 
  [ 39196468837 ],,,,,,,,,,,,,,,,,,,,,,,,,,,,,,,,,,,,,,,,,, [ 16887322909, 674760183841 ],,,,
  ,,,,,,,,,,,,,, [ 14524708537 ],,,,,,,,,,,, [ 3157359721 ],,,,,,,,,,,,,,,,,,,,,,,,,,,,,,,,,,
  ,,,,,,,,,,,,,, [ 5476538761 ],,,,,,,,,,,,,,,,,,,,,,,,,,,,,, [ 1698920029 ],,,,,,,,,,,,,,,,,
  ,,,,,,,,,,,,,,,,,,,,,,,,,,,,,,,,,,,,,,,,,,,,,,,,,,,,,,,,,,,,,,,,,,,,,,,,,,,,,,,,,,,,,,,,,,,
  ,,,,,,,,,,,,,,,,,, [ 11008811521 ],,,,,, [ 5318594713 ],,,,,, [ 871605005041 ],,,,,,,,,,,, 
  [ 1698637558297 ],,,,,, [ 28823801791 ],,,,,,,,,,,, [ 2595109201 ],,,,,,,,,,,,,,,,,,,,,,,,,
  ,,,,,,,,,,,,,,,,,,,,,,,,,,,,,,,,,,,,,,,,, [ 346368728053 ],,,,,,,,,,,,,,,,,,,,,,,, 
  [ 8207855101 ],,,,,,,,,,,,,,,,,,,,,,,,,,,,,,,,,,,,,,,,,,,,,,,, [ 108433414657 ],,,,,,,,,,,,
  ,,,,,,,,,,,,,,,,,, [ 9946963357, 61379301259 ],,,,,,,,,,,,,,,,,,,,,,,,,,,,,,,,,,,,,,,,,, 
  [ 1344640501 ],,,,,,,,,,,,,,,,,,,,,,,,,,,,,, [ 399993281131, 13033784630701 ],,,,,, 
  [ 68740647841 ],,,,,,,,,,,,,,,,,,,,,,,,,,,,,,,,,,,,,,,,,,,,,,,, [ 15923867569 ],,,,,,,,,,,,
  ,,,,,,,,,,,,,,,,,,,,,,,,,,,,,,,,,,,,,,,,,,,,,,,,,,,,,,,,,,,, [ 1841830057 ],,,,,,,,,,,,,,,,
  ,,,,,,,,,,,,,,,,,,,,,,,,,,,,,,,,,,,,,,,,,,,,,,,,,,,,,,,,,,,,,,,,,,,,,,,,,,,,,,,, 
  [ 4821663961 ],,,,,,,,,,,, [ 17094509461 ],,,,,,,,,,,,,,,,,,,,,,,,,,,,,,,,,,,,,,,,,,,,,,,,,
  ,,,,,,,,,,,,,,,,,,,,,,,,,,,,,,,,,,,,,,,,,,,,,,,,,,,,,,,,,,,,,,,,,,,,,,,,,,,,,,,,,,,,,,,,,,,
  ,,,,,,,,,,,,,,,,,,,,,,,,,,,,,,,,,,,,,,,,,,,,,, [ 5106844711 ],,,,,,,,,, [ 116322417121 ],,,
  ,,,,,,,,,,,,,,,,,,,,,,, [ 178858930141 ],,,,,,,,,,,,,,,,,,,,,,,,,,,,,,,,,,,,,,,,,,,,,,,,,,,
  ,,,,,,,,,,,,,,,,,,,,, [ 19941523309 ],,,,,,,,,,,,,,,,,,,,,,,,,,,,,,,,,,,,,,,,,,,,,,,,,,,,,
  , [ 35182333441 ],,,,,, [ 484383407113 ],,,,,,,,,,,,,,,,,,,,,,,,,,,,,,,,,,,,,,,,,,,,,,,,,,,
  ,,,,,,,,,,,,,,,,,,,,,,,,,,,,,,,,,,,,,,,,,,,,,,,,,,, [ 584845753861 ],,,,,,,,,,,,,,,,,,,,,,,
  ,,,,,,,,,,,,,,,,,,,,,,,,,,,,,,,,,,,,,,,,,,,,,,,,,,,,,,,,,,,,,,,,,,,,,,,,,,,,,,,,,,,,,,,,,,,
  ,,,,,,,,,,,,,,,,,,,,,,,,,,,,,,,,,,,,,,,,,,,,,,,,,,,,,,,,,,,,,,,,,,,,,,,,,,,,,,,,,,,,,,,,,,,
  ,,,,,,,,,,,,,,,,,,,,,,,,,,,,,,,,,,, [ 3907757521 ],,,,,,,,,,,,,,,,,,,,,,,,,,,,,,,,,,,,,,,,,
  ,,,,,,,,,,,,,,,,,,,,,,,,,,,,,,,,,,,,,,,,,,,,,,,,,,,,,,,,,,,,,,,,,,,,,,,,,,,,,,,,,,,,,,,,,,,
  ,,,,,,,,,,,,,,,,,,,,,,,,,,,,,,,,,,,,,,,,,,,,,,,,,,,,,,,,,,,,,,,,,,,,,,,,,,,,,,,,,,,,,,,,,,,
  ,,,,,,,,,,,,,,,,,,,,,,,,,,,,,,,,,,,,,,,,,,,,,,,,,,,,,,,,,,,,,,,,,,,,,,,,,,,,,,,,,,,,,,,,,,,
  ,,,,,,,,,,,,,,,,,,,,,,,,,,,,,,,,,,,,,,,,,,,,,,,,,,,,,,,,,,,,,,,,,,,,,,,,,,,,,,,,,,,,,,,,,,,
  ,,,,,,,,,,,,,,,,,,,,,,,,,,,,,,,,,,,,,,,,,,,,,,,,,,,,,,,,,,,,,,,,,,,,,,,,,,,,,,,,,,,,,,,,,,,
  ,,,,,,,,,,,,,,,,,,,,,,,,,,,,,,,,,,,,,,,,,,,,,,,,,,,,,,,,,,,,,,,,,,,,,,,,,, [ 6240365371 ],,
  ,,,,,,,,,,,,,,,,,,,,,,,,,,,,,,,,,, [ 11153588923 ],,,,,,,,,,,,,,,,,,,,,,,,,,,,,,,,,,,,,,,,,
  ,,,,,,,,,,,,,,,,,,,,,,,,,,,,,,,,,,,,,,,,,,,,,,,,,,,,,,,,,,,,,,,,,,,,,,,,,,,,,,,,,,,,,,,,,,,
  ,,,,,,,,,,,,,,,,,,,,,,,,,,,,,,,,,,,,,,,,,,,,,,,,,,,,,,,,,,,,,,,,,,,,,,,,,,,,,,,,,,,,,,,,,,,
  ,,,,,,,,,,,,,,,,,,,,,,,,,,,,,,,,,,,,,,,,,,,,,,,,,,,,,,,,,,,,,,,,,,,,,,,,,,,,,,,,,,,,,,,,,,,
  ,,,,,,,,,,,,,,,,,,,,,,,,,,,,,,,,,,,,,,,,,,,,,,,,,,,,,,,,,,,,,,,,,,,,,,,,,,,,,,,,,,,,,,,,,,,
  ,,,,,,,,,,,,,,,,,,,,,,,,,,,,,,,,,,,,,,,,,,,,,,,,,,,,,,,,,,,,,,,,,,,,,,,,,,,,,,,,,,,,,,,,,,,
  ,,,,,,,,,,,,,,,,,,,,,,,,,,,,,,,,,,,,,,,,,,,,,,,,,,,,,,,,,,,,,,,,,,,,,,,,,,,,,,,,,,,,,,,,,,,
  ,,,,,,,,,,,,,,,,,,,,,,,,,,,,,,,,,,,,,,,,,,,,,,,,,,,,,,,,,,,,,,,,,,,,,,,,,,,,,,,,,,,,,,,,,,,
  ,,,,,,,,,,,,,,,,,,,,,,,,,,,,,,,,,,,,,,,,,,,,,,,,,,,,,,,,,,,,,,,,,,,,,,,,,,,,,,,,,,,,,,,,,,,
  ,,,,,,,,,,,,,,,,,,,,,,,,,,,,,,,,,,,,,,,,,,,,,,,,,,,,,,,,,,,,,,,,,,,,,,,,,,,,,,,,,,,,,,,,,,,
  ,,,,,,,,,,,,,,,,,,,,,,,,,,,,,,,,,,,,,,,,,,,,,,,,,,,,,,,,,,,,,,,,,,,,,,,,,,,,,,,,,,,,,,,,,,,
  ,,,,,,,,,,,,,,,,,,,,,,,,,,,,,,,,,,,,,,,,,,,,,,,,,,,,,,,,,,,,,,,,,,,,,,,,,,,,,,,,,,,,,,,,,,,
  ,,,,,,,,,,,,,,,,,,,,,,,,,,,,,,,,,,,,,,,,,,,,,,,,,,,,,,,,,,,,,,,,,,,,,,,,,,,,,,,,,,,,,,,,,,,
  ,,,,,,,,,,,,,,,,,,,,,,,,,,,,,,,,,,,,,,,,,,,,,,,,,,,,,,,,,,,,,,,,,,,,,,,,,,,,,,,,,,,,,,,,,,,
  ,,,,,,,,,,,,,,,,,,,,,,,,,,,,,,,,,,,,,,,,,,,,,,,,,,,,,,,,,,,,,,,,,,,,,,,,,,,,,,,,,,,,,,,,,,,
  ,,,,,,,,,,,,,,,,,,,,,,,,,,,,,,,,,,,,,,,,,,,,,,,,,,,,,,,,,,,,,,,,,,,,,,,,,,,,,,,,,,,,,,,,,,,
  ,,,,,,,,,,,,,,,,,,,,,,,,,,,,,,,,,,,,,,,,,,,,,,,,,,,,,,,,,,,,,,,,,,,,,,,,,,,,,,,,,,,,,,,,,,,
  ,,,,,,,,,,,,,,,,,,,,,,,,,,,,,,,,,,,,,,,,,,,,,,,,,,,,,,,,,,,,,,,,,,,,,,,,,,,,,,,,,,,,,,,,,,,
  ,,,,,,,,,,,,,,,,,,,,,,,,,,,,,,,,,,,,,,,,,,,,,,,,,,,,,,,,,,,,,,,,,,,,,,,,,,,,,,,,,,,,,,,,,,,
  ,,,,,,,,,,,,,,,,,,,,,,,,,,,,,,,,,,,,,,,,,,,,,,,,,,,,,,,,,,,,,,,,,,,,,,,,,,,,,,,,,,,,, 
  [ 4864565161 ] ]);
