BRENTFACTORS[8799]:=MakeImmutable([ ,,,,,,,,,, [ 170367267435619 ],,,, [ 1521307992601 ], 
  [ 353079266401 ], [ 17538418520153 ],, [ 359789246228473, 3820532526313052054237 ],,,, 
  [ 10231654183905888995067005257515913 ],, [ 41948416553801 ],,, [ 5186526273542293 ], 
  [ 1086864461607871, 30733022399257849583453 ],,, [ 5343628897, 877647396649214616001 ], 
  [ 132966389218279 ], [ 11550689797732113841120573 ], 
  [ 8608791299631587807829994860206412236898821 ], [ 86446935033545950273 ], 
  [ 73673506969, 624116047879, 151394916421117, 1458989718137577673, 
      835878062921501296915740769764930262395983 ],,, [ 2189410217766577170305755319321 ], 
  [ 31545101570275812016271 ], [ 18691416829 ], [ 73335999481, 748972281760944103978590599 ],
  , [ 59565181942261, 98048163738877112071 ], 
  [ 38996411895208793, 28940853417454975361744503387 ], [ 5153052138568918059101198151043 ], 
  [ 13037572651871192353 ], [ 32912415649 ],, 
  [ 271938813276457, 162491684716836511, 9771243728108287928194057 ],, 
  [ 9483181930669, 11634932789917, 225208751788947046391542849 ], 
  [ 1047670147, 52379207481687841 ], 
  [ 3303974851, 103497032101, 1102456129673911, 10180420137599279959711 ], 
  [ 97682031182849, 980162438525873 ],, 
  [ 3461512134080531527, 1543322743356014365462451025693236770369 ], 
  [ 1324229513, 249350734195489 ], [ 2667601861, 48553279600626172861 ],, 
  [ 1560537521, 438164310746531978313661319566429 ], [ 585091863228727 ], 
  [ 1374444659661487244141834469891902068688167476702130293761 ],, [ 72424553983 ], 
  [ 170381147989446839 ], [ 62907784098694871990604753699978894100239140631713581 ], 
  [ 37740858241, 50723491566116914327 ], 
  [ 6352041496074541, 225184441077565901, 15784113248859564281 ],,,, 
  [ 9146064403933, 26810737889513573987461 ],, [ 29591159637646469 ], 
  [ 860076858041692831, 208966300635489345230591 ], [ 4198062108898834597460062752295087 ], 
  [ 183231117961, 452455901164854606977 ], 
  [ 110949451441, 1837901033220881, 18035719582167809619281 ],,, [ 3108818431743851 ], 
  [ 313431385605580789 ],, 
  [ 1063716371, 90325954621884283, 102576160182568289608930223, 
      64546902029253196904397691971251 ],,, [ 1689619079937826749821 ], 
  [ 353012886723241, 13624872928662955231 ], [ 35152540151 ], 
  [ 30902504001013597, 64206963473963557529, 3002435519833236460817 ],,, 
  [ 220324084456141, 344624581220111, 1035435853531901 ], [ 10546748257, 27298445567521 ], 
  [ 13606386481281282259592209 ],, [ 3938202536599 ], 
  [ 1454542067501, 3418430634260137419309101, 23434255930677629291706365101 ],, 
  [ 287821371878772458282977 ], [ 2720369874153677 ], 
  [ 403867885421417, 42879018717001204609, 31875968909453678912278793, 
      166847085167350617579108001, 13940204215604441211777993170296950346309369 ], 
  [ 29216399941, 116962222690466364763231, 413534698110588157308462497731 ],, 
  [ 57481473853 ], [ 4003409881, 99596485981, 117623869633 ],,, [ 665981137219219 ], 
  [ 674342408516253276795857 ], [ 5793342083 ], 
  [ 620404224162302922898751323, 227269035973822269309101777391616147 ], 
  [ 55780912849299841228541, 9443484140507582784481921 ], [ 21442169952737, 22925229257201 ],
  ,, [ 6409752770779 ], [ 99693180327246061758716985001 ], 
  [ 30697035469, 12209291005693, 30545858733259, 2369320115422374511, 3191522543502792313 ],
  , [ 3494850464180298439, 14329485490769332880611 ],, [ 703700600253027637501 ], 
  [ 1780346107, 3848111328290041, 19770004405198119575539, 290953165768451649834463 ], 
  [ 209231993779, 5466332407232961259 ], [ 18405729074308842065537 ],, 
  [ 48137730237380551, 353190818126258971, 32112637097625514561, 
      1114969464633555066100422789361 ], [ 55083761517697369 ],,, [ 11610223789277 ], 
  [ 1072241260228865327221 ],, [ 10211916313257938262773 ], 
  [ 150544221645163, 490291977707600304877 ],, [ 289316686961 ],,, 
  [ 17624154175271387092207, 898719970659721938923053 ], [ 1216850878081 ],, 
  [ 772810018840543, 776838271410193 ], [ 4001928589 ], [ 7279177537, 8551387377713 ],,, 
  [ 899787450791 ], [ 13871124790630125833 ], [ 16914407602420380105199 ], [ 1273999552673 ],
  ,,, [ 26013807143, 262756405034937200484509 ], 
  [ 619264739165493877, 93231433461831046735489 ],, [ 1490242727, 17206244203, 991296764683 ]
   ,,, [ 57544870014055616285917 ],, [ 627688771406617 ], [ 14561196599 ], 
  [ 17811804185113, 18534305172626174656873 ],, [ 694290264793291 ], [ 20115763183 ], 
  [ 75848841737, 31654374780101 ], [ 6240866011, 9577646069 ], 
  [ 1164176063476303, 2319709849588512841915027 ], [ 532326778468552924501 ], 
  [ 1541300993, 1906549281705281489 ], [ 1405758385609491373, 3442758074704920435657703 ], 
  [ 1233489600856789, 993243565070063015309, 3412296784563819594035471 ], [ 3734100049271 ], 
  [ 7887225668387353471832863681 ], [ 1102594350406037 ],, [ 10786827251129842669 ], 
  [ 22521399666137 ],,,, [ 253657145569, 121180621324194581, 13972776007947311837329 ], 
  [ 11116105687 ],, [ 52441659443, 57074060371 ],,, 
  [ 284266656236454301, 620270308494613397927 ], [ 138395001421, 242465735864802589231 ], 
  [ 2667542115456686861, 15780668176277927384729 ],, [ 2780246503 ],,,, 
  [ 569850218143022182554781 ], [ 44616285169 ],,,, [ 4467221557206170383 ],,,,,, 
  [ 16095618493, 2124026327362180069 ], [ 12553487332528486478279 ],, 
  [ 5935028453635097953, 13110100030726452856873 ], [ 245526459748319 ],, 
  [ 5616291315338617, 79107305049971542693 ],, [ 1281501209 ],, [ 1560616441, 614243863279 ],
  [ 221670252539713819966774353313 ],, [ 463033813811, 1100939773277 ],, 
  [ 2750688901, 4372440337112421097, 2229306010229210463613 ], [ 58963680454499 ], 
  [ 8804786106187651, 23331963082457409509651 ],, [ 3868580281 ],,, 
  [ 11610213599221, 142774100605572840541 ], [ 931496944673 ],,,, 
  [ 120778702836316061521, 526551353393498710194481 ], [ 13419740371 ],,, [ 10741792073 ], 
  [ 20164710112331 ], [ 324991355713 ], [ 288741942061457 ],,, [ 5040329880987001 ], 
  [ 29868330382703 ], [ 24202598858858393190757 ],, [ 11124731456671129681 ], 
  [ 346433397572841834781 ], [ 10417563137, 413724015532718585089, 1305684999076650458113 ],
  , [ 565127027947, 52603144983817, 2737607615170677301519 ],, 
  [ 2697954141400234582321, 3113816917901290256428501 ], [ 140274611821 ],,,, 
  [ 8812677984342337388981 ], [ 348553355627 ], [ 22540545291722443 ], [ 6767722529 ], 
  [ 15666652576889, 267032292478436081, 313276282686094846759090867 ],,,,, [ 4260616979 ],, 
  [ 2542608913396621 ], [ 3301154769567018359, 7611812317964529163 ],, 
  [ 2120630789610722725939 ], [ 35499137517761 ], [ 1838057531 ],, [ 54396052219674037 ], 
  [ 75542540809 ], [ 2261945928301, 5280409307913721 ], [ 290923915283 ],,,, 
  [ 162615888181, 15463087029931847491 ],,, [ 2618192917 ], [ 9771276668833 ],,,, 
  [ 544546066122983 ],, [ 30530794501, 379031805001 ],, [ 3796385863041696013 ],, 
  [ 618318568337 ],, [ 1697467987, 927032910526834021 ], [ 68578360200689 ], 
  [ 531951310675602049 ], [ 2438125084579 ],,, [ 54749276211985134001 ],, 
  [ 43723126879, 191490051277391 ],, [ 105503513470269469 ], [ 7303131144299 ],,, 
  [ 9435565441, 8220760171149344670721 ], [ 4159210483, 2556865941661, 22792961456090953 ],,
  , [ 54678805496632642676896009 ], [ 243257659451 ],, [ 124771965589 ], 
  [ 5853828160552769 ], [ 1100031241 ],, [ 1157859847 ], [ 1438713802921 ], [ 33367307959 ], 
  [ 1581396465973, 20912577741420853130107 ], [ 49701572171, 62948284211 ], 
  [ 569927976238321 ], [ 54081499837, 34788528895591 ],, [ 309373368926239 ], 
  [ 14254878061981 ], [ 8770979669 ],, [ 3109226401 ],,,, [ 14764976309 ], 
  [ 11107422622112701, 3031768735723165441 ], [ 1067517432692279, 1932843268932929 ],,, 
  [ 5398295851873 ],, [ 258684069841, 313545392239 ],, [ 569752892389 ],,,, 
  [ 15551816637241 ],, [ 680054726283949, 25309052131368980911 ], [ 483388041049 ], 
  [ 301162164383809 ],, [ 2527008520591, 5698771049299, 40270502294760543591737053 ], 
  [ 202314397405543 ],, [ 6528931285054177 ], [ 13807550851, 2252446265378471 ],, 
  [ 5056114405390249, 2489216569353335557, 2708566220859781717, 16300275143062569313 ], 
  [ 332236571911 ], [ 76248477317, 12634272215489 ],, [ 26569601173320017 ], 
  [ 24587308491071 ], [ 26632777489861681531 ],,,,, [ 833742467773 ], [ 82723488552734977 ],
  , [ 15444124411 ],,, [ 3447019249 ], [ 610433549417641 ], [ 57907216519 ],, 
  [ 1181728619437, 14373763990389697 ], [ 134769434783, 171649813451 ], 
  [ 2440803751, 48561013231, 136693177811 ], [ 169299064754261641 ], [ 2162243827 ],, 
  [ 64209527467 ], [ 13502416001, 104682982275601, 1692285557458801 ],,, [ 45776540291 ], 
  [ 31911158935701060733 ], [ 9418017501001 ],,,,,, [ 649705366507 ], 
  [ 75271228273, 156360252101, 61726796426689, 432045842647250101 ], 
  [ 2843411663, 35959957909 ], [ 2286481839939254143 ], [ 727205569977071 ],,, 
  [ 150927229358093 ],, [ 164952121831141 ], [ 79125047923, 6785169792674069 ], 
  [ 12042825105828317 ], [ 87318402452821 ], [ 419852859817, 84281020127331977 ],,,, 
  [ 88568419253 ], [ 917530098343 ],, [ 5092979143727 ],, [ 265989689969 ], 
  [ 1038989057, 4632646318095624991 ], [ 63780282901 ], 
  [ 1117657701857, 58256556315141095621 ],,,, [ 17430369549121 ],, [ 1081441246577381 ],, 
  [ 58054980241 ],,,,,, [ 1561216468436590951 ],, [ 706445184449 ], 
  [ 4052344117, 641612538661 ], [ 6799410169883 ],, [ 1740769390642441 ],, 
  [ 1467408643, 19327296347 ], [ 5398554145249 ], [ 1162087284301 ], [ 201253205731 ], 
  [ 409421683903, 104600141078203 ], [ 5268314951 ],,, [ 724095782261 ],, 
  [ 2232237919844089 ], [ 259968654730093 ],,, [ 8785036709581361 ],,, 
  [ 1553582807700969151 ], [ 1201600013377, 1481385844475205272017 ],, 
  [ 250292054989, 115886687553799 ],, [ 1907040481 ],,, [ 32279770027, 26299355242201861 ],,
  , [ 2114217474463 ],,, [ 127339457233 ], [ 361157351577541 ], [ 61558670643331 ], 
  [ 1704364468479097 ],, [ 133631176277 ], [ 231439431724381 ], [ 1033603489 ],, 
  [ 3063175768602721 ],, [ 2906637346428001, 63195198600889501 ], [ 136306228321 ], 
  [ 28628287267524059 ],,,, [ 1183893225970489 ],,,,,,,,,,,, [ 1626968625223999 ],, 
  [ 4778623665378241121 ],, [ 33331491683047 ],, [ 724593391517453 ],,, [ 1905421201 ],,, 
  [ 1973345821, 817728251105561, 20896529909698801 ], [ 18245791891 ],,,,,,, 
  [ 29820995681, 422608225087 ],, [ 1109864459135880901 ],, [ 289162471308560623 ],,,, 
  [ 24107020939, 6132198548599579, 6125556696717666391 ],, [ 1234573309 ],,,, 
  [ 8269503947977 ],,,,,,,,,, [ 28806717811, 356096450392021 ], [ 389335319741 ],,,,,, 
  [ 353644865207 ], [ 5594706181, 31350978819961, 65239208860260541 ],, [ 31361235049 ],,, 
  [ 1458190801 ], [ 179391272833, 420174620353 ],, [ 11433398927 ],,, [ 21857189789 ], 
  [ 190826523169, 7739263820403559, 122689633921146763 ],,,, 
  [ 208920844035691, 214401652300003591 ],,, [ 1995398887 ], 
  [ 1150202051, 586358824874831, 2260248255137051 ],,,,, [ 1171487171 ],, [ 1809694459 ], 
  [ 247504024953763194293 ],, [ 7085005201, 301080534913801 ],,,, [ 1757709218401 ],, 
  [ 8440294069, 162307654759771 ],, [ 177593306662433 ],,,,,, [ 12000255461 ], 
  [ 5787003631, 18794385002611 ],,, [ 9178076827, 14330291533 ],, [ 28740269312081 ],,,,,,,, 
  [ 1694943113 ], [ 1279355809 ], [ 541658178181, 8120092980593303011 ],, 
  [ 33693322793521, 2015291871464497 ], [ 250742197729 ], [ 31628959667 ],, [ 5368365973 ], 
  [ 1092215489 ], [ 5980908671, 382576749127 ],,,,,, [ 59919977935433281 ],,,,,,,,, 
  [ 5428569229 ], [ 25566298350049 ],, [ 24110845729 ],,,, [ 31054101576301 ],, 
  [ 10063379099, 18918290161271 ],,,, [ 16433771113 ],, [ 3444091769 ],,,,,,,, 
  [ 690869833421 ],, [ 1492783111, 2373431887, 40654025821 ],,, [ 6787555603 ],,,,,,,,,,,,,,
  , [ 1922042281 ],, [ 122200355117 ],,,,,, [ 65734198269697 ],, 
  [ 4610437691, 115136603125561 ],, [ 1502549481949 ],,,, [ 2467827601 ],,,,,, 
  [ 1281347827 ],,,,, [ 418410767143 ],,, [ 23098152463 ],, [ 13239033809 ],,,, 
  [ 3147813013 ],, [ 73676090431 ],, [ 2459692129, 91630077569 ],, [ 1009532341 ],,, 
  [ 62410630153 ],,,,,,,,,, [ 10224675749 ],,,,,,,,, [ 18752489281, 18929858762917001 ],,,,,
  , [ 1832624025259 ],,,,,,, [ 1417454472089 ],,,,, [ 11673465660907 ],,, [ 1675198141 ],,, 
  [ 871055859409 ],, [ 1310753251 ],,,, [ 42220154071 ],,,,,,,,,,,,,,,,,, [ 18010889641 ],, 
  [ 36242134561 ],,,,,,,, [ 3313633747 ],, [ 36309371221 ],, [ 99506421994633 ],,,,,, 
  [ 38806939153 ],, [ 44784482641, 63019887251 ],, [ 1114019713, 5211614669249 ],, 
  [ 157686721873 ],,,, [ 348466560194609 ],, [ 27875463001 ],,,, [ 269447504713 ],,, 
  [ 1622001613 ],,,,, [ 46527054430873309, 73393613050879057 ],,,,,,,, [ 2397769441 ],, 
  [ 552628355161 ],,,,,,,, [ 242226656778511 ],,,, [ 15875874098000107 ],, [ 1491733561069 ],
  [ 1015516889 ],, [ 4549470178969 ], [ 76675477121, 1179036979121 ], [ 2035439166269 ],, 
  [ 8241890213 ],,,,, [ 58691633446393 ],,,,,,,,,,,, [ 90498532258801 ],,,,,, 
  [ 140350762147 ],,,,,, [ 5313223349041 ],,,, [ 18945721433 ],, [ 43668033553 ],, 
  [ 5761991666401 ],, [ 90049234927 ],,,,,,,,,, [ 2224665361, 2924716657 ], [ 2977869163 ], 
  [ 2202386629243 ],,,,,,, [ 38893842979 ],,,,, [ 1222195314121, 318037251384469 ],,, 
  [ 1935138526621 ], [ 57955632551 ],, [ 4000720189649 ],, [ 6911792011 ],, [ 7148016781 ],,,
  , [ 20083492870081 ],, [ 105525457727 ],, [ 6802783157, 269541152821 ],,,, [ 1144024993 ],
  , [ 2922732221 ],, [ 545042298061, 715207021597 ],, [ 2356752023033 ],,, [ 4759136999 ],,, 
  [ 141892777693661 ],,,,,, [ 719146575641983 ],,,, [ 6175878391 ],,,,,, [ 2967046973701 ],,,
  , [ 10130389001 ],,,, [ 3806374841, 149675032873, 366711226008433 ],,,,,,,,, 
  [ 35036703937 ],,,,,,, [ 29774802661, 2637607263481 ],, [ 1111080587, 1633936459499 ],,, 
  [ 1117646217851 ],,,,,,,,,,,,,,,,, [ 2609773403 ],,,,, [ 722461958629 ],, [ 139975287121 ],
  [ 66520495651, 21724252766379451 ],,,,, [ 548706267765701 ], [ 7039406779681 ],,,,, 
  [ 1299720757 ],,, [ 19491150001 ], [ 4565503771 ],,,,,,,,, [ 80601197581, 1061418038449 ],,
  ,,,, [ 111650073841 ], [ 1243642937 ],,, [ 1387265261 ],, [ 57965563297969 ],, 
  [ 1740605249 ],,,,,,, [ 39466434571 ],,,,,,,,, [ 6933298849 ],, [ 5790333599 ],, 
  [ 2958417617 ],,, [ 4827330553 ],,,,, [ 80937286201 ], [ 4649516969 ],,,,, 
  [ 20277952003, 80034429949 ], [ 1084701209 ],,,,,,,,,,, [ 1588011643 ],, 
  [ 6618205361, 46347085777 ],,,, [ 2773124496721 ],,, [ 7500045961, 38619005059 ],,,,,,,, 
  [ 155828233987 ],,,, [ 139652549191 ], [ 113307967589 ],, [ 1622173879 ], [ 3619918609 ],, 
  [ 4221704827 ],,,, [ 42038144261 ],,, [ 6538796881 ],, 
  [ 6859514611, 13793325391, 13868865271, 3665913700411 ],, [ 9485781241 ],,,,,,,,, 
  [ 18132450433 ], [ 19535878513 ], [ 27990662519 ],,,,,, [ 10343491481 ],, [ 34927356517 ],,
  ,,, [ 5904565889 ],,,, [ 40061548801 ], [ 682101800881 ],,,,,,,, [ 23730433351 ],,,,,,,,,, 
  [ 47993092969 ],,,,,, [ 415051199851 ],,,,,,, [ 48704502001 ],,,,,,,,,,,,,,,, 
  [ 6615719137 ],,,,,, [ 2575574299 ],,,,,,,,,,, [ 412295001031 ], [ 482754950917 ],,,,,,,,,,
  ,, [ 8436967610689 ], [ 157091936929 ],,, [ 4336057321 ],,, [ 15899420651 ],,, 
  [ 36073519609 ], [ 8755491253, 36204354397 ],,,,,,,,,,,, [ 20083183129 ],,,,, 
  [ 6242572909, 17744073481 ],,,,,, [ 10270980193 ],, [ 2071350181 ],,,,,, 
  [ 1791654204948961 ],,,,,,,,,,, [ 1922304737 ],,,,,,, [ 634034840773 ],,,,,,,,, 
  [ 2310455221 ],,,,,, [ 282152660857 ],,,,,,,,,, [ 34836807961 ],,,, [ 1051644037 ],,,, 
  [ 20289878689 ],,,,,,,,, [ 67007587741 ],,,,,,,,,, [ 38357431846901 ],,,,,,,,,,,,,, 
  [ 85519519957 ],,,,,,,,,,,,,,,,, [ 113444435147 ],,,,,,,,,,,,,,,, [ 6558651937 ],,,,,,,, 
  [ 1048229011 ],, [ 1639248421 ],,, [ 24938661143951 ],,,, [ 64551126793 ],,,,,,,,,, 
  [ 6695527873 ],,, [ 1630324789237 ],, [ 3325601527 ],,,,,,,,,,,,,,,,,, [ 2503801679 ],,,,,,
  ,,,, [ 3020868157 ],,,,,,,,,,,,,,, [ 2666282662009 ],,,,,,,,,,,,, [ 7245168251 ], 
  [ 2866194241 ],,,, [ 2120243401 ],, [ 62315798989 ],,,,,,,,,,,,,,,,,,,,,,,,,,,,,,,, 
  [ 1009887313 ],,,, [ 12800062241 ],, [ 593619698831 ],,, [ 5062543201 ],,,,,,,,,,,,,,, 
  [ 3026164261 ], [ 46871365423 ], [ 31027280671 ],,,, [ 12176707867 ],, [ 6118037773 ], 
  [ 1505520647 ],,,,,,,,,,,,,,,,, [ 1162649743 ],,,, [ 3114162983 ], [ 39234412109 ],,,,,,,,,
  ,,,,,,,,,,,,, [ 21636512797 ],,,,,,,,,,,,, [ 1376624201 ],,,,,,,,,,, [ 7181887591 ],,,,,,, 
  [ 4384746532321 ],,,,,,,,,,,,,,,,,,,,,,,, [ 479127928801, 9759880913441 ],,, 
  [ 4197957161 ],,,,,,,,,,,,,,, [ 74859016847 ],,,,,,,,,,,, [ 29004956887867 ], 
  [ 91812898211 ], [ 3165289921 ],,,, [ 3183100777 ], [ 2136688487 ],,,, [ 1683062677 ],,,,,,
  ,,, [ 35210932489 ],,,,,,,,, [ 1302385501, 482187281941 ], [ 2305984469 ],,,,,,, 
  [ 3417402727, 24436184911 ],, [ 8039447921 ],,,, [ 112305315263 ],,,,,,,,,, 
  [ 23010347413, 181168378801 ], [ 23273393201 ],,,, [ 9119176681649 ],,,,,, [ 790494668071 ]
   ,,,,,,,,,,,,,,,,,,,, [ 9325771601 ],,,,,,,,,, [ 164562379801 ], [ 80205872161 ],,,,,,,,, 
  [ 1582801771 ],,,,,,,,,,,, [ 1593099751 ],,,,,,,,,,, [ 604756609367 ],,,,,,,,,, 
  [ 1359181459 ], [ 1331356409 ],,,,,,,,,,,,,,,, [ 3369305921 ],, [ 402852168701 ],,,,,,,,,,,
  ,,,,,,,,,,,,,,,,,,,,,,,,, [ 1010031079661269 ],,,, [ 301487958683 ],,,,,,,,,,,,,, 
  [ 443212894081 ],, [ 1033784960137 ],,,,,,,,,,,,,,,,, [ 3347598940921 ],,,,,,,,,, 
  [ 47682454201 ],,,,, [ 5476359661 ],,,,,,,, [ 16715987257273 ],,,,, [ 161947021339 ],,,,,,
  , [ 15438135431 ],,,,,,,,,, [ 25471672001 ],, [ 1064421359 ],,,, [ 237903136687 ],, 
  [ 3099319889 ],,,,,,,,,,,,,, [ 629075306449 ],,,, [ 7281980891, 1276944994673 ],, 
  [ 1775007001 ],,,,,,,,,,,,,, [ 2863402669 ],,,,,,,,,,,,,,,,,, [ 3873782621 ], 
  [ 5929336243 ],,,, [ 1267703501 ],,,,,,, [ 36197073361 ],,,,,,, [ 53178732817057 ], 
  [ 1117197121 ],,,,,, [ 350480230787 ],,,,,, [ 685797419129 ],,,,, [ 27166063580083 ],,,,,, 
  [ 1598347297 ], [ 10773942281 ],,,,,,,,,,,, [ 18916214761 ],, [ 5072777323 ],,,,,,, 
  [ 5886381751 ],, [ 15362653123 ],,, [ 127150767481 ],,,,, [ 13375061911 ],,,,,,,,,,,,,,,,,,
  ,,,,,,,,,,,, [ 7169250281 ], [ 9074680099 ],,,,,,,,,,,,,,,, [ 4249848671 ],,,,,,,,,,,,,,,, 
  [ 2000254733 ],,,,,,,,,,,, [ 12180295661 ],,,,,,,,,,,,,,,,,,, [ 2905318723 ],,,,, 
  [ 188251372171 ],,,,,,,,,,,, [ 12326986829 ], [ 1154567023 ],,,,,,, [ 7797559729 ],,,,,,, 
  [ 707046571057, 3301842455227 ],,,,,,,,,, [ 1138556767 ],,, [ 1215712237 ],,, 
  [ 1153428013 ],,,,,,,,,,, [ 23450231377 ],,,,,, [ 7135491589 ],,,,,,,,,, [ 5414789377 ],,,
  , [ 58779352972237 ],,,, [ 2156305297 ],, [ 3432306432803 ],, [ 3895375357 ],,,, 
  [ 1640430241 ],,,, [ 2847801713 ], [ 22720160401 ],,, [ 3107966137 ],,,,,,,,,,,,,,, 
  [ 1385045707 ],,,,,,,,,,,, [ 5220568711, 550020188132971 ],,,,,,,,,,,,,,,,,,,,,,,, 
  [ 27665676481 ],,,,,,, [ 14570910953689 ],,,,,,,, [ 8071787557 ],,,,,, [ 32635970401 ],,,,,
  , [ 18818524189 ],,,,,,,,, [ 3641269381 ],,,,,,,,,,,, [ 4572167053 ],,,,,,,,,,,,, 
  [ 6143156281 ],,,,,,,,,,, [ 895978775617 ],,,,,,,,,,,,,,,,,,,,,,,, [ 19355678101 ], 
  [ 1258580044037 ],,,,, [ 2555387326801 ],,,,,,, [ 1389336521 ],,,,,,,,,,,,,,,,, 
  [ 3216019201 ], [ 2635963667 ],, [ 9023254813 ],,,,,,,,, [ 29143814431 ],,,,,,,,,,,,, 
  [ 1239363511 ],,,,,, [ 1592638433 ],,,,,,,,,,,,,,,,,,,,,,,,,,,,,,,,,,,, [ 68796033469 ],,,,
  ,,,,,,,,,, [ 1692826633 ],, [ 41097683273 ],,,,,,,,,,,,, [ 57206596879 ],,, 
  [ 13259536753, 128472266833 ],,,,,,,,, [ 5846592727 ],,,,,,, [ 1179000001 ],,,,,,,, 
  [ 3115310041 ],,,,,,,, [ 5500699361 ],,,,,,,,,,,, [ 26000656393 ],,,,,,,,,,,,,,,,,,,,,,,,,,
  ,,,,,,,,,,,,,,,,, [ 132403136347 ],,, [ 102369006967 ],,,,,, [ 10631792701 ],,,, 
  [ 47878897873 ],,,,,, [ 4978454281 ],,,,,,,,,,,, [ 4796365429 ],,,,,,,,,,,,,,,,,,,, 
  [ 361142968573 ],, [ 6733496113 ],,,,,,,,,,,,,,,,,,,,,,,,,, [ 1638939751 ],,,,,,,,,,,, 
  [ 136126815397 ],,,,,,,,,, [ 16521701881 ],,,, [ 1904006101 ],,,,,,,,,,,, [ 248876364673 ],
  ,,,,,,,,,,,,, [ 2731182397 ],, [ 73388284873 ],,,,,,,,,,,,,,,, [ 1710651281 ],,,,,,,,,,,,,
  , [ 7212040877 ],,,,,,,,,,,,,,,,,,,,,,,,,,,, [ 3701003879 ],,,,,,,,,,,,,,,,,, 
  [ 15172686901 ],,,,,,, [ 4120963201 ],,, [ 1645165591 ],, [ 33558755777 ],,,,,, 
  [ 1311034057 ], [ 6487401607 ],,,,,,, [ 9976074109 ],,,,,,,,,,,,,,,,,,,,,,,,,,,,, 
  [ 221791224661 ],,,,,,,,,,,,, [ 3205959401 ],,,,,, [ 1804162231 ],,,,,,,,,, [ 1198090921 ],
  ,,,,,,,,,,,,,,, [ 144705036001 ],,,,,,,,,,,,,,,, [ 22728132649 ],, 
  [ 1453984879, 14302802989 ],,,,,, [ 3583198081 ],,,,,,,,,,,,,,,,,,,,,, [ 8780923513 ],,,,,,
  ,,,,,,,,,, [ 63020350909 ],,,, [ 7155133399 ],,,,,,,,,,,,,,,,,,,, [ 1625127719 ],,,, 
  [ 24452168071 ],,,,,,,,,,,,,,, [ 3157486921 ],,,,,,,,,,, [ 6943850201 ],,,, 
  [ 214001832721, 219634799281 ],,,,,,,,,,,,,,,,,,,,,, [ 11149892863 ],,,,,,,,,,,, 
  [ 199456033260580573 ],,,,,,,,,,, [ 28875681271 ],,, [ 6253771393, 2587123851841 ],,,,,, 
  [ 3966135181 ],,,, [ 95156778767 ],,,,,, [ 8681679073, 15141470609 ],,,,,,,, 
  [ 1019397121 ],, [ 37028527489 ],,,,,,,,,, [ 1336955509 ],, [ 3033911539 ],, 
  [ 8209275209 ],,,,,,,,,,,,,,,, [ 29078036209 ],,,,,,,,,,,,,,,, [ 8393618521 ],,,,,,,,,,,,,,
  ,,,,,,,,,, [ 7215440833 ],, [ 1968623959 ],,,,,,,,,,,,,,,,,,, [ 115628820121 ],,,,,,,,, 
  [ 6175482499 ],,,,,,,, [ 1031071445093 ],,,, [ 33076860601 ],,,,,,,,, [ 5816074681 ],,, 
  [ 2942468761 ],,,,,,,,,,,, [ 1033009291 ],,,,,,,,,,,,,,,,,,,,,,,,,, 
  [ 1590582913, 13920506777 ],, [ 2252667289, 30313737203 ],,,,,,,,,,,,,,,,,,,, 
  [ 3109597633 ],,,,,, [ 19679628313 ],,,, [ 256346235831533 ],, [ 1156783261 ],,,, 
  [ 2475471599 ],,,, [ 1938766279 ],,,,,,,,,,,,,,,,,,,,,, [ 9207590761 ],,,,,,,, 
  [ 2910985613 ],, [ 5787826591 ],,,,,,,,,,,,,,,,,, [ 11771420281 ],,,, [ 4733592973 ],,,, 
  [ 56818855297 ],,,,,,,,,,,,,,,, [ 938424638369 ],,,,,,,,,,,,,,,,,,,,,,,,,,,, 
  [ 26688406501 ],,,,,,,,,,,,,,,,,,,, [ 618237818881 ],,,, [ 9142133477 ],,,,,,,,,,,,,, 
  [ 93315181637 ],,,,,, [ 2169548201 ],,,,,,,,,,,,,,,,,,,,,,,,,,,,,,,,,,,,,,,,,,,,,,,,,,,,,,,
  ,,,,, [ 6900153529 ],,,,,,,,,,,,,,,,,,,,,,,,,,,,,,,,,,,,,, [ 7718876653 ],,,,,,,,,,,,,,,,,,
  ,,,,,,,,,,,, [ 51300983233 ],,, [ 102514014751 ],,,,,,,,,,,,,,,,,,,,,,,,,,,,,,,,,,, 
  [ 1235519041 ],,,,,,,,,,,,,,,,,,,,,,,,,,,,,,,,,,,,,,,,,,,,,,,,,,,, [ 13120155577 ],,,,,,,,,
  ,,, [ 145507419151, 1362295017103 ],,,,,,,,,,,,,,,,,,,,,,,, [ 576149004001 ],,,,,,,,,,,,,,,
  ,,,,,,,,,,,,,,,,,,,,,,,,,,,,,,,,,,,,,,,,,,,,,,,,,,,,,,,,,,,,,,,,, [ 13257346313 ],, 
  [ 4467529857481 ],,,,,,,,,,,,,,,,,,,,,,,,,, [ 11884075309 ],,,, [ 61938051941 ],,,,,,,,,,,,
  ,,,,,,,,,,,,,,,,,,,,,,,,,,,,,,,, [ 1831797259 ],,,,,,,,,,,,,,,,,,,,,,,,,,,,,, 
  [ 27571797889 ],,,,,,,,,,,,,,,,,, [ 89965480261 ],, [ 521026782277 ],,,,,,,,,,,,,,,, 
  [ 309597739261 ],,,,,,,,,,,,,,,,,, [ 2693166288811 ],,,,,,,,,,,,,,,,,,,,,, [ 19594331401 ],
  ,,,,,,,,,,,,,,,,,,,,,,,,,,,,,,,,,,, [ 212118065153 ],,,, [ 2602028101, 393642652301 ],,,,,,
  ,,,,,,,,,,,,,, [ 252672563041 ],,,,,,,,,,,,,,,,,,,,,,,,,,,,,,,,,,,,,, [ 2266654699 ],,,,,,,
  ,,,,,,,,,,,,,,,,,,,,,,,,,,,,,,,,,,,,,,,,,,,,,,,,,,,,,,, [ 1365950701 ],,,,,,,,,,,,,,,,,,,,,
  ,,,,,,,,,,,,,,,,,,, [ 858267201241 ],,,,,,,,,,,, [ 74736935473 ],,,,,,,, [ 35638691161 ],,,
  , [ 24489380570761 ],,,,,,,,,,,,,,,, [ 108684142601 ],,,,,,,,,,,,,,,,,,,, [ 109018470241 ],
  ,,,,,,,,,,,,,,,,,,,,,,,,,,,,,,,,,,,,,,,,,,,,,,,,,,,,,,,,,,,,,,,,,,,,,,, [ 2701189801 ],,,,,
  ,,, [ 561070144801 ],,,, [ 55813710853 ],,,,,,,,,,,, [ 22721847937 ],,,,,,,,,,,,,,,,,,,,,,,
  , [ 1748361001 ],,,,,,,,,,,,,,,,,,,,,,,,,,,,,, [ 3478022071 ],,,,,,,,,,,,,,,,,,,,,,,,,,,,,,
  ,,,,,,,,,,,, [ 2157250369 ],,,,,,,,,,,,,,,,,,,,,,,,,,,,,,,,,,,,,,,,,, [ 2935845397 ],,,,,,,
  ,,,,,,,,,,,,,,,,,,,,,,, [ 14687401873 ],,,,,,,,,,,,,,,,,, [ 268799782681 ],,,,,,,,,,,,,,,,,
  ,,,,,,, [ 3323008459, 13495860019 ],,,,,,,,,,,,,,,,,,,,,,,,,,,,,,,,,,,,,,,,,,,,,,,,,,,,,,,,
  ,,,,,,,,,,,,,,,,,,,,,,,,,,,,,,,,,,,,,,,,,,,,,,,,,,,,,,,,,,,,,,,,,,,,,,,,,,,, 
  [ 2666411749 ],,,,,,,,,,,, [ 3558195811 ],,,,,,,,,,,,,,,,,,,,,,,,,,,,,,,,,,,, 
  [ 3856747717 ],,,,,,,,,,,,,,,,,,,,,,,, [ 29024493961 ],,,,,,,,,,,,,,,,,,,,,,,,,,,,,,,,,,,,,
  ,,,,,,,,,,,,,,,,,,,,,,,,,,,,,,,,,,,,,,,,,,,,,,,,,,,,, [ 39135303601 ],,,,,,,,,,,, 
  [ 11123302357 ],,,,,,,,,,,,,,,,,,,,,,,,,,,,,,,,,,,, [ 13636012393 ],,,,,,,,,,,,,,,,,,,,,,,,
  ,,,,,, [ 18339416299 ],,,,,,,,,,,,,,,,,,,,,,,, [ 10126581769 ],,,,,,,,,,,,,,,,,, 
  [ 4211292961 ],,,,,,,,,,,,,,,,,,,,,,,, [ 51231880321 ],,,,,, [ 8913019441 ],,,,,,,,,,,, 
  [ 432462232357 ],,,,,,,,,,,,,,,,,,,,,,,,,,,,,,,,,,,,,,,,,,,,,,,,,,,,,,,,,,,,,,,,,,,,,,,,,,,
  ,,,,,,,,,,,,,,, [ 294009984217 ],,,,,,,,,,,,,,,,,,,,,,,, [ 358991832253 ],,,,,,,,,,,,,,,,,,
  ,,,,,,,,,,,, [ 1035756619 ],,,,,, [ 2523649969 ],,,,,,,,,,,, [ 33811985269 ],,,,,,,,,,,,,,,
  ,,,,,,,,,,,,,,,,,,,,,,,,,,,,,,,,,,,,,,,,,,,,,,,,,,,,,,,,,,,,,,,,,,,,,,,,,,,,,,,,,,,,,,,,,,,
  ,,,,,,,,,,,,,,,,,,,,,,,,,,,,,,,,,,,,,,,,,,,,,,,,,,,,,,,, [ 1552008541 ],,,,,, 
  [ 19360055353 ],,,,,,,,,,,,,,,,,,,,,,,,,,,,,,,,,,,,,,,,,,,,,,,,,,,,,,,,,,,,,,,,,,,,,,,,,,,,
  ,,,,,,,,,,,,,,,,,,,,,,,,,,,,,,,,,,,,,,,,,,,,,,,,,,,,,,,, [ 2300765588353 ],,,,,,,,,,,,,,,,,
  ,,,,,,,,,,,,,,,,,,, [ 2078393761 ],,,,,,,,,,,,,,,,,,,,,,,,,,,,,,,,,,,,,,,,,,,,,,,,,,,,,,,,,
  ,,,,,,,,,,,,,,,,,,,,,,,,,,,,,,,,, [ 1853216821 ],,,,,,,,,,,,,,,,,,,,,,,,,,,,,, 
  [ 26353459801, 372285559057501 ],,,,,,,,,,,,,,,,,,,,,,,,,,,,,,,,,,,,,,,,,,,,,,,,,,,,,,,,,,,
  ,,,,,,,,,,,,, [ 9409052641 ],,,,,,,,,,,,,,,,,,,,,,,,,,,,,,,,,,,,,,,,,,,,,,,,,,,,,,,,,,,,,,,
  ,,,,,,,,,,,,,,,,,,,,,,,,,,,,,,,,,,,,,,,,,,,,,,,,,,,,,,,,,,,,,,,,,,,,,,,,,,,,,,,,,,,,,,,,,,,
  ,,,,,,,,,,,,,,,,,,,,,,,,,,,,,,,,,,,,,,,,,,,,,,,,,,,,,,,,,,,,,,,,,,,,,,,,,,,,,,,,,,,,,,,,,,,
  ,,,,,,,,,,,,,,,,,,,,,,,,,,,,,,,,,,,,,,,,,,,,,,,,,,,,,,,,,,,,,,,,,,,,,,,,, [ 20082231751 ],,
  ,,,,,,,,,,,,,,,,,,,,,,,,,,,,,,,,,,,,,,,,,,,,,,,,,,,,,,,,,,,,,,,,,,,,,,,,,,,,,,,,,,,,,,,,,,,
  ,,,,,,,,,,,,,,,,,,,,,,,,,,,,,,,,,,,,,,,,,,,,,,,,,,,,,,,,,,,,,,,,,,,,,,,,,,,,,,,,,,,,,,, 
  [ 1644514411 ],,,,,,,,,,,,,,,,,,,,,,,,,,,,,,,,,,,,,,,,,,,,,,,,,,,,,,,,,,,,,,,,,,,,,,,,,,,,,
  ,,,,,,,,,,,,,,,,,,,,,,,,,,,,,,,,,,,,,,,,,,,,,,,,,,,,,,,,,,,,,,,,,,,,,,,,,,,,,,,,,,,,,,,,,,,
  ,,,,,,,,,,,, [ 13588053751 ],,,,,,,,,,,,,,,,,,,,,,,,,,,,,,,,,,,,,,,,,,,,,,,,,,,,,,,,,,,, 
  [ 348394641421 ],,,,,,,,,,,,,,,,,,,,,,,,,,,,,,,,,,,,,,,,,, [ 19013976073 ],,,,,,,,,,,,,,,,,
  ,,,,,,,,,,,,,,,,,,,,,,,,,,,,,,,,,,,,,,,,,,,,,,,,,,,,,,,,,,,,,,,,,,,,,,,,,,,,,,,,,,,,,,,,,,,
  ,,,,,,,,,,,,,,,,,,,,,,,,,,,,,,,,,,,,,,,,,,,,,,,,,,,,,,,,,,,,,,,,,,,,,,,,,,,,,,,,,,,,,,,,,,,
  ,,,,,,,,,,,,,,,,,,,,,,,,,,,,,,,,,,,,,,,,,,,,,,,,,,,,,,,,,,,,,,,,,,,,,,,,,,,,,,,,,,,,,,,,,,,
  ,,,,,,,,,,,,,,,,,,,,,,,,,,,,,,,,,,,,,,,,,,,,,,,,,,,,,,,,,,,,,,,,,,,,,,,,,,,,,,,,,,,,,,,,,,,
  ,,,,,,,,,,,,,,,,,,,,,,,,,,,,,,,,,,,,,,,,,,,,,,,,,,,,,,,,,,,,,,,,,,,,,,,,,,,,,,,,,,,,,,,,,,,
  ,,,,,,,,,,,,,,,,,,,,,,,,,,,,,,,,,,,,,,,,,,,,,,,,,,,,,,,,,,,,,,,,,,,,,,,,,,,,,,,,,,,,,,,,,,,
  ,,,,,,,,,,,,,,,,,,,,,,,,,,,,,,,,,,,,,,,,,,,,,,,,,,,,,,,,,,,,,,,,,,,,,,,,,,,,,,,,,,,,,,,,,,,
  ,,,,,,,,,,,,,,,,,,,,,,,,,,,,,,,,,,,,,,,,,,,,,,,,,,,,,,,,,,,,,,,,,,,,,,,,,,,,,,,,,,,,,,,,,,,
  ,,,,,,,,,,,,,,,,,,,,,,,,,,,,,,,,,,,,,,,,,,,,,,,,,,,,, [ 181445694151 ] ]);
