BRENTFACTORS[2736]:=MakeImmutable([ ,,,,,,,,,,,,,, [ 268858118311 ],, [ 22422195501636757 ],
  , [ 552101278773206792980069 ],,,, [ 86599277822441 ],, 
  [ 13498339301, 3048864851480067573901 ],,,, [ 112599369148681686961 ], [ 883384299961 ], 
  [ 19524343156930716779999586108158479 ], [ 1155538231201, 4124211906977 ], 
  [ 835098257099687923, 11861947230555740209 ], [ 2973931733100624659491 ], 
  [ 336877684276141, 7935431139912429301 ],, 
  [ 362144419455718324137010293913, 886548254354779119213497826631 ],, 
  [ 1931640673, 560680025144624659 ], [ 7160632264241, 8125854785401 ],, [ 11161949145397 ], 
  [ 1648156891, 2995009427, 21932936471, 7674838258518719, 29097409915876199855057 ], 
  [ 226068537377 ], [ 46848159323716813628140885441032005311 ],, 
  [ 165410881997, 27086036353447 ],, [ 91303704911452490449264553 ], 
  [ 71979542654689885651 ], [ 2025082399, 26812022097583 ],, [ 9040646104981527203281 ], 
  [ 34512917293 ], [ 1463560121 ], [ 111056727684025311531710540609460588755689 ], 
  [ 73132475013267867588493 ], 
  [ 111683098749146566843406289737, 3095430255862400788507273175890361 ],, 
  [ 1914004495861, 30609262248001 ], [ 35443342157, 14517527851949 ], 
  [ 1064195229528281, 91020443612646517, 10920895254822299345581 ], 
  [ 646858931419, 5299126464750758389, 13159198558274240747193913 ],,,, 
  [ 1258882699, 64507421647, 4877689609665563420770471 ], 
  [ 592389493921050919127527430737, 636394448225418693927637949201341 ],,,, 
  [ 2734771393, 1759094726761 ], [ 204077808499744561 ],, 
  [ 221542892251, 11665689137701, 2212370662747703435615401 ], [ 47244819369577 ],, 
  [ 37150982667709, 1553893915270752043 ],, [ 814593004481, 251103272055713412251338232801 ],
  , [ 35010265721, 877096274543 ], [ 801348361528339, 3247908556392082859153 ], 
  [ 7546087753, 3235948300537 ], [ 2632615241 ], [ 1930587271373 ],,,, 
  [ 235637644321, 1111553365501 ],, 
  [ 275079520891989161, 67549510587269730227155697, 839951511651242429641976427332691629 ],, 
  [ 379097080983937948487, 80687635201137184122118239263, 
      220910954360559145369999587802020289 ],, 
  [ 212574301819761168321981731384971440522766051576129 ],,, 
  [ 2469278989, 21316845498283632331 ],,, 
  [ 1125520633, 2033417941, 232804093084815632117958683233717 ],,,, 
  [ 155057968969, 408362013813014290933 ], [ 504988143274757 ], 
  [ 88679193661, 33730256825673481 ],, 
  [ 6613115763377230383633281, 5502053105593933129005795257241453571991 ], 
  [ 132398735525831941515253, 1536897145522584266276437 ],, [ 2380662466362017 ], 
  [ 38615562434004499 ],, [ 241735702109030561, 10186677164489703717841694197 ],,, 
  [ 705751895087 ], [ 32440119121 ],, [ 64167391547050147 ], [ 9274369737541 ], 
  [ 8557404797 ],, [ 643300911584100322687 ], [ 207601252057, 872140984697 ], 
  [ 1598954388464346836551169 ], [ 521278338151 ], [ 49968217415867263501920910520621 ], 
  [ 73276371672683 ], [ 12324525041662230673, 912616619607570318409, 2321438324004368768629, 
      58288702525797215527582693 ], [ 3476345489, 7144206721 ],, [ 20992775131 ],,, 
  [ 41748745119073 ], [ 1347809053, 12652519884491, 3103507219664393, 28814044005093299, 
      2025420211278283277150533 ],, [ 2026889024707 ],,, 
  [ 497191723275340369, 2253228232815312487450483122721, 
      5168865075344648206345167663984960899094340806013034161 ], 
  [ 1358528201, 21854349495631, 4792991717987908220041 ], [ 269098694041 ], 
  [ 13882035454687 ], [ 389226103799149 ],, 
  [ 185361622351, 7274236394980501, 4828457943708697317869083953152609551 ],, 
  [ 60810787441, 826490787281 ], [ 3275417684467 ], [ 7425774203 ],, 
  [ 2718229724575873, 102666881658971761 ],,,, [ 5470417318542881 ], [ 979843684177 ], 
  [ 1614797857, 88534397251 ],, [ 1634945551489 ], [ 150108823153276681 ], 
  [ 13008753164656399259 ],,,,,,, [ 21314618279, 156648109201 ],,, 
  [ 72127521298097, 28705156624773481444769 ],, [ 392207056452484576783 ], 
  [ 294931924984686989411 ],,, [ 62486250191, 65685841063191516259 ], [ 1901625204454747 ], 
  [ 448248462419489 ], [ 88290087461, 183808568975204575351 ], [ 1343684211360146240363437 ],
  [ 1219344112425407 ],, [ 1604052098839, 59736907253708497 ], [ 2961125975970031 ],,,, 
  [ 95767171580656579642811 ], [ 1327624125264544545751 ], [ 131616179287349 ], 
  [ 167114610653 ], [ 195597050221 ], [ 163795921461281 ], 
  [ 37411968401, 3906306649164040001 ],,, [ 21943755765049763 ],,, [ 726904260369761429 ],, 
  [ 116062355941667288990072081 ], [ 42195687161 ],,, [ 6596784624765539805277 ],, 
  [ 92126042993, 76206341453123409917, 7783375348573336267069 ], [ 30692030881 ],,,, 
  [ 401398657021 ], [ 2612808484441, 147609027787291654804001 ],, [ 11149470846535543 ],, 
  [ 1760860318476737633 ], [ 4800276001, 55832795279551, 609951611149765174451998300501 ], 
  [ 48931420076138323 ],, [ 185500135609 ], [ 4113326535953809 ], 
  [ 80364106111, 3086283080701 ], [ 377666299345389780390589 ],,,, [ 3240741181 ], 
  [ 5991458441957 ], [ 183765139633, 5448753510181 ], [ 932953686159167, 2972639814047639 ],,
  , [ 2323735505690023579039 ],, [ 19639494253, 13122787596437834209, 1057570104040125385771 
     ],, [ 2923340671673381 ],, [ 238160163989867269177 ], [ 354042720164369 ],, 
  [ 3988259108622251 ], [ 2497081534009 ],,, [ 3030645451 ], [ 6265022581, 93463584301 ], 
  [ 121548799432306177 ], [ 44158034732741 ], [ 44191138357 ],,,,,, [ 104838771044626609 ], 
  [ 12046578821, 4599966995247288851 ], [ 19482742250623177 ],, [ 2251105870247977 ], 
  [ 120117237659 ], [ 642007586385541 ], [ 1560039057991 ], 
  [ 2746249210060273, 823062487193166481 ], [ 96117602491 ], 
  [ 1294578487, 7927980199297, 378440819108567, 19144355976012625648643599 ], 
  [ 166289816031521645651 ], [ 20365986694561123573 ],, 
  [ 75689985253, 950567869920950093632447 ],, [ 3739691701735361, 472252718509678961 ],, 
  [ 804449613811 ],, [ 4632556774401133, 374234477232771557, 145389064994864096709637 ], 
  [ 430843468381 ],, [ 1091865097, 2330173559656559, 4417685148986818381 ],, 
  [ 1622290185073, 15037188919153, 1026543246735431 ],,, [ 1276661725472396009 ], 
  [ 277811861308881511 ],, [ 10280848531 ], 
  [ 238869673479356293793, 1079065997299673819422457 ], [ 3641163571 ], [ 37400568293243 ],, 
  [ 9567641101, 64503661627657501, 17020887964988351884771501 ], [ 408763467967 ],,, 
  [ 1095896718741743521, 10880474897343795169, 1394038934447022082049 ], [ 11300664191 ], 
  [ 1192850074626643 ], [ 200189102777 ], [ 131342640661 ], [ 2034555799723669 ],, 
  [ 11946134489, 1066050340601, 287925325104246737 ], [ 514306227553 ], [ 9853098522749 ],, 
  [ 2223528301 ],,, [ 185017869601 ],,,, [ 134806940591, 10908378860849 ],,,, 
  [ 3258449219, 3099760120403 ], [ 12104407927, 931520639191, 307880933250229 ],, 
  [ 310020030139 ], [ 7856041181912881 ], [ 152969181403, 544643255573917 ], 
  [ 843325776552437281 ], [ 2525643163 ],,,,, [ 1892443082479 ], [ 1379254911334891 ],,, 
  [ 1913115361071252052034443 ],,,, [ 2149320711409609, 2948088660719197, 638520797885199209 
     ],, [ 178484523228326376673 ], [ 26950143659, 19590314276737 ], 
  [ 183368999360616381901 ], [ 292849892303404879 ],,,, [ 154259491901 ],,, 
  [ 8398712237941171, 1694467728694768273 ], [ 115128590987 ], [ 46710689138916216477121 ],,
  , [ 7678765636754389 ], [ 228755320227607993 ], [ 1549453471 ], 
  [ 840071284385239, 100841766659537249119 ],,,, [ 31958078282021 ],, 
  [ 72565403509, 17728607573653 ],, [ 8038280320621 ], [ 1215855001 ],,, 
  [ 2196659021315249233, 2579104336877098495291 ],,, [ 1473948793 ],, [ 1071153719 ],, 
  [ 9735972401 ],,,, [ 1590182987 ],,, [ 1402387975773121, 137116580262059441 ],,,,,,, 
  [ 652184936995938482557 ], [ 812596965313201 ],, 
  [ 64056020884579159, 114416401090648013948861341 ],,, [ 19912132206271 ],,,, 
  [ 3305108323728931 ], [ 71650499349583417841 ],, [ 25140301233913 ],,, 
  [ 5589691441, 843641894941 ],,, 
  [ 384096007020683, 8698608792540609881093, 87651463769786312903385803 ],,,,, 
  [ 126308341441, 585603021038689 ],, [ 11065613298101 ],, [ 7019429520293093 ],,, 
  [ 75742226431813959901061 ],, [ 646013203512584689 ],,, [ 2167763490937171 ],,, 
  [ 9410144027611 ],, [ 1983276241, 13598681584841 ],, [ 1187806933 ],,,,, 
  [ 382698643817359 ], [ 1528533889, 20142179009 ], [ 14909847043313 ], 
  [ 3244207951, 47251035901, 2803783220101, 122155403647699560421351 ],,,, [ 3593017291 ], 
  [ 3842264791 ],, [ 484519504439, 1981760000809 ], [ 53064912222084694501 ],, 
  [ 927513802782973267781 ], [ 30184892989802491 ], 
  [ 114679006597, 280623585397, 27294853307809936228843, 2058918364762283030039419 ], 
  [ 7600513549, 178568672177879 ], [ 2028121729 ], [ 21334819381 ],,, 
  [ 6670155154516309, 344623547593620829 ], [ 1558649819917 ], 
  [ 216134008062341, 7533722896330021 ], [ 3838909051, 218208829029057241 ], 
  [ 7586033162782313089 ], [ 1807828650079, 1895585508389 ], [ 9889802389 ],,, 
  [ 148848746019697 ], [ 11688084203, 8492097526069 ], [ 95243900161 ],,, 
  [ 15469200618043999441, 25694169347498025949 ], [ 2149177087 ], 
  [ 2029104661, 13096667604109, 7631279188984177 ], [ 5483667878766061 ], 
  [ 1379591213419369 ],, [ 1565313898395855121 ],,,, [ 21527505464737 ],,,,,, 
  [ 58796143034229121 ],,, [ 119183757733 ], [ 232534402606897 ], [ 133693248239 ], 
  [ 7446515833 ],,,,,,,, [ 122554833365473793 ], [ 4044145213, 4474714118399209 ], 
  [ 97500666169 ], [ 1516927351 ],,, [ 16943158585265291 ],,,, 
  [ 769092027229, 1629694481999599 ],,,,,, 
  [ 690306772849, 71394399785466574081, 270837316574474004961 ],,,, [ 61297811401 ],, 
  [ 9471161239 ],,, [ 99849468541, 641662509909331 ], 
  [ 13178994667880903, 89434313730635183 ],, [ 20319563881, 296211549336121 ],, 
  [ 37487356289 ], [ 25035488497, 166331340436687651 ], 
  [ 5083496129, 270153979058629249, 288907262941521953 ],,,, [ 21892859350044699997 ], 
  [ 331797225234619 ], [ 1407070104001, 275913829119577001, 1014528164554235101 ],, 
  [ 8523477817, 984884329097103433 ],, [ 565547256484739888867 ],,,,,, 
  [ 324529839761, 12283621848961 ], [ 21102492973 ],,,,, [ 35438311063 ],, 
  [ 49602742563963899137 ],,,,, [ 23903105269 ],,, [ 61581050497 ],,,,,,,,, 
  [ 203708811674161 ],,,,, [ 1065023161, 39770705251, 14548281623096341 ],, 
  [ 23174540868209 ],, [ 1815680989 ],, [ 6190448108401 ], [ 42674429233 ],,, 
  [ 1994302801, 18747786922088057306401 ],,,, [ 6240606305581 ],, [ 7229779628390317 ],, 
  [ 20030503768820077249 ], [ 1850989729 ],,, [ 7911904145246389 ],,, 
  [ 78224471131, 979213879351, 655185614952165211 ], [ 4442082552601 ],,,, 
  [ 2351830501, 129623041976041 ],,,, [ 940605490390801, 118634153704056433 ],,,, 
  [ 46675706873, 8286568418549 ],, [ 7529753748631591 ],,, [ 14487649507 ],,,,, 
  [ 512597312936633 ],, [ 156122035841 ],,,,,,,,, [ 4018018709 ],,, [ 720256118297 ],, 
  [ 122398137729212563 ],,, [ 86440103731 ], [ 5307831295082023 ],, [ 1034785769821 ],, 
  [ 175128801917 ],,,, [ 103901659003 ],,,, [ 4509262141 ], [ 2186525141329 ],,, 
  [ 1340738999, 202051415641147 ],,,, 
  [ 8487569443, 554767730221, 392607076893473683, 16789871203313374087 ], [ 1837046723 ],,, 
  [ 36378163476029 ],,,, [ 2795749097, 51264857759473 ],,,, 
  [ 3302181301, 25629295831, 769784616550711 ], [ 14654450219 ], [ 100510885249 ],, 
  [ 87399277593449 ],, [ 56054232937 ],,,, [ 22981003964801 ],, [ 2119829250257083 ], 
  [ 5480205569 ],,, [ 27531833993 ],,, [ 53728049779, 218578260863 ],,,,,,,,,,, 
  [ 1580752801, 209318063761, 162544722471864678241 ],, 
  [ 1961465721773, 43354848602887, 11669672560994519, 21762467782395389625875461 ],, 
  [ 716297225717 ],, [ 238888431949680363028394833 ], [ 2854095859 ],,,,,, 
  [ 2509334609, 19316027729 ],, [ 264006472801, 5014073353381 ],,, 
  [ 1948314097, 3758928443551 ],,,,,,,, [ 242552448908843 ],,, [ 101331377113 ],,, 
  [ 7911705521 ],, [ 4423402829 ],, [ 560176177681 ],,,, [ 4530432961 ], [ 1366212647 ],, 
  [ 1770903163 ],,,,, [ 96627412267777 ], [ 3655495331 ],,, [ 3881773743026341 ],,,, 
  [ 110082577793 ],,,,, [ 13692959039 ],,, [ 1610576689, 304534790184353 ],,,,,,, 
  [ 1038782333, 331434813851 ], [ 65771175523681, 28821823826530681 ],, 
  [ 131218717193, 20630605040408317 ],,,, [ 9511451377, 70106639833357 ], [ 194442971689 ], 
  [ 257110948001 ],,,,,, [ 470633049433, 110340540962783 ],,,, 
  [ 78174199171, 924810275521711, 35553535198924861 ],, [ 7943086313 ],,,, [ 1348888526641 ],
  ,,,,,, [ 4777368706813 ],,, [ 1053894282814759, 1240065600815903 ],,, [ 12965356067 ], 
  [ 1366844229911 ],, [ 11481839617 ],,,,,,,, [ 9761849161 ],,,,, 
  [ 36128801411, 65429132471 ],,,,,,, [ 2363169397, 245565924433 ],, [ 21215613457662779 ],, 
  [ 23674732851855521 ],,,, [ 68705306805241 ],,,, [ 2271651807457 ],, [ 148411816913 ],, 
  [ 230260593109 ],,,, [ 3830090833 ],,,,,, [ 968919753567607 ],, [ 50681983441 ],, 
  [ 382986164233 ],, [ 2312725252709 ],,,, [ 1500149291281, 188165807462461249 ], 
  [ 23660738557 ],,,,,,,,,,,,, [ 1062840131 ], [ 15593928673 ], [ 3653609214153809 ], 
  [ 4384813691 ], [ 4143849400261 ],,,,,, [ 345669869761 ],, [ 18281817947 ],, 
  [ 8776952617, 32196115769 ], [ 1384429747 ], [ 7958531233 ],,,,,,,,,,,, [ 4251264361 ],,,, 
  [ 19154755937 ],,,,,, [ 399096096101 ],,,, [ 8730803691457 ],, 
  [ 18882869501, 22247928671, 654244287577, 26989817307421 ],, [ 87553091737 ],,,,,,,, 
  [ 2974923821 ], [ 153808148077 ],,, [ 34140503934721 ],, 
  [ 1164174883, 1218223891, 429369432103 ],,,, [ 166986947012047 ],,,, [ 419888020561 ],,,, 
  [ 116424015083, 1984563349518229, 3745685235335359 ],,,,,,,, [ 13040206807 ],, 
  [ 1355230729 ],,,,,, [ 6184714467691 ],, [ 15847744609 ],,,,, [ 2432973119 ], 
  [ 29585416589 ],,,, [ 39516088100347, 1544134181919529 ],,,,,,,,,,,,,,,,,, [ 1941953521 ],,
  ,,,, [ 83033194580353, 91168022212831, 195686813526103 ],,,,, [ 133551226283 ],,,, 
  [ 74964788076691 ],, [ 2962953733 ],,,,,,,,, [ 127333974897659 ],,, [ 1794129877 ], 
  [ 66545772301, 1094325789901, 1328082216301 ],,,, [ 5337816469 ],, [ 83311885336417 ],,,,,
  , [ 1068295537 ], [ 1039562977 ],,, [ 12045683807 ], [ 5090838391 ],,,,,,,,,,,,, 
  [ 76186770540481 ],,,,, [ 3678801001 ],, [ 4366837711 ],,,,,,,,,,, 
  [ 13333909690207, 42947123714353 ],,,,,,,,,,,,,,,, [ 1736474237 ], [ 10244704741 ], 
  [ 25248136747792789 ],,,,,, [ 15784964202004999 ],,,,,,,,,,,, [ 6325661781477991 ],, 
  [ 17946660913, 651928316161 ],,,,,,,,,,,, [ 3833371753 ],,,,,,,,,,,,,,,, [ 1218982206973 ],
  ,,,,, [ 67030661763556921 ],,,,,, [ 1662276001, 9422525953 ],,,,,,,,, [ 2559628441 ],,, 
  [ 6093549381349, 6102711283681, 51625430567569 ], [ 1879674666781 ],,,,, [ 22077310741 ],,,
  ,,,, [ 4603675603 ],,,,, [ 3522991321 ], [ 8355998237 ], [ 2664515801 ],,,,,,, 
  [ 23690218231 ], [ 4354345217 ],,,,,,,, [ 7654793141161 ],,,,,,,,,,,,,,,,,,,, 
  [ 1661374441 ],, [ 9688275835897 ],, [ 423704916961 ],,,,,, 
  [ 3564310663, 454945381441, 25210001085034346593 ],, [ 18478663873 ],,,, [ 10443963143881 ]
   ,,,,,,, [ 5338563960311 ],, [ 580557523123 ],,,,,,,,,,, [ 1370476801 ], [ 8872129141 ],,,
  , [ 1093139221 ],,,,, [ 42688902439861 ],,,, [ 3361241347 ],, [ 152396080129 ],,,,,, 
  [ 9423706741 ],,,,, [ 204843383599 ],,,,,, [ 14727755563 ],,, [ 18867649921 ],,,,, 
  [ 112065037649 ],,,,,,,,, [ 625647864241 ], [ 91172339369 ],,,,,,,,,,,,,,,, 
  [ 139352610739 ], [ 39315222061 ],,,,,, [ 4958251867 ],,,, [ 2918863144723 ],, 
  [ 1507021188401 ],,,,,,,,, [ 1436305517, 11129058247 ],,, [ 8529718513 ],, [ 1628508769 ],,
  ,,, [ 3547469227 ],,,,,,,,, [ 237037623769 ],,,, [ 16409953921 ],,,, [ 32227409653 ],,,,, 
  [ 4427370151 ],,,,, [ 40714687891 ], [ 1339812937 ],,,,, [ 3793181269 ],,,,,,,,,, 
  [ 3011716369 ],,,,,,,,, [ 2679601531699 ],,,,,, [ 24486292293313 ],,,,,,,,,,,,,,,,,,,,,,,,,
  ,,,,,,,, [ 236298630961, 22315250191291 ],,,,,,,,,,,, 
  [ 4739265571, 2492415155647, 3667211129590808996587 ],,, [ 70359623731 ],,,,,,,,,, 
  [ 1056654041, 23651034551 ],,,,, [ 5261442001 ],,, [ 12267068167 ],,,,,, [ 640778805379 ],,
  ,,,,,,, [ 18945898423 ],, [ 5311655201 ],, [ 7107916553 ], [ 3770851039729 ],, 
  [ 1771915801 ],,, [ 2188639969 ],,,, [ 2117106037, 2217738521 ],,,,,,,,, [ 2165971043 ],,,
  , [ 2045437861, 30513422461 ],, [ 1592911867, 7116936373 ],,,,, [ 7827161249 ], 
  [ 161160037399 ], [ 2496395329 ], [ 48232694551 ],,,,,, [ 3407069821 ],,,,,,,,,, 
  [ 4252995491 ],,,,,,,,,, [ 3965182783 ],, [ 7410999400733 ],, [ 7419435721 ],,,,,,,,,, 
  [ 476125778701 ],, [ 10924232867323 ],,,,, [ 5892809617 ],,,,,,,, [ 281008733461 ],,, 
  [ 6403855177 ],,,,,,,,,,,,,,, [ 166731753497 ],,, [ 1080775627 ],,, [ 60049017971 ],,,,,,, 
  [ 1301463973 ],, [ 2184246919 ],,,,,,,,,,,,,,,,, [ 8127310201 ],,,,,,,, [ 2159759761 ],,,,,
  , [ 2091663001 ],,, [ 41006305861 ],,,, [ 1188483811 ],,,,,, [ 1168156403 ],,,,,,,,,,,, 
  [ 2356971731 ], [ 5116721201 ], [ 1027603700803 ], [ 125949232249 ],,,, [ 2068084853 ],,,, 
  [ 6766907761, 8238258451, 230405920383781, 4598239928393457811 ],,,,,, [ 5585499349 ],, 
  [ 58074292741 ],,,,,,,,, [ 3996875543 ], [ 5573492929 ], [ 69630723709 ],,, 
  [ 16076370288949 ],,,,,,,,,,, [ 23385346447 ],, [ 53208697051 ],,,,,,,,, [ 13242733327 ],,
  , [ 302082710777 ],, [ 17904878591 ],,,,,,,,,, [ 8532608753 ],,,,,,,,,,, [ 25882296481 ],,,
  ,,, [ 1930537409 ], [ 1111228081 ],, [ 1612844327 ], [ 12273595031 ],,,, [ 4331754727 ],,,,
  ,,,,,,, [ 3222011641 ],,,,,, [ 1539607163 ],,,,, [ 55573762273 ],,,, [ 3854421481 ],,,,,,,,
  ,,,,,,,,,,,, [ 20786743121, 596276218081 ],, [ 2319107473 ],, [ 80201540093 ], 
  [ 4304602711 ],,,,,,,, [ 1080762251 ],,,,,, [ 11747909603 ],,, [ 18121859141 ], 
  [ 102928152979 ],,,,,,, [ 3309548441 ],, [ 119425164769 ],,,, [ 145316592121 ],,,,,,,,,,,, 
  [ 52117711361 ], [ 185784536527 ], [ 896709795031 ], [ 8464872401 ],,,, [ 17257829431 ],,,,
  , [ 45155297401 ], [ 4225573217, 21599975629 ], [ 44282027347 ],, [ 1471416913 ],,,,, 
  [ 415185244879 ],,,,,, [ 5132429801 ],,, [ 190172657557 ],,,,,,,,,, [ 1223298649 ],,,,, 
  [ 4374564569 ],, [ 1076544991 ], [ 6035725873 ],,,,,,,,,,,,,,,,,,,,,,, [ 1191714553 ],, 
  [ 1126466995781 ], [ 3201328693 ],,, [ 1873265941 ],,,,,,,,,,,,,,, [ 1464958851841 ],,,, 
  [ 71268113153 ], [ 64758913931 ],, [ 743992107977 ],,,,,,,,,,, [ 11835834319, 15544833607 ]
   ,,,,, [ 4511705423 ],, [ 394510087681 ], [ 5274088943, 1694215343701 ],,,, [ 5151857131 ],
  ,,,,,,,, [ 2018773873 ],,,,,,, [ 1522480247 ],,,,, [ 6107684131, 86699482357 ],,, 
  [ 11183314393 ],,,,,,,,,,,,,,,,,,,,,,,,,,,,,,,, [ 4807526393611 ],,,, [ 12488566681 ],,,,,,
  ,,,,,, [ 6179144899 ],,,,,,,,, [ 2204592383131 ],,,,,,,,,, [ 4130948383, 44300395987 ], 
  [ 15568395737 ],, [ 4420977401 ],, [ 113870864017 ],,, [ 2059677930553 ],,,,,, 
  [ 39694104271 ],,,,,,,,,,,,,,, [ 555426634141 ],, [ 149873289281 ], [ 8160721489 ],,,,,, 
  [ 1014737323 ], [ 1193452321 ],,,,,, [ 3640540927 ],,,,,, [ 1821476473 ],,, [ 4899379571 ],
  ,,,,,,,,,, [ 4692026023 ],,,,,,,, [ 1405067071 ],,,, [ 2335144879, 55119756781 ],,,,,,, 
  [ 2726521661, 21281410561 ],,,, [ 7075062523 ],,,,,,,,,,,,,,,, [ 25162022341 ], 
  [ 19790654711 ],,,,,,,, [ 1668078523 ],,,, [ 1282893419 ],,,,,,,,,, [ 1246196153 ], 
  [ 1260370219 ],,, [ 32056196041 ],, [ 209223337591 ],,,,,,,, [ 1132322101, 13756138511 ],,,
  ,,, [ 360832165193 ],, [ 498800373751 ],,,,,,,,,, [ 4629065341 ],,,, [ 750742653569 ],,,,,
  , [ 9844679011 ],, [ 240479937697 ],, [ 12994053538237 ],, [ 4436634113, 5155533749 ],,,,,,
  ,,,, [ 23006123407 ],,,,,,,,, [ 46526426510761 ], [ 1348410953 ],,,,,,,, 
  [ 3263060737, 6373248769 ],, [ 445179712987 ], [ 2063348503 ],,,,,,,,,,,,,,,,,,,,, 
  [ 1246157449 ],,, [ 2940747643 ],,,,,,,,,,,,,,,,,,,,,,,,,,,,, [ 5169504481 ],,,,,,,,,,,,,,,
  ,,,,,,,,, [ 82580115041 ],,,,,, [ 191652032651 ],,,, [ 1421293464991, 190866058539031 ],,,,
  ,, [ 53165745601 ],,,, [ 221893532009 ],,,,,,,,,, [ 90189861967 ],,,,,,,, [ 3995115643 ],,
  , [ 4149936451 ],,,,,,, [ 3410899786753 ], [ 871237242349 ],,,,,,,,,,,,,,,,,,,,,,,,,,,,,, 
  [ 204373099753 ], [ 1031193857 ],,,,,,,,,,,,,,,, [ 52329612001 ],, [ 7914795197 ],,,, 
  [ 14140910271181 ], [ 4960828849 ],,,,,,, [ 7933451411 ],,,,,,,,,,,,,,,,, [ 5598641107 ],,
  , [ 2384549113 ],, [ 1777984237 ],,,,,,,,, [ 106322533351 ],,,,,,,,,,,,,,, [ 35312588761 ],
  ,,,,,,,,,,,,,,,,,,,,, [ 4592971699 ],,,,,,,,,,,,,,, [ 6263991211 ],,,,,,,,, 
  [ 13279164307 ],,,,,,,,,,,,,, [ 164093724601 ],,,,,, [ 401934997549 ],,,,,, 
  [ 52553583661 ],,,,,,,, [ 1722946061, 17132449861 ],,,,, [ 7268331001 ],,,,,,, 
  [ 1718461753 ],,,,,,,, [ 1944713761 ],,,,,,,,,,,,,,,,,,,, [ 7886067154001 ],,,,,, 
  [ 2496095821 ],,,,,,, [ 10335918979 ],,, [ 16246978093 ],,,,,, [ 8820851257 ],,, 
  [ 8829767491 ],,,,, [ 1317435571 ],,,, [ 3588723199 ],,,, [ 9512246869 ],,,,,,,, 
  [ 2160286393, 8073843493 ],,,,,,,,,,,,,,,,,,,,,,,,,,,,,,,,,,,,,,,,,,,,,,,, [ 801425316187 ]
   ,,,,,,,,,, [ 33325476137 ],,,,,,,,,, [ 1072411757 ],,,,,,,,,,,,,, [ 32159164589 ],,,,,,,,,
  ,,, [ 10086420401 ],, [ 28289911057 ],,,, [ 2941201499 ],,,,,,,,,,,,,, [ 11117818981 ],, 
  [ 1876505833 ],, [ 1061341097 ],, [ 186037459291 ],,,,,,,,,,,,,,,,,,,,,,,, 
  [ 184590128271966437851 ],,,, [ 116102184103 ],, [ 6264199033 ],,,, [ 1545552581 ],,,,,,,,,
  ,,,,, [ 393472698187 ],,, [ 1197861967 ],,, [ 2569443841 ],,,,,,,,, [ 35824790269 ],,,,,,,,
  ,,, [ 40518457801 ],,,,,,, [ 1346045653 ],,,,,,,,, [ 9882143209 ],,,, [ 17232158081 ],,,,,,
  ,,,, [ 21284290591 ],,,,,,,,,, [ 4344646741 ],,,,,,,,,,,,,, [ 56153646487 ],,,, 
  [ 348583732243 ],,,,,,,,,,,,,,,,,,,,,, [ 38659709861 ],,,,,,,,,,,,,,,,,, [ 872485817759 ],,
  ,,,,,, [ 2624057641 ],,, [ 1912971751 ],,,,,,,,, [ 33602122273 ],,,,,,,,,,,,,,,,,,,,,,,,,,,
  ,,,,,,,,, [ 1801844731 ],,,,,,,,,,,,,, [ 169282821241 ],,,,,,,,,,,,,,,,,,, 
  [ 1847106715483 ],,,,,,,,,,,,,,,,,,,,,,,, [ 7502070727 ],,, [ 20807374321 ],, 
  [ 10966425473 ],, [ 12192069079 ],,,, [ 2440133347 ],,,,,,,,,,,,,, [ 5477384641 ],,,,,,,, 
  [ 1318216321 ],,,,,,,,,,,,,,,,,,,,,,,,,,,,,,,,,,,,,, [ 25667606183 ],,,,,,,,,,,,,,,,,,,,,,,
  ,,, [ 18458735761 ],,,,,,,,,, [ 2555352659 ],,,, [ 1492617277 ],,,, [ 2473890361 ],,,,,,,,,
  ,,,,, [ 228942926383681 ],,,,,,,,,,,, [ 16621267933 ],,,, [ 6261867569 ],,,,,,,,,,,,,, 
  [ 66191415211 ],,,,,,,,,, [ 1507540481 ],,,,, [ 124397227531 ],,,,,,,,,,,,, 
  [ 36109096229 ],,,,,,,,,,,,,, [ 1464930721 ],, [ 2834371409 ],,,,,,,, [ 342926465597 ],,,,,
  ,,,,, [ 1109992493 ],,,, [ 8715406753 ],,,,,, [ 1275407461 ],,,,,,,,,, [ 1493647849 ],,,,,,
  ,,,,,,,,,, [ 25525927177 ],,,,,,, [ 8021443501 ], [ 3250672753 ],, [ 1154789569 ],,,,,,,,,,
  ,,,,,,,,,,,,,, [ 1437179336209 ],,,,,,,,,,,,,,,,,,,,,,,,,,,,,,,,,,,,,,,,,,,,,,,,,,,,,,,, 
  [ 34252759087 ],,,,,,,,,,,,,,,, [ 60317245099 ],,,,,, [ 1064013481 ],,,, [ 746633198897 ],,
  ,,,,,, [ 5993438329 ],,,,,,,,,,,, [ 10983564817 ],,,,,,,,,,,,,,,,,,,,,,,,,, 
  [ 15227558681 ],,,, [ 18561165247 ],,,, [ 90934479127 ],, [ 7039066981 ],,,,,,,, 
  [ 133538279309 ],,,,,,,,,,,,,,,,,,,,,,,,,,,,,, [ 1739702317, 3239302943 ],,,,,,,,,, 
  [ 1720090789 ],, [ 1007620252351 ],,,,,,,,,,,,,,,, [ 5829448783 ],,,,,,,,,, 
  [ 8470525872577 ],, [ 1392291140797 ],,,,,,,, [ 1698719359, 111668544121 ],,,,,,,,,,,,,,,,,
  ,,,,,,,,,,,,,,,,,,,,,,,,,,,,,,,,,,,,,,,,, [ 1508052769 ],,,,,,,, [ 8637592757 ],,,,,,,,,,,,
  ,,,, [ 9919849249 ],,,, [ 2188758529 ],,,,,,,,,,,,,,,,,, [ 670504900711 ],,,,,,,, 
  [ 587891482921 ],,,,,, [ 30989660833 ],,,,,,,,,,,,,,,,,,,,,, [ 42533561771 ],,,,,,,,,,,,,,,
  , [ 154136714791 ],,,,,,,, [ 5775755341 ],,,, [ 5392275617 ],,,,,,,, 
  [ 26239240663, 2833017037043 ],,,, [ 19017603859 ],,,,,, [ 1687290313, 18783355537 ],,,,,,,
  ,,,,,,,,,,,,,,,,,,,,,,,,,,, [ 7589469487 ],,,,,,,,,,,,,,,,,,,,,, [ 7782489345017 ],,,,,, 
  [ 1638322349 ],,,,,,,,,,,,,,,,,,,,,,,,,,,,,,,,,,,,,,,, [ 1308066629 ],,,,,,,,,, 
  [ 1601062633 ],,, [ 385000747363 ],,,,,,,,,,, [ 68415685229 ],, [ 3259037981 ],, 
  [ 10803524041 ],,,,,,,, [ 10770275401 ],,,, [ 1873879681 ],,,, [ 204568731293 ],,,,,,,,,,,,
  ,, [ 15485906497 ],,,,,,,,,, [ 250067127179 ],,,,,,,, [ 8310942571 ],,,, [ 1177698799 ],,,,
  ,,,,,,,,,,,,,,,,,,,,,,,,,,,,,,,, [ 6716119931 ],, [ 1622238913 ],,,,,,,,,,,,,,,,,,,,,,,,,,,
  , [ 3731639381 ],, [ 4036056007 ],,,,,,,,,,,,,,,,,,,,,,,,,,,,,,,,,,,,,,,,,,,,,,,,,,,,,,,,,,
  ,,,,,,,, [ 5983061281, 589588857899137 ],,,,,,,,,,,,,,,,,,,,,, [ 37191490882801 ],,,,,,,,,,
  ,,,,,,,,,, [ 26097661441 ],,,,,,,,,,,,,,,,,, [ 31048047913 ],,,,,,,,,,,,,,,,,,,,,,,,,,,,,,,
  ,,,,,,,,,,,,,,,,,,,,,,, [ 1453525543, 2196545779, 590926562647 ],,,,,,,,,,,,,,,,,,,,,, 
  [ 38743891118921, 429226075128553 ],, [ 4735392247 ],,,,,,,,,,,, [ 17952430213 ],,,,,,,,,,,
  ,,,,, [ 5452615669 ],,,,,, [ 1212578501 ],,,,,,,,,,,,,,,,,,,,,,,,,,,,,,,,,,,,,, 
  [ 71701834627 ],,,, [ 1098096143 ],,,,,,,,,,,,,, [ 3835897957 ],,,,,,,,,,,,,,,,,,,,,,,,,, 
  [ 1550487443 ],,,,,,,,,, [ 1173327193, 53612789065245793 ],,,,,,,,,,,,,,,,,,,,,,,,,,,,,,,,,
  ,,,,, [ 2489810621 ],,,, [ 11455434097 ],,,,,,,,,,,, [ 217051652611 ],,,, 
  [ 2083739201, 515785184351 ],, [ 2669722661677 ],,,,,, [ 1060745437 ],,,,,, 
  [ 11940642001 ],,,,,,,,,,,,,,,,,,,,,,,,,,,,,,,,,,,,,,,,,, [ 2666745427, 5095952557 ],,,,,,,
  ,,,,,,,,, [ 33683876059 ],, [ 492328810429 ],,,,,,,,,,,,,,,,,,,,,,,,,,,,,,,,,,,,,,,,,,,,,,,
  ,,,,,,,,,,,,, [ 5504581801 ],,,,,,,, [ 17387979953 ],,,,,,,,,,,,,, [ 579005152321 ],,,,,,,
  , [ 21424758337 ],,,,,, [ 59371185721 ],,,,,,,,,,,,,,,,,,,,,,,,,,,,,,,,,,,,,,,,,,,,,,,,,, 
  [ 48342415651 ],,,, [ 468216267361 ],,,,,,,,,,,,,,,,,,,,,,,,,,,,,,,,,,,,,,,,,,,,,,,, 
  [ 4252458487 ],,,,,,,,,,,,,,,,,,,,,,,,,,,, [ 14961445501 ],,,,,,,,,,,,,, [ 1876525309 ],,,,
  ,,,,,,,,,,,,,,,,,,,,,,,,,,,,,,,, [ 1607126401 ],,,,,,,,,,,,,,,,,,,,,,,,,, [ 1449431189 ],,,
  ,,,,,,,,,,,,,,,,,,,,,,,,,,,,,,,,,,,,,,,,,,,,,,,,,,,,,,,,,,,,, [ 752057457091 ],,,,,,,,,,,,,
  ,,,,,,,,,,, [ 39043538353 ],,,,,, [ 846706342201 ],,,,,,,,,,,,,,,,,,,,,,,,,,,,,,,,,,,,,,,,,
  ,,,,,,,,, [ 65274921391 ],,,,,,,,,, [ 21311785501 ],,,,,,,,,,,, [ 4222258561 ],,,,,, 
  [ 8329052047 ],,,,,,,,,,,,,,,,,,,,,,,,,,,,,,,,,,,,,,,,,,,,,,,,,,,,,,,,,,,,,,,,,,,,,,,,,,,,,
  ,,,,,,, [ 13380565507 ],,,,,, [ 51914426017 ],,,,,, [ 69304461617161 ],,,,,,,,,,,,,,,, 
  [ 282958416371 ],,,,,,,,,,,,,,,,,,,,,,,,,,,,,,,,,,,,,,,,,,,, [ 2146831699 ],,,,,,,,,,,,,,,,
  ,,,,,,,,,,,,,, [ 1174205325889 ],,,,,,,,,,,,,,,,,,,,,,,,,,,,,,,,,,,,,,,,,,,,,,,, 
  [ 310570709041 ],,,,,,,,,,,, [ 1088759281 ],,,,,,,,,,,,,,,,,,,,,,,,,,,,,,,,,,,,,,,,,,,,,,,
  , [ 5050568377 ],,,,,,,,,,,,,,,,,,,,,,,,,,,,,,,,,,,,,,,,,,,,,,,,,,,,,,,,,,,,,,,,,, 
  [ 226462379971 ],,,,,,,,,,,,,,,,,,,,,,,,,,,,,,,, [ 3840504361 ],,,,,,,,,,,,,,,,,,,,,, 
  [ 3151115353 ],,,,,, [ 1374096907 ],,,,,, [ 5403025393 ],,,,,,,,,,,,,,,,,,,,,,,, 
  [ 88118343673 ],,,,,, [ 1776585961, 7743807361 ],,,,,,,,,,,,,,,,,,,,,,,,,,,,,, 
  [ 19891799103901 ],,,,,,,,,,,,,,,, [ 2207139001 ],,,,,,,,,, [ 2863965761, 3969492161 ],,,,,
  ,,,,,,,,,,,,,,,,,,,,,,,,,,,,,,,,,,, [ 14166486001 ],,,,,,,,,,,,,,,,,,,,,,,, 
  [ 45239548303 ],,,,,,,,,,,, [ 21346737007 ],,,,,,,,,,,,,,,,,,,,,,,,,,,,,,,,,,,,,,,,,, 
  [ 1536764797 ],,,,,, [ 1056335563 ],,,,,,,,,,,,,,,,,,,,,,,, [ 12258775567 ],,,,,,,,,,,,,,,,
  ,,,,,,,, [ 33031187647 ],,,,,,,,,,,,,,,,,,,,,,,,,,,,,,,,,,,, [ 1075853137 ],,,,,,,,,,,,,,,,
  ,,,,,,,,,,,,,, [ 418756463149 ],,,,,,,,,,,,,,,,,,,,,,,,,,,,,,,,,,,,,,,,,,,,,,,,,,,,,,,,,,,,
  ,,,,,,,,,,,,,,,,,,,,,,,,,,,,,,,,,,,, [ 3180263893 ],,,,,,,,,,,,,,,,,,,,,,,,,,,,,,,,,,,,,,,,
  ,,,,,,,, [ 262133477377 ],,,,,,,,,,,,,,,,,,,,,,,,,,,,,, [ 6368335219 ],,,,,,,,,,,,,,,,,,,,,
  ,,,,,,,,,,,,,,,,,,,,,,,,,,,,,,,,,,,,,,,,,,,,,,,,,,,,,,,,,,,,,,,,,,,,,,,,,,,,,,,,,,,,,,,,,,,
  ,,,,,,,,,,,,,,,,,,,,,,,,,,,,,,,,,,,,,,,,,,,,,,,,,,,,,,,,,,,,,,,,,,,,,,,,,,,,,,,,,,,,,,,,,,,
  ,,,,,,,,,,,,,,,,,,,,,,,,,,,,,,,,,,,,,,,,,,,,,,,,, [ 8009857423 ],,,,,, [ 10872084661 ],,,,,
  ,,,,,,,,,,,,,,,,,,, [ 6185443837 ],,,,,,,,,,,,,,,,,, [ 63749933803 ],,,,,,,,,,,,,,,,,,,,,,,
  ,,,,,,,,,,,,,,,,,,,,,,,,,,,,,,,,,,,,,,,,,,,,,,,,,,,,,,,,,,,,,,,,,,,,,,,,,,,,,,,,,,,,,,,,,,
  , [ 1568286721 ],,,,,,,,,, [ 2778119274253 ],,,,,,,,,,,,,, [ 12616834441 ],,,,,,,,,,,,,,,,,
  ,,,,,,, [ 15823267489 ],,,,,,,,,,,,,,,,,,,,,,,,,,,,,,,,,,,,,,,,,, [ 1287494083 ],,,,,,,,,,,
  ,,,,,,,,,,,,,,,,,,,,,,,,,,,,,,,,,,,,,,,,,,,,,,,,,,,,,,,,,,,,,,,,,,,,,,,,, [ 1531047841 ],,,
  ,,,,,,,,,,,,,,,,,,,,,,,,,,, [ 32266214881 ],,,,,,,,,,,,,,,,,,,,,,,,,,,,,,,,,,,,,,,,,,,,,,,,
  ,,,,,,,,,,,,,,,,,,,,,,,,,,,,,,,,,,,,,,,,,,,,,,,,,,,,,,,,,,,,,,,,,,,,,,,,,,,,,,,,,,,,,,,,,, 
  [ 24360382369 ],,,,,,,,,,,,,,,,,,,,,,,,,,,,,,,,,,,,,,,,,, [ 3991646401 ],,,,,,,,,,,,,,,,,,,
  ,,,,,,,,,,,,,,,,,,,,,,,,,,,,,,,,,,,,,,,,,,,,,,,,,,,,,,,,,,,,,,,,,,,,,,,,,,,,,,,,,,,,,,,,,,,
  ,,,,,,,,,,,,,,,,,,,,,,,,,,,,,,,,,,,,,,,, [ 7497540151 ],,,,,,,,,,,,,,,,,,,,,,,,,,,,,, 
  [ 2530878601, 6456523201 ],,,,,,,,,,,,,,,,,,,,,,,,,,,,,,,,,,,,,,,,,,,,,,,,,,,,,,,,,,,,,,,,,
  ,,,,,,, [ 13261078657 ],,,,,,,,,,,,,,,,,,,,,,,,,,,,,,,,,,,,,,,,,,,,,,,,,,,,,,,,,,,,,,,,,,,,
  ,,,,,,,,,, [ 1127915401 ],,,,,,,,,,,,,,,,,,,,,,,,,,,,,,,,,,,,,,,,,,,,,,,,,,,,,,,, 
  [ 52657144123, 65624521117 ],,,,,,,,,,,,,,,,,,,,,,,,,,,,,,,,,,,,,,,,,,,,,,,,,,,,,,,,,,,,,,,
  ,,,,,,,,,,,,, [ 2429045767 ],,,,,,,,,,,,,,,,,, [ 2352952801 ],,,,,,,,,,,,,,,,,,,,,,,,,,,,,,
  ,,,,,,,,,,,,,,,,,,,,,,,,,,,,,,,,,,,,,,,,,,,,,,,,,,,,,,,,,,,,,,,,,,,,,,,,,,,,,,,,,,,,,,,,,, 
  [ 251573738041 ],,,,,,,,,,,,,, [ 2540460931 ],,,,,,,,,,,,,,,, [ 2437950901 ],,,,,,,,,,,,,,,
  ,,,,,,,,,,,,,,,,,,,,,,,,,,,,,,,,,,,,,,,,,,,,,,,,,,,,,,,,,,,,,,,,,,,,,,,,,,, 
  [ 100673787121 ],,,,,,,,,,,,,,,,,,,,,,,,,,,,,,,,,,,,,,,,,,,,,,,,,,,,,,,,,,,,,,,,,,,,,,,,,,,
  ,,,,,,,,,,,,,,,,,,,,,,,,,,,,,,,,,,,,,,,,,,,,,,, [ 4446682861 ],,,,,,,,,,,,,,,,,,,,,,,,,,,, 
  [ 2739610501 ],,,,,,,,,,,,,,,,,,,,,,,,,,,,,,,,,,,,,,,,,,,,,,,,,,,,,,,,,,,,,,,,,,,,,,,,,,,,,
  ,,,,,,,,,,,,,,,,,,,,,,,,,,,,,,,,,,,,,,,,,,,,,,,,,,,,,,,,,,,,,,,,,,,,,,,,,,,,,,,,,,,,,,,,,,,
  ,,,,,,,,,,,, [ 1642352671 ],,,,,,,,,,,,,,,,,,,,,,,,,,,,,,,,,,,,,,,,,,,,,,,,,,,,,,,,,,,,,,,,
  ,,,,,,,,,,,,,,,,,,,,,,,,,,,,,,,, [ 21964247533 ],,,,,,,,,,,,,,,,,,,,,,,,,,,,,,,,,,,,,,,,,,,
  ,,,,,,,,,,,,,,,,,,,,,,,,,,,,,,,,,,,,,,,,,,,,,,,,,,,,,,,,,,,,,,,,,,,,,,,,,,,,,,,,,,,,,,,,,,,
  ,,,,,,,,,,,,,,,,,,,,,,,,,,,,,,,,,,,,,,,,,,,,,,,,,,,,,,,,,,,,,,,,,,,,,,,,,,,,,,,,,,,,,,,,,,,
  ,,, [ 9900168007 ],,,,,,,,,,,,,,,,,,,,,,,,,,,,,,,,,,,,,,,,,,,,,,,,,,,,,,,,,,,,,,,,,,,,,,,,,
  ,,,,,,,,,,,,,,,,,,,,,,,,,,,,,,,,,,,,,,,,,,,,,,,,,,,,,,,,,,,,,,,,,,,,,,,,,,,,,,,,,,, 
  [ 69830054251 ],,,,,,,,,,,,,,,,,,,,,,,,,,,,,,,,,,,,,,,,,,,,,,,,,,,,,,,,,,,,,,,,,,,,,,,, 
  [ 12747248467, 31936290829 ],,,,,,,,,,,,,,,,,,,,,,,,,,,,,,,,,,,,,,,,,,,,,,,,,,,,,,,,,,,,,,,
  ,,,,,,,,,,,,,,, [ 1383597601 ],,,,,,,,,,,,,,,,,,,,,,,,,,,,,,,,,,,,,,,,,,,,,,,,,,,,,,,,,,,,,
  ,,,,,,,,,,,,,,,,,,,,,,,,,,,,,,,,,,,,,,,,,,,,,,,,,,,,,,,,,,,,,,,,,,,,,,,,,,,,,,,,,,,,,,,,,,,
  ,,,,,,,,,,,,,,,,,,,,,,,,,,,,,,,,,,,,,,,,,,,,,,,,,,,,,,,,,,,,,,,,,,,,,,,,,,,,,,,,,,,,,,,,,,,
  ,,,,,,,,,,,,,,,,,,,,,,,,,,,,,,,,,,,,,,,,,,,,,,,,,,,,,,,,,,,,,,,,,,,,,,,,,,,,,,,,,,,,,,,,,,,
  ,,,,,,,,,,,,,,,,,,,,,,,,,,,,,,,,,,,,,,,,,,,, [ 6947119873 ],,,,,,,,,,,,,,,,,,,,,,,,,,,,,,,,
  ,,,,,,,,,,,,,,,,,,,,,,,,,,,,,,,,,,,,,,,,,,,,,,,,,,,,,,,,,,,,,,,,,,,,,,,,,,,,,,,,,,,,,,,,,,,
  ,,,,,,,,,,,,,,,,,,,,,,,,,,,,,,,,,,,,,,,,,,,,,,,,,,,,,,,,,,,,,,,,,,,,,,,,,,,,,,,,,,,,,,,,,,,
  ,,,,,,,,,,,,,,,,,,,,,,,,,,,,,,,,,,,,,,,,,,,,,,,,,,,,,,,,,,,,,,,,,,,,,,,,,,,,,,,,,,,,,,,,,,,
  ,,,,,,,,,,,,,,,,,,,,,,,,,,,,,,,,,,,,,,,,,,,,,,,,,,,,,,,,,,,,,,,,,,,,,,,,,,,,,,,,,,,,,,,,,,,
  ,,,,,,,,,,,,,,,,,,,,,,,,,,,,,,,,,,,,,,,,,,,,,,,,,,,,,,,,,,,,,,,,,, 
  [ 13771619401, 16285333681 ],,,,,,,,,,,,,,,,,,,,,,,,,,,,,,,,,,,,,,,,,,,,,,,,,,,,,,,,,,,,,,,
  ,,,,,,,,,,,,,,,,,,,,,,,,,,,,,,,,,,,,,,,,,,,,,,,,,,,,,,,,,,,,,,,,,,,,,,,,,,,,,,,,,,,,,,,,,,,
  ,,,,,,,,,,,,,,,,,,,,,,,,,,,,,,,,,,,,,,,,,,,,,,,,,,,,,,,,,,,,,,,,,,,, [ 3019324201 ],,,,,,,,
  ,,,,,,,,,,,,,,,,,,,,,,,,,,,,,,,,,,,,,,,,,,,,,,,,,,,,,,,,,,,,,,,,,,,,,,,,,,,,,,,,,,,,,,,,,,,
  ,,,,,,,,,,,,,,,,,,,,,,,,,,,,,,,,,,,,,,,,,,,,,,,,,,,,,,,,,,,,,,,,,,,,,,,,,,,,,,,,,,,,,,,,,,,
  ,,,,,,,,,,,,,,,,,,,,,,,,,,,,,,,,,,,,,, [ 4037997421 ],,,,,,,,,,,,,,,,,,,,,,,,,,,,,,,,,,,,,,
  ,,,,,,,,,,,,,,,,,,,,,,,,,,,,,,,,,,,,,,,,,,,,,,,,,,,,,,,,,,,,,,,,,,,,,,,,,,,,,,,,,,,,,,,,,,,
  ,,,,,,,,,,,,,,,,,,,,,,,,,,,,,,,,,,,,,,,,,,,,,,,,,,,,,,,,,,,,,,,,,,,,,,,,,,,,,,,,,,,,,,,,,,,
  ,,,,,,,,,,,,,,,,,,,,,,,,,,,,,,,,,,,,,,,,,,,,,,,,,,,,,,,,,,,,,,,,,,,,,,,,,,,,,,,,,,,,,,,,,,,
  ,,,,,,,,,,,,,,,,,,,,,,,,,,,,,,,,,,,,,,,,,,,,,,,,,,,,,,,,,,,,,,,,,,,,, [ 37947344921 ],,,,,,
  ,,,,,,,,,,,,,,,,,,,,,,,,,,,,,,,,,,,,,,,,,,,,,,,,,,,,,,,,,,,,,,,,,,,,,,,,,,,,,,,,,,,,,,,,,,,
  ,,,,,,,,,,,,,,,,,,,,,,,,,,,,,,,,,,,,,,,,,,,,,,,,,,,,,,,,,,,,,,,,,,,,,,,,,,,,,,,,,,,,,,,,,,,
  ,,,,,,,,,,,,,,,,,,,,,,,,,,,,,,,,,,,,,,,,,,,,,,,,,,,,,,,,,,,,,,,,,,,,,,,,,,,,,,,,,,,,,,,,,,,
  ,,,,,,,,,,,,,,,,,,,,,,,,, [ 3122874847 ],,,,,,,,,,,,,,,,,,,,,,,,,,,,,,,,,,,,,,,,,,,,,,,,,,,
  ,,,,,,,,,,,,,,,,,,,,,,,,,,,,,,,,,,,,,,,,,,,,,,,,,,,,,,,,,,,,,,,,,,,,,,,,,,,,,,,,,,,,,,,,,,,
  ,,,,,,,,,,,,,,,,,,,,,,,,,,,,,,,,,,,,,,,,,,,,,,,,,,,,,,,,,,,,,,,,,,,,,,,,,,,,,,,,,,,,,,,,,,,
  ,,,,,,,,,,,,,,,,,,,,,,,,,,,,,,,,,,,,,,,,,,,,,,,,,,,,,,,,,,,,,,,,,,,,,,,,,,,,,,,,,,,,,,,,,,,
  ,,,,,,,,,,,,,,,,,,,,,,,,,,,,,,,,,,,,,,,,,,,,,,,,,,,,,,,,,,,,,,,,,,,,,,,,,,,,,,,,,,,,,,,,,,,
  ,,,,,,,,,,,,,,,,,,,,,,,,,,,,,,,,,,,,,,,,,,,,,,,,,,,,,,,,,,,,,,,,,,,,,,,,,,,,,,,,,,,,,,,,,,,
  ,,,,,,,,,,,,,,,,,,,,,,,,,,,,,,,,,,,,,,,,,,,,,,,,,,,,,,,,,,,,,,,,,,,,,,,,,,,,,,,,,,,,,,,,,,,
  ,,,,,,,,,,,,,,,,,,,,,,,,,,,,,,,,,,,,,,,,,,,,,,,,,,,,,,,,,,,,,,,,,,,,,,,,,,,,,,,,,,,,,,,,,,,
  ,,,,,,,,,,,,,,,,,,,,,,,,,,,,,,,,,,,,,,,,,,,,,,,,,,,,,,,,,,,,,,,,,,,,,,,,,,,,,,,,,,,,,,,,,,,
  ,,,,,,,,,,,,,,,,,,,,,,,,,,,,,,,,,,,,,,,,,,,,,,,,,,,,,,,,,,,,,,,,,,,,,,,,,,,,,,,,,,,,,,,,,,,
  ,,,,,,,,,,,,,,,,,,,,,,,,,,,,,,,,,,,,,,,,,, [ 12652475023, 149962138129 ],,,,,,,,,,,,,,,,,,,
  ,,,,,,,,,,,,,,,,,,,,,,,,,,,,,,,,,,,,,,,,,,,,,,,,,,,,,,,,,,,,,,,,,,,,,,,,,,,,,,,,,,,,,,,,,,,
  ,,,,,,,,,,,,,,,,,,,,,,,,,,,,,,,,,,,,,,,,,,,,,,,,,,,,,,,,,,,,,,,,,,,,,,,,,,,,,,,,,,,,,,,,,,,
  ,,,,,,,,,,,,,,,,,,,,,,,,,,,,,,,,,,,,,,,,,,,,,,,,,,,,,,,,,,,,,,,,,,,,,,,,,,,,,,,,,,,,,,,,,,,
  ,,,,,,,,,,,,,,,,,,,,,,,,,,,,,,,,,,,,,,,,,,,,,,,,,,,,,,,,,,,,,,,,,,,,,,,,,,,,,,,,,,,,,,,,,,,
  ,,,,,,,,,,,,,,,,,,,,,,,,,,,,,,,,,,,,,,,,,,,,,,,,,,,,,,,,,,,,,,,,,,,,,,,,,,,,,,,,,,,,,,,,,,,
  ,,,,,,,,,,,,,,,,,,,,,,,,,,,,,,,,,,,,,,,,,,,,,,,,,,,,,,,,,,,,,,,,,,,,,,,,,,,,,,,,,,,,,,,,,,,
  ,,,,,,,,,,,,,,,,,,,,,,,,,,,,,,,,,,,,,,,,,,,,,,,,,,,,,,,,,,,,,,,,,,,,,,,,,,,,,,,,,,,,,,,,,,,
  ,,,,,,,,,,,,,,,,,,,,,,,,,,,, [ 11654554591 ],,,,,,,,,,,,,,,,,,,,,,,,,,,,,,,,,,,,,,,,,,,,,,,
  ,,,,,,,,,,,,,,,,,,,,,,,,,,,,,,,,,,,,,,,,,,,,,,,,,,,,,,,,,,,,,,,,,,,,,,,,,,,,,,,,,,,,,,,,,,,
  ,,,,,,,,,,,,,,,,,,,,,,,,,,,,,,,,,,,,,,,,,,,,,,,,,,,,,,,,,,,,,,,,,,,,,,,,,,,,,,,,,,,,,,,,,,,
  ,,,,,,,,,,,,,,,,,,,,,,,,,,,,,,,,,,,,,,,,,,,,,,,,,,,,,,,,,,,,,,,,,,,,,,,,,,,,,,,,,,,,,,,,,,,
  ,,,,,,,,,,,,,,,,,,,,,,,,,,,,,,,,,,,,,,,,,,,,,,,,,,,,,,,,,,,,,,,,,,,,,,,,,,,,,,,,,,,,,,,,,,,
  ,,,,,,,,,,,,,,,,,,,,,,,,,,,,,,,,,,,,,,,,,,,,,,,,,,,,,,,,,,,,,,,,,,,,,,,,,,,,,,,,,,,,,,,,,,,
  ,,,,,,,,,,,,,,,,,,,,,,,,,,,,,,,,,,,,,,,,,,,,,,,,,,,,,,,,,,,,,,,,,,,,,,,,,,,,,,,,,,,,,,,,,,,
  ,,,,,,,,,,,,,,,,,,,,,,,,,,,,,,,,,,,,,,,,,,,,,,,,,,,,,,,,,,,,,,,,,,,,,,,,,,,,,,,,,,,,,,,,,,
  , [ 15686531101 ],,,,,,,,,,,,,,,,,,,,,,,,,,,,,,,,,,,,,,,,,,,,,,,,,,,,,,,,,,,,,,,,,,,,,,,,,,
  ,,,,,,,,,,,,,,,,,,,,,,,,,,,,,,,,,,,,,,,,,,,,,,,,,,,,,,,,,,,,,,,,,,,,,,,,,,,,,,,,,,,,,,,,,,,
  ,,,,,,,,,,,,,,,,,,,,,,,,,,,,,,,,,,,,,,,,,,,,,,,,,,,,,,,,,,,,,,,,,,,,,,,,,,,,,,,,,,,,,,,,,,,
  ,,,,,,,,,,,,,,,,,,,,,,,,,,,,,,,,,,,,,,,,,,,,,,,,,,,,,,,,,,,,,,,,,,,,,,,,,,,,,,,,,,,,,,,,,,,
  ,,,,,,,,,,,,,,,,,,,,,,,,,,,,,,,,,,,,,,,,,,,,,,,,,,,,,,,,,,,,,,,,,,,,,,,,,,,,,,,,,,,,,,,,,,,
  ,,,,,,,,,,,,,,,,,,,,,,,,,,,,,,,,,,,,,,,,,,,,,,,,,,,,,,,,,,,,,,,,,,,,,,,,,,,,,,,,,,,,,,,,,,,
  ,,,,,,,,,,,,,,,,,,,,,,,,,,,,,,,,,,,,,,,,,,,,,,,,,,,,,,,,,,,,,,,,,,,,,,,,,,,,,,,,,,,,,,,,,,,
  ,,,,,,,,,,,,,,,,,,,,,,,,,,,,,,,,,,,,,,,,,,,,,,,,,,,,,,,,,,,,,,,,,,,,,,,,,,,,,,,,,,,,,,,,,,,
  ,,,,,,,,,,,,,,,,,,,,,,,,,,,,,,,,,,,,,,,,,,,,,,,,,,,,,,,,,,,,,,,,,,,,,,,,,,,,,,,,,,,,,,,,,,,
  ,,,,,,,,,,,,,,,,,,,,,,,,,,,,,,,,,,,,,,,,,,,,,,,,,,,,,,,,,,,,,,,,,,,,,,,,,,,,,,,,,,,,,,,,,,,
  ,,,,,,,,,,,,,,,,,,, [ 1971207631 ],,,,,,,,,,,,,,,,,,,,,,,,,,,,,,,,,,,,,,,,,,,,,,,,,,,,,,,,,
  ,,,,,,,,,,,,,,,,,,,,,,,,,,,,,,,,,,,,,,,,,,,,,,,,,,,,,,,,,,,,,,,,,,,,,,,,,,,,,,,,,,,,,,,,,,,
  ,,,,,,,,,,,,,,,,,,,,,,,,,,,,,,,,,,,,,,,,,,,,,,,,,,,,,,,,,,,,,,,,,,,,,,,,,,,,,,,,,,,,,,,,,,,
  ,,,,,,,,,,,,,,,,,,,,,,,,,,,,,,,,,,,,,,,,,,,,,,,,,,,,,,,,,,,,,,,,,,,,,,,,,,,,,,,,,,,,,,,,,,,
  ,,,,,,,,,,,,,,,,,,,,,,,,,,,,,,,,,,,,,,,,,,,,,,,,,,,,,,,,,,,,,,,,,,,,,,,,,,,,,,,,,,,,,,,,,,,
  ,,,,,,,,,,,,,,,,,,,,,,,,,,,,,,,,,,,,,,,,,,,,,,,,,,,,,,,,,,,,,,,,,,,,,,,,,,,,,,,,,,,,,,,,,,,
  ,,,,,,,,,,,,,,,,,,,,,,,,,,,,,,,,,,,,,,,,,,,,,,,,,,,,,,,,,,,,,,,,,,,,,,,,,,,,,,,,,,,,,,,,,,,
  ,,,,,,,,,,,,,,,,,,,,,,,,,,,,,,,,,,,,,,,,,,,,,,,,,,,,,,,,,,,,,,,,,,,,,,,,,,,,,,,,,,,,,,,,,,,
  ,,,,,,,,,,,,,,,,,,,,,,,,,,,,,,,,,,,,,,,,,,,,,,,,,,,,,,,,,,,,,,,,,,,,,,,,,,,,,,,,,,,,,,,,,,,
  ,,,,,,,,,,,,,,,,,,,,,,,,,,,,,,,,,,,,,,,,,,,,,,,,,,,,,,,,,,,,,,,,,,,,,,,,,,,,,,,,,,,,,,,,,,,
  ,,,,,,,,,,,,,,,,,,,,,,,,,,,,,,,,,,,,,,,,,,,,,,,,,,,,,,,,,,,,,,,,,,,,,,,,,,,,,,,,,,,,,,,,,,,
  ,,,,,,,,,,,,,,,,,,,,,,,,,,,,,,,,,,,,,,,,,,,,,,,,,,,,,,,,,,,,,,,,,,,,,,,,,,,,,,,,,,,,,,,,,,,
  ,,,,,,,,,,,,,,,,,,,,,,,,,,,,,,,,,,,,,,,,,,,,,,,,,,,,,,,,,,,,,,,,,,,,,,,,,,,,,,,,,,,,,,,,,,,
  ,,,,,,,,,,,,,,,,,,,,,,,,,,,,,,,,,,,,,,,,,,,,,,,,,,,,,,,,,,,,,,,,,,,,,,,,,,,,,,,,,,,,,,,,,,,
  ,,,,,,,,,,,,,,,,,,,,,,,,,,,,,,,,,,,,,,,,,,,,,,,,,,,,,,,,,,,,,,,,,,,,,,,,,,,,,,,,,,,,,,,,,,,
  ,,,,,,,,,,,,,,,,,,,,,,,,,,,,,,,,,,,,,,,,,,,,,,,,,,,,,,,,,,,,,,,,,,,,,,,,,,,,,,,,,,,,,,,,,,,
  ,,,,,,,,,,,,,,,,,,,,,,,,,,,,,,,,,,,,,,,,,,,,,,,,,,,,,,,,,,,,,,,,,,,,,,,,,,,,,,,,,,,,,,,,,,,
  ,,,,,,,,,,,,,,,,,,,,,,,,,,,,,,,,,,,,,,,,,,,,,,,,,,,,,,,,,,,,,,,,,,,,,,,,,,,,,,,,,,,,,,,,,,,
  ,,,,,,,,,,,,,,,,,,,,,,,,,,,,,,,,,,,,,,,,,,,,,,,,,,,,,,,,,,,,,,,,,,,,,,,,,,,,,,,,,,,,,,,,,,,
  ,,,,,,,,,,,,,,,,,,,,,,,,,,,,,,,,,,,,,,,,,,,,,,,,,,,,,,,,,,,,,,,,,,,,,,,,,,,,,,,,,,,,,,,,,,,
  ,,,,,,,,,,,,,,,,,,,,,,,,,,,,,,,,,,,,,, [ 5508804331 ] ]);
