BRENTFACTORS[9752]:=MakeImmutable([ ,,,,,,,,,,,, [ 1606812481 ],,,,,, [ 33974509103 ],,,,,, 
  [ 5153044751 ],, [ 2497649743, 33091084793599669 ],, 
  [ 26101458902675631503526189341959834207238672137796471 ],, 
  [ 2876251487, 78327807078678185354071, 1503323852379439377839183, 
      651658357606612470718569533 ], [ 201371710531969, 7074642804688993 ],, 
  [ 13571146943686147499, 28600452797498411117 ], [ 163987074400305031 ], [ 582637721077 ],,
  , [ 2669644318846818640939 ], [ 234288896521 ], 
  [ 45228432419, 2657448497076324861098845093, 49042412461289037288734429457008470861 ], 
  [ 88642382547307 ], 
  [ 7996201894027, 974282638426191426684712906872041, 
      155860451838194010756520398738857205667 ], [ 112681342348916433846624410659373 ], 
  [ 1133629566661 ],, [ 31192570687899541, 95957919878799927548111 ],, 
  [ 88385215291591, 31966393704834117752147 ], [ 2216581738601, 95152898036051 ], 
  [ 4194179660677, 2107691063332382388247, 714172772131231234385398390267 ], 
  [ 119129166024132457468569923006006981891609149 ], [ 2468184718577, 60697334550929 ], 
  [ 1181620873 ], [ 2175644232124991 ], [ 5797192801652410769785009753 ], 
  [ 10603888297, 35052911190541, 436426172943472511966700375301 ], [ 419180736464202671003 ],
  , [ 516499825081, 4322416407061 ], [ 260838082663, 6792503463088541829715411 ], 
  [ 76969166851, 6769036602547732525723 ], [ 6000004333 ],, [ 29979629864171708363922371 ], 
  [ 50931443728123748402823937 ], [ 32559994021, 3763154145894089 ], 
  [ 1995375145271624896553462471584229404941657195862829 ], [ 7498252276255183 ], 
  [ 715678450022761, 1847132501700942611, 6678175256226856875353521484741 ], 
  [ 42403801728909394049687 ], 
  [ 32877659248913953, 2101979227091645089, 10623654286039534249 ], 
  [ 782739578833, 3105294123473 ], 
  [ 20433783356891276166569967576042183289, 3367589478629767006830563129542982063713 ], 
  [ 3725035351 ], [ 2736455089, 540644449837 ],, [ 213123644059, 8208252330500743 ], 
  [ 2251708087, 15743172720019 ], [ 6568929840835312368241, 353361004730045310523290481 ], 
  [ 303438311353, 1074054433681, 17009346486331 ], 
  [ 5100600427271, 5053415533039980264650901958955751394106533471 ], 
  [ 633160248116780895997 ],,, [ 927203340604373019025749518791 ],, [ 7464677881 ], 
  [ 2358046267859673555721901 ], [ 11314435491893686298109211 ], [ 23200521709 ], 
  [ 100356541793, 2750963186197, 23058493800925449702840265589 ],, [ 1309169021 ], 
  [ 24099848711 ],, [ 270197320945150253 ], [ 3161910313493, 2756074752705160252997 ], 
  [ 2256671150014569819103 ], [ 166127718401, 195849407470070978957188301 ], 
  [ 666772828979, 341088372452700793, 24173516671755755604133, 80650209557874200375476451 ],
  , [ 6730819873457161, 751629939315845039, 2546793293261060582507, 15600796891106824452431 ]
   ,, [ 986483176407527516875978131151 ], [ 458831977690394325071, 7574077769759232477799 ], 
  [ 1311521424006907 ], [ 2073751012006591834796691620161, 66123321459942741842242086267637 ]
    , [ 527723322767, 988183767342514202260301 ], 
  [ 872751495001, 35886137046641292213157789391, 10741890322782694838062078555811 ], 
  [ 22595308741, 173764465153 ], [ 27942847952544449 ], [ 1665499668109 ],,,, 
  [ 563537084293, 1841786558302619917, 555700885949628835651 ], [ 1394415988174193 ], 
  [ 18635262199 ], [ 679904254016919069250230032401 ], [ 2380561300440863 ], 
  [ 12309217296037 ],, [ 56643371210124689 ],, 
  [ 653251221800824613953682582587, 3396019709024438794723432187602114109101810651 ], 
  [ 15862716053 ],, [ 41118068094757909 ],, [ 124894971631, 12297208589300123043649441 ], 
  [ 16109162962993, 3181625340279794101, 51980093235817769221, 
      1547550447892349667930801463742797 ], [ 16432935095543, 65324603698328129 ], 
  [ 78342785081220781721 ], [ 8592829381 ], [ 1128811561, 244297387596273368792977 ],, 
  [ 6657418354644242702053 ], [ 89280789372661489 ],, [ 7030720789, 1065395226757 ],, 
  [ 24076573379, 15798341568341489587 ], [ 20355704353, 57522964194000001 ], 
  [ 16762557671, 2186491964374508171 ], [ 3794009145461, 1574653417665421 ], 
  [ 3075521941433790157, 1771489036784974768171 ],, [ 3062240551 ], 
  [ 28077009901, 69489278387251, 22637182112283451, 582003467188113785517953873401 ],, 
  [ 150977968575907048410313 ], [ 38170850170175875335637 ],, [ 245542721141 ], 
  [ 9141115153, 903955095950242312659073, 6178760719405723271719784503277533, 
      15101605641013655632175538935609881 ], [ 7876526093 ], 
  [ 155760248723, 145124544710830193, 521415388369900391 ], [ 1893427651, 12383278069 ], 
  [ 7908200385671844001 ],, [ 6935957101 ],,, [ 2530699206749809591 ], [ 78692491454939 ],, 
  [ 346831248511946859232668937 ],,,, [ 252923597161, 3026699106190742093 ], 
  [ 14157765709, 2438629371037 ], [ 30871485109621411 ],, 
  [ 12168362449, 66718386247192937347201 ],,, [ 28914325019, 274922044575663839 ],,, 
  [ 4630458379, 20157227025600211 ], [ 36934787887, 1059089956444843 ],,,, 
  [ 6350506537, 115768122516091 ], [ 52105641397, 172862801915758117 ],,, [ 11632333189 ], 
  [ 1853450886401431355161537 ], [ 1266989803 ], [ 170026581533, 894622891577 ],, 
  [ 11726388040949, 43974249595209318953569 ], [ 1421790140299, 652081426442857 ],, 
  [ 2652118699827029 ], [ 2177587669601 ],,, [ 13599536371, 24613231133 ],,, 
  [ 4291499786431413289, 21541437368556401129 ],, 
  [ 7061450449, 3490261883681, 3301892257483249 ], [ 5673197242175766161 ], 
  [ 337945438331596536365611, 8214319737487480725731281 ],, [ 4277308926480181 ], 
  [ 9716212687 ], [ 378000484172965657397 ],, [ 378930513109788793 ], 
  [ 22065301325383, 36371135682967, 230939928817020949, 5852363063168655559 ], 
  [ 10404391171 ],, [ 1907451701, 1392438514501, 1115974730865234235601 ], 
  [ 2164924729501, 6518652667032013 ], [ 10873029880089673, 48417993357153697 ],, 
  [ 188806438995293953 ],, [ 1197751637 ], [ 10390853365157 ],,,,, 
  [ 13718759489, 2549520172649 ],,,, [ 3991237789479130753 ],, 
  [ 1125681929, 211831426530179, 16869102070730469799 ],, 
  [ 12418742881, 258115818420039361, 130136770971841822634401 ], [ 254391816979711 ],, 
  [ 64555939457929 ],,, [ 57818534479 ], [ 13554163598325693773 ], 
  [ 1932057102337, 17015371527377 ],,, [ 51632140595641847921 ], [ 1459483453, 14496901273 ],
  [ 1241427991, 2018748227 ], [ 24918168859 ], [ 15668986363741 ], [ 70031738113 ],, 
  [ 10518553777361011 ],,,,,,,, [ 6365842841, 86536920542059639195237 ], [ 202135597789 ], 
  [ 7705138621393 ],,,,, [ 531115520889021979 ],,,, 
  [ 1643279233, 39088045026517, 12175507358122357, 49527524110513419711726397 ], 
  [ 708295562393 ],, [ 44309562312121 ], [ 327209481649273, 11935901535266539 ], 
  [ 2537716873 ], [ 1662924238541 ], [ 25642449793538499595253 ],, 
  [ 2840632367, 451106998098901 ], [ 761313011003449171 ], 
  [ 29402326279297, 1726623039704833, 14844614780764885566529 ], [ 2814780470669 ], 
  [ 4842786942057443401741 ],,,,, [ 858653645385301 ], 
  [ 2456470184780921, 2259320753269923806369, 1436599516229140070359241 ], [ 36061960868803 ]
   ,, [ 361602286007, 953663058525061 ],, 
  [ 542732473598533, 4583699063430081239, 9991805200717089569 ], [ 306328706762503 ], 
  [ 6792147991 ], [ 568153888719025726723681 ],, [ 1065784680306701263 ],,,,, 
  [ 27325500607 ], [ 678586741861845961, 2525416313439854017 ], [ 1110470097632107 ], 
  [ 1770783155337636159767 ],,, [ 676496334990263 ], [ 1564470961, 34694013280470810967 ], 
  [ 1732330777, 11778956971 ],,,,, [ 2041243771800601 ],, 
  [ 2700938689, 1110787815037, 36425714965104272287 ], [ 109112838763, 6592648407409 ], 
  [ 149135271569, 520347832633 ], [ 7133397083 ], 
  [ 41436590889541, 5944580598249594533462873611 ],,, [ 26563574503 ],,,,,,, [ 19892202181 ],
  [ 44097689659 ], [ 14830738003, 102671511618433789, 111033532082882449 ], [ 294518171767 ],
  [ 460014142391233 ],,,,,,, [ 5185872667 ], [ 596456866903393 ],,,,,,,,,, [ 11815557091589 ]
   ,,,, [ 3881324311279 ],,,,,, [ 642570321529 ],,,, [ 18456945121 ],, [ 484301926881399439 ]
   ,,,, [ 2102350748884027, 587143807240158011 ],,, [ 1942026676591 ], 
  [ 1749620847071, 12911127067538395769 ], [ 466765094773 ],, [ 85009310549 ], 
  [ 890069675431 ], [ 85427973607, 18379101644288813 ], [ 359317312817 ],, 
  [ 339315462032633 ],,, [ 67281843373, 26567582942099, 27612652092511 ],, [ 301257446407 ],
  , [ 25340368139, 34652961427463 ],, [ 59790886247 ],,,, [ 3690667265626969 ], 
  [ 8387726041596289 ], [ 6574042866779, 12999223054687 ], [ 4710791886318932371 ], 
  [ 2738713297 ], [ 21747111453099298961 ], [ 5400684684239489 ],,,,, 
  [ 771374093537332657681 ], [ 63524250986263 ],, [ 1521240505253753 ], 
  [ 125363056811, 184184032789, 2648258894221, 536455169472281 ],,, 
  [ 108047387051, 9015486260401, 65594692702000601 ], [ 109141590643 ],, 
  [ 7344421699525037 ], [ 2725404652543 ],, [ 748547693291 ],, [ 5481070747, 13739018989 ],, 
  [ 13448651401 ], [ 189696293513 ],, [ 42571400803 ],,, [ 7529787740539 ],,,, 
  [ 1620034961, 1075225791060401 ],, [ 58782006391 ], [ 11904355457, 21226422703188021313 ], 
  [ 4488061346390653 ], [ 15655386181051 ], [ 1335838549 ],,, [ 60499634822543923 ], 
  [ 2088815821 ], [ 848107832233, 197163684943921 ],, [ 3005985720171864725833249 ],,, 
  [ 245389653679, 5382322938589 ],,, [ 2160449717249 ], [ 96797928421 ],, [ 2390577671 ], 
  [ 307028661339126169 ],,, [ 11148697476151 ],,,,, [ 82722784272456301 ],,, 
  [ 1897388533730357 ],, [ 2571303827 ],,,,, [ 15164454367 ],,, [ 212167397857603 ], 
  [ 52332611791096421 ],, [ 2152102957, 84240721033635373 ],, [ 48588263153, 38166959733449 ]
   ,, [ 78458160425297 ],, [ 4827539328672721 ],, [ 1822254947501, 132073958215285001 ], 
  [ 2005428739167787 ], [ 93672509989928893 ],, [ 881113747524143890681 ],, 
  [ 253265989394203699 ], [ 12617833511089 ],,, [ 34369312876621, 385129353153691 ], 
  [ 51783964303 ], [ 212749222913 ], [ 3146965254535339 ], [ 27783222886955747 ],,,, 
  [ 2939457083333 ],, [ 21292762858121, 432272641116161, 41100131727734041 ],,,, 
  [ 1490702796986621 ], [ 335806924954151701 ],,,,, [ 69439977781 ],,,,,,, [ 3933596959 ], 
  [ 1047937997310601 ],,,,,, [ 1027372754425057 ],,, [ 3255358913 ], [ 20094785189003197 ],,,
  , [ 10872807631801 ],,, [ 12462365163331 ], [ 212196277799251481 ],, [ 58899057787 ], 
  [ 85880508247 ], [ 15039671568881 ], [ 1957093627963, 232394187555091 ], 
  [ 11563057093415211343 ],, [ 71997654260221 ],, [ 601945004558155243 ], [ 7038658621 ],,,,,
  ,, [ 2082129323, 60968531023, 303160957373 ],,,,,, [ 1607696804873881 ],, 
  [ 13291276591, 48939803821, 105336091537 ],,,, 
  [ 1223449043, 13990937688769, 6188297770635179 ],, [ 1875820549, 909423702013 ],,, 
  [ 1415999359, 23464153861 ],,,,, [ 15463786201 ],,,,,,,,,,,,, [ 36446788897 ], 
  [ 68231768806391 ],,,, [ 5981263772389 ], [ 1684334281951 ],, [ 414290128961 ], 
  [ 89835261001, 7466489580919 ],, [ 264251901281 ],,, [ 14284681027 ], [ 25413776543377 ],,,
  , [ 3098881073 ],, [ 815773943899531 ], [ 1531535437 ], [ 13991483969 ],, [ 6541132063 ],,,
  , [ 677542040561 ],, [ 92402227201, 48326623179521, 8228802338176001 ],,,,,, 
  [ 3899324683911871 ],,,, [ 22149804301 ],, [ 7134671352052397 ],,,, [ 60849015188881 ],,, 
  [ 18884514881 ], [ 647738394745407241 ], [ 2749254997, 7225279124429 ],, [ 6188510953 ],,,
  , [ 3674112139 ],,,, [ 7607836919 ], [ 8949963457, 14168838433 ],,,,,,,, [ 3739887484481 ],
  ,,, [ 1481040577 ], [ 28277030161 ],,,, [ 4411486483 ], [ 5957535211, 7474220071 ],,, 
  [ 4751905159 ], [ 105565986863 ],, [ 1001154290113 ],,,, [ 3889591301 ], [ 19441212943 ],, 
  [ 12304462777 ], [ 1161126913, 1689127483649 ],, [ 96156257163829 ],,,,,, [ 783657859433 ],
  , [ 2420455601761, 207787235484403 ],,,,,, [ 20483028001 ],,,,,,,,,, [ 1369794687486041 ],
  , [ 12944266319141929 ],, [ 7092941669447 ],,,,,,,,,,,,,,,,,,,, [ 23693453213 ],, 
  [ 57479478337, 5953257570457 ],, [ 2485593427 ],,,,,, [ 321482880041 ],, [ 14801941903403 ]
   ,, [ 94751255041 ],, [ 229870476991 ],,,, [ 44544268891 ],,,,,, [ 5912716681 ],,,,,, 
  [ 198908369239 ],,,,,,,,,, [ 183974785193 ],, [ 17396532469, 312586484827 ],, 
  [ 197989939201, 1726935116801 ],,,, [ 2534804682973 ],,, [ 5259109249 ], 
  [ 63271269638835497 ],,,, [ 4809650387557 ],, [ 25826670969397 ],,,,,,,,,,,, 
  [ 2348120587, 10635143670828517 ], [ 8701660921 ], [ 44951334229 ],,, [ 21958900771 ],,,,,,
  , [ 1735526762880149 ],,,,,,,, [ 28430566149439 ],,,, [ 23981747264915793151 ],, 
  [ 4820581069 ],,,,,,,,,, [ 1290910513 ],, [ 1551908161 ],,,, [ 421390350473 ],,,, 
  [ 2129549060497 ],, [ 3930874433, 94668356179 ],, [ 1545892969 ],, [ 284215690729 ],,,,,, 
  [ 9910526190553 ],,,, [ 21283161326209 ],, [ 2589854796901 ],,,, [ 674528755573 ],, 
  [ 2232233473, 183229815553, 189093695617 ],,,, [ 10489193066701 ],,,, 
  [ 8155859977, 74606269337 ],, [ 1514215088293 ],, [ 2437738786169 ],,, [ 1263946909 ], 
  [ 210375295684753 ],, [ 16504748390519 ],, [ 355995228168893 ],,,,,,, [ 49048039093 ], 
  [ 145820484349 ],, [ 3665456177, 167293169096827 ],, [ 9488357433089 ],, 
  [ 4265724079106731 ],, [ 43403324813 ], [ 1131878281 ], [ 22041606101, 45490943539 ],, 
  [ 1423936352593 ], [ 14914932010487 ],,,,, [ 23235404029 ],,,, [ 931525459283 ],,,,,,,, 
  [ 7783649749 ],, [ 46563000053, 1190886035641 ], [ 100119512131 ],,,,,,,,,,,, 
  [ 9434027023 ],,, [ 13080113345449 ],, [ 301707783791 ],, [ 96951938929 ],, 
  [ 3274193389, 779094634819 ],, [ 1763922581 ],,,, [ 3157260904321 ],, [ 20179082587 ], 
  [ 2682067301593 ],, [ 241022197771 ], [ 833373003101761 ],,,, [ 33698550229 ],, 
  [ 1281949609, 14935708878421 ],, [ 1371465743657 ],,,,,, [ 410551792818221 ],,,,,,,,,, 
  [ 5810718889 ],,,, [ 1832691149 ],,,,,,,,,,,,,,,,, [ 1482449131 ], [ 1467346889 ],,,, 
  [ 4824021281 ],, [ 1552365349 ],,,,,,,,,,,, [ 40451884439 ],,,,,,,,,,,,,,, [ 20115137821 ],
  ,,,, [ 2096417929 ],,,,,,,, [ 7884046019, 50056234909 ],,,, [ 1041154717 ],,,, 
  [ 19401496421 ],, [ 1995574309 ],,, [ 11505878941 ],, [ 35776855921 ],,,,,,,,, 
  [ 4988510143 ],,,, [ 607719264631 ],,,,,,, [ 9885648827 ],,,,,,,,,,,,,,, [ 27278744693 ],,,
  , [ 11844033697 ],,,, [ 31639585379821 ],,,,, [ 6818866591 ],,,,,,,,, [ 66424634669 ],,,,, 
  [ 30655079447, 11684001341723 ], [ 9734088961 ],,,,,, [ 1058395691 ], [ 16170092041 ],, 
  [ 63284413529 ],,,,,,,,, [ 2394803321 ],,, [ 3378564647 ],,,,,,,,,, [ 4602309841 ],,,, 
  [ 1651521071, 8359299699431 ],,,,,,,,,,, [ 16938245881 ],,,, [ 1019358451 ],, 
  [ 57209173057 ], [ 244632903091 ],,,,,,, [ 4304136821 ], [ 5672345977 ], [ 162930719069 ],,
  ,,, [ 2431504183 ],,, [ 18492116204911 ],, [ 27091863624673 ],,, [ 1495908571 ], 
  [ 8691743581 ], [ 2319988553 ],,,,,,, [ 61792489237 ],, [ 49068053161 ], [ 22594338133 ],,,
  ,,,, [ 48051383953 ],,, [ 1402623451 ],,,,,,, [ 239448490609 ],,,,,,,,,, [ 15149164577 ],,,
  , [ 11210939342947 ], [ 1290567277 ],,,,,,,,,,,,,,,,,,,,,,,, [ 1974269788349 ],,, 
  [ 554646592273 ],, [ 1454448913 ],, [ 3329883761 ],,,,,,,,, [ 43949863487 ], 
  [ 1801689179147881 ], [ 16260352859483 ],,,,,,,,,,, [ 1384625989 ],,,,,,, [ 22950382339 ],,
  ,,,,,,,,,,,,,,, [ 6273577393 ],,,,,,,,,,,,,,,,,,,,, [ 108636864499 ],,,,,,,, 
  [ 1904261431 ],,, [ 1333811093 ], [ 68113648657 ],,,,,,,,,,, [ 9182073601 ],,, 
  [ 15152534689 ], [ 2998976293 ], [ 99579113671 ], [ 224099509723 ], [ 62786584488307 ],,,,,
  , [ 2440491211 ],, [ 32714188721 ],, [ 338297776753 ],,,,,, [ 7724480838233 ],,,,,,,,,,,, 
  [ 9471548171 ],,,,,,,,,,,,,, [ 11468117947861 ],,,, [ 54120550663 ],, [ 29339708341 ],, 
  [ 6929547367 ],,,, [ 10035194077, 27950157241 ],,,,,,,,,, 
  [ 4028760091, 10858563077, 272373228451 ],, [ 24515463061 ],,,,,,,,,, [ 183938041219 ],,,,,
  ,,, [ 99771869317 ],,,,,,,, [ 260800205209 ],, [ 1721496901 ],,,,,, [ 8071067027 ],, 
  [ 1755555511 ],,,,, [ 1506077239 ],,,,,, [ 225190729921 ],, [ 84735987811 ],, 
  [ 1321231801 ],,, [ 67066456909 ], [ 3273113521 ],, [ 1115934571 ], [ 1045928202391 ], 
  [ 14654217313 ],,,,,,,,,,,,,,,,,,,,,, [ 1714481581 ],,, [ 4789948573 ],,,,,,,,,, 
  [ 1649671787 ], [ 74975520929 ],,,, [ 6748435657 ],,, [ 1608018301 ],,,, [ 4207061195963 ],
  [ 6761709541 ],,,, [ 2172633409 ], [ 15031724731 ], [ 14357634539 ],,, [ 168535092181 ], 
  [ 1211069611 ],,,,,,,,,,,,, [ 147978774539 ],,,,,,,,,,,,,,,,,,,,,,,,,,,,,,,,, 
  [ 3220124077 ],,,,,,,,,,,,,,, [ 5566646983 ],,,,,,,,, [ 104605633721 ],,, [ 1847702348903 ]
   ,,,, [ 367993557329 ],,,,,,,, [ 3580952351 ],,,,,,,,, [ 35932836677 ],,,,,, 
  [ 1085907811 ],,,, [ 67050900071 ],,,,,,,,,,, [ 4798565641 ],, [ 1420835107 ],,,, 
  [ 2242279189 ],,,,,,,,,,,,, [ 842205509549 ],,,,,,,, [ 1777220789 ],, [ 93078725347 ],,,,, 
  [ 48383400539 ],,,, [ 4951444681 ],,,, [ 5507931119 ],,,, [ 15817532429 ],,,, 
  [ 1021673251 ],,,,,,, [ 1751165669917 ],,,,,,,,,,,,,, [ 122103933841 ],, [ 12454248143 ],,,
  ,,,, [ 1582859461 ],,, [ 19844262953161 ],,,, [ 21118202113 ],,, [ 10671252795851 ],, 
  [ 362549594713 ], [ 2137363511 ],,,,,,, [ 9137530921 ],, [ 1200859921 ],,,,, 
  [ 40396340233 ],,,,,,,,,, [ 141265140439351 ],,,, [ 153394225601 ],, [ 4642639237 ],,,,,,,
  , [ 2566788589 ], [ 13191147971 ], [ 3456664109 ],, [ 7615747121 ],, [ 2233515259 ],,,,,,,,
  , [ 4817712463 ],,,,,,,,,,, [ 4898668769 ],,,,,,,, [ 12089022661 ],, [ 7352193889 ],,,,,,,,
  ,,, [ 1810652684569 ],,,,, [ 1432597409 ],,,,,,,,,,, [ 1639315549 ],,,,,,,,,,, 
  [ 2685024521 ],,,,,,,,,, [ 17021141706241 ],,,,, [ 85359007991951 ], [ 4476707731 ],,, 
  [ 236948691853 ],,,,,, [ 1853103061 ],,,,,,,,,,,,,,,,,,,,, [ 2450535481 ],,,,,,,,,,,,,,, 
  [ 4396055329 ],,,, [ 5132610251 ],,,,,, [ 8119267171 ],, [ 71093929033 ],,, 
  [ 60724355047 ],,,,,,,,, [ 28471921801 ],,,,,,,,,,,,,,,,,,, [ 4478922517 ],,,,,,,, 
  [ 4779702679 ],,, [ 54958937401 ],,,,, [ 14144883691 ],,,, [ 1165835917 ],,,,,,,,,,,,,,,,,,
  ,,,,,,,,,,,,,,,,,,,,,,,,,,, [ 21588643693 ],,, [ 1362842796523993 ],,,,,,,, 
  [ 16508736162161 ],,,,,,, [ 5022809893 ],,,,, [ 12550446932209 ], 
  [ 1528136539, 3579271321531 ], [ 230765794241 ],,,,,, [ 23515887250711 ],,,,,,,, 
  [ 4447077763 ],, [ 53530561801 ],,,,,, [ 33500359961 ],,,, [ 12810075601 ],,,, 
  [ 13366142686711 ],, [ 1022382960289 ],,,,,,,,,,,,,,,,,,,, [ 31325811133 ],,,, 
  [ 1959841690561 ],,,,,,,,,,,,,,,, [ 13067959297 ],,,,, [ 6406534831 ],,, [ 9570263977 ],,, 
  [ 6326527357 ],,, [ 64796007421 ],,, [ 4261560409 ], [ 8902907543 ],,,,, [ 4049084671 ],,, 
  [ 285214580683 ],,,,,,,,,,,,,,,,,,,,,,,,,,, [ 7472731417 ], [ 8725151521 ],,,,, 
  [ 1461200606521 ],,, [ 4688903179 ],,,,,,,,, [ 1286578273 ], [ 1284866881 ],,,,,,,,,,,,,,,,
  ,,,,,, [ 1418093354831 ],, [ 28142414273 ],,,, [ 19079855941, 7638089255689 ],,,,,,, 
  [ 1767535129 ], [ 14493069511397 ],,,,,,,, [ 2897947501 ],,,,,,,, [ 2415331201 ],, 
  [ 14555212211 ],, [ 17355191041 ],,,,,,,, [ 119250187913 ], [ 4258515187 ], 
  [ 22535546177 ],,,,,,,,,,, [ 4696755751 ],,,,,,,,,,,, [ 21995932807 ],,,,,,,,,,,,,,,,, 
  [ 1502094463 ],,,,,, [ 41986500401 ],,,,,,,, [ 16535519041 ],,,,,,,, [ 2730623348377 ],,,,,
  ,,, [ 1503426689, 7691158289 ], [ 1899194581, 20074783501 ],,,,,, [ 72327037483 ], 
  [ 2892337033 ],,,,,,,,,,, [ 1580308921 ],,,,, [ 825719010929 ],,,, [ 41732143990921 ],,,,,,
  ,,,,,, [ 219705239401 ],,,,,,,, [ 676802941057 ],,,,,,,,,,,,,,,,,,, [ 625478611633 ], 
  [ 52751067673 ],, [ 47854214731 ],,, [ 32666783059 ],,,,,,,,,,,,,,,,,,,,,,,,, 
  [ 206300752393 ],,,,,,,,,,,, [ 7807003117 ],,,,,,,,,,,,,,,,,,,, [ 2383732063 ],,, 
  [ 6202381333 ],,,,, [ 1963725037 ],,,, [ 5607474979 ],,,,,,,, [ 5928973556381 ],,,, 
  [ 6455633959 ],,,,,,,,,,,,,,,, [ 8950166089 ],,,,,,,,,,, [ 1028211031 ],,,,,, 
  [ 37122504457 ],,, [ 75065277706849 ],,,,,,,,,,,,,,,, [ 1024383851 ],,,,,,,,,, 
  [ 1430010401 ], [ 1734195943 ],,,,,,,,, [ 14163488641 ],,,,,,,,,,,, [ 7002087709 ],,,,,,,,,
  ,,,,,,,,,,,,, [ 17554896169 ],, [ 14762134549 ],,,,,,,,, [ 5372450911 ],,,,, 
  [ 20918963521 ],,,,,,, [ 1444564549 ],,,,,,,,,,,, [ 149599223119 ], [ 4887660721 ],,,,,,,,,
  ,,,,,,,,,,,,,,,,, [ 125828910703 ],,,,,, [ 1232918593 ],,, [ 3364422571 ],,,,,,,,,,, 
  [ 7419005273 ],,,,,,,,,,,,,,,, [ 13276226569, 40230763843, 69670068613 ],,,, 
  [ 19209222863 ],,,,,,,,,, [ 2947259016677 ],,,,,,,, [ 11367414353 ],,,,, [ 338541091123 ],,
  ,,,,,,,,,,,,,,,,,,,,, [ 68436900929, 462179948953 ],,,,,, [ 1953703501 ],,,,,, 
  [ 20044231369 ],,,,,,,,,,,,,,,, [ 4731280381 ],, [ 3057707551 ],, [ 4245319201 ],,,,,,,, 
  [ 1689599868337 ],,,,,,,,,,,, [ 2327125753 ],,, [ 2599498903 ], [ 2537823094203713 ],,,,,,,
  ,,,,, [ 6880575324481 ],,,,,,,,,,,,,,,, [ 12813244357 ], [ 1453886197 ],,,,,,,,, 
  [ 1812540757 ],,,,,,,,, [ 3183857311 ],,,,,,,,,,,,,,,,,,, [ 103429163407 ],,,,,,,,,,, 
  [ 3379638601 ],,,,,,, [ 2755050869 ],,,,,,,,,,,,,,,, [ 5353358693 ],,,,,,,,,,,,, 
  [ 1164738961 ], [ 419862267809 ],,,,,,,,,,,,,,,,,,,,,,,,,,,,,,,,,,,,,,,, [ 62015403059 ],,,
  ,,,,,,, [ 46134807013 ],, [ 3047524723 ],,,,,, [ 3254243281 ],,,,,,,,,,,, [ 3929558809193 ]
   ,,,,,,,,,,,,,,,,,,,,,, [ 3487576381 ],,,,,,,, [ 1069066681, 61066687739 ],,,,,,,,,,,,,, 
  [ 6261797821 ],,,,,, [ 25774846133 ],,,, [ 1556687909797 ],, [ 31609963057 ],,,,,,,,,,,, 
  [ 6649974301 ],,,,,,,,,,,, [ 79757665774649 ],,,,,,,,,,,,,, [ 45571562611 ],,,,,,,,,, 
  [ 44175201281, 529521305153 ],,,,,,,,,, [ 45154701593 ],, [ 1191174869 ],,,,,,,,,,,,,,,,,,,
  ,,,,,,,,,,, [ 207583551738011 ],,,,,,,,,,,,,,,,,,,,,,,, [ 31085323393 ],,,, [ 3272598239 ],
  ,,,,,,,,,,,,,,,,,, [ 826475828601001 ],,, [ 1875958657 ],,,,,,,,,, [ 1150752821 ],,,,,,,,,,
  ,,,, [ 2363065452037 ],,,,,,,, [ 1440512501 ],,,,,,,,,,,,,,,,,,,,,,,,, [ 420052095901 ], 
  [ 120485451943 ],, [ 1796102881 ],,,,,,,,,,,,,, [ 1105635077, 31290745903, 67508019671 ],,,
  , [ 5842002847 ],, [ 3960069653, 6499283837 ],,,,,,,,,,,,,,,,,,,,,,,,,,,, [ 510104297233 ],
  ,,,,, [ 5212216621 ],,,,,,,,,,,,,,,,,, [ 55100139361 ],,,,,,,, [ 1163462129 ],,,,,, 
  [ 2635947623, 36471637637 ],,,,,, [ 3621081881 ],,,,,,,,,,,,,,,, [ 39596347993 ],,,,,,,,,,,
  , [ 3217710913 ],, [ 327534203261 ],,,,,,,,,,,,,, [ 14236622209 ],,,,,,,,,,,, 
  [ 208675718941 ],,,,,,,,,,,,,,,, [ 4918050593, 28226489653 ],,,,,,,,,,,,,,,,,,,,,,,,,,,,,,,
  ,,,,,,,,,,,,, [ 393951622937 ],,,,,, [ 38596263413 ],, [ 9156996193, 451246013521 ],,,,,,,,
  ,,,, [ 168648185269 ],,,, [ 189477393601 ],,,,,,,,,,,,,,,,,,,,,,,,,,,,,,,,,,,,,, 
  [ 1878058279 ],, [ 1461088081 ],, [ 3059487289 ],,,,,, [ 4470097441 ],,,,,, 
  [ 13278510793 ],,,, [ 15964996643 ],, [ 45862356121 ],,,,,,,,,,,,,,,,,,,,,,,,,,,,,,,,,, 
  [ 1140350719 ],,,,,,,,,,,,,,,,,,,,,,,,,,,,,,,,,,,, [ 1110501551 ],,,, [ 75754552609 ],,,,,,
  ,,,,,,,, [ 2549549773 ],,,, [ 99686431513 ],,,,,, [ 1957394821 ],, [ 5478452801 ],,,,,,,,,,
  ,,,,,,,,,, [ 11939929601 ],,,,,, [ 6968595631 ],,,,,,,,,,,,,,,,,,,, [ 1467324883 ],,,,,, 
  [ 1549250233 ],,,,,,,,,,,,,,,,,,,,,,,, [ 5256225277 ],,,,,,,,,, [ 26633249917 ],,,,,,,,,,,,
  ,, [ 1983479401 ],,,,,, [ 41641422727 ],,,,,,,,,, [ 64235498237 ],,,,,,,,,,,,,,,,,,,,,,,,,
  , [ 33869814889 ],,,,,,,,,,,,,,,,,,,,,,,,,,,, [ 6315647801 ],,,,,,,,,,,,,,,,,,,,,,,,,, 
  [ 13370172853 ],, [ 3017161561 ],,,,,,,,,,,,,,,,,,,,,,,,,,,, [ 1227988462303 ],,,,,,,,,,,, 
  [ 21072735757 ],,,,,, [ 6536536417 ],,,,,,,,,,,,,,,,,,,,,,,,,,,, [ 7435233521 ],,,,,,,,,,,,
  ,,,,,,,,,,,,,,,,,,,,,,,,,,,,,,,,,,,, [ 290932732001 ],, [ 1751575351 ],,,,,,,, 
  [ 17920850401 ],,,, [ 45806824711 ],,,,,,,,,,,, [ 1296665899 ],,,,,,,,,,,,,,,,,,,,,,,,,,,,,
  ,,,,,,, [ 4019236153579 ],,,,,,,,,,,,,,,,,,,,,,,,,,,,,, [ 416652432241 ],,,,,,,, 
  [ 312745913101 ],,,, [ 332042282857 ],,,,,,,,,,,,,,,,,,,,,,,,,, [ 3805869341 ],,,,,,,,,,,,,
  ,,,,,,,,,,,,,,,,,,,,, [ 5599601461, 65431513681 ],,,,,,,,,,,,,,,,,, [ 3685466959 ],,,,,,,,,
  ,,,,,,,,,,,,,,,,,,,,,,,,,,,,,,,,,,,,,,,,,,,,,,,,,,,,,,,,, [ 5012903377 ],,,,,,,,,,,,,,,,,,,
  ,,,,,,,,,,,,,,,,,,,,,,,,,,,,,,,,,,, [ 2838679003 ],,,,,,,,,,,,,,,,,,,,,,,,,,,,,,,,,,,,,, 
  [ 675566878141 ],,,,,,,,,,,,,,,,,,,,,,,,,,,,,,,,,,,,,,,,,,,,,,,,,,,,,,,,,,,,,,,, 
  [ 9728061661 ],,,,,,,,,,,, [ 29541278017 ],,,,,,,,,,,,,,,,,,,,,,,,,,,,,, [ 7178805037 ],,,,
  ,,,,,,,,,,,,,,,,,,,,,,,,,,,,,,,,,,,,,,,,,,,, [ 6754881967 ],,,,,,,,,,,,,,,,,,,,,,,, 
  [ 3508999579 ],,,,,,,,,,,, [ 8690244391874911 ],,,,,, [ 14941838017 ],,,,,,,,,,,, 
  [ 857489293429 ],,,,,,,,,,,,,,,,,,,,,,,,,,,,,, [ 1276415071 ],,,,,,,,,,,,,,,,,,,,,,,,,,,,,,
  ,,,,,,,,,,,,,,,,,,,,,,,,,,,,,,,,,,,,,,,,,,,,,,,,,,,,,,,,,,,,,,,,,, [ 17597605327 ],,,,,, 
  [ 10212976801 ],,,,,,,,,,,,,,,,,,,,,,,,,,,,,,,,,,,,,,,,,,,,,,,,,,,,,,,,,,,,,,,,,,,,,,,,,,,,
  ,,,, [ 4445460704161 ],,,,,,,,,,,,,,,,,,,,,,,,,,,,,,,,,,,,,,,,,,,,,,,,,,,,,,,,,, 
  [ 8424244093 ],,,,,,,,,,,,,,,,,,,,,,,,,,,,,,,,,,,, [ 134145639109 ],,,,,,,,,,,,,,,,,,,,,,,,
  ,,,,,,,,,,,,,,,,,,,,,, [ 15313656401 ],,,,,,,,,,,,,, [ 1267173181 ],,,,,, [ 17018388241 ],,
  ,,,, [ 97518401347 ],,,,,,,,,,,,,, [ 2450926661 ],,,,,,,,,,,,,,,,,,,,,,,,,,,,,,,,,,,,,,,,,,
  ,,,,,,,,,,,,,,,,,,,,,,,,,,,, [ 21516852811 ],,,,,,,,,,,,,,,,,,,,,,,, [ 218505718423 ],,,,,,
  ,,,,,,,,,,,, [ 7442651869 ],,,,,, [ 28496605087 ],,,,,,,,,,,,,,,,,,,,,,,,,,,,,,,,,,,,,,,,,,
  ,,,,,,,,,,,,,,,,,,,,,,,,,,,,,,,,,,,,,,,,,,,,,,,,,,,,,, [ 1732991269 ],,,,,, 
  [ 128369179681 ],,,,,,,,,,,,,,,,,,,,,,,,,,,,,, [ 4328273161 ],,,,,,,,,,,, [ 1350075061 ],,,
  ,,,,,,,,,,,,,,,,,,,,,,,,,,,,,,,,,,,,,,,,,,,,,,,,,,,,,,,,,,,,,,,,,,,,,,,,,,,,,,,,,,,,,,,,,,,
  ,,,,,,,, [ 1052525664529 ],,,,,,,,,,,,,,,,,,,,,,,, [ 6056843761 ],,,,,,,,,,,,,,,,,,,,,,,,,,
  ,,,,,,,,,,,,,,,,,,,,,,,,,,,,,,,,,,,,,,,,,,,,,, [ 78442527601 ],,,,,, 
  [ 23014288051, 155661639817 ],,,,,,,,,,,,,,,,,,,,,,,, [ 2580493471 ],,,,,,,,,,,,,,,,,,,,,,,
  ,,,,,,,,,,,,,,,,,,,,,,,,,,,,,,,,,,,,,,,,,,,,,,,,,,,,,,, [ 5845001473 ],,,,,,,,,,,,,,,,,,,,,
  ,,,,,,,,,,,,,,,,,,,,,,,,,,,,,,,,,,,,,,,,,,,,,,,,,,,,,,,,,,,,,,,,,,,,,,,,,,,,,,,,,,,,,,, 
  [ 1629942913 ],,,,,,,,,,,,,,,,,,,,,,,,,,,,,,,,,,,,,,,,,,,,,,,,,,,,,,,,,,,,,,,,,,,,,,,,,,,,,
  , [ 112259527459 ],,,,,,,,,,,,,,,,,,,,,,,,,,,,,,,,,,,, [ 9661226941 ],,,,,,,,,,,,,,,,,,,,,,
  ,,,,,,,,,,,,,,,,,,,,,,,,,,,,,,,,,,,,,,,,,,,,,,,,,,,,,,,,,,,,,, [ 3672232867 ],,,,,,,,,,,,,,
  ,,,,,,,,,,,,,,,,,,,,,,,,,,,,,,,,,,,,,,,,,,,,,,,,,,,,,,,,,,,,,,,,,,,,,,,,,,,,,,,,,,,,,,,,,,,
  ,,,,,,,,,,,,,,,,,,,,,,,,,,,,,,,,,,,,,,,,,,,,,,,,,,,,,,,,,,,,,,,,,,,,,,,,,,,,,,,,,,,,,,,,,,,
  ,,,,,,,,,,,,,,,,,,,,,,,,,,,,,,,,,,,,,,,,,,,,,,,,,,,,,,,,,,,,,,,,,,,,,,,,,,,,,,,, 
  [ 3920781262231 ],,,,,,,,,,,,,,,,,,,,,,,,,,,,,,,,,,,,,,,,,, [ 12397591753 ],,,,,,,,,,,,,,,,
  ,,,,,,,,,,,,,,,,,,,,,,,,,,,,,,,,,,,,,,,,,,,,,,,,,,,,,,,,,,,,,,,,,,,,,,,,,,,,,,,,,,,,,,,,,,,
  ,,,,,,,,,,,,,,,,,,,,,,,,,,,,,,, [ 5644210111 ],,,,,,,,,,,,,,,,,,,,,,,,,,,,,, 
  [ 1054462501 ],,,,,,,,,,,,,,,,,,,,,,,,,,,,,,,,,,,,,,,,,,,,,,,,,,,,,,,,,,,,,,,,,,,,,,,,,,,,,
  ,,,,,,, [ 2026524193 ],,,,,,,,,,,,,,,,,,,,,,,,,,,,,,,,,,,,,,,,,,,,,,,,,,,,,,,,,,,,,,,,,,,,,
  ,,,,,,,,,,,,,,,,,,,,,,,,,,, [ 227306003761 ],,,,,,,,,,,,,,,,,,,,,,,,,,,,,, 
  [ 1179243188971 ],,,,,,,,,,,,,,,,,,,,,,,,,,,,,,,,,,,,,,,,,,,,,,,,,,,,,,,,,,,,,,,,,,,,,,,,,,
  ,,,,,,,,,,,,,,,, [ 260806609801 ],,,,,,,,,,,,,,,,,,,,,,,,,,,,,,,,,,,,,,,,,,,,,,,,,,,,,,,,,,
  ,, [ 101999285281 ],,,,,,,,,,,,,,,,,,,,,,,,,,,,,,,,,,,,,,,,,,,,,,,,,,,,,,,,,,,,,,,,,,,,,,,,
  ,,,,,,,,,,,,,,,,,,,,,,,,,,,,,,,,,,,,,,,,,,,,,,,,,,,,,,,,,,,,,,,,,,,,,,,,,,,,,,,,,,,,,,,,,,,
  ,,,,,,,,,,,,,,,,,,,,,,,,,,,,,,,,,,,,,,,,,,,,,,,,,,,,,,,,,,,,,,,,,,,,,,,,,,,,,,,,,,,,,,,,,,,
  ,,,,,,,,,,,,,,,,,,,,,,,,,,,,,,,,,,,,,,,,,,,,,,,,,,,,,,,,,,,,,,,,,,,,,,,,,,,,,,,,,,,,,,,,,,,
  ,,,,,,,,,,,,,,,,,,,,,,,,,,,,,,,,,,,,,,,,,,,,,,,,,,,,,,,,,,,,,,,,,,,,,,,,,,,,,,,,,,,,,,,,,,,
  ,,,,,,,,,,,,,,,,,,,,,,,,,,,,,,,,,,,,,,,,,,,,,,,,,,,,,,,,,,,,,,,,,,,,,,,,,,,,,,,,,,,,,,,,,,,
  ,,,,,,,,,,,,,,,,,,,,,,,,,,,,,,,,,,,,,,,,,,,,,,,,,,,,,,,,,,,,,,,,,,,,,,,,,,,,,,,,,,,,,,,,,,,
  ,,,,,,,,,,,,,,,,,,,,,,,,,,,,,,,,,,,,,,,,,,,,,,,,,,,,,,,,,,,,,,,,,,,,,,,, [ 14299498501 ] 
 ]);
