BRENTFACTORS[8989]:=MakeImmutable([ ,,,,,,,, [ 4601604367 ],, [ 145587461538943843 ],,, 
  [ 8552711287 ], [ 9257110190521 ],,,,, [ 2070333641 ],, [ 47215904143 ],, 
  [ 2832938213401 ], [ 754391185698974501, 15273705586505148851 ],, [ 9005043053053 ], 
  [ 6396642834292957 ], [ 127580357456775220457 ],, [ 1187227702049, 18018153527141 ], 
  [ 534457162913, 2410655764085761 ], [ 6955493507078953, 11757016728337077247579 ], 
  [ 573054006984992917633 ], [ 252663864251, 364866797189255740727794321 ], [ 23455341181 ], 
  [ 1844629745139587492721258913 ], [ 21039401557, 40504594848281670689579 ], 
  [ 6276576589233606762133639 ], [ 109531593484978506210959081 ], 
  [ 8503595035861521580692221, 1713699754743036589822071581830554717345132196810701901827629 
     ],, [ 4481969729068799327, 32986794894098011328267, 301605085222746617969784477457, 
      12821741771450398905935605352530111351 ],, [ 330125564754541, 142137392708052209521 ], 
  [ 450576466331401283, 1317402886145551782682787750507 ], 
  [ 1181637864427, 755779031960881403408179 ],, 
  [ 891836462637929850376763, 27709146813262377303165851 ], 
  [ 50618252196101, 236688874495647685201 ], 
  [ 4419511489, 2176066672981, 123465172675639, 262296512818617188153797 ],, 
  [ 5746053036803, 14283879848812129579 ],, 
  [ 228064948368841, 15570174316106658821, 14258856414297123036492205111 ], 
  [ 8744009670761, 14463430577444241401 ], [ 2030359609, 5264426968363, 684581004272418907 ],
  [ 9458054832863482759555171, 46967505778721446267152569 ], [ 125177110476272791 ], 
  [ 157967648152861, 57861279697160693401 ], [ 65266064504835631 ],, [ 129853199583000181 ], 
  [ 926932600093733225721089 ], [ 39373764242801, 10509245437705674998911 ], 
  [ 81766270894309 ], [ 2045291170287229, 76261919305380522407, 115998185264583240029869 ], 
  [ 28161411541, 1706098309932266212365275884800806268588581 ], 
  [ 11692334960152848679, 17714635154022445777, 642412173339618325710913303 ], 
  [ 13850822231, 1039719834391574911 ], [ 11728464118999913 ], 
  [ 26584733233, 7886030441183137, 11940012730568953 ],, 
  [ 1758437632807758682477, 3020168765252826231410140809115073, 
      23001951731356959811330398275700202335589 ], [ 992390276802918802330801 ], 
  [ 82561888261, 6230380691298637, 39640311177491069, 57455403597709475678862341 ],, 
  [ 393735372283539703, 196906271603474152231129750341067 ], 
  [ 235073652087907, 105013034436660687304817 ], 
  [ 50926911187488481, 145694107134859031284611741831674526664961 ],, 
  [ 24175035902879568737, 11568548954237095043463389, 
      31858213396356688887659931418404087363641 ], 
  [ 6314583727, 5452954585163, 828894944350663 ], [ 3894782501157334528847203984201 ],, 
  [ 62399871143, 135049074800705715902179, 396240514473123603698941621 ], 
  [ 9170465649028587836375269 ], [ 34429244873 ],, [ 4359472878622040244366211 ], 
  [ 2273036585639 ], [ 1510129112501 ], [ 158127167533, 211568831571455923 ],,, 
  [ 6117562223145697 ], [ 4199531387, 10923352943, 886723946837 ], 
  [ 373939132503916932669403698394811 ], [ 79206269671 ], [ 11005735801, 4224190832801 ], 
  [ 142871937641 ], [ 145705839103938387683349354397, 2278973360372666672905130258554507 ], 
  [ 32187544703, 56539234895509, 470885705945319166063777 ],,, 
  [ 12341202376349911, 6922475660489335091, 48124826288641651668840953 ],,,,, 
  [ 26610052208881, 162936273853219, 1354313513834539 ], 
  [ 1002983297, 759349915073, 6470660105518337, 86762941376853177242353 ],, 
  [ 332618108865331, 19386012141870919, 15685794431049048921766323091, 
      140335593256414658468440456004617 ], [ 42346294377202200779011 ], [ 4994971021 ],, 
  [ 213110679191 ],, [ 19137490003191853801 ],,, [ 389382642709708114699 ],, [ 30472617251 ],
  [ 9757742178642591799, 1683705491146884484572556537 ],, [ 54203856769007344129 ], 
  [ 6932642191861 ],,, [ 4173566629, 111471459397, 2292576171997, 909749545635881212681 ], 
  [ 3725284256513 ], [ 3245417012060985617 ], [ 1577023488991 ], [ 596256606409 ], 
  [ 128408338181, 126445912019473, 17232518494539659543 ], [ 3852642601 ],,, 
  [ 36800232061353703 ], 
  [ 6525918851, 1077410109739, 28527816641536257737, 158455064256286233719 ], 
  [ 359269516204782613, 5555723505734050196527123 ], [ 25074415446134960161 ],, 
  [ 20841411550573 ], [ 345602799667761049 ],, [ 39336001683701 ], 
  [ 112314612087652929227866786051 ],,, [ 14431643587783, 149717307637999 ], 
  [ 113987624389871 ],, [ 2844053629 ], [ 464343265627, 85445214165301 ], 
  [ 156091455075395107 ],, [ 2343517601 ],, [ 1481919785667455565825048817 ], 
  [ 49812091603, 904853894419, 38872752510469 ], [ 286007102509 ], [ 2140108081 ], 
  [ 194710786113388613743 ], [ 5898759655455402457 ], [ 64768128887617, 3105512302796124649 ]
    , [ 6840952691, 28275061127, 37509453671 ], [ 767840208871 ], [ 1375337269 ], 
  [ 5553652471830461, 4870038043906675171681, 3140437423311930935374123213 ],, 
  [ 85364829600314377, 77049228989796437192533008727 ],, 
  [ 22934193004549201, 206576427793238514259220056481 ], [ 77003578297767427 ], 
  [ 80238625867 ],, [ 1679580885716280320024747521 ], [ 37135923483422149 ], 
  [ 31402729177, 598638137905747734787357 ],, [ 569847983368350661687425497 ],, 
  [ 2256569671, 10346199223, 2406669464041, 78235393094439231997 ], 
  [ 531880765043, 26295014049679 ],, [ 503105861500150033063 ], [ 11457875711 ], 
  [ 1495271960911 ], [ 2396217793, 1670703906433, 1280279300210881 ], 
  [ 4196965558063, 98306208610349 ], [ 3676935189061520808871 ], 
  [ 4052863854001, 2315192390306251 ], [ 698141190716621 ],,,, 
  [ 720637192001, 3180400763201, 573776155653198079801, 233753735242700099868401 ],,, 
  [ 16445090089 ],, [ 398120960844039091 ], [ 20636689219, 3507312333798805859 ], 
  [ 30986422021, 5257499828059, 66175615334377 ], [ 4985642273, 179289035897297 ],, 
  [ 56119965721, 195833563986322820881 ], [ 389504802787 ],, 
  [ 1086688365883, 281803089981697, 532338973600890109 ], [ 65431326187214883852573307 ], 
  [ 1987819051 ], [ 143139050209 ], [ 8998237879, 1824182929717 ], 
  [ 2678028539343905609, 46491618134431298278631, 20192935977388648553699399041 ], 
  [ 1501758337 ], [ 1063110574526019361 ],,, [ 11340195169239513601 ], [ 97710162746561 ],, 
  [ 1409229298621, 28031624945049197831 ], [ 4924026797 ],,,, [ 9524051923, 600234949777 ], 
  [ 17923781377864273537 ],,, [ 1834629491 ], [ 345267000541, 5921992675037 ], 
  [ 14436245911 ], [ 15696387695008091 ], [ 4339871941, 4597001237201 ], [ 12248103601 ], 
  [ 3695370668251, 5329636158779 ],, [ 14997345211 ],,, [ 25910106949, 3338530417561 ], 
  [ 521214059552178227 ], [ 943586040502241 ],, [ 23001287960444111589251 ], 
  [ 1737682395968137 ], [ 89430829793677, 5619273203910997 ], [ 82951850279 ], 
  [ 582438620929421, 2962726690003147 ], [ 18311902064492808345751 ],,, 
  [ 21575159701, 20439074697823, 629541338798677, 153681954828775459, 619410633975717343849 ]
    , [ 812716588844371, 26381383059084733 ], [ 18967580717021 ], [ 19860782502929023 ], 
  [ 43311363847437241 ], [ 3193113509, 8899087512324587 ], [ 9330742579489, 62130363803377 ],
  [ 99474118584986641, 131299852031243101, 23511480610647784151 ],,, 
  [ 37786519301, 610988572316379913, 950125019240338321 ], 
  [ 1098097898081, 9051310285905101 ],, [ 44929062704881 ], [ 1308003977079073 ],, 
  [ 2215913351, 2951994349, 52875965699, 1928304133051, 2997546250849333 ], 
  [ 31039915354686701, 285987263933496717901 ], [ 66599499559383228481 ],, 
  [ 2019219216582371 ], [ 70502909959, 3515409089554951 ],,, 
  [ 838640296093965375397, 6827679527229373286833 ], [ 10996706226809 ], [ 13393754145749 ], 
  [ 44671639662799951, 11711741486201023471 ], [ 259501800139583 ], [ 58590731669359 ], 
  [ 498261624451180588513, 66704144433940554192577 ],,, [ 1204926241 ],,, 
  [ 289948010690935171 ], [ 48874502180393893901 ],,, 
  [ 26456124235263421, 9003682158811157941 ], [ 6513292593440569 ], 
  [ 113560407001, 958300407601 ], [ 9865612121 ], [ 136628923508429747, 6426027615099931679 ]
    , [ 2819115833557, 4503070760900821, 28083141286353079 ], [ 2642623671601 ],, 
  [ 304069634988661 ], [ 46453660195807 ],,,,, [ 19849987687609 ], [ 603559117680803 ],, 
  [ 160349140281961 ],, [ 118357918474099 ], [ 229015077817831 ], [ 76980035005127 ],,, 
  [ 762953399713, 1759101447879161 ], [ 3152398221569, 9374967962323 ],, 
  [ 2581443009549101101 ],,,, [ 1909769989, 8655938677 ], [ 230927568688081 ],,,, 
  [ 74344813557589540453 ],,,,,, [ 48054192401 ],,,,,,,, [ 151024725485273401 ], 
  [ 4522622597 ], [ 9255493451 ], [ 1296772373287, 281184778889353 ], 
  [ 8978781857, 711435724411125121 ],,, [ 35882648111, 1529531132711 ],,,,, 
  [ 4689056347561, 640416047662441, 32168139749329321 ], [ 21974814383, 11609896616119 ],,, 
  [ 34127691053, 948417887118129847693 ],, [ 9636388381 ],,,,, 
  [ 1177623749, 1660137087841, 7210628808587, 253958658060059 ],, 
  [ 2949565387, 45497698513, 83710081438099 ],,,,,, [ 3843991583 ],,,, 
  [ 13158575503, 313410052602499 ], [ 116655586484237569, 150627657121086337 ],, 
  [ 9837995553573997, 34709155062093646229 ],,,, [ 708973508101 ],, [ 425775665015886697 ],, 
  [ 32778285935251 ], [ 181579328535691 ],,, [ 322342250641669 ], [ 47663404447 ], 
  [ 146682736397601601 ],,,, [ 5963994122396495749 ],,,,,, [ 138559161751 ], 
  [ 1740131486589907 ],, [ 1641927429783691 ], [ 2419543733094217 ],, 
  [ 1337785296641, 1998393968897, 62488843087742657 ], [ 374106302473 ], [ 2437731085614089 ]
   ,, [ 40605253809605521 ], [ 1995109134347467 ], [ 6699807842552849, 37011512864681591 ],,
  , [ 1854648151 ], [ 34829786413, 8311902103411 ],, [ 271675106189 ], [ 13987890352914193 ],
  , [ 11027907564053 ],,, [ 880106632679 ], [ 205186508071 ], 
  [ 1119768773, 1982552809793, 610482408825649 ], 
  [ 2957559191, 14428546991, 637754980477, 22480065244089511 ], [ 288161947061551 ], 
  [ 1433303393 ], [ 363139703988037241 ],, [ 8416623723041, 150383781497055991 ],,, 
  [ 11755585446877801 ], [ 724830322817, 787434408779775620627 ], [ 1374542881 ],,, 
  [ 2432323801, 3584961451 ],,,,,, [ 17555532601, 21446984161, 67677203521 ],, 
  [ 110675376653, 264975437915099, 968464981526239, 275161830574705667 ], [ 2297419849 ],,, 
  [ 668176687379105521 ],, [ 10241908404977 ],, [ 60107819909 ], 
  [ 10659502897, 85209112343, 307360609789 ],,,,,, [ 1005890115341 ],, [ 2480859962051 ], 
  [ 25160065042477 ],, [ 177342013994963, 1113227557932526141081 ], [ 70202456509 ], 
  [ 571194270721 ],,, [ 1310931553 ], [ 1157052821 ], [ 5125525591, 910091680621 ], 
  [ 5576677024339 ], [ 239106574904959 ], [ 5511607398529 ], [ 2757995209 ], 
  [ 14310489611221026161 ],, [ 2135270666761 ], [ 1943729444483 ], 
  [ 6303314158441, 21132361877809620049 ],, [ 187969800017, 263861788171571366129 ],,, 
  [ 1328714205083 ], [ 87803506650852600001 ],, [ 78720392563 ],,,,,, [ 1374928417 ],,,,, 
  [ 13409047423 ], [ 2927163181 ],,, [ 16503687443 ],,, [ 82246937761, 21005227837047481 ],,,
  ,,, [ 2306851901 ],, [ 27119801281, 11326545247931233 ],, 
  [ 2917822793251, 3644172719521, 287724289077311 ],, [ 10740303275213 ],, 
  [ 159505345033, 780441163939 ], [ 1366556921 ],,,,, [ 13130589806461, 1494775674077761 ],, 
  [ 1463245491576455243 ],,,,, [ 25036346443 ],, [ 10405221157 ], 
  [ 2846522801, 30181583554219901 ],,,, [ 14386531912725068584847 ],,, [ 5883166567 ], 
  [ 5959513099, 418097249551, 662967889295311 ],,,, [ 10850345899113346537 ],,,, 
  [ 1974476851, 93870358245096733039 ], [ 66826920514537 ], 
  [ 2220422761, 1639299679675151663658953 ],, [ 83077016641 ],,,, [ 21374146308061 ],, 
  [ 2623159873, 10598528449 ],, 
  [ 1278129667, 13086234478241, 40020449137063, 1228280453290613 ],,,, [ 16471119727 ],, 
  [ 6138615953209, 6018596676372298993609 ], 
  [ 133344298621, 3548991620071, 22006832663791, 56487792925981, 16180187932917451 ], 
  [ 6575201199719 ],,,, [ 3554200918861, 214036287023168021 ],, [ 5190767811041 ],, 
  [ 1171355276715834079 ],, [ 3193330875226753 ],, [ 4715101276913 ],, 
  [ 3922076401, 544792105801, 4931607937801 ],, [ 1003963135831237 ],, 
  [ 75235181033, 7727723769544255549 ],, [ 158934404971, 5162405172097 ],,,, 
  [ 63336790996931 ],,,, [ 7080664579, 24097929841133 ],,,,,, [ 1620394651519921 ],, 
  [ 364079968541 ],, [ 2370916254300673 ],, [ 180937835736257 ], [ 1426920331, 119707187359 ]
   ,, [ 2461585211 ], [ 84329496440281 ],,,, [ 2231801729, 332629113767 ], [ 6673277231 ],,,,
  ,, [ 1854221983 ],, [ 1298155273, 41215955353 ],, [ 6725688481 ], [ 83487994127 ], 
  [ 6173095583 ],, [ 2290524787 ],,,, [ 12540814067 ],, [ 21569033411 ],,,,,,,,,,,,, 
  [ 618241975921 ],,,,,, [ 19434905929 ],, [ 164552709569, 21214325475929 ],, 
  [ 200383018651 ],,,, [ 24614835389 ],,,, [ 24038135761585177 ],, [ 13815666769 ],,, 
  [ 1602789703, 25934215367 ], [ 354352433081 ],,,,, [ 1009342429 ], [ 56266116723577 ], 
  [ 25330167679 ], [ 235919194001 ], [ 562049685319 ],, [ 6069223961 ],,,,, [ 78200791969 ], 
  [ 1840045013 ],,,,,,, [ 197697634741 ], [ 1392190297 ],,,,, [ 25394549982523 ],, 
  [ 454105711093 ],,,,,, [ 135927936569681401 ],,,,,,,, [ 14319839884303 ],,, [ 2009983249 ],
  ,, [ 148633745017 ],,,, [ 2529003116333 ],, [ 962069085001 ],, 
  [ 499970935465754849, 948888884225919521 ],, [ 16148699207317 ],, [ 32121690049 ],,,,,,,,,,
  , [ 1902227497 ],,, [ 25661385199451 ],, [ 20946869773 ],,,,,,, [ 308688954901 ], 
  [ 369424788721 ],,, [ 183892186927 ], [ 24034467857 ],,, [ 356824100081 ],,,,,,,,, 
  [ 14574454337, 25198357489 ],,,,, [ 554523070879 ], [ 182914449761, 8137641629849 ],, 
  [ 1218160487394889 ],, [ 215946108067 ],,,,,,,, [ 4725436057, 13475007283 ],, 
  [ 8889019328641 ], [ 1062487259 ], [ 1647096989 ],,,,,, [ 204991665433 ],,,, 
  [ 2161027009, 258478855669 ],,,, [ 1280695937 ],, [ 25784767993 ],,,,,,,, 
  [ 776270527308923 ],, [ 150083171573 ],,, [ 20454118301 ],,,,, 
  [ 2966346736501, 83237610912397 ],,, [ 16145240311 ],,, [ 3102803061931 ],, 
  [ 310990457020541 ],, [ 218367027517, 227297961121219 ], [ 6564782317 ],, [ 823130252821 ],
  ,,,,,,,,, [ 2397876251 ],,,,,,,,,, [ 34715408251 ],,,,, [ 12051201641, 16111032170098211 ],
  ,, [ 3395875397 ],,, [ 2303653275681409 ], [ 1605552859 ],,,, 
  [ 95176738561, 673809368537 ], [ 32783225179 ],, [ 4729106953, 4854444370649 ],, 
  [ 202682347201 ],,,, [ 43688096855098151 ],, [ 23834699569, 152765192017 ], 
  [ 1128484877719 ],, [ 5689927501 ], [ 49397769185173, 370536769834069, 5862586326976681 ],,
  ,,,,,,,, [ 115127455757 ],,, [ 1118406379 ],,, [ 9887891411669 ],,,,,, [ 13516384897 ],,,, 
  [ 122808701083 ],,,,,, [ 402606695437 ],, [ 9063524401, 43171676501, 19530032591801 ],,,,, 
  [ 21764360231 ],, [ 21247164709, 36240162157 ],,, [ 709433390401 ],, [ 29031097957811 ],,,,
  ,,,, [ 2316110711, 3997765703741 ], [ 3723530599 ],,,,,,,,,,,, [ 1108649027 ],,, 
  [ 47467253767 ],,,, [ 12515401940581 ],, [ 1638312975279457, 96034054326635489 ],,,, 
  [ 9600772681, 13544863622341 ],, [ 163325219951 ],,,, [ 7520895769 ],, 
  [ 1506640601197, 3359635958821 ],,,, [ 181702033633 ], [ 68848049497 ],,,,,, 
  [ 2105873281 ],,,,, [ 1863678721, 12151060081, 13770064343641 ],,,,,, [ 13482106831 ],, 
  [ 157459157837 ],,,,, [ 2988204553 ],, [ 9395916301 ],,,,,,,,,,,,,, [ 92659248373 ], 
  [ 11200670134501 ],,, [ 1880303871889 ],,, [ 341365062721, 18339439420474657 ],,,, 
  [ 11458030781 ],,,,,,,,,,,,,,,, [ 146377388341 ],,,,,, [ 2296910717, 13968390617 ],,,,, 
  [ 22275669253 ],, [ 46462964745781 ],,,,,, [ 55191867541 ],,,,, [ 2940316501 ],,,,,, 
  [ 3604305797 ], [ 4250718379 ],,,,,,,,,,,,,,,,, [ 3311948053 ],,,,,,,,,,,,,,, 
  [ 1876878371 ], [ 106202992801 ],,, [ 1147064509 ],,,,, [ 13259355229 ],,,,,,,, 
  [ 5599783069 ], [ 2566040881 ],,,,,, [ 2636702429 ], [ 84876632317 ],,,, [ 5287302401 ],,, 
  [ 3019329821 ],,,, [ 343332969601 ],,,,,,,,,,,, [ 1409967687199 ],,,, [ 1526904877 ], 
  [ 510927581033 ],,,,,,,,,,,,,,,,,,,, [ 58521278197 ],,,,, [ 2784690721 ], 
  [ 5886623233, 23407844862594949 ],,,,,,,,, [ 168468407983 ],,, [ 16074205801 ],,,,,,, 
  [ 120254937683 ],,,,,,,,,,,, [ 3622761971 ],,,,,,, [ 172216386509473 ],,, [ 597526340317 ],
  ,,,,,, [ 1167686239 ], [ 175265463157, 2914109401141 ],,,,,,, [ 9817424891 ],,,, 
  [ 7306829533 ],,,,,, [ 19523471046397 ],,,,,,,,,,,,,,,,,, [ 120729498079 ], 
  [ 1471519597, 7213845809 ],,,,,,,,,,,, [ 3319709611 ],,, [ 11299627853, 16340681303 ],,,,, 
  [ 4552911343 ], [ 140439910561 ],,,,,,, [ 208875271393141 ],,,, [ 3784255081 ], 
  [ 7240836769 ],,,,, [ 1526889421 ],,, [ 963341077441 ],,,, [ 2603014961, 2759343869 ],,,,, 
  [ 31878750091 ],,,,, [ 1691674181 ],,,,,,,,, [ 3727489123 ],,,,,,,,,,,,,,,,,,,,,,,,,,,,,, 
  [ 3572679526967 ],,,,,,, [ 3965426713 ],,,,,,,, [ 20851837081 ], 
  [ 28613371519, 118814444929 ],,,,,,, [ 24469113401 ],,,, [ 301050158273 ],,,,,,,,,,, 
  [ 10224785411 ],,,,,,,,,,, [ 11301568717 ],,, [ 1405948390057 ], [ 86080927651 ],,, 
  [ 43340787253 ], [ 1469549077 ],, [ 34189340641, 76072774961 ],,,, [ 5102645981 ],,,, 
  [ 985377901369 ],,,,,,,,,,,,,,,,,,,,, [ 5387372101 ],,, [ 5406509617 ],,,, 
  [ 4642444537, 6206981101 ], [ 13546129343 ], [ 52431586381 ],,, [ 2082371911, 12971244523 ]
   ,,,,,, [ 119767540969 ],,, [ 2054569537 ],, [ 156599956501 ],,,,,,,,,,,,,,,, 
  [ 14593039141 ],,,,,,,,, [ 16914686629 ],, [ 299490641851 ],,,,,,,,,, [ 156183027211 ],,,, 
  [ 98810059421 ],,,,, [ 1609185649 ],,,, [ 6011091181 ],, [ 1388417161 ],,,,,,,,,,,,,,,,,, 
  [ 4632589831 ],,, [ 2713577809 ],, [ 16462478674391 ],,,,,,,,,, [ 344148027427 ],,,,,,,, 
  [ 4312040543 ],, [ 51942428987 ], [ 8264946841 ],,,, [ 24578431153 ],,, [ 67068526933 ],,, 
  [ 49383888871 ],,,,,,,,,,,,,, [ 1660906993549 ],, [ 5443098121 ],, [ 7846270849 ],,,,,,,,,,
  ,,,,,,,,,, [ 1341723013 ],,,,,,,,, [ 6412572871 ],, [ 2087746831 ],,,,, [ 35891697073 ],,,,
  ,,,,,,,, [ 34039810561 ],,,,,,,,,,,, [ 132138958213 ],,, [ 9575458411, 72682993239151 ],,,,
  ,,,,,,,,,,,,,, [ 1519396741 ], [ 1273299749 ],,, [ 22921074331 ],,,, [ 5022910601 ],,,,,,,,
  , [ 2951940521 ],,,,, [ 1102103231, 68052935591 ], [ 1219826441 ],,,, [ 4394925061 ],,,,,,,
  ,,,, [ 5695781887223 ], [ 5145152713 ],,, [ 1542111481 ],,,,,,,, [ 8771143613 ],,,,,,,,,,,,
  ,,,, [ 2927504611 ],,,,,, [ 35577338371 ],, [ 7731998749 ],,,,,,, [ 2513411611699 ],,,,,,,,
  ,,,,,,,, [ 2103630871 ],,,,,,,,,, [ 5257657861 ],,,,, [ 4478407651 ],,,,,,,,,,,,,,,, 
  [ 8944885765397 ],,,,,,,,,,,,,,, [ 17890273537 ],,,,,,,, [ 1527001849 ],,,,,,,,,,,,,,,,,,,,
  ,,,,,,,,,,,,,,, [ 1159935787 ],,,,,,,,,,,,,,,, [ 3441507781 ],,,,,,,,,,,,, [ 1461582097 ],,
  ,,,, [ 2178262267 ],,,,, [ 18584523889 ],,,,,,, [ 305221041371 ],,,,,,,,,,,,,,,,,, 
  [ 51059041552049 ],,,,,, [ 1805881248331 ],,,,, [ 1653584551 ],,,,,, [ 2995184837 ],,, 
  [ 26799739073 ],,,,,,,,,,,,,,,,,,,,,, [ 156756749659 ], [ 3519744139 ],,,,,, 
  [ 1196358109 ],,,,,, [ 4108648849 ],,,,,,,,,,, [ 4242730451, 10243493681 ], [ 8930948797 ],
  ,,,,,,,,,,,, [ 4346778577 ],,,,, [ 66942801139 ], [ 3102447451 ],,,, [ 24792157937 ],, 
  [ 32713624577, 133183088953 ],, [ 31511476543 ],,, [ 2420401303 ],,,,,,,,,,,,,,,,,,,,,,,,,,
  ,,,,,, [ 3100976243 ],,,,,,,,,,,,,,,,,,, [ 10007999233 ],,,, [ 22682275793 ],,,,,, 
  [ 2059516347677 ],,,,,,,,,,,,,, [ 2602547257 ],,,,,,,,,,,,,,,,,,, [ 1332070151 ],,,,,,,,,, 
  [ 3785524151, 129968795041 ],,,,,,,,, [ 8148873769 ],,,,,,,,,,,,,,,,,, [ 479109113921329 ],
  ,,,,,,,,,,,,, [ 1722759402073 ],,,,,,,,,,,,,,,, [ 1598864543 ], [ 2187676531 ],,, 
  [ 570444178207 ],,,,,,,,, [ 1311444361 ],,,,,,,,,,,,,,,,, [ 3500992981 ], [ 671854909729 ],
  , [ 19667226041 ],,,,,,,,,,, [ 32328514417 ],,,,,, [ 12810013121 ],,,,, [ 3421433863 ],,,,,
  ,,,,,,,,,,,,,,,,,,,,,, [ 1656274177, 15133063681 ],,,,,,,,, [ 119526162409 ],,,,,,,,, 
  [ 182242158391 ],, [ 57178368997 ],,,,,,, [ 77391871327 ],,,,,,,,,,,,,,,,, [ 1465940929 ],,
  ,,,,,,,,,, [ 12542942161 ],,,,,,,, [ 1575499073 ],, [ 1137002761, 3670907221 ],,,,,,,,,,,,,
  , [ 41581091473 ],,,,,,,,,,,,, [ 81291153283 ],,,,,,,,,,,,,,,,,,,,, 
  [ 2122324543, 5240703079 ],,,, [ 26124026237 ],,,,,,,,,,,,,,,,,,,,,,,,,,,, 
  [ 15263443651, 585485555201 ],,,,,,,,,,,,,,,,,,,,,,,,,,,,,, [ 12503277121 ],,,, 
  [ 2257228189 ],,,,,,,,,,,,,,,,,, [ 1645250149 ],,,,,,,, [ 2416939241 ],,,,,,,,,,,, 
  [ 32848913813 ], [ 57169999977763 ],,, [ 109279008733 ],,,, [ 10969245101 ],,,, 
  [ 2622398591 ], [ 3019726121101 ],,,,,,,,,,,,,,,,, [ 5665337921 ], [ 1249453519 ], 
  [ 79964251019 ], [ 52482561601 ], [ 3577035097 ],,,, [ 11840367275521 ],,,,,,,,,, 
  [ 1495469206811 ],,,,,,,,,,,,,,,, [ 2367551368669 ],,,, [ 18069448391 ],,,,,,,,,,,, 
  [ 1770439831 ],,,,,,,, [ 4348160821, 9308935621 ],,,,,, [ 2931241081 ],,, 
  [ 191578053367, 506453744917 ],,, [ 5042048317, 34170997258633 ],,,,,, [ 330370502653 ],,,,
  ,,,,,, [ 6688160971 ],,,,,,,,,,,, [ 121829298001 ],,,, [ 18447512785771 ],,,,,,,,,,,,, 
  [ 101971960903 ],,,,, [ 1890931649 ],,,, [ 419409126769 ],,,,,,,,, [ 2284097281 ],,,,,,,,, 
  [ 2167786427269 ],, [ 208105307617 ],,,,,,,,,,,,,,,,,,,,,, [ 3058733917, 4258268857 ],,,,,,
  ,, [ 127834289783 ],, [ 2593779673 ],,,,,,,,,,,,,,,,,,,,,,,,,,,,,,,,,,,,,,,, 
  [ 73048585681 ],,,,,,,,,,,,,, [ 83470916569 ],,,,,, [ 10043173369 ],,,,,,,,,,,, 
  [ 1977556001 ],, [ 688228881973 ],,,,,,,,,,,, [ 9204180343 ],, [ 18314681089 ],,,,,,,,,,,,,
  ,,,,, [ 13459949803 ],,,,,,,,,,,,,, [ 2706072769, 8742793249 ],,,,,,,,,,,,,,,,,,,, 
  [ 31313905237 ],, [ 3517064461 ],, [ 4796693777, 77384227769 ],, [ 2883777349 ],,,,,,,,,,,,
  ,,,, [ 37681085821 ],, [ 299725862017 ],,, [ 208958836111 ],,,,, [ 33588333601 ],,,, 
  [ 58399207681 ],,, [ 34031405971 ],,, [ 128916515281 ],,,,,,,,,,,,,,,,,,,,,,,,,,,,,,,,,,,, 
  [ 129461860999 ],, [ 5344373189 ],,,, [ 8235282961 ],,,, [ 22350422417 ],,,,,,,,,,,,,,,, 
  [ 3642952777 ],,,,,,,, [ 15066975361 ],,,,,,,,,, [ 17446084891 ],,,, 
  [ 3397561261, 195661026119233 ],,,,,,,,,, [ 19045621349 ],,,,,,,,,,,,,,,,,,,,,,,,,,,,,,,,,,
  ,,,,,,,,,,,,,,,,,,,,,,,,,,,,,, [ 1570079681, 76616341777 ],, [ 8913063461 ],,,,,,,, 
  [ 12960192943 ],,,,,,,,,, [ 47944223153 ],,,,,,,,,,,,,,,,,, [ 1498157359 ],,,,,,,,,, 
  [ 763966334513 ],,,,,,,,,,,,,, [ 21838341781 ],,,,,,,,,,,,,,,,,,,,,,,,,,,,,,,,,,, 
  [ 2036582551 ],,,,,,,,, [ 10068061309 ],, [ 25314644657 ],,,,,,,,,,,,,,,,,,,,,,,,,,,,,,,,,,
  ,,,,,,,,,,,,,,,,,,,,,,,,,,,,,,,,,, [ 10621456141 ],,,,,, [ 50345083751, 108139098164501 ],,
  ,,,,,, [ 998903806723 ],,,,,,,, [ 142954002293 ],,,,,,,,,, [ 382857995521 ],,,,,,,, 
  [ 14449905413 ],,,,,,,,,,,,,,,,,,,,,,,,,,,,,, [ 29752809034111 ],,,,,,,,,,,,,,,,,,,, 
  [ 42920012287 ],,,,,,,,,,,,,, [ 27361998721 ],,,,,,,,,,,,,,,,,,,, [ 1045652857 ],,,,,,,,,,,
  ,,,,,,,,,,,,,,,,,,,,,,,,, [ 5270780833 ],,,,,, [ 19099302390631 ],, [ 7406636533 ],,,,,,,, 
  [ 1355605921 ],,,,,,,,,, [ 411253508261 ],,,,,,,, [ 2837054791 ],,,,,,,, [ 62404582327 ],,,
  ,,,,,,,,,,, [ 2351640901 ],, [ 29117479891 ],,,,,,,,,,,, [ 6589500571 ],,,,,,,, 
  [ 1615042133 ],, [ 1467213437 ],,,,,,,,,,,,,,,,,,,,,,,,,,,,,,,, [ 2227614541 ],,,, 
  [ 3964107841 ],, [ 2054417821 ],,,,,,,,,,,, [ 39412952671 ],,,,,,,,,,,, [ 1046077093 ],,,, 
  [ 5508577601 ],,,,,,,, [ 3142290397 ],,,,,,,, [ 1945652393, 42884152900073 ],,,,,,,, 
  [ 111043529533 ],, [ 468354391537 ],,,,,,,,,,,,,,,,,,,,,,,,,,,,,,,, [ 3998641769 ],,,,,,,,,
  ,,,,,,,,,,,,,,,,,,,,,,, [ 17327910601 ],,,,,,,,,,,,,,,,,,,,,,,,,,,,,,,,,,,,,,,, 
  [ 8692240961 ],,,,,, [ 2122546241 ],,,, [ 18722694691 ],, [ 1827480929 ],,,,,,,, 
  [ 16377809596201 ],,,,,,,,,, [ 1169091491 ],,,,,,,,,,,,,,,,,,,,,,,,,,,,,,,,,,,,,,,, 
  [ 522826556251 ],,,,,,,,,,,,,,,,,,,,,,,,,,,,,,,,,, [ 4385383553 ],,,,,, [ 193113086591 ],,,
  ,,,,,,,,,,,,,,,,,,,,,,,,,,,,,,,,,,,,,,,,, [ 3228017131 ],,,,,,,,,,,,,,,,,,,,,,,, 
  [ 1964933413 ],,,,,,,,,,,,,,,,,,,,,,,,,,,,,,,,,, [ 1944875213 ],,,,,,,,,,,,,,,,,,,,,,,,,,,,
  ,,,,,,,,,,,,,,,,,,,,,,,,,,,,,,,,,,,,,,,,,,,,,,,,,,,,,,,,,,,,,,,,,,,,,,,,,,,, 
  [ 29692863441973, 58052323346221 ],,,, [ 10561920001 ],,,,,,,, 
  [ 74787813073, 583242172033 ],,,,,,,,,,,,,,,,,,,,,, [ 12282984611 ],, [ 92515848769 ],,,,,,
  ,,,,,,,, [ 97526098951 ],,,,,,,,,,,,,,,,,,,,,,,,,,,,,,,,,,,,,,,,,,,,,,,,,,,,,,,,,,,,,,,,,,,
  ,,,,,,, [ 7902922201 ],, [ 1150607458423 ],,,,,,,,,,,,,,,,,,,,,, [ 9617449073 ],,,,,,,,,,,,
  ,,,,,,,, [ 24831398077777 ],,,,,, [ 2614544131 ],,,,,,,,,,,, [ 1858694083 ],,,,,,,,,,,,,,,,
  ,,,,,,,,,,,,,,,,,,,,,,,,,,,,,,,,,,,,,,,,,,,,,,,,,,,,,,,,,,,,,,,,,,,,,,,,,,,,,,,,,,,,,,,,,,,
  ,,,,,,,,,,,,,,,,,,,,,,,,,,,,,,,,,,,,,,,,, [ 9345811381 ],,,,,,,,,,,,,,,,,,,,,,,,,,,,,,,,,,,
  ,,,,, [ 1637696831, 114761505181, 413029107901 ],,,, [ 6522583159 ],,,,,,,,,,,,,,,,,,,,,,,,
  ,, [ 2736214801 ],,,,,,,,,,,,,,,,,,,,,,,,,,,,,,,,,,,,,,,, [ 186382910521 ],,,,,,,,,,,,,,,,,
  ,,,,,,,,,,,,, [ 2470859551 ],,,,,, [ 351269166217 ],,,,,,,,,,,,,,,,,,,,,,,,,,,,,, 
  [ 2514190291, 12369546769 ],,,,,,,,,,,,,,,, [ 12175783453 ],,,,,,,,,,,,,, [ 6154639849 ],,,
  ,,,,,,,,,,,,,,,,,,,,,,,,,,,,,,,,,,,,,,,,,,,,,,,,,,,,,,,,,,,,,,, [ 37852904233 ],,,,,,,,,,,,
  ,,,,,,,,,,,,,,,,,,,,,,,,,,,,,,,,,,,,,,,,,,,,,,,, [ 14222764333 ],,,,,, [ 1563565273 ],,,,,,
  ,,,,,,,,,,,,,,,,,,,,,,,, [ 1969989742621 ],,,,,,,,,,,, [ 8148526081 ],,,,,,,,,,,,,,,,,,,,,,
  ,,,,,,,,,,,,,,,,,,,,,,,,,, [ 3953845663, 35922091141 ],, [ 10343441921 ],,,,,,,,,,,,,,,,,,,
  ,,, [ 15015216991 ],,,,,,,,,,,,,,,,,,,,,,,,,,,,,,,,,,,,,,,,,,,,,,,,,,,,,,,,,,,,,,,,,,,,,,,,
  ,,,,,,,,,,,,,,,,,,,,,,,,,,,,,,,,,,,,,,,,,,,,,,,,,,,,,,,,,,,,,,,,,,,,,,,,,,,,,,,,,,,, 
  [ 2856781141 ],,,,,,,,,,,,,,,,,,,,,,,,,,,,,,,,,,,,,,,,,,,,,,,,,,,,,,,,,,,,,,,,,,,,,,,, 
  [ 48750446281 ],,,,,,,,,,,,,,,,,,,,,,,, [ 5405418589 ],,,,,,,,,,,, [ 15582123691 ],,,,,,,,,
  ,,,,,,,,,,,,,,,,,,,,,,,,,,,,,,,,,,,,,,,,,,,,,,,,,,,,,,,,,,,,,,,,,,,,,,,,,,,,,,,,,,,,,,,,,,,
  ,,,,,,,,,,,,,,,,,,,, [ 73100114011 ],,,,,,,,,,,, [ 1502008351 ],,,,,,,,,,,,,,,,,,,,,,,,,,,,
  ,,,,,,,,,,,,,,,,,,,,,,,,,,,,,,,,,,,,,, [ 364834624081 ],,,,,,,,,,,,,,,,,,,,,,,,,,,,,,,,,,,,
  ,,,,,,,,,,,,,,,,,,,,,,,, [ 216659940121 ],,,,,,,,,,,,,,,,,,,,,,,,,,,,,,,,,,,,,,,,,,,,,,,,,,
  ,,,,,,,,,,,,,,,,,,,,,,,,,,,,,,,,,,,, [ 2152485721 ],,,, [ 6097242264541 ],,,,,,,,,,,,,,,,,,
  ,,,,,,,,,,,,,,,,,,,,,,,,,,,,,,,,,,,,,,,,,,,,,,,,,,,,,,,,,,,, [ 6475936897 ],,,,,, 
  [ 2213342077, 12116580037 ],,,,,,,,,,,,,,,,,,,,,,,,,,,,,,,,,,,,,,,,,,,,,,,,,,,,,,,,,,,,,,,,
  ,, [ 1176065353 ],,,,,,,,,,,,,,,,,,,,,,,,,,,,,,,,,,,,,,,,,,,,,,,,,,,,,,,,,,,,,,,,,,,,,,,, 
  [ 4823531857 ],,,,,,,,,,,,,,,,,,,,,,,,,,,,,,,,,,,,,,,,,,,,,,,,,,,,,, [ 48484510201 ],,,,,,,
  ,,,,,,,,,,,,,,,,,,,,,,,,,,,,,,,,,,,,,,,,,,,,,,,,,,,,,,,,,,,,,,,,,,,,,,,,,,,,,,,,,,, 
  [ 7329600001 ],,,,,,,,,,,, [ 277005789373 ],,,,,,,,,,,,,,,,,, [ 1223345941 ],,,,,, 
  [ 576637287661 ],,,,,,,,,,,,,,,,,,,,,,,,,,,,,,,,,,,,,,,,,,,,,,,,,,,,,,,,,,,,,,,,,,,,,,,,,,,
  ,,,,,,,,,,,,,,,,,,,,,,,,,,,,,,,,,,,,,,,,,,,,,,,,,,,,,,,,, [ 9090564289 ],,,,,,,,,,,,,,,,,,,
  ,,,,,,,,,,,,,,,,,,,,,,,,,,,,,,,,,,,,,,,,,,,,,,,,,,,,, [ 23441820001 ],,,,,,,,,,,,,,,,,,,,,,
  ,,,,,,,,,,,,,,,,,,,,,,,,,,,,,,,,,,,,,,,,,,,,,,,,,,,,,,,,,,,,,,,,,,,, [ 3029683651 ],,,,,,,,
  ,,,,,,,,,,,,,,,,,,,,,,,,,,,,,,,,,,,,,,,,,,,,,,,,,,,,,,,,,,,,,,,,,,,,,,,,,,,,,,,,,,,,,,,,,,,
  ,,,,,,,,,,,,,,,,,,,,,,,,,,,,,,,,,,,,,,,,,,,,,,,,,,,,,,,,,,,,,,,,,,,,,,,,,,,,,,,,,,,,,,,,,,,
  ,,,,,,,,,,,,,,,,,,,,,,,,,,,,,,,,,,,,,,,,,,,,,,,,,, [ 16617959101 ],,,,,,,,,,,,,,,,,,,,,,,,,
  ,,,,, [ 14698634161 ],,,,,,,,,,,,,,,,,,,,,,,,,,,,,, [ 214458189481 ],,,,,,,,,,,,,,,,,,,,,,,
  ,,,,,,, [ 2355189841 ],,,,,,,,,,,,,,,,,,,,,,,,,,,,,,,,,,,,,,,,,,,,,,,,,,,,,,,,,,,,,,,,,,,,,
  ,,,,,,,,,,,,,,,,,,,,,,,,,,,,,,,,,,,,,,,,,,,,,,,,,,,,,,,,,,,,,,,,,,,,,,,,,,,,,,,,,,,,,,,,,,,
  ,,,,,,,,,,,,,,,,,,,,,,,,,,,,,,,,,,,,,,,,,,,,,,,,,,,,,,,,,,,,,,,,,,,,,,,,,,,,,,,,,,,,,,,,,,,
  ,,,,,,,,,,,,,,,,,,,,,,,,,,,,,,,,,,,,,,,,,,,,,,,,,,,,,,,,,,,,,,,,,,,,,,,,,,,,,,,,,,,,,,,,,,,
  ,,,,,,,,,,,,,,,,,,,,,,,,,,,,,,,,,,,,,,,,,,,,,,,,,,,,,,,,,,,,,,,,,,,,,,,,,,,,,,,,,,,,,,,,,,,
  ,,,,,,,,,,,,,,,,,,,,,,,,,,,,,,,,,,,,,,,,,,,,,,,,,,,,,,,,,,,,,,,,,,,,,,,,,,,,,,,,,,,,,,,,,,,
  ,,,,,,,,,,,,,,,,,,,,,,,,,,,,,,,,,,,,,,,,,,,,,,,,,,,,,,,,,,,,,,,,,,,,,,,,,,,,,,,,,,,,,,,,,,,
  ,,,,,,,,,,,,,,,,,,,,,,,,,,,,,,,,,,,,,,,,,,,,,,,,,,,,,,,,,,,,,,,,,,,,,,,,,,,,,,,,,,,,,,,,,,,
  ,,,,,,,,,,,,,,,,,,,,,,,,,,,,,,,,,,,,,,,,,,,,,,,,,,,,,,,,,,,,,,,,,,,,,,,,,,,,,,,,,,,,,,,,,,,
  ,,,,,,,,,,,,,,,,,,,,,,,,,,,,,,,,,,,,,,,,,,,,,,,,,,,,,,,,,,,,,,,,,,,,,,,,,,,,,,,,,,,,,,,,,,,
  ,,,,,,,,,,,,,,,,,,,,,,,,,,,,,,,,,,,,,,,,,,,,,,,,,,,,,,,,,,,,,,,,,,,,,,,,,,,,,,,,,,,,,,,,,,,
  ,,,,,,,,,,, [ 1246154521 ],,,,,,,,,,,,,,,,,,,,,,,,,,,,,,,,,,,,,,,,,,,,,,,,,,,,,,,,,,,,,,,,,
  ,,,,,,,,,,,,,,,,,,,,,,,,,,,,,,,,,,,,,,,,,,,,,,,,,,,,,,,,,,,,,,,,,,,,,,,,,,,,,,,,,,,,,,,,,,,
  ,,,,,,,,,,,,,,,,,,,,,,,,,,,,,,,,,,,,,,,,,,,,,,,,,,,,,,,,,,,,,,,,,,,,,,,,,,,,,,,,,,,,,,,,,,,
  ,,,,,,,,,,,,,,,,,,,,,,,,,,,,,,,,,,,,,,,,,,,,,,,,,,,,,,,,,,,,,,,,,,,,,,,,,,,,,,,,,,,,,,,,,,,
  ,,,,,,,,,,,,,,,,,,,,,,,,,,,,,,,,,,,,,,,,,,,,,,,,,,,,,,,,,,,,,,,,,,,,,,,,,,,,,,,,,,,,,,,,,,,
  ,,,,,,,,,,,,,,,,,,,,,,,,,,,,,,,,,,,,,,,,,,,,,,,,,,,,,,,,,,,,,,,,,,,,,,,,,,,,,,,,,,,,,,,,,,,
  ,,,,,,,,,,,,,,,,,,,,,,,,,,,,,,,,,,,,,,,,,,,,,,,,,,,,,,,,,,,,,,,,,,,,,,,,,,,,,,,,,,,,,,,,,,,
  ,,,,,,,,,,,,,,,,,,,,,,,,,,,,,,,,,,,,,,,,,,,,,,,,,,,,,,,,,,,,,,,,,,,,,,,,,,,,,,,,,,,,,,,,,,,
  ,,,,,,,,,,,,,,,,,,,,,,,,,,,,,,,,,,,,,,,,,,,,,,,,,,,,,,,,,,,,,,,,,,,,,,,,,,,,,,,,,,,,,,,,,,,
  ,,,,,,,,,,,,,,,,,,,,,,,,,,,,,,,,,,,,,,,,,,,,,,,,,,,,,,,,,,,,,,,,,,,,,,,,,,,,,,,,,,,,,,,,,,,
  ,,,,,,,,,,,,,,,,,,,,,,,,,,,,,,,,,,,,,,,,,,,,,,,,,,,,,,,,,,,,,,,,,,,,,,,,,,,,,,,,,,,,,,,,,,,
  ,,,,,,,,,,,,,,,,,,,,,,,,,,,,,,,,,,,,,,,,,,,,,,,,,,,,,,,,,,,,,,,,,,,,,,,,,,,,,,,,,,,,,,,,,,,
  ,,,,,,,,,,,,,,,,,,,,,,,,,,,,,,,,,,,,,,,,,,,,,,,,,,,,,,,,,,,,,,,,,,,,,,,,,,,,,,,,,,,,,,,,,,,
  ,,,,,,,,,,,,,,,,,,,,,,,,,,,,,,,,,,,,,,,,,,,,,,,,,,,,,,,,,,,,,,,,,,,,,,,,,,,,,,,,,,,,,,,,,,,
  ,,,,,,,,,,,,,,,,,,,,,,,,,,,,,,,,,,,,,,,,,,,,,,,,,,,,,,,,,,,,,,,,,,,,,,,,,,,,,,,,,,,,,,,,,,,
  ,,,,,,,,,,,,,,,,,,,,,,,,,,,,,,,,,,,,,,,,,,,,,,,,,,,,,,,,,,,,,,,,,,,,,,,,,,,,,,,,,,,,,,,,,,,
  ,,,,,,,,,,,,,,,,,,,,,,,,,,,,,,,,,,,,,,,,,,,,,,,,,,,,,,,,,,,,,,,,,,,,,,,,,,,,,,,,,,,,,,,,,,,
  ,,,,,,,,,,,,,,,,,,,,,,,,,,,,,,,,,,,,,,,,,,,,,,,,,,,,,,,,,,,,,,,,,,,,,,,,,,,,,,,,,,,,,,,,,,,
  ,,,,,,,,,,,,,,,,,,,,,,,,,,,,,,,,,,,,,,,,,,,,,,,,,,,,,,,,,,,,,,,,,,,,,,,,,,,,,,,,,,,,,,,,,,,
  ,,,,,,,,,,,,,,,,,,,,,,,,,,,,,,,,,,,,,,,,,,,,,,,,,,,,,,,,,,,,,,,,,,,,,,,,,,,,,,,,,,,,,,,,,,,
  ,,,,,,,,,,,,,,,,,,,,,,,,,,,,,,,,,,,,,,,,,,,,,,,,,,,,,,,,,,,,,,,,,,,,,,,,,,,,,,,,,,,,,,,,,,,
  ,,,,,,,,,,,,,,,,,,,,,,,,,,,,,,,,,,,,,,,,,,,,,,,,,,,,,,,,,,,,,,,,,,,,,,,,,,,,,,,,,,,,,,,,,,,
  ,,,,,,,,,,,,,,,,,,,,,,,,,,,,,,,,,,,,,,,,,,,,,,,,,,,,,,,,,,,,,,,,,,,,,,,,,,,,,,,,,,,,,,,,,,,
  ,,,,,,,,,,,,,,,,,,,,,,,,,,,,,,,,,,,,,,,,,,,,,,,,,,,,,,,,,,,,,,,,,,,,,,,,,,,,,,,,,,,,,,,,,,,
  ,,,,,,,,,,,,,,,,,,,,,,,,,,,,,,,,,,,,,,,,,,,,,,,,,,,,,,,,,,,,,,,,,,,,,,,,,,,,,,,,,,,,,,,,,,,
  ,,,,,,,,,,,,,,,,,,,,,,,,,,,,,,,,,,,,,,,,,,,,,,,,,,,,,,,,,,,,,,,,,,,,,,,,,,,,,,,,,,,,,,,,,,,
  ,,,,,,,,,,,,,,,,,,,,,,,,,,,,,,,,,,,,,,,,,,,,,,,,,,,,,,,,,,,,,,,,,,,,,,,,,,,,,,,,,,,,,,,,,,,
  ,,,,,,,,,,,,,,,,,,,,,,,,,,,,,,,,,,,,,,,,,,,,,,,,,,,,,,,,,,,,,,,,,,,,,,,,,,,,,,,,,,,,,,,,,,,
  ,,,,,,,,,,,,,,,,,,,,,,,,,,,,,,,,,,,,,,,,,,,,,,,,,,,,,,,,,,,,,,,,,,,,,,,,,,,,,,,,,,,,,,,,,,,
  ,,,,,,,,,,,,,,,,,,,,,,,,,,,,,,,,,,,,,,,,,,,,,,,,,,,,,,,,,,,,,,,,,,,,,,,,,,,,,,,,,,,,,,,,,,,
  ,,,,,,,,,,,,,,,,,,,,,,,,,,,,,,,,,,,,,,,,,,,,,,,,,,,,,,,,,,,,,,,,,,,,,,,,,,,,,,,,,,,,,,,,,,,
  ,,,,,,,,,,,,,,,,,,,,,,,,,,,,,,,,,,,,,,,,,,,,,,,,,,,,,,,,,,,,,,,,,,,,,,,,,,,,,,,,,,,,,,,,,,,
  ,,,,,,,,,,,,,,,,,,,,,,,,,,,,,,,,,,,,,,,,,,,,,,,,,,,,,,,,,,,,,,,,,,,,,,,,,,,,,,,,,,,,,,,,,,,
  ,,,,,,,,,,,,,,,,,,,,,,,,,,,,,,,,,,,,,,,,,,,,,,,,,,,,,,,,,,,,,,,,,,,,,,,,,,,,,,,,,,,,,,,,,,,
  ,,,,,,,,,,,,,,,,,,,,,,,,,,,,,,,,,,,,,,,,,,,,,,,,,,,,,,,,,,,,,,,,,,,,,,,,,,,,,,,,,,,,,,,,,,,
  ,,,,,,,,,,,,,,,,,,,,,,,,,,,,,,,,,,,,,,,,,,,,,,,,,,,,,,,,,,,,,,,,,,,,,,,,,,,,,,,,,,,,,,,,,,,
  ,,,,,,,,,,,,,,,,,,,,,,,,,,,,,,,,,,,,,,,,,,,,,,,,,,,,,,,,,,,,,,,,,,,,,,,,,,,,,,,,,,,,,,,,,,,
  ,,,,,,,,,,,,,,,,,,,,,,,,,,,,,,,,,,,,,,,,,,,,,,,,,,,,,,,,,,,,,,,,,,,,,,,,,,,,,,,,,,,,,,,,,,,
  ,,,,,,,,,,,,,,,,,,,,,,,,,,,,,,,,,,,,,,,,,,,,,,,,,,,,,,,,,,,,,,,,,,,,,,,,,,,,,,,,,,,,,,,,,,,
  ,,,,,,,,,,,,,,,,,,,,,,,,,,,,,,,,,,,,,,,,,,,,,,,,,,,,,,,,,,,,,,,,,,,,,,,,,,,,,,,,,,,,,,,,,,,
  ,,,,,,,,,,,,,,,,,,,,,,,,,,,,,,,,,,,,,,,,,,,,,,,,,,,,,,,,,,,,,,,,,,,,,,,,,,,,,,,,,,,,,,,,,,,
  ,,,,,,,,,,,,,,,,,,,,,,,,,,,,,,,,,,,,,,,,,,,,,,,,,,,,,,,,,,,,,,,,,,,,,,,,,,,,,,,,,,,,,,,,,,,
  ,,,,,,,,,,,,,,,,,,,,,,,,,,,,,,,,,,,,,,,,,,,,,,,,,,,,,,,,,,,,,,,,,,,,,,,,,,,,,,,,,,,,,,,,,,,
  ,,,,,,,,,,,,,,,,,,,,,,,,,,,,,,,,,,,,,,,,,,,,,,,,,,,,,,,,,,,,,,,,,,,,,,,,,,,,,,,,,,,,,,,,,,,
  ,,,,,,,,,,,,,,,,,,,,,,,,,,,,,,,,,,,,,,,,,,,,,,,,,,,,,,,,,,,,,,,,,,,,,,,,,,,,,,,,,,,,,,,,,,,
  ,,,,,,,,,,,,,,,,,,,,,,,,,,,,,,,,,,,,,,,,,,,,,,,,,,,,,,,,,,,,,,,,,,,,,,,,,,,,,,,,,,,,,,,,,,,
  ,,,,,,,,,,,,,,,,,,,,,,,,,,,,,,,,,,,,,,,,,,,,,,,,,,,,,,,,,,,,,,,,,,,,,,,,,,,,,,,,,,,,,,,,,,,
  ,,,,,,,,,,,,,,,,,,,,,,,,,,,,,,,,,,,,,,,,,,,,,,,,,,,,,,,,,,,,,,,,,,,,,,,,,,,,,,,,,,,,,,,,,,,
  ,,,,,,,,,,,,,,,,,,,,,,,,,,,,,,,,,,,,,,,,,,,,,,,,,,,,,,,,,,,,,,,,,,,,,,,,,,,,,,,,,,,,,,,,,,,
  ,,,,,,,,,,,,,,,,,,,,,,,,,,,,,,,,,,,,,,,,,,,,,,,,,,,,,,,,,,,,,,,,,,,,,,,,,,,,,,,,,,,,,,,,,,,
  ,,,,,,,,,,,,,,,,,,,,,,,,,,,,,,,,,,,,,,,,,,,,,,,,,,,,,,,,,,,,,,,,,,,,,,,,,,,,,,,,,,,,,,,,,,,
  ,,,,,,,,,,,,,,,,,,,,,,,,,,,,,,,,,,,,,,,,,,,,,,,,,,,,,,,,,,,,,,,,,,,,,,,,,,,,,,,,,,,,,,,,,,,
  ,,,,,,,,,,,,,,,,,,,,,,,,,,,,,,,,,,,,,,,,,,,,,,,,,,,,,,,,,,,,,,,,,,,,,,,,,,,,,,,,,,,,,,,,,,,
  ,,,,,,,,,,,,,,,,,,,,,,,,,,,,,,,,,,,,,,,,,,,,,,,,,,,,,,,,,,,,,,,,,,,,,,,,,,,,,,,,,,,,,,,,,,,
  ,,,,,,,,,,,,,,,,,,,,,,,,,,,,,,,,,,,,,,,,,,,,,,,,,,,,,,,,,,,,,,,,,,,,,,,,,,,,,,,,,,,,,,,,,,,
  ,,,,,,,,,,,,,,,,,,,,,,,,,,,,,,,,,,,,,,,,,,,,,,,,,,,,,,,,,,,,,,,,,,,,,,,,,,,,,,,,,,,,,,,,,,,
  ,,,,,,,,,,,,,,,,,,,,,,,,,,,,,,,,,,,,,,,,,,,,,,,,,,,,,,,,,,,,,,,,,,,,,,,,,,,,,,,,,,,,,,,,,,,
  ,,,,,,,,,,,,,,,,,,,,,,,,,,,,,,,,,,,,,,,,,,,,,,,,,,,,,,,,,,,,,,,,,,,,,,,,,,,,,,,,,,,,,,,,,,,
  ,,,,,,,,,,,,,,,,,,,,,,,,,,,,,,,,,,,,,,,,,,,,,,,,,,,,,,,,,,,,,,,,,,,,,,,,,,,,,,,,,,,,,,,,,,,
  ,,,,,,,,,,,,,,,,,,,,,,,,,,,,,,,,,,,,,,,,,,,,,,,,,,,,,,,,,,,,,,,,,,,,,,,,,,,,,,,,,,,,,,,,,,,
  ,,,,,,,,,,,,,,,,,,,,,,,,,,,,,,,,,,,,,,,,,,,,,,,,,,,,,,,,,,,,,,,,,,,,,,,,,,,,,,,,,,,,,,,,,,,
  ,,,,,,,,,,,,,,,,,,,,,,,,,,,,,,,,,,,,,,,,,,,,,,,,,,,,,,,,,,,,,,,,,,,,,,,,,,,,,,,,,,,,,,,,,,,
  ,,,,,,,,,,,,,,,,,,,,,,,,,,,,,,,,,,,,,,,,,,,,,,,,,,,,,,,,,,,,,,,,,,,,,,,,,,,,,,,,,,,,,,,,,,,
  ,,,,,,,,,,,,,,,,,,,,,,,,,,,,,,,,,,,,,,,,,,,,,,,,,,,,,,,,,,,,,,,,,,,,,,,,,,,,,,,,,,,,,,,,,,,
  ,,,,,,,,,,,,,,,,,,,,,,,,,,,,,,,,,,,,,,,,,,,,,,,,,,,,,,,,,,,,,,,,,,,,,,,,,,,,,,,,,,,,,,,,,,,
  ,,,,,,,,,,,,,,,,,,,,,,,,,,,,,,,,,,,,,,,,,,,,,,,,,,,,,,,,,,,,,,,,,,,,,,,,,,,,,,,,,,,,,,,,,,,
  ,,,,,,,,,,,,,,,,,,,,,,,,,,,,,,,,,,,,,,,,,,,,,,,,,,,,,,,,,,,,,,,,,,,,,,,,,,,,,,,,,,,,,,,,,,,
  ,,,,,,,,,,,,,,,,,,,,,,,,,,,,,,,,,,,,,,,,,,,,,,,,,,,,,,,,,,,,,,,,,,,,,,,,,,,,,,,,,,,,,,,,,,,
  ,,,,,,,,,,,,,,,,,,,,,,,,,,,,,,,,,,,,,,,,,,,,,,,,,,,,,,,,,,,,,,,,,,,,,,,,,,,,,,,,,,,,,,,,,,,
  ,,,,,,,,,,,,,,,,,,,,,,,,,,,,,,,,,,,,,,,,,,,,,,,,,,,,,,,,,,,,,,,,,,,,,,,,,,,,,,,,,,,,,,,,,,,
  ,,,,,,,,,,,,,,,,,,,,,,,,,,,,,,,,,,,,,,,,,,,,,,,,,,,,,,,,,,,,,,,,,,,,,,,,,,,,,,,,,,,,,,,,,,,
  ,,,,,,,,,,,,,,,,,,,,,,,,,,,,,,,,,,,,,,,,,,,,,,,,,,,,,,,,,,,,,,,,,,,,,,,,,,,,,,,,,,,,,,,,,,,
  ,,,,,,,,,,,,,,,,,,,,,,,,,,,,,,,,,,,,,,,,,,,,,,,,,,,,,,,,,,,,,,,,,,,,,,,,,,,,,,,,,,,,,,,,,,,
  ,,,,,,,,,,,,,,,,,,,,,,,,,,,,,,,,,,,,,,,,,,,,,,,,,,,,,,,,,,,,,,,,,,,,,,,,,,,,,,,,,,,,,,,,,,,
  ,,,,,,,,,,,,,,,,,,,,,,,,,,,,,,,,,,,,,,,,,,,,,,,,,,,,,,,,,,,,,,,,,,,,,,,,,,,,,,,,,,,,,,,,,,,
  ,,,,,,,,,,,,,,,,,,,,,,,,,,,,,,,,,,,,,,,,,,,,,,,,,,,,,,,,,,,,,,,,,,,,,,,,,,,,,,,,,,,,,,,,,,,
  ,,,,,,,,,,,,,,,,,,,,,,,,,,,,,,,,,,,,,,,,,,,,,,,,,,,,,,,,,,,,,,,,,,,,,,,,,,,,,,,,,,,,,,,,,,,
  ,,,,,,,,,,,,,,,,,,,,,,,,,,,,,,,,,,,,,,,,,,,,,,,,,,,,,,,,,,,,,,,,,,,,,,,,,,,,,,,,,,,,,,,,,,,
  ,,,,,,,,,,,,,,,,,,,,,,,,,,,,,,,,,,,,,,,,,,,,,,,,,,,,,,,,,,,,,,,,,,,,,,,,,,,,,,,,,,,,,,,,,,,
  ,,,,,,,,,,,,,,,,,,,,,,,,,,,,,,,,,,,,,,,,,,,,,,,,,,,,,,,,,,,,,,,,,,,,,,,,,,,,,,,,,,,,,,,,,,,
  ,,,,,,,,,,,,,,,,,,,,,,,,,,,,,,,,,,,,,,,,,,,,,,,,,,,,,,,,,,,,,,,,,,,,,,,,,,,,,,,,,,,,,,,,,,,
  ,,,,,,,,,,,,,,,,,,,,,,,,,,,,,,,,,,,,,,,,,,,,,,,,,,,,,,,,,,,,,,,,,,,,,,,,,,,,,,,,,,,,,,,,,,,
  ,,,,,,,,,,,,,,,,,,,,,,,,,,,,,,,,,,,,,,,,,,,,,,,,,,,,,,,,,,,,,,,,,,,,,,,,,,,,,,,,,,,,,,,,,,,
  ,,,,,,,,,,,,,,,,,,,,,,,,,,,,,,,,,,,,,,,,,,,,,,,,,,,,,,,,,,,,,,,,,,,,,,,,,,,,,,,,,,,,,,,,,,,
  ,,,,,,,,,,,,,,,,,,,,,,,,,,,,,,,,,,,,,,,,,,,,,,,,,,,,,,,,,,,,,,,,,,,,,,,,,,,,,,,,,,,,,,,,,,,
  ,,,,,,,,,,,,,,,,,,,,,,,,,,,,,,,,,,,,,,,,,,,,,,,,,,,,,,,,,,,,,,,,,,,,,,,,,,,,,,,,,,,,,,,,,,,
  ,,,,,,,,,,,,,,,,,,,,,,,,,,,,,,,,,,,,,,,,,,,,,,,,,,,,,,,,,,,,,,,,,,,,,,,,,,,,,,,,,,,,,,,,,,,
  ,,,,,,,,,,,,,,,,,,,,,,,,,,,,,,,,,,,,,,,,,,,,,,,,,,,,,,,,,,,,,,,,,,,,,,,,,,,,,,,,,,,,,,,,,,,
  ,,,,,,,,,,,,,,,,,,,,,,,,,,,,,,,,,,,,,,,,,,,,,,,,,,,,,,,,,,,,,,,,,,,,,,,,,,,,,,,,,,,,,,,,,,,
  ,,,,,,,,,,,,,,,,,,,,,,,,,,,,,,,,,,,,,,,,,,,,,,,,,,,,,,,,,,,,,,,,,,,,,,,,,,,,,,,,,,,,,,,,,,,
  ,,,,,,,,,,,,,,,,,,,,,,,,,,,,,,,,,,,,,,,,,,,,,,,,,,,,,,,,,,,,,,,,,,,,,,,,,,,,,,,,,,,,,,,,,,,
  ,,,,,,,,,,,,,,,,,,,,,,,,,,,,,,,,,,,,,,,,,,,,,,,,,,,,,,,,,,,,,,,,,,,,,,,,,,,,,,,,,,,,,,,,,,,
  ,,,,,,,,,,,,,,,,,,,,,,,,,,,,,,,,,,,,,,,,,,,,,,,,,,,,,,,,,,,,,,,,,,,,,,,,,,,,,,,,,,,,,,,,,,,
  ,,,,,,,,,,,,,,,,,,,,,,,,,,,,,,,,,,,,,,,,,,,,,,,,,,,,,,,,,,,,,,,,,,,,,,,,,,,,,,,,,,,,,,,,,,,
  ,,,,,,,,,,,,,,,,,,,,,,,,,,,,,,,,,,,,,,,,,,,,,,,,,,,,,,,,,,,,,,,,,,,,,,,,,,,,,,,,,,,,,,,,,,,
  ,,,,,,,,,,,,,,,,,,,,,,,,,,,,,,,,,,,,,,,,,,,,,,,,,,,,,,,,,,,,,,,,,,,,,,,,,,,,,,,,,,,,,,,,,,,
  ,,,,,,,,,,,,,,,,,,,,,,,,,,,,,,,,,,,,,,,,,,,,,,,,,,,,,,,,,,,,,,,,,,,,,,,,,,,,,,,,,,,,,,,,,,,
  ,,,,,,,,,,,,,,,,,,,,,,,,,,,,,,,,,,,,,,,,,,,,,,,,,,,,,,,,,,,,,,,,,,,,,,,,,,,,,,,,,,,,,,,,,,,
  ,,,,,,,,,,,,,,,,,,,,,,,,,,,,,,,,,,,,,,,,,,,,,,,,,,,,,,,,,,,,,,,,,,,,,,,,,,,,,,,,,, 
  [ 3094170058753 ] ]);
