BRENTFACTORS[5541]:=MakeImmutable([ ,,,,,,,,,,,, [ 2302533604973181113 ],,, [ 29202189217 ],,
  ,, [ 14348454721 ],,, [ 32683501723, 10371041331846159109 ],, [ 95041790121701 ], 
  [ 9258602471 ],,,,, [ 4160066329, 14206144321, 764267448151, 234576084356802844883477 ], 
  [ 4396742043307002176247841 ], [ 3430800005161, 2080488039589202148643 ], 
  [ 3295950923, 8008998729755249 ], [ 1103085896104991 ],, 
  [ 1687702088299, 7541479414891, 1156185022499755529 ],, 
  [ 4411616918827, 3246669080869648513 ],,, [ 47379531436063 ],, 
  [ 6811979959152645176949264029981 ], [ 5979376621 ], [ 186505589680573 ], 
  [ 6899581449557079889, 1600757641125969779776249187, 147999437544373914141202043933 ],, 
  [ 5201398765487, 42788615487384418583 ],, 
  [ 2322263887, 401881374305977, 1231577150146647301999316027803 ], 
  [ 919374213784938859324417 ], [ 9408359894897, 5176286934412851648151 ],, 
  [ 1181622003288937541, 23530561566376524551, 135770532096253084174601938129707650694521 ], 
  [ 16260150953199943952973286554537457657 ],, 
  [ 125441646349, 9433966566691627682068954991807387 ], 
  [ 5181725623, 39252710875172089730014603 ],, 
  [ 978149422231, 349704975329587, 6874980070370429, 84644885313451643, 
      1696720424381403723765567598733 ], [ 10148028241378650943006227006258110657 ], 
  [ 15317345493637576169152676347 ], [ 10485435558937114049 ],, [ 3866858293 ], 
  [ 3223486180938849677 ], [ 127424765676567676311698617 ], 
  [ 49350695650387, 3969108630791449351, 504256161156612923064109 ],,, 
  [ 40363301266201, 1050132575564655575656941271441 ], [ 23746810504227930043907611 ], 
  [ 61995847315612183653450755675133634674451 ], [ 469862952151 ], 
  [ 6167956456914842296981, 2771955482753933571372087071808110572921320480733 ], 
  [ 44487016571537 ], [ 10215927145121929453, 20918049011507079511, 59434925757607812361 ],, 
  [ 94632994569043596105720711321393121 ], [ 17761566601 ], 
  [ 105960407345695950981537414568498688096183, 
      2293834448421186416751189755095205118266689069716371 ], [ 7552395712027 ], 
  [ 792973488179303089 ],,, [ 6384080892181, 869218413431413193857 ], 
  [ 2122595559926689, 15947257913924717777, 76685933490303130399153190982793, 
      187612315452434361192077655647670041 ], [ 893944426957 ], 
  [ 480478044676681, 120607771510804465270809141211 ], [ 40374318349, 4085794288577 ], 
  [ 8104824694097, 328566291381721, 753644286543846914017, 
      2959756962932230001525668425776120652548240935841 ], [ 3600999929240239321 ],, 
  [ 1248978463052053571 ], 
  [ 8266343138881, 28337216578277612327583361, 2113149223912271566604076587068993 ],, 
  [ 169272639438491 ],,,, [ 149356412772283, 6024958392883391957864011594648946851 ],, 
  [ 3463703328113673737 ], [ 1819318584404024663786897072521 ], [ 1325017319093257499467 ], 
  [ 90829038393901, 674581714160287 ], [ 280428075705014491357, 2825013616776290896633 ], 
  [ 2052053819471 ],, [ 123444128889787408483128163 ],, [ 1485707402838530377123 ], 
  [ 857830943031674098122709, 517219125548027304685776821937861186880273 ],, [ 25635349357 ],
  [ 151921590679, 260456748532367891167 ], 
  [ 26962930499, 2471749766089, 2754174295060577, 112646379429133129, 140116727891713720853, 
      256963697321797720071833, 73460346707385869468730339365205229843556313469661 ], 
  [ 3570312257 ], [ 803439861965048990238268490070456072207834929251321 ], 
  [ 13538939987, 677519701739, 5835782912055913647997 ], [ 54979148599, 9682522157597 ], 
  [ 550816536553, 87459060522762944419 ], [ 562720844914463897 ],, 
  [ 1547360708797, 75921393414259, 33345089941133406835287780461110667637001 ], 
  [ 551649256111 ],,,, 
  [ 1425106819, 1734763571, 492821671967617, 815379987583775023, 409249730197319645180959 ], 
  [ 262585042340539795490461 ], [ 418339984359609313 ], [ 51518364858870836835767 ], 
  [ 17060985996228631 ], [ 108951824281 ],,, 
  [ 12286372909, 19795502601421, 277666701060218707 ], 
  [ 2545339220341, 1124340597646327337641, 16337640400156508065864141 ], [ 187668756409 ], 
  [ 1354903651, 63761738419204027, 5128659353707219591971791, 1115812251443779014753543271, 
      9576192247391282493934701983 ], [ 64507674815262251 ],, [ 20431192146191 ],, 
  [ 1705875938341, 1344830132837647 ],,, 
  [ 21412676251, 19286711161056873909037501, 520895335658024744840277023459487609901 ], 
  [ 1713169407679170018869 ],, [ 28554040112388391644499 ],, 
  [ 351264205711, 14045805816395475461 ], 
  [ 57079094749, 1926534551917, 166756507558590814678339189 ],,, [ 73533815653 ], 
  [ 38525686180001 ], [ 149346264209003 ], [ 12977143150067852407423284547 ],, 
  [ 13777092569, 2397594951165333589 ],, [ 11679987614387 ], [ 512057697587 ],,, 
  [ 2807630071 ], [ 3839280031 ],, [ 1056845755215559, 148747777439736061 ],,,, 
  [ 12979067329 ], [ 1200076643936960929 ], [ 199811440951393, 208245967310698910959 ], 
  [ 3006577475489177642609321581, 444742402382811285758986212004501 ], 
  [ 14347804117, 10863334782373 ],,, [ 2580503872044554727837457 ], 
  [ 49668897278921, 5582172451489346731 ], 
  [ 16401185136691657, 480060498395824681882893132859 ], 
  [ 7076111417, 14371411891, 32111291773919766277 ],,, [ 30957043741541 ], 
  [ 7461549948468690391 ], [ 86586244893496721281 ],, [ 3505811831 ], 
  [ 10255377032141671, 10119909204325296091 ],, 
  [ 1106232386085744767, 2250296018350569184913 ], 
  [ 7750027007713, 1210396454958384071433397 ],,, 
  [ 4372174111, 23030858133606889, 237961511513765509 ], [ 1568899542171583 ], 
  [ 23472252581 ], [ 487688989201 ],,,, [ 1708570742520528043249 ], [ 1254038023213669 ], 
  [ 176301151188961 ],,, [ 16061504413 ], [ 108451194776370205663 ], [ 450459910841 ], 
  [ 3902948147377 ],, [ 16357512499, 14138230411126883 ],, [ 44275379791061 ], 
  [ 94534575461 ], [ 1041670595359 ],, [ 150757532232087399809, 23281754326605895028833 ], 
  [ 254097832501 ], [ 703246182546581, 82688317263773099833 ],, 
  [ 63251997349, 3939826890913 ], [ 1078417070479352407 ], [ 3891695994761091551 ], 
  [ 278868906279579008765527 ], [ 2138453969 ], [ 1273704611613550651 ],, 
  [ 31200620537214031, 4402513846420440484361 ], [ 418274411867114653 ], 
  [ 399018544363934653 ],, [ 228803456420930243 ], [ 4159131121, 954649568161 ],, 
  [ 280592279027171, 2716438577499821442599 ],,, [ 6534499192621, 1161818068200314911 ], 
  [ 62965666033 ],,,, [ 858728742251, 9734948734282001 ], [ 12371982662581 ], 
  [ 7511338713736972801 ], [ 1500108802312319 ],,, [ 1833648257377793 ],,, 
  [ 1758822272911789 ], [ 1199371814785248700961 ], [ 1394051036547511 ],, [ 1162772906881 ],
  ,, [ 334915117169431 ], [ 1784299658887 ], 
  [ 10199576453461, 90431308687398009641, 7329220992385492453352509 ], 
  [ 7250531851, 8289325979029 ], [ 908367364424341 ], [ 3172517568817 ],, [ 15026078341 ], 
  [ 635014588458316053733, 1536056748635586587791 ],, [ 10707862298100719509 ],, 
  [ 114703006078273664152353788219813 ],, [ 1267384441, 215265581040574338347271521 ], 
  [ 46830276991, 15346322722677649 ],, [ 11178639749806877 ], 
  [ 699924400793, 28214196694273 ],,, [ 5071456686731 ],,, [ 1437414220691 ], 
  [ 908904690457, 12636893218993085149 ], [ 16360233958469224992257 ],, 
  [ 991181474641, 189982495513282286994397 ], [ 4716572257462411961 ], [ 18136919381249 ], 
  [ 9835361119, 414614238698089 ],, [ 243284461993, 4854818228339, 5213088861397 ],,, 
  [ 3880379545687 ], [ 215479663213 ], [ 49680268984193 ],,, [ 7143693521, 843861852381571 ],
  , [ 22834301903059 ],, [ 3968473408639 ],, [ 75699768649 ], [ 496946585533 ], 
  [ 1468211503424401, 634207241140051951, 865946683389665431, 4931253431904308671, 
      429285695778483203521 ],,, [ 18447705395723939977 ], [ 8596720679713, 48784655307499 ],
  [ 272870914241 ],,, [ 2281297661089, 12121451050937, 4372056415356269 ], 
  [ 91809375511429, 97693387736569921 ], [ 64365364051, 1983563535851, 16557513248005601 ], 
  [ 28170812737, 99389306121630115469 ],, [ 1750093078313, 2382413291247622657 ],, 
  [ 33826706101, 330352267961201950529671 ], [ 8095627129 ],,,,, 
  [ 1414415401199137, 961767942789642870337 ], [ 34385680421 ], [ 528307694858893 ],,, 
  [ 3837375265219 ], [ 100451082331, 160584593149 ], [ 703116650111 ], [ 18334275463193 ], 
  [ 622727607511, 46116884269711 ],, [ 884664115571, 31891459311601, 1733221627166669 ],, 
  [ 120636869151179 ], [ 76112247866220904801 ],,, [ 3004583791622989 ], [ 5569686003121 ],, 
  [ 6372736524121465755469 ], [ 16942508857, 75656375316439 ],, [ 156535094537 ], 
  [ 151642191929066058205081 ],, [ 1067393563, 2686522547 ], [ 575224229660191 ],,,,,, 
  [ 11253621781 ], [ 33241312761245541791 ], [ 1008073039 ],, [ 15257537416651 ], 
  [ 3389774807, 10593511853 ], [ 212864700850473751 ], [ 97911374593 ],, 
  [ 151919186959, 127303472148301, 117891834979020103 ], [ 18376942147, 339256995769 ],, 
  [ 19338072271201 ], [ 31994490744944005013 ], [ 2159915479, 214158816101800333 ], 
  [ 5637591874601258881 ], [ 24354054947531, 331256059262591 ],, [ 172210849435837 ],, 
  [ 1844072508367 ], [ 1339873861, 5536809459091, 2390135872316791 ], [ 1011050147 ], 
  [ 34966567777, 898169731612129407089 ], [ 1496519228288046367 ],, [ 108800033908901 ], 
  [ 63837790917563113309 ], [ 4222423717, 281098532400373 ],,,, 
  [ 22996280616409, 174964937564863 ],, [ 1515222415331 ],, [ 5942914921 ], 
  [ 9380173043205119 ],, [ 4013364063748443361 ], [ 1137879511315123 ], 
  [ 38593826441, 14054471560242611, 55437593572889051 ], [ 5629066687, 4374150283621 ],,, 
  [ 3750334550299, 78350074237929922327 ], [ 34634681906941 ],, [ 19371824239 ],, 
  [ 1456403750023 ],,,,,, [ 12154973651 ], [ 398446927903, 23967249026701 ],, 
  [ 192481931401167482149 ],, [ 5816948714189915011 ],, [ 2893337888257 ],, [ 1201196123 ], 
  [ 5948074823256061 ], [ 72698115305393 ],, [ 144767160817 ],, 
  [ 1833552559961, 666654125514961 ], [ 78497021211967 ],,,, [ 68911670835151 ],,, 
  [ 23778462371777 ],, 
  [ 6276158290568725651, 1086115547648716345801, 15446498114483768335051 ],, 
  [ 220753412261, 2084608984561, 47632595681623801, 97036308420911557, 1958960180416295053 ],
  [ 184812838081 ], [ 4753739873543 ],, [ 151746974226457 ],,,,,,, [ 690779740367 ],,,,,,, 
  [ 109683571471 ],,, [ 22061391661 ],,,,,, [ 7545695623 ], [ 38048960323681 ],, 
  [ 476199903611, 1638882652397, 588627184839668081 ],, [ 1942766053196836297 ],,,, 
  [ 150517022737 ],,, [ 2413523267 ],, [ 5072813325630371 ], [ 64712925210623 ],,, 
  [ 2002167995899 ], [ 2208672678972457189 ],, [ 60481749001, 1629294457001 ], 
  [ 152453442289 ],,, [ 608883727734000143713 ],,,, [ 67292309583769 ],, [ 7955098033662541 ]
   ,,,, [ 33557209087, 768647147011, 23684778931547287 ], [ 2254148821 ],,, [ 2890511948647 ]
   ,, [ 9814545391318163081 ], [ 2045898229 ],,,,,,, [ 13504727809, 741015441409 ],,, 
  [ 3599842086469 ], [ 78469864873, 185540033932961, 123067315583565053 ], [ 44517625751 ], 
  [ 11521557301 ],,, [ 45157133353 ],,, [ 24705619921 ],, [ 905361162013828207 ],, 
  [ 35079703977697 ],, [ 189659704186855813 ], [ 104866099699 ],,,,, [ 12899151184417 ],, 
  [ 4983641969359, 1511589642944701 ], [ 8627164201 ], [ 68610857033 ],, 
  [ 52702350049, 76005595229563 ],,,, [ 5420855863 ], [ 9461602114297 ],, [ 1184252431 ], 
  [ 18721000153, 495473233405478113 ], [ 15653987367826230109 ],,, 
  [ 20425475204821, 43169206655041 ], [ 12589041419 ],,,,, [ 94087446337 ],,, [ 2862183439 ],
  ,, [ 335267373473449, 11595884563725331 ],,,,,, [ 364023349934161 ],, [ 2253059324148001 ],
  ,, [ 563821519207 ],,, [ 980577813530835937 ],,,,,, [ 135897331606110637777481 ],,,, 
  [ 9942184813202647, 11504604450681019 ],, [ 149815750552136609 ], [ 602451374281 ], 
  [ 6075239491 ],, [ 47798929240938052453 ],,,, [ 9449424607393 ], [ 97671000047 ],, 
  [ 3413533687 ],,, [ 104398980191201 ],, [ 304516057523809, 648060088961536369 ],, 
  [ 275584924009, 1169351285075719 ],,, [ 2604329213 ],,,,, [ 113512118899, 961167447223 ],,
  , [ 1171079911 ],,,,, [ 1117629553, 776396057733181 ], [ 18011601547, 496033773667 ],, 
  [ 102846788777791 ],,,,, [ 3144981059231051 ],,,, [ 18240468097 ],, [ 7763092193 ],, 
  [ 5299854421 ],, [ 2552177649992521 ],,, [ 4389723001 ],,,, [ 70550728403 ],,,, 
  [ 12288302137 ],,,,,, [ 7781455603, 66159130399 ],,, [ 3495856201, 24799700641 ],, 
  [ 370432116473, 750936619770481 ],,,, [ 18515185703675039 ],,, [ 39554737613 ], 
  [ 51361143045681173013511 ],,,, [ 5154954967 ],,,, [ 2877318331475633 ],,,,,,,, 
  [ 3001695046907 ],, [ 2826852841 ],, [ 4441493287081 ],, [ 58719085846033289 ],, 
  [ 52039730779 ],,,, [ 23803899707881 ], [ 22343652629 ], [ 2559507121 ],,,, 
  [ 10641706850501 ],, [ 176974029607 ], [ 1049748743 ], [ 4165630561 ],,,,,, 
  [ 573834623695410109 ],, [ 2183867297 ],, [ 308200970359 ], [ 2874101058089 ], 
  [ 34619153176721 ], [ 47507784871 ],,,,,,, [ 44694548181229 ], [ 200887080451 ],,,, 
  [ 346871934901 ],, [ 19562333881 ], [ 224071306453 ],,, [ 32508918751 ],,, 
  [ 196759855909 ], [ 587051258459 ],, [ 1272257731, 34242262921, 60304070251 ], 
  [ 15252534551, 638361490711759 ], [ 2551410161 ], [ 1743521281 ], 
  [ 14976382661, 354120765737 ], [ 78763699631 ],, [ 2843827644181 ], [ 23722212047 ],,,,,,,,
  ,, [ 12115556317 ], [ 1421278321, 163725098657 ],, [ 330028887667 ],,, [ 1457110999 ],, 
  [ 2990831117 ],,, [ 917144554219 ], [ 59499847921 ], [ 1829088601, 3426961514134273 ],, 
  [ 261971698927 ],,,, [ 10645331840597 ],,,,,,,,,, [ 581617844361401 ],,,, [ 13862865697 ],,
  ,,,,,,,, [ 32994547470851 ],,,,,,,,,, [ 1226650261 ],, [ 153388536649031 ],, 
  [ 533048157601 ], [ 1850401841 ],, [ 4178085031 ],,, [ 2538808777 ],,,,,,,,,, 
  [ 14854790210993 ],, [ 55173029341 ],, [ 126743758181, 2418835405741, 4840258808621 ],,,,,,
  ,,,,,,,,, [ 4875519251 ],,, [ 613922575589, 189688993903411 ],,,,,,,, [ 1522864973351 ],,,,
  ,,, [ 222614496551 ],,,,,,,,,,,,,,, [ 3244629041, 29315832373 ],, 
  [ 1317543143281, 1490783014631, 535114659965341 ],, [ 82633110439441 ],,,,,, 
  [ 21574236547 ],, [ 135526933405121 ],,, [ 694170052291 ], [ 40360461373 ],,,, 
  [ 5653909601 ],, [ 1751506422271, 732836774551681 ], [ 60557384707 ],,,,, 
  [ 128643821281, 2780920866673, 36835784759593 ],, [ 16874232607 ],, 
  [ 2741447021, 255096644461 ],, [ 4052911587931, 1498516702367263 ],, [ 14231033134961 ],,,
  , [ 6430464121, 215513755381, 24003570061633 ],,,,,,,,,,,,,, 
  [ 284003257135469, 522573711076561 ],,,, [ 9225291307, 2851167784837 ],, [ 10951865307857 ]
   ,,,, [ 281733451569721 ],,,,,, [ 4418035636279 ],, [ 5262916541, 568100639401 ],,,, 
  [ 1328089057 ],,,,,,,,, [ 2925824851 ],,,,,,,, [ 119996146271 ],,,,,,,,,,,, [ 2521703447 ],
  ,,,,,,,,,,,,,,, [ 1106609239 ],, [ 55679680811 ],,,,,,,,,, [ 572315192041 ], 
  [ 18979243291 ],, [ 32383125037, 1029062045017 ],,,,,,,,,,, [ 705150814891 ],,,,,, 
  [ 3225505783, 138597986503 ],,,,,,,,,,,,,,,,,,, [ 41881944506761 ], [ 2265291713 ],,,,,, 
  [ 1390162127, 4353193687 ],,,,,,,,, [ 1600759513 ],, [ 19936904257 ],,,,,,, 
  [ 58767933251 ],,,,,,, [ 320606440129 ],,,, [ 99921690541 ],, [ 8499460841 ],, 
  [ 34645626401 ],,,,,,,,,,, [ 7947109483 ],, [ 1287405241 ],, [ 1565421511 ],,,,, 
  [ 1831577581, 108589979851741 ],,,,,,,,,,,, [ 6313357441 ], [ 270163956679 ],,,,,, 
  [ 2888608153, 228784031657 ],,, [ 3646356001 ], [ 49651981987859 ],,,,,,, [ 1318420747801 ]
   ,,,, [ 43561374487 ],,,,,,, [ 314781160697 ],,, [ 17317022977 ],,,,,,,,,, [ 12468260227 ],
  , [ 12722637773, 977414940113 ],,,,,, [ 3484567951 ],, [ 1953788593 ],, [ 13734627481 ],,,,
  , [ 430933129313 ],,,,,,, [ 282453812677, 6076407313663 ],,, [ 1124235751 ],, 
  [ 9714902947 ], [ 1012155892777 ],,,,,, [ 18431291701 ],,,,,,,,,,,,, [ 77984544683 ],,,,,,,
  ,,,,,,,,,, [ 1072501921, 2396042108464528441 ],,,,,,,, [ 58799187533 ],,, [ 14333959243 ],,
  ,,,,,, [ 5837639939 ],, [ 8022974737 ],, [ 1768633463 ],,,,,,,,,,,,,,,,,,, [ 2640521101 ],,
  , [ 99668970451 ], [ 22849808651 ],,,,,, [ 125014647351809 ], [ 7112371319, 37524781087 ],,
  ,,,,, [ 372956370601 ],,,,,,,, [ 2490261617 ],,, [ 1045271569 ],,,,,,,,,,,,,,,,,,,,,,,,,,,
  , [ 173572306273 ],,,,,,, [ 13551812801 ],, [ 1197582769 ],,,,,,,,,, [ 99579771331 ], 
  [ 1377372781 ], [ 3766172129821 ],, [ 4756212427 ],,,,,,,,,, [ 2185350913 ],,,, 
  [ 1064208493, 117317042417 ], [ 48616630987 ], [ 232550564437 ],,, [ 2926361167 ], 
  [ 1619230077589 ],,,,,,,,,,,, [ 3673412219 ],,,,, [ 4543127161 ], [ 1242116571601 ],, 
  [ 4300399603 ],,, [ 61707669901 ],,,,,,, [ 655180022969 ],,, [ 1552603991, 71237931731 ], 
  [ 6493465633 ], [ 29022353257 ],,, [ 3035846881, 6924817441 ],,,, [ 1950452677 ],, 
  [ 3414289391419 ], [ 48588853517 ], [ 4918827041 ], [ 6841395541 ],,,,, [ 101669232827 ],,,
  ,,,,,,, [ 39305947801 ],,,,, [ 9642536567 ],, [ 23514755819 ], [ 8029502401 ],,,, 
  [ 2004766669 ],,,,,,, [ 1443377207 ],,, [ 176295021857 ], [ 4027031100649 ],,,,,,, 
  [ 1677676843 ], [ 30397057601 ],, [ 8048734273 ],,, [ 1387836001 ],,, [ 5324215177 ], 
  [ 1765360609 ], [ 57930529231 ], [ 1218831403 ],,,,,,,,,, 
  [ 1384999409, 1513275749, 55870835309 ],,, [ 3465012167 ],,,,,,,, [ 97659370513 ],,,,,, 
  [ 390901065031 ],,,,,,,,,,,, [ 4756786171 ],,,,,,,,,, [ 5498753138861 ],,, [ 17953114441 ],
  ,, [ 130095984719 ],, [ 204719264209 ],, [ 3402216101, 13045010551 ],,,,,,,,,,, 
  [ 15231192113 ],,,,,,,,,,, [ 3761729581 ],,,,,,,,,, [ 9328747741 ],,,,,,,,,,,,,,,,,,,,,,,,,
  , [ 521141794321 ],,, [ 3976248043 ],,,, [ 51873537281 ],,,, [ 15918424733 ],,,,,,,,,,,,,,
  , [ 62118661097, 19374862082759 ],,,,,,, [ 1207058401 ],,,,, [ 3538062881 ],,,,,, 
  [ 43684648517 ], [ 2301231181 ],, [ 3012280871 ],,,,,,,, [ 5830758029 ],,,,,,,,, 
  [ 57021352403 ],, [ 371696851777 ],,, [ 10012733173 ],,,,,,,, [ 1001245601 ],,,,,, 
  [ 3215659873 ],, [ 2756840101 ],,,,,, [ 3248285236883 ],,,,,, [ 14784872321 ],,, 
  [ 12522998329 ],,,,,,,,, [ 2351335489 ],, [ 21226100347 ],,,,,, [ 1335749281 ],, 
  [ 40892988455359 ],,,, [ 4241779543 ], [ 11027650993 ],, [ 21807455473 ],,,,,,,,,,,, 
  [ 103636681441 ],,,,,,,,,,,,,,,,,,,,, [ 41455188127 ],,,,,,,,,,,,,,,,,, [ 5674921201 ], 
  [ 5269758419 ],,,, [ 10008114911 ],, [ 70799687531 ],,,,, [ 2080612693 ],, 
  [ 2012975777069 ],,,,, [ 1170308221 ],,,, [ 2265460331 ],,,,,,,,,,,,,,,,,,, [ 1319774581 ],
  ,,,,,, [ 1170882949, 891187620931 ],,,,,, [ 16979601521 ],, [ 8020156447 ],,,,, 
  [ 3216880577 ],,,,,,,,,,,,,,,,,,, [ 29892716569 ],,,, [ 22892691641 ], [ 1389478439 ],,,,, 
  [ 1488118669, 2312050061 ],,,,, [ 23281990777 ],, [ 2070640183 ],,,,,,,,,,,,,,,,,,,,,, 
  [ 4124198401 ],,,,,,,,,,,, [ 2377768395157 ],,,,,,,,,, [ 130223322949 ],,,,,,,,,,,,,,,,,,,
  , [ 195126134617 ],,,,, [ 3323041723499 ], [ 16391855761 ],,,,,,,,,,,,,,,,,,,,, 
  [ 1298904517 ],,, [ 7073074081 ],,,, [ 2551446881 ],,,, [ 18908757204063342001 ],, 
  [ 404298016123 ],,,,,,,,,, [ 1199272721 ],,,, [ 85513532833 ],, [ 1298829197 ],,,,,, 
  [ 1277934857761 ],, [ 1694530193 ],,,,, [ 1463045733169 ],,,,,,,,,,,,,,,,,, 
  [ 83912078203 ],,, [ 32743681921 ],, [ 3407731482767 ],,, [ 4412358692237 ],,,,,,,,,,,,,,,,
  , [ 1176638273 ],,,,,,,, [ 31279068577 ],,,, [ 1459121539 ],,,,,, [ 160638803573 ],,,,,,,,,
  ,, [ 7515915907 ],,,,,, [ 1859235349 ], [ 872319388211 ],,,,,,,,,,, [ 5293184569 ],,,, 
  [ 17486472001 ],, [ 240551576101, 292964216761 ],,,,,,,,,,,,,,,,,,,,,,,, [ 29036430739 ],,,
  , [ 7445606891 ],, [ 65790234229 ],,,,, [ 3240133189 ],, [ 9774175589 ],,,, [ 6044570449 ],
  , [ 5147020831, 273556438751 ],,,, [ 2487353839 ],,,,,,,,,,,, [ 1560414893 ],,,, 
  [ 1564253491 ],,,,,,,,,,,,,,,, [ 3501969851 ],,,,, [ 8869156759 ],,,,,,,,,,,, 
  [ 1226651401, 112319795953 ],,,,,,,,,,,,,,, [ 2112269161 ],,,,,,,,,, [ 1151236769 ],, 
  [ 45191617175251 ],,,,,,,, [ 1572846029 ],,,, [ 12748227103 ],,,,,,,,,,,,,,,,,, 
  [ 8791356241 ],,,,,,,,,,,, [ 3402104989 ],,,,,,,,,,,,,,,,,,,,,,,,,, [ 99576076091 ],,,,,, 
  [ 11615317141 ],,,,,,,,,,,,,,,, [ 10582448761 ],,, [ 259243085971 ],,,,,,,,,,,, 
  [ 2364919261 ], [ 457055124949 ],,,,,, [ 80598192959 ],,,,,,,,,,,,, [ 9277396001 ],,,,,,,,,
  ,,,, [ 5913225301 ],, [ 1675033891 ], [ 3172608337 ],,,,,, [ 56186562097 ],,,,,, 
  [ 10558695493 ],, [ 26644364891 ],,,,,,,,,, [ 2031831271 ],,,,, 
  [ 12462995161, 177519581581 ],,,, [ 5907324361 ],,,,,,,,,,,,,,,,,,,,,,,,,,,, 
  [ 236835519373 ],,,, [ 1183409735881 ],,,,,,,, [ 16917156257 ],,,, [ 202204511021 ],,,,,,,,
  ,, [ 1434568717 ],, [ 68610137441 ],,,,,,,,,,,, [ 60151101053 ], [ 32355051481 ],,,,,,,,,,,
  ,,,,,,,, [ 1407219889 ],,,,,,,,,,,,,,,,, [ 47803208581 ],,,,,,, [ 6214939697, 12655375441 ]
   ,,,,,, [ 1351022161 ],,,,,,,,,, [ 208734661609 ],,,,,,,,,,,, [ 19361117833 ], 
  [ 72582584761 ],,,,,,,,,,, [ 659431102961 ],,,,,,,,,,,,,,,, [ 3422396449 ],,,,,,,,, 
  [ 10847527723 ],,,,,,,,, [ 12267738631 ],,,,,,,,,,,,,,, [ 29441616751 ], [ 22625090801 ],,,
  ,,, [ 4742392873, 58247394409 ],,,,, [ 7970801887 ], [ 1774535117 ],,,,,,,,,,,,,,,,,,,, 
  [ 34244369581 ],,,,,,,, [ 64042913269 ],, [ 1323613477 ],,,, [ 389851688417 ],,,,,, 
  [ 155402184211 ], [ 263707954381 ],,,,,,,,, [ 7679992321 ],,,,,,,,, [ 3008783989 ],,,,,, 
  [ 19425331147 ],,,,,,,,,,,,,,,,,,,,,,, [ 6300339379 ],,,,,,,,,, [ 7729561153 ],,,,,,,,,,,,,
  ,,, [ 3696453377 ],,,,,,,, [ 1144478161 ],,,,,,,,,,,,,,,,,,,,,,,,,,,, [ 7567833629 ],,,,,,,
  ,,, [ 2716505453 ],,,,,,,,,,,, [ 140356507351 ],,,,,,,, [ 21670045207 ],,,,,,,, 
  [ 5099743081 ],,,,,,,,,,,,,,,,,,,,,,,,,,,,,,,,,,,,,, [ 126840995249 ],,,,,,, 
  [ 604178947549 ],,,,,,,,,,,,,,,,,,, [ 2214959581 ],,,,,,,,,,,,,, 
  [ 1076504089, 2708523049, 258632388961 ],,,, [ 1506527000441 ],,,,,, [ 1253885459 ],, 
  [ 37442244817 ],,,, [ 37955243321 ],, [ 80670117247 ],, [ 8805927173 ], [ 4986738901 ],,,,
  , [ 2925013141 ],,,,,, [ 313785220201 ],,,, [ 3401294821 ],,,,,,,,,,,,,,, [ 27526971541 ],,
  ,,,,,,,,,,,,,,,,,,,,,,, [ 8863208381 ],,,,,,,,,,,,,,,,,,,,,,,,,,,,,,,,,, [ 91905154529 ],, 
  [ 27090927449 ],, [ 8026452487 ],,,, [ 91426684423 ],,,,,,,,,,,,,,,,,,,,,,,,,,,,,,,, 
  [ 2554591597 ],,,,,,,,,, [ 2720173241 ],,,, [ 689340728441 ],,,,,,,, [ 14703224633 ],,,,,,,
  ,,,,,,,,,,,,,,,,, [ 26878407401 ],, [ 5197860097 ],,, [ 10696296511 ],,,,, [ 169630885231 ]
   ,,,,,,,,,,,,,,,,,, [ 1884116393 ],,,,,,,, [ 2719526657 ],,,,,,,,,,,,,,,,,,,,,,,,,,,, 
  [ 4568717917 ],,,,,,,,,,,,,,,,,,,, [ 3083560721 ],,,,,,,,,,,,,,,,,, [ 32164423009 ],,,,,, 
  [ 56287599273412561 ],, [ 2522029591 ],,,,,,,,,,,,,,,,,,,,,, [ 85917438913 ],,,, 
  [ 19840093981 ],,,,,,,,,,,,,, [ 20327629403251 ],,,,, [ 679574199781 ],,,,,,,,,,,,,,, 
  [ 1147053871, 2051974051 ],,,,,,,,,,,,,,,,,,,,,,,,,,,,,,,,,,,,,,,,,,,,, [ 6983246401 ],,,,,
  ,, [ 1159255087 ],,,,,,,,,,,,,,,,,, [ 1792451081 ],,,,,,,,,,,,,, [ 2126395753 ],,,,,,,,,,,
  , [ 99787883977 ],,,,,,,,, [ 1526157733501 ],,,,, [ 6852622141 ],,,,,,,,,, 
  [ 7683874516891 ],,,,,,,,,,,,,,,,,,,,,,,, [ 56729424043 ],,,,,,,,,,,,,, [ 2265047573 ],,,, 
  [ 8794434793 ],,,,,,,, [ 7910940481 ],,,,,,,,,,,,,,,,,, [ 12223777567 ],,,,,, 
  [ 9093914497 ],,,, [ 2351751373 ],,,,,, [ 4295090323 ],, [ 16861924310837 ],,,,,, 
  [ 237786800227 ],,,, [ 1088137471 ],,,,,, [ 7420800313 ],,,,,,,,,,,,,,,,,,,,,,,,,,,,,,,,,,,
  ,,,,,,, [ 66704787169 ],,,,,,,,,,,,,,,,,,,,,,,,,,,,,, [ 1252115346637 ],,,,,,,,,, 
  [ 2106905167 ],,,, [ 39614438839 ],,,, [ 1244505007 ],,,,,, [ 171365108149 ],,,,,,,,,, 
  [ 14096834473 ],,,,,, [ 7151341517 ],,,, [ 91404877169 ],,,, [ 21730077349 ],,,,,,,,,,,,,, 
  [ 55910907571 ],,,,,,,,,, [ 301621772989 ],,,,,,,,,,,,,,,, [ 116385226453 ],,,,,,,,,, 
  [ 4550606273, 126082092391 ],,,,,, [ 1397933489 ],,,,,, [ 295057374877 ],,,, 
  [ 1069783081 ],,,,,, [ 3067847317 ],,,,,,,,,,,,,,,,,, [ 3406669249 ],,,, [ 2588092513 ],, 
  [ 28254722689 ],,,,,,,,,,,,,,,,,,,,,,,,,,,,,,,,,,,,,,,,,,,, [ 18016282484593 ],,,,,,,, 
  [ 6843717691841 ],,,,,,,,,,,,,,,,,,,,,,,,,,,,,,,,,,,, [ 111379696273 ],,,,,,,,,,,, 
  [ 1055664391937 ],,,,,,,,,,,,,,,,,,,,,,,,,, [ 6596278147, 160548489289 ],,,,,,,,,,,, 
  [ 2338744909 ],,,,,,,,,,,,,,,,,, [ 332189718337 ],,,,,,,,,,,,,,,,,,,,,,,, [ 4687994881 ],,,
  ,,,,,,,,,,,,,,, [ 10749851029 ],,,,,,,,,, [ 3755118973 ],,,,,,,,,,,,,,,,,,,,,,,,,,,, 
  [ 16602402097 ],,,,,,,,,,,,,,,,,,,,,,,,,, [ 8570606711 ],,,,,,,,,,,,,,,,,,,, 
  [ 14859482191 ],,,,,,,,,,,,,,,,,, [ 6359561737 ],,,,,, [ 3322488151 ],,,,,,,,,,,,,,,,,,,,,,
  ,,,,,,,,,,,,,,,,,,,,,,,,,, [ 4965734071 ],,,,,,,,,,,, [ 5712656503 ],,,,,,,,,,,,,,,, 
  [ 6512228881 ],,,,,,,, [ 229435939009 ],, [ 3512482301 ],, [ 266770136627 ],,,,,,,,,,,,,,,,
  ,,,,,,,,,,,,,,,,,,,,,, [ 2434137841 ],,,, [ 14018725169 ],, [ 209525440129 ],,,,,,,,,,,,,,,
  ,,,,,,,,,,,,,,,,,,,,,,,,,,,,, [ 1076268541, 4532201491 ],,,,,,,,,,,,,,,,,,,, 
  [ 3068765831 ],,,,,,,,,,,,,, [ 4021725313 ],,,,,, [ 27684745111 ],,,,,,,,,,,,,,,,,, 
  [ 262691451793 ],,,,,,,, [ 7469377889 ],,,,,,,,,,,,,,,,,,,,,,,,,,,,,,,,,, [ 27351705811 ],,
  ,,,,,,,, [ 54564355501 ],,,,,,,,,,,,,,,,,,,, [ 17832627361 ],,,,,,,,,,,,,,,,,,,,,,,,,,,,,,,
  ,,,,, [ 309318562477 ],,,,,, [ 2714817199 ],,,,,, [ 7080689617 ],,,,,, [ 367073100271 ],,,,
  ,,,,,,,,,,,,,,,,,,,,,,,,,,,,,,,, [ 2088690661 ],,,,,,,,,,,,,,,,,,,,,,,,,,,,,,,,,,,,,,,,,,,,
  ,,,,,,,,,,,,,,,,,,,,,,,,,, [ 668704659841 ],,,,,,,, [ 93372866929 ],,,,,,,,,,,,,,,,,,,,,,,,
  ,,,,,,,,,,,,,,,,,,,,,,,,,,,,,,,,,,,,,,,,,,,,,,,,,,,,,,,,,,,,,,,,,, [ 402349826509 ],,,,,,,,
  ,,,,,,,,,,,,,,,,,,,,,,,,,,,,,,,,,,,,,,,, [ 369186196663 ],,,,,,,,,,,,,,,,,,,,,,,,,,,,,,,,,,
  ,,,,,,,,,,,,,,,,,,,,,,,,,,,,,,,,,,,,,,,,,,,,,,,,,,,,,,,,,,,,,,,,,,,,,,,,,,,,,,,,,,,,,,,,,,,
  ,,,,,,,,,,,,,,,,,,,,,,,,,,,,,,,,,,,,,,,,,,,,,,,,, [ 1907673601 ],,,,,,,,,,,, 
  [ 3492573661 ],,,,,,,,,,,,,,,,,,,,,,,,,,,, [ 83102662539161 ],,,,,,,,,,,,,,,,,,,, 
  [ 6248278441, 35846490061 ],,,,,,,,,,,,,,,,,,,,,,,,,,,,,,,,,,,,,,,,,,,,,,,,,,,,,,,,,,,,,,,,
  ,,,,,,,,,,,,,,,,,,,,,,,,,,,,,,,,,,,,,,,,,,,,,,,,,,,,,,,, [ 5080033261 ],,,,,, 
  [ 8577151543 ],,,,,,,,,,,,,,,,,,,,,,,,,,,,,,,,,,,,,,,,,,,,,,,,,,,,,, 
  [ 1613072161, 62504043841 ],,,,,,,,,,,,,,,,,,,, [ 11201716681 ],,,,,,,,,,,,,,,,,,,,,,,,,,,,
  ,,,,,, [ 246789058753 ],,,,,, [ 7585617601 ],,,,,,,,,,,,,,,,,,,,,,,,,,,,,,,,,,,,,,,,,,,,,,,
  ,,,,,,,,,,,,, [ 107840217721 ],,,,,,,,,,,,,,,,,,,, [ 1305308201 ],,,,,,,,,,,,,,,,,,,,,,,,,,
  ,, [ 1898008729 ],,,,,, [ 3333544831 ],,,,,,,,,,,,,,,,,,,,,,,,,,,,,,,,,,,,,,,,,,,,,,,,,,,,,
  ,,,,,,,,,,,,,,,,,,,,,,,,,,,,,,,,,,,,,,,,,,,,,,,,,,,,,,,,,,,,,,,,,,,,,,,,,,,,,,,,,,,,,,,,,,,
  ,,,,,,,,,,,,,,,,,,,,,,,,,,,,,, [ 4725155982301 ],,,,,,,,,,,,,,,,,, [ 6199389967 ],,,,,, 
  [ 53419405777 ],,,,,,,,,,,,,,,,,,,,,,,,,,,,,, [ 2562452773 ],,,,,,,,,,,,,,,,,, 
  [ 2176754581 ],,,,,,,,,,,,,,,,,,,,,,,,,,,,,, [ 1524874951, 7966544491 ],,,,,,,,,,,,,,,,,,,,
  ,,,, [ 59035723711 ],,,,,,,,,,,,,,,,,,,,,,,,,,,,,, [ 55006043401 ],,,,,,,,,,,,,,,,,, 
  [ 1508041747 ],,,,,, [ 46936992769 ],,,,,,,,,,,, [ 2555835406021 ],,,,,,,,,,,,,,,,,,,,,,,,,
  ,,,,,,,,,,,,,,,,,,,,,,,,,,,,,,,,,,,,,,,,,,,,,,,,,,,,,,,,,,,,,,,,,,,,,,,,,,,,,,,,,,,,,,,,,,,
  ,,,,,,,,,,,,,,,,,,,,,,,,,,,,,,,,,,,,,,,,,,,,,,,,,,,,,,,,,,,,,,,,,,,,,,,,,,,,,,,,,,,,,,,,,,,
  ,,,,,,,,,,,,,,,,,,,,, [ 7369660849 ],,,,,,,,,,,, [ 222576273721 ],,,,,,,,,,,,,,,,,,,,,,,,,,
  ,,,,,,,,,,,,,,,,,,,,,,,,,,,,,,,,,,,,,,,,,,,,,,,,,,,,,,,,,,,,,,,,,,,,,,,,,,,,,,,,,,,,,,,,,,,
  ,,, [ 1813654261 ],,,,,,,,,,,,,,,,,,,,,,,,,,,,,,,,,,,,,,,,,,,,,,,,,,,,,,,,,,,,,,,,,,,,,,,,,
  ,,,,,,,,,,,,,,,,,,,,,,,,,,,,,,,,,,,,,,,,,,,,,,,,,,,,,,,,,,,,,,,,,,,,,,,,,,,,,,,,,,,,,,,,,,,
  ,,,,,,,,,,,,,,,,,,,,,,,,,,,,,,,,,,,,,,,,,,,,,,,,,,,,,,,,,,,,,,,,,,,,,,,,,,,,,,,,,,,,,,,,,,,
  ,,,,,,,,,,,,,,, [ 42785390971 ],,,,,, [ 2831450161 ],,,,,,,,,,,,,,,,,,,,,,,,,,,,,,,,,,,,,,,
  ,,,,,,,,,,,,,,,,,,,,,,,,,,,,,,,,,,,,,,,,,,,,,,,,,,,,,,,,,,,,,,,,,,,,,,,,,,,,,,,,,,,,,,,,,,,
  ,,,,,,,,,,,,,,,,,,,,,,,,,,,,,,,,,,,,,,,,,,,,,,,,,,,,,,,,,,,,,,,,,,,,,,,,,, [ 3434911861 ],,
  ,,,, [ 42272072263 ],,,,,,,,,,,,,,,,,,,,,,,,,,,,,,,,,,,,,,,,,,,,,,,,,,,,,,,,,,,,,,,,,,,,,,,
  ,,,,,,,,,,,,,,,,,,,,,,,,,,,,,,,,,,,,,,,,,,,,,,,,,,,,,,,,,,,,,,,,,,,,,,,,,,,,,,,,,,,,,,,,,,,
  ,,,,,,,,,,,,,,,,,,,,,,,,,,,,,,,,,,,,,,,,,, [ 60997140361 ],,,,,,,,,,,,,,,,,,,,,,,,,,,,,,,,,
  ,,,,,,,,,,,,,,,,,,,,,,,,,,,,,,,,,,,,,,,,,,,,,,,,,,,,,,,,,,,,,,,,,,,,,,,,,,,,,,,,,,,,,,,,,,,
  ,,,,,,,,,,,,,,,,,,,,,,,,,,,,,,,,,,,,,,,,,,,,,,,,,,,,,,,,,,,,,,,,,,,,,,,,,,,,,,,,,,,,,,,,,,,
  ,,,,,,,,,,,,,,,,,,,,,,,,,,,,,,,,,,,,,,,,,,,,,,,,,,,,,,,,,,,,,,,,,,,,,,,,,,,,,,,,,,,,,,,,,,,
  ,,,,,,,,,,,,,,,,,,,,,,,,,,,,,,,,,,,,,,,,,,,,,,,,,,,,,,,,,,,,,,,,,,,,,,,,,,,,,,,,,,,, 
  [ 12774827521 ],,,,,,,,,,,,,,,,,,,,,,,,,,,,,,,,,,,,,,,,,,,,,,,,,,,,,,,,,,,,,,,,,,,,,,,,,,,,
  ,,,,,,,,,,,,,,,,,,,,,,,,,,,,,,,,,,,,,,,,,,,,,,,,,,,,,,,,,,,,,,,,,,,,,,,,,,,,,,,,,,,,,,,,,,,
  ,,,,,,,,,,,,,,,,,,,,,,,,,,,,,,,,,,,,,,,,,,,,,,,,,,,,,,,,,,,,,,,,,,,,,,,,, [ 2504402093161 ]
   ,,,,,,,,,,,,,,,,,,,,,,,,,,,,,,,,,,,,,,,,,,,,,,,,,,,,,,,,,,,,,,,,,,,,,,,,,,,,,,,,,,,,,,,,,,
  ,,,,,,,,,,,,,,,,,,,,,,,,,,,,,,,,,,,,,,,,,,,,,,,,,,,,,,,,,,,,,,,,,,,,,,,,,,,,,,,,,,,,,,,,,,,
  ,,,,,,,,,,,,,,,,,,,,,,,,,,,,,,,,,,,,,,,,,,,,,,,,,,,,,,,,,,,,,,,,,,,,,,,,,,,,,,,,,,,,,,,,,,,
  ,,,,,,,,,,,,,,,,,,,,,,,,,,,,,,,,,,,,,,,,,,,,,,,,,,,,,,,,,, [ 4596868321 ],,,,,,,,,,,,,,,,,,
  ,,,,,,,,,,,,,,,,,,,,,,,,,,,,,,,,,,,,,,,,,,,,,,,,,,,,,,,,,,,,,,,,,,,,,,,,,,,,,,,,,,,,,,,,,,,
  ,,,,,,,,,,,,,,,,,,,,,,,,,,,,,,,,,,,,,,,,,,,,,,,,,,,,,,,,,,,,,,,,,,,,,,, [ 40452609121 ],,,,
  ,,,,,,,,,,,,,,,,,,,,,,,,,,,,,,,,,,,,,,,,,,,,,,,,,,,,,,,,,,,,,,,,,,,,,,,,,,,,,,,,,,,,,,,,,,,
  ,,,,,,,,,,,,,,,,,,,,,,,,,,,,,,,,,,,,,,,,,,,,,,,,,,,,,,,,,,,,,,,,,,,,,,,,,,,,,,,,,,,,,,,,,,,
  ,,,,,,,,,,,,,,,,,,,,,,,,,,,,,,,,,,,,,,,,,,,,,,,,,,,,,,,,,,,,,,,,,,,,,,,,,,,,,,,,,,,,,,,,,,,
  ,,,,,,,,,,,,,,,,,,,,,,,,,,,,,,,,,,,,,,,,,,,,,,,,,,,,,,,,,,,,,,,,,,,,,,,,,,,,,,,,,,,,,,,,,,,
  ,,,,,,,,,,,,,,,,,,,,,,,,,,,,,,,,,,,,,,,,,,,,,,,,,,,,,, [ 29203857409 ] ]);
