BRENTFACTORS[473]:=MakeImmutable([ ,,,,,,,,,,,,,,,, [ 1406505439 ],,,, [ 2070375693494389 ],,
  , [ 1882801633 ], [ 53094634051 ], [ 1002732719 ], [ 11171235853 ], [ 10823065178801 ], 
  [ 350837647484557169, 118724698958383050367 ],,, [ 135083403377921 ],, [ 206666625203 ], 
  [ 916552089213679871 ],, [ 305392979085528043 ], [ 218790020257 ], 
  [ 6525831160620799, 19091957270144617 ],, [ 397004394143444839179413 ],, 
  [ 208754129349543725918308919953 ], [ 2825140128115318289 ], 
  [ 38603056686121, 4472569083068748001 ],, 
  [ 34437009939075794623, 522657352877256303378985872214659116623 ],, 
  [ 1619881410473327, 2023001814929522896984019 ],,, [ 63649017922038749776369 ], 
  [ 7000962740201286427, 18066056799358662537496643224967 ], [ 92143819001323 ], 
  [ 1313831861, 1042920818460071, 507870260432523027601 ], [ 4274959753, 3536784636732257 ], 
  [ 102983312256283, 2556858461132465067757 ], [ 105715646882639539 ], 
  [ 1043815467927655492393, 60727793317287743077373087504610311857764687877 ], 
  [ 11334492661 ], 
  [ 12321705920830098205414853400705094341400088895491141052379612442624677585897 ], 
  [ 3408320841399860477721541386610871 ], [ 2274103693, 1396906078303 ], 
  [ 5817739281403368688643016114497 ], 
  [ 2214296268731, 1035292870565461, 10577729983099501, 29008187634867148453933682821 ],, 
  [ 5756701023430753448602084189386877863373, 
      4999578036715280485239319941818161582750598270533294793 ], [ 1450411437510793 ], 
  [ 445042575704329, 35256857683874353 ],, [ 734827487747, 4013403539688191671015207 ], 
  [ 609339946753, 2485199250926848633321 ], 
  [ 97319346691742873921, 19043882015207784357088504294365337 ], 
  [ 1098551609, 47927600209826921458009 ], 
  [ 1268415751, 191024122706398090737232173987026101 ], 
  [ 27685001771023921, 8088350025620414691930301 ], 
  [ 6541419011821, 815992463981065075949984962940814827039 ],, [ 5196307337639401 ], 
  [ 1269535681, 17279530703521401614521361 ], [ 86559988231 ], 
  [ 1975613927982829129, 1690694207588253656957429191937 ], [ 378906549534328499 ], 
  [ 175310328397, 19217644494496631653 ], [ 90936548075951 ], 
  [ 380520150863, 2159480508937, 7084041022556170962022172073367 ], 
  [ 3236697553502059149577760129568895729087, 
      10708349473162744063259663915573735698850723005297 ], 
  [ 446132039849, 2909227132153, 7707815957468001596373129887449 ],, 
  [ 430681755714391, 6336419437214821 ],, [ 96074912279057464878928085351367737 ], 
  [ 84527578240096692433246391599, 12410976906440950133056285748041129 ],, 
  [ 312454227210341 ], [ 2135129582530677761165711054164046330114209 ], 
  [ 169045578199909319, 183372771117107509360481 ], [ 344409152572757288275301399911 ], 
  [ 466767222287866224674186935766440697919816619 ],,,, [ 610183978520549 ], 
  [ 5370697697, 4225983374916366649 ], [ 9969309841 ], [ 146102903257, 7583880885091041877 ],
  , [ 8620577281, 11849046795434054540161 ],, 
  [ 1375219147730011, 322192845196015990714703791, 77904992542379175086105553461 ], 
  [ 3447630927991 ], 
  [ 513655909537, 6229067247364686141538129, 17989451701876335373149750267614977 ], 
  [ 388558569331, 99951886995811697531, 507260745518477622183139 ],, 
  [ 28737304504621, 54565902552666438228391 ], [ 80463419508702014050028367522720053 ], 
  [ 15041634193 ], [ 540747187896444827, 3518861605785998361671879 ], 
  [ 170737187321, 698053299307421221707371229073 ],, [ 66505903512610104611531 ], 
  [ 254099280781 ], [ 719294987231827, 26987165229269860717, 47244407113385933507042593 ], 
  [ 5026731761633, 251062681609359233, 1294362303465272945747589173 ], 
  [ 130349149001009501 ], [ 125701530706837, 64327603889517193 ],, 
  [ 189687956287808012052737, 3749661082816878837476745263558657 ],, 
  [ 1512062966311, 65869077458974922081 ], [ 22281478736927 ], 
  [ 780770337587168813947931378137 ],, 
  [ 23722741477441, 825671120174699060747, 192537347704469592471355982119353487653677 ], 
  [ 18742729387771, 27965003075212969608571, 12546962212735732737143621161, 
      155965856387117845790919566881, 2426933443107546870247141542812325871 ], 
  [ 45046615673011553 ],, [ 104557208949390112441 ], [ 23607025205074445374754619932551 ], 
  [ 1684810942081, 48423342819188401 ], [ 389219262407701441 ], 
  [ 750771151645864925252749745631907835931539175521, 
      743317618176554819746711426481090367042404954768627118590562643 ],,, 
  [ 2692159901, 5698775501, 2103078703874581 ],, 
  [ 33638863964161, 246439332122615310541790480281 ], 
  [ 68159528742761, 259638618395820780490010299172561217133973 ], [ 360602945280960903847 ], 
  [ 655766592680231401 ], [ 1185186856364579052409 ], 
  [ 1087613808474534360705295101721212017 ], [ 1593177159393212373562776339853 ], 
  [ 2368089297441279790360654246400211506755230751 ], 
  [ 95701897557931228056791, 328593142529346840020844511, 41123194022038103948812647741551 ],
  [ 1494195077967073, 12196769336569644382453, 101684873856320800516977782079961 ], 
  [ 7277944098959049000027546247 ], [ 310325531013085501996411907 ], 
  [ 791317382169277435627 ], [ 2194628562525356196010555049033652161 ], 
  [ 929579366647, 271843077276569 ], 
  [ 1994970019862765175859, 54900730450750457063894380649101 ], 
  [ 2272596107755732549064929 ], 
  [ 946917308934608321977, 232533184445904868844934502129, 12077878089550703173762603517437, 
      77908941652391987465673710635254980537, 88483866184232409037182926424947320248224629 ],
  , [ 1995670500230150985480113395799184053701 ], [ 50555798779, 40998107959224149 ], 
  [ 16909366057144177, 2722178684126748795470538568022164929446990810137 ], [ 16345151369 ], 
  [ 3818665121, 290402240455391 ], [ 2810051251711747427941141368439 ], 
  [ 1482786509052965327714977, 19357586650497400939679246114150090338157 ],, 
  [ 18633034519039603418714240016096504029643891583671881807503 ], 
  [ 16610584810891095018751 ],, [ 410950776891184106443 ], [ 5758352951797 ], 
  [ 1162501181, 39879379213, 721323755469681324981010336771, 1454733261386183889355978387189 
     ], [ 24958589941, 5187877080301, 15377995212187132721777697132612278454721 ], 
  [ 2351401851615185484151423 ], [ 45125171698844329 ], 
  [ 11063364986077, 774698826644643792492146809 ],, [ 223214649700351388424310331 ],, 
  [ 15853697311, 920166131501, 4224112871042461, 29550496835993958003499 ],,,,, 
  [ 15069040497237315701660161 ], [ 69291997157 ], 
  [ 49010324705681, 184818648975101411, 82485159828180805955955177475687 ],, 
  [ 204917069883001496657517918116209453 ], 
  [ 567276006293, 274150591870007797781, 1275931664737092400613, 
      32304802598002966988060305547 ], 
  [ 13231090027, 29043556543, 5163246075265121647, 182899421685978845959 ], 
  [ 40317792331652828243, 37391873296957922395250309 ],, 
  [ 453708117702127, 42685227138790127350117 ],,,,, 
  [ 22092535921, 1045106338113491, 12104030538641075424263 ], [ 21903707448397 ], 
  [ 332359702099548346081 ],, 
  [ 509956397926521421, 32039059783448433600482371656868613392439207142121 ], 
  [ 3575863573609 ], [ 2515824746493746297 ],, 
  [ 251052277930171, 744724441763113601, 47527615672532931957958661 ], 
  [ 11936338181, 59448005681, 513305482394873111 ], [ 17081184687965061679762129 ],, 
  [ 5782298491, 144233579086657413240910529035662191 ], [ 2767243945085713 ], 
  [ 67907181179211743821 ], [ 14546860901, 34045752474137 ],, [ 7392974202979 ], 
  [ 2056403777, 19387872379706657, 28693073101786681729 ],,,, [ 8132802022134283597 ], 
  [ 292232920058257 ], [ 159703139695511 ], [ 99918183751 ], 
  [ 4104742957633, 102424470196385537 ],, 
  [ 3476021079716196944869, 402750077701736336366548474579 ], 
  [ 22193515151, 3568555627759751 ], [ 5790019815898181, 71760779640099941 ], 
  [ 4220038425997, 420159598842731384569 ], [ 371576595678268250107793789 ], 
  [ 57331125364408674812591029 ], [ 36889384561, 1105024131837318476470810018607911721521 ], 
  [ 28494119904761760001, 27088429237225935207545899 ], [ 3363217566326134859 ],, 
  [ 5404927813974869 ],, [ 117401557411309, 85125749553146791 ], [ 3421682801485258723271 ], 
  [ 9272546623201 ], [ 13329600469 ], [ 9750323512001, 2042714512022988751 ], 
  [ 1075796191045777 ], [ 689168482453333, 21466414329787086157 ],,, [ 29095690425517171 ], 
  [ 98113476353 ], [ 4754940308982951860099 ],,, 
  [ 11724039751623405189101, 7883897891837751191342703341 ],, 
  [ 111500479439, 2267170665370823579 ],,, [ 45359667341 ], [ 10769634650619673417 ], 
  [ 6104803879, 205011322141280737 ], [ 1329454963801, 127057673985550816834861169 ], 
  [ 9999833502499207 ], 
  [ 1375021413001, 18069836031991, 19704876093321521562287101, 59280710821556613722621655121 
     ],,, [ 433940797656367 ], [ 188633821223 ], [ 19618599001 ], [ 316871599887013 ],, 
  [ 62793129083786021, 181659170721916993583 ],,, [ 74929876702170324221 ],,,, 
  [ 911570516862623971 ], [ 538447575358402625286995339 ], [ 1680837655253 ], 
  [ 981247011841, 942922379504316961 ], [ 104002730020177910504442086771 ], 
  [ 47611434401, 182646481457413747210994881 ],, 
  [ 39436118795369, 1172511106555340221, 14270189469274489064812015961 ], 
  [ 4120810601, 78992416757, 88121489249, 1028324751054527, 168378492201494704057 ], 
  [ 43461421711 ], [ 1572519202561 ],,, [ 44623972322219644574119 ],, 
  [ 224255308748569842301, 204635249646964724193494101 ], [ 33155075353, 321860139791 ], 
  [ 65746016605043611 ],, [ 2256991153 ],, [ 2407623913, 27473836038013 ],,,,,, 
  [ 3963556199956393 ],, [ 7620847101487, 20772227220357436573, 47767850741880976559 ], 
  [ 1018111113053868961, 167762475916981431907051 ],, [ 1069142731 ], [ 3124601439586951 ],, 
  [ 88995548265171256321, 128976845918968011134676481 ], [ 24138889394492959 ], 
  [ 1313378753, 4357381886327 ],,,, [ 43320392283031 ], [ 112418441869 ],, 
  [ 7538262417197, 33302243970817823 ],, [ 771412275743 ], [ 92631375504942299968937661677 ],
  [ 1409093141023, 72884729451510019 ], [ 5893170077527, 1189512898342409456411 ],, 
  [ 1846986961, 332258355073, 34143042671744497, 46138853908711964737, 
      942821987771261048810117137, 10666762728936902555580905713 ],,, [ 34755724935973 ], 
  [ 2320736641, 849377487191472461, 2596291975887155580223561, 269051388449342193078457781 ],
  , [ 2148156721, 407774735497 ], [ 13847686553 ], 
  [ 872166218711497, 417875700405739388593969 ], [ 1057090351 ], 
  [ 1859764187, 18008163418373, 216605184842949179507 ],, [ 118187645668777 ], 
  [ 275134170581668439, 4630598790622617331 ], [ 101172054963267751, 4489052747723156201 ], 
  [ 541839708073, 134480712009205459 ], [ 728601109633 ], [ 883694769449 ],, 
  [ 1610141577691 ], [ 6697815343309 ], [ 1504739393389 ], 
  [ 15183299028828527, 8765721058217337769 ],, [ 3638328121 ],, 
  [ 40001718330603720221, 3747568083965696920613, 24015300506212351874999389 ], 
  [ 2706394097287, 2669061960112153, 1236302989897026510889 ],,, 
  [ 36021607639, 3615156244549, 243106205743097602855801 ], [ 4122253367 ], 
  [ 74906054664036184896049, 268274649573606212793409 ],, [ 54577159381608701 ], 
  [ 46387983787734499 ],, [ 6301835307353 ], 
  [ 5568780432623, 1046917157040715512114289, 264980127241409858778663571 ],, 
  [ 24392758924217, 9286794765119612766217 ],, [ 383187891579008167 ],, 
  [ 6585864072626372560075241 ], [ 38960869571629 ], [ 85597903966594067 ],, 
  [ 12983869057, 174786545262127367877580417 ],, [ 26971877767 ], [ 1070712127, 5966807023 ],
  [ 446977169279129, 48667577689187297 ],, [ 76529379198538926271 ],,,, 
  [ 369502306600013, 414693990279763552568657 ], [ 38751310681 ], [ 110543897857933 ],, 
  [ 25616929313 ], [ 82530275405509471 ], [ 14302158291711946001, 4643226234144107094490801 ]
    , [ 9504729769, 1172704979920699 ], [ 22368882744676513, 4693715205696426425149 ],, 
  [ 78274432055337535226623533649 ], [ 981086543551 ], [ 12316726997, 3528395331997271 ],, 
  [ 1825460114298889, 2866804845440023158387601, 48236850861510298448309977 ],, 
  [ 43328620421 ], [ 1569897112889779 ], [ 559853512821580517 ],, 
  [ 213588663310279, 5555888081689642651, 26862111279850157191 ],,, [ 1300805423357029 ], 
  [ 41434386482299175763984102617 ],, [ 237421408060201, 4531083638915401 ],, 
  [ 1839486276841, 4588989680861, 460276234740355309 ],,,, [ 10666149661, 160742688457471 ],,
  , [ 503376790220306610037 ], [ 6979246264811 ],,,, 
  [ 1492032568809049, 1790759192226032253541947569 ], [ 1526562031 ],, 
  [ 2653581991, 10881817409, 259073865671359 ], 
  [ 11631407602321053919, 2753854590315240433117 ], [ 3613850704241 ], 
  [ 23426558761, 400962968561 ],,, [ 9375247099, 179256815103413 ], 
  [ 27911132386279965216738303373 ], [ 1288555351, 186396987131 ],, [ 4245776749531 ], 
  [ 2575256261761, 4619362422529, 1466241859793537, 3480646947977549613503297, 
      48495952764218619506117221906949953 ], [ 11290032263 ],,,,, [ 6493651971927265231 ],, 
  [ 550632894579673 ],, [ 26968656283, 7076254791187377637 ],, [ 196467419366625661 ], 
  [ 2770387799 ], [ 19465926943, 139667588747611 ],, 
  [ 17779298657, 24995494444276419281548815926772337 ], 
  [ 9952839541, 851738313571, 4213482332796211 ], [ 3856459891 ],, [ 2191531213 ], 
  [ 48183724289, 1510062459221 ], [ 17251150471105861, 662148252118532382522391 ], 
  [ 10197996023389 ], [ 5705326782722040273841265941649 ], 
  [ 10177805881, 1011027616035911, 6396105593397389 ], 
  [ 1690712971, 2673140539, 423770044307161, 19260980720201729533 ], 
  [ 32791427401, 25027123909642152251 ], 
  [ 34292133219476749, 124183900670395465572079661245909 ], [ 309202283233, 2051119502623 ], 
  [ 20265493063 ],, [ 447386469763826881 ],, [ 292073718814672927379461 ], [ 99151444603 ], 
  [ 2092933242001281109 ],, [ 1337526919, 325453626163 ], [ 20144111210703563 ], 
  [ 14381629488241 ], [ 27966457681, 14943314645939503 ], [ 10707229602949726168248840061 ],,
  ,,,, [ 49032061153, 235687903601, 10717150608125009 ],, [ 400552620439 ], [ 27738648527 ], 
  [ 63111662310698698001 ],, [ 83427522561448329245077 ], [ 2201935819 ], 
  [ 82314878743816489, 712169890947159121 ], [ 1274459411, 4552532581 ], 
  [ 78882985369, 302491375759, 622468844284834244567 ], [ 1446060331, 13117943738017 ], 
  [ 7096582852781, 3164431386781089389, 41228148864591671764373, 
      2122288903393090328896925297 ],, [ 2227283034522082591 ], [ 2801988246141841 ], 
  [ 405903451649 ], [ 125494441021, 2716248561553 ], [ 2987241612197534651 ],, 
  [ 99083661973938806291376672613549 ], [ 1062922484471, 8497958888668547 ], 
  [ 79819473479350874859619 ], [ 292836521143 ], [ 60365645478509934161 ],, 
  [ 7664436739, 2161911540868409262367 ],, [ 7045694786509, 37157159742181 ],, 
  [ 14568623579 ],,, [ 16630880803, 41824311131 ], [ 1094878560121 ], [ 541476054397 ], 
  [ 416756709769, 52395621357241 ],, [ 36348351443377, 330879407873567132553935612597533 ], 
  [ 10306606257791 ], 
  [ 6724381033, 18905978395879366930131913, 23694594194257945237642347241 ], [ 2322523927 ], 
  [ 22666894761163, 585378322117944419, 9828534346710348611, 148542091678545324272647 ], 
  [ 440802949049 ], [ 100741393981, 11800134180361 ],, [ 241915109281 ],,,, 
  [ 61958186306017 ],,, [ 5859619771843 ], [ 70627189439177251 ], 
  [ 10520155118807, 440178290248243 ],,, [ 203823399797, 36203939314057, 91596938831003 ],,, 
  [ 3816357911 ], [ 109162454524525937340613 ],,, [ 1128545286441739 ], [ 13660281101 ], 
  [ 218852272963 ],,,,, [ 91198884289 ],, [ 75524669663067767282117491 ],,, 
  [ 455106406187941 ],, [ 7956562965751 ], [ 781759050049, 32644781328730583690087760577 ],,,
  ,,, [ 60704220289 ],,,, 
  [ 55251274873, 2262628334335403062715707, 52402451248115443294630804907 ],, 
  [ 339549391001405257 ], [ 326243503567 ], [ 2382085471, 2380074629661698749979150760581 ], 
  [ 33777114722581 ], [ 87960415710451827228612437713, 410507620582072493932933214694353 ], 
  [ 19295227319 ], [ 10699175521, 92943894356212829478510061 ], [ 161989548501901 ], 
  [ 496805552124195749749 ], [ 419205675777589 ],,,, [ 443965307043668687 ], 
  [ 6057219763099, 122161144588931535823 ], [ 1356924871 ], [ 47999057553737 ], 
  [ 21572920188601, 9062045391685771 ],,,, [ 5167347949 ], [ 1004291801 ], [ 34717882733 ],,,
  , [ 123437090341 ], [ 2053973452867337 ],,, [ 2934062477 ], 
  [ 15669106861, 41752968510261711581, 619112833305767002283401 ],, [ 1930173607 ],,,,, 
  [ 38983574521 ], [ 3180450164101753 ],,, [ 149268094269529 ], [ 2774107121 ],, 
  [ 381748647337, 1896518858879 ],,,,,, [ 2173796917797121 ],, 
  [ 1336010265026467, 1130585677340456263 ],,, [ 1976368629941491 ], 
  [ 11728890343, 3961892129639 ], [ 1123103163019 ], [ 97644822193 ], 
  [ 85254583677121, 1649963262865699 ],,, [ 17824658317 ],,,, [ 3665240845873 ],,,, 
  [ 198474391570621 ], [ 29875534162990024571 ], [ 30204988603 ],,,, [ 84320921168173 ], 
  [ 6005992857636979 ], [ 13623167615329 ], [ 2837356530133 ],, [ 6543626249653043 ], 
  [ 1034315468382337 ], [ 2970187243 ],,,, [ 8319351059, 15421224242147 ], [ 479314263499 ], 
  [ 139593107207 ], [ 213523888241, 1457109543988537601 ], [ 97311073617631 ],, 
  [ 1057789948643, 532228357775747 ], [ 1905136309, 215951556391381 ], [ 2958676661 ],, 
  [ 580696261462789 ],, [ 5839588979780401 ], 
  [ 175814143167078458053700145451, 8547767398086094040041815328201 ],, [ 750038950673 ],,, 
  [ 12385798493221 ], [ 147329543677513 ], [ 5888488799 ], [ 1006889431 ],,, [ 1311081703 ], 
  [ 1154399689 ],, [ 43195791937 ],, [ 4329058567 ],, 
  [ 583450252883473, 1921087835555234788861, 109069038272353770383029 ], 
  [ 2787578137, 18289590881 ], [ 614272528963680641 ],,,,,,,, [ 24821025441607 ],,, 
  [ 3783968063 ], [ 4349792234449 ], [ 2834576449 ], [ 8255568557 ],,,, 
  [ 5575992543577, 142876982400881 ], [ 122390204743 ], [ 4418949881 ],,,, [ 2453866229 ], 
  [ 12641575171 ],,,,, [ 26374854301 ],,,,, [ 1445438298122681 ],,, [ 30434821723108837 ],,,
  , [ 1226638337, 1827017089, 57178089889 ], [ 529452463867 ], [ 47778896699 ],, 
  [ 592428110255088661 ], [ 10604679769, 196470019219, 869065097675009 ],, [ 119955814969 ],
  , [ 40859715497, 518029677911 ], [ 1145023111 ], [ 305097027047 ], [ 2695443953 ], 
  [ 4527458191, 5453166331 ], [ 1037398147817, 3748910348377 ],,, [ 2276040061 ], 
  [ 4503765421 ],,, [ 3022280039, 640178228359 ], [ 41403114958339 ], [ 17364229951 ],,, 
  [ 4649391797, 629826147707 ], [ 195011845271, 146502372957099259 ],, [ 8135231831 ], 
  [ 11061790527889 ],,,,,,,,, [ 1060593367 ],, [ 26361963658993 ],,, 
  [ 192454543741, 256353584633, 351466644757 ], [ 3321516629 ],, [ 3224032117 ], 
  [ 15410131201 ], [ 3885090301, 2365246579141 ],,, [ 97402386589, 64234081889917 ],, 
  [ 7854504659 ], [ 1237047073 ], [ 23247887686609 ], [ 14899129717, 143707331846321 ], 
  [ 1779295411 ], [ 1317268373 ],, [ 17031123211619227 ],, [ 728819047501, 10981453764371 ],
  , [ 17820896461457 ],, [ 7410208807 ],,,, [ 4613161901 ], [ 21730876553 ],, 
  [ 307065613122353 ],,, [ 411564816073, 1338889926215711 ], [ 2177994364709881 ], 
  [ 15268056073, 34853655493039 ],, [ 613652012639 ], [ 342928602861121327 ], 
  [ 6390919755191 ],,,,,,,,, [ 4333914590513213 ],, [ 39684185767, 197901566581729501 ], 
  [ 8912275127141 ],,,,, [ 640594900549 ],,, [ 1151612549011, 29860474899331 ],, 
  [ 946722517866887 ], [ 87250671223 ], [ 34649440051 ], [ 1905754790981, 350948739073301 ],,
  , [ 343594039849 ],, [ 2110113871, 445086644411 ],, [ 100115281741, 572728476427 ],,,, 
  [ 32150932087 ], [ 81432001657 ], [ 13029337839277, 30390520776340159 ],, [ 3926329751 ],, 
  [ 23346578413, 69188175365532913 ],,,, [ 498165270017 ],, [ 86879590307, 218298893804603 ],
  ,,, [ 206946857823137 ],,,,,, [ 2530038671, 5098633382981 ],, 
  [ 15501480551, 21150249530046191 ], [ 283547588353 ],,, [ 23686894110959 ], 
  [ 53411973301, 44521929071449201 ], [ 19392790631 ], [ 2044457867 ],,, [ 5442651901 ], 
  [ 3038624444923861 ],, [ 692993769277, 2691732301397 ],, [ 339654021071 ], 
  [ 12362428194882167 ], [ 170093367121 ], [ 2449299623 ], [ 151000792931 ],, 
  [ 2195611018809744449 ],, [ 21526248097, 132001472432400873499 ], [ 7720270299571187 ], 
  [ 8630900881, 108951146281 ],,, [ 207824821361, 20557560301156633 ], 
  [ 3806075357701, 2899925860610807250000241 ], [ 53561368351, 531534292901 ],, 
  [ 19419066613511906329 ],, [ 4057286064631621 ], [ 8206457641 ], [ 132184031701 ], 
  [ 6794344309 ], [ 1951089601, 245553444685669 ],, [ 5509322941, 40626780371 ],,, 
  [ 2335619063 ], [ 27353154511 ],, [ 7182752747 ],,, [ 672049105364284321 ],, 
  [ 10828216829 ], [ 8156180591701 ],, [ 1902530527 ],,,,,,, [ 15971710361, 593570244556357 ]
   ,, [ 20591518525181 ],, [ 24646626100801, 2200978482987841, 77587992860935681 ],,,, 
  [ 7509355381361 ],,, [ 234290816755712917 ], [ 2074626393313, 19632397872649 ], 
  [ 20741997971479, 10730461350224989, 92413688191788781 ],, [ 42362677307 ],,, 
  [ 16700761989991 ], [ 21929896951 ],, [ 156586013653 ],,, [ 22425184181 ],, 
  [ 1593410792531 ],,, [ 928189640381 ],,,,,, [ 243903622004057 ], [ 219423461953 ], 
  [ 6278235602623, 33737490944797 ],, [ 796495235381 ],, [ 19822936249, 243516450407 ], 
  [ 1338737161, 2695604987 ], [ 410548244797 ],,,,,,, [ 2377028795111 ],,,,, 
  [ 156511504711 ], [ 84098530781, 1543895329194461 ], [ 4026920147 ],,, [ 93570258377 ],, 
  [ 1895550951113107 ],, [ 2595056632937941 ],, 
  [ 248077970281, 4610688297181, 9633815782881151 ],,,, [ 2128794968323 ], [ 1921459489 ],,,,
  , [ 39082185721 ],,,, [ 25799501946653, 1510381500275369 ],, [ 26281484263 ],,,,,,,,, 
  [ 1493625358879 ],, [ 64774237343 ],, [ 1782088213 ], [ 1258227769 ],, [ 661746757043 ],,,
  , [ 316693599851 ],,, [ 31256811727 ], [ 776993527027 ],,, [ 2665360591 ],,,,,,,,,, 
  [ 19395111301 ], [ 7137517957 ],, [ 22349615597 ],, [ 167728214161 ],, [ 31027013578699 ],,
  ,, [ 598315867093057 ],, [ 14679967297 ], [ 1904105611, 12295337077 ],,, [ 7548811453 ], 
  [ 10559239099 ], [ 14985932543 ],, [ 34678572169 ],,,,,,,,, [ 145210637911 ],,, 
  [ 58401057889 ],, [ 12151758301, 116031640488391, 327455598699008911 ],, [ 1070036016761 ],
  [ 2115946561 ],,, [ 710092813022893, 1884193311440053 ],,, [ 3091219597 ],, [ 6666934511 ],
  ,, [ 1146493024913 ],,,, [ 5484660284209 ],,,,,,,, [ 1075803536383313 ],,,, [ 3645442981 ],
  ,,,,,,,,,,, [ 150443493121 ],, [ 747148339874323 ],, [ 2889105257 ],,, [ 16199270219437 ],,
  ,, [ 4143927169, 46189470749 ],,,,, [ 3422245292209 ],, [ 184326949171 ],, 
  [ 357682467869 ], [ 1272317911 ], [ 2540733233 ],,,,,, [ 321798733542841 ],,,,,, 
  [ 187826105162221 ],, [ 53480268469, 1268667106741 ],,,,,,,,,,,,,, [ 42721108286053 ],,,,,,
  ,,, [ 28101431807 ],,, [ 1267913741 ],,, [ 14397097831 ],,,,, [ 4947948877 ], 
  [ 5042140373 ], [ 51288515569 ],, [ 1027867367, 92839563533 ],, [ 277619867909 ],,,,,,,, 
  [ 11691399397, 23691083466889 ],,, [ 227311274023 ], [ 697034345281 ],, [ 857353331539 ], 
  [ 1774683307 ], [ 2000314888993 ],,,,,, [ 24609363310001 ],, [ 101007322301 ], 
  [ 2554769267 ], [ 1830732711523 ], [ 1455714661 ], [ 2314760246881 ], [ 1424211169 ],,, 
  [ 6608877040081 ], [ 1320249347 ],,, [ 5271861051073 ],, [ 87323018449, 43014721337688907 ]
   ,, [ 130993657778317 ],,,,, [ 41652211199, 100026369631 ], [ 2370415867 ],, 
  [ 5405684681 ],,,,, [ 37434686059 ], [ 1463814523 ],,, [ 35114200411 ],, [ 52011384283 ], 
  [ 583530547097 ],,,, [ 2334916613, 4469856173, 30490060457, 6540595741661, 27394039164773 ]
    , [ 21190971829 ],,, [ 62463827809, 196839850897, 294856312753 ],, [ 1159434607 ],,,,,,,,
  ,,, [ 3531344279 ],,, [ 205677665057 ],,,,,,,,,,,,,,,,, [ 655993294273 ],,,,,,, 
  [ 28982310257 ],, [ 3746856164341 ],,,, [ 79246558787551 ], 
  [ 1155455423, 1429475771, 31648442327 ],,, [ 2667190529, 14824361453617 ],, 
  [ 1586978856684577 ],, [ 14134113701551, 20655375630751 ],,,,, [ 115229465581 ],,,,,,,,,,,
  , [ 5864216749, 68171218273 ],,,,,,,,, [ 147709935713, 318319004306689 ],,,,,, 
  [ 114376121604223 ],, [ 1137558041 ],,,, [ 68085784693 ],, [ 6659573647421 ],, 
  [ 194325439231057 ],,,,, [ 1450798471 ], [ 9112198455109 ],, [ 45543195601 ],,,, 
  [ 12514879228177 ],, [ 23389943237 ],,,,,, [ 83976597533 ],,,,,,, 
  [ 52625996083, 78486839707, 573284346559 ],,,,,,,,,,, [ 2248560371201 ],,,, 
  [ 20992954093 ],,, [ 1560967117 ],, [ 697853137391 ],,,,,,,,, [ 42183832489 ],,,,,,,, 
  [ 59633728337 ],, [ 384211520981929 ],, [ 975279125461 ],,,, [ 3372429409 ],, 
  [ 5058364099, 386231612341 ],, [ 333747094477 ],,, [ 8212078151 ], [ 1478307026881 ], 
  [ 218446892803 ], [ 88250176545716659 ],, [ 1415530021681 ],, 
  [ 1453406081, 87548972360951 ],,,, [ 40471223677, 1795177804993 ],,, [ 3153510361 ],, 
  [ 1208405984911 ], [ 6446471329 ],, [ 5263032198751, 80245641289686011 ],, 
  [ 20227606834621, 30467938726321 ],, [ 315462510289 ],, [ 1939152601, 2316385457 ], 
  [ 357985702783 ], [ 3702636182015653 ],,,,, [ 290775544309 ], 
  [ 1447972993, 50749062913, 221469661908769 ],, [ 61627492408562947 ],,,,,,,, 
  [ 17754440798593 ],,,, [ 12553275571 ],,,, [ 10711365703 ], [ 3631745801 ], 
  [ 194801104429 ], [ 567618352901 ],,,,,,, [ 2455642801, 1644347121161 ],, 
  [ 1546960888721, 20853001379887, 16658894583217459 ],, [ 4920840193 ],, [ 169609295789 ],, 
  [ 135675145327261 ],,,, [ 284020601849 ], [ 1344826711 ], [ 1174364791, 5444293111 ],,,,,,
  , [ 56540369177 ], [ 257742477301 ],, [ 1409792017 ],, [ 11015786715079 ],,, 
  [ 14475012511 ],,, [ 1983105092513 ],, [ 6725037282571 ],,,,,,,,,, 
  [ 6019710089, 18747947857 ],,,,,, [ 8970648737 ],, [ 54896851153 ], [ 3592199621 ], 
  [ 160954515111547, 11083136619647535853567 ],, [ 5182227548713, 5151715674107549 ],,,,,,,,,
  ,,,,, [ 1853691375198997 ],, [ 151796992517, 16006454986601 ],, 
  [ 23205779553221, 30594652778779, 5539038058825129 ],,,,,, [ 887875865798689 ],,,, 
  [ 5068254337, 4257050464097 ],,,, [ 10219381753187881 ],,,, [ 16405259375177 ],,,,, 
  [ 11180696887 ],,,,, [ 1017841477 ], [ 48125361721 ], [ 3765689177, 180011988809 ],, 
  [ 1612183283803, 10169917450057 ],,,, [ 531236347027 ],,,,,,,,,,, [ 11679228523 ],,,,,,,,,,
  , [ 2005206529, 26255518524248833 ],, [ 1944998357, 30967279799 ],,, [ 7235115001 ],,, 
  [ 2974183697, 6060653897 ],,, [ 5318979251, 44550946501 ],,,,, 
  [ 207151514641, 75492718292881 ],,,,, [ 1899247751 ],,,,,, [ 2574510299 ], 
  [ 3375514621, 373533407101 ],,,, [ 196461388769, 7758910667489 ],, [ 687822102703 ], 
  [ 69499365359 ],,,, [ 1515830083 ], [ 2409784873 ],,, [ 34881790507 ],,, [ 86378283081271 ]
   ,,, [ 274357701283 ], [ 1913583571099 ],,,, [ 837160478197 ],,,,,,,,,,,, 
  [ 1943276131, 1334588205371 ],,,, [ 124509939361 ],,, [ 11221728697 ],, [ 2243271743 ],,, 
  [ 13355646759781 ],, [ 1467122561 ],, [ 412998532194169 ],,,, [ 7428681751 ],,,, 
  [ 1234142137757 ],,,,,,,,,,,,,,,,,,,, [ 47569166039 ],,,, [ 1762346489 ],,,,,,, 
  [ 2628530659861 ],,, [ 276571138861 ],, [ 300536220701 ],, [ 95937899009 ],,, 
  [ 21193216771 ],,, [ 2120888437, 202155835753 ],, [ 5348296801, 32859396001 ],, 
  [ 2663042453 ],, [ 35083197997 ],, [ 33993799588057 ],, [ 4295960938721 ], 
  [ 1096629407299 ], [ 11895520810451 ],,,, [ 1163804353, 492328978381, 6565485421139 ], 
  [ 1530342661 ],,, [ 54763990327, 17287522994809 ],, [ 6854398363541 ],, [ 1126745691053 ],
  , [ 442147584577, 34728112492993 ],, [ 3563123204257 ],,,,,, 
  [ 932283336289, 745244922831137 ],,,,,, [ 1032810799, 1805844191 ],,,,,, 
  [ 2638585133, 3997163197 ],,,, [ 83155346737 ],,,, [ 9034738806473 ],,,,,, 
  [ 2670988094603, 6310872944794543 ],,,,,,,,,,,,,,, [ 52743335369 ], [ 48907620143 ],,,, 
  [ 783168315565501 ],, [ 26848515050761 ],,,, [ 11650935493325449 ],, [ 15664182028283 ],,,,
  ,,, [ 10829815141, 140890814539 ],,, [ 14737108879935817 ],,,, [ 40706503978201 ],, 
  [ 37573085629, 4927363869469 ],,, [ 26571461971 ],,,,,,,, [ 1022429633 ], [ 2306492497 ],, 
  [ 1943029013, 81868861717 ],,,,,,, [ 49664794099 ], [ 10660464889309 ],, [ 4495228147 ],,,
  , [ 11891237591, 4146209894261 ],, [ 48290318749 ],, [ 275229171951749 ],, 
  [ 2419432184753 ],,,, [ 7161400693351981 ],, [ 11978196330109, 49390106158829 ],,,,,, 
  [ 72128254055873 ],, [ 4121849551 ], [ 84542723670547 ],,,,, [ 124444316786689 ],, 
  [ 34569345647, 606449274311 ],, [ 43456859321, 102790675121 ],,,,,,,,,, 
  [ 11976951871, 4117311301891 ],, [ 1241127131626457 ],,,,, [ 2325853513 ],, 
  [ 15033675359 ],,,, [ 323477057437 ],, [ 2632407751 ], [ 317173279993 ],, [ 45248174189 ], 
  [ 1075519927 ],, [ 15989267053 ],, [ 3142646107 ],,,,,,,,,, [ 2604589033 ],,,,, 
  [ 1035031633 ],,,,,,,,,,,,,,, [ 3109646359 ],,, [ 8611780433 ],,,, [ 18107666957521 ],,,,,,
  ,,, [ 2513940193, 3299742247 ],,, [ 1306263317, 8738377567 ], [ 10534954231 ], 
  [ 20064584653 ],,,,,,,,,, [ 1047650917 ],,, [ 25520927477 ], [ 72905257111 ],,,,,,,,,,,,, 
  [ 85999211093 ], [ 2993886673 ],,,,,,,,,,,,,,, [ 92064553103 ],,,,,,, [ 88003834417 ],,,,,,
  ,,,,,, [ 1656225793 ],,,,,, [ 8179708417 ],,, [ 3835586341, 28854932311 ],,, 
  [ 4533677141767 ],,,,,,,,,,, [ 3661347751 ],,,,,,,,,,,,,,,,,, [ 12850546451 ],,,, 
  [ 91841053411 ],,,,, [ 44233455421 ],,,,,,, [ 13693555009 ],, [ 42053527231 ],, 
  [ 334018853279 ],,,, [ 142165312433 ],,,,,,,,,,,,, [ 2358941671633 ], [ 4953150281 ],,, 
  [ 1822378637 ],,,,,,,,, [ 2880253819, 10964862299 ],,, [ 53709209401 ], [ 210185393009 ],, 
  [ 4683692557 ], [ 108080291981 ], [ 1590519421, 80662013461 ],,,,,,,, [ 1208483893 ],,,,,,,
  ,,, [ 7461166051 ], [ 12068246881, 20115856314529 ],, [ 1727233537 ],,,,,, [ 1383690457 ],
  , [ 45153757679 ],,, [ 4177950947 ], [ 164475859169191 ],,,,, [ 1701562231 ],,, 
  [ 34525792751 ], [ 69841397809 ],,,,,,,,, [ 11571344353 ],,, [ 1300262329 ],,,, 
  [ 1059974535761 ],,,,,,,, [ 3136550773 ],,,,,, [ 1758467899, 19825278859 ],,,,,,,,,, 
  [ 1375529873 ],,,,,,,, [ 19412757811 ], [ 1751221193, 70608757129 ],,, [ 319564135837 ],,,,
  ,, [ 3191562931 ],,,,, [ 49049539771 ],,,, [ 115755205099 ],,,,,,, [ 6567701207 ],,,,,,,,,
  , [ 9599706019 ],,,,, [ 27741973921, 425668762913 ],,,,,, [ 17010494029 ], [ 3763129789 ],
  , [ 10063560821441 ], [ 1610480217277 ],,,, [ 22618517351 ],,,,,,,,, [ 3918662287 ],,,,,,,,
  ,,, [ 3855087031 ],,,,,,,,,,,,, [ 186040466849 ],,,,, [ 3789335713 ],,,,,,,,,,,,,,, 
  [ 1687194361 ],, [ 65374975511 ],, [ 808605644773 ], [ 8478110564281 ],,,,,,,,,,,,,,,,,,,,
  , [ 1396966481 ], [ 32919137101 ], [ 1141668974161 ],,,,,,, [ 14608610587 ],,, 
  [ 23416823685599 ],,, [ 7788421889 ],,,,,, [ 2224404001 ], [ 31677008317 ],,,,,,,,, 
  [ 2448001807561 ],,,,,,,,,, [ 1342232581 ],,,,,,,,,,,,,,, [ 23608489031 ], [ 8961217079 ],,
  ,,, [ 1897316308231 ],,,,,,, [ 4939812487 ],,,,, [ 1450042967 ],,,,,,,,, [ 1802493137 ],,,,
  ,,,,, [ 2186291873 ],,,,,,,, [ 14421708487 ],,,, [ 11196807343 ],, [ 603993865801 ],,,,,,,,
  ,,,,,,,, [ 6310449517, 49814800459 ],, [ 8720746592821 ], [ 10180035795367 ],,, 
  [ 13331441129 ],,,,,,,,, [ 1844902681 ],,,,,,,,,,,, [ 1423427233 ],, [ 13964851141 ],,,,,,,
  ,, [ 34831064899 ],,,,,, [ 3417044101 ],,,,,, [ 1295755777 ],,,,,,,,,,,,,,,,,,,,, 
  [ 2847211447 ],,,,,,,,,,,,,,,, [ 799148884943 ],,,,,,,, [ 3851372071 ],, [ 14492739673 ],,,
  ,, [ 29862703907 ],, [ 1158015421 ],,,,, [ 193786870621 ], [ 673460611297 ],,,,,,,,,,,,,,, 
  [ 26840619853 ],,,,,,,,,, [ 6803571164263 ],,,,,, [ 23619201509 ],,,,,,,,,,,,,,,, 
  [ 251176239697 ],,,,,,, [ 14595883441, 1808729432491 ],,,,,,, [ 5208693989 ],,, 
  [ 8367570301 ],,,,,,,,,,, [ 4467017953 ],,,,,,,,, [ 1883459791 ], [ 2857688059 ],,,,,,,,,,,
  ,,,,,, [ 3159490501 ],,,,,,, [ 5297112551 ],, [ 5482070749 ],,,,,,,,, [ 2051565949 ],,,, 
  [ 64865863891 ],,, [ 154067517449 ],, [ 43626747331, 104508961111 ],,, [ 25169661343 ],,,,,
  ,,,,,,,,,,,, [ 3407908991 ],,,,,,,,,, [ 2801765881 ], [ 7694982751, 4408909141183 ],,,,, 
  [ 13278252079 ],,,,,,,,,,,,,, [ 10887289276081 ], [ 10159245541 ], [ 2598707790631 ],, 
  [ 3390682213 ],,,,, [ 4702411253 ],,, [ 14017112273 ],,,,,,,,,, [ 1402835059 ],, 
  [ 1977980137873 ], [ 54370485931 ],,,,,,,,,,,,,,,,,,,,,,,,,, [ 5499982951, 3332011098893 ],
  ,,,,,,,, [ 4731547201 ],,,,,,,, [ 183058248133 ],,,,, [ 3140243131 ],,,,,, [ 79489098781 ],
  ,,,,,,,,,,,,,,,,,,,,,,,,,,,,,,,, [ 165533225833 ],,,,,,,,,, [ 25704366329 ],, 
  [ 1871223589 ],,, [ 6742774531 ],,,,, [ 573868752329 ], [ 1005426979 ],,,,,,,,,,,,,,,,,, 
  [ 9781311769 ],,,,,,,,,,,,,,,,,,,,,,,,,,, [ 1585624003, 6513182017 ],,, [ 3182472451 ],,, 
  [ 30235379329 ],,,,,,,,, [ 1396641907 ],,, [ 9138044257 ],,,,,,,,, [ 73326005551 ], 
  [ 1076815829, 2521676791 ],,,, [ 12953179201 ], [ 11146621033, 1034697443473 ],,,,,,,,,,,,,
  , [ 10019111071 ],,,,,,,,,,,,,,,,,,,,,,, [ 13731854273, 1805985811921 ],, [ 30491452561 ],,
  ,,,,,,,,,,,,,,,,,,,,,,,,,, [ 1431894731 ],,,,,,,,,,,, [ 1083118746641 ],,,, [ 2221908847 ],
  ,,,,,,,,,,,,, [ 1974643920097 ],, [ 24699528001 ],, [ 23006741137 ],,,,,,,,,, 
  [ 4476301111 ],,,,,,,,, [ 30999531109 ],,,, [ 762903192251 ],,,,, [ 643531863921061 ],,,,,,
  ,,,, [ 94477856771 ],, [ 15640739353 ],,, [ 88683730021 ],,,,,,,,,,,, [ 5177233279 ],,, 
  [ 4622079001 ],,,, [ 828194733647 ],,,,,,,,,,,,,, [ 1897899373 ],,, [ 1782920591299 ],,,,,,
  ,,,,, [ 10685295597113 ],,,,,,,,,,,,,,,,,,,,,,,,,, [ 1309598713 ],,,,,,,,,, 
  [ 13057817939 ],,,,,,,,,, [ 11960129593 ],,,,,, [ 1303781671 ],,,,,, [ 1972713601 ],,,, 
  [ 6508628897 ],,,,,,,,,,,, [ 1061504657 ],,,,, [ 1493008687 ],,, [ 3960901669 ], 
  [ 120313582201 ],,,,,,,,, [ 4785250193 ],,,,,,,, [ 3787669069 ],,,,,,,,, [ 1384170763 ],,,
  , [ 1830192761 ],,,,,,,,, [ 4648267553 ],,,,, [ 1675509142963 ],,, 
  [ 1297845709, 1615897843093 ],,,,,,,,,,,, [ 2489622337, 10390277593 ],,,,,,,,,,,,,,,, 
  [ 3591800801 ],,,,,,,,,,, [ 1350176131 ],,, [ 4222134769 ],,,,,,,, [ 5166104429 ],,,,,,,,,,
  ,,,,,,,,,,,,, [ 1437344148761 ],,,,,,,,,,,,, [ 27452602087 ],, [ 9286723908461 ],,,, 
  [ 16545442673 ],,,,,,,,,,,, [ 6776437669 ],,,, [ 2389194001, 71709864841 ],,,,,, 
  [ 1414133601091 ],,,,,,,,,,,,,, [ 2710004501 ],,,,,,,,,,,, [ 4303604801 ], [ 1283172433 ],,
  ,,,,,,,,,,,,,,,,,,,,,,,,,,,,,,,,, [ 2290638473 ],, [ 12869161801 ],,,,,,,, [ 16670258263 ],
  , [ 78527690401 ],, [ 996464295919 ],,,,, [ 31636101103 ],,,,,,,, 
  [ 1042713101, 1047489301 ],,,, [ 1166975899, 14840319269623 ], [ 1309506721 ],,,,,,,,,,,, 
  [ 5824388489 ],, [ 8448052807 ],, [ 1566169477, 6854177377 ],, [ 22626577093 ],, 
  [ 25820931601 ],, [ 427347702367 ],, [ 1669048441 ],, [ 6412434409 ],,,,,,,,,,,,,,,,,,,,,,,
  ,,,, [ 5338657171 ],,,,,, [ 1131503383 ],,,,,,,,,,,,,,, [ 108872713153 ],,,, 
  [ 352390766977 ],,,,, [ 90825460495554907 ],,,,,, [ 38321545597 ],,,,,, [ 62282687251 ],,,,
  ,,,,,,, [ 9632778613 ],,,,,,,,,,,,,, [ 1667591143301 ],,,, [ 619670636353 ],,,,,, 
  [ 10771070789221 ],,,,,,,,,,,,,,,,,,,,,,,,,, [ 1049763697 ],,,,, [ 71861266930171 ],,,,, 
  [ 1858023493 ], [ 117064950559 ],,,,,,, [ 9925301959 ],,,, [ 2221530427 ], [ 3272186947 ],,
  ,,, [ 3724666201 ], [ 5562049561 ],,,,,,,,,,,,,,,,,,, [ 1627423060561 ],,,, 
  [ 115641662537 ], [ 2831193847 ],,, [ 4027104001 ],,,,,,,,,,,,,,,,,,,,, [ 138336501739 ],,,
  ,,, [ 30897207049 ], [ 3759216161 ],, [ 15371418973 ],, [ 164219018497 ],,,,,, 
  [ 1119068551 ], [ 1696282519 ],,,,,, [ 1371213343 ], [ 9220322927 ],,,,,, [ 31854086333 ],,
  ,,, [ 18452714143 ],,,,,,,,,,, [ 5998486321 ], [ 19631030563 ],,, [ 15528160201 ],,,,,,,, 
  [ 1763854753 ],,,, [ 12741520537 ],,,,,, [ 56142279811 ],,,,,,,, [ 2067387181 ],, 
  [ 202318742837 ],,,, [ 69663530569 ],,,,,,,,,,,, [ 7275433717 ],,,,,,,,,,,,,, 
  [ 1748780581, 11852774251 ],,,,,,,, [ 1555871281 ],,,,,,,,,,,,,, 
  [ 2003295641, 2088521537, 44513589209 ],,,,,, [ 47906486585401 ],, [ 3815225920513489 ],,,,
  ,,,,,,,,,, [ 7498032349 ],,, [ 151596867871 ], [ 2131250831 ],,,, [ 1346585927 ],,,,,,,,,,,
  ,,,,,,,,,,,,,,,,,,, [ 44093913739877 ],,,,,,,,,,,,,, [ 635410280849 ],,,, [ 1174962949 ],, 
  [ 2839938001 ],,,, [ 7196042141 ],,,,,,,,,,,,,,,,,,,,,,,,,,,,,,, [ 49483398889 ],,, 
  [ 5826626227 ],,, [ 20294943391 ],,,,,,,,,,,,,,,,,,,,,,,,,,,,,,,,,,,,, [ 8524833829 ],,,,,,
  ,,,,,,,,,,,, [ 28752524161 ],, [ 9162690751 ],,,,,,,, [ 1990849981, 2443762301 ],,,,,,,,,,,
  ,,,,, [ 3704542213 ],,,,,, [ 3542108569 ],,,,,,,,,,,,,,,,,,,,, [ 1385394271 ],,,,,,,,,,,,,,
  ,,,, [ 32566080456229 ],,, [ 2765083231, 152802346447 ],,,,,, [ 153260553601 ],,,, 
  [ 10649270113 ],,,,,,,,,,, [ 4261803361 ],,,,, [ 19867565881, 27740258621, 157296242021 ],,
  ,,,,,,,,,, [ 107641296649 ],, [ 17893790077 ],, [ 2853801673 ],, [ 398207802929 ],,,,,,,,,,
  ,,,,,, [ 59343776449, 3367138242187 ],,,,,,,,,,,,,,,,,,,,,,,,,,,,,,,,,,,,,, 
  [ 47734276313 ],,,,,,,,,,,, [ 3311476081 ],,,,,,,,,,,,,,,,,, [ 34670643157 ],, 
  [ 28378689760789 ],,,,,, [ 345116449441 ],, [ 9004724797 ],,,,,,,, [ 53308133201 ],, 
  [ 7172897161 ],,,,, [ 14329819773361 ],,,,,,,,,,, [ 3294055313 ],,,, [ 4194070219111 ],,,, 
  [ 4844753731 ],,,, [ 1486079681 ],, [ 2114828213 ],,,,,,,,,,,,,,,,,,,,,,,,,, 
  [ 3527112439, 4859600887 ],,,, [ 10481580191, 630834711173 ],,,,,,,, [ 5972502691 ],,,,,,,
  , [ 10707668029, 19121329319 ],,,,,,,,,,,,,,,,,,,,,,,,,,,,,, [ 8918755969 ],,,,,,,,,,,,,,,,
  ,,,,,,,, [ 10979748313 ], [ 11132158898827 ],,,,,,, [ 42452152961 ],,,,,,,, [ 1108782841 ],
  ,,,,,,,,,,, [ 1055799001 ],,,,,,,,,,,,,,,,,,,,,,,,,,,,,,,,,, [ 54168038051 ],,,,,,,,,,,, 
  [ 1409955539 ],, [ 9960397429 ],, [ 197143669451 ],,,,,,,,,,,,,,,,,,,,,,,, 
  [ 8771523209, 58590346543 ], [ 323073937051 ], [ 3696044353 ],,,,,,,,,, 
  [ 2527917851, 806041853777 ],,,,,,,,,,,,,,,,,,,,,,,, [ 42251562781 ],,,,,,,,,,,,,,,,,, 
  [ 1687877881 ],, [ 72294982211 ],,,,,,,,,, [ 3017336321 ], [ 8374712347 ],,,,,,,,,,,,,,,,, 
  [ 15259090963 ],, [ 4562596681 ],,,, [ 1178821337, 9362327041 ],,,,,,,,,,,,,, 
  [ 47091105713 ],,,,,,,,,,,,,,,,,,,,,,,,,,,,,, [ 4327414697 ],,,, [ 3005525641 ],,,,,,,, 
  [ 1513350001 ],, [ 14508905501401 ],,,,,,,,,,,,,,,,,, [ 4046182501 ],,,,,, [ 1448313091 ],,
  ,,,, [ 19627166593 ],,,,,,,,,,,,,, [ 11781180253 ],,,,,, [ 4102979917 ],,,, [ 1296817729 ],
  ,,, [ 3165081781 ],,,, [ 7688045873 ],,,, [ 2058993217 ],,,,,,,,,,,,,,,,,, [ 12713177233 ],
  ,,,,,,,,,,, [ 8125817173 ],, [ 293327361181 ],,,,,, [ 358437140123 ],,,,,, 
  [ 4378403276993 ],,,,,,,,,,,, [ 5701048921 ],,,,,,,,,,,,,,,,,,,,,,,,,, [ 38419843951 ],,,,,
  , [ 3037782133 ],, [ 12019591999 ],,,,,,,,,,,, [ 1736531911, 1178475828781 ],, 
  [ 14493337613 ],,,,,,,,,, [ 2652952597 ],,,,,,,,,, [ 32683863473 ],,,,,, [ 8379834299 ],,,,
  ,,,,,,,,,,,,,, [ 144447721001 ],,,,,,,,,,,,,,,,,,,,,,,, [ 20989152641 ],,,,,,,,,,,,,, 
  [ 29835902329 ],, [ 23325328417 ],,,,,,,,,, [ 38981101447 ],,,,,,,,,, [ 34058569869169 ],, 
  [ 2446850869 ],,,,,,,,,,,,,,,,,,,,,, [ 5172452381 ],,,,,,,,,,,,,,,,,,,,,,,,,,,,,,,,,, 
  [ 343344500801 ],,,,,,,,,,,,,,,,,,,,,,,, [ 29985945461 ],,,, [ 2076632251 ],, 
  [ 41727651929 ],,,,,,,,,,,, [ 13356096209 ],,,,,,,,,,,, [ 8876529161 ],,,,,,,,,, 
  [ 14843382259 ],,,,,,,,,,,, [ 3617491321 ],,,, [ 68543073943 ],,,,,, [ 2658027131141 ],,,,
  , [ 4903082101 ],,,,, [ 4575767063851 ],,,,,,,,,, [ 28825602121 ],,,,,, [ 12921937939 ],, 
  [ 4207966481 ],,,,,,,,,, [ 3546489871 ],,,,,,,,,,,,,,,,,,,,,,,,, [ 164535155797 ],,,,, 
  [ 88658200513 ],, [ 37675591817011 ],,,,,,,,,,,,,,,,,,,,,,,,,,,, [ 2544788017 ],,,,,,,,,,,,
  ,,,,,,,,,,,,,,,,,,,,,,,,,,,,,,,,,,,,,,,,,,,,,,,,,,,,,, [ 10531145041 ],,,,,,,,,,,,,,,,,,,, 
  [ 69349220777 ],,,,,, [ 3262487792574011 ],,,,,,,,,,,,,,,,,,,, [ 8072256551 ],,,,,,,,,, 
  [ 8644956401 ],,,,,,,,,,,,,,,,,,,,,,,,,,,, [ 158788018453 ],,,,,,,,,,,, 
  [ 9170550001, 105089934601 ],,,,,,,,,,,, [ 8340059773 ],,,,,,,,,,,,,,,,,,,,,,,,,,,,,,,,,,,,
  ,,,,,,,, [ 2580049649, 8485476737 ],,,,,,,,,,,,,,,,,,,,,,,,,,,, [ 1069309442857 ],,,,,,,,,,
  ,,,,,,,, [ 19272312067 ],,,,,,,,,, [ 1014803297, 2965252057 ],,,,,,,,,,,,,,,,,,,,,,,,,,,,,,
  ,, [ 34610911944841 ],,,,,,,,,,,,,,,,,,,,,,,, [ 6154199041 ],,,,,, 
  [ 4790228713, 118468151671 ],, [ 3140247073 ],,,,,,,,,,,,,, 
  [ 4854655271831, 6104891886991 ],,,,,,,,,,,,,,,,,,,, [ 5988400111 ],,,,,,,,,,,,,,,,,,,,,, 
  [ 3358092238337 ],,,,,,,,,,,,,,,,,,,,,,,, [ 303586099769 ],,,,,,,,,,,,,,,,,,,,,,,, 
  [ 1782151121 ],,,,,,,,,,,,,,,,,,,,,,,,,,,,,,,,,,,,,,,,,,,,,,,,,,,,,,,, 
  [ 5345642257, 21102382633 ],,,,,,,,,,,, [ 2072303449 ],,,,,,,,,,,,,,,,,, 
  [ 1110952519, 68608969947079 ],,,,,,,,, [ 1935780001, 547560471151 ],,, [ 1188251479 ],,,,,
  ,,,,,,,,,,,,,,,,,,,,,,,,,,,,,,,,,,,,,,,,,,,,,,,,,,,,,,,,,,,,,,,,,,,,,,,,,,,,,,,,,,, 
  [ 1798345487 ],,,,,,,,,,,,,,,,,,,,,,,,,,,,,,,,,,,,,, [ 3902597137 ],,,,,,,,,,,,,,,,,,,,,,,
  , [ 35600224609 ],,,,,,,,,,,,,,,,,,,,,,,,,,,,,,,,,,,,,,,,,,,,,,,,,,,,,, [ 1213305133 ],,,,,
  ,,,,,,,,,,,,,,,,,,,,,,,,,,,,,,,,,,,,,,,,,,, [ 9295558561 ],,,,,,,,,,,,,,,,,, 
  [ 2062247041 ],, [ 1788864001 ],,,,,,,,,,,,,,,,,,,, [ 4952919691, 1195023862811 ],,,,,,,,,,
  ,,,, [ 1343362671613 ],,,,,,,,,,,,,,,,,,,,,,,,,,,,,,,,,, [ 43353763153 ],,,,,,,, 
  [ 26418055161541 ],,,,,,,,,,,,,,,,,,,,,,, [ 26046327737 ],,,,,,,,,,,,,,,,,,,,,,,,,,,,,,,,,,
  ,,,,,,,,, [ 14516654833 ],,,,,,,,,,,, [ 6313903861 ],,,,,,,,,,,,,,,,,, [ 2118317233 ],,,,,,
  ,,,,,,,,,,,,,,,,,,,,,,,,,,,,,,,,,,,,,,,,,, [ 50473819771 ],,,,,,,,,, [ 275145972841 ],,,,,,
  ,, [ 4495775377 ],,,,,,,,,,,,,,,,,,,,,,,,,,,,,,,,,,,,,,,,,,,,,,,,,,,,,,,,,,,,,,,,,, 
  [ 13224211669 ],,,,,,,,,,,,,,,,,,,,,,,,,,,,,,,,,,,,,,,,,,,,,,,, [ 20518141117 ],,,,,,,,,,,
  , [ 54643187869 ],,,,,,,,,,,,,,,,,,,,,,,,,,,,,,,,,,,,,,,,,,,,,, [ 16394976121 ],,,,,,,,,,,,
  ,,,,,,,,,,,,,,,,,,,,,,,,,,,,,,,,,,,,,,,,,,,,,,,,,,,,,,,, [ 11626276609 ],,,,,,,,,,,,,,,,,,,
  ,,,,,,,,,,, [ 269353332693301 ],, [ 1106993441 ],,,,,,,,,, [ 1230712111 ],,,,,,,,,,,,,,,,,,
  ,,,,,,,,,,,,,,,,,,,,,,,,,,,,,,,,,,,,,,,,,,,,,,,,,,,,,,,,,,,, [ 478770737833 ],,,,,,,,,,,,,,
  ,,,,,,,,,,,,,,,,,,,,,,,,,,,,,,,,,,,,,,,,,,,,,,,,,,,, [ 1640727037 ],,,,,,,,,,,,,,,,,,,,,,,,
  ,,,,,,,,,,,,,,,,,,,,,,,,,,,,,, [ 12650702765329 ],,,,,,,,,,,,,,,,,, [ 101213576803 ],,,,,,,
  ,,,,,,,,,,,,,,,,,,,,,,,,,,,,,,,,,,,,,,,,,,,,,,,,,,,,,,,,,,,,,,,,,,, [ 5793242561 ],,,,,,,,,
  ,,,,,,,,,,,,,,,,,,,,, [ 7355233471 ],,,,,,,,,,,,,,,,,,,,,,,,,,,, [ 245325188989 ],,,,,,,,,,
  ,,,,,,,, [ 26287981009 ],,,,,, [ 1087429591 ],,,,,,,,,,,,,,,,,,,,,,,,,,,, 
  [ 2109909611, 23232954631 ],,,,,,,,,,,,,,,,,,,,,,,,,,,,,,,,,,,,,,,,,,,,,,,,,,,,,,,,,,,,,, 
  [ 482733024313 ],,,,,,,,,,,,,,,,,,,,,,,,,,,,,,,,,,,,,,,,,, [ 1115033364433 ],,,,,, 
  [ 4710076201 ],,,,,,,,,,,,,,, [ 60734888611 ],,,,,,,,,,,,,,,,,,,,,,,,,,,,,,,,,,,,,,,,,,,,,,
  ,,,,,,,,,,,,,,,,,,,,,,,,,,,,,,,,,,,,,,,,,,,,,,,,,,,,,,,,,,,,,,,,,,,,,,,,,,,,,,,,,,,,,,,,,,,
  ,,,, [ 9512431129 ],,,,,,,,,,,,,,,,,,,,,,,,,,,,,,,,,,,, [ 23553753481 ],,,,,,,,,,,,,,,,,,,,
  ,,,, [ 930157868929 ],,,,,,,,,,,, [ 57901035529 ],,,,,,,,,,,,,,,,,, 
  [ 1036299331, 3398245687 ],,,,,,,,,,,,,,,,,,,,,,,,,,,,,,,,,,,,,,,,,,,,,,,,,,,,,,,,,,,,,,,,,
  ,,,,,,,,,,,,,,,,,,,,,,,,,,,,,,,,,,,,,,,,,,,,,,,,,,,,,,, [ 15402333949 ],,,,,,,,,,,, 
  [ 1143497851 ],,,,,, [ 81077953777 ],,,,,,,,,,,, [ 1440498109 ],,,,,,,,,,,,,,,,,,,,,,,,,,,,
  ,,,,,,,,,,,,,,,,,,,, [ 155899221193 ],,,,,,,,,,,,,,,,,, [ 2103739543063 ],,,,,,,,,,,,,,,,,,
  ,,,,,,,,,,,, [ 2083329793, 64332832657 ],,,,,,,,,,,,,,,,,,,,,,,,,,,,,,,,,,,,,,,,,,,,,,,,,,,
  ,,,,,,,,,,,,,,,,,,,,,,,,,,, [ 3352306501 ],,,,,, [ 108381643393 ],,,,,,,,,,,, 
  [ 568861867297 ],,,,,,,,,,,, [ 3579502081 ],,,,,,,,,,,,,,,,,,,,,,,, [ 219045073969 ],,,,,,,
  ,,,,,,,,,,,,,,,,,,,,,,,,,,,,, [ 2897027821 ],,,,,,,,,,,,,,,,,,,,,,,,,,,,,,,,,,,,,,,,,,,,,,,
  ,,,,,,,,,,,,, [ 4923235201 ],,,,,,,,,,,,,,,,,,,,,,,,,,,,,, [ 3837498661 ],,,,,,,,,,,,,,,,,,
  ,,,,,, [ 2588317117 ],,,,,,,,,,,,,,,,,,,,,,,,,,,,,,,,,,,,,,,,,, [ 20799374737 ],,,,,,,,,,,,
  ,,,,,,,,,,,,,,,,,,,,,,,,,,,,,,,,,,,,,,,,,,,,,,,,,,,,,,,,,,,,,,,,,,,,,,,, [ 234391911601 ],,
  ,,,,,,,,,,,,,,,,,,,,,, [ 48587305513 ],,,,,,,,,,,,,,,,,,,,,,,,,,,,,,,,,,,,,,,,,,,,,,,, 
  [ 9493622029 ],,,,,,,,,,,,,,,,,,,,,,,,,,,,,,,,,,,,,,,,,, [ 268054242913 ],,,,,,,,,,,,,,,,,,
  ,,,,,,,,,,,,,,,,,,,,,,,,,,,,,,,,,,,,,,,,,,,,,,,,,,,,,,,,,,,,,,,,,, [ 515322947317 ],,,,,, 
  [ 21563203201 ],,,,,, [ 183859938991 ],,,,,,,,,,,,,,,,,,,,,,,,,,,,,, [ 3381576481 ],,,,,,,,
  ,,,,,,,,,,,,,,,,,,,,,,,,,,,,,,,,,,,,,,,,,,,,,,,,,,,, [ 2073187801, 2785872241 ],,,,,,,,,,,,
  ,,,,,,,,,,,,,,,,,,,,,,,,,,,,,,,,,,,,,,,,,,,,,,,,,,,,,,,,,,,,,,,,,,,,,,,,,,,,,, 
  [ 2602844011 ],,,,,,,,,,,,,,,,,,,,,,,,,,,,,,,,,,,,,,,,,,,,,,,,,,,,,,,,,,,,,,,,,,,,,,,,,,,,,
  ,,,,,,,,,,,,,,,,,,,,,,,,,,,,,,,,,,,,,,,,,,,,,,,,,,,,,,,,,,,,,,,,,,,,,,,,,,,,,,,,,,,,,,,,,,,
  ,,,,,,,,,,,,,,,,,,,,,,,,,,,,,,,,,,,,,,,,,,,,,,,,,,,,,,,,,,,,,,,,,,,,,,,,,,,,,,,,,,,,,,,,,,,
  ,,,,,,,,,,,,,,,,,,,,,,,,,,,,,,,,,,,,,,,,,,,,,,,,,,,,,,,,,,,,,,,,,,,,,,, 
  [ 2138547001, 516073908001 ],,,,,,,,,,,,,,,,,,,,,,,,,,,,,,,,,,,,,,,,,,,,,,,,,,,,,,,,,,,, 
  [ 1414017212401 ],,,,,,,,,,,,,,,,,,,,,,,,,,,,,,,,,,,,,,,,,,,,,,,,,,,,,,,,,,,, 
  [ 11786271841 ],,,,,,,,,,,,,,,,,,,,,,,,,,,,,, [ 25762173001 ],,,,,,,,,,,,,,,,,,,,,,,,,,,,,,
  ,,,,,,,,,,,,,,,,,,,,,,,,,,,,,,,,,,,,,,,,,,,,,,,,,,,,,,,,,,,,,,,,,,,,,,,,,,,,,,,,,,,,,,,,,,,
  ,,,,,,,,,,,,,,,,,,,,,,,,,,,,,,,,,,,,,,,,,,,,,,,,,,,,,,,,,,,,,,,,,,,,,,,,,,,,,,,,,,,,,,,,,,,
  ,,,,,,,,,,,,,,,,,,,,,,,,,,,, [ 1473489001 ],,,,,,,,,,,,,,,,,,,,,,,,,,,,,,,,,,,,,,,,,,,,,,,,
  ,,,,,,,,,,,,,,,,,,,,,,,,,,,,,,,,,,,,,,,,,, [ 95969831401 ],,,,,,,,,,,,,,,,,,,,,,,,,,,,,,,,,
  ,,,,,,,,,,,,,,,,,,,,,,,,,,,,,,,,,,,,,,,,,,,,,,,,,,,,,,,,,,,,,,,,,,,,,,,,,,,,,,,,,,,,,,,,,,,
  ,,,,,,,,,,,,,,,,,,,,,,,,,,,,,,,,,,,,,,,,,,,,,,,,,,,,,,,,,,,,,,,,,,,,,,,,,,,,,,,,,,,,,,,,,,,
  ,,,,,,,,,,,,,,,,,,,,,,,,,,,,,,,,,,,,,,,,,,,,,,,,,,,,,,,,,,,,,,,,,,,,,,,,,,,,,,,,,,,,,,,,,,,
  ,,,,,,,,,,,,,,,,,,,,,,,,,,,,,,,,,,,,,,,,,,,,,,,,,,,,,, [ 6634192321 ],,,,,,,,,,,,,,,,,,,,,,
  ,,,,,,,,,,,,,,,,,,,,,,,,,,,,,,,,,,,,,,,,,,,,,,,,,,,,,,,,,,,,,,,,,,,,,,,,,,,,,,,,,,,,,,,,,,,
  ,,,,,,,,,,,,,,,,,,,,,,,,,,,,,,,,,,,,,,,,,,,,,,,,,,,,,,,,,,,,,,,,,,,,,,,,,,,,,,,,,,,,,,,,,,,
  ,,,,,,,,,,,,,,,,,,,,,,,,,,,,,,,,,,,,,,,,,,,,,,,,,,,,,,,,,,,,,,,,,,,,,,,,,,,,,,,,,,,,,,,,,,,
  ,,,,, [ 7322375739841 ],,,,,,,,,,,,,,,,,,,,,,,,,,,,,,,,,,,,,,,,,,,,,,,,,,,,,,,,,,,,,,,,,,,,
  ,,,,,,,,,,,,,,,,,,,,,,,,, [ 1011298597, 2214820609, 3086004307 ] ]);
