BRENTFACTORS[8828]:=MakeImmutable([ ,,,,,,,,,,,, [ 61184434108799 ],,,, [ 297238976459 ],, 
  [ 9734873414276220470656009 ],,,, [ 648037006527222133673 ], [ 3308281006304233 ], 
  [ 22937353393965447192536906331125201 ],,,, 
  [ 5136636247596045816214396513442849167073186359 ], [ 3870843059581 ], 
  [ 520057848883590426553, 4108252416252449968251901 ], [ 416679808577, 62542743626177 ], 
  [ 52529409374423164811167 ], [ 112553353038349, 5889388689111251 ], 
  [ 207897555813475189427123178104855555465251 ],, 
  [ 6857052379039, 133717955403479392192763, 114601498338427119354780755958533 ], 
  [ 6223582533209, 1803182513062327, 15991978975579275629 ], [ 1021418269 ], 
  [ 9739859023001, 205903377423361 ], [ 229150245847966852073038750336800465851 ], 
  [ 2626363447 ],, [ 8732406587876192537068631429 ], [ 1622850095611 ], 
  [ 140744618007895914637199381 ], [ 451641706001, 594364249891 ],, [ 288581243959 ], 
  [ 42381856591445608629277308599951 ], 
  [ 5502153422648979259, 756759663384512119881530082274828466927265759139 ], 
  [ 5446448996655555016181 ], [ 28824286487, 34245401514343 ], 
  [ 588817560061, 71475031493002117, 24363684840209315023 ],, [ 15451375284017 ], 
  [ 418670208798741575041 ], [ 7312509733 ], 
  [ 34968477359477111, 3577875803969098742726847667 ], [ 4852372551576601 ],, 
  [ 27460637191457, 1623649884862775513741, 582787293033959824316243424359809 ], 
  [ 1064015585641, 1039970997191197 ], [ 3341369522412251387579205121 ], 
  [ 43261684292336378608304371 ],, [ 63870769021 ], 
  [ 39094258329014225249369, 402146742776583829209733 ], 
  [ 10488653223645601650793093, 5747091490568605551107127907 ],, 
  [ 41290617149, 9175199332879, 31013277926891713, 5717595264666040100630809 ],, 
  [ 3709157741 ], [ 219653173769, 817169882817313, 4850168872594309925887911253 ], 
  [ 24458360365727625225072990901 ], [ 30950698465087375490646497 ], [ 12926986888817 ], 
  [ 8340419959, 25097250865794592251869970261253939 ],, 
  [ 22075888721, 80996983553281, 22467896707703617078195650136481582210359601 ], 
  [ 1941705280627420507548373, 48590077547494784053430104697821 ], 
  [ 2830271677040055767192675721528413711 ], [ 17037491839 ],, 
  [ 600794665574111, 91105359128980831 ],, [ 345317439217 ],, [ 983861384167 ],, 
  [ 18422258003423, 982790915067053, 44569000290615552740171 ], 
  [ 400805715472207591954288253 ], [ 38264489808211, 35956191411757436627295541 ],, 
  [ 377775047371 ], [ 71676667874406502753, 18578303257252817984826721 ],, 
  [ 17814364413744500449, 2090786592439293280823277449, 122214916054985794486911549017235569 
     ],, [ 170534995601 ],, [ 26773106881, 16099272206079320713993 ], 
  [ 60088138559, 61600486117 ], [ 30898336889123497, 36025854437939297257 ], 
  [ 2758981661311, 109271507462251 ], [ 45130222653517 ], 
  [ 179822793593, 208608255063019185007 ], [ 2307153466341001 ], 
  [ 1263197077, 3032594867123, 2826593042345068336937 ], [ 1001114091984510901 ],, 
  [ 3403431809 ], [ 11328733033643, 4671296345447127467 ],,, [ 1603572053 ],, 
  [ 2732683364683, 3960479913211 ],, 
  [ 31243920241, 138626890256637001, 36775578112738060673641, 670537814013507070781881 ], 
  [ 8512775097443, 435064291300739 ], [ 29216880373, 21054051055927 ], 
  [ 69073622911, 2598885391537862895361 ],, [ 17078706092417235563501 ], [ 151452319159 ], 
  [ 2781315506567159 ], [ 1881838886401 ],,,, [ 48632893321 ],, 
  [ 96380555157912923, 212920893128680939 ], [ 6849678554911, 789219448085053387261 ], 
  [ 2165472377 ], [ 2738418782443, 17913811563133 ],,, [ 1427236773360581 ],,, 
  [ 272082959701455761 ], [ 142395172417, 44953478194609 ], [ 19761020600652911 ], 
  [ 50766271802355287 ], [ 13459587345992929, 98316231528247783, 269195899365382269253 ], 
  [ 822277295309 ],, [ 6281787601, 9914460001, 125749660051, 1430363228717435407768801 ], 
  [ 237307575851 ], [ 240648825277898162057 ], [ 11445205087, 79348098016549 ], 
  [ 3460528617643842291779 ], [ 11273283611, 257660738011 ], [ 49052852727414262117 ],, 
  [ 14867191101679123, 110707754761879622957 ], [ 5313457084993 ], 
  [ 96951059603521, 204419171925281 ], [ 6084933499 ],, [ 1714532453 ],, 
  [ 2037040273697152351 ], [ 442615973311 ], [ 20184478252561976021 ], 
  [ 421858692279697, 92938567067717281 ], [ 174649583662968868039 ], 
  [ 270831414731, 31269764224832971531 ],, [ 182468774669, 2739972413136412829 ], 
  [ 10867479089323487 ], [ 215151022983139 ], [ 409942979242301 ],,,,, [ 1212697678501 ],,, 
  [ 1599851893177, 3998772865454197 ],,, 
  [ 11630672071, 66785436769, 1259854860671191, 18863086311406006393547491 ], 
  [ 75808735698717515737 ], [ 1171428155101 ],,, [ 70312051876697 ], 
  [ 8124552001, 160580090432148593281 ], [ 8915568902715278762137 ],, 
  [ 98630784131491, 80838910499424497060941 ], [ 77037067339876800437 ], [ 2212194492203 ],, 
  [ 3260710919, 442781884756037 ], [ 66759058837201 ], [ 262623361489 ],, 
  [ 2505386406032401921 ], [ 17667960415683352062329521 ], [ 91379873973469051 ], 
  [ 2478487147 ], [ 168102705490003 ], [ 6124659535395428968513 ], 
  [ 320970060863, 641921807571621792029 ], 
  [ 1243268408909272464384121, 3089704335947972454471658780561 ],, [ 6854612972570167093 ], 
  [ 75883197673, 646235789658259 ], [ 7394055451433927, 8517296521992901 ], 
  [ 4572458861371, 1807259786982241 ], [ 4174783633, 4897989106924993489 ],, 
  [ 46995508703719217 ], [ 1212475543 ], [ 2500567301, 22244972641, 3118227775081 ], 
  [ 4354287695495557 ],,, [ 514831718582456739073, 28758290595689490685697 ],,,, 
  [ 1442187432757, 22673583148807884133 ],, [ 3124252428301, 7297454661811 ],, 
  [ 7015519336982584221794753, 225943852074015434140126993 ], [ 5356064648293 ], 
  [ 4362862126210275637 ],, [ 902286604937, 602372685425279033, 1811187304279920737 ], 
  [ 388506855760831, 298892456959432543 ],,, [ 9317854811521 ], [ 1391185416637 ],,, 
  [ 143970242856481 ],, [ 31178519532229 ], [ 4749240972269, 6237388698529 ], 
  [ 2064038777, 88522235257, 7097997615271961237713, 8541146809500721420553 ], 
  [ 70619038147393051 ], [ 1205159053751, 48017446104302627421751 ],,,, 
  [ 81143078896059787571 ],, [ 10395219457793, 8078347889874433 ], [ 95377874896489 ], 
  [ 96271619674537 ], [ 84111770849, 19961803687002270367 ],,,,,, [ 4282848599951 ], 
  [ 2707343213, 5034024199, 724728514414021176715710853 ], [ 2709958687 ], 
  [ 23478142652933, 10618167730848869, 79052360070729350415013 ], 
  [ 2982908183, 183366215587, 41238323020679 ], [ 4938486571, 7925969071 ], 
  [ 88752758115698034011 ], [ 47479166485537 ],,,, [ 3069436021 ],,, 
  [ 80442685415224711687367377 ], [ 226075016836556349841 ], [ 159319426295797 ], 
  [ 131830545596063803 ],, [ 852896788928975897 ], [ 747735329601163231 ],, 
  [ 64343586100434121783 ],, [ 220802883636091 ],,,, [ 11249312530400246147 ], 
  [ 2351530633411 ], [ 204421570837721 ], [ 1178278840517777 ], [ 13014914338207 ], 
  [ 478505229320219, 7922520027980527, 7438841399115482555231, 9932254213474360377257 ],, 
  [ 120876433801, 550052970652177083001 ], [ 5752525516700957 ], [ 755192401608585113 ], 
  [ 5239508451907, 60515545400740921, 321803742673853353 ], 
  [ 3478785697, 101187045148193, 1294615302105098940529 ], [ 139723720460231 ], 
  [ 4360117156353433 ], [ 25511517029 ],, [ 24715400911258177 ], [ 1287383501, 630501933241 ]
   ,, [ 1794277328169457 ], [ 39944041499, 71854320761, 4280516914571 ],,,, [ 680142646801 ],
  [ 5161024249, 1175706072594223 ], [ 1757862087453539 ], [ 9868236481, 39853030661592641 ],,
  , [ 1210187173669, 398809555321721 ], [ 305121644929 ], [ 127288527342601 ], 
  [ 118512727199, 1559375491379, 20679390831157 ],, [ 2010257881, 78783799609 ],,,, 
  [ 713453837054633 ], [ 9769340881, 2871554115457 ], [ 22453034771, 1694087981471 ], 
  [ 307742609761, 4776601621171 ], [ 1351414513 ],, [ 489406435904472893 ], 
  [ 4211331076027, 8987096775763, 30170343079021 ], [ 493237857732101 ], 
  [ 615720276029, 44814850429207 ], [ 31668618612997 ],, 
  [ 15975590020073, 345086026276867921 ], [ 36377225041 ],,, [ 26706830125638120288913 ], 
  [ 4078377007, 338550902309 ], [ 373685600266301, 8118857412787801 ],, [ 3462912349249 ], 
  [ 4747293530888957 ], [ 20584474386643412587 ],, 
  [ 4020097063701937429, 6997365500805360881 ], [ 102044880365569, 15129415272979981 ], 
  [ 3160333069 ], [ 971803568353 ],,,,, [ 90148156904903917 ], [ 110267003701 ],, 
  [ 18555735797, 30454501053901 ], [ 1450406497, 508321980641 ], [ 7694932521921517 ],,,, 
  [ 7757588353, 10384391617, 33147436507 ],,, [ 19381597949988481 ], [ 1270515637 ],,, 
  [ 133757426261 ],, [ 8888332537951, 25062464832907 ], 
  [ 1378750211, 537440844167, 7402089983867, 1933944499050469 ], [ 5087307495213242752897 ], 
  [ 1989785491 ],,, [ 4182219696498953 ],, [ 841818325531, 472421974997715926041 ], 
  [ 325781397847 ],, [ 857997285601, 5855712993367, 9330053039569, 572191055198209 ], 
  [ 1361363086382083, 125827444427377622229683 ], [ 2640292181 ], [ 29097717661 ],, 
  [ 117987997093 ],,,, [ 74887763320671967 ], [ 1118808444443 ],, [ 4968250416901 ], 
  [ 9146989290839 ],, [ 28438426201, 4518319258745955337 ],,, [ 46170884502679 ],,, 
  [ 2767395858598639, 94991046630238513 ],, [ 672363112513 ], 
  [ 3181286823397, 17842504659487, 385007281434121 ],, [ 26942832977 ], 
  [ 691983847484161, 2016916928629261, 28019825381998522381 ],, [ 235884768191 ], 
  [ 1024734421 ], [ 2752058921, 15462683009, 184215035887937 ],,, 
  [ 6090192161117, 465447943997779 ], [ 1899814800861469 ],, [ 9267042204631 ], 
  [ 102303107236648627 ],,,,,,,,,,, [ 1359740513 ],, [ 9629615728573 ], [ 91734280290941 ], 
  [ 36042853559 ],, [ 268209396719489, 48030592264890817 ],, 
  [ 505983323701, 219663339492514051, 333041943795214824776701 ],, 
  [ 732569152218836647347473 ], [ 237798604597 ], [ 3130827131 ],,,,, [ 82924221529 ], 
  [ 99118459061 ],, [ 28796647111, 107799262033, 7937924270240473279 ],,, [ 61815620714101 ],
  [ 20648313677 ],,,, [ 50123686221444626864791 ],,, [ 12481657387, 184437195614761 ], 
  [ 247040144287 ],, [ 149064180469 ], [ 4757543234677 ],, [ 244255288611719683 ],,,,,, 
  [ 525955975876711 ],,, [ 782833018810862558417 ], [ 13944060919, 18256422823 ], 
  [ 1347022879651, 234182969671134751, 3788101829447343311, 158827645617057250860251 ],,,, 
  [ 1886157209, 35397240997, 273301770385957 ], [ 19104704191, 116402673711061 ], 
  [ 2179927169553521, 122854079530957681 ], [ 1168044237508919 ], [ 15144406093 ],, 
  [ 112362151001, 13996996412501 ], [ 19194522550629739 ], [ 4927407607 ],,, [ 85923151271 ],
  [ 1372481592791 ],,, [ 1103254447 ],, [ 1944478663 ], [ 1313179150849 ], [ 9518650801129 ],
  [ 81281759567, 14545456024297357 ],, [ 113926428433 ],, [ 2201951873449189 ],,,,, 
  [ 10002773527 ],,, [ 2124199743931, 282589323178402781 ],,,, [ 138120425281 ],, 
  [ 56531294471623847653 ], [ 28119585469, 107376935620891 ],,, [ 1223137755314921 ],,,, 
  [ 1190627258912288101 ],,,, [ 616255368511873 ],, [ 3852147391 ],,,,,,,, [ 55718716201 ],,,
  ,,, [ 304588916238470081, 175415102602783327940881 ],, [ 9352242001, 328338207825267337 ],
  , [ 4794534109 ], [ 2225628791 ], [ 156844995516104023, 4746170255320326281 ], 
  [ 27287697681847 ], [ 17031241441 ],, [ 42946351321, 3676129486663295041 ],, 
  [ 4999647947009, 25364650976178229 ],,,, [ 2149252310483965949761 ],, [ 5530471621 ], 
  [ 2840950351 ], [ 17750274181, 24524237660401 ], [ 570649317206039 ],,, [ 112400246158537 ]
   ,,,, [ 4555121779237 ],, [ 3604938941, 5877739891 ],, [ 7988944097, 117058703976737 ],,,,
  , [ 35470172329 ], [ 1292399097991 ],,,, 
  [ 18169284673, 17605260049528225271, 24536333776130452048627 ],, 
  [ 17156860393, 54961000517995969 ],,,, [ 621258073332503144801 ], 
  [ 1975728031382701, 3399605339753270257 ],,, [ 258467000434451171569 ],, [ 96970682713 ], 
  [ 1733009731, 803719869241 ],,,, [ 1062757387 ],,,, [ 5083397159 ],,, [ 5901578022181 ],, 
  [ 640521175157 ],,,, [ 4531244713, 998243374727009 ],,,,,,,,,, [ 145246897267 ],, 
  [ 11956327291553 ],, [ 175709914920013, 3088448815206817 ],,,,,,, [ 4152331663 ],,,,, 
  [ 25859412503 ], [ 62510288521 ], [ 10160599021 ],, [ 8872846243, 1396552364508361 ], 
  [ 118296265621 ],,,,,,, [ 24172374571, 6697913252171, 26429692688401 ], [ 3526244569 ], 
  [ 22645409797290337 ],, [ 2149945145009 ],,,, [ 1177861603 ],,,,, 
  [ 2027396711, 22133737853 ],,, [ 375481905863, 2586627089551 ],,,,,,,,,,,, [ 1872578347 ],,
  ,,,,,, [ 42574390068313, 69787979490743 ],,,,,, [ 29306447118521 ],, [ 418497929569567 ], 
  [ 26335550671 ], [ 135818052173, 25657296239501 ],, [ 59783006321 ],,,,,,,,, 
  [ 55362136139 ],,, [ 89842556351 ],, [ 402203351161 ],, [ 1972591237 ],,,,,,,,,,,, 
  [ 234554341039231 ],, [ 45156326161 ],, [ 114441523164751 ],,,, [ 2701519294641077 ],,,,,,,
  ,,, [ 47209526179213 ],,,,, [ 19062697937 ],,,,, [ 3358297878553 ],, [ 85003867217 ],, 
  [ 2467727309, 4834169291047, 5321092848437, 1545300211396301 ],, [ 177860485642321 ],, 
  [ 2024260177 ],, [ 125725318769 ],,, [ 8397208153 ], 
  [ 33219913789, 374148470753, 334832815808713 ], [ 30234767197, 149696884789 ],,,,,,,,, 
  [ 1625300167, 451058367103 ],,,, [ 89400510317 ],,,,,, [ 34587494441 ],, [ 96422630851 ],,,
  , [ 26445477829, 383518699103 ],,,,,,, [ 1174387957 ], 
  [ 2727864541, 38343105709, 3482455637593 ],,,,, [ 195545990903 ], 
  [ 13263698881, 22691335861 ],,, [ 7277534023, 2826761908350943 ], [ 321933589923713 ],, 
  [ 7952443129843 ],, [ 149497164961, 5540392286837 ],,,,, [ 2751725089 ],, [ 1006722403 ],,
  , [ 9928266491449 ],,,, [ 3881916851 ],, [ 1061515321 ],,,,,, [ 12478669633 ],, 
  [ 2787351467881 ], [ 3456641203, 63306347497 ],,, [ 1036376989057 ],,, 
  [ 35591275957, 112215515221 ], [ 3688424003881 ],, [ 155529979925161 ],,, [ 10616043169 ],,
  ,,,,,,,,,,, [ 9136067670599 ],,,, [ 41862486781 ],,,,,,,, [ 66166038890033 ],, 
  [ 19076478301 ],,,,,, [ 5659839079 ],, [ 4506759937, 271502413885458893 ],,,,,,,,,, 
  [ 7671670921 ],, [ 6015921315709601 ],, [ 600358894873, 13113693958527089 ],,,, 
  [ 96139937898848489 ], [ 1223897707 ], [ 3885150881 ],,,, [ 11815236385850273 ],,,,,, 
  [ 125007669907 ],,,,,,,, [ 4191149887 ], [ 1778200841 ], [ 1358135137 ],, [ 1997177401 ],,,
  ,,,,,,, [ 2107511041, 4010737921 ],,, [ 1063712467 ],, [ 1448445701 ],,, 
  [ 233810063313641 ],,, [ 8437502291947 ], [ 2601274177 ],, [ 6160688309 ],, [ 2945582641 ],
  ,,, [ 217894583761 ], [ 186135958279 ],, [ 150745126097 ],,, [ 26566027739 ],,,, 
  [ 101301206269231, 3392385200455681 ],,,,,, [ 19907175277909 ], [ 485821374329 ], 
  [ 3675885382229, 11002773958524529 ],,,, [ 8101216093 ],, [ 102811790729 ],,,,,,,,, 
  [ 1581886619 ], [ 94689367137223 ],,,, [ 5063478047 ],,,,,,,,,, [ 1515923753, 13349155681 ]
   ,, [ 9998878471 ],,,,,,,,,, [ 78550414801 ],,,,,,,,,,,,,,,, [ 77295444545089 ],,,,,,,,,,,,
  ,,,,,,, [ 1882832401 ], [ 88667774621 ],,,,,,, [ 30166913017 ], [ 109646831977 ], 
  [ 12219706171 ],,,, [ 19601205031 ],,, [ 1921799881, 5116454617 ],,,, [ 2271682489 ],,, 
  [ 558505493939 ],,,,,,, [ 4000525873 ],,,, [ 51749561971 ], [ 2135639749 ],,,,,, 
  [ 829303643653 ],,, [ 3162240481 ],, [ 7122013169041, 1173202214184001 ],,,,,,,,,,,, 
  [ 166283232697 ],,,,,,,,,,,,, [ 495467048249 ],,,,,,,,,,,,, [ 1035752401 ],,, 
  [ 1289827477 ],,,, [ 1049669821, 11318231191 ],, [ 8602259513, 19872964931 ], 
  [ 3300169861, 32742444124261 ],,,, [ 605176759067 ],, [ 69890051617, 3900160923121 ],, 
  [ 6983345387 ],,,,,,,,,,, [ 652315531639 ],,,,,,,,,, [ 2876667179 ],,,,,,,,,,,,, 
  [ 13182897337 ],,,,,,,,, [ 3364167577 ],, [ 2746877569 ],, [ 1030864451 ],,, 
  [ 38184333353 ],,,,, [ 58053292147 ],,,,,,,,,,,,,,, [ 565395239137 ],,,,, [ 503690843713 ],
  , [ 52009406291, 265109362601 ],,,,, [ 17881902901801 ],, [ 1709348713 ],,,,,,,,,,, 
  [ 6550852909 ],,,,, [ 20670076783 ],,,,,,,,, [ 3077726653 ],,,, [ 1078039223 ],, 
  [ 5021730127 ],,, [ 2217030913, 66696800977 ],, [ 5021697209 ],,,,,,,, [ 1035719383 ],,,,,,
  ,,,,,, [ 64111824589 ], [ 3291102851 ],,,,,,,,,,,,,,,,,,, [ 6362058877 ],,,,,,,,,, 
  [ 2618758253 ],,, [ 45828265337 ],,,, [ 2436286224971 ],,,, [ 1113493933 ],,,,,,,,,, 
  [ 22066390781 ],,,, [ 69679384783 ],,,,,,,,,, [ 179928772987 ],,, [ 11120831569 ],,,,,, 
  [ 1886182273 ],,,,,,,,, [ 2043523819 ],,,,,,,,, [ 236747610871 ],, [ 21238698253 ],,,,,,,,,
  , [ 43379793649 ],,,,, [ 1262466901 ],,,,,,,,,,,,, [ 12078338401 ], 
  [ 1355577521, 9930173089, 13562242409 ],,,,,,,,,,,,,,, [ 13930849297, 550536584417 ],, 
  [ 280802543347 ],,,,, [ 148354040297 ], [ 421014666337 ],, [ 1362064999 ],,,,,, 
  [ 419159358529 ],, [ 2446743136091 ], [ 1807462051 ], [ 10373655673 ],,,, [ 1499806940641 ]
   ,,,,, [ 3784694761 ],,,,,,,,, [ 8631611893 ],,,,,,,,,,,,, [ 7405651177 ],,, 
  [ 6466762241 ],,,,,,,,,,,,,,, [ 20209696501 ],,,, [ 5193557359 ],,,, [ 22086384769 ],, 
  [ 5314725671 ],,,, [ 84349324243 ],,,,,,,,,,,,,,,,,, [ 4101430717 ],,,,,,,, 
  [ 51525731351 ],, [ 1473089451817 ],,,, [ 10323405473, 77720292061 ],,, 
  [ 2949812939, 10058028419 ],,,,,,,,,, [ 2725706017 ],,,,, [ 1525281101 ],,,, 
  [ 1206229159 ], [ 256365817471 ],, [ 1199702029, 59445286321 ],, [ 91755803299 ],,,,, 
  [ 1632352645211 ], [ 3151696393 ],,, [ 2471148181 ],,, [ 1229320331 ],,,,,, 
  [ 3378244769, 3509690209 ],, [ 1628979749 ],,,,,,,,, [ 2742121635797 ],,,,, 
  [ 35054248609 ],,,,,,,, [ 665455789001 ],,,, [ 1574808973 ],,,,, [ 421929989483 ], 
  [ 107439519001 ],, [ 4630995433 ], [ 5226428953, 10478502547 ],,,,,,,,,,, [ 19544633473 ],,
  ,,,,, [ 672091416127 ],,,,,,, [ 97785008687 ],,, [ 5420599669 ],, [ 1712050845319 ], 
  [ 3478822357 ],,,,,,,,,,,,, [ 3370048543 ],,,,,,,,,,,, [ 60244023943 ],,, [ 4926050593 ],,,
  ,,, [ 11964901049 ],,,,,,,,,,,,,, [ 5624893429 ],, [ 43595725141 ], 
  [ 6144717641, 6752713691, 22570032041 ],,,, [ 45568264962049 ],, [ 7909885301 ],,,,,,,,,,,,
  ,,,,,,,,,, [ 120139151939, 3537379502113 ],,,,,,,,,,,,,,,,, [ 4148571241 ],,, 
  [ 2866539799 ],,,,,,,,,,,,,,,,,,,,,,,, [ 288021770453 ], [ 500689378529 ],,,, 
  [ 14201531724169 ],,,,,, [ 683336966743 ],,,,,, [ 15966664897 ],,,,, [ 1404928061 ],,,,,, 
  [ 50474897261 ],, [ 1425229103 ], [ 41252467171 ],,,,,,,, [ 1243053943 ],, [ 4189935289 ],,
  , [ 44225050819 ],,,,,,,,, [ 32186848021 ],,,,,,,, [ 64188270173 ],,,,,,,,,,,,,,,,,,,,,,,,,
  ,,,, [ 14731867982287 ], [ 114398404537 ],,,,,,, [ 104961830971 ],,, [ 108334663993 ],, 
  [ 108356116411 ], [ 1000537163809 ],,,,,,,,,,, [ 196866961961 ],,,,,, [ 1853303497 ],,,,,,,
  ,,,,,,,,,,,, [ 110915255221 ],,,,,,,,,,,, [ 66835849471 ], [ 138878414641 ],,,,,,,,,, 
  [ 35139211111 ],,,,,,,,,,,,,,, [ 497181262751 ], [ 60975993163 ],, [ 432350220121 ],,,,,,,
  , [ 3634131173 ],,,,,,,,,, [ 10211276203 ],,,,,, [ 5026074589 ],,, [ 18356476711 ],,, 
  [ 26683148279 ], [ 2834780989 ],,,,,,,,,,,, [ 3758808259 ],,,,,, [ 2330975767 ],,,,,,,, 
  [ 2087302871 ],,,,, [ 27028766201 ],,,,,,,,,,,,,,,,, [ 4442491483, 9790283491 ],,,,,, 
  [ 5245966969 ],,, [ 1716947497 ],,,,,,,,,,,,,,,,, [ 1329126163 ],, [ 1537298431 ], 
  [ 13858605281 ],,,,,, [ 1642101319 ],,,,,,,,,,,,,,,,,,,,,,, [ 36564547751 ],,,,,,,, 
  [ 6517983007 ],, [ 2516780701 ],,,,,,,,,,, [ 6495635123, 24779297603 ],, 
  [ 4413779137, 6589284277 ],,, [ 81239505751 ],,,,,,,,, [ 21725014321 ],,, 
  [ 5640814159, 8113469239 ],,,,, [ 127621785017 ], [ 2822211703 ],,, [ 19030957573 ],,,,,,,
  , [ 18258018841 ],,,, [ 2206316113 ],,,,,,,,,,,,,,,, [ 4509489601 ],,,,,,,,,,,,,,,,, 
  [ 154249482091 ],,,,,,,,,,,,, [ 122852305601 ],,,,,,,,,,,,,, [ 2076997033 ],,,,,,,,,,,,,,,,
  , [ 110866850753 ],,,,,,,,,,,,,,,,,,,,,,, [ 35370668089, 292264374341 ],,,,,,,,,,,, 
  [ 10540609969, 74622291409 ],,,,,,,,,,,,,, [ 49300530511 ],,,,,, [ 2208618661 ],,,, 
  [ 1845221281, 7643753910161 ],,,,,,,,,,,,,,,,,,,, [ 61562325241 ],,,,,,,,,,,,,, 
  [ 2912404111 ], [ 1619693641 ],,,,,,,,,,,,,,,,,,,,, [ 1397788921 ],,,, [ 89740648901 ],,,,,
  ,,,,,,,,,,,,,,,,,,,,,,,,,,,,,,,,, [ 6861797983 ],,,,,,,, [ 2102548699 ],,,,,,,,,,,,,,,,,,,,
  ,, [ 771015516913 ],,,,,,,,,,,, [ 1208307903272461 ],,, [ 21852258157 ],,,,, 
  [ 3004739077757 ],, [ 49737256271 ],,,,, [ 56479069351 ],,,,,,,,, [ 24748730389 ],,,,,,,,,,
  ,,,,,,,,,, [ 173001259841 ],,,, [ 1508860453 ],,,,,,,, [ 669347386153 ],,,,,,, 
  [ 2989492609 ],,,,,,,,,,,,, [ 3773788633 ],,,,,,,,,,,,,,,,,,,, [ 33172959097 ],,,,,, 
  [ 3986997211, 187285212913 ],,,,,, [ 40757503537 ],,,,,,,,,,,,,,,,,,,,,,,,,,,,,,,,,,,,,, 
  [ 27926823737 ],, [ 2669081969 ],,,,,,,,,,,,,,,,,,,,,,,,,,,,,,,,,,,, [ 20239801493 ],,,,,,,
  ,,,, [ 7470261991, 65929416661 ],,,,,,,,,,, [ 15648047011 ], [ 1953385477 ],,,,,, 
  [ 4925301877 ],,,,,,,,,,,,,,,,,,,,, [ 7890879559 ],,,,,, [ 14172464701 ],,,,,,,,,,,,,, 
  [ 29127766169 ],,,,,,,,,,,,,,,,,,,,,,,,,,,,,,,,,,,,, [ 44512874617 ],,,,,,,,,,,,,,,,, 
  [ 4278511441 ],,,,,,,,,, [ 8231161219 ],, [ 2316473921 ],, [ 570465474853 ],,,,,,,,,,,,,,,,
  ,,,,,,,,,,,,,,,,,,,,,,,,,,,,,,,, [ 21533257751, 99830802661 ],, 
  [ 32664047281, 311460516673 ],,,, [ 28220724041 ],,,, [ 8985430561 ],,,,,,, 
  [ 17670241447 ],,,,,,,,,,,,,,,,,, [ 31671119581 ],,,,,,, [ 8242482041 ],, [ 1162900873 ],,,
  ,,, [ 3655814401 ],,,,,,,,,,,,,,,,,, [ 47593149787 ],,,,,, [ 6082782289 ],, [ 5816158487 ],
  ,,, [ 30176379901 ],,,,,, [ 18536976316909 ],,,,,,,,,, [ 1219477799 ],, [ 1431114656977 ],,
  ,, [ 4680589093 ],,,, [ 10821999113 ],, [ 1453957441, 10412101597 ],,,,,, [ 21949498369 ],,
  ,,,,,,,,,,,,,,,,,,,,,, [ 5374516729 ],,,,,,,,,,,,,, [ 3345762253, 3083533232347 ],,,,,, 
  [ 41375559097 ],,,,,,,,,,,, [ 35604981001 ],,,, [ 51712919749 ],,,,,,,,,,,,,,,,,,,,,,,, 
  [ 541458742009 ],,,,,,,,,, [ 10735428557869 ],,,,,, [ 5091160013 ],,,,,, [ 42830378351 ],,,
  , [ 1207576033, 21709954531 ],,,,,,,,,, [ 2210482969 ],,,,,,,,,, [ 11196061321 ],,,,,,,,,,,
  ,,,,,,,,,,,,,,,,, [ 73979238169 ],,,,,,,,,,,,,,,, [ 6958256639 ],,,,,,,,,,,,,,,,,,,, 
  [ 213875203693 ],,,,,,,,,,,,,,,, [ 5680571627 ],,,, [ 161240390291 ],,,,,,,, 
  [ 1084719091 ],, [ 47670185377 ],,,,,,,,,,,,,, [ 12797911893829 ],,,,,,,,,,,,,,,, 
  [ 116651939743 ],,,,,,,,,,,,,,,,,,,,,, [ 26948357101 ],,,,,,,,,,,,,,,,,,,,,,,,,, 
  [ 27915940831 ],,,,,,,,, [ 21144434431, 24376779631 ],,, [ 48903381469 ],,,,,,,,,,,,,,,,,,,
  , [ 392496374843 ],,,,,,,,,,,,,,,,,,,,,,,,,,,,,, [ 3612551021 ],,,,,, [ 1612224547 ],,,,,,,
  ,,,,,,,,, [ 2433840391 ],,,,,,,, [ 21198242717 ],,,, [ 16578786397 ],,,, [ 2076162887 ],,,
  , [ 1112189951 ],, [ 18798062929 ],,,, [ 3248208637 ],, [ 16026175889 ],,,,,,,,,,,,,,,, 
  [ 141675403787 ],,,, [ 2713364989 ],, [ 9171112861 ],,,,,, [ 5390167582853 ],,,,,,,, 
  [ 2656901263 ],,,,,,,,,,,, [ 1640806441 ],,,,,,,, [ 13476198277 ],,,,,,,,,,,,,,,,,,,,,,,,,
  , [ 17603525761 ],,,,,,,, [ 2410465769 ],,,,,,,,,,,,,,,,,,,,,,,,,,,,,,,,,,,,,,,,,,,,,,,,,,,
  , [ 3966511501 ],,,,,,,,,,,,,,,,,,,, [ 166835708161 ],,,,,,,, [ 1212418369 ],,,,,, 
  [ 11523752017 ],,,,,,,,,,,,,,,,,,,,,,,,,,,,,,,,,,,, [ 1967330611 ],,,,,,,, [ 8593694071 ],,
  ,,,,,,,,,,,,,,,,,, [ 2729460791 ],,,,,,,,,,,,,,,,,,,,,, [ 36354251821 ],,,,,,,,,, 
  [ 1271538181 ],,,,,,,,,, [ 1470643721 ],,,,,,,,,,,,,,,,,,,,,,,,,,,,,,,,,,,,,,,,,,,,,,,,,, 
  [ 34949469691 ],,,,,,,,,,,, [ 4995529998661 ],,,,,,,,,,,,,,,, [ 41824603679 ],,,,,,,,,,,,,,
  ,,,,,,,,,,,,,,,,,,,,,,,, [ 13269140461 ],,,,,,,,,, [ 2383652041 ],,,, [ 465558415921 ],,,,,
  ,,,,,,,,,,,,,,,,,,,,,,, [ 1992996703 ],,,,,,,,,,,,,,,,,,,,,, [ 2808082001 ],,,,,,,, 
  [ 10453697629 ],, [ 2748028831 ],,,,,,,,,,,,,,,,,,,,,,,,,,,,,,,,,,,,,,,,,,,,,,,,,,,,,,, 
  [ 8955367891, 244908783841 ],,,,,,,,,,,,,,,,,,,,,,,,,,,,,,,,,,,,,,, 
  [ 2276190757, 20220870349 ],,,,,,,,,,,,,,,, [ 1437091361 ],, [ 15937643971 ],,,,,,,,,,,,,,,
  ,,, [ 2497647241 ],, [ 2492395151 ],,,,,,,,,,,,,,,, [ 256161257353 ],,,,,,,,,,,,,,,,,,,,,,,
  ,,,,,,,,,,,,,,,,,,,,,,,,,,,,,,,,,,,,,,,,,,,,,,,,,,,,,,,,,,,,,,,,,,,,,,,,,,,,,,,,,,,,,,, 
  [ 31321209473 ],,,,,,,,,,,,,,,, [ 64973190097 ],,,,,,,,,,,, [ 71358602197 ],,,,,,,,,,,, 
  [ 184037992417 ],,,,,,,,,,,, [ 147923222581 ],,,,,, [ 669028481683 ],,,,,,,,,,,, 
  [ 1725827797 ],,,,,,,,,,,,,,,,,, [ 4599392113, 769477385377 ],,,, [ 23110609721 ],, 
  [ 129284769379 ],,,,,,,,,,,,,,,,,,,,,,,,,,,, [ 14470292041 ],, [ 81915241357 ],,,,,,,, 
  [ 23217098041, 76448633801 ],,,,,,,,,,,,,,,,,,,,,,,,,,,,,,,,,,,,,,,,,,,,,,,,,,,,,,,,,,,,,,,
  ,,,,,,, [ 38957271211 ],,,,,,,,,,,,,,,,,,,,,,,,,,,,,,,,,,,, [ 3864684013 ],,,,,,,,,,,,,,,,,
  ,,,,,,,,,,,,,,,,,,,,,,,,, [ 2061263569, 7938730992193 ],,,,,,,,,,,,,,,,,,,,,,,,,,,,,,,,,,,
  , [ 105535795693 ],,,,,, [ 33131386261 ],,,, [ 3341221441 ],,,,,,,,,,,,,,,,,,,,,,,,,,,,,,,,
  ,,,,,, [ 3548796049, 125253115597 ],,,,,, [ 4850959327 ],,,,,,,,,,,,,,,,,, [ 1490825797 ],,
  ,,,,,,,,,,,,,,,,,,,,,,,,,,,,,,,, [ 13015634501, 8815572073001 ],,,,,,,,,,,,,,,,,,,, 
  [ 31740287581 ],,,,,,,,,,,, [ 762793622287 ],,,,,,,,,,,,,,,,,,,,,,,,,,,,,,,,,,,,,,,,,,,,,,,
  ,,,,,,,,,,,,,,,,,,,,,,,,,,,,,,,,,,,,,,,,,,,,,,,,,,,,,,,,,,,,, [ 2855351101 ],,,,,,,,,,,,,,,
  ,,,,,,,,,,,,,,,,,,,,,,,,,,,,,,,,,,,,,,, [ 4373130049, 13337086561, 6185557257601 ],,,,,,,,,
  ,,,,,,,,,,,,,,,,,,,,,,,,,,,,,,,,,,,,,,,,,,,,,,,,,,,,,,,,,,,,,,, [ 2784006817 ],,,,,,,,,,,,,
  ,,,,,,,,,,,,,,,,,,,,,,,,,,,,,,,,,,,,,,,,,,,,,,,,,,,,, [ 1993956226921 ],,,,,,,,,,,, 
  [ 1710860257 ],,,,,, [ 118500548941, 287989355341 ],,,,,,,,,,,,,,,,,, [ 79862186737 ],,,,,,
  ,,,,,,,,,,,,,,,,,,,,,,,,,,,,,, [ 7880001949 ],,,,,,,,,,,,,,,,,,,,,,,,,,,,,,,,,,,,,,,,,,,,,,
  ,,,,,,,,,,,,,, [ 1546416601 ],,,,,,,,,,,,,,,,,,,,,,,,,,,,,,,,,,,,,,,,,,,,,,,,,,,,,,,,,,,,,,
  ,,,,,,,,,, [ 2384174449 ],,,,,,,,,,,,,,,,,,,,,,,,,,,,,,,,,,,,,,,,,,,,,,,,,,,,,,,,,,,,,,,,,,
  ,,,,,,,,,,,,,,,,,,,,,,,,,,,,,,,,,,,, [ 1026753157, 93284807617 ],,,,,,,,,,,,,,,,,,,,,,,, 
  [ 154770734593 ],,,,,, [ 3594218338723 ],,,,,,,,,,,,,,,,,,,,,,,, [ 1554586489 ],,,,,,,,,,,,
  ,,,,,,,,,,,,,,,,,, [ 36303283633 ],,,,,,,,,,,,,,,,,,,,,,,,,,,,,,,,,,,,,,,,,,,,,,,,,,,,,,,,,
  ,,,,,,,,,,,,,,,,,,,,, [ 61312892041 ],,,,,,,,,, [ 25679932601 ],,,,,,,,,,,,,,,,,,,, 
  [ 41290268401 ],,,,,,,,,,,,,,,,,,,,,,,,,,,,,,,,,,,,,,,,,,,,,,,,,,,,,,,,,,,,,,,,,,,,,,,, 
  [ 6658048057 ],,,,,,,,,,,,,,,,,,,,,,,,,,,,,,,,,,,,,,,,,,,,,,,,,,,,,,,,,,,,,,,,,,,,,,,,,,,,,
  ,,,,,,,,,,,,,,,,,,,,,,,,,,,,,,,,,,,,,,,,,,,,,,,,,,,,,,,,,,,,,,,,,,,,,,,,,,,,,,,,,,,,,,,,,,,
  ,,,,,,,,,,,,,,,,,,,,,,,,,,,,,,,,,,,,,,,,,,,,,,,,,,,,,,,,,,,,,,,,,,,,,,,,,,,,,,,,,,,,,,,,,,,
  ,,,,, [ 18758618077 ],,,,,,,,,,,,,,,,,,,,,,,,,,,,,,,,,,,, [ 6831746209 ],,,,,,,,,,,,,,,,,, 
  [ 7678091131, 116269278177121 ],,,,,,,,,,,,,,,,,,,,,,,,,,,,,, 
  [ 9448214401, 44219652481, 1962078647041 ],,,,,,,,,,,,,,,,,,,,,,,,,,,,,,,,,,,,,,,,,,,,,,,,,
  ,,,,,,,,,,,,,,,,,,,,,,,,,,,,,,,,,,,,,,,,, [ 3939653251 ],,,,,,,,,,,,,,,,,,,,,,,,,,,,,, 
  [ 34649246521 ],,,,,,,,,,,,,,,,,,,,,,,,,,,,,,,,,,,,,,,,,,,,,,,,,,,,,,,,,,,,,,,,,,,,,,,,,,,,
  ,,,,,,,,,,,,,,,,,,,,,,,,,,,,,,,,,,,,,,,,,,,, [ 2782728001 ],,,,,,,,,,,,,,,,,,,,,,,,,,,,,,,,
  ,,,,,,,,,,,,,,,, [ 18590789953 ],,,,,,,,,,,,,,,,,,,,,,,,,,,,,,,,,,,,,,,,,,,,,,,,,,,,,,,,,,,
  ,,,,,,,,,,,,,,,,,,,,,,,,,,,,,,,,,,,,,,,,,,,,,,,,,,,,,,,,,,,,,,,,,,,,,,,,,,,,,,,,,,,,,,,,,,,
  ,,,,,,,,,,,,,,,,,, [ 2261169457 ],,,,,,,,,,,,,,,,,,,,,,,,,,,,,,,,,,,,,,,,,,,,,,,,,,,,,,,,,,
  ,,,,,,,,,,,,,,,,,,,,,,,,,,,,,,,,,,,,,,,,,,,,,,,,,,,,,,,,,,,,,,,,,,,,,,,,,,,,,,,,,,,,,,,,,,,
  ,,,,,,,,,,,,,,,,,,,,,,,,,,,,,,,,,,,,,,,,,,,,,,,,,,,,,,,,,,,,, [ 71529496039 ],,,,,,,,,,,,,,
  ,,,,,,,,,,,,,,,,,,,,,,,,,,,, [ 159084580117 ],,,,,,,,,,,,,,,,,,,,,,,,,,,,,,,,,,,,,,,,,,,,,,
  ,,,,,,,,,,,,,,,,,,,,,,,,,,,,,,,,,,,,,,,,,,,,,,,,,,,,,,,, [ 7101388171, 24549435721 ],,,,,,,
  ,,,,,,,,,,,,,,,,,,,,,,,,,,,,,,,,,,,,,,,,,,,,,,,,,,,,,,,,,,,,,,,,,,,,,,,,,,,,,,,,,,,,,,,,,,,
  ,,,,,,,,,,,,,,,,,,,,,,,,,,,,,,,,,,,,,,,,,,,,,,,,,,,,,,,,,,,,,,,,,,,,,,,,,,,,,,,,,,,,,,,,,,,
  ,,,,,,,,,,,,,,,,,,,,,,,,,,,,,,,,,,,,,,,,,,,,,,,,,,,,,,,,,,,,,,,,,,,,,,,,,,,,,,,,,,,,,,,,,,,
  ,,,,,,,,,,,,,,,,,,,,,,,,,,,,,,,,,,,,,,,,,,,,,,,,,,,,,,,,,,,,,,,,,,,,,,,,,,,,,,,,,,,,,,,,,,,
  ,,,,,,,,,,,,,,,,,,,,,,,,,,,,,,,,,,,,,,,,,,,,,,,,,,,,,,,,,,,,,,,,,,,,,,,,,,,,,,,,,,,,,,,,,,,
  ,,,,,,,,,,,,,,,,,,,,,,,,,,,,,,,,,,,,,,,,,,,,,,,,,,,,,,,,,,,,,,,,,,,,,,,,,,,,,,,,,,,,,,,,,,,
  ,,,,,,,,,,,,,,,,,,,,,,,,,,,,,,,,,,,,,,,,,,,,,,,,,,,,,,,,,,,,,,,,,,,,,,,,,,,,,,,,,,,,,,,,,,,
  ,,,,,,,,,,,,,,,,,,,,,,,,,,,,,,,,,,,,,,,,,,,,,,,,,,,,,,,,,,,,,,,,,,,,,,,,,,,,,,,,,,,,,,,,,,,
  ,,,,,,,,,,,,,,,,,,,,,,,,,,,,,,,,,,,,,,,,,,,,,,,,,,,,,,,,,,,,,,,,,,,,,,,,,,,,,,,,,,,,,,,,,,,
  ,,,,,,,,,,,,,,,,,,,,,,,,,,,,,,,,,,,,,,,,,,,,,,,,,,,,,,,,,,,,,,,,,,,,,,,,,,,,,,,,,,,,,,,,,,,
  ,,,,,,,,,,,,,,,,,,,,,,,,,,,,,,,,,,,,,,,,,,,,,,,,,,,,,,,,,,,,,,,,,,,,,,,,,,,,,,,,,,,,,,,,,,,
  ,,,,,,,,,,,,,,,,,,,,,,,,,,,,,,,,,,,,,,,,,,,,,,,,,,,,,,,,,,,,,,,,,,,,,,,,,,,,,,,,,,,,,,,,,,,
  ,,,,,,,,,,,,,,,,,,,,,,,,,,,,,,,,,,,,,,,,,,,,,,,,,,,,,,,,,,,,,,,,,,,,,,,,,,,,,,,,,,,,,,,,,,,
  ,,,,,,,,,,,,,,,,,,,,,,,,,,,,,,,,,,,,,,,,,,,,,,,,,,,,,,,,,,,,,,,,,,,,,,,,,,,,,,,,,,,,,,,,,,,
  ,,,,,,,,,,,,,,,,,,,,,,,,,,,,,,,,,,,,,,,,,,,,,,,,,,,,,,,,,,,,,,,,,,,,,,,,,,,,,,,,,,,,,,,,,,,
  ,,,,,,,,,,,,,,,,,,,,,,,,,,,,,,,,,,,,,,,,,,,,,,,,,,,,,,,,,,,,,,,,,,,,,,,,,,,,,,,,,,,,,,,,,,,
  ,,,,,,,,,,,,,,,,,,,,,,,,,,,,,,,,,,,,,,,,,,,,,,,,,,,,,,,,,,,,,,,,,,,,,,,,,,,,,,,,,,,,,,,,,,,
  ,,,,,,,,,,,,,,,,,,,,,,,,,,,,,,,,,,,,,,,,,,,,,,,,,,,,,,,,,,,,,,,,,, [ 28492256521 ] ]);
