BRENTFACTORS[6155]:=MakeImmutable([ ,,,,,,,, [ 18930236581 ],, [ 12698361589 ],, 
  [ 15514364464847 ],,,, [ 239441503747 ],, [ 1527309149 ],,,, 
  [ 5726123701, 2313709315612413054449329 ],, [ 13485422064625065062551 ],,, [ 799400886173 ]
   ,,, [ 46886090673390119891 ],, [ 111315570895968979, 3373668488475943782579181 ], 
  [ 19875676497749 ], [ 152099652976925620029574189841 ], [ 5845777906294297 ], 
  [ 11896715377, 21396408940620983 ],, [ 24215536211851060750113270888547543 ], 
  [ 3808692841, 97633359823207921 ], [ 7714022985199, 191173907495191 ], [ 180864257953 ],, 
  [ 13937730841 ], [ 43438081761126728795510172699633341453767501 ], 
  [ 214329707173903775214169351 ], 
  [ 27042951281239, 527867085024702059684357, 
      266755758850853851975691180555590466178690324413 ],, 
  [ 467075809229, 844685577919, 875378751227 ], [ 1104648851, 445839312818620995309001 ], 
  [ 123134022847370503 ], [ 328801275509513, 244675957562371173961572934057237 ], 
  [ 4286709967152563, 44954766558848319285510847 ], 
  [ 64888779619, 23417432790553, 319106222031403 ], [ 51735128171 ], 
  [ 1517217353, 117044865321410484157169 ],, [ 207094522819, 401719884585956071 ], 
  [ 16280453768473720855140373337 ], [ 5324196024481 ], 
  [ 11158927763, 3682304301691, 28124297962927, 203426180134671742726954699 ], 
  [ 851703084459101491, 1043547468084475939537234342609577754233 ], 
  [ 130746750551778041389154883781 ], 
  [ 138909054593, 25541037916993, 8289482272507841, 42604166945015738640961 ],, 
  [ 524068488967, 6370526114468869, 3130403222171163181 ],, 
  [ 2157983537, 7309370553469573797014173686082196197 ], [ 54995993089124797392373761661 ], 
  [ 430232119132896189509948325331 ],,, 
  [ 10416916617577, 1210798846885055236789, 1343278108302637410641 ], 
  [ 190053992600444123633, 51053990166124208099480131141 ],, [ 429166938934661 ],, 
  [ 234387689251 ],, [ 18014495076519858034008066477361, 27861790619344205619013166859878161 
     ], [ 34302222260267144252302001323 ],, [ 110543275769, 3748704507609331 ],, 
  [ 16590948721, 1352192382461, 1355685307181, 115663356195568991, 1060303970775037441 ],, 
  [ 26980174566481567, 81832251545444422720129 ], 
  [ 232680514441, 213903104316656625059641, 330575726692642687432459515499642711073 ],, 
  [ 21603492721 ], [ 85448806912379 ], [ 36894936248129602517542510397 ], 
  [ 527206903894699568943763, 162882023108673539271346567 ],, [ 31811284091 ],,, 
  [ 501402667473247, 3498942859066185889, 9199332349458634126533531463, 
      1200405031053518540530250909779 ],, 
  [ 58142572130732164581670201, 29628979303016968436410941941076001, 
      1540419352107942914207352175253425286552801 ],, 
  [ 12349742835477652789, 160260851413421977795582797028217257 ], [ 63600505272528510709 ],, 
  [ 195811557299583668810546127901, 5595067892982800461588312781658729781, 
      20843094940485022733792316878943500312791 ],, [ 73948792719953, 537299700768073823 ],, 
  [ 2213553941317 ], [ 108222635801611 ], [ 58339857486259 ], [ 194297784022609 ],, 
  [ 1256321883872574813437188819 ], 
  [ 1447439681, 74144751781, 1137993236023031, 38081196274373591 ], 
  [ 241842203365493, 30749325772064539534187710481 ], [ 637709934187 ],, [ 4493386213 ], 
  [ 3500072881, 21857343721, 13059938363161, 4047151119163020832782433724041 ],, 
  [ 1434553837 ], [ 25938257221 ],, [ 71598637001, 362779788751 ], 
  [ 4042822743295563907, 1192036406275379155985929 ], [ 558727279529804290457 ],,, 
  [ 15204630171602051138531 ],, 
  [ 2110800279589, 24015158378514104766217177, 
      54775634249255145274543508983510855643398255561 ], [ 4178403811 ],,,, [ 1052183291 ], 
  [ 1904980545194530189, 31287619524638414611, 6577247901085037068702003, 
      19707989045098001773904413182506251 ],, [ 37106265958578140551781 ],,, 
  [ 1140080061121 ], [ 198167172769 ],, [ 1611914753 ], [ 47230325017 ], 
  [ 11808595078661401 ],, [ 3254117069551, 5683221572551 ], 
  [ 77241860803, 429903337924906743350911 ], [ 10811029775799092009 ], [ 526765159998829 ], 
  [ 2079924895359440669 ], [ 131691751028390731, 934207277013333541 ], [ 48758437990081 ], 
  [ 145202631919352809 ], [ 174138583914230213 ], [ 27937881230415260047 ], [ 4129614241 ], 
  [ 25880502061, 274634925713 ],, [ 66539937484333, 3308522781471701 ], 
  [ 3256266577, 901420531664689 ], 
  [ 8729229820530451, 18848950016920321, 1236633652844822402281 ], 
  [ 276497865307, 8049109187528537461523 ],, [ 2423950201, 9919575031083610551457 ], 
  [ 18187663258314863 ], [ 7875222300333974378941 ],,, [ 8165961571 ], 
  [ 488635903656337, 993810585799273042201396927 ],, [ 2212249761809211697 ],, 
  [ 195730525729348549053553 ], [ 62322413533 ],,,,, 
  [ 91381120601, 3957272494385689, 4727050172696921 ], [ 2282153711, 441414402631 ], 
  [ 14981582110909412959 ],,, [ 283348357363 ],,,, [ 14738775728416049 ],, 
  [ 10017719791, 110939366436965774371 ],,,, 
  [ 1234452050266779173, 2123335983583922683, 106962987132634763149 ], [ 50338442743818601 ],
  [ 40322621659, 4984094522016487 ], [ 74963892559, 254824739800549, 559517017240931 ],, 
  [ 501547824469302133 ], [ 31615865881 ],,, 
  [ 10546293151455967361, 999110302163663802400913 ], [ 322582987201688819 ],,, 
  [ 94848959591431777300232509 ], [ 288005537837623 ],, [ 3322306342601 ], 
  [ 514401132540601, 45606364189447236498982441 ], [ 69734371351, 3367402631293 ], 
  [ 1562413339823471, 23489241725845502759 ], [ 28508570281 ], [ 103040351559789387684821 ], 
  [ 583210962673, 769956247763 ], [ 35451597485209 ], [ 12680858429 ],, 
  [ 2145649501, 8550775801 ], [ 1173900953, 1189787849 ], 
  [ 20918723534381779, 2229877109275933541 ], 
  [ 6729909684721, 139888768426777, 301179660442547575426069 ],, 
  [ 18300153551, 161519121948499887071 ], [ 85385536333483 ], [ 11965023631127064961 ],, 
  [ 4946247680753107, 16124189713600587841 ],, [ 25943546545157 ],,, 
  [ 3293234059, 67294169182249 ], [ 52676962081, 70338562237441, 57592628069806450081 ], 
  [ 2030008553, 12268544626991509 ],,,,, [ 3086348719, 12261265031143, 106135476098833 ], 
  [ 1814185361 ], [ 64959267937 ],, [ 10385661751, 349928438503751, 70399615738000753018501 ]
   ,,, [ 89404693064369 ], [ 5297906347, 24465099344859417518647 ], [ 480113094751 ],, 
  [ 12237842963 ], [ 51795626437, 1913989361210257776337 ],,, [ 1599949837 ], 
  [ 2190240408593, 14290943317418071 ], [ 34801506863773965671 ], [ 5260468533705393361 ], 
  [ 15405285281 ], [ 222043731463891 ],, [ 55561210371397, 18432797283889631115593 ], 
  [ 4489467937616465603 ], [ 18296775957689593088649931 ],,, [ 188539022352409 ],,, 
  [ 592148437429, 78906081029846671873 ], [ 28466446259 ], [ 183317055583 ],,,, 
  [ 5287036995658507, 17741842353623677 ], [ 268742137381, 6995761062383 ], 
  [ 4322539467326266181 ], [ 475797703981 ], [ 2493446099 ],, [ 122611984993 ],,,, 
  [ 4390593764579437, 40687868998471693371809 ],, [ 65573136853683789064050007693 ],, 
  [ 67410204148215759908953 ],,,, [ 14817330901, 44343969271844701 ], 
  [ 74006291479, 3562534358321, 17677756599973 ],,, [ 62933408440958017 ], [ 2198335975481 ],
  [ 631343955241, 72409560825487719986857 ],,, [ 24610728949 ], [ 418041932222171 ],, 
  [ 12129090456289 ],,,, [ 25727652553 ], [ 887234114797 ], 
  [ 1000797199, 2323848283, 1226146735446114061 ],,,,,, [ 31689757009, 167298907683133 ], 
  [ 376852853339951 ], [ 393344170295371, 527268714336911 ],,, [ 29903366261357 ], 
  [ 255490470389221, 169009511840606456183011 ],, [ 105754173113 ], [ 244357916149 ],, 
  [ 271516002551, 859274485441 ], [ 8817203910591733441 ],,,, 
  [ 2972579881, 254274252343121, 639859468454341 ],, [ 155708883487 ], [ 59488797019 ],,,,,,
  , [ 2459859650705331804001451 ], [ 28718495265097639 ], 
  [ 181629383338122721, 1755758048923101697 ],, [ 6824407551111546009892627 ],, 
  [ 134655469913, 454555591801, 8001937050697, 1670254578780224039133889 ],,,,, 
  [ 201564116955007 ], [ 690847785485189158843 ],,, [ 88657740071 ], [ 1279231489 ], 
  [ 124025729123, 383668955767, 10269174159661 ],,,, [ 122996506613 ], [ 137935342333 ],,,, 
  [ 169641976690673 ],, [ 4066790150179 ],,,,,, [ 2323760500836097 ],, [ 392329812651979 ],,
  , [ 12001960931 ], [ 464506882697805091, 2895853460224418956861 ], [ 24779097935129 ], 
  [ 61331849209, 287644505849337500753, 908844488039656624121 ], 
  [ 2268732409, 377006094431539 ], [ 67124018821 ],,, [ 2226846049 ],, [ 5344520732797 ], 
  [ 166818948912401 ],,,, [ 24371949686137 ],, [ 522084738001 ], 
  [ 27670397239, 585931923760613 ], [ 25747252897, 123411728617 ], 
  [ 2376337498807, 58132133716067 ], [ 151554415561 ],, 
  [ 262529449319420761, 1089204116073065120101 ],, 
  [ 1699444333, 3366979201, 1710856596436579, 3976388752801393 ], [ 5062682111 ],, 
  [ 105200236249 ],,, [ 6863933581, 107869098121, 262895709009361 ],,, [ 103790810359 ], 
  [ 209585251935281, 13147729493636593 ],, [ 273878695963 ], [ 10619788049417 ],,, 
  [ 18398983568831 ],, [ 341355924001, 875975888881, 2567630043879553 ], 
  [ 2546254769, 51323977559 ], [ 85062457999 ], [ 146083955041, 3651566675776351 ], 
  [ 1040244553 ], [ 305638710709 ],,, [ 19620334361, 22526793521 ], [ 36159970519 ], 
  [ 1353951893628049, 284306041974826560911 ],,,,,, [ 86867992961, 1176076128193 ],, 
  [ 1845935551, 16073108241977592451 ], [ 126155441017, 9746845201259 ],,,,,,, 
  [ 90162439458451, 23614799600795141 ],, [ 43494034103755548038101 ], [ 44099181139773523 ],
  [ 462590024821 ],, [ 4091897681 ],, [ 655987810982269 ], [ 9120297049, 25869532019171 ], 
  [ 120833474367997, 99691709337166753, 1034009203791731077 ],,, [ 6313079587 ], 
  [ 54469642993 ],, [ 61988793713467 ],, [ 23865081577, 133186281313 ],, [ 2475636652129 ], 
  [ 1575150307 ],,,,, [ 3411538640916209, 46132625689326881 ],,,, [ 288437364888577 ], 
  [ 22679517799, 44171810456971 ],,, [ 250358114353 ],, [ 5477480399 ],, 
  [ 1516580017, 26421209233, 7911398719921 ],, [ 92932528756447 ],, 
  [ 1403117501, 267456665506501 ],, [ 19671145097, 86202434868739487 ],, 
  [ 34230098953, 7751274733441 ], [ 17541057972311 ], [ 6174207953, 340021594111 ], 
  [ 694642203763, 3450562291489 ], [ 41063233597, 41255859577 ],, [ 2768111701, 12461330821 ]
   ,,,,,,,,, [ 597858665228359 ],, [ 1490665403, 4509692641, 970861573782731 ], 
  [ 3524185562723101 ],, [ 1851167861532149 ],, [ 21155576929, 7349915956027 ],,,,, 
  [ 4443820057 ], [ 270636841017901 ], [ 5127385381 ], [ 52115932244051587 ],, 
  [ 5139906607052353 ], [ 356495067883 ], [ 1274467093449561863 ],,,, [ 5628862349492285843 ]
   ,,,, [ 12071848153 ],, [ 180217483927387141 ], [ 66732729859 ], [ 46869384698401 ],,,,, 
  [ 373047146458531 ],,, [ 1118796111695206868977 ], [ 79617654481 ],,,,, 
  [ 214027100137, 30503925236245982701 ],,, [ 1900742322277, 1498098505944613231 ], 
  [ 354440878409 ],,,,,, [ 339002702683, 513548559749 ], [ 203393973751 ], 
  [ 859651519681, 4154267908373761, 36461472995929537 ],, [ 25537498873 ],,, [ 3256029743 ], 
  [ 18153350876461, 3649753455824257 ], [ 5668511728441 ],, [ 215544737071 ],,,,, 
  [ 9401052796402081 ],, [ 39481127136896209 ], [ 21597000701 ], 
  [ 5601778183, 82677067475990179287843991 ],, [ 65457418560573966244133 ],, 
  [ 83187791363, 86798455694356707029 ],,,,, [ 679256344801 ], 
  [ 1516677866281, 3093130048961 ],,,,,, [ 19735568468903081 ],,,, 
  [ 2259841123, 51754523880071 ],,,,,,,, [ 1356246743 ],, [ 21556593586321 ],,,,,, 
  [ 3630452491 ],,,,,, [ 3265947133 ],,, [ 3372139747 ],,,,,, [ 17745270241471 ], 
  [ 21761627249310017 ],,,, [ 467416129051 ],,,,, [ 16502387021 ],, [ 873535607010307 ],,,, 
  [ 2672033011 ],,,,,,,,, [ 1806550481 ],,,,, [ 1163263951, 42574504501 ],,, 
  [ 281092942759 ], [ 13559261983 ],,,,, [ 355880926103293 ], [ 3378426851 ], [ 4969447799 ],
  ,,,,,,, [ 2376022123, 9089993575681506937 ], [ 22851167711 ], [ 2118185521 ],,,,,,,,,, 
  [ 1425363169 ],,,,,, [ 11866825075513 ], [ 1186500449, 5403509003 ], [ 17334228444751 ],,,
  , [ 49665381839, 817272914417 ],, [ 3609027361 ],,,,,,,,,,,,,, [ 799267122191 ], 
  [ 10952499094321 ],,,,, [ 9644434551361, 171472104859541 ],,,, [ 75755786737 ],,,, 
  [ 64412741669, 247645771781 ],, [ 267217032001 ],,,, [ 1280704968003943 ],,,,,, 
  [ 2990815081 ],,,, [ 14586197849 ],,,,,,, [ 1471058749 ],,,,,,,,, [ 269748143852406181 ], 
  [ 5062813757, 124071938959 ],, [ 38930094451 ],,,,,,, [ 450796974781 ], [ 8145761343637 ], 
  [ 18560253097 ],, [ 249531328831 ],, [ 3775106417, 4569275617 ],,,,,, [ 776055179701 ],,,, 
  [ 78552728169449 ],, [ 107705297081, 10867427103353, 347220993392953 ],,,,,,, 
  [ 3391314431 ],,,,,,,,, [ 2893321913, 1402703754769, 13833223020361 ],,, [ 7730463547 ],,,,
  ,,,,,,,,,,,,,,, [ 99801458443, 5235396915781 ], [ 2167425569 ], 
  [ 34280270257, 113903090545457 ], [ 21925671211 ], [ 24140223662201 ],, [ 8779408441 ], 
  [ 408687781951 ], [ 10638529931 ],,,,,,,,,,,,,,,, [ 21847349521 ],, [ 38035878832073 ], 
  [ 9890274619 ],,,,,,,,, [ 8396508583 ],,,, [ 6658931995601 ],, [ 118599774841 ],,,,,, 
  [ 1286685031, 150426457759 ],,,, [ 17683618949 ],, [ 3254753701 ],, [ 46261554109 ],, 
  [ 15924283633 ],, [ 4786525747, 14797042963, 217503400069 ],, [ 4266556668219613 ],, 
  [ 42623795761 ],, [ 90994411489 ],,,, [ 230450790113, 4341671328677 ],,,,,, 
  [ 74898108503 ],, [ 88705122661 ],,, [ 8353030141 ], [ 120960652725313 ],,,, 
  [ 11264660873 ],,,,,,,,,, [ 1685944501, 107356222661491 ],, [ 840996924913 ],,, 
  [ 2011435577 ],,,, [ 2242113739 ],,, [ 2576610919081 ],,,,,,, [ 3639245497 ],,, 
  [ 11277108181, 901768214144417 ],,,,, [ 274238416759 ], [ 7081061111 ],, 
  [ 9691651944649, 1069225381777681 ],, [ 5478611693, 33454877003 ],,,, [ 1706490743038927 ],
  , [ 1288847981, 771531375721 ],, [ 4547656403977 ],,,,,,,, [ 25584635341 ],, 
  [ 50419057697 ],,,, [ 7503515401 ],,, [ 1897070898133 ],,, [ 162740063467 ],, 
  [ 26043773053 ], [ 23520246151 ],,, [ 89265277051777, 126844719789313 ],,,,,,,, 
  [ 1645970801 ],,, [ 2638303091 ],,,,,,, [ 31612182430663 ], [ 3226100723 ],,,, 
  [ 4254275099 ], [ 81574268689 ], [ 652826357881127 ],,,, [ 11723702375909 ], 
  [ 6380519569 ],, [ 3950506561 ],,, [ 17629637089 ],,,,, [ 1636217249 ],, 
  [ 522673930684501 ],,,,, [ 1104125021 ], [ 10113607681 ],,,,,,, [ 7282980799 ],,,,,,,,,,,,
  , [ 7476753857 ],,,, [ 7902437163679081 ],,,,,,,,,,,,,,,,,,,,, [ 1415073463 ],,,,,,,,, 
  [ 4416202109491 ],,,,,,, [ 56937229717, 143540862433 ],,,, [ 20760841531 ],, 
  [ 7898827133 ],,,,,,,,,,, [ 5077426033, 11700589321, 1842440971046131 ],, [ 1534321361 ],,
  , [ 2772177931 ], [ 11807201582941 ],,,,,,, [ 2332695193 ],,,,, [ 1380010440961 ], 
  [ 28522021579 ], [ 3527729533 ], [ 19741744238371 ],,,,,,,,,, [ 23619140101 ],,,,,, 
  [ 15419250233 ],,,,, [ 33580912418761 ],,,,,, [ 8953287127 ],,, [ 37286088991 ],,, 
  [ 1689983461 ],,,,,,, [ 47886412841 ],,,,,,,,,,,,, [ 1109689296137 ],,,,,, [ 3171052981 ],,
  ,,,,,,,,, [ 458991535801 ], [ 7144160687 ],,,, [ 5685688531 ],, [ 1575148961 ],,, 
  [ 92786451551 ],,,,,,, [ 23434751521 ],,, [ 15134386831 ],, [ 2255271827, 505440332363 ],, 
  [ 29756011133 ],, [ 14387173039 ],, [ 17356191194063 ],,,,,,, [ 1335846663901 ],,,,, 
  [ 18878561461 ],,,,,,, [ 13669291057 ],,,,, [ 2662476043 ], [ 43849527013, 396632171737 ],,
  ,,,,,,, [ 1593923761 ],,,,,,,,, [ 30641561281 ], [ 1010085443 ],, 
  [ 1394853211, 61650506227 ],,, [ 4311470143 ],,,,,,,,,, [ 50724398369, 17572073889313 ],,,,
  ,,,, [ 2265281041 ],,,,,,,,, [ 5595358459 ],,,,,,, [ 35881569233 ], [ 5853340543 ],,,,,,,,,
  , [ 6207574069, 27015687931 ],,,,,,,,,,,,,,,, [ 1964459738653 ],, [ 19112194921 ],,,,, 
  [ 89485850431 ],,,,,,,,,, [ 5471294281 ],,,,,, [ 2797498243 ],,,,,,,,,,,, [ 76635457753 ],,
  ,,,,,,,,,,,,,,,,,, [ 4000946557 ], [ 1313556949 ],,,,,,,,, [ 490141085113 ],,,,,,,,,,, 
  [ 29812747277 ],,,,,,, [ 204213306439 ], [ 21856414081, 89520909427 ],, [ 174607195141 ], 
  [ 31397418401 ], [ 8069768423 ],,,,,,,,,,,,,,,,,,,,,,,,,,,,,,,,,,,,,,,,,, [ 32564435131 ], 
  [ 13426657183 ],,, [ 1912174987 ],,,,, [ 3347376727, 248148568193 ],, [ 1006497857 ],,,, 
  [ 1037220497 ], [ 1720142299 ],, [ 25063147387 ],,,,,,,,,,,,,,,,, [ 168012126241 ],,,,,,,,,
  ,,, [ 83164051275044741 ],,,, [ 23307912113 ], [ 2555637031 ],, [ 285977188589 ], 
  [ 17263158229 ],,,,,,,,,,,,,,,,,, [ 59330807101 ],,,,,,,,,, [ 3422074393 ],,,,,,,,,,,,,,,, 
  [ 24354385753 ],,,,,,,,,,, [ 14093947897 ],,,,, [ 5006594833 ],,,,,, [ 84297635053 ],,,,,,,
  ,,, [ 2476978393 ], [ 23048931751 ],,,,,,,,,,,,,,,,,,,,,,,,,,,,, [ 3039845251 ],,,,,,, 
  [ 18088120579 ],,,,,,,,,,,,,,,,,,,,,,,,,,,,,,,,, [ 1214342881907 ],, [ 1871213761 ],,,,,, 
  [ 702205003867 ],,,,,, [ 8613823908733 ],,,,, [ 2968824283 ],, [ 44096615081 ],,,,,,,,,,,, 
  [ 3653116193 ], [ 4201733953 ],,,,,,,,,,,,,,, [ 8781732499 ],,,, [ 2989808813 ],,,,,,,,,, 
  [ 16507373429 ], [ 2317140691 ],,,,,,,, [ 1638321733 ],,, [ 410745638417 ], [ 4334770711 ],
  ,, [ 5872211461 ],,,,,,,,,,,, [ 3008381881 ],,,,,,,, [ 5855256661, 41850932971 ],,,,,,,,,, 
  [ 136457123323 ],, [ 567218686901 ],,,,,,,,,,,,,,,,,,,,,,,, [ 1113191587, 2080070177071 ],,
  , [ 378019991281 ],, [ 28160958127 ],,, [ 4655160071 ],, [ 7951869103 ],, [ 3304646549 ],,,
  ,, [ 3774758027, 5991170849 ],,, [ 6452920970651 ], [ 76077180001 ],,, [ 5128188619 ],,, 
  [ 2110331393 ],,,,,, [ 372575523293 ],,,, [ 43129843249 ],,,,,,,,,,,,,, [ 12810017321 ],,,,
  ,,,,,,,,,,,,,,,,,,,,,,,,,,, [ 4869667531, 7698505543 ],,,,,,, [ 2395775719 ],,,, 
  [ 71414418211 ],,,, [ 1064868067 ],,,,,,,,,,,,,,,,,,,,,,,,,,,,,,,,,,,,,,,, [ 27052789121 ],
  ,,, [ 1159569581 ],,,,, [ 7125175901, 181615726751 ], [ 168959275057 ],,,,,,, 
  [ 2824014097 ],,,,, [ 2802511433 ],,,,,,,,,,,,,,,,, [ 2894742811 ],,,,,,,,,,,,,,,,,, 
  [ 33396699547 ],,,,, [ 9122333377 ],,,,,, [ 18511495021 ],,,,,,,,,,, [ 263144444551 ],,,,,,
  ,,,,,,,,,, [ 448181840719 ],,,,,,,,,,,,, [ 4080889130533 ],, [ 5275485529 ],,,,,,,,, 
  [ 1575797131 ], [ 1274072192219 ],,,,,,, [ 1260433903 ], [ 4671950623 ],,,, [ 1967135153 ],
  ,,,,, [ 298597664369 ],,,,,,,,,,,,,, [ 3461953603 ],,,,,, [ 17134569253 ],,,,,,,,, 
  [ 3075687883 ],,,,,,,,,,,,, [ 1853575537477 ],,,,,,,,,, [ 155093655949 ],,,,,, 
  [ 5920848877 ],,,,,,,,,,,,,,,,,,,,,, [ 8434498801 ],,, [ 127949275891 ],,,,, 
  [ 2730944849 ],,,,,,,,,, [ 1439608147 ],,, [ 2575960381 ],,,,, [ 3684310891 ],,,,, 
  [ 20253122731 ],, [ 1732510123, 2122425631063, 25734882193411 ],,,,, [ 10112059892881 ],, 
  [ 16650409681 ],,,,,,,,,,,,,,,,,, [ 1813627787 ],,,,,, [ 2351787913 ],,,,,,,,,,,,,,,,,,,,,,
  , [ 58847164867 ],,,,,,,,,,,,,,,,, [ 3545844017 ],,,,,,,,,,,,, [ 6240749191 ], 
  [ 11707196227 ],, [ 3794895361 ],,,,,,,, [ 3352443929, 5387371537 ],,,,,,,,,,,,,,,,,,, 
  [ 2084711203 ],,,,,,,,,,,,,,, [ 4034399779 ],,,,,,,,, [ 3972178501 ], [ 1121755213 ],,,,,, 
  [ 3150402533 ],, [ 76538197297 ],,,,,,,,,,,,,,,,,,,,,,, [ 199746045731 ],,, 
  [ 24894739511 ], [ 4440899941, 1264640800447 ],,,,,,,,,,,,,,,,,,,,,,,,,,,,,,, 
  [ 301285343941 ],,,,, [ 11864457457 ], [ 37316762377 ],,,,,, [ 4431688463 ],,,,,,,, 
  [ 2572864339 ],,, [ 33116943091 ],,,,,,,,,,,,, [ 4010305657 ],,,,,,, [ 4836063781 ],,,,,,,,
  ,,,,,,,,,,,,,,, [ 10106696377 ],,,,,, [ 9843538673 ],, [ 464943628033 ],,, [ 1203528397 ],,
  ,,,,,,,,, [ 768737064971 ],,,,,,,,,,,,,, [ 36659179237 ],,,,,,,,,,,, [ 1274532737 ],,,,,,,,
  ,,,, [ 52934496161 ],,,,,,, [ 1404754331, 498011729041 ], [ 3218492197 ],, [ 160700348933 ]
   ,, [ 16966448641 ],,,,,,,,,,,,,,,,,, [ 1073162107 ],,,, [ 25371906811 ],,,,,,,, 
  [ 34565658614831 ],, [ 6212318977, 198882540001 ],,,,,,,,,,,,,,,,,,,,,,,,,,,, 
  [ 1326974981 ],,,,,,,,,,,,,,,,,,,, [ 1523166481 ],, [ 64594799611 ],,,,,, [ 35913950161 ],,
  ,, [ 121095385321, 144857673949 ],,,,,, [ 17939945071 ],,,, [ 220173381121 ],, 
  [ 1370366929 ],,,,,, [ 10924582681 ],,,,,, [ 19181000689 ],,,,,,,,, 
  [ 1299427231, 1424838211 ],,,,,,, [ 1106662357 ],,,,,,,,,,,,,,,,, [ 6585004693 ],,,,,, 
  [ 3233603011 ],,,,,,,,,,,,,,, [ 10017464731 ],,,,,,,,,,,, [ 70454864659 ],,,,,,,,,,,, 
  [ 1986016807 ],,,,,,,,,, [ 2081070881 ],,,,, [ 22200385507 ],,,,,,,,,,,,, [ 241559529901 ],
  ,,,,, [ 5007234061 ],,,,,,,,,,,,,,,,,, [ 1163468617 ],,,,,,,,,,,,,, [ 1468957741 ],,,,,,,,,
  ,,,,, [ 1798612271, 5470022429 ], [ 143363835091 ],,,,,,,,, [ 1742786137 ],,,,,, 
  [ 1681331851, 3703520851 ],,,,,,,, [ 4513027789 ],,,,,,, [ 3693953371 ],,,,,,,,,,,,, 
  [ 16582261819 ],, [ 1688328001 ],,,,,,,,,,,,,,,,,,,,,, [ 6926766389 ],,,,,,,,,,,,,,,,,,,,,,
  , [ 2455135534801 ], [ 5973213055349 ],,,,,,,,,,,,,,,,,,,,,,,,,,,,,,,,,,,,,,,, 
  [ 3799552777 ],, [ 3694744481 ],,,,,,,,,, [ 6460502981, 15874100947 ],, [ 3096914341 ],,,,,
  ,,, [ 8984623177 ],, [ 13311315551, 117508264771 ],, [ 8147335681 ],,,,,,,,,,, 
  [ 75137360299 ],,,,,,,,,,,,,,,,,,,,,,,,,,,,, [ 66900567593 ],, [ 16081789817 ],,,,,, 
  [ 2144002561, 2243021441 ],,,,, [ 22836811831 ], [ 6231083407 ],,,,,,,,,, [ 3990937361 ],,,
  ,,,,,,,,, [ 4167715397 ],,,,,, [ 1491249659 ],,,,,,,,,,,,, [ 5819075263 ],,,,,,,,,,,,,,,,,,
  ,,,,,,,,,,,,,,, [ 9457855681 ],,,,,,,,, [ 11312930791 ], [ 47396579011 ],,,,,,,,,,,,,,,,,,,
  ,,,,,,, [ 19543709893 ],, [ 2824796263, 30643327727 ],,,,,,,,,,,,,,,,,,,,,,,, 
  [ 2253015101 ],,,,,,,,,, [ 39646140241 ],,,,,,,,,,,,,,,, [ 3492966641 ],,,,,,,,,,,,,, 
  [ 2452273867 ],,,,,,,,,,,,,,,,,,,,,,,,,,,,,,,, [ 216022302277 ],,,,,,,, [ 5174592151 ],,,,,
  ,,,,,,,,,,,,,,,,,,,,,,,,,,,,, [ 16454709793 ],,,,,,,,,,,, [ 23876449321 ],,,,,,,,,,,,,,,,,,
  ,,,,,,,,,,,,,,,, [ 32727504181 ],,,, [ 11498381777 ],,,,,,,,,,,, [ 1483788653957 ],,,,,,,, 
  [ 11196039691 ],,,,,,,,,,,,,,,,,,,, [ 1245492697 ],, [ 4613571733 ],,,,,, [ 387445497941 ],
  ,,,,,,, [ 118013185711 ],,,,,,,, [ 1801796261 ],,,,,,,,,,,,,,,,,,,,,,,,,,,,,, 
  [ 1162660395121 ],,,,,,,,,,,,,,,,,,,,,,,,,,,,,,,,,,,,,, [ 4270208407 ],,,, [ 2987294851 ],,
  ,, [ 51179186101 ],,,,,,,,,,,,,,,,,,,,,,,,,,,,,,,,,,,,,,,,,,,, [ 3512398124491 ],, 
  [ 9749923529, 169296795301 ],, [ 107284094131 ],,,,,,,,,,,,,,,,,,,,,,,,,,,,,,,,,,,, 
  [ 2836304311 ],,,,,,,,,,,,,,,, [ 2250638149 ],,,,,,,, [ 7912510867 ],,,,,,,,,,,,,, 
  [ 53329054241 ],,,, [ 35947292221 ],, [ 1634984443, 8303475431759 ],,,,,,,,,,,,,, 
  [ 2162106601 ],,,,,,,,,,,, [ 5959852081, 33906330641 ],,,,,,,,,, [ 15346709701 ],,,,,,,,,,,
  ,,,,,,,,,,,,,,,,,,,,,,,,,,,,,,,,,,,,,,, [ 95927613401 ],,,,,,,,,,,,,,,,,,,,,,,, 
  [ 72324411013 ],,,,,,,, [ 1004236417, 15260834689 ],,,,,,,, [ 8841210882461 ],,,,,,,,,,,, 
  [ 4445080697, 38231484257 ],,,,,,,,,,,,,,,,,,,,,,,,,,,,,,,,,,,,,,,,,,,,,,,,,,,,,,,,,,,,,,,,
  ,, [ 1045757837 ],,,,,,,,,,,, [ 980930342891 ],,,,,,,,,,,, [ 1855255697 ],,,,,,,,,,,,,,,,,
  , [ 5935792201 ],,,, [ 35882912353 ],,,,,,,, [ 138859402529 ],,,,,,,,,,,,,,,,,,,,,,,,,,,,,,
  ,,,,,,,,,,,,,,,, [ 4831735700023 ],,,,,,,,,,,,,,,,,,,,,,,,,,,,,,,,,,,,,,,,,,,,,,,, 
  [ 5742934573 ],,,,,,,,,,,,,,,,,,,,,,,,,,,,,, [ 1252234513 ],,,,,,,, [ 77502877453 ],,,,,,,,
  ,,,,,,,,,,,,,,,,,,,,,,,,,,,,,,,, [ 2587685739901 ],,,,,,,,,,,, [ 5748637753 ],,,,,,,,,,,,,,
  ,,,,,,,,,,,,,,,,,,,,,, [ 7699318969 ],,, [ 8743013371 ],,,,,,,,,,,,,,, [ 29124688891 ],,,,,
  ,,,,,,, [ 339484061809 ],,,,,,,,,,,, [ 2936173501 ],,,,,,,,,,,,,,,,,,,,,,,,,,,,,, 
  [ 12192566761 ],,,,,,,,,,,,,,,,,, [ 4795691773, 1788742867867 ],,,,,,,, 
  [ 1729891781, 3231583591 ],,,,,,,,,, [ 1783185601 ],,,,,,,,,,,,,,,,,,,,,,,, [ 2179157377 ],
  ,,,,,,,,,,,,,,,,,,,,,,,,, [ 1629335251 ],,,,,,,,,,,,,,,,,,,,,,,,,,,,,,,,,,,,,,,,,,,,,,,,,,,
  ,,,,,,, [ 7536010249 ],,,,,,,,,,,,,,,,,, [ 9656484223 ],,,,,,,,,,,,,,,,,, [ 2109448176697 ]
   ,,,,,,,,,,,,,,,,,,,,,,,,,, [ 2911665451 ],,,,,,,,,,,,,,,,,,,,,,,,,,,,,,,,,,,,,,,,,,,,,,,,,
  ,,,,,,,,, [ 1978270993 ],,,,,,,,,,,,,,,,,,,,,,,, [ 8888809777 ],,,,,,,, [ 8124242341 ],,,,,
  ,,,,,,,,,,, [ 6623463949 ],,,,,,,,,,,,,, [ 2528884741 ],,,,,,,,,,,,,,,,,,,,,,,,,,,,,,,,,,,,
  ,,,,,,,,,,,,,, [ 1337327265581 ],,,,,,,, [ 608306752033 ],, [ 3837383551 ],,,,,,,,,,,,,,,,,
  ,,,,,,,,,,,,,,,,,,,,,,,,,,,,,,,,,,,,,,,,,,,,,,,,,,,,,,,,,,,,,,,,, 
  [ 1117910041, 2103108649 ],,,,,,,,,,,,,,,,,,,,,,,, [ 15036277297 ],,,,,,,,,,,,,,,,,,,,,,,,,
  ,,,,,,,,,,,,,,,,,,,,,,, [ 971791588993 ],,,,,,,,,,,,,,,,,,,,,,,,,,,,,, [ 17472872089 ],,,,,
  ,,,,,,,,,,,,,,,,,,,,,,,,, [ 508076750689 ],,,,,,,,,,,, [ 4938527281, 71275791793 ],,,,,,,,,
  ,,,,,,,,,,,,,,,,,,,,,,,,,,,,,,,,,,,,,,, [ 2333142073 ],,,,,, [ 4926904291 ],,,,,,,,,,,,,,,,
  ,,,,,,,,,,,,,,,,,,,,,,,,,,,,,,,,,,,,,, [ 584659439761 ],,,,,,,,,,,,,,,,,,,,,,,, 
  [ 55461406141 ],,,,,,,,,,,,,,,,,,,,,,,,,,,,,,,,,,,,,,,,,, [ 11370308401 ],,,,,,,,,,,,,,,,,,
  ,,,,,,,,,,,,,,,,,,,,,,,,,,,,,,,,,,,,,,,,,,,,,,,,,,,,,,,,,,,, [ 49136039497, 339281470621 ],
  ,,,,,,,,,,,,,,,,,,,,,,,,,,,,, [ 1640714041 ],,,,,,,,,,,,,,,,,,,,,,,,,,,,,, [ 5225279329 ],,
  ,,,,,,,,,,,,,,,,,,,, [ 2584561351 ],,,,,,,,,,,,,,,,,,,,,,,,,,,,,,,,,,,,,, [ 40697910397 ],,
  ,,,,,,,,,,,,,,,,,,,,,,,,,,,,,,,,,,,,,,,,,,,,,,,,,,,,,,,,,,,,,,,,,,,,,,,,,,,,,,,,,,,,,,,,,,,
  ,,,,,,,,,,,,,,,,,,,,,,,,,,,,,,,,,,,,,,,,,,,,,,,,,,,,,,,,,,,,,,,,,,,,,,,,,,,,,,,,,,,,,,,,,,,
  ,,,,,,,,,,,,,,,,,,,,,,,,,,,,,,,,,,,,,, [ 16459624591 ],,,,,,,,,,,,,,,,,,,, [ 19141652531 ],
  ,,, [ 1361024869 ],,,,,,,,,,,,,,,,,,,,,,,, [ 4950296569 ],,,,,,,,,,,,,,,,,,,,,,,,,,,,,,,,,,
  ,,,,,,,,,,,,,,,,,,,,,,,,,,,,,,,,,,,,,, [ 11873777491, 178226311411 ],,,,,,,,,,,,,,,,,,,,,,,
  ,,,,,,,,,,,,,,,,,,,,,,,,, [ 20906016457 ],,,,,,,,,,,,,,,,,,,,,,,,,,,,,,,,,,,,,,,,,,,,,,,, 
  [ 5728560307 ],,,,,,,,,,,,,,,,,,,,,,,, [ 2187933661, 4388949841 ],,,,,,,,,,,,,,,,,,,,,,,,,,
  ,,,,,,,,,,,,,,,,,,,,,,,,,,,,,,,,,,,,,,,,,,,,,,,,,,,,,,,,,,,,,,,,,,,,,,,,,,,,,,,,,,,,,,,,,,,
  ,,,,,,,,,,,,,,, [ 3351926953 ],,,,,,,,,,,,,,,,,,,,,,,,,,,,,,,,,,,,,,,,,,,,,,,,,,,,,,,,,,,,,
  ,,,,, [ 157999467121 ],,,,,,,,,,,,,,,,,,,,,,,,,,,,,,,,,,,,,,,,,,,,,,,,,,,,,,,,,,,,,,,,,,,,,
  ,,,,,,,,,,,,,,,,,,,,,,,,,,,,,,,,,,,,,,,,,,,,,,,,,,, [ 8692848841, 92832195457 ],,,,,,,,,,,
  , [ 2588764861 ],,,,,,,,,,,,,,,,,,,,,,,,,,,,,,,,,,,,,,,,,,,,,,,,,,,,,,,,,,,,,,,,,,,,,,,,,,,
  ,,,,,,,,,,,,,,, [ 109999808731, 886065765391 ],,,,,,,,,,,,,,,,,, [ 594469780129 ],,,,,,,,,,
  ,,,,,,,,,,,,,,,,,,,,,,,,,,,,,,,, [ 29653750771 ],,,,,,,,,,,,,,,,,,,,,,,,,,,,,, 
  [ 67414719241 ],,,,,,,,,,,,,,,,,,,,,,,,,,,,,, [ 150039126901 ],,,,,,,,,,,,,,,,,,,,,,,,,,,,,
  ,,,,,,,,,,,,,,,,,,,,,,,,,,,,,,,,,,,,,,,,,,,,,,,,,,,,,,,,,,,,, [ 6628271521 ],,,,,,,,,,,,,,,
  ,,,,,,,,,,,,,,,,,,,,,,,,,,,,,,,,,,,,,,,,,,,,, [ 201807358201 ],,,,,,,,,,,,,,,,,,,,,,,,,,,,,
  , [ 11233895311 ],,,,,,,,,,,,,,,,,,,,,,,,,,,,,, [ 156998081881 ],,,,,,,,,,,,,,,,,,,,,,,,,,,
  ,,,,,,,,,,,,,,,,,,,,,,,,,,,,,,,,,,,,,,,,,,,,,,,,,,,,,,,,,,,,,,,,,,,,,,,,,,,,,,,,,,,,,,,,,,,
  ,,,,,,,,,,,,,,,,,,,,,,,,,,,,,,,, [ 5511112111 ],,,,,,,,,,,,,,,,,,,,,,,,,,,,,,,,,,,,,,,,,,,,
  ,,,,,,,,,,,,,,,,,,,,,,,,,,,,,,,,,,,,,,,,,,,,,, [ 7824139356001 ],,,,,,,,,,,,,,,,,,,,,,,,,,,
  ,,,,,,,,,,,,,,,,,,,,,,,,,,,,,,,,,,,,,,,,,,,,,,,,,,,,,,,,,,,,,,, [ 1621970431 ],,,,,,,,,,,,,
  ,,,,,,,,,,,,,,,,, [ 1170960001 ],,,,,,,,,,,,,,,,,,,,,,,,,,,,,,,,,,,,,,,,,,,,,,,,,,,,,,,,,,,
  ,,,,,,,,,,,,,,,,,,,,,,,,,,,,,,,,,,,,,,,,,,,,,,,,,,,,,,,,,,,,,,,,,,,,,,,,,,,,,,,,,,,,,,,,,,,
  ,,,,,,,,,,,,,,,,,,,,,,,,,,,,,,,,,,,,,,,,,,,,,,,,,,,,,,,,,,,,,,,,,,,,,,,,,,,,,,,,,,,,,,,,,,,
  ,,,,,,,,,,,,,,,,,,,,,,,,,,,,,,,,,,,,,,,,,,,,,,,,,,,,,,,,,,,,,,,,,,,,,,,,,,,,,,,,,,,,,,,,,,,
  ,,,,,,,,,,,,,,,,,,,,,,,,,,,,,,,,,,,,,,,,,,,,,,,,,,,,,,,,,,,,,,,,,,,,,,,,,,,,,,,,,,,,,,,, 
  [ 208143145141 ],,,,,,,,,,,,,,,,,,,,,,,,,,,,,,,,,,,,,,,,,,,,,,,,,,,,,,,,,,,,,,,,,,,,,,,,,,,
  ,,,,,,,,,,,,,,,,,,,,,,,,,,,,,,,,,,,,,,,,,,,,,,,,,,,,,,,,,,,,,,,,,,,,,,,,,,,,,,,,,,,,,,,,,,,
  ,,,,,,,,,,,,,,,,,,,,,,,,,,,,,,,,,,,,,,,,,,,,,,,,,,,,,,,,,,,,,,,,,,,,,,,,,,,,,,,,,,,,,,,,,,,
  ,,,,,,,,,,,,, [ 57154819411 ],,,,,,,,,,,,,,,,,,,,,,,,,,,,,,,,,,,,,,,,,,,,,,,,,,,,,,,,,,,,,,
  ,,,,,,,,,,,,,,,,,,,,,,,,,,,,,,,,,,,,,,,,,,,,,,,,,,,,,,,,,,,,,,,,,,,,,,,,,,,,,,,,,,,,,,,,,,,
  ,,,,,,,,,,,,,,,,,,,,,,,,,,,,,,,,,,,,,,,,,,,,,,,,,,,,,,,,,,,,,,,,,,,,,,,,,,,,,,,,,,,,,,,,,,,
  ,,,,,,,,,,,,,,,,,,,,,,,,,,,,,,,,,,,,,,,,,,,,,,,,,,,,,,,,,,,,,,,,,,,,,,,,,,,,,,,,,,,,,,,,,,,
  ,,,,,,,,,,,,,,,,,,,,,,,,, [ 2544278731 ] ]);
