BRENTFACTORS[7246]:=MakeImmutable([ ,,,,,,,,,,,, [ 234245573786251 ],,,, 
  [ 2563531571533, 171712505453777 ],,,, [ 29697001403287 ],, 
  [ 27710194878503, 312744898819964179543813781557 ],, [ 7066208862899891852365901 ],, 
  [ 233274812656958037664253162191 ], [ 69197793953 ], [ 5558100280961879185468631339103533 ]
   ,,,, [ 82201178401, 1328684889247 ], [ 6601879242459934859 ],,, 
  [ 71591350247, 37602765440049143, 1922771253528826119565191137454981247 ],,,, 
  [ 4187526883, 10019915161523104759, 7304356092456159262166665395922126279725295621 ],, 
  [ 6514151099 ],, [ 10217688009301, 1597742772744301951656257624433108061 ],,, 
  [ 295072665201697 ], [ 2133436982462817577438019 ], [ 34844977001 ],, 
  [ 3023361600918743761 ], [ 7370425921 ],, 
  [ 9789912063251, 51036815586798559981, 4493694148195687902257759358281 ], [ 37978947833 ], 
  [ 45463721403177844619891609293 ], [ 1847286259749191189, 1024982254588225306593551 ], 
  [ 41438742208859 ],, [ 6630051937, 85194366211893650941, 87973118665123692759419387 ], 
  [ 22297086103, 11739925106015679499, 10419556125109356111957392234839 ], 
  [ 16684899211, 3992880795252931 ], [ 230189872769, 6059573917697 ], 
  [ 3206755631, 69663708827572471, 1042455297008612546712511, 10980129026746587538391081 ], 
  [ 11095815721, 18014893755401573821759 ], [ 3250177823506921 ], 
  [ 69658865634889, 31700263793428724506504181 ], [ 1173865261 ], 
  [ 523906407695659694251981 ],, [ 4664498473, 5160441889, 106947343509600441405968857 ], 
  [ 131185731277 ], [ 1375074143 ],, [ 2305333993 ],, [ 3720492341827, 2128430589710941231 ],
  , [ 146351418001, 4663644842192641, 324738802948084937601333121 ],, 
  [ 757816375696185333223545393641224073 ],, [ 661101238309 ],, 
  [ 456344434591323146831866929114181 ], [ 51311488663, 224357462615824231 ],, 
  [ 1841328833 ], [ 50191894355636782261 ], [ 246012322658467, 21175346881253843926831 ], 
  [ 19951670621, 2758497533722832249, 18424282021222196797097792996333 ], [ 6459207121 ], 
  [ 2016228091, 2552421857, 19042826347, 119590732158463 ], [ 5656367251812713392860678161 ],
  , [ 2354003210011 ],,,,, [ 5484864361, 6606422411109724310253961268073147125137844047 ], 
  [ 38664568119672629, 471633931240941809 ],, [ 62091990661 ], 
  [ 12331512121, 502984624930453 ],, 
  [ 4261827556522693, 425570007938743153, 3139903597657033202429246977, 
      165471526972327966433116631580997729 ], 
  [ 165358304856592550513, 21590845790052976994157018359 ],, [ 926122128823, 20163502941817 ]
    , [ 4670631577629473 ],, [ 316046176268701, 147553533144898711672486727479 ], 
  [ 2545754788631, 8928581912459051096491 ], [ 368215297729, 176865358515779376846776909 ],, 
  [ 31993380239, 26274590538889658137 ],, 
  [ 3413480776946342716950001, 9752259239643068047961892781945321 ], [ 1013787073729 ], 
  [ 189263817515186851 ],,, [ 908085324582145001, 315594774403949934251 ], 
  [ 11902617091, 156390036659011, 200884214396629, 1531057895241140449, 69490575669825666469 
     ],,, [ 27708216763 ],,, 
  [ 24479507912991541609, 65544542439832368588425929124749, 
      700214705430474568259521915174553964421 ], [ 1096524619, 646101422017830703 ], 
  [ 97741248381169 ],, [ 339717456601, 5478760411129, 3788672523222724513 ], 
  [ 145612391839, 5529668464981 ], [ 22688858753101 ], [ 1106232661443108640053071036729 ], 
  [ 13056374856613061 ], [ 199102967263, 3342346073924106331, 987008970328756448011 ],,, 
  [ 424087682833 ], [ 2023906811, 20048442222521 ], [ 173849646213161 ], 
  [ 31274566933, 64936232761 ], [ 665934602121476150161 ],, [ 9661926677113951 ], 
  [ 268970440268029 ], [ 2574395305289, 4790049976273 ], [ 2369947663, 14820319851391 ], 
  [ 7606364459, 1611829021727 ], [ 2498465562724081, 35940873407535301 ], 
  [ 22844831112101077 ], [ 1553247647941109, 159291234807072637 ], [ 6571858972496298149 ], 
  [ 5220079282889440408020261553 ],, [ 61610810355599 ],,,, [ 143628501721 ], 
  [ 20823713727601, 21819633499524312679 ],, [ 17768989824601 ], 
  [ 7794130944387971, 6588301142380455343 ], [ 3314273715971 ], 
  [ 55377842627644543, 28899047924727445711 ],, [ 3974772687911 ], [ 68050752199 ],, 
  [ 812348894369, 172881340281409 ], [ 244731649448947603149349690030453 ],, 
  [ 307568842567823087 ], [ 2063189117524501, 3786953672212187941 ],, 
  [ 128388397374329, 88085233301528463679482623 ],, [ 7591324159681 ], 
  [ 1171999421, 1170982766423471 ], [ 1092364208843012899 ], [ 3594152717 ], [ 1374879157 ], 
  [ 2587075000364863, 58047774791831497 ], [ 42505185810161, 11228752957669127651 ], 
  [ 156885355919 ], [ 19375333573431361, 156731837003247757249, 840101119766772645403393 ],,
  , [ 83663123701, 7813304243161, 9703520338591 ], 
  [ 3073999909, 24486135499981, 507412065992833, 898123618687958209 ],, 
  [ 1153679403559716199, 456981197252851551705667309 ],, [ 7141890401, 954236080201 ],,, 
  [ 3388864384879, 206884499767303 ],, [ 206160142842491, 11611068231268240061 ], 
  [ 1469020589461, 186164022098017 ], [ 1790638183, 780906197299321 ],, 
  [ 1316904065093, 1022710233497172001 ],,,, [ 1115758987446793 ],,,, [ 195812688541 ], 
  [ 1250670364231431449 ],, [ 3968872700981 ], [ 1244906696749483 ],, 
  [ 3989060443553, 240735945406580243 ],,,, [ 8420455587598081, 7893395800853181518843 ],, 
  [ 4327288883, 264134514878099, 2067448181007973 ],, 
  [ 515838183677587, 82625352209470303971739 ],, [ 6848294993 ],, 
  [ 18901210259472863417731 ], [ 833623433607137, 6764115665869249 ], [ 448603000369 ], 
  [ 1128271210921, 357123035620769069 ], [ 1591541153 ], 
  [ 6948713793841, 73095784983601, 6923799729979681, 8146749459883351201, 
      48859808693082113761, 976852821396855349357188961 ], [ 13896542483 ], [ 4813428401 ], 
  [ 28612090891, 357375726973 ], [ 1068685275830033 ], [ 1907560603326841 ], [ 47114619379 ],
  [ 1360937891 ], 
  [ 37537503697, 1014471393633601, 25055636724606501641, 170715459352041177337 ], 
  [ 2855882942907854011 ],, [ 79058093985499 ], [ 15936729733, 18911499809329 ], 
  [ 155177854128220991 ], [ 12655480249828530972461, 1233634572273352917705953 ], 
  [ 19353363721, 80725637131, 15290826220471 ],,, [ 52846894856659 ], 
  [ 852704609093, 1285550260659799 ],,, [ 14260476995621 ],,,, [ 5661072757061 ], 
  [ 2761399296889, 15443731362967 ], [ 208613854441727081 ],,,, 
  [ 47124614075169601, 39722204668695122417 ],, 
  [ 448730557294687166117, 764732759301377808412243 ], [ 143505040536551 ],,,,, 
  [ 569212199632461407681, 3640942858036189390441 ],, [ 4285201741137637 ],, [ 3163258457 ],,
  ,, [ 2021816200383243361 ],, [ 28999029757441 ], [ 21399573715747 ], [ 21756496860856157 ],
  , [ 1635102781634075503 ], [ 167516592521 ],, [ 5096161171729 ], [ 2511547871617 ],, 
  [ 3882709801, 641982317826648301 ], [ 10339932624631 ],,,, [ 1170951145621 ], 
  [ 207565432560973, 648953331533713 ],, [ 1781663061949 ],, [ 148837439813009071331 ], 
  [ 23195895060137 ], [ 57178799487734478529 ],,,,, [ 10256111896931, 351925812708834619 ], 
  [ 114966639499972955689 ], [ 21930475961813, 7794332120916683 ], 
  [ 4279632641, 27557512321 ],,, [ 1673500177301 ], 
  [ 1617034429, 1004564099197, 208629629408974393, 1222220049143408281 ], [ 1318734301 ], 
  [ 1535766767, 13509426712734667837 ],,,,,, [ 344738673097957 ], [ 40699410499351 ],, 
  [ 6733430321 ],,, [ 102868796739593 ],, [ 78713262472721, 146605832213041 ],,, 
  [ 73654185949, 53300144754977 ],,, [ 8535233996063 ], [ 314560642541 ], [ 75679541346853 ],
  , [ 65877667451, 70567240882934450734813301 ],, [ 148470513313 ], 
  [ 17291451547, 223678741579 ],,, [ 1295099521, 266823837673 ], [ 5131819156281427 ], 
  [ 60089800633431487 ],, [ 141533679725636196224881 ],, 
  [ 113311985671, 1495121082870088781, 10344440117920373211138229 ],,, [ 43071030031 ], 
  [ 29968587640903 ],,, [ 2417938183 ],, [ 137229496247887 ], [ 24971520494463937 ], 
  [ 290508823705487 ],, [ 27819453001 ], [ 1871040147481 ], [ 4766921459 ], 
  [ 33878473965623962333, 11316203499359252614194058951 ],, [ 1489757013458181901 ],,,, 
  [ 24120531563878273 ], [ 11192700751 ],, [ 6751551248047 ], 
  [ 6475884901, 1827911328349, 382815627054444637 ], [ 97182278213, 252861623035253 ],,,, 
  [ 39261774825919 ],,,, [ 35973042607 ], [ 1956651391609110791869 ],,,,,,, [ 3751868161 ], 
  [ 35708090414600297 ],,,, [ 1583013281 ],, [ 15044535781294373, 36477494339618809 ], 
  [ 5596385411 ], [ 10543060621, 472224997261, 15564603123253, 52907202022125555073, 
      56221624413487120663 ],,,, [ 14912538323, 15884458420183 ],, [ 246908662141 ],,,, 
  [ 945870282089 ], [ 601494411443351 ], [ 22900526232327994231 ], [ 781369489566331 ], 
  [ 1153820637409440589 ],, [ 91556605106081 ],, [ 18537173569, 77059788913 ], 
  [ 52314395779 ],, [ 287115198901 ], [ 5770033850436264973 ],,, [ 715611396823 ], 
  [ 30808909918464481 ], [ 6030517123 ],,,, [ 858168347372191 ],,, 
  [ 1744911617, 20884789353648641 ], [ 363146962510367509 ],,, [ 2435080393, 9702644221177 ],
  , [ 6809577781 ],,,,, [ 3787814762497 ], [ 253203725494072841 ], [ 2508166626799 ], 
  [ 2745937742857 ], [ 1434297002383277, 32994510146307251 ], [ 7056730476058056364369 ],, 
  [ 113109368623 ], [ 13780130459 ], [ 6366967888112677 ],, [ 443211929821 ],,, 
  [ 1075214141, 185175326249 ],, [ 3349958401, 7073999078051 ], [ 443199853734821 ],, 
  [ 210134562769, 139604413276456013 ], [ 69945270243469 ],,, [ 8196255991597203769 ],,,, 
  [ 3907951759, 926287459301053, 33661257061303873, 278559491765075047, 883120198379052583, 
      17813446632204027967 ], [ 2477105047, 4538067619 ],,, [ 7812382621 ],, 
  [ 3547908433, 379891676569 ],, [ 13814258509269583 ], 
  [ 17916092371, 101027256246181, 324106783909921 ], [ 3147841552714993 ], [ 2727147345007 ],
  [ 31959892358743269763 ], [ 5624081297 ],, [ 46406310367 ],,, [ 45614365615770841 ],, 
  [ 2408528123 ], [ 1130569441, 5316153571 ],,, [ 22488260995021 ],,, [ 1319528341 ],,, 
  [ 33824310841, 1174694477977 ],, [ 1824419451793725212609 ],, [ 21734585045291561 ],,,, 
  [ 237784782049, 22572793034773 ],,, [ 11433815189 ], [ 139022534641, 49032388444770193 ],,,
  , [ 2398550628498850025593 ],,, [ 1048257601 ], [ 1123616506273 ],,,, [ 1208573713801 ],,,
  , [ 4972578881, 94574495454071393 ], [ 57633594131 ], [ 70506040879 ], [ 41702016431 ], 
  [ 47183454341591453 ],,, [ 1137096497 ], [ 275775558259816441 ],, [ 981725025825054529 ],,,
  , [ 4083300037, 60685996429 ],,, [ 1524069823, 544694053663, 2001086219089, 4862332006159 ]
    , [ 91767539057608093 ],, [ 48511742585233 ],, [ 61852677001961 ],, [ 1816995840893369 ],
  ,,,, [ 23188143373 ],,,,,,,,,,, [ 108981601339970897 ],, [ 14507528514633363701 ],, 
  [ 79202947321, 975050799493 ],,,, [ 2077873003764812689 ],, [ 66983635054722005533 ],, 
  [ 159920228477 ],, [ 2423045220152219027 ],, [ 85183786014601 ],, [ 1616020841 ],, 
  [ 39355954721533, 1548192494999461 ],,,,,,,,,,, [ 440340467401 ],,, [ 180629711149 ], 
  [ 3395909519 ], [ 3119396081 ], [ 1109216539 ],,, 
  [ 792573159457, 23203595214578115793, 1859450999045240964481 ],, [ 98134156502029 ],,,,,, 
  [ 34215094657, 1383385557769 ],,,, [ 5832304342693 ],, [ 1976668189 ],, [ 9769363841 ],, 
  [ 22182737743 ],,, [ 1202900762191 ], [ 2375817563237 ],, [ 50201165233 ],, 
  [ 585646820851, 29185875101501, 504730758822551 ],,,,,,,, [ 42546417523 ],,,, 
  [ 761694549353 ],, [ 6401743134217 ],,,, [ 4309475020549 ],,,, [ 41294846397207139969 ], 
  [ 749782719407 ], [ 3221492863 ],,, [ 18679153037 ], [ 8470141453, 5571825375307 ],, 
  [ 3009565081, 7587902562521 ],,,,,, [ 12941905187, 5207584003637 ],, [ 33774068609 ],, 
  [ 3038407057970971 ],, [ 249086022445697 ],,, [ 11503053421 ],,, [ 5432649869 ],, 
  [ 12091122401 ],,,, [ 154565106106753 ], [ 88707557011 ],,,,, [ 456511325581 ],, 
  [ 71992077217, 72582167153 ],, [ 1073329069, 391146896051953147 ],,,,,,,,,,,, 
  [ 245766904483, 405119729983, 3623105550374113 ],,,,,,,, [ 54060409457, 39516504612097 ],, 
  [ 205663674977 ],, [ 27625653576127 ],,,,, [ 2285881109 ], [ 9247831019521009 ], 
  [ 4598186191 ],,,,,,,, [ 1440936283 ],,, [ 1232268231349 ],, [ 1068063906031 ], 
  [ 51574005979 ],, [ 3475557013 ],,, [ 84442699754117 ],,,,,, 
  [ 13986175348531, 52038822599611 ],,,, [ 1038760633, 344657617921 ],,,, 
  [ 527275530233, 1820397014539 ],, [ 74892594661, 3710597492050021, 2790806651507780881 ],,
  , [ 3137288383 ],,, [ 1839344539, 127038462013 ],, [ 2300064420533981 ],, [ 109368902711 ],
  , [ 1112953249 ],,, [ 1334936971 ],,,,, [ 48122277601 ],,,, 
  [ 1529292421, 1509525261399361 ],,,, [ 2616281377 ], [ 1238566057 ],,, [ 83948175611077 ],,
  ,,,,,, [ 1526826881 ],,,, [ 14104902401 ],,,, [ 681982532029, 24063074235253 ],,, 
  [ 1192667821 ],,,,,, [ 1922018596219 ], [ 4345971913 ],, 
  [ 1783571161, 405712351671481, 2374025559902641 ],, [ 66535602011 ],,,,,,, [ 81660363727 ],
  ,,,, [ 157994249587693 ],, [ 2406197189401 ], [ 145778262431 ],,,, [ 8985125647 ], 
  [ 958991144399 ],,, [ 25398771629321 ], [ 4110513167 ], [ 19917502567 ],,, [ 884407138231 ]
   ,,,,,, [ 2356411093, 89168822269, 292801989097 ],,,,,, [ 595411087321, 692589575602261 ], 
  [ 4695345437 ], [ 2718476801, 3450327746378917 ],, [ 30675259702081 ],, [ 6354630062281 ],,
  ,, [ 784106776133, 4145803158097 ],,,,,,,,,, [ 31365339809 ],, 
  [ 1676263697, 14191999057, 85054285990879433 ],, [ 2373784327 ],, 
  [ 6673443157, 54735998797, 1038137779769 ],,,, [ 3328465864687633 ],, [ 7398992693 ],, 
  [ 494425048693, 807112670164301 ],,,,,, [ 769540209821 ],, [ 415836109921 ],, 
  [ 438805747949 ],, [ 10808019628001 ],, [ 3314852011 ],,,,,, [ 18230788369 ],, 
  [ 44070466721 ],,,,,, [ 1660510966354417 ],,,, [ 38482572589 ], [ 1420030457 ], 
  [ 1171307251, 3154891594784701 ], [ 12282775543 ], [ 1004122001 ],,,,,, 
  [ 3950365238783, 17358148618241399 ],,,,,, [ 1922529485089 ],,,,,, [ 32721148711 ],,,, 
  [ 2437773953, 45081354293 ],,,,,,,, [ 92460690199 ],, [ 79844087161, 4734600832609 ], 
  [ 2105963491 ],,,,, [ 779845057574221 ],,,,,,, [ 56758926853 ],,,, [ 86746996337 ],, 
  [ 4529584109 ], [ 754967602415449 ],,, [ 1678775743 ],,,,,,,,,, [ 2071635103 ],,, 
  [ 5017233121, 29045273161 ],,, [ 24382789663 ],,,,,,, [ 1068408701 ],,,,,,,,,,,,,,,,,,,, 
  [ 2961160651 ],,,,,, [ 47882841046638049 ],, [ 25749830413 ],,, [ 301561086817 ],,,,, 
  [ 462383188177 ],,,,,,,,,,,,,,, [ 1801622707 ], [ 23179741183 ],,,, [ 13956924481 ],,,,,, 
  [ 6021894061, 104993535193 ],,,,,, [ 3226881457 ],, [ 4244641501 ],,,,,,, [ 2175248359 ],,
  , [ 370030755511 ],,,,,,,,,,, [ 96615857927 ],,,,,,,, [ 2425857463, 33868496173 ],,,,, 
  [ 263960260327 ],,,, [ 1027846153 ],, [ 2247065377201, 962265306502501 ],,,,,,, 
  [ 702013039416089 ],,, [ 5314131601 ],,,,,,,,, [ 8463400471 ],,, [ 1000563341 ],,,,, 
  [ 305952031467259 ],,,,, [ 141775571897 ], [ 16443998443 ],,, [ 261852832249 ], 
  [ 331544325487 ],,,,,, [ 2644613063 ],,,,,,,,,,,,,,,,, [ 362352702001 ],,,,,,, 
  [ 2044076227 ],,,,,,,,,,,,,,,,,,,,,,,,,, [ 2897033422321 ], [ 24456834803 ],, 
  [ 5083247761 ],,,,,,,,,,,,,,,, [ 158892135053, 9882431950009 ], [ 1333011569 ], 
  [ 432516469111 ], [ 19089528901 ],,,,,,, [ 5264117501 ],, [ 36852658177 ], [ 5421946861 ],,
  ,,,, [ 1064284561 ],, [ 2608481387 ],,,,,,,, [ 4950511609 ],,,,,,,,,,,,,,,,,,,,,,,,,,,, 
  [ 244164910293151 ],,,,,,,,,,, [ 3833707681, 719464020246841 ], [ 11085665501161 ],,,, 
  [ 44471531501 ], [ 24567222343 ],,,, [ 1031627801 ],,,,,,,, [ 8559620851 ], 
  [ 382316713663 ], [ 1799786161 ],,, [ 5654314717 ],,,,, [ 13274657813 ],,,,,,,,,, 
  [ 36289687337 ],,,,,,,,, [ 18067775658991 ],,,,,,,,,, [ 3025222183 ],,,,,,,,,, 
  [ 1583657183 ],, [ 3658445431, 2058736566307 ],,,,,,,,,,,,,,,,, [ 8641694989 ],,,,, 
  [ 5678992801 ], [ 97415900573 ], [ 9918336867319 ],,,, [ 1323166261 ],, [ 2525229697 ],,,,
  , [ 1105973809 ],,,,, [ 21123389816411 ],,,,, [ 1152657058321 ],,,, 
  [ 3318026821, 12280111609 ],,,,,,,,,,,,,,, [ 3705173249 ], [ 94231551731 ],,,,,,,,,,,,,,,,,
  , [ 51678615361 ],,,,, [ 28669527097 ],,, [ 1123542001 ],,,,, [ 24569722981 ],,,, 
  [ 7209440201 ],,,,, [ 1942411756573 ],,, [ 275312231083 ], [ 1156420049, 1421390783 ],,,,,,
  , [ 20082358801 ],,,, [ 15767544019 ],,,,,,,,,,,,,, [ 127350521647 ],,,,,,,,,,,,,,, 
  [ 6427763401 ],,, [ 18264372727 ],,, [ 139516139537 ], [ 1392316921 ],,,,,, 
  [ 6047466877, 339360028393 ],,,, [ 11204770201 ],, [ 4920773941 ],,,,,,,, [ 26232207611 ],,
  , [ 2879788801 ],,,, [ 13835384221 ], [ 30716414587 ],,,, [ 18782240317 ], [ 1400833207 ],,
  ,,,,,,,,, [ 14023779751703 ], [ 1003070581 ],,,,,,,,,,,,,,,,,,,,,, [ 6414621929 ],,,,,,,,,
  , [ 1225154993, 62637735847 ],, [ 13944009913, 498962588153 ],, [ 1243777807 ],,,,,,,, 
  [ 441091862041 ],,,,,,,,,,,,,,, [ 3465950651 ],,,,,, [ 1453268741, 18417621161 ],,,,, 
  [ 9411293641 ],, [ 3014601611317 ],,,,,,,, [ 15427171091 ],,,, [ 58036078423 ],,,,,,,,,, 
  [ 697688067353 ],, [ 456457832539 ],,,,, [ 5464567961 ],,,, [ 9838766491 ],,, 
  [ 2240827828123 ],,,, [ 1701094537 ],,,,,,,,,,,,,,,,,,,,, [ 6862540147 ],,,,,,,,,,,,,, 
  [ 1255249999 ],,,,, [ 1229833966817 ], [ 39909749881 ],,,,,,,,,,,,,,,,,, [ 1006732003 ],,,,
  ,,,,,,,, [ 12333193669 ],,,, [ 6461552078977 ], [ 1469893937 ],,,,,,,,,, [ 2452365373 ],,,
  , [ 363500327681 ],,, [ 4514342494621 ],, [ 665621393377 ],,,,,,,,,,,,,,, [ 1226017321 ],,,
  ,,,, [ 42666176599 ],,, [ 3782960297 ],, [ 2908373473, 11001673057 ],,,,,,,, 
  [ 2213012033 ], [ 2711624838313 ], [ 5936390237 ],,,,,, [ 1195170161 ],, [ 2010635879167 ],
  ,,,,, [ 67233028633 ],,,,, [ 9601664159 ],,, [ 19758849793 ],,,,,, [ 1510649911 ],,,,,,,,,,
  ,,, [ 666400957501 ],,,,,,,,,,, [ 27878635111 ],,,, [ 1295334181 ],, 
  [ 1264346029, 81042938329 ],,,,,, [ 4311525271 ],,,,, [ 1544752639 ], [ 1433083681 ],,,,,,,
  ,,,,,,,,,,, [ 1467175999 ],, [ 1942526197 ],,,,,,,,,,,,,,,,,,,,,,,,,,,,,,,,,,,,,, 
  [ 1963854091 ],, [ 5593976749 ],,,, [ 11523661393 ],,, [ 16611903361 ],,,,,,,,,, 
  [ 10668017809 ],, [ 3835768459 ],,,,,,,,,,,,,,,,,,,,,,,,,,,,,,,,,,,, [ 3990307183 ],,,,,,,,
  ,,,,, [ 4811818673 ],,,, [ 6616668133 ], [ 62065401889 ],,,,,,,, [ 14822176361 ],,,,,, 
  [ 52069676359 ],,,,,,,,,,, [ 2655299261 ],,, [ 1190988751 ],,,,, [ 533324924371 ],,, 
  [ 63614569747 ], [ 2255574553, 44810765189 ],,,,,,,,,, [ 2408455877 ], [ 9958422871 ],,, 
  [ 6282846289 ],,,,,,, [ 547228174771 ],,,,,,,, [ 13121929273 ],,, [ 50585757769 ],,, 
  [ 7318057063 ], [ 1015511351 ],, [ 1422461569 ],,,,,,,,,, [ 9695541077 ],,,,,,,,,,,,,, 
  [ 1158797089 ],,,,,,,,,,,, [ 10018662937 ],,,,,,,,,,,,,,,,, [ 3860866151 ],,,,,,, 
  [ 34800926473 ],,,,,,,,,,,,,,, [ 531846592273 ],,,,,,,,,,,, [ 3840564785269 ],,,,,,,,,,,,,,
  ,,,,, [ 21537123791 ],,,,, [ 5156186257 ],,, [ 2535716737 ],, [ 5298364469 ],,,,,, 
  [ 4242343661 ],,,,,, [ 273144695041 ], [ 6800242789 ],,,,,,,,,,,,,, [ 1825846441 ],,,,,,,,,
  ,,,, [ 224321030641 ],,,, [ 58849918817 ],,,,,,,,,,,,,,,, [ 49077153841 ],,,,,, 
  [ 4084611523 ],,,,,,,,,,,,,,,,,,,,,,,,,,,,,,,,,,,,,, 
  [ 3341583433, 16643141197, 29897870069 ],,,,,,,,,,,, [ 8997643241 ], [ 40655335351 ],,,,, 
  [ 49163551001 ],,,, [ 386360572291 ], [ 98572944388291 ],,,,,,,,,,,,, [ 145931057089 ],,,,,
  ,,,,,, [ 1260927097 ],,, [ 247427679823 ],,,,,,,, [ 2273836441 ],, [ 26306594081 ],,,,, 
  [ 2830065991 ], [ 2250123970403 ],,,,,,,,,,,,,,,,,,,,,,,,,,,,, [ 26712673567 ],,, 
  [ 3795195871 ],, [ 92346768257 ],,,,,,,,,,,, [ 8227637035957 ],, [ 3954105761 ],, 
  [ 5201047729 ],,,,,,,, [ 4826988017 ],, [ 38649124981 ],,,,,,,,,, [ 45093704141 ],, 
  [ 13426719931 ],,,,,,,,,,,,,, [ 1645051357 ],,, [ 191310679387 ],,, 
  [ 1613485141, 6994559401 ],, [ 513277434377 ],, [ 2111669801 ],, [ 6123870996673 ],,,,,,,,,
  ,,,,,, [ 125285847823 ],,,,,,,,,,,, [ 39770639383 ],,,,,, [ 611542532827 ],,,,,,,,,,,,,,,,,
  ,, [ 2170936769 ],,,,,,,,,,,,,,,,,,,,,, [ 1537664411 ], [ 46234308427 ],,, [ 10693482229 ],
  ,,,,,,,,,,,,,,,,,,,,,,,,,,,,,,, [ 10988728019, 160404624059 ],,,,,,,,,,,,,,,,,,,,,,,,,,,,,
  , [ 28449559837 ],,,,,,,,,,,,,,,,,,,,,,,,,,,,,, [ 9671082959, 38953352561 ],,,,,, 
  [ 7425781921 ],,,,,,,,,,,,,,,,,,,,,,, [ 1595898151 ],,, [ 19084626761 ],,,,,,,,,,,,,,,,, 
  [ 1122706801 ],,,,,,,,,,, [ 65742737551 ],,,,,,,,,,,,,,,,,,,,,,,,,, [ 8972546497 ],,,,,,,,,
  , [ 207811181371 ],,,,,,,,,, [ 20545980841 ],,,,,,,,,,,,,, [ 52026786463 ],, 
  [ 13395155101 ],,,,,,,,,,,,,,,,,,,,,,,,,,,, [ 11554799873 ],,,,,,,,,,,,,,,,,,,,,,,,,,,,,,,,
  ,,,, [ 3183999583133 ],,,,,,,,,,,,,,,,,,,,,, [ 122890443751 ],,,, [ 5347367171 ],,,,,,,,,, 
  [ 3992761081 ],,,,,, [ 2533286053 ],,,,,,,,,,,, [ 1722360047, 14130192521 ],,,,,,,,,, 
  [ 19626333373 ],,,,,,,,,, [ 63547807247 ],,,,,,,,,,, [ 26766490477 ],,,,,,,,,,,,,,,,,,,,,,,
  ,,,,,, [ 14605583543 ],,,,,,,,,,,,,, [ 78577396921 ],,,,,,,,,,,,,,,,,,,, [ 53077989001 ],,,
  ,,,,,,,,,,, [ 4150284029 ],,,,,,,,,, [ 5041939393 ],,,,,,,,,,,,,,,,,,,,,, [ 717428446411 ],
  ,,,,,,, [ 9116202217 ],,,,,,,,,,,,,, [ 6699610009, 56281327909 ],,,,,,,,,,,,,,,, 
  [ 5847182224657 ],, [ 122000174239 ],,,,,,,,,,,,,,,,,,,, [ 1561355141 ],, [ 57970018177 ],,
  ,,,,,,,,,,,,,,,,,,,, [ 4904756951 ],,,, [ 1657158913 ],,,,,,,,,,,, [ 55259477417 ],,,, 
  [ 7832947501 ],,,,,,,, [ 2503406603 ],,,,,,, [ 6304344511 ],,,,,,,,,,,,,,,,,,,,,,, 
  [ 1440845293 ],,,, [ 39118456735849 ],,,,,,,,,,,,,,,,,,,,,,,,,,,,,, [ 52457729977 ],, 
  [ 2614290017 ],,,,,,,,,,,,,,,,,,,,,,,,,,,,,,, [ 9527782111, 3942786994441 ],,, 
  [ 3324919321 ],,,,,,,,,,,,,, [ 1854118237417 ],,,,,,,, [ 66000317441 ],,,,,,,,,,,,,,,,,,,,,
  ,,,,,,,,,,,,,, [ 57244845451 ], [ 11173497437 ],,,,,,,,,, [ 15813403807 ],,,,,, 
  [ 1568732257 ],,,,,,,,,,,,,,,,,,,,,,,, [ 5897169913, 6411926617 ],,,, [ 84299570881 ],,,,,,
  ,,,,,, [ 17435189017 ],,,, [ 548418702049 ],,,,,,,,,,,,,,,,,,,,,,,,,,,,,,,, 
  [ 131895120961 ],, [ 2466258631 ],,,,,,,,,,,, [ 7575158209 ],,,,,, 
  [ 2261739553, 9594269261 ],,,,,, [ 15676962047 ],,,,,,,, [ 1027037729 ],, [ 3358929757 ],,,
  ,,,,,,,,,,,,,,,,,,,,,,,,,,,,,,,,,,,,,,,,,,,,,,,,,,,,,,,,,,,,,,,,,,, [ 20487104933 ],,,,,,,,
  ,,,, [ 12988673311, 31701232883 ],,,,,, [ 3722590253 ],, [ 3671822467 ],,,,,,,,,,,,,,,,,, 
  [ 2086352449 ],, [ 184182133493 ],,,, [ 208274482333 ],,,,,,,,,,,,,,,,,,,,,,,,,,,,,,,,,,,,,
  ,,,,,,,,,,,,,,,,,,,,,,, [ 14479196203 ],,,,,,,,,,,,,,,, [ 3239256751, 319034449093 ],,,,,, 
  [ 19908918121 ],,,,,,,,,,,,,,,,,,,,,,,,,,,, [ 2662843289 ],,,,,, [ 1696227017 ], 
  [ 78211261801 ],,, [ 2664276997 ],,,,,,,, [ 27204323957 ],,,,,,,,,,,,,,,,,,,,,,,,,,,, 
  [ 9224328097, 76362885481 ],,,,,, [ 34141731582481 ],,,,,, [ 23953529953 ],,,,,,,,,,,,,,,,,
  ,,,,,,,,,,,,,,,,,,,,,,, [ 6732013140427 ],,,, [ 21182551781 ],,,, 
  [ 2952653059, 4229599223611 ],,,,,,,,,, [ 2943600089 ],,,,,,,,,,,,,,,,,,,,,,,,,,,,,,,,,,,,,
  ,,,,,,,,, [ 40528248041 ],,,,,,,,,, [ 1809803521 ],,,,,,,,,,,,,,,,,,,, [ 64869735661 ],,,,,
  ,,,,,,,,,,,,,,,,, [ 2065165771 ],,, [ 6051159451 ],,,,,,, [ 74356224097 ],,,,,,,,,,,,,,,,,,
  ,,,,,,,,,, [ 5745226481 ],,,,,,,,,,,,,,,,,, [ 1266378103 ],, [ 1408451501 ],,,,,,,,,,,,,,,,
  ,,,,,,,,,,,,,,,,,,,,,,,, [ 1586081741 ],,,,,,,,,, [ 4945026451 ],,,,,,,,,,,,,,,,,,,,,,,,,,,
  , [ 1240155701 ],,,,,,,,,,,,,,,,,,,,,,,,,,,,,, [ 193291554721 ],,,,,,,,,,,, [ 3979120741 ],
  , [ 3817756003 ],,,,,,,,,,,,,,,,,, [ 1152420481 ],,,,,,,,,,,,,,,,,,,,,, [ 1549534603 ],,,,,
  ,,,,,,, [ 2835216583 ],,,,,, [ 2595752441 ],,,,,,,, [ 22456262209 ],,,,,,,,,,,,,,,,,, 
  [ 7479081343 ],,,, [ 3654336665801 ],,,,,,,,,,,,,,,,,,,,,,,,,,,,,, [ 22299610301 ],,,,,,,,,
  ,,,,, [ 2547926299 ],,,,,,,,,,,,,,,,,,,,,,,, [ 5997177709 ],,,,,,,,,,,,,,,,,, 
  [ 7651010427913 ],,,,,, [ 208330944823 ],,,,,,,,,,,,,,,,,,,,,,,,,,,,,, 
  [ 422923933057, 693983862433 ],,,,,, [ 1021262833471 ],,,,,, [ 1111312441 ],,,,,,,,,,,, 
  [ 12851940913969 ],,,, [ 1046736101, 3063715601 ],, [ 1630647289 ],,,,,, [ 48700815613 ],, 
  [ 162955958171 ],, [ 199411484273, 39129284128424953 ],, [ 9428264257 ],,,,,,,,,,,,,,,,,,,,
  ,,,,,, [ 4609561741 ],,,, [ 1238504809, 4541930017 ],,,,,, [ 4647039751 ],,,,,,,,,,,,,,,,,,
  ,,,,,,,,,,,,,,,,,,,,,,,, [ 2686328361217 ],,,,,,,,,,,,,,,,,,,,,,,,,,,,,,,,,,,,,,,,,,,,,,,,,
  ,,,,,,,,,,,,,,,,,,,,,,,,,,,,,,,,,,, [ 5595273037 ],,,,,,,,,,,,,,,,,, [ 13514846647 ],,,,,,,
  ,,,,,,,,, [ 1708784881, 3387005491 ],, [ 7847600398657 ],,,,,, [ 14485110103 ],,,, 
  [ 1377830791 ],,,,,,,, [ 180491394751 ],,,,,,,,,,,, [ 33581881087 ],,,,,,,,,,,,,,,,,,,,,,,,
  ,,,,,,,,,,,,,,,,,,,,,,,,,,,,,,,,,,,,,,,,,,,,,,,,,,,,,,,,,,,, [ 8091836209 ],,,,,,,,,,,, 
  [ 2614296823 ],,,,,, [ 337730274577 ],,,,,,,,,,,,,,,,,, [ 52633039954321 ],,,,,,,,,,,,,,,,,
  ,,,,,,,,,,,,,,,,,,,,,,,,,,,,,,,,,,,,,,,,,,,,,,,,,,,,,,,,,,,,,,,,,,,,,,,,,,,,,,,,,,,,,,,,,,,
  ,,,,,,,,,,,,,,,,,,,,,,,, [ 4373374441 ],,,,,, [ 61886352001 ],,,,,,,,,,,,,,,,,,,,,,,,,,,,,,
  ,,,,,,,,,,,, [ 1961097157 ],,,,,,,,,,,,,,,,,,,,,,,,,,,,,,,,,,,,,,,,,, [ 7443853445029 ],,,,
  ,,,,,,,, [ 2789006401 ],,,,,,,,,,,,,,,,,,,,,,,, [ 38892772201 ],,,,,,,,,,,,,,,,,,,,,,,, 
  [ 27000182689 ],,,,,,,,,,,,,,,,,,,,,,,,,,,,,,,,,,,,,,,,,,,,,,,,,,,,,,,,,,,,,,,,,, 
  [ 456486931561 ],,,,,, [ 32071060033 ],,,,,,,,,,,, [ 1431139753, 1819492417 ],,,,,, 
  [ 568366432987 ],,,,,,,,,,,,,,,,,, [ 49752974406397 ],,,,,,,,,,,,,,,,,,,,,,,, 
  [ 1095782728393 ],,,,,,,,,,,,,,,,,,,,,,,,,,,,,,,,,,,,,,,,,,,,,,,,,,,,,,,,,,,,,,,,,,,,,,,,,,
  ,,,,,,,,,,,,,,,,,,,,,,,,,,,,,,,,,,,,,,,,,,,,,, [ 1478754736681 ],,,,,,,,,,,,,,,,,,,,,,,,,,,
  ,,,,,,,,,,,,,,,,,,,,,,,,,,,,,,,,,,,,,,,,,,,,,,,,,,,,,,,,, [ 4350094863841 ],,,,,,,,,,,,,,,,
  ,,,,,,,,,,,,,,,,,,,,,,,,,, [ 2868930541 ],,,,,,,,,,,,,,,,,,,,,,,,,,,,,, [ 1031706206737 ],,
  ,,,,,,,,,,,,,,,, [ 3001636681 ],,,,,,,,,,,,,,,,,,,, [ 1273365941 ],,,,,,,,,,,,,,,,,,,,,,,,,
  ,,, [ 5458998007, 149138371117 ],,,,,,,,,,,,,,,,,,,,,,,,,,,,,,,,,,,,,,,,,,,,,,,,,,,,,, 
  [ 1559810017 ],,,,,,,,,,,,,,,,,, [ 10523929231 ],,,,,,,,,,,,,,,,,,,,,,,,,,,,,,,,,,,,,,,,,,,
  ,,,,, [ 1465249579 ],,,,,,,,,,,,,,,,,,,,,,,,,,,,,,,,,,,,,,,,,,,,,,,,,,,,,,,,,,,,,,,,,,,,,,,
  ,,,,,,,,,,,,,,,,,,,,,,,,,,,,,,,,,,,,,,,,,,,,,,,,,,,,,,,,,,,,,,,,,,,,,,,,,,,,,,,,,,,,, 
  [ 1402084867 ],,,,,,,,,,,,,,,,,, [ 1090228151377 ],,,,,,,,,,,,,,,,,, [ 2280591571 ],,,,,,,,
  ,,,,,,,,,,,,,,,,,,,,,,,,,,,,,,,,,,,,,,,,,,,,,,,,,,,,,,,,,,,,,,,,,,,,,, [ 4734402817 ],,,,,,
  ,,,,,, [ 3718644127801 ],,,,,,,,,,,,,,,,,,,,,,,,,,,,,,,,,,,,,,,,,,,,,,,,,,,,,,,,,,,,,,,,,,,
  ,,,,,,,,,,,,,,,,,,,,,,,,,,,,,,,,,,, [ 1383177853 ],,,,,, [ 3779971417 ],,,,,,,,,,,, 
  [ 5228334541 ],,,,,,,,,,,,,,,,,,,,,,,,,,,,,,,,,,,,,,,,,,,,,,,,,,,,,,,,,,,,,,,,,,,,,,,,,,,,,
  ,,,,,,,,,,,,,,,,,,,,,,,,,,,,,,, [ 23768887969 ],,,,,,,,,,,, [ 2950735201, 1664231481421 ],,
  ,,,,,,,,,,,,,,,,,,,,,,,,,,,,,,,,,,,,,,,,,,,,,,,,,,,,,,,,,,,,,,,,,,,,,,,,,,,,,,,,,,,,,,,,,,,
  ,,,,,,,,,,,,,,,,,,,,,,,,,,,,,,,,,,,,,,,,,,,,,,,,,,,,,,,,,,,,,,,,,,,,,,,,,,,,,,,,,,,,,,,,,,,
  ,,,,,,,,,,,,,,,,,,,,,,,,,, [ 11330498191 ],,,,,,,,,,,,,,,,,,,,,,,,,,,,,,,,,,,,,,,,,,,,,,,,,
  ,,,,,,,,,,,,,,,,,,,,,,,,,,,,,,,,,,,,,,,,,,,,,,,,,,,,,,,,,,,,,,,,,,,,,,, [ 2404663617151 ],,
  ,,,,,,,,,,,,,,,,,,,,,,,,,,,,,,,,,,,,,,,,,,,,,,,,,,,,,,,,,,,,,,,,,,,,,,,,,,,,,,,,,,,,,,,,,,,
  ,,,,,,,,,,,,,,,,,,,,,,,,,,,,,,,,,,,,,,,,,,,,,,,,,,,,,,,,,,,,,,,,,,,,,,,,,,,,,,,,,,,,,,,,,,,
  ,,,,,,,,,,,,,,,,,,,,,,,,,,,,,,,,,,,,,,,,,,,,,,,,,,,,,,,,,,,,,,,,,,,,,,,,,,,,,,,,,,,,,,,,,,,
  ,,,,,,,,,,,,,,,,,,,,,,,,, [ 1658778811 ],,,,,,,,,,,,,,,,,,,,,,,,,,,,,,,,,,,,,,,,,,,,,,,,,,,
  ,,,,,,,,,,,,,,,,,,,,,,,,,,,,,,,,,,,,,,,,,,,,,,,,,,,,,,,,,,,,,,,,,,,,,,,,,,,,,,,,,,,,,,,,,,,
  ,,,,,,,,,,,,,,,,,,,,,,,,,,,,,,,,,,,,,,,,,,,,,,,,,,,,,,,,,,,,,,,,,,,,,,,,,,,,,,,,,,,,,,,,,,,
  ,,,,,,,,,,,,,,,,,,,,,,,,,,,,,,,,,,,,,,,,,,,,,,,,,,,,,,,,,,,,,,,,,,,,,,,,,,,,,,,,,,,,,,,,,,,
  ,,,,,,,,,,,,,,,,,,,,,,,,,,,,,,,,,,,,,,,,,,,,,,,,,,,,,,,,,,,,,,,,,,,,,,,,,,,,,,,,,,,,,,,,,,,
  ,,,,,,,,,,,,,,,,,,,,,,,,,,,,,,,,,,,,,,,,,,,,,,,,,,,,,,,,,,,,,,,,,,,,,,,,,,,,,,,,,,,,,,,,,,,
  ,,,,,,,,,,,,,,,,,,,,,,,,,,,,,,,,,,,,,,,,,,,,,,,,,,,,,,,,,,,,,,,,,,,,,,,,,,,,,,,,,,,,,,,,,,,
  ,,,,,,,,,,,,,,,,,,,,,,,,,,,,,,,,,,,,,,,,,,,,,,,,,,,,,,,,,,,,,,, [ 56810479951 ],,,,,,,,,,,,
  ,,,,,,,,,,,,,,,,,,,,,,,,,,,,,,,,,,,,,,,,,,,,,,,,,,,,,,,,,,,,,,,,,,,,,,,,,,,,,,,,,,,,,,,,,,,
  ,,,,,,,,,,,,,,,,,,,,,,,,,,,,,,,,,,,,,,,,,,,,,,,,,,,,,,,,,,,,,,,,,,,,,,,,,,,,,,,,,,,,,,,,,,,
  ,,,,,,,,,,,,,,,,,,,,,,,,,,,,,,,,,,,,,,,,,,,,,,,,,,,,,,,,,,,,,,,,,,,,,,,,,,,,,,,,,,,,,,,,,,,
  ,,,,,,,,,,,,,,,,,,,,,,,,,,,,,,,,,,,,,,,,,,,,,,,,,,,,,,,,,,,,,,,,,,,,,,,,,,,,,,,,,,,,,,,,,,,
  ,,,,,,,,,,,,,,,,,,,,,,,,,,,,,,,,,,,,,,,,,,,,,,,,,,,,,,,,,,,,,,,,,,,,,,,,,,,,,,,,,,,,,,,,,,,
  ,,,,,,,,,,,,,,,,,,,,,,,,,,,,,,,,,,,,,,,,,,,,,,,,,,,,,,,,,,,,,,,,,,,,,,,,,,,,,,,,,,,,,,,,,,,
  ,,,,,,,,,,,,,,,,,,,,,,,,,,,,,,,,,,,,,,,,,,,,,,,,,,,,,,,,,,,,,,,,,,,,,,,,,,,,,,,,,,,,,,,,,,,
  ,,,,,,,,,,,,,,,,,,,,,,,,,,,,,,,,,,,,,,,,,,,,,,,,,,,,,,,,,,,,,,,,,,,,,,,,,,,,,,,,,,,,,,,,,,,
  ,,,,,,,,,,,,,,,,,,,,,,,,,,,,,,,,,,,,,,,,,,,,,,,,,,,,,,,,,,,,,,,,,,,,,,,,,,,,,,,,,,,,,,,,,,,
  ,,,,,,,,,,,,,,,,,,,,,,,,,,,,,,,,,,,,,,,,,,,,,,,,,,,,,,,,,,,,,,,,,,,,,,,,,,,,,,,,,,,,,,,,,,,
  ,,,,,,,,,,,,,,,,,,,,,,,,,,,,,,,,,,,,,,,,,,,,,,,,,,,,,,,,,,,,,,,,,,,,,,,,,,,,,,,,,,,,,,,,,,,
  ,,,,,,,,,,,,,,,,,,,,,,,,,,,,,,,,,,,,,,,,,,,,,,,,,,,,,,,,,,,,,,,,,,,,,,,,,,,,,,,,,,,,,,,,,,,
  ,,,,,,,,,,,,,,,,,,,,,,,,,,,,,,,,,,,,,,,,,,,,,,,,,,,,,,,,,,,,,,,,,,,,,,,,,,,,,,,,,,,,,,,,,,,
  ,,,,,,,,,,,,,,,,,,,,,,,,,,,,,,,,,,,,,,,,,,,,,,,,,,,,,,,,,,,,,,,,,,,,,,,,,,,,,,,,,,,,,,,,,,,
  ,,,,,,,,,,,,,,,,,,,,,,,,,,,,,,,,,,,,,,,,,,,,,,,,,,,,,,,,,,,,,,,,,,,,,,,,,,,,,,,,,,,,,,,,,,,
  ,,,,,,,,,,,,,,,,,,,,,,,,,,,,,,,,,,,,,,,,,,,,,,,,,,,,,,,,,,,,,,,,,,,,,,,,,,,,,,,,,,,,,,,,,,,
  ,,,,,,,,,,,,,,,,,,,,,,,,,,,,,,,,,,,,,,,,,,,,,,,,,,,,,,,,,,,,,,,,,,,,,,,,,,,,,,,,,,,,,,,,,,,
  ,,,,,,,,,,,,,,,,,,,,,,,,,,,,,,,,,,,,,,,,,,,,,,,,,,,,,,,,,,,,,,,,,,,,,,,,,,,,,,,,,,,,,,,,,,,
  ,,,,,,,,,,,,,,,,,,,,,,,,,,,,,,,,,,,,,,,,,,,,,,,,,,,,,,,,,,,,,,,,,,,,,,,,,,,,,,,,,,,,,,,,,,,
  ,,,,,,,,,,,,,,,,,,,,,,,,,,,,,,,,,,,,,,,,,,,,,,,,,,,,,,,,,,,,,,,,,,,,,,,,,,,,,,,,,,,,,,,,,,,
  ,,,,,,,,,,,,,,,,,,,,,,,,,,,,,,,,,,,,,,,,,,,,,,,,,,,,,,,,,,,,,,,,,,,,,,,,,,,,,,,,,,,,,,,,,,,
  ,,,,,,,,,,,,,,,,,,,,,,,,,,,,,,,,,,,,,,,,,,,,,,,,,,,,,,,,,,,,,,,,,,,,,,,,,,,,,,,,,,,,,,,,,,,
  ,,,,,,,,,,,,,,,,,,,,,,,,,,,,,,,,,,,,,,,,,,,,,,,,,,,,,,,,,,,,,,,,,,,,,,,,,,,,,,,,,,,,,,,,,,,
  ,,,,,,,,,,,,,,,,,,,,,,,,,,,,,,,,,,,,,,,,,,,,,,,,,,,,,,,,,,,,,,,,,,,,,,,,,,,,,,,,,,,,,,,,,,,
  ,,,,,,,,,,,,,,,,,,,,,,,,,,,,,,,,,,,,,,,,,,,,,,,,,,,,,,,,,,,,,,,,,,,,,,,,,,,,,,,,,,,,,,,,,,,
  ,,,,,,,,,,,,,,,,,,,,,,,,,,,,,,,,,,,,,,,,,,,,,,,,,,,,,,,,,,,,,,,,,,,,,,,,,,,,,,,,,,,,,,,,,,,
  ,,,,,,,,,,,,,,,,,,,,,,,,,,,,,,,,,,,,,,,,,,,,,,,,,,,,,,,,,,,,,,,,,,,,,,,,,,,,,,,,,,,,,,,,,,,
  ,,,,,,,,,,,,,,,,,,,,,,,,,,,,,,,,,,,,,,,,,,,,,,,,,,,,,,,,,,,,,,,,,,,,,,,,,,,,,,,,,,,,,,,,,,,
  ,,,,,,,,,,,,,,,,,,,,,,,,,,,,,,,,,,,,,,,,,,,,,,,,,,,,,,,,,,,,,,,,,,,,,,,,,,,,,,,,,,,,,,,,,,,
  ,,,,,,,,,,,,,,,,,,,,,,,,,,,,,,,,,,,,,,,,,,,,,,,,,,,,,,,,,,,,,,,,,,,,,,,,,,,,,,,,,,,,,,,,,,,
  ,,,,,,,,,,,,,,,,,,,,,,,,,,,,,,,,,,,,,,,,,,,,,,,,,,,,,,,,,,,,,,,,,,,,,,,,,,,,,,,,,,,,,,,,,,,
  ,,,,,,,,,,,,,,,,,,,,,,,,,,,,,,,,,,,,,,,,,,,,,,,,,,,,,,,,,,,,,,,,,,,,,,,,,,,,,,,,,,,,,,,,,,,
  ,,,,,,,,,,,,,,,,,,,,,,,,,,,,,,,,,,,,,,,,,,,,,,,,,,,,,,,,,,,,,,,,,,,,,,,,,,,,,,,,,,,,,,,,,,,
  ,,,,,,,,,,,,,,,,,,,,,,,,,,,,,,,,,,,,,,,,,,,,,,,,,,,,,,,,,,,,,,,,,,,,,,,,,,,,,,,,,,,,,,,,,,,
  ,,,,,,,,,,,,,,,,,,,,,,,,,,,,,,,,,,,,,,,,,,,,,,,,,,,,,,,,,,,,,,,,,,,,,,,,,,,,,,,,,,,,,,,,,,,
  ,,,,,,,,,,,,,,,,,,,,,,,,,,,,,,,,,,,,,,,,,,,,,,,,,,,,,,,,,,,,,,,,,,,,,,,,,,,,,,,,,,,,,,,,,,,
  ,,,,,,,,,,,,,,,,,,,,,,,,,,,,,,,,,,,,,,,,,,,,,,,,,,,,,,,,,,,,,,,,,,,,,,,,,,,,,,,,,,,,,,,,,,,
  ,,,,,,,,,,,,,,,,,,,,,,,,,,,,,,,,,,,,,,,,,,,,,,,,,,,,,,,,,,,,,,,,,,,,,,,,,,,,,,,,,,,,,,,,,,,
  ,,,,,,,,,,,,,,,,,,,,,,,,,,,,,,,,,,,,,,,,,,,,,,,,,,,,,,,,,,,,,,,,,,,,,,,,,,,,,,,,,,,,,,,,,,,
  ,,,,,,,,,,,,,,,,,,,,,,,,,,,,,,,,,,,,,,,,,,,,,,,,,,,,,,,,,,,,,,,,,,,,,,,,,,,,,,,,,,,,,,,,,,,
  ,,,,,,,,,,,,,,,,,,,,,,,,,,,,,,,,,,,,,,,,,,,,,,,,,,,,,,,,,,,,,,,,,,,,,,,,,,,,,,,,,,,,,,,,,,,
  ,,,,,,,,,,,,,,,,,,,,,,,,,,,,,,,,,,,,,,,,,,,,,,,,,,,,,,,,,,,,,,,,,,,,,,,,,,,,,,,,,,,,,,,,,,,
  ,,,,,,,,,,,,,,,,,,,,,,,,,,,,,,,,,,,,,,,,,,,,,,,,,,,,,,,,,,,,,,,,,,,,,,,,,,,,,,,,,,,,,,,,,,,
  ,,,,,,,,,,,,,,,,,,,,,,,,,,,,,,,,,,,,,,,,,,,,,,,,,,,,,,,,,,,,,,,,,,,,,,,,,,,,,,,,,,,,,,,,,,,
  ,,,,,,,,,,,,,,,,,,,,,,,,,,,,,,,,,,,,,,,,,,,,,,,,,,,,,,,,,,,,,,,,,,,,,,,,,,,,,,,,,,,,,,,,,,,
  ,,,,,,,,,,,,,,,,,,,,,,,,,,,,,,,,,,,,,,,,,,,,,,,,,,,,,,,,,,,,,,,,,,,,,,,,,,,,,,,,,,,,,,,,,,,
  ,,,,,,,,,,,,,,,,,,,,,,,,,,,,,,,,,,,,,,,,,,,,,,,,,,,,,,,,,,,,,,,,,,,,,,,,,,,,,,,,,,,,,,,,,,,
  ,,,,,,,,,,,,,,,,,,,,,,,,,,,,,,,,,,,,,,,,,,,,,,,,,,,,,,,,,,,,,,,,,,,,,,,,,,,,,,,,,,,,,,,,,,,
  ,,,,,,,,,,,,,,,,,,,,,,,,,,,,,,,,,,,,,,,,,,,,,,,,,,,,,,,,,,,,,,,,,,,,,,,,,,,,,,,,,,,,,,,,,,,
  ,,,,,,,,,,,,,,,,,,,,,,,,,,,,,,,,,,,,,,,,,,,,,,,,,,,,,,,,,,,,,,,,,,,,,,,,,,,,,,,,,,,,,,,,,,,
  ,,,,,,,,,,,,,,,,,,,,,,,,,,,,,,,,,,,,,,,,,,,,,,,,,,,,,,,,,,,,,,,,,,,,,,,,,,,,,,,,,,,,,,,,,,,
  ,,,,,,,,,,,,,,,,,,,,,,,,,,,,,,,,,,,,,,,,,,,,,,,,,,,,,,,,,,,,,,,,,,,,,,,,,,,,,,,,,,,,,,,,,,,
  ,,,,,,,,,,,,,,,,,,,,,,,,,,,,,,,,,,,,,,,,,,,,,,,,,,,,,,,,,,,,,,,,,,,,,,,,,,,,,,,,,,,,,,,,,,,
  ,,,,,,,,,,,,,,,,,,,,,,,,,,,,,,,,,,,,,,,,,,,,,,,,,,,,,,,,,,,,,,,,,,,,,,,,,,,,,,,,,,,,,,,,,,,
  ,,,,,,,,,,,,,,,,,,,,,,,,,,,,,,,,,,,,,,,,,,,,,,,,,,,,,,,,,,,,,,,,,,,,,,,,,,,,,,,,,,,,,,,,,,,
  ,,,,,,,,,,,,,,,,,,,,,,,,,,,,,,,,,,,,,,,,,,,,,,,,,,,,,,,,,,,,,,,,,,,,,,,,,,,,,,,,,,,,,,,,,,,
  ,,,,,,,,,,,,,,,,,,,,,,,,,,,,,,,,,,,,,,,,,,,,,,,,,,,,,,,,,,,,,,,,,,,,,,,,,,,,,,,,,,,,,,,,,,,
  ,,,,,,,,,,,,,,,,,,,,,,,,,,,,,,,,,,,,,,,,,,,,,,,,,,,,,,,,,,,,,,,,,,,,,,,,,,,,,,,,,,,,,,,,,,,
  ,,,,,,,,,,,,,,,,,,,,,,,,,,,,,,,,,,,,,,,,,,,,,,,,,,,,,,,,,,,,,,,,,,,,,,,,,,,,,,,,,,,,,,,,,,,
  ,,,,,,,,,,,,,,,,,,,,,,,,,,,,,,,,,,,,,,,,,,,,,,,,,,,,,,,,,,,,,,,,,,,,,,,,,,,,,,,,,,,,,,,,,,,
  ,,,,,,,,,,,,,,,,,,,,,,,,,,,,,,,,,,,,,,,,,,,,,,,,,,,,,,,,,,,,,,,,,,,,,,,,,,,,,,,,,,,,,,,,,,,
  ,,,,,,,,,,,,,,,,,,,,,,,,,,,,,,,,,,,,,,,,,,,,,,,,,,,,,,,,,,,,,,,,,,,,,,,,,,,,,,,,,,,,,,,,,,,
  ,,,,,,,,,,,,,,,,,,,,,,,,,,,,,,,,,,,,,,,,,,,,,,,,,,,,,,,,,,,,,,,,,,,,,,,,,,,,,,,,,,,,,,,,,,,
  ,,,,,,,,,,,,,,,,,,,,,,,,,,,,,,,,,,,,,,,,,,,,,,,,,,,,,,,,,,,,,,,,,,,,,,,,,,,,,,,,,,,,,,,,,,,
  ,,,,,,,,,,,,,,,,,,,,,,,,,,,,,,,,,,,,,,,,,,,,,,,,,,,,,,,,,,,,,,,,,,,,,,,,,,,,,,,,,,,,,,,,,,,
  ,,,,,,,,,,,,,,,,,,,,,,,,,,,,,,,,,,,,,,,,,,,,,,,,,,,,,,,,,,,,,,,,,,,,,,,,,,,,,,,,,,,,,,,,,,,
  ,,,,,,,,,,,,,,,,,,,,,,,,,,,,,,,,,,,,,,,,,,,,,,,,,,,,,,,,,,,,,,,,,,,,,,,,,,,,,,,,,,,,,,,,,,,
  ,,,,,,,,,,,,,,,,,,,,,,,,,,,,,,,,,,,,,,,,,,,,,,,,,,,,,,,,,,,,,,,,,,,,,,,,,,,,,,,,,,,,,,,,,,,
  ,,,,,,,,,,,,,,,,,,,,,,,,,,,,,,,,,,,,,,,,,,,,,,,,,,,,,,,,,,,,,,,,,,,,,,,,,,,,,,,,,,,,,,,,,,,
  ,,,,,,,,,,,,,,,,,,,,,,,,,,,,,,,,,,,,,,,,,,,,,,,,,,,,,,,,,,,,,,,,,,,,,,,,,,,,,,,,,,,,,,,,,,,
  ,,,,,,,,,,,,,,,,,,,,,,,,,,,,,,,,,,,,,,,,,,,,,,,,,,,,,,,,,,,,,,,,,,,,,,,,,,,,,,,,,,,,,,,,,,,
  ,,,,,,,,,,,,,,,,,,,,,,,,,,,,,,,,,,,,,,,,,,,,,,,,,,,,,,,,,,,,,,,,,,,,,,,,,,,,,,,,,,,,,,,,,,,
  ,,,,,,,,,,,,,,,,,,,,,,,,,,,,,,,,,,,,,,,,,,,,,,,,,,,,,,,,,,,,,,,,,,,,,,,,,,,,,,,,,,,,,,,,,,,
  ,,,,,,,,,,,,,,,,,,,,,,,,,,,,,,,,,,,,,,,,,,,,,,,,,,,,,,,,,,,,,,,,,,,,,,,,,,,,,,,,,,,,,,,,,,,
  ,,,,,,,,,,,,,,,,,,,,,,,,,,,,,,,,,,,,,,,,,,,,,,,,,,,,,,,,,,,,,,,,,,,,,,,,,,,,,,,,,,,,,,,,,,,
  ,,,,,,,,,,,,,,,,,,,,,,,,,,,,,,,,,,,,,,,,,,,,,,,,,,,,,,,,,,,,,,,,,,,,,,,,,,,,,,,,,,,,,,,,,,,
  ,,,,,,,,,,,,,,,,,,,,,,,,,,,,,,,,,,,,,,,,,,,,,,,,,,,,,,,,,,,,,,,,,,,,,,,,,,,,,,,,,,,,,,,,,,,
  ,,,,,,,,,,,,,,,,,,,,,,,,,,,,,,,,,,,,,,,,,,,,,,,,,,,,,,,,,,,,,,,,,,,,,,,,,,,,,,,,,,,,,,,,,,,
  ,,,,,,,,,,,,,,,,,,,,,,,,,,,,,,,,,,,,,,,,,,,,,,,,,,,,,,,,,,,,,,,,,,,,,,,,,,,,,,,,,,,,,,,,,,,
  ,,,,,,,,,,,,,,,,,,,,,,,,,,,,,,,,,,,,,,,,,,,,,,,,,,,,,,,,,,,,,,,,,,,,,,,,,,,,,,,,,,,,,,,,,,,
  ,,,,,,,,,,,,,,,,,,,,,,,,,,,,,,,,,,,,,,,,,,,,,,,,,,,,,,,,,,,,,,,,,,,,,,,,,,,,,,,,,,,,,,,,,,,
  ,,,,,,,,,,,,,,,,,,,,,,,,,,,,,,,,,,,,,,,,,,,,,,,,,,,,,,,,,,,,,,,,,,,,,,,,,,,,,,,,,,,,,,,,,,,
  ,,,,,,,,,,,,,,,,,,,,,,,,,,,,,,,,,,,,,,,,,,,,,,,,,,,,,,,,,,,,,,,,,,,,,,,,,,,,,,,,,,,,,,,,,,,
  ,,,,,,,,,,,,,,,,,,,,,,,,,,,,,,,,,,,,,,,,,,,,,,,,,,,,,,,,,,,,,,,,,,,,,,,,,,,,,,,,,,,,,,,,,,,
  ,,,,,,,,,,,,,,,,,,,,,,,,,,,,,,,,,,,,,,,,,,,,,,,,,,,,,,,,,,,,,,,,,,,,,,,,,,,,,,,,,,,,,,,,,,,
  ,,,,,,,,,,,,,,,,,,,,,,,,,,,,,,,,,,,,,,,,,,,,,,,,,,,,,,,,,,,,,,,,,,,,,,,,,,,,,,,,,,,,,,,,,,,
  ,,,,,,,,,,,,,,,,,,,,,,,,,,,,,,,,,,,,,,,,,,,,,,,,,,,,,,,,,,,,,,,,,,,,,,,,,,,,,,,,,,,,,,,,,,,
  ,,,,,,,,,,,,,,,,,,,,,,,,,,,,,,,,,,,,,,,,,,,,,,,,,,,,,,,,,,,,,,,,,,,,,,,,,,,,,,,,,,,,,,,,,,,
  ,,,,,,,,,,,,,,,,,,,,,,,,,,,,,,,,,,,,,,,,,,,,,,,,,,,,,,,,,,,,,,,,,,,,,,,,,,,,,,,,,,,,,,,,,,,
  ,,,,,,,,,,,,,,,,,,,,,,,,,,,,,,,,,,,,,,,,,,,,,,,,,,,,,,,,,,,,,,,,,,,,,,,,,,,,,,,,,,,,,,,,,,,
  ,,,,,,,,,,,,,,,,,,,,,,,,,,,,,,,,,,,,,,,,,,,,,,,,,,,,,,,,,,,,,,,,,,,,,,,,,,,,,,,,,,,,,,,,,,,
  ,,,,,,,,,,,,,,,,,,,,,,,,,,,,,,,,,,,,,,,,,,,,,,,,,,,,,,,,,,,,,,,,,,,,,,,,,,,,,,,,,,,,,,,,,,,
  ,,,,,,,,,,,,,,,,,,,,,,,,,,,,,,,,,,,,,,,,,,,,,,,,,,,,,,,,,,,,,,,,,,,,,,,,,,,,,,,,,,,,,,,,,,,
  ,,,,,,,,,,,,,,,,,,,,,,,,,,,,,,,,,,,,,,,,,,,,,,,,,,,,,,,,,,,,,,,,,,,,,,,,,,,,,,,,,,,,,,,,,,,
  ,,,,,,,,,,,,,,,,,,,,,,,,,,,,,,,,,,,,,,,,,,,,,,,,,,,,,,,,,,,,,,,,,,,,,,,,,,,,,,,,,,,,,,,,,,,
  ,,,,,,,,,,,,,,,,,,,,,,,,,,,,,,,,,,,,,,,,,,,,,,,,,,,,,,,,,,,,,,,,,,,,,,,,,,,,,,,,,,,,,,,,,,,
  ,,,,,,,,,,,,,,,,,,,,,,,,,,,,,,,,,,,,,,,,,,,,,,,,,,,,,,,,,,,,,,,,,,,,,,,,,,,,,,,,,,,,,,,,,,,
  ,,,,,,,,,,,,,,,,,,,,,,,,,,,,,,,,,,,,,,,,,,,,,,,,,,,,,,,,,,,,,,,,,,,,,,,,,,,,,,,,,,,,,,,,,,,
  ,,,,,,,,,,,,,,,,,,,,,,,,,,,,,,,,,,,,,,,,,,,,,,,,,,,,,,,,,,,,,,,,,,,,,,,,,,,,,,,,,,,,,,,,,,,
  ,,,,,,,,,,,,, [ 22774988801 ] ]);
