BRENTFACTORS[5829]:=MakeImmutable([ ,,,,,,,, [ 6186009133 ],,,, [ 1880881133 ],, 
  [ 2675506531 ],,,,,,, [ 1145222167 ], [ 3251338697 ],, [ 20551320811547315738045159801 ],,
  , [ 8378992033963821196501 ],,, [ 5445309031, 4290813884676167 ], [ 20652012737 ], 
  [ 643126863391, 35624253755986795291757402408383 ], [ 2837076349, 8027350992911 ], 
  [ 1867731601, 859814862691, 799712764282484814155521 ],, [ 327890777671 ], 
  [ 2184745966928327690400633247 ], [ 979772939354245294441 ], [ 103358930511948634555441 ], 
  [ 3243212341, 25153319967461061269732353038895829810288689, 
      3823046289626883429287221154204514672400038051071 ],,, 
  [ 485186813492657, 1906642765285081297 ], [ 620151382621, 5054767875160781584293575622991 ]
    , [ 277534375817, 15088853291951, 11744639299850137 ], [ 19105333145771 ], 
  [ 6201970193494625171608369 ], [ 9101522768212066172350637, 222111438208141524681358835711 
     ], [ 8489711900909142852461248451 ], 
  [ 9028725688798596577503242611202173, 32062989245786793125675204080207698181 ], 
  [ 2457054336076565405103350857 ], [ 31546890949123980421 ], 
  [ 15650947654219, 37758327916339 ],, [ 45240452993 ], 
  [ 258253358761, 34884263926987, 220418296159521432400201 ], 
  [ 5199376177720037, 3292054921399963362305253923871983 ], [ 9887944993 ], 
  [ 8207390641, 7420108037581, 15012431170981 ], [ 8186222813147 ], 
  [ 1950875657359, 1867651908233509 ], 
  [ 544972922874776944130272201, 5087632305352225327051222326241 ], [ 31287813137994512641 ],
  [ 113488621225781881 ], [ 8517655568137 ],, [ 24997076431895788942526864537249 ], 
  [ 4972520035317871 ], [ 3393191978253631 ], [ 761301051393821987743 ], 
  [ 19552262215249, 13240004785475731775569 ], 
  [ 27931634267921575109, 13401734655611455924387 ], 
  [ 68935717258030797019711986930528713958269 ], [ 15935976428083351 ], 
  [ 2842777928621, 152290071545400827677731729831250534085230735126429 ],, 
  [ 3245606911, 154600395847, 649292547976108439833 ], [ 6165761981 ], 
  [ 150409071601, 154948525007298881, 7984646091475533377921 ], 
  [ 41526507007, 10488333571745993012084444047 ], 
  [ 678917569453063890647, 719413117461386760242260339453 ], 
  [ 60036937259490887, 210967888837708239358103 ], [ 19284080394929366476939110974413 ], 
  [ 2944113896457950651 ], [ 947393585239902035056518019139 ], [ 778070406022826887 ], 
  [ 144600889826742510672459326753 ],, [ 973876657470834553305931 ], [ 9039191232527 ],,, 
  [ 46339252629381916575125072359 ], [ 538053804799130981, 661809553400289918421144432441 ], 
  [ 3040989697 ], [ 2840502023 ], [ 3312900491726533 ], 
  [ 627683379049, 5136011081587, 755854516762687, 9481144158351341191 ],, 
  [ 48286266797693965471 ], 
  [ 129988918519102777, 200269360180171099, 10093154385146299076876343229 ], 
  [ 10430228380858043, 30287233809313981, 2616813821205350089837 ],, 
  [ 1127471755743239558401, 126005902735367473370909469841 ], 
  [ 18265881841, 22500390484191676176735617 ], [ 79221166253210749785673 ], 
  [ 19717954524001, 77086849352982495913, 387137715283413912529, 
      15918856644265398319243836838933 ],,,, 
  [ 2145191777, 242437964577089, 311506554549569, 11634965549850497, 
      136916873806011917888033, 127715445308197942900114473617 ], 
  [ 68054944499, 1723318376685306949 ], [ 163991081983 ],, [ 158889689658933186353 ], 
  [ 1931277080984243617 ],,, [ 16867803261356754737368746842411881 ], 
  [ 31376204840371117, 14075080073064921901 ], 
  [ 225423108557, 502731542110253, 696907424299982933 ], [ 90730175593, 6318184121742457 ], 
  [ 16233356639985606673 ],, 
  [ 99679494853, 657438441564493, 7373966059127536298982015556401348796270173795733963 ],, 
  [ 250681504897 ],, [ 51029543739851 ], [ 15233604401265658817 ], [ 1427856121561 ], 
  [ 3471438602759, 925960914292903259 ], [ 792301836583 ], [ 514992615391, 7235236183036681 ]
   ,, [ 50345105302199, 63362758823963, 19778790540530601092869, 69216939397400757258969503 ]
    , [ 31868839761370409716645300999 ],,, [ 1919639707 ],, [ 870522526581709 ], 
  [ 56403157969, 4701201560353, 74622267846334060849 ], 
  [ 1234639348767931, 2016508412443354121 ], [ 4978688475315868967 ], [ 44735960446840111 ],
  , [ 9740169750599653 ], 
  [ 108722427901, 34024066337299896053205914251, 15173425780938589974512293908661816329301 ],
  , [ 11254718277434263441, 308146620397254056521 ], [ 66199462380298516613232161629 ], 
  [ 8901882086149207 ], [ 744776975242987539481 ],, [ 16731368216357 ], 
  [ 104824767569, 174423495565079899 ],,, [ 578949128024647759, 24250006385365786621 ],, 
  [ 1905295219013 ],, [ 125958690001 ], [ 42510110427451 ],, 
  [ 1150028201449, 2220326954773685521, 62369587479666012311169994129, 
      119290076247765561911612128419571065126433 ], 
  [ 24665460431, 89001970232267, 1205938343323013, 98370559153866143 ], [ 31984688251 ], 
  [ 44956829333359, 1494254770970581, 68311196121770909016319 ], [ 16255519272732517 ], 
  [ 6727777407751, 194854905851189 ], [ 39827509717, 133911691833414464357073757 ],,, 
  [ 238784857482415004899, 3146606585038676721823 ],,,, [ 3050437797139 ], [ 16127992609 ],, 
  [ 285542205961, 28235136702468405481 ], [ 2125775812211 ], [ 1821354994831 ], 
  [ 42023575684421, 944374834738457 ], [ 254970456229, 978973509317501, 9960735522344953 ], 
  [ 120867980977011250397773 ], [ 18313476778721, 30137812216946041 ],, [ 43137248641 ],, 
  [ 188091509328299, 65869851595117177, 120330699518442227, 1946870188669329767 ],, 
  [ 1086434275292159669 ], [ 3988268069798784757 ], [ 7685494939, 484083266604103 ], 
  [ 675831204161529109, 13853015287390169507 ], [ 11199639401 ], [ 3278223973 ], 
  [ 22101841919, 203177852146833490547 ],, [ 2347812133 ],,,,,, [ 64230561361 ], 
  [ 2637237517 ], [ 28379517377, 41079231733 ], [ 4896560299, 794897229988867 ], 
  [ 51825137989, 209875246455793 ], [ 1220792980222111 ], 
  [ 1496648988981516529, 14871688305583397874697 ],, [ 546906384931 ], 
  [ 1213966152361, 102280261985689, 12284677476863707 ], 
  [ 1886320495621, 607285166513521, 25278900532877335961 ],, 
  [ 4980236113, 126284767930071310461202291 ], [ 2304601119911, 3498279120298967 ], 
  [ 3173053488641 ], [ 1472973784815601, 23881073689267396539480451 ],, 
  [ 5793288793, 794179169551 ],, [ 54635886837263, 4583403847167582211 ], 
  [ 40187312321021, 257001667349872869932237701 ],, [ 3015612793 ], [ 445772315542529 ], 
  [ 9892906151849070949 ], [ 1638711340781 ], [ 1387075841, 908128845507426533 ],, 
  [ 1808518097807 ],, [ 1847022974117398321 ], [ 34455859872757 ], [ 11819405136023 ],, 
  [ 201404775797 ], [ 232841561891, 1226577949451, 4065045054809767981 ], 
  [ 2594443846735796119 ], [ 430043229383, 163077161636117 ], 
  [ 136843052497, 87337113997726217293057 ],, 
  [ 2246660076251, 10749778938001, 3037928619501081751 ], [ 6667339607 ], 
  [ 2901972781, 10081666341287353 ], [ 100247961404502473, 674384679790560509 ],, 
  [ 39521931490788211 ], [ 38151750834592882381057 ], [ 71097456601 ],, [ 131289817645561 ], 
  [ 84376882201 ], [ 101811431937223, 13132425315738187 ],,, [ 1247075867118841 ],, 
  [ 3350409554773 ], [ 282718790714713, 963050653889593 ],, [ 331308316133 ],,,,, 
  [ 1959550506518153559541, 1412727264628467625223053 ], [ 282725339051 ], 
  [ 145438171810189 ],, [ 251689466177, 1522036678651163 ], 
  [ 3505610181556117, 627922094989337389 ], [ 3553710161 ], 
  [ 3598646589878069, 1612339457285273903 ], [ 76592198000493691597 ], [ 18101674368267571 ],
  [ 10198036780777 ], [ 3110561724811, 44619561240973561 ], [ 1125506250202904306309 ], 
  [ 60929344043, 2652521882389 ], [ 1595027809 ], [ 16187127559 ],, 
  [ 25442371986758953741759 ], [ 2777100383293 ], [ 1147189933, 34772136405168821 ], 
  [ 2025847555223475943 ],, [ 1146185113, 1326604648832774257, 3963684727944910739306201 ], 
  [ 784125303172993 ], [ 16116410507591 ], [ 35393368366416503 ], [ 42903580406596501 ], 
  [ 58057114516927, 380390509968673, 6003939040938623, 127420910783891719, 
      283249697315372257 ], [ 4175640751, 5307329282623798013 ], [ 4919912203 ],,,, 
  [ 41342660323 ], [ 92923527085313, 974110598738201 ],, [ 466014926981, 6388561682831 ], 
  [ 151400237788973 ], [ 37242089401921, 97904216828422369, 56345654064556410217 ], 
  [ 1284611169131881, 2116949605044257 ], [ 1478286881 ], [ 10273355479171 ], 
  [ 10875761573, 284774614841, 183903328282813, 29229882814336994693 ],, [ 206952921619 ], 
  [ 9503976571 ],, [ 134017865299 ], [ 46357340783806963 ], [ 216758868929819 ], 
  [ 3471537882457 ],,,,,,,,, [ 37900552843, 4091583345031279 ], [ 312629408580571 ],, 
  [ 97355686849 ], [ 3269436718333 ], [ 2822404332827, 8140338377653 ],, [ 123051095581 ],,, 
  [ 1685212062101 ], [ 504507810713, 51787316476714529 ], 
  [ 106808281961221, 1414000779590401 ], [ 4327387861754647, 36044048770583686123 ],, 
  [ 17843520781, 147825821713, 8243463174361, 999230521247401, 48605833365938814661 ],, 
  [ 3609367651, 93130633751 ], [ 10101242269, 24039556867, 117539129624671 ],,, 
  [ 2832723931, 514433830407279462998083 ],,, [ 258093709063, 276588566435624941 ], 
  [ 1265052787, 1578564293903 ],, [ 200671119151201 ],, [ 77160229411 ],, [ 332086718237 ],,,
  ,, [ 16476867703, 664287426433 ],,, [ 1956459646501 ], [ 6462230969 ],, [ 43701841501 ],,,
  , [ 82869206176919 ],,, [ 3162547553600689 ],, 
  [ 2392231100497242632833, 225326719488525652216321 ],,,, 
  [ 33492875041321, 6826148971815585465241 ], [ 2116667257 ],, 
  [ 2138213999, 1090867203568447 ],,,, [ 19192478102411 ], 
  [ 89866047436639057, 624128156586514135909, 1058000534405040895813 ], [ 2180145963692923 ],
  ,, [ 60264160512000512801 ],,,,, [ 1435529791 ], 
  [ 4365789352471, 725855252986991, 73671325105778681, 64436888417620787012216119 ], 
  [ 10606364271119 ], [ 1257567614142601 ],, [ 400285890398731 ], 
  [ 5270896627, 8042531941819 ], [ 2975346307632014273 ], [ 13430678227, 1223118902853163 ],,
  ,,,, [ 29187449497 ], [ 224626525621, 4336825681552981 ],,,, [ 1699987721, 168509398649 ], 
  [ 4127471651 ],, [ 1326507953 ],, [ 58808056441993 ],,, 
  [ 2008254977790049, 2613397223336668273, 90598409905740719617 ], [ 3103651339 ], 
  [ 376482870515053 ],,,, [ 22894315595779 ],, [ 2714970281 ], [ 75103667983 ],,,,, 
  [ 1611204437 ],, [ 7068126017 ], [ 18858239767, 6260514725807753 ], [ 50628273070779451 ],
  , [ 22265140321 ], [ 4767690788010277 ], [ 1905057047513032746001 ],,, [ 128786123797213 ],
  [ 149269351266961 ],, [ 5715593551599781 ],, [ 4575023839, 10561641595961522221 ],, 
  [ 7371039041 ], [ 22531825171, 269290611152341 ],,,,,, [ 170216732258827 ], 
  [ 37351819739737, 95262030129913 ], [ 28973620929529 ],, [ 53109788402704051 ],, 
  [ 1308191581, 5345623567 ], [ 256759279313 ], [ 1228900367, 181456074172739 ], 
  [ 151187808481, 19970618226721 ],, [ 15674880715621 ], [ 2752815997, 6308143081069579 ], 
  [ 47137431137633, 556516441035809, 684365688618334669 ],,, [ 7152288487027 ],,, 
  [ 1283355644702951, 36479416617741511 ],,, [ 13828735783, 2311932677689 ], 
  [ 305895346567935728293 ], [ 119985715280971, 140246023885111 ], 
  [ 11659853768860369, 15225195170936321 ],,,, [ 3479121389694001 ],, [ 352268457491 ], 
  [ 219722740603 ],,, [ 2838632207410099, 29750270400553642625269 ],, [ 4400128361 ],, 
  [ 191354783494229731 ],, [ 262539267073 ],,,,,, [ 21527751589 ],,,,,,,, [ 2292335347793 ],
  , [ 1688808001, 139352411806081 ],, [ 4994686093123861, 52149870086250914911 ], 
  [ 5687230897, 82002594661021 ], [ 104690522273, 717313927509061 ],,, [ 3939093721 ],,,, 
  [ 398623742287 ],,, [ 275526628263889, 292932872939182991 ],,, [ 13017429641 ], 
  [ 11006021209 ],,,, [ 11011444176701, 34050401364561420301 ],,,, [ 9216360067 ], 
  [ 6749775691 ], [ 41610890437 ],, [ 333795415190401 ],, [ 1716313201, 2993485353177738161 ]
    , [ 3703497601 ], [ 5083278199, 715068419213307191, 2188863029181170449 ],,,,, 
  [ 461223664273 ],,,,,,,,, [ 1785187351432763713 ],,,, [ 208488476201, 1926661127981 ],, 
  [ 12688080733, 256302283236406682942239843 ], [ 766349441381371 ], [ 1964370433 ],,,, 
  [ 27611216389 ],,,, [ 197219123817044085329 ], [ 7843423613 ], [ 1902671101, 192261256507 ]
   ,, [ 10575824513 ],,,, [ 259184497984160401, 3772100421169854601 ],,,, [ 2948098633 ],,,, 
  [ 20703758580257 ],,,,,,,, [ 118442071687633 ], [ 1226814419 ],,,,,,,, [ 12977475001 ], 
  [ 68876741176221131 ],, [ 1734465037, 1389684402257 ],, [ 1065120067151911 ],,,,,, 
  [ 32374145821 ],,,,,, [ 1080471436873 ],, [ 3137552806933609 ],, [ 222687165851 ], 
  [ 2897650319 ], [ 913506069673, 2124409642478857 ],, [ 2909627929651 ],, 
  [ 21955492355561 ], [ 9746551319 ],,, [ 16116705089 ],,,,,,,, [ 4980077689 ], 
  [ 3344701291 ], [ 69279845172301, 4758208186432411 ], [ 174612614677 ],, [ 245771268577 ],
  , [ 55646668793 ],,, [ 3120686053 ],,,,,, [ 3693905521 ],, [ 1285955267939 ],, 
  [ 3994515541, 15446471601905317 ],,,, [ 28595588929 ],,,,,,, [ 42099062051 ],,,,, 
  [ 257868778301 ],, [ 1821565747, 21619920802663 ],, [ 268528705585537 ],,,,,, 
  [ 762922148981, 13906134727472311, 743862726975568301 ],,,,,, [ 30955211591989 ],, 
  [ 4569418057 ],, [ 150627068629201, 5884577578398412801 ],,,,,,,,,,, [ 1612536293 ], 
  [ 5429103457 ],,, [ 8677949194531 ],,, [ 5134002246181 ],,,,,,,,,,,,, [ 7460343881 ],,,, 
  [ 256235549671 ], [ 10174031240437 ],,,, [ 13936482592961 ],, [ 2853172603 ],, 
  [ 2684133344561, 57160336572928577 ], [ 4301074801 ],,,,,,, [ 14723748386593 ],,,,,,,,,,,,,
  , [ 1980321268489 ], [ 5213527147 ],,, 
  [ 1362243611, 7183864211, 22651271051, 247326213241, 55776968189581 ], [ 1618838453 ], 
  [ 2589311737 ], [ 7248640127, 83096236913 ],,, [ 81680287097 ],,, [ 1930136311 ],,,,, 
  [ 16104107941 ],, [ 1767934946857 ],, [ 7512422017, 157597593817 ],,,,,, [ 112725298753 ],
  , [ 34779668689 ],,,,,,, [ 8856780341 ],,, [ 1257081967, 13740186209, 1633534310515199 ],, 
  [ 17883610993 ], [ 127257002903 ],,, [ 428252300737, 648213528074113 ],, 
  [ 27196921058183572249 ],,,,,, [ 63905919001 ],, 
  [ 145131225593, 198344661503, 300498921361, 3296294379061 ], [ 969554510083 ],,, 
  [ 33416132851 ],,,,, [ 39870599269 ],,, [ 38344113221 ],,, [ 6507439247 ],,,,, 
  [ 133174889123 ],, [ 1599082561 ],, [ 134446996219 ],, [ 46807108046581 ],,,, 
  [ 118630336609 ],, [ 3805791049 ],, [ 1952705617, 26932434289 ],, [ 5848466873 ], 
  [ 4267167031 ], [ 11514154081 ],,,,,, [ 1751571499 ],, [ 347633364655777 ],,,, 
  [ 233949739527649 ],, [ 2412171138259, 1899781593264469 ], [ 6765704171 ], 
  [ 84364429968001 ], [ 8504300923 ], [ 1273619033 ],, [ 219620678010301 ], [ 3821499599 ],,
  , [ 12870222689 ], [ 3340901621 ], [ 1379274469, 1733480781421981 ], [ 3382162243049 ],, 
  [ 23210313283 ], [ 24302493124469561 ],,,, [ 1490491331937019 ],,,,,,,, [ 4923073876519 ],,
  ,, [ 100078696257101, 338155500814933 ], [ 1510453801 ],,, [ 23360729521 ],,,,,, 
  [ 3157363873 ],,,, [ 19011365758601 ],,,, [ 1667137511057 ],, [ 2798838439, 99354452209 ],
  , [ 127341542857 ],, [ 29485477751, 9427345419301 ],, [ 18082807793 ],,,,, 
  [ 120172382947 ], [ 247517665819 ],,,,,,,, [ 2696441634769, 9191713039741 ],,, 
  [ 16165412269 ], [ 28490799538391 ],, [ 3028927996153, 66510724174093 ],, 
  [ 421603602428804160089 ],, [ 597054996683681 ],, [ 166466267047 ],,,,, 
  [ 1113890383, 3795235211 ],, [ 67848035191 ],, [ 32050681237 ],,,,,, [ 223928848201 ],,,,, 
  [ 1623904348669 ],, [ 1422397245001 ], [ 9538206679 ], [ 11964871981 ],, [ 283250106481 ],,
  ,, [ 4069777120417 ], [ 1435655651 ],, [ 221130738427 ], [ 3724174169 ],,,, 
  [ 10737745307297 ], [ 41988510847 ],,, [ 6778699104721, 224726849123341 ],,,,,, 
  [ 89494812981163 ], [ 1085775211 ],,,,, [ 445746030337 ],, [ 30724061255779 ],, 
  [ 12492964457 ], [ 7620234803 ],, [ 13472965984033 ],,,,,,,,,,, [ 3817377901 ], 
  [ 12946543811 ],,,,, [ 2190799777 ],, [ 184216700113 ], [ 1343657083 ],,,,,,,,,, 
  [ 1576464991, 13801023043 ],,,,,,,,,,, [ 1310125321, 1519254361 ],,,,,,,,,,,,,,, 
  [ 1209004831 ],,,,,, [ 1412968351 ],,,, [ 1141327981 ],,,,,,,,,,,,,,,,, [ 2305920937 ],,,,,
  ,,,,,,, [ 11176816267, 248968412911 ],, [ 1191404993 ], [ 5501733793 ],,, 
  [ 9536689381, 12050722261 ], [ 16543247183 ], [ 3843604277, 12174890551 ], [ 171068162563 ]
   ,, [ 14557756711 ],,,,,,,,,,,,,,, [ 595852866241 ],,,,, [ 1382004551 ],, [ 62076977881 ],,
  , [ 1255371391 ],,, [ 12529997731 ],, [ 107018043551 ], [ 22698547327849 ],, 
  [ 5808488291, 87048893111 ],,,,,,,, [ 3440468587, 48653995531 ],,,,,,,,,,,,,,, 
  [ 17011252241 ],,, [ 2111146577 ],,,,,, [ 3754172621, 52036060891 ],, [ 25631168749 ],,,, 
  [ 309436441729 ], [ 3199758307 ], [ 103294556947 ],,, [ 370621167841 ],,,,,,,,,,,,,,,,,,,, 
  [ 4914697553, 74767514837 ],,, [ 153474726949 ],,, [ 2408089183 ],, [ 1315669123 ], 
  [ 4283265001 ],, [ 88652215709 ],,,,,,,, [ 82514811667681, 430273651821422221 ],, 
  [ 657836021113 ],,,,, [ 5903208120587 ],,,,,, [ 2196222883 ], [ 28789077409 ], 
  [ 74650709401 ],,,,,,,,,,,,,,,,,,,,,,,,,, [ 3861144229 ],,,, [ 1001130496831 ],,,,, 
  [ 1554571499311 ],,, [ 4476807427 ],,,,,,, [ 13405863271681 ],,,,,,,,,,,,,,,,,,,,,,,,,,,,,,
  , [ 986291896532447 ],,,, [ 1228979581 ],,,,,, [ 26177348789 ],,,, 
  [ 1196984881, 1505458501 ],,,,, [ 1432593931 ],,,,,,,,,,,,, [ 172458360187 ],,,,,,, 
  [ 5702288741, 38822554051 ],,, [ 578330213623 ],,, [ 2628623329 ], [ 15480081563 ],,,,,, 
  [ 1869141139 ],,,,,,, [ 1190385451 ],,, [ 2834582563 ],,,,,,,,, [ 45815611393 ],, 
  [ 1538586433 ],,,, [ 13482112141 ],,, [ 4652464339 ],,, [ 82448749903831 ],,, 
  [ 46399270009 ],,,,,,,,,,,,, [ 116118238801 ],,,,,, [ 71679120241 ],,,,,, [ 50780809753 ],,
  , [ 105053816851 ],,, [ 3956077969, 25330275409 ],,,,,,,,,,,, [ 22807992881 ],,, 
  [ 6252659800489 ], [ 14615740889 ],,,,,,,,,, [ 275666739661 ],,,, [ 37029580309 ],,,,,,,,,,
  ,,, [ 95440359767 ],,, [ 492507586819 ],,,, [ 5660594677 ],,, [ 1203448663 ],,,,,, 
  [ 3435914917 ],,, [ 28870126921 ],,, [ 9735283282957 ],,, [ 182757914113 ], [ 5716883797 ],
  ,,,, [ 5505971599 ],,,,,, [ 623179349173 ],,,,, [ 16470096127 ],, [ 159377205901 ],, 
  [ 3442231171 ],,,,,,,,,,,,,,,, [ 32648653181 ],,,, [ 3493534409 ],,,,,,,,,,,,,,,,, 
  [ 2970418902767 ],, [ 406121958481 ],,,,, [ 18084668659 ], 
  [ 12219801283, 30992709090313, 812790915533713 ],, [ 4546926926693 ], [ 4674324961 ],,,,, 
  [ 9067685831 ],, [ 13254892457 ],,,,,,,,,,, [ 118858269133 ],,,,,,,,,,,,,, [ 2684778221 ],,
  ,,,,,, [ 50668789921 ],,,,,,,, [ 45183204487 ],,,,,,,, [ 302737643759 ],, [ 17436814429 ],,
  ,,,, [ 7280164649 ],,,,,, [ 3684095501 ],,,,, [ 10497194401 ],,,,,,,,,,,, [ 3148170733 ],,,
  ,,,,,,,,,, [ 8511789661 ], [ 189637683913 ],,,,, [ 357354788971 ],,,,,,,,,,,,,,,,,, 
  [ 3183144329, 15362742487 ],,,, [ 1363635313 ],, [ 13341966091 ], [ 442834448449 ],,, 
  [ 65919998239 ],,,, [ 2697686419 ],,,,,,,,,,,,, [ 1725217321 ],,,,,, 
  [ 1193860721, 1836752851 ],, [ 2778658093 ],,,,,,,,,,, [ 91429994401 ],,,,,,,,, 
  [ 1634340241 ],,, [ 1529128753 ], [ 4580990101 ],, [ 1902025361 ],, [ 19696164097 ],,,,,,,,
  ,,,,,, [ 56714128633 ],,,, [ 1751361431 ],,,,, [ 4318505731 ],,,,, [ 1455155521 ],,,,,,,,, 
  [ 4341383903 ],,,,, [ 12016243289 ],,, [ 15256329089 ],,, [ 1690005674801 ],,, 
  [ 4350980203 ],,, [ 84604565033 ],,,,, [ 239712914647 ],,,,,, [ 1719544861 ],,,,,,,,,,,,, 
  [ 1218923971 ],, [ 1881303841 ],,,,,,,,,,,, [ 74946814309 ],,,,,,,,, [ 2137711897 ],,,,,,,,
  ,,,,,,,, [ 5649464057 ],,,,,,,,, [ 9952074287 ],,,,,, [ 1378988521 ],,,,,,,,,, 
  [ 1487346569 ],,,,,, [ 2902992721 ],,,,,,, [ 18368710603 ],,,,,, [ 3024443143 ],, 
  [ 24567511411, 73097547751 ],,,,,,, [ 12681255547 ],,,,, [ 4164292427 ],,,,,,,,,,,,,,, 
  [ 1900886651 ],,,,,,,,,,,, [ 4450964927 ],,,,,,,,,,,,,,,,,,,,,, [ 1659395809 ],,,,,, 
  [ 5160509983 ], [ 2005666937 ],, [ 3688420051, 270401492899801 ],,,,,,,,,,,,,,,,,, 
  [ 8104568743 ],, [ 2393386201 ],,,,,,,,,,,,,,,,,,,,,,,,, [ 6721695593731 ],,,,,,,,,,,,,,, 
  [ 1687624021, 1205643105991 ],,,,,,,,,,,,,,,,,,,,,,, [ 3375340141 ],,,,,, [ 2809579991 ],,,
  , [ 1961123977 ],,,,,,,, [ 126537083074627 ],,,,,,,,,,,,,, [ 97231820201 ],, 
  [ 2686984777 ],,,,,, [ 6046639389997 ],,,,,,,,,,,, [ 3659415841 ],,,,,,,,,,,,,,,, 
  [ 485543892481 ],,,,,,,,,,,,,,,,,,,,,,,,,, [ 42744078961 ],,,,,,,,,,,,,,,,,,,, 
  [ 5032161853489 ],,,,,, [ 2318737529 ],,,,,, [ 1168777047157 ],, 
  [ 2060925673, 5030458889, 51890398093 ],,,,,,,,,,,,,,,,,, [ 8918170066261 ],,,, 
  [ 145490797841 ],,,,,,,,,,,,,,,,,,,,,,,,,,,,,,,,,,,,,,,, [ 1249071007 ],,,,,,,,,,,,,,,,,,,,
  ,,,,,,,,,,,,,,,,,,,,,,,,,,,, [ 9956548339, 30824788417 ],, [ 1354935367889 ],,,,,,,, 
  [ 44796979289 ],,,,,,,,,, [ 153627791773 ],,,, [ 2286158881 ],,, [ 16938636003618421 ],,,,,
  ,,,,,,,,,, [ 17852224729 ],,,,,,,,,, [ 10590810763501 ],,,,,,,,,,,,,,,,,, [ 3535472929 ],, 
  [ 21919026733501 ],,,,,,,, [ 1408045549 ], [ 1009549483 ], [ 21716583157 ],,,,,,,,,,,, 
  [ 304509923561 ],,,,,,,,,,, [ 163436866309 ], [ 4672332589 ],,,,, [ 467882529661 ],,,,,,,, 
  [ 758541577771 ],,,,, [ 18671384551 ],, [ 14032730713 ],,,,,, [ 4543415479 ],,,,,,,,,,,,,, 
  [ 187930302449 ],,,,,,,, [ 21440807501 ],,,,,,,,,,,,,,,,,,,,,,,,,,,,, [ 1199549898289 ],,,,
  ,,,,,,,, [ 1063278623361109 ],,,,,, [ 23655639457 ],,,,,, [ 1042492021 ],,,,,,,,,,,,,,,,,,,
  ,,,,,,,,,,,,,,,,, [ 39311810953 ],,,,,,,,,,, [ 239447621401 ],,,, [ 3200829883777 ],,,,,,,
  , [ 5967317737 ],,,,,,,, [ 2491171981 ],,,,,,,,,,,, [ 10618146001 ],,,,, [ 1005815089 ],,,,
  ,,,,,,,,,,,,,,, [ 2592540193, 13778244353 ],,,,, [ 14855665819 ],,,,,,,,,,,,,,,,,,, 
  [ 1379103881 ],,,,,,,,,,,,,,,,,,,,,,,,,,,,,,,,,, [ 6487119503 ],,,,,,,,,, [ 92349358537 ],,
  ,,,,,, [ 3533959477 ],,,,,,,,,, [ 4889298461869 ],, [ 17867059337 ],,,,,, [ 1547020751 ],,,
  ,,,,,,,,,,,,,,,,,,,,,,,,,,,,,,,,,,,,,,,,,,,,,,,,,,,, [ 77117893051 ],,,,,,, [ 5289189221 ],
  ,,,,,,,,,,,,,,,,,,,,,,,,,,,,,,,,,,,,,,,,,,,,,,,,,,,,,,,,,, [ 358697486071 ], 
  [ 53370427697 ],,,,,, [ 3743331139 ],,,,,,,,,,,,,,,,,,,, [ 9051334993 ],,,,,,,,, 
  [ 26891593039 ],,,,,,,,,,,,,,,,,, [ 49063985101 ],,,,, [ 4410918691 ],,,, [ 2241127099 ],,,
  ,,, [ 8002968121 ],,,,,,,,,, [ 1923364601 ],,,,,,,,,,, [ 2693160707833 ],,,,, 
  [ 4400983427 ],,,,,,,,,, [ 5179052449 ],,,,,, [ 1136519977447 ],,,,,,,,,,,, 
  [ 29002578601 ],, [ 49142102717 ],,,,,,,,,,,,,,,,,,,,,,,,,,,,,,,,,,,,,,,, [ 29381989033 ],,
  ,, [ 8097021761 ],, [ 60970091131 ],,,,,,,,,,,,,, [ 24238880977 ],,,, 
  [ 4087049221, 4644164065501 ],,,,,,,,,,,,,,,,,,,, [ 2284663921 ],,,,,,,, [ 2924703473 ],,,,
  ,,,,,,,,,,,, [ 118248487873 ],,,, [ 4657135981 ],, [ 22022429371 ],,,,,,,,,,,,,,,,,,,,,,,,,
  ,,,,,,,,,,, [ 723812401313 ],, [ 1037253409 ],,,,,,,, [ 94331744869 ],, [ 14457155208059 ],
  ,,,,,, [ 16932800641 ],,,,,,,,,,,,,,,,,,, [ 80410429889 ],,,,,,,,,,,,,,,,,,,,,,,,,, 
  [ 1610736271, 97174307701 ],,,,,,,,,, [ 1874667901 ],,,, [ 125685995761, 7887070610849 ],,,
  ,,,,, [ 12619647809 ],,,,,,,,,,,,,,,,,,,,,,,,,,,,,,,,,,,, [ 2385823009 ],, [ 1085587681 ],
  , [ 2225925241 ],,,,,, [ 414743046323 ],,,, [ 5320039951 ],,,, [ 31482755251 ],,,,,,,,,,,,,
  ,,,,, [ 3564038017 ],, [ 2235474223, 404627158561 ],, [ 7317616877 ],, [ 14805613451 ],, 
  [ 6149996497, 6200736337 ],,,, [ 231998024257 ],,,,,,,,,,,,,,,,,,,,,, [ 50174542823 ],, 
  [ 5203850261 ],,,,,,,,,, [ 2076075401 ],,,,,,,,,,,,,,,,,,,, [ 13278514441 ],,,, 
  [ 7259717711 ],, [ 231855223121 ],,,,,,,,,, [ 17701635541 ],,,,,,,, [ 60884412779 ],,,,,,,,
  ,, [ 21324980933 ],,,,,,,,,,,,,, [ 82905726251 ],,,,,,,, [ 42091397473 ],,,,,,,,,,,,,,,,,, 
  [ 38202132613 ],,,,,,,,,,,,,,,,,,,,, [ 1334080441 ],,,,,,,,,,,,,,,,,,,,,,,,,,, 
  [ 2611261729 ],,,,,,,,,,,,,,,, [ 2255991293 ],,,, [ 9575664673 ],,,, [ 1276926817 ],,,,,, 
  [ 1162169991769 ],,,, [ 1672216079 ],,,,,,,,,,,, [ 968204484139 ],,,,,, [ 29955068153 ],,,,
  ,,,,,,,,,,,,,,,,,,,,,,,,,,,,,,,, [ 3951428581 ],,,,,,,,,, [ 10352755841 ],, 
  [ 1342885830961 ],,,,,,,,,,,,,,,,,,,,,,,,,,,,,,,,,,,,,,,,,,,, [ 16988057389 ],,,,,,,,,,,, 
  [ 103573578240001 ],,,,,,,,,, [ 18779941547 ],,,,,,,, [ 60822660991 ],,,,,, 
  [ 10517702257 ],,,,,,,,,,,,,,,,,,,,,,,,,,,,,, [ 1160247523 ],,,,,,,,,,,,,,,,,,,,,,,, 
  [ 1560251323 ],,,,,,,,,,,,,,,,,,,,,,,,,,,,,,,,,,,, [ 26938113247 ],,,, [ 98804493551 ],,,,,
  ,,,,,,,,,,,,,,,,,,,,,,,,,,,,,,,,,,,,,,,,,,,,,,,,,,,,,,,,,,,,,,,,, [ 2451445669 ],,,,,,,,,,,
  ,,,,,,,,,,,,,,,,, [ 55083653857 ],,,,,,,,,,,,,,,,,,,,,,,,,, [ 1648943771, 899377312661 ],,,
  ,,,,,,,,,,,,,,,,,,,,,,,,,,,,,,,,, [ 1138119919 ],,,,,,,,,,,,,,,,,,,,,,,, [ 1568710901 ],,,,
  ,,,,,,,, [ 78099851299 ],,,,,,,, [ 89646248431 ],,,,,,,,,,,, [ 180813417599 ],,,,,,,,,,,,,,
  ,,,,,,,,,,,,,,,,,,,,,,,, [ 1791641641 ],,,,,,,,,,,,,,,,,,,,,,,,,, [ 74329640533 ],,,,,,,,,,
  ,,,,,,,,,,,,,,,,,,,,,,,,,,,,,, [ 46380802987 ],,,,,, [ 9988535173 ],,,,,,,,,,,,,,,,,,,,,,,,
  ,,,, [ 1715642161 ],, [ 1396616041 ],,,,,,,,,,,, [ 3742828519 ],,,,,,,,,,,,,,,,,,,,,,,,,,,,
  ,,,,,,,,,,,,,,,,,,,,,,,,,,,,,,,,,,,,,,,,,,,,,,,,,,,,,,,,,,,,,, [ 26842493569 ],,,,,, 
  [ 1021092728401 ],,,,,,,,,,,, [ 3094386289 ],,,,,,,,,,,,,,,,,,,,,,,,,,,,,,,,,,,,,,,,,,,,,,,
  ,,,,,,,,,,,,,,,,,,,,,,,,,,,,,,,,,,,,, [ 1343404693, 9846183649 ],,,, [ 49587004121 ],,,,,,,
  ,,,,,,,,,,,,,,,,,,, [ 160545463453 ],,,,,,,,,,,,,, [ 11728883351 ],,,,,,,,,,,,,,,,,,,,,, 
  [ 1069148953 ],,,,,,,,,,,,,,,,,, [ 2387393191, 4829373361 ],,,,,,,,,,,,,,,,,,,,,,,,,,,,,,,,
  ,,,,,,,, [ 1070376301 ],,,,,,,,,,,,,,,,,,,,,,,,,, [ 12726995737, 74250734737 ],,,,,,,,,,,, 
  [ 36295227937 ],,,,,,,,,,,,,,,,,,,,,, [ 1248020731 ],, [ 2682763009 ],,,,,,,,,,,,,,,,,, 
  [ 25616298361 ],,,,,,,,,,,,,,,,,,,,,,,,,,,,,,,,,,,, [ 1086767359 ],,,,,,,,,,,,,, 
  [ 27313443721 ],,,,,,,,,,,,,,,,,,,,,,,,,,,,,,,,,,,,,,,,,,,,,,,,,,,,,,,,,,,,,,,, 
  [ 4317173857 ],,,,,,,,,,,,,,,,,,,,,,,, [ 90792562657 ],,,,,,,,,,,,,,,,,,,,,,,,,,,,,,,,,,,,,
  ,,,,,,,,,,,,,,,,, [ 18907303537 ],,,,,,,,,,,, [ 1109455507 ],,,,,,,,,,,,,,,,,,,,,,,,,,,,,,,
  ,,,,,,,,, [ 474669018979 ],,,,,,,,,,,,,,,,,,,, [ 29190872143 ],,,,,,,,,,,,,,,, 
  [ 95600342111 ],,,,,,,,,,,,,,,,,,,,,,,,,,,,,,,, [ 4563396163 ],,,,,,,,,,,,,,,,,,,,,,,,,,,,,
  ,,,,,,,,,,,,,,,,,,, [ 13914235831 ],,,,,,,,,,,,,,,,,,,,,,,, [ 1328239459 ],,,,,, 
  [ 2175968401, 3577538641 ],,,,,, [ 3415274617 ],,,,,,,,,,,,,,,,,,,,,,,,,,,,,,,,,,,,,,,,,, 
  [ 32205005353, 53226168337 ],,,,,,,,,,,,,,,,,,,,,,,, [ 2521758721 ],,,,,, [ 3108336169 ],,,
  ,,,,,,,,,,,,,,,,,,,,,,,,,,,,,,,,,,,,,,,,,,,,, [ 8400207397 ],,,,,,,,,,,,,,,,,,,,,,,,,,,,,,,
  ,,,,, [ 28945389859 ],,,,,,,,,,,, [ 5414804839 ],,,,,,,,,,,,,,,,,,,,,,,,,,,,,,,,,,,,,,,,,,,
  ,,,,,,,,,,,,,,,,,,,,,,,,,,,,,,,,,,, [ 2627235937069 ],,,,,,,,,,,, [ 156209202433 ],,,,,, 
  [ 3936189421 ],,,,,,,,,,,,,,,,,,,,,,,,,,,,,,,,,,,,,,,,,,,,,,,,,,,,,,,,,,,,,,,,,,,,,,,, 
  [ 2900040799 ],,,,,,,,,,,,,,,,,,,,,,,,,,,,,,,,,,,,,,,,,,,,,,,,,,,,,,,,,,,,,,,,,,,,,,,,,,,,,
  ,,,,,,,,,,,,,,,,,,,,,,,,,,,,,,,,,,,,,,,,,,,,,,,,,,,,,,,,,,,,,,,,,,,,,,,,,,,,,,,,,,,,,,,,,,,
  ,,,,,, [ 1559425321 ],,,,,,,,,,,,,,,,,,,,,,,,,,,,,,,,,,,,,,,,,,,,,,,,,,,,,,,,,,,,,,,,,,,,,,
  ,, [ 2279293021 ],,,,,,,,,,,,,,,,,,,,,,,,,,,,,,,,,,,,,,,,,,,,,,,,,,,,,,,,,,,,,,,,,,,,,,,,,,
  ,,,,,,,,,,,,,,,,,,,,,,,,,,,,,,,,,,,,,,,,,,,,,,,,,,,,,,,,,,,,,,,,,,,,,,,,,,,,,,,,,,,,,,,, 
  [ 4376877121 ],,,,,,,,,,,,,,,,,,,,,,,,,,,,,,,,,,,,,,,,,,,,,,,,,,,,,,,,,,,,,,,,,,,,,,,, 
  [ 4743776269 ],,,,,,,,,,,, [ 13729274161 ],,,,,,,,,,,,,,,,,,,,,,,,,,,,,,,,,,,,,,,,,,,,,,,,,
  ,,,,,,,,,,,,,,,,, [ 3456864661, 6654367503481 ],,,,,,,,,,,,,,,,,,,,,,,,,,,,,,,,,,,,,,,,,,,,
  ,,,,,,,,,,,,,,,,,,,,,,,,,,,,,,,,,,,,,,,,,,,,,,,,,,,,,,,,,, [ 2093693491 ],,,,,,,,,,,,,,,,,,
  ,,,,,,,,,,,,,,,,,,,,,,,,,,,,,,,,,,,,,,,,,,,,,,,,,,,,,,,,,,,,,,,,,,,,,,,,,,,,,,,,,,,,,,,,,,,
  ,,,,,,,,,,,,,,,,,,,,,,,,,,,,,,,,,,,,,,,,,,,,,,,,,,,,,,,,,,,,,,,,,,,,,,,,,,,,,,,,,,,,,,,,,,,
  ,,,,,,,,,,,,,,,,,,,,,,,,,,,,,,,,,,,,,,,,,,,,,,,,,,,,,,,,,,,,,,,,,,,,,,,,,,,,,,,,,,,,,,,, 
  [ 25527602535661 ],,,,,,,,,,,,,,,,,,,,,,,,,,,,,,,,,,,,,,,,,,,,,,,,,,,,,,,,,,,,,,,,,,,,,,,,,
  ,,,,,,,,,,,,,,,,, [ 15298756201 ],,,,,,,,,,,,,,,,,,,,,,,,,,,,,,,,,,,,,,,,,,,,,,,,,,,,,,,,,,
  ,,,,,,,,,,,,,,,,,,,,,,,,,,,,,,,,,,,,,,,,,,,,,,,,,,,,,,,,,,,,,,,,,,,, [ 2734115203 ],,,,,,,,
  ,,,,,,,,,,,,,,,,,,,,,,,,,,,,,,,,,,,,,,,,,,,,,,,,,,,,,,,,,,,,,,,,,,,,,,,,,,,,,,,,,,,,,,,,,,,
  ,,,,,,,,,,,,,,,,,,,,,,,,,,,,,,,,,,,,,,,,,,,,,,,,,,,,,,,,,,,,,,,,,,,,,,,,,,,,,,,,,,,,,,,,,,,
  ,,,,,,,,,,,,,,,,,,,,,,,,,,,,,,,,,,,,,,,,,,,,,,,,,,,,,,,,,,,,,,,,,,,,,,,,,,,,,,,,,,,,,,,,,,,
  ,,,,,,,,,,,,,,,,,,,,,,,,,,,,,,,,,,,,,,,,,,,,,,,,,,,,,,,,,,,,,,,,,,,,,,,,,,,,,,,,,,,,,,,,,,,
  ,,,,,,,,,,,, [ 22874851291 ],,,,,,,,,,,,,,,,,,,,,,,,,,,,,, [ 961762748761 ],,,,,,,,,,,,,,,,
  ,,,,,,,,,,,,,,,,,,,,,,,,,,,,,,,,,,,,,,,,,,,,,,,,,,,,,,,,,,,,,,,,,,,,,,,,,, [ 5279939281 ],,
  ,,,,,,,,,,,,,,,,,,,,,,,,,,,,,,,,,,,,,,,,,,,,,,,,,,,,,,,,,,,,,,,,,,,,,,,,,,,,,,,,,,,,,,,,,,,
  ,,,,,,,,,,,,,,,,,,,,,,,,,,,,,,,,,,,,,,,,,,,,,,,,,,,,,,,,,,,,,,,,,,,,,,,,,,,,,,,,,,,,,,,,,,,
  ,,,,,,,,,,,,,,,,,,,,,,,,,,,,,,,,,,,,,,,,,,,,,,,,,,,,,,,,,,,,,,,,,,,,,,,,,,,,,,,,,,,,,,,,,,,
  ,,,,,,,,,,,,,,,,,,,,,,,,,,,,,,,,,,,,,,,,,,,,,,,,,,,,,,,,,,,,,,,,,,,,,,,,,,,,,,,,,,,,,,,,,,,
  ,,,,,,,,,,,,,,,,,,,,,,,,,,,,,,,,,,,,,,,,,,,,,,,,,,,,,, [ 21273751733851 ],,,,,,,,,,,,,,,,,,
  ,,,,,,,,,,,,,,,,,,,,,,,,,,,,,,,,,,,,,,,,,,,,,,,,,,,,,,,,,,,,,,,,,,,,,,,,,,,,,,,,,,,,,,,,,,,
  ,,,,,,,,,,,,,,,,,,,,,,,,,,,,,,,,,,,,,,,,,,,,,,,,,,,,,,,,,,,,,,,,,,,,,,,,,,,,,,,,,,,,,,,,,,,
  ,,,,,,,,,,,,,,,,,,,,,,,,,,,,,,,,,,,,,,,,,,,,,,,,,,,,,,,,,,,,,,,,,,,,,,,,,,,,,,,,,,,,,,,,,,,
  ,,,,,,,,,,,,,,,,,,,,,,,,,,,,,,,,,,,,,,,,,,,,,,,,,,,,,,,,,,,,,,,,,,,,,,,,,,,,,,,,,,,,,,,,,,,
  ,,,,,,,,,,,,,,,,,,,,,,,,,,,,,,,,,,,,,, [ 2200495081 ],,,,,,,,,,,,,,,,,,,,,,,,,,,,,,,,,,,,,,
  ,,,,,,,,,,,,,,,,,,,,,,,,,,,,,,,,,,,,,,,,,,,,,,,,,,,,,,,,,,,,,,,,,,,,,,,,,,,,,,,,,,,,,,,,,,,
  ,,,,,,,,,,,,,,,,,,,,,,,,,,,,,,,,,,,,,,,,,,,,,,,,,,,,,,,,,,,,,,,,,,,,,,,,,,,,,,,,, 
  [ 1980636001 ] ]);
