BRENTFACTORS[5130]:=MakeImmutable([ ,,,,,, [ 2774899877 ],,,,,,, [ 25920397357 ],, 
  [ 1716045521 ], [ 46557937251909116061001 ],, [ 82923255593406953 ],, [ 1789970808877231 ],
  [ 69768630493 ], [ 18523925267761 ], [ 24495549833257 ], 
  [ 5883871051, 927196248301, 2452617589541734030951 ],, [ 58440191743 ], [ 1964433773 ], 
  [ 2394254990838786213443565026719 ],, [ 139322036617550049881831 ],, 
  [ 3227802518623, 533443291914787 ], [ 971978195729 ], [ 338249731471 ], [ 1031353925617 ], 
  [ 194703817507 ], [ 161276491482049 ], [ 12522130843, 9337759967153187202532544763 ], 
  [ 946049244841, 1292108874281, 3986936023801 ], 
  [ 60888745459016532002681916324247196695533301555205015139883 ],,, [ 79995473713 ],, 
  [ 119289836062649014327, 13781435556119590890451 ], 
  [ 20083027997, 5110702090451, 599040743581661, 3417204678045953 ], [ 9248146129 ], 
  [ 262449303581021040818720317, 1260872297803872408121236393870583, 
      16135380920438540438298552083212999 ], 
  [ 34671934001, 654874315301, 868914514034770620701 ], 
  [ 9524866605293471287, 1162808759913621739552868739853 ], [ 10900551298729 ], 
  [ 327960748323261463285172767 ], [ 316622124825571 ], 
  [ 147416536424316391, 12102247094898457621359401, 1412731079075727895899992563213882381 ], 
  [ 61545619928521, 4550162548083357255737 ], 
  [ 1474613257483, 546561255825930511, 28440189715100784455037313466557 ], 
  [ 3087746140470653486022122945103203 ], [ 3150576123748734323 ], [ 3651818895395472371281 ]
   ,, [ 43045294615097721893, 21225109541286150166971662480013563141 ], 
  [ 150100490148739167225040191991, 265886513108205860328741886807 ], 
  [ 3080787066139270665105295495976815575674431676985281 ],,, 
  [ 4236631715999, 28965835019137, 459361235615756297 ], 
  [ 30218922901, 133762548738038444053, 3045240947859007621983269179021 ], 
  [ 13169234764197377540970742001394571 ], 
  [ 14710472561, 1466728292566876571, 1151056482811570052646601 ], [ 523749366194272961801 ],
  [ 10041936841, 2263136462929, 223226736646868242541137 ],, 
  [ 38047321527743323, 1677204626160198266402474471 ], 
  [ 7014290689450577101, 864716643305558557977305798701 ], [ 51296315134073 ],,,, 
  [ 11273333561169041, 89255734442312842696201167793121 ], [ 431683009626007 ], 
  [ 72459567837621403731964929527, 5770583056584906814891946408274687712262541254331895967 ],
  [ 3778838443 ], [ 37509712819110960121 ], [ 19475877451, 639412213879291 ], 
  [ 1608568837919, 657907439425295710610540938639, 689443512076740583050508707379, 
      1202000977902754465018095689672893 ],, [ 2887791900961979881, 36429437495468642153 ],, 
  [ 4064051485531 ],, [ 1146481187075101 ], [ 27994925830217579841913 ],, [ 2786332698221 ], 
  [ 500542583554286280644383297 ],,, 
  [ 1450343636411735962703806957, 921189935868440759945803911907, 
      17735691532489018584802407167167729 ],,,, [ 16967467277, 809742736901558533 ],, 
  [ 1116663746941, 56624925540287791, 58587046053820791571, 406337670141304661341 ], 
  [ 1061049746833 ],, 
  [ 22947209281, 5667493981450969, 144534030560723712477323126972578359878734338998749 ],, 
  [ 2577920769962908171561 ], [ 1631264188693 ], [ 3309151619201, 7985245164762073601 ], 
  [ 62383012103 ], [ 485105964293983, 7677278961279616447125515796352647332023 ],, 
  [ 13734015706137733 ],,, [ 738985659289792478276640131 ], 
  [ 1891168779137586946283761, 495568842409682450735839921 ], [ 1302996613553982237419 ],,,, 
  [ 565575972848043224153345129501 ], 
  [ 397930451437, 12212937743203, 11753372810174629087250997747820824953053 ],, 
  [ 243372707615917400321, 1287435328677329127553 ], 
  [ 6455786038291, 605275158615577, 2312585617555513 ], 
  [ 83746454402521, 193556777149516253981 ],,, [ 214529339683 ],,, [ 2774477929 ], 
  [ 67727577931271, 1817966380686680729 ], [ 4865959653156267349 ], [ 85488208773301 ], 
  [ 31232755166390402383081 ], [ 2331610123, 206833706239 ], 
  [ 278763475561429, 625359574589044403 ], [ 11566232209554023, 12419371315060349641 ], 
  [ 363388738033 ], [ 463650424094761 ], [ 845909462203629864119173 ],, [ 5162950993 ],, 
  [ 8335257001, 117275816101 ],,,,, [ 115457751063733508831 ], 
  [ 1299911653, 119365326294175754321257 ], [ 31696917988033 ], [ 258377607980910409 ], 
  [ 74796554183431, 65032246943496750751 ], [ 1506392867392796102081 ], 
  [ 93674168329834163 ], [ 2667229355530885917601 ],, [ 2278207313, 6765082001 ], 
  [ 14790734311, 4056042316031485079851 ], [ 441458447011 ],, [ 58727735641, 14831554789969 ]
   ,,,, [ 7963166389, 1314671384849 ],, [ 285204193350913 ], [ 1738621636881851 ],, 
  [ 11731626199 ], [ 3612030957679 ], [ 5249698397 ], [ 3734657901361 ], [ 4109975327 ], 
  [ 1675041252916423757 ],, [ 1504205753610141068681 ],,,, [ 121689620712448289 ], 
  [ 41164889592245203, 12627749201796799813 ], [ 395935014734761 ], [ 76682691202100341 ], 
  [ 372304419521886337 ], [ 9648359619458123 ], [ 51818183218159, 501424298466939993601 ], 
  [ 109918462882192349971 ],,, [ 48491326423, 398690808447097 ], 
  [ 4299345962959291, 712453245976788409, 44279133624123168319 ], 
  [ 13549418401, 841701520033621001, 36597501316612969001 ], [ 133021469389536223 ],,, 
  [ 1730636653, 17444322606149865997, 6224427849178066536907957, 
      1483588793071959489740743111248719317 ], [ 4424537141, 337451695561 ],, 
  [ 13043934228239129791, 193724248951136290790341 ],,, [ 904102112341, 47626332640741 ],, 
  [ 2379376277, 783541463813 ], [ 557606010283867, 3864619888958065333 ], [ 24541771237 ], 
  [ 67101878401, 6139438704932251 ],, 
  [ 19381573303, 23448511221367, 155814604363349, 550326833534478883 ],, [ 26616161386501 ],
  , [ 265123425602153, 187973612353186271 ],, [ 127931206421 ], 
  [ 12144793467627810533433793 ],,,,, [ 19405751747 ], [ 11455822981, 10432944491744711 ],, 
  [ 276149978393, 32825191687793 ], [ 5250933203 ], [ 102731255841478091271211 ],, 
  [ 214253187703721 ],, [ 524073364141589726647 ], [ 75200482909 ], 
  [ 236509596263041, 516302523145681, 7344133690082401, 531816553230014340705601 ], 
  [ 556155657709014413 ], [ 6960474651659, 181431624603769705771 ], 
  [ 8938753543, 619522425153248196403 ], [ 78608088265272548301087973 ],, 
  [ 109437574719183753799 ],, [ 48878658479205598609 ],,, [ 45755112989813 ],,, 
  [ 1116155503 ], [ 1815890701 ], 
  [ 276432182542849, 25536277520295169, 1082148593917118224561153 ],, 
  [ 308844218671, 32518404706303, 31100914202336317489, 95617627722496122334939 ],, 
  [ 14961913201, 7668418010269846961 ],, 
  [ 8512159933363, 188676381732127, 17337915148835412253 ], [ 234974430963527 ], 
  [ 152618249541913 ], [ 41922524375340991 ], [ 96284954039503356113407 ],,,, 
  [ 14636620351, 413774443515137851, 739786663237753441 ], [ 12611336572343863 ], 
  [ 38018424641, 92889781601 ], [ 16174632254667979 ],, [ 9417504251 ],,, [ 810536396623 ], 
  [ 7178842599988051 ],,, [ 16827509958491929, 259114908739838929 ],, [ 118917626689718537 ],
  [ 80424134041, 884654306595193029241 ], 
  [ 2953087526533, 3973083940411118677, 12054184837231378843, 99231091524327144591353, 
      1367994131268863240215217 ], [ 1716219247 ],,,,, [ 570682652105777297422330681 ], 
  [ 63759187951 ], [ 19525221917689363, 4967846173191276691, 16020777704228387154149856961 ],
  , [ 289730731249, 4597854088049 ], [ 935231254674397941349 ],, [ 1599190789223 ], 
  [ 66222039388292838210001 ], [ 18545991095759 ],, [ 2063154271, 646163134496729090734243 ],
  ,, [ 8226710928217 ], [ 5961256619, 93589860151849 ], [ 47776485373, 216319145393879837 ],
  , [ 4012571625163851751 ], [ 3637912182887 ], [ 18185025364870706158129 ],, 
  [ 25881701459993 ],,,,,,, [ 90300117097 ], [ 2489013978118123 ],,,, 
  [ 760140698159, 11363055750462323, 109789709871800393, 1278363193454958967 ], 
  [ 8337650378791 ],, [ 942286631541053 ], [ 20331221429664091, 1721041132857345446731 ], 
  [ 3539029493 ],,,, [ 1483817030951 ], [ 29222367227089 ], [ 5142580404523 ], 
  [ 2376978917 ], [ 489095619552877 ], [ 5193717346526602721 ], 
  [ 9067285481, 13000121323223 ], 
  [ 794739955256578342477, 39486950170283407858543, 3971049217295647686267583 ], 
  [ 3396440881 ], [ 1044746233, 3738186769, 35540959249 ], 
  [ 2868710570881, 1303632597898442041 ], [ 294423695803 ], [ 7698195650977553 ], 
  [ 33132035653 ],, [ 7306100551 ],,,, [ 15521944011716251, 108112295293414969 ], 
  [ 22763488254476531 ],, [ 1183317913, 4893576073 ], [ 297217430704313912213 ],, 
  [ 17704754578216631881 ],, [ 957566194847, 210565426056541 ], [ 11554229017 ], 
  [ 21914418489437657 ],,, [ 1166837599, 10369648859 ], [ 3599960369, 10413115477601 ],,,, 
  [ 30501292542709 ],, [ 2879358603188629 ], [ 213651630361860751 ], 
  [ 334056161113, 18063001490081 ], [ 7395757056927643 ], 
  [ 141765197113513, 43984790331906830869, 78009559030253603089 ], [ 16194952331589929 ], 
  [ 325786713492821281 ], [ 3232320697399 ],,,, [ 1650196241 ],, 
  [ 4371280327, 20036926265491 ], [ 393540289249 ],,,,, [ 97938295298539 ],, 
  [ 40249719129241 ],,, [ 1009464080579, 8307353019839 ], [ 13742992347757, 36726741077083 ],
  ,, [ 4365382321 ], [ 1436258149, 43100322819581 ], [ 23870623078995533 ], 
  [ 124189084171, 24523860714931 ],,,,,,, [ 120163532394109 ],,,, 
  [ 14903230369, 1052024541569, 3967281143632769, 80840173934392914497 ], [ 62734149559387 ],
  ,, [ 1947458288654761 ], [ 31920277728368737 ], [ 237294480161129641 ],,, 
  [ 281315808591901 ], [ 59091208909, 1988690771497, 25950376401946993 ], [ 1299240587 ], 
  [ 93804689263157 ],,, [ 2066984629, 3846238829 ],,,, [ 41546571601 ], 
  [ 193553318681, 22147894170036241 ],, [ 27277107001 ],, [ 110243367101116221281 ],,,, 
  [ 120283435672251349 ], [ 11998883881 ],,, 
  [ 194508182737793, 34409463071222401, 12254839144594244353 ],, [ 7992817810651 ],,, 
  [ 72794222042424811, 2781682413767318869 ],,,, [ 36895380419 ],,,,, 
  [ 25647286251040144169952859 ], [ 5623647079 ],,, [ 48081104111, 154615010023 ], 
  [ 61105613447 ], [ 7212219824870347249, 11137646381009019769, 141529527479263344877 ],, 
  [ 2151019861, 58705813891, 55736925523147836661 ], [ 117116123491 ], 
  [ 6990533248580119764881 ], [ 3673450441 ],,,,, [ 20821718735932649 ],, 
  [ 10604891621428801, 30257238440341903681 ],, 
  [ 6725622187, 49191040326767, 197755956740940514879 ],, [ 171951335821 ],, 
  [ 174572096285089 ],, [ 214549426921 ], [ 1432172403859 ], 
  [ 317673176941, 803208722689518811 ],, [ 895166118853 ], [ 13315780603253 ],, 
  [ 27729878221 ],, [ 6684495716291 ],, [ 1098673334831 ],, [ 33098951773 ],,, 
  [ 1509009769, 904908715201, 34896280146901959241 ],, [ 785355275651 ], 
  [ 14956259683, 272794862497 ], [ 1818165121093, 22673835795702281 ],, [ 1178040592836661 ],
  [ 862679116951 ],, [ 51144165483157 ],,,,, [ 150467000531, 48010939562699 ], 
  [ 725749498093 ], [ 1862983656041, 457253570658210041 ],,,, [ 3760102433 ], 
  [ 155512807948051 ], [ 10780473711947, 1551615792007999601417 ], [ 5890199951 ],, 
  [ 6362390917 ], [ 22507779243181 ],, [ 17550165557 ],, [ 10429582837, 2628228348223 ],,,,,,
  ,, [ 2316923173, 1743756131371, 7053836080707517758781 ],, [ 25240185713153 ],, 
  [ 92611742497, 570135588830263 ], [ 3820545569 ],, [ 3095565049 ], [ 216501149701 ],, 
  [ 1672911149905969, 2795240636495113, 105568481854280183953 ],, [ 19094473687 ], 
  [ 36340631881 ], [ 235786256603428469 ],,,,,,,,, [ 71443002481 ],, [ 106709908033 ], 
  [ 462530175889897, 1566053451486001 ],, [ 13230111750800251 ],,,,,, [ 49619771137 ],,,,, 
  [ 5933622857 ],,,,, [ 205488390253 ],,,, [ 109396799109251 ],, [ 25265829473 ],, 
  [ 35049440449, 10906349414096467, 253657974931760719 ],,,,, [ 16374943267 ],,,, 
  [ 1578207781 ],, [ 14803819172125171 ],, [ 1097278757 ], [ 36125271521 ],, 
  [ 706414686431 ], [ 4008224136671 ], [ 1076647344962259349, 48582301113495320401 ],, 
  [ 7454306911 ],,,,,, [ 527029971421 ],, [ 9077379677 ],,,,,,,,, [ 7252466514229 ], 
  [ 3918020801 ],,,, [ 308285763349 ],, [ 8235913291 ],, [ 10024508801, 218788286033921 ],,,
  , [ 16456027391074321 ], [ 18612808804531 ],,, [ 28326256545817 ],, [ 6500582401 ],,,, 
  [ 29262487057 ],,, [ 15855930253, 429396913063 ], [ 2327490924147971 ],, 
  [ 2779365759442801 ],,, [ 5354922379, 514258609957 ],,,, [ 2732432201 ], [ 1847947853 ],, 
  [ 54613249711 ], [ 34663680173 ],,,,, [ 49280943413417 ],,,, 
  [ 2392413164041, 20463304472161 ],, [ 32812298069, 111280514445409 ],, [ 269042215249 ],, 
  [ 6644526029 ],,, [ 48240183421 ],,, [ 2741885699951329 ], [ 2281085731 ], [ 196897230767 ]
   ,, [ 4397439444217 ],, [ 6077926596122827, 10853949490595537 ],,,,,,,, [ 317811676493 ],,,
  ,,, [ 1530896833, 353503967233 ],, [ 70156263409 ],,,, [ 5645134273, 40973035463 ],, 
  [ 439389077037121 ],, [ 1301039669 ],, [ 166879740397 ],,,,,,,,,,,, 
  [ 136265960449, 158885395457 ],,,,,,,,, [ 2783075641 ],, [ 18431448121 ],,, 
  [ 21018330107847876751 ],, [ 105779275361 ], [ 2784566893, 43677474343 ], [ 11649841373 ],
  , [ 1677718231561 ], [ 2283890197 ], [ 2657892658043799199 ], [ 1898766013 ],,, 
  [ 44877440865907009 ], [ 20572221167 ], [ 1139595389 ], [ 2387139661 ], 
  [ 29466803275643, 1961015751709061 ],, [ 4974840417793 ],, [ 1709402311 ],,,,,,,,, 
  [ 1191743803 ], [ 1208478961 ],,,,,, [ 1536471729469 ],, [ 23491672397 ],, [ 2048379941 ],,
  ,,,,,,,,,, [ 5295108761 ],, [ 30043123477 ],,,, [ 4980145169, 202898251857953 ],,,, 
  [ 265832489357, 83356061908673 ],,,,,, [ 3061517149 ],, [ 3499127139581, 15355133262221 ],
  , [ 53077065259, 65052055024906987 ],, [ 792602442433 ],,,,,,,, 
  [ 12572322881, 207794510742209 ],, [ 856008540904641067 ], [ 3652378511 ], 
  [ 3994170744170597 ],, [ 2990666533403, 20215593099101 ],, [ 10307579521 ],,,,,,,,,, 
  [ 2862589157501 ],,,,,,, [ 30019448497 ], [ 319626281833 ],,,,,,,, [ 64229521792187 ],,,, 
  [ 4774780639805641 ],, [ 266368393071217 ],, [ 494532126769, 8224773365909 ],, 
  [ 458316783654781 ],, [ 10330474087327 ],, [ 616128319841 ], [ 883525515127 ],,,,,,,,,,, 
  [ 5673930239281, 36144340334648437 ],,,,,, [ 2274926749, 374391400447 ],,, [ 10829931703 ],
  ,,,, [ 612491439097, 617171442359497 ],, [ 3503499841, 26681056993 ],,,, 
  [ 3801218737, 59220549457 ],, [ 1104070871, 480177734809, 6114318368737 ], [ 1017906391 ], 
  [ 103134814273, 9612225451729 ],,,,,, [ 1079623277 ],,,,,,,,,,,, [ 2051206903 ],,,, 
  [ 4338693441377 ],,,, [ 125853587029, 3622022235241, 5971928633059 ],, 
  [ 5896974481, 317818733329, 933363777996257 ],,,,,,,, [ 1773228476209 ],, 
  [ 111898906053661, 920419985428201 ],,,, [ 20707852097 ],,,,,, [ 19358392481 ],, 
  [ 7232303443723 ],,,,,,, [ 15682775081 ], [ 563528372177 ],,,,,,,, [ 1702537238392937 ],,,,
  , [ 2017684621 ],,,, [ 2841474481 ], [ 61689137953, 483443569537 ],,,, [ 57207777889 ], 
  [ 1408049143 ],,,,,,, [ 68580092461 ],,,,,, [ 1921368451, 10586068561 ],,,,,,,,,,,,,,, 
  [ 6776650151 ],,,,,,,,,,,,,,,,, [ 3407525477 ],, [ 47376270037, 1415525325481 ],,,, 
  [ 1381755878801 ],,,,,,,,,,,,,, [ 1555349977 ],,,,,, [ 61422464629 ],,,,,,,,,,, 
  [ 19849907663 ],,, [ 5171428739 ],,,,,,,,,,,,,,,, [ 1327901437 ],,, [ 38367529093 ],,, 
  [ 27347298687937, 139830971074369 ],,,,, [ 5170725809 ],,, [ 3272211233 ],,, 
  [ 141288538471 ],, [ 1156972963 ], [ 1623262213 ], [ 1190322823 ],, [ 1051885867 ],, 
  [ 7135937297, 34462495979 ], [ 7639775173 ],, [ 1594528601 ],,,, [ 231940595321 ],,,,,,,,, 
  [ 20309540893 ], [ 68205701821, 213713595241, 2053548757709569261, 11891522425893488041 ],,
  ,,,,,,,,,,,,,,,,, [ 4152421159 ],,,,,,, [ 4332776713 ],, [ 4761622645457 ],,,,,, 
  [ 118351711319 ],, [ 188723174641, 2727442856881, 796255260568657 ],,,, [ 97726512041 ],,,,
  ,,,,,,,,,,,,,,,,, [ 17127991843 ],, [ 1937335261 ],,, [ 48976923889 ],, [ 359247608033 ],,,
  , [ 2487308821 ],,,,,,,, [ 1562461321, 98558851681 ],,,, [ 4264862761 ],,, 
  [ 4138840961587 ],,,,, [ 7606189361 ], [ 83982764287 ],,, [ 1000779313 ],,,,,,,,,,,,,, 
  [ 1478162501 ],, [ 437275211453 ],,, [ 177160440991 ],,,, [ 2072734507 ],,,,,,,,,,,,, 
  [ 5065368577, 2638108961977 ], [ 84850669301 ],,,,,,,,,, [ 1726794833 ],,,,,,,,, 
  [ 9843133009 ],,,,, [ 60484121609 ],,,, [ 10373317943 ],,,,,,, [ 6784726801 ],,,,,, 
  [ 2619712603 ],,,,,,,,,,,, [ 5202704209 ],, [ 785873615729 ],,,,,,,,,,,,,,,,,,,,,,,,, 
  [ 256582749523 ],,, [ 18543803077 ],,,,,,,,, [ 38604943651, 111515258401 ],,,,, 
  [ 1000201381 ],,, [ 2741318071 ], [ 1312518997 ],,,,,, [ 10712259661, 18136560301 ],,,,,,,,
  ,,, [ 10418022473 ],,,, [ 6742966861 ],,,,,,,,,,,,, [ 211496800769 ], [ 10629377303023 ],, 
  [ 2597690509 ],, [ 3558606589 ],,,,,,,,, [ 1163898469, 7222726207 ],,,,,,,, 
  [ 39478708662251 ],,,,,,,,,,,,,,, [ 4058574391 ],,,,,,,, [ 21018807401, 40309753697 ],,,,,,
  ,,,,,,,,,,, [ 258917540071 ],,,,,,,,,,,,,, [ 2861238073 ],,,,,,,,,,,,,,,, [ 114548413501 ],
  ,,,,, [ 25986697159 ],,,,,,,,, [ 14787548371 ], [ 3504385601 ],,, [ 1294570789 ],,,,,,, 
  [ 1204654921 ],,,,, [ 20369924381 ],,,,,,,,,, [ 3296023327 ],,, [ 57699970169 ],,,,, 
  [ 4266708109 ],,,,,,,,,,,,, [ 362490145711 ], [ 6476775031 ],,,,, [ 238983656129 ],,,,, 
  [ 1507003213 ],, [ 375274749151 ],,,,, [ 1126963441, 9005960501 ],,,,,,,,,,,, 
  [ 30866404441 ],,,,,,,,, [ 132381515569 ], [ 42087953863 ],,,,,,,,,,,,,,,,,, 
  [ 1821493981 ], [ 15020432393 ],, [ 1015192993, 26694263287 ],,,,,,, [ 2503156771 ],, 
  [ 2818072321 ],, [ 2293454623 ],,,,,, [ 39488267681 ],,,,,,,, 
  [ 14702763841, 19415055041, 28044142897 ],, [ 2910263475901 ],,, [ 116883223363 ], 
  [ 3542600053, 139460339503 ],,,,,,,,,,,,,,,,,, [ 1496172481 ], [ 2495098817 ],,,,,,, 
  [ 2766378721 ],,,,,, [ 84950826349 ],,,,,,,,,,,,,,, [ 14796723439 ],,,,, [ 70618634857 ],,
  , [ 5508223213 ],,,,, [ 2552555647 ],,,,,,,,,,,, [ 1941252913 ], [ 1388905211 ],,,,,,,,, 
  [ 22920220513 ],,,,,,,,,,, [ 3456219379, 42163288730743 ],, [ 5680636567 ],,,,,,,, 
  [ 60985146713 ],,,,, [ 126149022689 ],,,,,,,, [ 2863822831 ],,,,,,,,,,, [ 1400713757 ],,, 
  [ 1397710481 ],,, [ 2236945157, 17144385077 ],,,,,,,,,, [ 43892497711 ],,,,,,, 
  [ 244366397969 ],,,,,, [ 19385867441, 296328175441 ],,,,,,,,, [ 76206302867 ],,, 
  [ 4919700631, 1171788553751 ],,,,,,, [ 11475054551 ],,,,, [ 146910442561 ], [ 4078283831 ],
  ,,,,,,,,, [ 4240005571 ],, [ 9552495607 ],,,,,,,,,,, [ 19098948691 ],,,,,,,, 
  [ 1599996103 ],,,,,,,,,,,,,,, [ 54627866569 ],,,, [ 2784001741 ],,,,,,,,,,,,,, 
  [ 4469904181 ], [ 61814721601 ],,,,,,,,, [ 5189326333 ],,, [ 71244500417 ],, 
  [ 1243104721 ], [ 1307906701 ],,,,,,,,, [ 36826412429 ],,,,,, [ 1801884671 ],,,,,,,,,,,,,,,
  ,,,,,,,,, [ 17530592377, 112694267159 ],,,,,,,,, [ 628137329831233 ],,,,, [ 56450359969 ],,
  ,,,,,, [ 26106253993 ],,,,, [ 3414610081 ],,,,,,,,,,,,,,,,,,, [ 104583936001 ],,,,,,,,,,,,
  , [ 38157868387 ],, [ 27710425081 ],,,,,,,, [ 4873257299 ],,, [ 20109245341 ],,,,,,,, 
  [ 1988239069, 2427904441 ],,,,,,,,,,,,,,,,,,,,,, [ 6941944193 ], 
  [ 2374921693, 66281517941, 79115420693 ],,,, [ 237546577243 ],,,,, [ 329867146241 ],,,,,,,,
  ,,,, [ 725280454141 ],, [ 6694854401 ],,,,,,,,,,, [ 1124739339949 ], [ 1936572769 ],, 
  [ 2474211769 ],,,,,,,,,, [ 116338755934081 ], [ 33356503601 ],,,,,,,,,,,,,,,,,,,,,,,,,,,, 
  [ 4257096859 ],,,,,, [ 80906199091 ],,,,,,,,,, [ 3012420923 ],, [ 46968805801 ],,,,,, 
  [ 2213996569 ],,,,,, [ 1008156997 ],,, [ 86371552459 ],,,,,,,,,,,,,,,,,, [ 41037152521 ],,,
  ,,,,,,,, [ 2123122531 ],,,, [ 6297518191 ],,, [ 14426680453 ],,,,,,,,,,,,,,,,,,,, 
  [ 13473903587 ],,, [ 2495092751, 319510796551 ],,,,,,,,,,,,,,,,,,,,,, [ 26862138997 ],,,,, 
  [ 973517451581 ],,,,,,, [ 232890936337 ],,,,, [ 147930892001 ],,,,,,,,,,, [ 34210244251 ],,
  ,,,,,,, [ 399526397729 ],,,,, [ 6967061347 ],,,,,, [ 1716774751 ],,,,,,,,,,,,,,,,,,,, 
  [ 1255392091 ],,,,,,,,, [ 941036238997 ],,,,,,,,,,,, [ 5702554433 ],,,,,,, [ 12500125243 ],
  , [ 15868891711 ], [ 1481102527 ],,,,,,,,,,,,,,,, [ 8261935873 ],,,,,,,, [ 110077700191 ],,
  , [ 4118042503, 9883293463 ],,, [ 2905574761 ],,,, [ 215047934501 ],,,,,,,,,, 
  [ 109159132031 ],,,, [ 8646977179 ],,,,,, [ 3740956801 ],,,,,,,,, [ 2638890871 ],,,,,,,,,,,
  ,,,,,,,,,,,,,,,,,, [ 31600239397 ],,,,,,,,,, [ 4895351281 ],,,, [ 27269148073 ],,,,,,,,,,,,
  , [ 341575153531 ],,,, [ 3080887333, 6068994583 ],,,,,,,,,,, [ 37367236321 ],,,,,, 
  [ 830024312701 ],,,,,,,,,,,,,, [ 30620245001 ],,,,, [ 1086253171 ],,, [ 6261638329 ],,, 
  [ 1947797767 ],,,,,,, [ 49339759279 ],,,, [ 5892322619 ],,,, [ 99504641629 ],,,,,,,,,,,,,,,
  ,,,,,,,,,,,, [ 115072492321 ],,,,,,,,, [ 2414334007 ],,,,,, [ 3025114273 ],,,,,,,,,,,,,,,,
  , [ 5727579331, 48295322351 ],,,,,,, [ 18381139489 ],,,,,,,,,,,, [ 3887157138313 ],,,,,,,, 
  [ 1381839421 ],,,,,,,, [ 9216465701 ],,,,,,,,,,,,,,,,,,,,,,,,,,,,,,,, [ 11685443953 ],,,,,
  , [ 25676006227 ],,,,,,,, [ 3407395939 ], [ 97243604599 ],,,,,,,,,,,,, [ 382047726961 ],, 
  [ 46179890947 ],,,,,,,,,,,,,,, [ 193932542509 ],,,,,,,,,,,, [ 39598758739 ], 
  [ 357134268731 ],, [ 83216580961 ],,,,,,,,, [ 32321126401 ], [ 225981074227 ],,,,,,,, 
  [ 30108168091 ],,,, [ 3211730959 ],,,,,,,,,,,,,,,,,, [ 3577613761 ],,,,,,,,,,,,,, 
  [ 80142834269203 ],,,,,,,,,,,,,,,,,,,,,,,,,,,, [ 1307965711471 ],,,,, [ 155715322717 ],,,,,
  ,,,, [ 2298915217 ],, [ 1622030351 ],,,,,,,,,,,,,,,,,,,,,,,,,,,,,,,,,,,,,,,,,,,,,,,,,,,, 
  [ 4254108283 ],, [ 2418215537 ],, [ 9638037899327 ],, [ 79286551189 ],, [ 1951634441 ],,,,,
  ,,,,,,,,,,,,,,,,, [ 16057326793 ],,,,,,,,,,,,,,,, [ 604583741501 ],, [ 2439068881 ],,,, 
  [ 5430734381 ],,,,,,,,,,,,,,,,,,,, [ 4956928453 ],,,,,,,,,,,,,,,,,,,,, [ 7930256671 ],,, 
  [ 43904369389 ],,,, [ 1155695389, 77250479507 ],,,,,,,,,, [ 417155147749 ],,,,,,,,,,,,,, 
  [ 2269243547 ],, [ 1141894081 ],,,,,,,,,,,,,,,,,,,, [ 14901824513 ],,,,,,,,,,,,,,,,,,,,,,,,
  ,,,,,, [ 5138843837 ],,,,,,,,,,,,,, [ 16552641029, 2853375391357 ],,,,,,,,,,,,,, 
  [ 16060385587 ],,,,,, [ 18240688129 ],,,,,,,,,, [ 17711585207 ],,,,,,,,,,,,,,,,,,,,,,,,,,,,
  ,,,,,,,,,,,,,,,,,,, [ 1817204299 ], [ 2049840131 ],, [ 1320828827466853 ],,,,,,,,,,,,,,,, 
  [ 14939199169 ],,,, [ 5743457777 ],,,,,, [ 1744864477 ],,,,,,,,,,,,,, [ 22457230277 ],,,,,,
  ,, [ 2987304721 ],,,, [ 9677153489 ],,,,,,,,,,,,,,,,,,,,,,,,,, [ 8186048911 ],,, 
  [ 4037159207971 ],,,,, [ 18623464262867 ],,,,,, [ 2835420953 ],,,,,, [ 685856084351 ],,,,,,
  ,, [ 11887964059 ],,,,,,,,,,,,,,,,,,,,,, [ 83740888141 ],,,, [ 4132625473 ],, 
  [ 2557557338520703 ],,,,,,,,,, [ 1771644421 ],,,,,,,,,, [ 1719432361 ],, [ 66364446193 ],,,
  , [ 30430013501 ],,,,,,,,,, [ 2467465729 ],,,, [ 2103634249 ],,,, [ 3622176031 ],,,,,,,,,,,
  ,,,,,,,,, [ 76743682831 ],,,,,,,,,,,,,,,,,,,,,,,,,,,,,,,,,,,,,,,,,,,,,,,,,, 
  [ 96834840181 ],,,,,,,,,,,, [ 9653930497 ],, [ 7947723013 ],,,,,, [ 7043559001 ],,,,,,,,,,,
  ,,,,,,,,,,,,,,,,,,,,,,,,,,,,,,,,, [ 1550657557 ],,,, [ 1570745275153 ],,,,,,,,,,,,,,,,,,,,,
  ,,,,,,,,,,,,,,,,,,,,,,,,,,,,,,,,,,, [ 11638805809 ],,,,,,,,,,,,,,,,,,,,,,,,,,,,,,,,,,,,,,,,
  ,,,,,, [ 3856247851 ],,,,,,,,,,,,,,,,,,,,,,,,,,,,,,,,,,,,,, [ 1369870822633 ],,,,,,,,,,,,,
  , [ 102965813869 ],, [ 18186090341, 43527976741 ],,,,,,,,,,,,,,,,,,,,,,,,,,,,,, 
  [ 14931052141 ],,,,,,,,,,,,,,,,,,,,,,,,,, [ 6025344541 ],,,,,,,,,,,, [ 26700489001 ],,,,,,,
  , [ 35084921281 ],,,,,,,,,,,,,,,, [ 34977151441 ],,,, [ 1589508901 ],,,,,,,,,,,, 
  [ 207447347201 ],,,,,,,,,,,,,,,,,,,,,,,,,,,,,,,, [ 5791780801, 526672688257 ],,,,,,,,,,,,,,
  ,,,,,,,,,,,,,,,,,,,,,,,,,, [ 3403306897 ],,,,,,,,,,, [ 22662722941 ],,,,,,,,, 
  [ 2949172729 ],,,,,,,,,,,,,,,,,,,,,,,,,,,,,, [ 9543765331 ],,,, [ 413370023353249 ],,,, 
  [ 2483941367 ],,,, [ 20353567259359 ],,,,,,,,,,,,,,,,,,,,,,,, [ 11755915304311 ],,,,,,,, 
  [ 1480434257 ],,,,,,,,,,,,,,,,,,,,,,,,,,,,,,,,,,,,,,,, [ 1242339031 ],,,,,,,,,,,, 
  [ 56480553061 ],,,,,,,,,,,,,,,,,,,,,,,,,,,,,,,,,,,,,,,,,,,,,,,, [ 81377265763 ],,,, 
  [ 18176914141 ],, [ 19636259521 ],,,,,,,,,,,, [ 17342440201, 103237806853 ],,,, 
  [ 9260080001 ],,,,,,,, [ 1757712409, 3577435774369 ],,,,,,,,,,,,,,,,,, [ 253550458657 ],,,,
  ,,,,,,,,,,,,,, [ 2593437421 ],, [ 28403454073 ],, [ 1013299409, 3393992977 ],,,,,,,, 
  [ 25407250441 ],,,,,,,,,,,,,,,,,,,,,,,,,,,,,,,,,,,,,,,,,,,,,,,,,,,,,,,,,,,,,,,,,, 
  [ 165700113121 ],,,,,, [ 233667025153 ],,,,,,,,,,,,,,,,,,,,,,,,,,,,,, [ 45351455689 ],,,,,,
  ,,,,,,,,,,,,,,,, [ 1153861165381 ],,,,,,,,,,,,,,,,,,,,,,,,,,,,,,,,,, [ 779119570111 ],,,,,
  , [ 12910017132521 ],,,,,,,,,, [ 166947228901 ],,,,,,,,,,,,,,,,,,,, 
  [ 1978749001, 9769785251 ],,,,,, [ 5601691873 ],,,, [ 12356675281 ],,,,,, [ 2329116553 ],,,
  ,,,,,,,,,,,,,,,,,,,,,,,,,,,,,,,,,,,,,,, [ 7043653237 ],,,,,, [ 2627105209 ],,,,,,,,,,,,,,,,
  ,, [ 17813071369 ],,,,,,,,,,,,,,,,,, [ 47104675351 ],,,,,,,,,,,,,,,,,,,,,,,,,,,,,,,,,,,,,,,
  ,,,,,,,,,,,,,,,,,,,,,,,,,,,,,,,,,,,,,,,,, [ 1181201911 ],,,, [ 3367215073 ],,,,,,,,,,,,,,,
  , [ 567666724201 ],,,,,,,, [ 6760989427 ],,,,,,,,,,,, [ 20819427301 ],,,,,,,,,,,,,,,,,,,,,,
  ,,,,,,,,,,,,,,,,,,,,,,,,,, [ 512334508843 ],,,,,, [ 1161704389 ],,,,,,,,,,,,,,,,,,,,,,,,,,,
  ,,,,,,,,,,,,,,,,,,,,,,,,,,, [ 43009548916657 ],,,,,,,,,,,,,,,,,,,,,, [ 3163268201 ],, 
  [ 251409096199 ],,,,,,,,,,,,,,,,,,,,,,,,,,,,,,,,,,,,,,,,,, [ 7954963021 ],,,,,,,,,,,,,,,,,,
  ,,,,,,,,,,,, [ 1326130651 ],,,,,,,,,,,,,,,,,,,,,,,,,,,,,, [ 13301148001 ],,,,,,,,,,,,,,,,,,
  ,,,,,, [ 512830127353 ],,,,,,,,,,,,,,,,,,,,,,,, [ 1693831393 ],,,,,,,,,,,,,,,,,,,,,,,,,,,,,
  ,,,,,,,,,,,,,,,,,,,,,,,,, [ 1891737721, 14329040941 ],,,,,,,,,,,, 
  [ 1134566731, 4234824463 ],,,,,,,,,,,, [ 2761489917691 ],,,,,,,,,,,,,,,,,,,,,,,,,,,,,,,,,,,
  ,,,,,,,,,,,,,,,,,,,,,,,,,,,,,,,,,,,,,,,,,,,,,,,,,,,,,,, [ 21133018681 ],,,,,, 
  [ 10412490133 ],,,,,, [ 232781611177 ],,,,,,,,,,,,,,,,,,,,,,,,,,,,,,,,,,,,,,,,,,,,,,,,,,,,,
  , [ 24613279309 ],,,,,,,,,,,,,,,,,, [ 2509821253 ],,,,,, [ 3173253841 ],,,,,,,,,,,,,,,,,, 
  [ 339945312433 ],,,,,,,,,,,,,,,,,, [ 16558121011 ],,,,,,,,,,,,,, [ 5308304321 ],,,,,,,,,,,,
  ,,,,,,,,,,,,,,,,,,,,,,,,,,,,,,,,,,,,,, [ 2149792331 ],,,,,,,, [ 1539003073 ],,,,,,,,,,,,,,,
  ,,,,,,,,,,,,,,,,,,,,,,,,,,,,,,,,,,,,,,,,,,,,,,,,,,,,,,,,,,,,,,,,,,,,,,,,,,,,,,,,,,,,,,,,,,,
  ,,,,,,,,,,,,,,,,,,,, [ 1381044223369 ],,,,,,,,,,,,,,,,,,,,,,,,,,,,,,,,,,,,,,,,,,,,,,,,,,,,,
  ,,,,,,,,,,,,,,,,,,, [ 1117715581, 4134550897 ],,,,,,,,,,,,,,,,,,,,,,,,,,,,,,,,,,,,,,,,,,,,,
  ,,,,,,,,,,,,,,,,,,,,,,,,,,,,, [ 2252367811, 4215130921 ],,,,,,,,,,,,,,,,,,,,,,,,,,,,,,,,,,,
  ,,,,,,,,,,,,,,,,,,,,,,,,,,,,, [ 626723219593 ],,,,,,,,,,,,,,,,,,,,,,,,,,,,,,,,,,,,,,,,,, 
  [ 300260621209 ],,,,,, [ 21545881519 ],,,,,,,,,,,,,,,,,,,,,,,,,,,,,,,,,,,,,,,,,, 
  [ 1694534689 ],,,,,,,,,,,,,,,,,,,,,,,,,,,,,, [ 7506578263 ],,,,,, [ 688331301121 ],,,,,,,,,
  ,,,,,,,,,,,,,,,,,,,,,,,,,,,,,,,,,,,,,,,,,,,,,,,,,,,,,,,,,,,,,,,,,,,,,,,,,,,,,,,,,,,,,,,,,,,
  ,,,,,,,,,,,,,,,,,,,,,,,,,,,,,,,,,,,,,,,,,,,,,,,,,,,,,,,,,,,,,,,,,,,,,,,,,, [ 19741335307 ],
  ,,,,,,,,,,,,,,,,, [ 61063799547973 ],,,,,,,,,,,,,,,,,, [ 6168851281 ],,,,,,,,,,,,,,,,,,,,,,
  ,,,,,,,,,,,,,,,,,,,,,,,,,, [ 1518031789 ],,,,,,,,,,,, [ 4493104201 ],,,,,,,,,,,,,,,,,,,,,,,
  ,,,,,,,,,,,,,,,,,,,,,,,,,,,,,,,,,,,,,,,,,,,,,,,,,,,,,,,,,,,,,,,,,,, [ 1346384161 ],,,,,,,,,
  ,,,,,,,,,,,,,,,,,,,,,,,,,,,,,,,,,,,,,,,,,,,,,,,,,,,,,,,,,,,,,,,,,,,,,,,,,,,,,,,,, 
  [ 6309846271 ],,,,,,,,,,,,,,,,,,,,,,,,,,,,,,,,,,,,,,,,,,,,,,,,,,,,,,,,,,,,,,,,,,,,,,,,,,,,,
  ,,,,,,,,,,,,,,,,,,,,,,,,,,,,,,, [ 64921294549 ],,,,,,,,,,,,,,,,,,,,,,,,,,,,,,,,,,,,,,,,,,,,
  ,,,,,,,,,,,,,,,,,,,,,,,,,,,,,,,,,, [ 1613306857, 5153841001 ],,,,,,,,,,,,,,,,,,,,,,,,,,,,,,
  ,,,,,,,,,,,,,,,,,,,,,,,,,,,,,,,,,,,,,,,,,,,,,,,,,,,,,,,,,,,,,,,,,,,,,,,,,,,,,,,,,,,,,,,,,,,
  ,,,,,,,,,,,,,,,,,,,,,,,,,,,,,,,,,,,,,,,,,,,,,,,,,,,,,,,,,,,,,,,,,,,,,,,,,,,,,,,,,,,,,,,,,,,
  ,,,,,,,,,,,,,,,,,,,,,, [ 2852417485051 ],,,,,,,,,,,,,,,,,,,,,,,,,,,,,, [ 2018876401 ],,,,,,
  ,,,,,,,,,,,,,,,,,,,,,,,,,,,,,,,,,,,,,,,,,,,,,,,,,,,,,,,,,,,,,,,,,, 
  [ 2858696569, 25859394289 ],,,,,,,,,,,,,,,,,,,,,,,,,,,,,,,,,,,,,,,,,,,,,,,,,,,,,,,,,,,,,,,,
  ,,,,,,,,,,,,,,,,,,,,,,,,,,,,,,,,,,,,,,,,,,,,,,,,,,,,,,,,,,,,,,,,,,,,,,,,,,,,,,,,,,,,,,,,,,,
  ,,,,,,,,,,,,,,,,,,,,,,,,,,,,,,,,,,,,,,,,,,,,,,,,,,,,,,, [ 1093706167 ],,,,,,,,,,,,,,,,,,,,,
  ,,,,,,,,,,,,,,,,,,,,,,,,,,,,,,,,,,,,,,,,,,,,,,,,,,,,,,,,,,,,,,,,,,,,,,,,,,,,,,,,,,,,,,,,,,,
  ,,,,,,,,,,,,,,,,,,,,,,,,,,,,,,,,,,,,,,,,,,,,,,,,,,,,,,,,,,,,,,,,,,,,,,,,,,,,,,,,,,,,,,,,,,,
  ,,,,,,,,,,,,,,,,,,,,,,,,,,,,,,,,,,,,,,,,,,,,,,,,,,,,,,,,,,,,,,,,,,,,,,,,,,,,,,,,,,,,,,,,,,,
  ,,,,,,,,,,,,,,,,,,,,,,,, [ 5080232761, 178268863441 ],,,,,,,,,,,,,,,,,,,,,,,,,,,,,,,,,,,,,,
  ,,,,,,,,,,,,,,,,,,,,,,,,,,,,,,,,,,,,,,,,,,,,,,,,,,,,,,,,,,,,,,,,,,,,,,,,,,,,,,,,,,,,,,,,,,,
  ,,,,,,,,,,,,,,,,,,,,,,,,,,,,,,,,,,,,,,,,,,,,,,,,,,,,,,,,,,,,,,,,,,,,,,,,,,,,,,,,,,,,,,,,,,,
  ,,,,,,,,,,,,,,,,,,,,,,,,,,,,,,,,,,,,,,,,,,,,,,,,,,,,,,,,,,,,,,,,,,,,,,,,,,,,,,,,,,,,,,,,,,,
  ,,,,,,,,,,,,,,,,,,,,,,,,,,,,,,,,,,,,,,,,,,,,,,,,,,,,,,,,,,,,,,,,,,,,,,,,,,,,,,,,,,,,,,,,,,,
  ,,,,,,,,,,,,,,,,,,,,,,,,,,,,,,,,,,,,,,,,,,,,,,,,,,,,,,,,,,,,,,,,,,,,,,,,,,,,,,,,,,,,,,,,,,,
  ,,,,,,,,,,,,,,,,,,,,,,,,,,,,,,,,,,,,,,,,,,,,,,,,,,,,,,,,,,,,,,,,,,,,,,,,,,,,,,,,,,,,,,,,,,,
  ,,,,,,,,,,,,,,,,,,,,,,,,,,,,,,,,,,,,,,,,,,,,,,,,,,,,,,,,,,,,,,,,,,,,,,,,,,,,,,,,,,,,,,,,,,,
  ,,,,,,,,,,,,,,,,,,,,,,,,,,,,,,,,,,,,,,,,,,,,,,,,,,,,,,,,,,,,,,,,,,,,,,,,,,,,,,,,,,,,,,,,,,,
  ,,,,,,,,,,,,,,,,,,,,,,,,,,,,,,,,,,,,,,,,,,,,,,,,,,,,,,,,,,,,,,,,,,,,,,,,,,,,,,,,,,,,,,,,,,,
  ,,,,,,,,,,,,,,,,,,,,,,,,,,,,,,,,,,,,,,,,,,,,,,,,,,,,,,,,,,,,,,,,,,,,,,,,,,,,,,,,,,,,,,,,,,,
  ,,,,,,,,,,,,,,,,,,,,,,,,,,,,,,,,,,,,,,,,,,,,,,,,,,,,,,,,,,,,,,,,,,,,,,,,,,,,,,,,,,,,,,,,,,,
  ,,,,,,,,,,,,,,,,,,,,,,,,,,,,,,,,,,,,,,,,,,,,,,,,,,,,,,,,,,,,,,,,,,,,,,,,,,,,,,,,,,,,,,,,,,,
  ,,,,,,,,,,,,,,,,,,,,,,,,,,,,,,,,,,,,,,,,,,,,,,,,,,,,,,,,,,,,,,,,,,,,,,,,,,,,,,,,,,,,,,,,,,,
  ,,,,,,,,,,,,,,,,,,,,,,,,,,,,,,,,,,,,,,,,,,,,,,,,,,,,,,,,,,,,,,,,,,,,,,,,,,,,,,,,,,,,,,,,,,,
  ,,,,,,,,,,,,,,,,,,,,,,,,,,,,,,,,,,,,,,,,,,,,,,,,,,,,,,,,,,,,,,,,,,,,,,,,,,,,,,,,,,,,,,,,,,,
  ,,,,,,,,,,,,,,,,,,,,,,,,,,,,,,,,,,,,,,,,,,,,,,,,,,,,,,,,,,,,,,,,,,,,,,,,,,,,,,,,,,,,,,,,,,,
  ,,,,,,,,,,,,,,,,,,,,,,,,,,,,,,,,,,,,,,,,,,,,,,,,,,,,,,,,,,,,,,,,,,,,,,,,,,,,,,,,,,,,,,,,,,,
  ,,,,,,,,,,,,,,,,,,,,,,,,,,,,,,,,,,,,,,,,,,,,,,,,,,,,,,,,,,,,,,,,,,,,,,,,,,,,,,,,,,,,,,,,,,,
  ,,,,,,,,,,,,,,,,,,,,,,,,,,,,,,,,,,,,,,,,,,,,,,,,,,,,,,,,,,,,,,,,,,,,,,,,,,,,,,,,,,,,,,,,,,,
  ,,,,,,,,,,,,,,,,,,,,,,,,,,,,,,,,,,,,,,,,,,,,,,,,,,,,,,,,,,,,,,,,,,,,,,,,,,,,,,,,,,,,,,,,,,,
  ,,,,,,,,,,,,,,,,,,,,,,,,,,,,,,,,,,,,,,,,,,,,,,,,,,,,,,,,,,,,,,,,,,,,,,,,,,,,,,,,,,,,,,,,,,,
  ,,,,,,,,,,,,,,,,,,,,,,,,,,,,,,,,,,,,,,,,,,,,,,,,,,,,,,,,,,,,,,,,,,,,,,,,,,,,,,,,,,,,,,,,,,,
  ,,,,,,,,,,,,,,,,,,,,,,,,,,,,,,,,,,,,,,,,,,,,,,,,,,,,,,,,,,,,,,,,,,,,,,,,,,,,,,,,,,,,,,,,,,,
  ,,,,,,,,,,,,,,,,,,,,,,,,,,,,,,,,,,,,,,,,,,,,,,,,,,,,,,,,,,,,,,,,,,,,,,,,,,,,,,,,,,,,,,,,,,,
  ,,,,,,,,,,,,,,,,,,,,,,,,,,,,,,,,,,,,,,,,,,,,,,,,,,,,,,,,,,,,,,,,,,,,,,,,,,,,,,,,,,,,,,,,,,,
  ,,,,,,,,,,,,,,,,,,,,,,,,,,,,,,,,,,,,,,,,,,,,,,,,,,,,,,,,,,,,,,,,,,,,,,,,,,,,,,,,,,,,,,,,,,,
  ,,,,,,,,,,,,,,,,,,,,,,,,,,,,,,,,,,,,,,,,,,,,,,,,,,,,,,,,,,,,,,,,,,,,,,,,,,,,,,,,,,,,,,,,,,,
  ,,,,,,,,,,,,,,,,,,,,,,,,,,,,,,,,,,,,,,,,,,,,,,,,,,,,,,,,,,,,,,,,,,,,,,,,,,,,,,,,,,,,,,,,,,,
  ,,,,,,,,,,,,,,,,,,,,,,,,,,,,,,,,,,,,,,,,,,,,,,,,,,,,,,,,,,,,,,,,,,,,,,,,,,,,,,,,,,,,,,,,,,,
  ,,,,,,,,,,,,,,,,,,,,,,,,,,,,,,,,,,,,,,,,,,,,,,,,,,,,,,,,,,,,,,,,,,,,,,,,,,,,,,,,,,,,,,,,,,,
  ,,,,,,,,,,,,,,,,,,,,,,,,,,,,,,,,,,,,,,,,,,,,,,,,,,,,,,,,,,,,,,,,,,,,,,,,,,,,,,,,,,,,,,,,,,,
  ,,,,,,,,,,,,,,,,,,,,,,,,,,,,,,,,,,,,,,,,,,,,,,,,,,,,,,,,,,,,,,,,,,,,,,,,,,,,,,,,,,,,,,,,,,,
  ,,,,,,,,,,,,,,,,,,,,,,,,,,,,,,,,,,,,,,,,,,,,,,,,,,,,,,,,,,,,,,,,,,,,,,,,,,,,,,,,,,,,,,,,,,,
  ,,,,,,,,,,,,,,,,,,,,,,,,,,,,,,,,,,,,,,,,,,,,,,,,,,,,,,,,,,,,,,,,,,,,,,,,,,,,,,,,,,,,,,,,,,,
  ,,,,,,,,,,,,,,,,,,,,,,,,,,,,,,,,,,,,,,,,,,,,,,,,,,,,,,,,,,,,,,,,,,,,,,,,,,,,,,,,,,,,,,,,,,,
  ,,,,,,,,,,,,,,,,,,,,,,,,,,,,,,,,,,,,,,,,,,,,,,,,,,,,,,,,,,,,,,,,,,,,,,,,,,,,,,,,,,,,,,,,,,,
  ,,,,,,,,,,,,,,,,,,,,,,,,,,,,,,,,,,,,,,,,,,,,,,,,,,,,,,,,,,,,,,,,,,,,,,,,,,,,,,,,,,,,,,,,,,,
  ,,,,,,,,,,,,,,,,,,,,,,,,,,,,,,,,,,,,,,,,,,,,,,,,,,,,,,,,,,,,,,,,,,,,,,,,,,,,,,,,,,,,,,,,,,,
  ,,,,,,,,,,,,,,,,,,,,,,,,,,,,,,,,,,,,,,,,,,,,,,,,,,,,,,,,,,,,,,,,,,,,,,,,,,,,,,,,,,,,,,,,,,,
  ,,,,,,,,,,,,,,,,,,,,,,,,,,,,,,,,,,,,,,,,,,,,,,,,,,,,,,,,,,,,,,,,,,,,,,,,,,,,,,,,,,,,,,,,,,,
  ,,,,,,,,,,,,,,,,,,,,,,,,,,,,,,,,,,,,,,,,,,,,,,,,,,,,,,,,,,,,,,,,,,,,,,,,,,,,,,,,,,,,,,,,,,,
  ,,,,,,,,,,,,,,,,,,,,,,,,,,,,,,,,,,,,,,,,,,,,,,,,,,,,,,,,,,,,,,,,,,,,,,,,,,,,,,,,,,,,,,,,,,,
  ,,,,,,,,,,,,,,,,,,,,,,,,,,,,,,,,,,,,,,,,,,,,,,,,,,,,,,,,,,,,,,,,,,,,,,,,,,,,,,,,,,,,,,,,,,,
  ,,,,,,,,,,,,,,,,,,,,,,,,,,,,,,,,,,,,,,,,,,,,,,,,,,,,,,,,,,,,,,,,,,,,,,,,,,,,,,,,,,,,,,,,,,,
  ,,,,,,,,,,,,,,,,,,,,,,,,,,,,,,,,,,,,,,,,,,,,,,,,,,,,,,,,,,,,,,,,,,,,,,,,,,,,,,,,,,,,,,,,,,,
  ,,,,,,,,,,,,,,,,,,,,,,,,,,,,,,,,,,,,,,,,,,,,,,,,,,,,,,,,,,,,,,,,,,,,,,,,,,,,,,,,,,,,,,,,,,,
  ,,,,,,,,,,,,,,,,,,,,,,,,,,,,,,,,,,,,,,,,,,,,,,,,,,,,,,,,,,,,,,,,,,,,,,,,,,,,,,,,,,,,,,,,,,,
  ,,,,,,,,,,,,,,,,,,,,,,,,,,,,,,,,,,,,,,,,,,,,,,,,,,,,,,,,,,,,,,,,,,,,,,,,,,,,,,,,,,,,,,,,,,,
  ,,,,,,,,,,,,,,,,,,,,,,,,,,,,,,,,,,,,,,,,,,,,,,,,,,,,,,,,,,,,,,,,,,,,,,,,,,,,,,,,,,,,,,,,,,,
  ,,,,,,,,,,,,,,,,,,,,,,,,,,,,,,,,,,,,,,,,,,,,,,,,,,,,,,,,,,,,,,,,,,,,,,,,,,,,,,,,,,,,,,,,,,,
  ,,,,,,,,,,,,,,,,,,,,,,,,,,,,,,,,,,,,,,,,,,,,,,,,,,,,,,,,,,,,,,,,,,,,,,,,,,,,,,,,,,,,,,,,,,,
  ,,,,,,,,,,,,,,,,,,,,,,,,,,,,,,,,,,,,,,,,,,,,,,,,,,,,,,,,,,,,,,,,,,,,,,,,,,,,,,,,,,,,,,,,,,,
  ,,,,,,,,,,,,,,,,,,,,,,,,,,,,,,,,,,,,,,,,,,,,,,,,,,,,,,,,,,,,,,,,,,,,,,,,,,,,,,,,,,,,,,,,,,,
  ,,,,,,,,,,,,,,,,,,,,,,,,,,,,,,,,,,,,,,,,,,,,,,,,,,,,,,,,,,,,,,,,,,,,,,,,,,,,,,,,,,,,,,,,,,,
  ,,,,,,,,,,,,,,,,,,,,,,,,,,,,,,,,,,,,,,,,,,,,,,,,,,,,,,,,,,,,,,,,,,,,,,,,,,,,,,,,,,,,,,,,,,,
  ,,,,,,,,,,,,,,,,,,,,,,,,,,,,,,,,,,,,,,,,,,,,,,,,,,,,,,,,,,,,,,,,,,,,,,,,,,,,,,,,,,,,,,,,,,,
  ,,,,,,,,,,,,,,,,,,,,,,,,,,,,,,,,,,,,,,,,,,,,,,,,,,,,,,,,,,,,,,,,,,,,,,,,,,,,,,,,,,,,,,,,,,,
  ,,,,,,,,,,,,,,,,,,,,,,,,,,,,,,,,,,,,,,,,,,,,,,,,,,,,,,,,,,,,,,,,,,,,,,,,,,,,,,,,,,,,,,,,,,,
  ,,,,,,,,,,,,,,,,,,,,,,,,,,,,,,,,,,,,,,,,,,,,,,,,,,,,,,,,,,,,,,,,,,,,,,,,,,,,,,,,,,,,,,,,,,,
  ,,,,,,,,,,,,,,,,,,,,,,,,,,,,,,,,,,,,,,,,,,,,,,,,,,,,,,,,,,,,,,,,,,,,,,,,,,,,,,,,,,,,,,,,,,,
  ,,,,,,,,,,,,,,,,,,,,,,,,,,,,,,,,,,,,,,,,,,,,,,,,,,,,,,,,,,,,,,,,,,,,,,,,,,,,,,,,,,,,,,,,,,,
  ,,,,,,,,,,,,,,,,,,,,,,,,,,,,,,,,,,,,,,,,,,,,,,,,,,,,,,,,,,,,,,,,,,,,,,,,,,,,,,,,,,,,,,,,,,,
  ,,,,,,,,,,,,,,,,,,,,,,,,,,,,,,,,,,,,,,,,,,,,,,,,,,,,,,,,,,,,,,,,,,,,,,,,,,,,,,,,,,,,,,,,,,,
  ,,,,,,,,,,,,,,,,,,,,,,,,,,,,,,,,,,,,,,,,,,,,,,,,,,,,,,,,,,,,,,,,,,,,,,,,,,,,,,,,,,,,,,,,,,,
  ,,,,,,,,,,,,,,,,,,,,,,,,,,,,,,,,,,,,,,,,,,,,,,,,,,,,,,,,,,,,,,,,,,,,,,,,,,,,,,,,,,,,,,,,,,,
  ,,,,,,,,,,,,,,,,,,,,,,,,,,,,,,,,,,,,,,,,,,,,,,,,,,,,,,,,,,,,,,,,,,,,,,,,,,,,,,,,,,,,,,,,,,,
  ,,,,,,,,,,,,,,,,,,,,,,,,,,,,,,,,,,,,,,,,,,,,,,,,,,,,,,,,,,,,,,,,,,,,,,,,,,,,,,,,,,,,,,,,,,,
  ,,,,,,,,,,,,,,,,,,,,,,,,,,,,,,,,,,,,,,,,,,,,,,,,,,,,,,,,,,,,,,,,,,,,,,,,,,,,,,,,,,,,,,,,,,,
  ,,,,,,,,,,,,,,,,,,,,,,,,,,,,,,,,,,,,,,,,,,,,,,,,,,,,,,,,,,,,,,,,,,,,,,,,,,,,,,,,,,,,,,,,,,,
  ,,,,,,,,,,,,,,,,,,,,,,,,,,,,,,,,,,,,,,,,,,,,,,,,,,,,,,,,,,,,,,,,,,,,,,,,,,,,,,,,,,,,,,,,,,,
  ,,,,,,,,,,,,,,,,,,,,,,,,,,,,,,,,,,,,,,,,,,,,,,,,,,,,,,,,,,,,,,,,,,,,,,,,,,,,,,,,,,,,,,,,,,,
  ,,,,,,,,,,,,,,,,,,,,,,,,,,,,,,,,,,,,,,,,,,,,,,,,,,,,,,,,,,,,,,,,,,,,,,,,,,,,,,,,,,,,,,,,,,,
  ,,,,,,,,,,,,,,,,,,,,,,,,,,,,,,,,,,,,,,,,,,,,,,,,,,,,,,,,,,,,,,,,,,,,,,,,,,,,,,,,,,,,,,,,,,,
  ,,,,,,,,,,,,,,,,,,,,,,,,,,,,,,,,,,,,,,,,,,,,,,,,,,,,,,,,,,,,,,,,,,,,,,,,,,,,,,,,,,,,,,,,,,,
  ,,,,,,,,,,,,,,,,,,,,,,,,,,,,,,,,,,,,,,,,,,,,,,,,,,,,,,,,,,,,,,,,,,,,,,,,,,,,,,,,,,,,,,,,,,,
  ,,,,,,,,,,,,,,,,,,,,,,,,,,,,,,,,,,,,,,,,,,,,,,,,,,,,,,,,,,,,,,,,,,,,,,,,,,,,,,,,,,,,,,,,,,,
  ,,,,,,,,,,,,,,,,,,,,,,,,,,,,,,,,,,,,,,,,,,,,,,,,,,,,,,,,,,,,,,,,,,,,,,,,,,,,,,,,,,,,,,,,,,,
  ,,,,,,,,,,,,,,,,,,,,,,,,,,,,,,,,,,,,,,,,,,,,,,,,,,,,,,,,,,,,,,,,,,,,,,,,,,,,,,,,,,,,,,,,,,,
  ,,,,,,,,,,,,,,,,,,,,,,,,,,,,,,,,,,,,,,,,,,,,,,,,,,,,,,,,,,,,,,,,,,,,,,,,,,,,,,,,,,,,,,,,,,,
  ,,,,,,,,,,,,,,,,,,,,,,,,,,,,,,,,,,,,,,,,,,,,,,,,,,,,,,,,,,,,,,,,,,,,,,,,,,,,,,,,,,,,,,,,,,,
  ,,,,,,,,,,,,,,,,,,,,,,,,,,,,,,,,,,,,,,,,,,,,,,,,,,,,,,,,,,,,,,,,,,,,,,,,,,,,,,,,,,,,,,,,,,,
  ,,,,,,,,,,,,,,,,,,,,,,,,,,,,,,,,,,,,,,,,,,,,,,,,,,,,,,,,,,,,,,,,,,,,,,,,,,,,,,,,,,,,,,,,,,,
  ,,,,,,,,,,,,,,,,,,,,,,,,,,,,,,,,,,,,,,,,,,,,,,,,,,,,,,,,,,,,,,,,,,,,,,,,,,,,,,,,,,,,,,,,,,,
  ,,,,,,,,,,,,,,,,,,,,,,,,,,,,,,,,,,,,,,,,,,,,,,,,,,,,,,,,,,,,,,,,,,,,,,,,,,,,,,,,,,,,,,,,,,,
  ,,,,,,,,,,,,,,,,,,,,,,,,,,,,,,,,,,,,,,,,,,,,,,,,,,,,,,,,,, [ 36274558321 ] ]);
