BRENTFACTORS[1025]:=MakeImmutable([ ,,,,,,,,,,,,,,,,,, [ 282489426983 ],,,, 
  [ 1912171836423863991067331 ], [ 1113247777 ], [ 3100404268464313862177251 ],, 
  [ 3150124106965111 ],, [ 7421570671, 1443879607753907 ],,, [ 449406262241 ],,,,, 
  [ 1046975373011504100744766620038841487547290133 ], [ 107030513744443, 10237588430721991 ],
  , [ 5195638081 ], [ 24654579161297, 64087397084771, 27358008277652419022933 ],, 
  [ 3398522287, 1109511354349, 420310461146129232383 ],, [ 206389599301, 234762650197941601 ]
   ,,,, [ 30090166944861644588375232987787325687197 ], [ 53980383487024931855551 ], 
  [ 64355743911619121229867096523 ],, 
  [ 8629968313693618305110286677, 253531685204225100623066903393035751143, 
      4075493260645221797275523184806479208995633 ], [ 21028025590707445183 ], 
  [ 11756214626036763318041, 1101136590999161852679671824900258192059121 ], 
  [ 38929988341109713, 237460265769440449 ],, [ 9747738437674305589 ], [ 3701398513 ], 
  [ 1526198941, 559244872321 ], [ 168978000896187969383, 247848331419015275112721 ], 
  [ 216649779272670311123, 430750551747225110909 ], [ 7226525643247 ], 
  [ 7212253352814266177, 109693124175154754025268321560054593 ], 
  [ 16127123661995483411, 63853282398035891655051092183914345967890486781 ], 
  [ 280925988875599, 518066730437126509 ], [ 1110852340427, 222834916558452382469 ], 
  [ 91770247350966227827757, 831226556466312094584193 ], 
  [ 2911647328669, 2675817569067065197660184381390917914493 ],, 
  [ 3625741825912519, 88393589021973665021, 1209979671061307054189 ], 
  [ 72091826333531264233 ],, [ 6276953848558774505157277635032026504037 ], 
  [ 11243157348026701, 26701149287426971725751, 7775114219806834866462507503024251 ], 
  [ 13616927813610417179187377, 5483357822015890745474336596889 ],,, 
  [ 51359992623923067347 ], [ 41483629417549476545768558329705121 ],, 
  [ 236730025297, 96022903509393661863975448010847686895653 ],, [ 5311742967447993217 ],,,, 
  [ 105168962834587913660521, 7123393543756135192823051648703601 ],, 
  [ 1139366025613253455651 ], [ 8186333611, 434994939272861589077 ], 
  [ 52505452481, 4889059165769 ], [ 8275772855208977392682249659 ],,, [ 171134666881 ], 
  [ 1790101313453 ], [ 1279228399, 30482238107609 ],,, 
  [ 164967623407, 45670208482528414879229338524917 ], [ 1128639079, 1497930719631465733 ], 
  [ 213379803570254294321, 1258499047960722338652488753, 27994044423888427726444030861 ],, 
  [ 43011373364191 ],,, [ 673520578957, 1474144213760632015868809 ], 
  [ 7384452431, 67377497363716559223296329, 10104205388605747217555087649319 ], 
  [ 11135606648103961 ], [ 13948519101916433623 ], [ 48661868915635697 ],, 
  [ 711240347579904500532457 ], 
  [ 25995939855609465162784686811, 264949838770105010040778153831 ],,, 
  [ 8178139379812471226467589 ], [ 256922760868229 ],, [ 61627898894942148913 ],, 
  [ 53982694524541237057, 45338934007630861446032046337154101 ], 
  [ 77488592287259862000904501 ],, [ 3566423819561721193657 ], 
  [ 4176856915742411, 13361610399325739005519 ],,, 
  [ 2797156051, 10249276599641, 1553404235422261, 25897216730137152661, 
      1429738571830510062833458915741 ], 
  [ 3495328065269, 27631031836651, 68920939821150847, 538378435846937177 ], 
  [ 41765831614984196263257011629 ], [ 3307893877291918111054677163 ], 
  [ 788832013976837, 2045245735970612873 ], 
  [ 478931270694301, 120044610584645671, 895689794517077259935371 ], 
  [ 1138306537, 511272942142071337 ], 
  [ 1827579463930783, 21177977148695771759, 2203141365100439262337453441 ], 
  [ 17073537803476474687, 39555606057419229223342510145250505348993 ], [ 389823213173 ], 
  [ 377899507861, 26431258523881 ], 
  [ 2035908192583549, 317837636171035291, 884580242301291105841597 ], [ 366861928253 ],, 
  [ 77867575881642861380641, 289464234633257266339413962804238927659262486826259307457 ], 
  [ 10461064930431627761, 36449074381019471888281 ], 
  [ 3564491681557, 69768607739255553831631, 7880117541288892277530517 ], [ 47684025621961 ], 
  [ 88090735753, 137819978311395980081, 144968123537219842278257 ], 
  [ 1593983122295746525969 ], [ 3735025702310274138483538817551 ], 
  [ 2430181921, 20339433637 ],,, [ 1448013953 ], [ 1366532701, 277861106113186853981 ], 
  [ 119344092193 ], [ 1296131399, 10101410615629 ], [ 816634762168962889371796226579 ], 
  [ 3013272694135291134529 ],, [ 57790461527, 1332940681299739 ], [ 626823520867 ], 
  [ 169480902821 ], [ 167664800089, 9079807948126921 ],, [ 160488552395499614932109 ], 
  [ 49332162391 ], [ 3747832422769 ],, [ 307748270209361, 13826692759002721742373451 ],, 
  [ 29339188273, 188897871853 ],, 
  [ 3242273433766202174809, 29658890444265195724980861631, 
      231324229332671383575411702524943601 ], [ 88607165851, 832409808549551 ],, 
  [ 29680553978312496426157 ],,, [ 117350531348607541 ],, [ 1986922308188279691244022937931 ]
    , [ 343847675368020097768173949 ], [ 875054615321, 127280144723899799644361 ],,, 
  [ 13686774971, 951256245040222529 ], [ 797128177213033 ], [ 1396695637, 37855881253 ], 
  [ 2157801218279155005047672911 ], 
  [ 33071737523459, 1513412442655639, 1903822801538457250501 ], 
  [ 3217535923648897, 28918665963891182209 ], [ 212460869502073477 ],, 
  [ 2061973564650322071841 ],,,,, [ 15173413201, 8190570263967001 ], [ 83527666330897526029 ]
   ,,, [ 3408986813931166710552729638773 ], 
  [ 204370343731, 230028231061, 1689915644356180651, 270509239177209371590891876541 ],, 
  [ 125991609013, 10572407454647179, 4847378023129494547 ], 
  [ 2967855073, 103393118857940081, 1178986813322824481 ],, [ 1085014155961 ], 
  [ 67898513323, 614280555554030693 ], 
  [ 204663396349, 484464784950592782488094941, 2132673526143790922785415113 ],, 
  [ 51807734653, 3528559386283, 1262686157005574419 ], 
  [ 441090361771, 1135041486214271, 336505722738970951 ], [ 2589698349384193 ],, 
  [ 4673066638894695013673, 32306187761630095244357, 38429092809590022943970992597537 ], 
  [ 2071637232536699491, 548101408904789788908523 ], [ 44489465354844841 ],, 
  [ 6054162889, 265209579169 ],,,, [ 218453326867 ],, 
  [ 4403457481, 284215358084355520164337, 12202439596269196540343521 ], 
  [ 1039117000524647087 ], 
  [ 2261966051, 22846503859459965468661, 66007926839072728947782996621 ], 
  [ 15606281259722994457 ],, [ 3007447967 ], 
  [ 11757434599, 2089326121507, 18336961115227, 261699689378900449 ], 
  [ 5909749451, 2672774782004161, 5750315448425340521 ], 
  [ 3937320755609559387133, 139026925422773545304333 ],, 
  [ 11634862939169, 83343640341641, 109769794677887, 355581907310491 ], [ 370057393411313 ], 
  [ 7531051822702501609236566942401 ], [ 14938338719477759 ], [ 121152824453 ],,,, 
  [ 74337971739029330077 ],,,, [ 1613486293751 ], 
  [ 1058733294911427101, 9931070469194463131, 385855171618351749541 ], 
  [ 216702702881356925773, 6512694064372778383333, 5358260171820370225767049 ], 
  [ 766789920601, 96145569037519 ], [ 192266040664642621 ],, [ 1891214081, 2142582365953 ],,,
  , [ 2381083344563109421, 1541439370026764625041, 18249812420335036619422501 ],, 
  [ 4582120329181, 216268286189640614204431447373 ],,, [ 9537710401, 2864204474581 ],, 
  [ 5836039543, 562246842829213 ],, [ 1158009658781, 1108826891479733 ], 
  [ 587443786484131, 857144094375676501 ], [ 259519468842233 ], 
  [ 2133464369, 10928481268748993, 9354375296187633387149809 ],, 
  [ 1471542047575295022083, 283965635441873866785496763 ], [ 150822573001 ], 
  [ 2255925337453 ], [ 15519353243, 19300981619 ],,,,, [ 81792729059539 ], [ 2245062040729 ],
  [ 1387428377428637, 21816174114966029, 21478777914694941464180969 ],, 
  [ 3973935109, 3616757851521673, 1082285925309737149, 4684843328561531851, 
      74813696322379016853233884931 ], [ 10087253965954484609033717 ], 
  [ 246767585761, 432794492627322542503772737 ],,,,, 
  [ 9391025041, 38529207001, 2540879843742671 ], 
  [ 1843948607921290070509, 454683893759943360337021, 9591137864488038411489847, 
      275649352259570407697012911 ],,, [ 1226317753 ], 
  [ 5537420353511, 24022146109539780391468369747 ],, 
  [ 3093534423613201, 497292444338036034001 ], [ 233221983667 ], 
  [ 735333729197, 1091097245631628148513 ],,, [ 1773799756358671 ], [ 2940565912957 ], 
  [ 41210291020867 ], [ 135905206361 ], [ 5263426375027, 2459818022087138533 ], 
  [ 17850457201 ],, [ 41083273887865607974369 ],,,,,, [ 157628351919234488389 ],, 
  [ 1547443095331841 ], [ 40360648232083, 660486787790584927 ],, [ 3075107990203 ],,, 
  [ 1682740933, 104072576759, 67752415225020631913, 7577949272996551273505710553443 ], 
  [ 1583005470205057 ], [ 244139606056033 ],, [ 27523859436792399491229871 ], 
  [ 1494374969, 1911045713 ], [ 427336319823918229, 7297422503486888701 ],, 
  [ 16214659489801, 1435846214143273 ],,,,, [ 205090673200866122525851 ],,, 
  [ 1739221849, 23094170239044979 ],, [ 38243130161 ],, [ 24476309990029 ], [ 254878469843 ],
  , [ 2562083687, 27148999478749 ],, [ 6512726091691 ], 
  [ 1154754228997776353, 42678454803335795137 ],,,,,, [ 48384708487, 28400215334196140051 ],
  , [ 2664355514215324499601481 ],,, [ 2063449536396993361, 44352934162608559571821 ], 
  [ 10911682876277, 3063157842112369 ], [ 218759606459553301 ], [ 2790282477201643999867 ], 
  [ 3439592263, 697274600692627 ], [ 787283130913, 14143544261921 ],, 
  [ 818062282171, 4054430153433463495781 ],,,, [ 8621132449800487 ], [ 123205590738644251 ], 
  [ 14195057251841 ], [ 92795367367 ], [ 8375063296447 ], [ 604937118367 ], 
  [ 50591861879021 ], [ 334734140317783, 3225209993675317, 77669792506661077 ],,, 
  [ 3238428673 ], [ 40555728865961 ], [ 658995061513 ],, 
  [ 1127293760909, 108104564039009773 ],, [ 7925905642746090930451 ],, [ 55562163645641297 ],
  [ 8636109763 ], [ 3763835903 ],,, [ 368241978864377 ], 
  [ 192417490339, 2176066776188211499 ],, [ 71670407201 ], [ 2439501947 ], [ 92895299671 ], 
  [ 7373481355474781 ], [ 185379352494616365829 ],,,, [ 31025017273, 562518500169937 ], 
  [ 216052390396429 ], [ 2017188521, 1064092144541 ], 
  [ 33948458617, 3071460339433, 4410924211139023 ],,, [ 133517158346359, 17577905889615787 ],
  , [ 25991798561, 256526453407672033 ],, [ 31131293753013323 ],, [ 38484411001 ],, 
  [ 1452442135799, 3000010273700779, 11004315273619551479 ], [ 2690242777, 687285051589 ], 
  [ 40031633489619001649 ],, [ 314194609863051456779941, 3662906001730744208934253 ],,,, 
  [ 145168973699741 ], [ 72479109870239 ], [ 101782892279377, 418871042870689 ], 
  [ 1640169361, 65491150411 ], [ 126528583548193 ], [ 98194625150971, 860000530851001 ], 
  [ 56827769993, 24566320572817 ], [ 7036265479 ],, [ 9736005911 ], 
  [ 1199565841, 56779867137126761 ],, [ 5578945217, 7204554588340530929 ],,,,,, 
  [ 433505146369, 126676242266113 ],, [ 1035542251 ], 
  [ 378388066176539, 2110783583493534863, 317749005368695117229 ], [ 581852003370295529 ], 
  [ 264055711321 ], [ 21909880193 ], [ 122609498831 ], [ 11230177631003494321 ],,,,, 
  [ 52237226617 ],, [ 2388831833 ], [ 210067331089393 ], 
  [ 1552240681, 386660517304481032441 ], [ 183859170004903189 ], [ 1308751719137 ], 
  [ 4354602420910717 ], [ 5453290994033 ],,, [ 1199977575113 ], [ 5870759703491 ], 
  [ 1045659153996619, 38142684179719267 ], [ 18694532251 ], [ 1863996444253040116489 ],, 
  [ 190770266051, 45566351843615311 ], [ 1926902041, 495200570351 ],, [ 6186004397 ], 
  [ 4279095263 ],, [ 293602442629 ],, [ 18369867853 ],, [ 1718560503001, 9124909814281 ], 
  [ 1795878907, 13161024241, 1997948445439 ], [ 477767301077291 ],, [ 67668758977 ], 
  [ 9834430063 ],, [ 38113819783158936384811 ], [ 640857424851377 ],, 
  [ 106563910489, 3195497742733, 32758744434374989, 20183132260081701853 ], 
  [ 3653170019, 123231743987221 ], [ 5759759774501 ],, 
  [ 1252888053284159, 257232368481375253 ],, [ 1073138757012679393, 186739191186036913367497 
     ], [ 4541358752041 ],,, [ 111658134317 ], [ 18172785263 ], 
  [ 123181920045601, 232460969289494163907861 ],, [ 68969571677567489 ], [ 4337245711 ], 
  [ 17976412756709963 ], [ 2952865801, 4755164951 ],,, 
  [ 2870062181477, 1634987070221950864973 ],,,,,,, [ 277833463951 ],,, 
  [ 390696205681, 341829846958513, 6113685328909489, 2414871615597276001 ],, 
  [ 66268566431, 1190722938091 ], [ 66578140423 ], [ 63743389355941, 136817355284989 ], 
  [ 9312672948437 ],, [ 31116963181, 98918389511, 7991603706783911 ], 
  [ 128824575889, 5161330920353 ],,,, [ 7083018001, 21244048564212576245682001 ],, 
  [ 19992915517 ], [ 695063319952759 ], [ 145887336746369 ],, 
  [ 1726871819401, 848546363809676346361, 783698707323641385104557 ],, [ 8462958440813 ],,, 
  [ 1026117383, 3019334537 ],,, [ 347149002947 ], [ 8628562801, 40030303064555132431 ], 
  [ 319030557291157 ],, [ 5916899784907063 ],,, [ 1703072825719 ],,, [ 161795574335929 ], 
  [ 7868362891 ], [ 270361494628769441 ],,,, [ 4831766009611 ],, [ 54339830117 ], 
  [ 26231811878347 ], [ 1447048261 ],, [ 126935706082177 ],, 
  [ 308802967243, 82623695534563, 810542091533399299 ],,,,,, [ 51278038919279087249 ], 
  [ 79677362701 ], [ 58758355367, 4492171172219, 174561542127048899 ],,,, [ 180010803041 ], 
  [ 90395323471 ], [ 74520116401 ],,, [ 1957718981 ], [ 48017610161 ], [ 9049608979 ],,, 
  [ 73762201801, 32062670901848401 ],, 
  [ 36531126871, 116391615774583661, 32784604133009717507 ],, 
  [ 47943671540749, 442409990749609 ],,,, [ 626179879042020188129 ],,,, [ 4576885543189 ], 
  [ 4407590149 ],, [ 1172240431, 338453815455061, 80456771634261271 ], [ 409734098502961 ],, 
  [ 244686552969949979401 ],,,, [ 2128072237, 2798815358057 ],, 
  [ 10248917953, 31538878801, 548138190755377, 1029785620475553802849 ],,, 
  [ 1013233077132079 ], [ 23643293530817581 ],, [ 14625643874311, 131656642213721551438051 ],
  ,, [ 5616174435373, 1133555722601773 ], [ 15580754149 ], [ 1839216541 ], [ 7597078513 ],, 
  [ 4754079331, 1061719962337 ], [ 2533595544307 ],,,, [ 115126740037 ], [ 286062605249 ], 
  [ 5378435701 ],,, [ 235582325857 ],, [ 15137742121451 ], [ 111654453919 ],,, 
  [ 1257046207, 76539247843191673 ],,, [ 5242314216961 ], [ 72606656506609 ], 
  [ 49632930317 ], [ 1456634521, 217336886338441 ],, [ 260238859759721 ],,,,,, 
  [ 3891186555433 ], [ 2922515797 ], [ 129051246001 ],, [ 254964926431489, 5342311003928641 ]
   ,, [ 93646508993 ],, [ 1889294941 ],, [ 3037501021, 1876329531341911 ],, 
  [ 37775405962561 ],, [ 2937021407, 5667832435409 ],,,, [ 70866492551, 43534466523619 ],,,,,
  ,,, [ 234272081488829 ],,, [ 2286498743, 14600430499607 ],, [ 9866492569111 ], 
  [ 1129932301 ],, [ 1299416010646434409 ],, [ 114301403489857 ],,, 
  [ 4772631781, 6729695449 ],,,,, [ 37318684264529 ],,, [ 42104934301 ], [ 3736998037 ],,,,,,
  ,,,, [ 36391112701398379 ],, [ 23201684689 ], [ 6065850079, 267686123113 ],,,,,,,,, 
  [ 21463777981, 196702977270853 ],,, [ 13234362259 ],, [ 6607923997 ], 
  [ 630765485191537, 49586927841164521 ],, [ 37452885241 ],,,,,,,,,,,, [ 2036380728139 ], 
  [ 4336686157, 178566263390923 ], [ 566095690187907721 ],, [ 23548215541 ],,,,,,,, 
  [ 12397730931683791 ],,,,, [ 1865496301 ],,,,,,, [ 8525241227 ],,,,,, [ 1802041741 ],,,, 
  [ 2232900018598733353 ],, [ 1617344653 ],, 
  [ 1963112713, 31936850117, 11975071966961, 17160169076989 ], [ 10894538899 ], 
  [ 12898804969 ],,, [ 1113526171 ],,, [ 8542143815137 ],,,,,, 
  [ 134313342448141, 7212902162134771 ],,,,,, [ 278957948881153 ],,,,,, 
  [ 6099495643, 79671532598269 ],,, [ 11306608501 ],, [ 1296074401 ], [ 8219801917 ],, 
  [ 25530064621 ],,,,,,,,,,,, [ 18180150148346257 ],,,,,, [ 1822845934208081 ],,, 
  [ 1184113739 ],, [ 8594590867 ], [ 11256895815383 ], [ 943081250131 ],,,, [ 97496244019 ], 
  [ 1308701897981 ], [ 57376331713586257 ], [ 2798164039313 ],, [ 117272202428737 ],,,,,,,,,
  , [ 1073660984189 ],,,, [ 645099859480247 ],,,, [ 1820475343 ],,,, [ 1229130967 ],,,,,,,,, 
  [ 10372708111 ], [ 12433511399681, 44455940263402753 ],,,, 
  [ 36991879201, 295599820197425481901 ],, [ 54793806629, 13723222428342373 ],, 
  [ 6961246577 ],,,,,, [ 51426605231 ],, [ 156879043441 ], [ 154023729971 ],,, 
  [ 1130376061, 68042664661 ],, [ 2211199529113 ],,,,,, [ 59889769633, 205507597217077 ],,,, 
  [ 8793095740609 ],, [ 1843232101 ],,,,,,,,,,,, [ 3734006728951 ],,, [ 1415698831 ],,,,,,,,
  , [ 48870244279963 ],, [ 107106187911084209 ],, [ 1311212846861 ], [ 40662053399857 ], 
  [ 1613488321, 951071797441 ],,,,,, [ 1095295454317, 21297824679097, 22532990325973 ],, 
  [ 2123042035508593 ],,,,,, [ 2623618997, 30893010581 ],,,, [ 37986105823 ],,,, 
  [ 45321621306348812611 ],,, [ 6303083951 ],,,,, [ 23433425365681 ],,, [ 55802876251 ],,,,, 
  [ 189060805631 ],,, [ 1955711759, 38584291747 ],,,,,,,,,,,,,,,,,,,,,,,, 
  [ 2039727451, 7093133251, 13611016256375051 ], [ 512436713689 ],,,, [ 142117761271 ],, 
  [ 6751908183923137 ],,,, [ 49195015297 ],,,, [ 1025747002471361 ],, [ 2489474503 ],, 
  [ 86492536309 ],,,,, [ 7100280283 ],,,, [ 25919373871 ],,, [ 13654741057, 225911741263297 ]
   ,,,,,,,,,,, [ 9557328133 ], [ 509285968568977 ],,,,, [ 1858987523 ],,, [ 3557716529 ],, 
  [ 389287750237 ],,,,,,,,,,,,,,, [ 284878831411 ],,,,,,, [ 689578166201 ], [ 641215901899 ],
  , [ 7564766669 ], [ 2026341217, 1422765673393 ],,,, [ 49481191421 ],, 
  [ 3139833691, 9610059211 ],,,,,,,,,, [ 12615348542695361 ],,,,,, [ 1346477557 ],,,,,,, 
  [ 2297692277 ], [ 25027708861, 380917929043 ],,,, [ 962361016273 ],, [ 128334511621 ],,,,,
  , [ 405004433473753 ],,,,,, [ 5599456129 ], [ 9438384209 ],,,,,,,,,,,,,,, [ 2343752017 ],, 
  [ 2720553116324941 ], [ 1321166699 ],,,,,,,,, [ 107151502441 ],,,,,,,, 
  [ 12189161557, 2182623578599069 ],,, [ 2631373963 ],,,,,,, [ 165915559223 ],,,, 
  [ 17675537413 ],,, [ 28755127081, 481558140961 ],,,,,,,,,,,,, [ 3706291177 ],, 
  [ 845733686261, 18731527496861 ],,,,, [ 4608832201, 85918795201 ],, [ 23413731793 ], 
  [ 6109796113, 8821356421 ],, [ 10276068901261 ], [ 195847921987 ],,,,, [ 364621391169913 ],
  , [ 4581374989 ],,,,,,, [ 34728166951 ],,,,,,, [ 220516549109 ],,,,,,,,,,, [ 50925157771 ],
  ,, [ 1028570444263 ],,,,,,,, [ 6852303277 ],, [ 2826947377 ],,,,,, [ 27175170643 ], 
  [ 246918379361 ], [ 50457431009317 ], [ 1877444111 ],, [ 16230326113 ], [ 5587982849 ], 
  [ 1937428873, 3521045291, 128392237121 ], [ 239046652748791 ],,,,,, 
  [ 1174108434337, 1336626950977, 87251415955251553 ],,,,,,,,,,,, 
  [ 15386985001, 581763507709597 ], [ 45339123523 ],, [ 5495578279 ], [ 1284655297 ],, 
  [ 998952432234553 ],,, [ 446892455263 ],,,,,,,,,,, [ 2852460337 ],,,, 
  [ 1057518757, 242232070789, 3525363921853 ], [ 10922948581 ],,,, [ 9212563739 ],,,,,,, 
  [ 6262439233, 89793973249, 810724187011201 ],, [ 366150300431 ],,,,,, [ 21899993441 ],,,,,
  , [ 4161732233 ],,,,,, [ 2009094253, 7960290361 ], [ 1511095393081 ],,, 
  [ 214906916171766790369 ],,,, [ 1460616109 ],,,,, [ 4776501076453, 218586678157711 ],,,,, 
  [ 2253375877 ], [ 268243305361063 ],,,, [ 11614704713 ],,,,,,,, [ 30387421711 ], 
  [ 19962223453, 49113334913 ],, [ 814691677333 ],,, [ 2459595601 ],,,,, [ 528104949233 ],, 
  [ 20599489153 ],,, [ 2320115767, 4805369329 ], [ 12432884509 ],,,,,,,, [ 1164071981 ],,,,,
  , [ 47097554389 ],,,,,,,,,,,,,,,, [ 6215540563 ],,, [ 4277711180311 ],,,,,,,,,,,,,,,,,,,,, 
  [ 1650842077 ],,,, [ 9754226040931 ],,,, [ 8099567509771 ],,,, [ 12966473309 ],,,, 
  [ 1371613941361 ],,,,,,,,,, [ 10410109440817 ],,,,,,,, [ 3035079001 ],,,,,,,,,, 
  [ 3884716601 ],,, [ 1580488879 ],, [ 1186590421 ], [ 1780946773, 236557666333 ],,, 
  [ 42511432741 ],,,,,,, [ 9204023221 ],, [ 143335097377 ],,,,,,,,,,,,,,,,,,,,,,,,, 
  [ 125817375889, 43827734239603 ],,,,,,, [ 1152919561 ],,, [ 15077592037 ],,, 
  [ 6682706119 ],,,,,, [ 14334888793 ], [ 5116386991 ], [ 5778272051 ],,,, [ 1911729643 ],,,,
  ,,,,,,,, [ 1705573465261 ],,,,, [ 2821312561 ], [ 841410574369 ],,, [ 34268495197 ],, 
  [ 153492817091 ],,,,,,,,,,,,,,,,,, [ 8100760403 ],,,, [ 2985693523 ],,,,,, [ 15878058481 ],
  ,,,, [ 7237688621 ],,,,,,,,, [ 1452223137151 ],,,,, [ 78254983361 ],, 
  [ 274972233843976351 ],,,,,,,,,,, [ 1956156379 ], [ 100389516757, 1018679285797 ],,, 
  [ 8795002861 ],,,,,, [ 3873949483 ], [ 1854133904393 ],,,,, [ 107032193225413 ],,, 
  [ 560556415085521 ],,,,,,, [ 3863911549 ],,, [ 192197160948911 ],,, [ 39401784937 ],,,,,,,,
  ,,, [ 573449766882841 ],,,,,,, [ 9202421869 ],,,,,,,,,,,,,,,,,,,,, [ 134192493541 ],,, 
  [ 38493698951, 74778028081 ],, [ 1719140167 ], [ 4782959179637 ],,,,,,,,,,,,,,,,,,,,,,,, 
  [ 4523309491 ],,,,,,,,,, [ 2067913369, 7242704461 ],,,,,,,, [ 7875476501 ],,,,,,,,,,,, 
  [ 8606461697 ],,,,,, [ 8585457193, 19365788723 ],,,,,,,,,,,,,,, [ 21464186773 ],,,,,,,,,,,,
  ,,,,,, [ 3960416381 ],,,,,,,,,,,,,,,, [ 12959468113 ],,,,,,,, [ 1250997161 ],,,,,,, 
  [ 2895110219 ],, [ 3118693817 ],, [ 18161130499 ],,, [ 1983853789 ],,,, [ 3909599059 ], 
  [ 1215296497 ],,,,,,,, [ 3586035221243 ],, [ 1268642269 ],,,,,,,,,,,,,,,,,,,,,,,,, 
  [ 14191376189 ],, [ 1308805681 ],,, [ 31361381899 ],,,,,,, [ 2948052414913 ],,,,,,,,,,,,,,,
  ,, [ 26439697951 ],,,,, [ 1587567011 ],,, [ 53704094767 ],,,,,,, [ 1652991859 ],,,,,,,,, 
  [ 372240328357 ],,,,, [ 63273747881, 203681323609 ],,,,,, [ 21823481978957 ],,,,,,,, 
  [ 2298134329 ],,,,,,,,,,, [ 1268137081, 91336962889 ],,, [ 137634846511 ], [ 7824072497 ],,
  , [ 15585143531 ],,,,,,,,,,,,, [ 1391458961 ],, [ 36953717881 ],,,,,,,,, [ 1884420482323 ],
  ,,,,,,,, [ 901398630017 ],,,,,,,,,,, [ 2614132909 ],, [ 4583892041 ],,,, [ 4550988823 ],,,,
  , [ 8728072471 ],,,, [ 108913836151 ],,,,, [ 603172463689 ],,,,,,,, [ 3654320921 ],,,,, 
  [ 437384140153 ],, [ 4858168669 ],, [ 1827621121 ],,,,,,,,,,,,,,,,,,,,,,,,,,,, 
  [ 14416061813, 1014735538261 ],,,, [ 3187105153 ],,,,,,,,,,,,,, [ 708060607139 ], 
  [ 313377031507 ], [ 70499163169 ],,,,,,, [ 1056444971 ],,,,,,,,,, [ 149368426351 ],,,,,,,, 
  [ 39975487327 ],, [ 2115873821, 4323283421 ],,,,,, [ 2074075937, 76462906894783 ],,,,,, 
  [ 1185691387 ],,,,,,,,,,, [ 3338732431 ], [ 26241505249 ],,,, [ 90931877947819 ],, 
  [ 8297083021 ],,,,,, [ 21048345431 ],,,,,,,, [ 3211737540217 ],,,,,,,,,, [ 2545351177 ],,, 
  [ 20480792977 ],,,,,,,,,,,,,,,,,,,,,,,,,,,,,,,,,,,,, [ 1139127497 ],,,, [ 1173420979 ], 
  [ 14935867283 ],,,,,,,, [ 7995163411 ], [ 5876015281 ],, [ 4802796601 ],,,,,,,, 
  [ 10537921526129 ],,,,,,,, [ 1667908259 ],,,,,,,,,,,,,,,,,,,,,,,,,,,,,,,,,,,,,, 
  [ 2787201463, 5602490653 ],,,,,, [ 8542542901 ],,,,,,,,,,,,,,,,,,,,,,,,,,,,, 
  [ 30081111589 ],,,,,,,,,,,,,,,,,,,,,,,,,,,,,,,,, [ 10013068759 ],,,,,,,,,,,,,, 
  [ 1546945093 ],, [ 21996571789 ],,, [ 8139016801 ],,,,,,,,, [ 11187999481 ],,,,, 
  [ 2123179741 ],,,,,,, [ 26359219849 ],,,, [ 83133558509 ],,,,,,,,,,,,,,, [ 1098344503 ],,,,
  ,, [ 26138400917 ],,,, [ 1577267761, 2347154993 ],,,,,,, [ 1281952093 ], [ 3240105793 ],, 
  [ 24809543173 ],,,,,,,,, [ 280727686801 ], [ 2570793661 ],, [ 35430644719 ],,,,,,, 
  [ 1394870261 ],,,,,,,,,, [ 6675796651 ],,,,,,,,,, [ 91926175381 ],,,,, [ 11239388441 ], 
  [ 1109605879, 7609223917 ], [ 116488247521 ],, [ 9356786209 ], [ 1025482206061 ],,,,,,, 
  [ 4560661223 ], [ 2413940803 ],,,,,,,,, [ 236599969993 ],,,,,,,,,,,,,,,,,,,,,, 
  [ 281700818723 ],,,,,,,, [ 6788874709 ],,,, [ 3941517131 ],,, [ 230617686223 ],,, 
  [ 27974792669 ],,,,,,,,,,,,,,,,,,,,,,,,,,,, [ 4187638001 ], [ 93337696513 ],,,,,,,,,,,,, 
  [ 1331995069 ],,,,,,,,,,,,,, [ 2047030669 ],,,,,,,,,,,,,,, [ 26290555321 ],,, 
  [ 26409845071 ],,,,,,,,,,,,,,,,,,,,, [ 16322322703 ],,,,,,,,,,,,,,,,,,,,,,, 
  [ 22362362741 ],, [ 16617807529 ],,,,, [ 16582542259 ],,,,, [ 17080006693 ],,,,,,,,,,,,,, 
  [ 5277340097 ],,,,, [ 16627786111 ],,,, [ 624009881701 ], [ 24269373551 ],, 
  [ 4640704532201 ],,,,,,,,,,,,,, [ 102705010081 ],,,, [ 6111832613 ],, [ 1783339333 ],,,,,,,
  ,, [ 2618846731 ],,,,,,,,,,, [ 2775102689 ],,,,,,,,,, [ 29308927861 ],,,,,,,,,,,,,,,,,,,, 
  [ 125541349511 ],, [ 7329926801 ],,,,,,,,,,,,,,,, [ 6348828420353 ],, [ 1048972321 ],,, 
  [ 4070533741 ],, [ 390458558821 ],,,,,,,,, [ 520959373393 ],,,,,,,,,,,,,,,,,,,,,,,,,,,,,,,,
  ,,,,,,,,,,,,,,,,,,,,,,,,, [ 5688637453 ],,,,,,,,,,,,,,,, [ 1862668571 ],,,,,,,,, 
  [ 172166603153 ],,,,,,,,,,,, [ 1062787573 ],,,,,,,,,,, [ 10354552099 ],,,,,,,,,,, 
  [ 1493368361 ],,,,,,,, [ 523386143873 ],,,,,,,, [ 12388556701 ],,,,,,,,,,, 
  [ 2604952798351 ],,,,,,,,,,,,,,,, [ 4912597861 ], [ 172007429089 ], [ 9599005937 ],,,, 
  [ 1755396847 ], [ 2880571339 ],,,,, [ 1504352851 ],,,,,, [ 7443664201 ],,,,,,,,, 
  [ 1688395957 ],,,, [ 16915055711 ],,,,,,,,,, [ 1035652369, 1356222697 ],,,,,,,,,,,,,,,,,,,,
  ,,, [ 3585818471 ], [ 11089676977 ],,,,,,,,,,,,,,,,,,, 
  [ 6428496601, 10614506401, 71353413151 ],,,,,,,,,,,,, [ 3782245583569 ],,,,,,,,,,,,,,,,,,,
  , [ 48250385317, 644603479717 ],, [ 3732951661 ], [ 29373309139 ],,,,,,,,, [ 35494960801 ],
  ,, [ 91325326861 ],,,,,,,,, [ 18839302597 ],, [ 112569027163 ],,,, [ 807102719029 ],,,, 
  [ 4654426837 ],, [ 10579899553 ],,,,,,,,,, [ 810449313647 ],,,, [ 14148424231 ],,,,,,,,,,,
  , [ 16893392821 ],,,,,,,,,,,,,,,, [ 117052384717 ],,,,,,,,,,,,,,,,,,,,,,,,,, 
  [ 5474680553 ],,,,,,,,,,,,,, [ 2314832431 ],,,,,,,,,,,,, [ 44229302927 ],,,,,,, 
  [ 3087718549 ],, [ 13738052609 ],,,,,, [ 4819886627 ],, [ 2951717033 ],,,,,,,,,,,,,,,, 
  [ 1707758233, 2039486681, 7333926241 ],,,,,,,, [ 35954730241 ],,,,,,,,,, [ 5260558661 ],,,,
  ,,,,,,,,,,,, [ 10470035881 ],,,,,,,,,,,, [ 2501061949 ],,,,,,,, [ 8494846799 ],,,,,,,, 
  [ 99593004619 ],,,,, [ 15854112919 ], [ 4346539061 ],, [ 2470068859 ],,,,,,,, 
  [ 3692209201 ],,,, [ 10615235593 ],, [ 3104860453, 16782006889 ],,,,,,,, 
  [ 4073296037, 561314227697 ],, [ 3181290751 ],,,,,,,,,,,, [ 237935652277 ],,,, 
  [ 4831000991 ],,,,, [ 269108611609 ], [ 3880798153 ],,,, [ 1882834753 ],,,,,,,,,,, 
  [ 6047008493, 6977055199 ],, [ 93247430011 ],,, [ 2384165233 ],, [ 18823189771 ],,,,,,,,,,,
  ,,,,,,,,,,,,,,,,,,,,, [ 42673675061 ],, [ 15465605737 ],,,,,,,,,, [ 86760387011 ],, 
  [ 4834791937, 5122697473 ],,,,,,,,,, [ 12776234027 ],,,,, [ 22992001189 ],,, 
  [ 15121123471 ],,,,,,,,,,,,,,,, [ 1679712571 ],,,,,,,,,,,,,, [ 38068654369 ],,, 
  [ 28800101233 ], [ 181020156277 ],,,,,,,,,, [ 52628090905447 ],,,,,,,,,,,,,,,,,,,,,, 
  [ 9454745281 ],,,,,,,,,,,,,,,, [ 30654640241 ],,,,,,,,,,,,,, [ 138836528881 ],,,,,,,,,,,, 
  [ 1258807933 ],,,,,,,,,,,,,,, [ 84294673453 ],,,,,,,,,,,,,,,,,,, [ 9022740833 ],,,,,,,,,,,,
  ,,,,,,,, [ 1401441661 ],,,, [ 72590634481 ],,,,,,,, [ 1065934657 ],,,,,,,,,,,, 
  [ 186731300461 ],,,,,,,, [ 2835441029 ],,,,,,, [ 6653143912801 ],,, [ 11375380927 ],,,,,,,,
  ,,,,,,,,,,,,,,,,,,,,,, [ 32980386997 ],, [ 10084536841 ],,,,,,,,,,,,,, [ 40816097617 ],,,,,
  ,, [ 10984907207 ],,,,,,,,,,,,,,,,,,,,,,,,,,,,,,,,,,,,,,,,,,,,,,,,,,,,,,,,, 
  [ 260078648009 ],,,,,,,,,,,,,,,,,,,, [ 11738187303361 ],,,,,, [ 2428831481 ],,,,,,,,,, 
  [ 127681945121 ], [ 67587849451 ], [ 85287233089 ],,,,,,,,,, [ 317845992314789 ],,,,,,,,,, 
  [ 14305300843 ],, [ 1529048977 ],,,,,,,,,,,,,,,,,,,,,,,,,,,,,,,, [ 39525808321 ],,,,,,,,,,,
  ,,, [ 1385504671 ], [ 1960875431 ], [ 1424182801 ],,,,,, [ 19954476821 ],,,,,,,,,, 
  [ 19126965073 ],,,,,,,,,,,,,, [ 1709738843801 ],,,,,, [ 7431617621 ],,,,,,,,,, 
  [ 43612951663 ],,,, [ 33010124891 ],,,, [ 1581311401 ],,,,,,,,,,,,,,,,,,,, [ 127751817031 ]
   ,,,,,,, [ 43198786459 ],,,,,,,,, [ 5913789041 ],,,, [ 10714347001 ],,,, [ 1791744347 ],, 
  [ 149669268913 ],,,,,,,,,, [ 1617494609 ],, [ 2966841841 ],,, [ 1879478952541 ],,,,,,,,,,,,
  ,,,,,,,,,,,,,,, [ 97767934861 ],,,,,,,,,,,,,,,,,, [ 9684584209 ],,, [ 2512845721 ],,,,,,,,,
  ,, [ 1535358661 ],,,,,,,,,,,, [ 15852447001 ],,,,,, [ 19669481497 ],,,,,, [ 1266765481 ],,,
  ,,,,,,,,,,,,,,, [ 826170070753 ],,,,,,,,,,,,,,,,,,,,,, [ 134379361663 ],,,,,, 
  [ 83161293661 ],,,,,,,,,,,,,,,,,,,, [ 1677287041 ],,,,,,,,,,,,,, [ 27048158623 ],, 
  [ 1048452726817 ],, [ 2801499409 ],, [ 11865811981 ],,,,, [ 129031116481 ],,,,,,,,,,, 
  [ 1846558897 ],,,,,,,,,,,,,,,,,,,,,,,,,,, [ 1094964779 ],,, [ 8228402341 ],,,, 
  [ 32641789051 ],,,,,,,,,,,,,,,,,,,, [ 57643336501 ],,,,,,,,,,,,,,,, [ 45012174283 ],,,,,,,,
  ,,,,,, [ 2229653161, 8427940601 ],,,, [ 2033344909, 17718803929 ],, [ 58336553131 ],,,, 
  [ 1542520981 ],,,,,,,,,, [ 32670049801 ],,,, [ 268818810209 ],,,,,, [ 78819025871 ],,,,,,,,
  ,,,,,,,, [ 518520286621 ],,,,,,,,,,,,,, [ 8623914181 ],,,,,,,, [ 4535881429 ],,,, 
  [ 150315320833 ],,,,,, [ 800164670699 ],,,,,,,, [ 185760341713 ],,,,,,,,,,,,,,,, 
  [ 490222621981 ],,,,,,, [ 646341994453 ],,,,,,,,, [ 1426231819 ],,,,,, [ 9265174837 ],,,,,,
  ,,,,,,,,,,,,,, [ 65559154249 ],,,,,,,,,,,,,,,,,,,,,,,,,,,, [ 4816663321 ],,,, 
  [ 5388400177 ],,,,,,,,,,,,, [ 4723956451 ], [ 2685070891, 14741389501 ],,,,,,,,,,,,,, 
  [ 493309537873 ], [ 10214345311 ],,,,,,,,,,,,,,,,, [ 142031864731 ],,,,,,,,,,,,,,,,,,,,,,,,
  ,,,,,,,,,,,,,, [ 4535546261 ],,,,,,,,,,, [ 248383440373 ],,,,, [ 7432284809 ],,,,,,,,,,,,,,
  ,,,,,, [ 878775369473 ],,,,,,,,,,,,,,,,,,,,,,,, [ 13772952001 ],,,,,,,, [ 18284285953 ],,,,
  ,,,,,,,,,,,,,,,,,,,,,, [ 1054712303 ],,,,,,,,,, [ 157579892209 ],,,,,,,,,,,,,,,,,, 
  [ 262877005189 ],,,,,,,,,,,,,,,,,, [ 64376465401 ],,,,,,,,,,,,,,,,,,,,,,,,,,,,,,,,,,,,,,,,,
  ,,,,, [ 508715491799 ],,,,,,,,,,,,,,,,,,,,,,,,,,,,,,,,,,,,,,,,,,,,,,,,,,,,,,,,,,,,,,,,,,,,,
  ,,,,,,,,,,,,,,, [ 13193700131 ],,,,,,,,,,,,,,,,,,,,,,,,,,,,,, [ 7745679481 ],,,,,,,,,, 
  [ 612471643051 ],,,,,,,,,, [ 13528947241 ],,,,,,,,,, [ 1648670321 ],,,,,, 
  [ 3491294017, 7775474393 ],,,, [ 1889262721 ],,,,,, [ 5222073739 ],, 
  [ 2390398193, 7465975193 ],,,,,,,,,,,,,,,,,,,,,,,,,,,,,,,,,,,,,,,,,,,,,,,,,,,,,, 
  [ 1015996129 ],,,,,,,,,,,,,,,,,, [ 17367251521 ], [ 10137138727 ], [ 66921878713 ],,,,,,,,,
  ,,,,,,,,,,,,,,,,,,, [ 13589182171 ],,,, [ 40539414257 ],,,,,,,,,,,,,,,,,,,,,,,,,,,,,,,,,, 
  [ 1913857921 ],,,,,,,,,,,, [ 2779907761 ],,,,,,,,,,,,,, [ 77241444421 ],,,,,,,,,, 
  [ 51221671297 ],,,,,,,,,,,,,,,,,,,,,,,,,,,,,,,,,,,,,,,,,, [ 2231362849 ],,,, 
  [ 1102257661 ],,,,,,,,,,,,,,,,,,,,,,,,,,,,,,,, [ 1331873821171 ],,,,,,,,,,,,,,,,,, 
  [ 42085254121 ],,,,,,,,,,,,,,,,,,,,,,,,,,,,,,,,,,,,,,,,,,,,,,,,,,,,,,,,,,,,,,,,,,,,,,,,,,,,
  ,, [ 2369682807409 ],,,,,,,,,,,,,,,,,,,,,,,, [ 203187262651 ],,,,,,,,,,,,,,,,,,,,,,,,,,,,,,
  ,,,,,,,,,,,,,,,,,,,,,,,,,,,,,,,,,,,,,,,,,,,,,,,,,,,,,,,,,,,,,,,,,,,,,,,,,,,,,,,,,,,,,,,,,,,
  ,,,,,,,,,,,,,,,,,,,,,,, [ 129652114219 ],,,,,,,,,,,,,,,,,,,,,,,, [ 13600396111 ],,,,,,,,,,,
  ,,,,,,,,,,,,, [ 12006926461 ],,,,,,,,,,,,,,,,,,,,,,,,,,,,,,,,,,,,,,,,,,,,,, [ 1718365001 ],
  , [ 75032397091 ],,,,,,,,,,,,,,,,,,,,,,,, [ 123304682827 ],,,,,,,,, [ 364467949381 ],,,,,,,
  ,,,,,,,,,,,,,,,,,,,,,,,,,,,,,,,,,,,,,,,,,,,,,,,,,,,,,,,,,,,,,,,,,,,,,,,,,, 
  [ 4283527296673 ],,,,,,,,,,,,,,,,,,,,,,,,,,,,,, [ 4516619329, 51176941819 ],,,,,,,,,,,, 
  [ 10433272789 ],,,,,,,,,,,,,,,,,,,,,,,,,,,,,,,,,,,,,,,,,,,,,,,,,,,,,,,,,,,,,,,,,,,,,,,,,,,,
  ,,,,,,,,,,,,,,,,,,,,,,,,,,,,,,,,,,,,,, [ 24670312993 ],,,,,,,,, [ 4306660009 ],,,,,,,,,,,,,
  ,,,,,,,,,,,,,,,, [ 2980489331 ],,,,,,,,,,,,,,,,,,,,,,,,,,,, [ 1524503596309 ],,,,,,,,,,,,,,
  ,,,,,,,,,,,,,,,,,,,,,,,,,,,,,,,,,, [ 504170274241 ],,,, [ 1797097901 ],,,,,,,,,,,,,,,,,,,,,
  ,,,,,,,,,,, [ 24752438047 ],,,,,, [ 93194070217 ],,,,,,,,,,,,,,,,,,,,,, [ 136202318701 ],,,
  ,,,,,,,,,,,,,,,,,,,,,,,,,,,,,,,,,,,,,,,,,,,,,,,,,,,,,,,,,,,,,,,,,,,,,,,,,,,,, 
  [ 4714780111471 ],,,,,,,,,,,,,,,,,,,,,,,,,,,,,,,,,,,,,,,,,,,,,,,, [ 2098490281 ],,,,,, 
  [ 1642165819981597 ],,,,,,,,,,,,,,,,,, [ 3199833883 ],,,,,,,,,,,,,,,,,,,,,,,,,,,,,,,,,,,,,,
  ,,,, [ 3159644161 ],,,,,,,,,,,,,,,,,, [ 2861466427 ],,,,,,,,,,,,,,,,,,,,,,,, 
  [ 91120738831 ],,,,,, [ 2888883793 ],,,,,,,,,,,, [ 2308371913 ],,,,,,,,,,,,,,,,,,,,,,,,,, 
  [ 1317495481 ],,,,,,,,,,,,,,,,,,,,,, [ 17780056549 ],,,,,,,,,,,,,,,,,,,,, [ 1677061459 ],,,
  ,,,,,,,,,,,,,,,,,, [ 62393536039 ],,,,,,,,,,,,,,,,,,,,,,,,,,,,,,,,,,,, [ 188319696511 ],,,,
  ,,,,,,,,,,,,,, [ 2453286169 ],,,,,, [ 103150872332173 ],,,,,,,,,,,,,,,,,,,,,,,,,, 
  [ 25032051221 ],,,,,,,,,,,,,,,,,,,,,,,,,,,,,,,,,,,,,,,,,,,,,,,,,,,,,,,,,,,,,,,,,,,,,,,,,,,,
  ,,,,,,,,,,,,,,,,,,,,,,,,,,,,,,,,,,,,,,,,,,,,,,,, [ 24785553769 ],,,,,,,,,,,, 
  [ 9406276057 ],,,,,,,,,,,,,,,,,,,,,,,,,,,,,,,,,,,,,,,,,,,,,,,,,,,,,,,,,,,,,,,, 
  [ 6124911704101 ],,,,,,,,,,,,,,,,,,,,,,,,,,,,,,,,,,,,,,,,,,,,,,,,,,,,,,,, [ 13651426573 ],,
  ,,,,,,,,,, [ 14669490097 ],,,,,,,,,,,, [ 7190302501, 7917647761 ],,,,,,,,,,,,,,,,,,,,,,,,,,
  ,,,,,,,,,,,,,,,, [ 1571907187 ],,,,,, [ 27719716597 ],,,,,,,,,,,,,,,,,,,,,,,,,,,,,,,,,,,,,,
  ,,,,,,,,,,,,,,,,,,,,,,,,,,,,,,,,,, [ 179343739621 ],,,,,, [ 41287924081 ],,,,,,,,,,,,,,,,,,
  ,,,,,, [ 1689901501 ],,,,,,,,,,,,,,,,,,,,,,,,,,,,,,,,,,,,,,,,,,,,,,,, [ 7475837221 ],,,,,,,
  ,,,,,,,,,,, [ 161404411717 ],,,,,,,,,,,,,,,,,,,,,,,,,,,,,,,,,,,,,,,,,,,,,,,,,,,,,,,,,,,,,,,
  ,,,,,,,,,,,,,,,,,,,,,,,,,,,,,,,,,,,,,,,,,,,,,,,,,,,,,,,,,,,,,,,,,,,,,,,,,,,,,,,,,,,,,,,,,,,
  ,,,,,,,,,,,,,,,,,,,,,,,,,, [ 4073407633 ],,,,,,,,,,,,,,,,,,,,,,,,,,,,,,,,,,,,,,,,,,,,,,,,,,
  ,,,,,,,,,,,,,,,,,,,,,, [ 1873102969 ],,,,,,,,,,,,,,,,,,,,,,,,,,,,,,,,,,,,,,,,,,,,,,,,,,,,,,
  ,,,,,,,,,,,,,,,,,,,,,,,,,,,,,,,,,,,,,,,,,,,,,,,, [ 9773080201, 155731900861 ],,,,,,,,,,,,,,
  ,,,,,,,,,,,,,,,,,,,,,,,,,,,,,,,,,,,,,,,,,,,,,,,,,,,,,,,,,,,,,,,,,,,,,,,,,,,,,,,,,,,,,,,,,,,
  ,,,,,,,,,,,,,,, [ 1169840701 ],,,,,,,,,,,,,,,,,,,,,,,,,,,,,,,,,,,,,,,,,,,,,,,,,,,,,,,,,,,,,
  ,,,,,,,,,,,,,,,,,,,,,,,,,,,,,,,,,,,,,,,,,,,,,,,,,,,,,,,,,,, [ 1444128203341 ],,,,,, 
  [ 32737239529 ],,,,,,,,,,,,,,,,,,,,,,,,,,,,,,,,,,,,,,,,,, [ 224582439859 ],,,,,,,,,,,,,,,,,
  ,,,,,,,,,,,,,,,,,,,,,,,,,,,,,,,,,,,,,,,,,,,,,,,,,,,,,,, [ 1008232831 ],,,,,,,,,,,,,,,,,,,,,
  ,,,,,,,,,,,,,,,,,,,,,,,,,,,,,,,,,,,,,,,,,,,,,,,,,,,,,,,,,,,,,,,,,,,,, [ 4485911041 ],,,,,,,
  ,,,,,,,,,,,,,,,,,,,,,,,,,,,,,,,,,,,,,,,,,,,,,,,,,,,,,,,,,,,,,,,,,,,,,,,,,,,,,,,,,,, 
  [ 2688839581 ],,,,,,,,,,,,,,,,,,,,,,,,,,,,,, [ 19165559401 ],,,,,,,,,,,,,,,,,,,,,,,,,,,,,,,
  ,,,,,,,,,,,,,,,,,,,,,,,,,,,,,,,,,,,,,,,,,,,,,,,,,,,,,,,,,,,,,,,,,,,,,,,,,,,,,,,,,,,,,,,,,,,
  ,,,,,,,,,,,,,,,,,,,,,,,,,,,,,,,,,,,,,,,,,,,,,,,,,,,,,,,,,,,,,,,,,,,,,,,,, [ 1323743247061 ]
   ,,,,,,,,,,,,,,,,,,,,,,,,,,,,,,,,,,,,,,,,,,,,,,,,,,,,,,,,,,,,,,,,,,,,,,,,,,,,,,,,,,,,,,,,,,
  ,,,,,,,,,,,,,,,,,,,,,,,,,,,,,,,,,,,,,,,,,,,,,,,,,,,,,,,,,,,,,,,,,,,,,,,,,,,,,,,,,,,,,,,,,,,
  ,,,,,,,,,,,,,,,,,,,,,,,,,,,,,,,,,,,,,,,,,,,,,,,,,,,,,,,,,,,,,,,,,,,,,,,,,,,,,,,,,,,,,,,,,,,
  ,,,,,,,,,,,,,,,,,,,,,,,,,,,,,,,,,,,,,,,,,,,,,,,,,,,,,,,,,,,,,,,,,,,,,,,,,,,,,,,,,,,,,,,,,,,
  ,,,,,,,,,,,,,,,,,,,,,,,,,,,,,,,,,,,,,,,,,,,,,,,,,,,,,,,,,,,,,,,,,,,,,,,,,,,,,,,,,,,,,,,,,,,
  ,,,,,,,,,,,,,,,,,,,,,,,,,,,,,,,,,,,,,,,,, [ 104146728121 ],,,,,,,,,,,,,,,,,,,,,,,,,,,,,,,,,
  ,,,,,,,,,,,,,,,,,,,,,,,,,,,,,,,,,,,,,,,,,,,,,,,,,,,,,,,,,,,,,,,,,,,,,,,,,,,,,,,,,,,,,,,,,,,
  ,,,,,,,,,,,,,,,,,,,,,,,,,,,,,,,,,,,,,,,,,,,,,,,,,,,,,,,,,,,,,,,,,,,,,,,,,,,,,,,,,,,,,, 
  [ 58668215101 ],,,,,,,,,,,,,,,,,,,,,,,,,,,,,,,,,,,,,,,,,,,,,,,,,,,,,,,,,,,,,,,,,,,,,,,,,,,,
  ,,,,,,,,,,,,,,,,,,,,,,,,,,,,,,,,,,,,,,,,,,,, [ 1506023821 ],,,,,,,,,,,,,,,,,,,,,,,,,,,,,,,,
  ,,,,,,,,,,,,,,,,,,,,,,,,,,,,,,,,,,,,,,,,,,,,,,,,,,,,,,,,,,,,,,,,,,,,,,,,,,,,,,,,,,,,,,,,,,,
  ,,,,,,,,,,,,,,,,,,,,,,,,,,,,,,,,,,,,,,,,,,,,,,,,,,,,,,,,,,,,,,,,,,,,,,,,,,,,,,,,,,,,,,,,,,,
  ,,,,,,,,,,,,,,,,,,,,,,,,,,,,,,,,,,,,,,,,,,,,,,,,,,,,,,,,,,,,,,,,,,,,,,,,,,,,,,,,,,,,,,,,,,,
  ,,,,,,,,,,,,,,,,,,,,,,,,,,,,,,,,,,,,,,,,,,,,,,,,,,,,,,,,,,,,,,,,,,,,,,,,,,,,,,,,,,,,,,,,,,,
  ,,,,,,,,,,,,,,,,,,,,,,,,,,,,,,,,,,,,,,,,,,,,,,,,,,,,,,,,,,,,,,,,,,,,,,,,,,,,,,,,,,,,,,,,,,,
  ,,,,,,,,,,,,,,,,,,,,,,,,,,,,,,,,,,,,,,,,,,,,,,,,,,,,,,,,,,,,,,,,,,,,,,,,,,,,,,,,,,,,,,,,,,,
  ,,,,,,,,,,,,,,,,,,,,,,,,,,,,,,,,,,,,,,,,,,,,,,,,,,,, [ 934067682451 ] ]);
