BRENTFACTORS[870]:=[ ,,,,,,,,,,,,,,,, [ 5937403987 ],,,,,, 
  [ 1821459184742063190026231 ], [ 11303247217 ], 
  [ 2215858751, 45726793391331513999401 ],, [ 3545371189, 53609417758891 ], 
  [ 4136625732709 ], [ 2207426158354908644041544376341 ],, 
  [ 48013692491, 2825184742019, 75545363439580956530859161 ], 
  [ 79313960900929 ], [ 43717769568331, 45218081941954417 ],, 
  [ 224511485244131, 5090686605825680289824591 ],, 
  [ 4119703507, 15586982695543870621943 ],,,, 
  [ 28824116102809259, 7684406313633315393246034202043128177608783 ],,, 
  [ 1226054559820589621 ], [ 24555028659238981 ], 
  [ 122978837302319, 6631614509567205620836039 ], 
  [ 1708924570751, 1079099919793039, 
      288925405208222908496310671612616974300234175373037 ],,, 
  [ 6005764105951, 2095779288509375251 ], 
  [ 11793212205232367448235151347624052883487 ],, 
  [ 8552893763, 5845963678337454647 ],, 
  [ 87980738561, 45249486824850745078310771760930058756201 ],, 
  [ 49192746820118822527610546059294247513473500757 ], 
  [ 35582972567161, 305870792264621 ], [ 149245457708287 ],, 
  [ 2125371029, 50170106489096987472853 ], 
  [ 41861331506795496221363512061351 ], 
  [ 7975385762205562219, 58810309625193108319, 466852003526874698946328879 ],
  [ 10034772656565372734498831093977153 ], [ 17877244872631 ],, 
  [ 156994548016776114149 ], 
  [ 207731762763493, 117917344927604593097736964860593 ], 
  [ 30632146734029851, 302217938617838234737247426397390948661 ], 
  [ 298279103796031 ], [ 1665148043090159 ], 
  [ 181345784983201, 11377484784797165691770881 ],, 
  [ 50554283520503462542196637873178101982151 ], 
  [ 4600057351, 51469944859876411146151, 1002639173342153715740246212801 ], 
  [ 602102105197, 260027076317304644968608981910220389 ],, 
  [ 1507914253, 7801849043431, 1754893711498513 ], [ 236775816803 ], 
  [ 3715537609621734190241, 231469417228710466606961 ], 
  [ 26743512530323, 72929644414021 ], [ 1182366643949, 500935136026740061 ], 
  [ 42138254729, 59777691949 ], [ 72106347616213, 5810934501823121413 ], 
  [ 6197322121, 836014972781 ], 
  [ 36486892427, 336799252423, 160387150611967, 
      18699698553271839297118711789601 ],, 
  [ 917909758657, 1122068081136771473, 20267854655559508889, 
      980913800848257250024899113 ], [ 293178606139 ], [ 46856319978826711 ],
  [ 33866911742483 ], [ 15017768946704733102634439861 ], 
  [ 4978725243090404263671331 ],, [ 48662245160861, 103168717688080219481 ], 
  [ 5388012491786367561690368845057 ],, [ 27462029813, 33259728325243897 ],, 
  [ 7505228701, 8697985322782201, 559234906109965838638961221901 ], 
  [ 4556683883, 512447388532997893 ], 
  [ 7171073587, 36399967249, 1292521903366155724963124293861683493 ], 
  [ 5458485619, 3188167496677 ], 
  [ 1295620873, 98442212857, 2219233989404824577453864490332168622368684377 ]
    , 
  [ 29852227441, 31277024941, 56365529494447322521, 165458372834460221881 ], 
  [ 1502522759 ], [ 7902938039 ], [ 25869524757121, 29182325838517 ], 
  [ 93704366774467 ], [ 8477577721726554822151 ],,,, 
  [ 96802225179149974112071 ], [ 1393222977151 ],, 
  [ 91406516293, 3542015121607, 50401891957951 ], 
  [ 1271712754758557, 22146635983463889052552081 ], 
  [ 286878654763, 236525471654715629 ], [ 937642476812632441 ], 
  [ 1452804858121 ],,,, [ 1540519150747501 ],,, [ 57285076294379777 ],, 
  [ 86851970330581 ],, 
  [ 32826900793608730348432201, 115555039737326423070373153 ],,, 
  [ 33171326886274524584551 ], [ 129935910124417 ],, 
  [ 30628227126352116898235337355777 ],, [ 40403957021 ],, 
  [ 60061313167845637, 1907153744078995807, 73928470772754595553, 
      9019625872380735200939617 ],, 
  [ 745112256586561, 85260152800731930081831022413169, 
      20403913312538792471214963962305044913 ], [ 27749003125171 ], 
  [ 7455704760151162183 ], [ 5947228706371261, 13194349693930819 ],,, 
  [ 151810229438493601, 61740882048301862701 ],,,,,,,, 
  [ 10955523133, 43672514845759117 ],, [ 21040953977506031524481 ],, 
  [ 37082617766767, 6685272100554820237 ],, [ 2001529754737 ], 
  [ 100939121318641, 569670752748571, 52484947667119771 ],,, 
  [ 40469193880406089 ],, [ 261774928170440998257421 ], [ 5646604288411 ], 
  [ 144438277253597 ],,,,,,,, [ 6199910965830719132641 ],, 
  [ 88208291888262911 ],, [ 255045883489 ],,,,,,,, 
  [ 63741778561, 927255594967297 ],,, [ 14676077099788651 ],,,,,,,,, 
  [ 5308216477, 971874062977 ],, 
  [ 9625224801029, 11043683581027, 90756280749137 ],, [ 1136562850177 ],, 
  [ 3582136531, 8014459976461, 112598310363699115194121 ],,,,,, 
  [ 185767115473 ],,,, [ 10603301305127343781 ],, 
  [ 8599120273, 305136593299, 244132570910352457, 936866134273112677 ],, 
  [ 1086836801 ], [ 129658233135601 ], [ 19767201193, 201494790626083469 ],,,
  , [ 1429244611 ], [ 148348479049, 1764312988228099 ],,, 
  [ 17781212886193248156991, 20257858030550097676203109 ],,,,,, 
  [ 878646146641 ],, [ 4245050987, 1271965812998453 ],,,, [ 759591971985871 ]
   ,,,, [ 945453156667087001 ],,,,, [ 13504976461 ],,, [ 46951956427147 ],, 
  [ 1728517961 ],,,,,,,,,,,,,,,,,,,,,,,,,,,, [ 2844500567414689 ],,,,,,,,,,,
  , [ 10186373401, 12419976901 ],,,,,,,,,, [ 1862449308761 ],, 
  [ 37080507996191089 ],,,,,,,,,,,,,,,,,, 
  [ 6922035235039651, 2140172761319101741 ],,,,,,,,,, [ 693128404361 ],,,,,,,
  , [ 257083352569 ],, [ 8521248731244365551 ],,,,,,,,,, [ 9392395674241 ],,,
  ,,, [ 141182048533 ],,,,,, [ 53896572349, 274714226006497 ],,,,,,,,,,,, 
  [ 40097171667073 ],,,,,, [ 452286712469585040596251 ],,,,,,,,,,,,,,,,,, 
  [ 33697152481 ],,,,,,,,,,,,,,,,,,,,,,,,,,,,,,,,,,,,,,,,,,,,,,,,,,,,,, 
  [ 4526303629, 1144235286243589 ] ];
