BRENTFACTORS[7748]:=MakeImmutable([ ,,,,,,,,,, [ 198363162713 ],,,,,, [ 185297319203 ],, 
  [ 8826446057477011 ],, [ 3319087890894727351 ],,, [ 2472914114719249 ],, 
  [ 291447929761, 9629234520622679 ],, [ 84565981333 ], [ 221544988947099714451782231889 ], 
  [ 914583723961 ], [ 8265911749668143229570762593636021 ], [ 1546383169 ], 
  [ 12640105976269927, 4450761138257529712139293 ], [ 25174167678268553051 ],, 
  [ 1030816975861 ], [ 3098120905799 ], [ 51745124697731 ], [ 31782397778743 ],, 
  [ 536558824273 ], [ 34080882949 ], 
  [ 3371635167379231, 433720680820676811481721, 39532007289022289926911233 ], 
  [ 91915952482597, 1139303732969426402881757 ], [ 4938649223247867365281 ], 
  [ 1044893344661, 8499458627305495343405917 ], [ 1367776394048313987527508629 ],,, 
  [ 8163963425732305747951 ],, [ 600217197061, 1397627588017961 ], 
  [ 23720955919, 93318233698086847428308569 ], [ 91384248663667, 25135859437547721679 ], 
  [ 2739985271, 10917875994692041 ], 
  [ 2343299797712426164402518001, 16744515489713172461632867361 ], 
  [ 103974088741, 2622911293657, 21376228593619 ], 
  [ 1917778137578680800460759529016313795795969 ], [ 35898761929 ],, 
  [ 43602084419737, 233097092581232491 ], [ 88510288043, 11764561401298162997 ], 
  [ 7775116399, 408492377613408811482419058001 ], [ 222111147327713741098380481 ], 
  [ 3558195430191053720381 ],, [ 349766487774153949439 ],, [ 137902382416378403806573 ], 
  [ 9244267748968899012453039179717430851 ], [ 63310388890213, 616672151476745902523 ],, 
  [ 2139755068606617992342587 ], 
  [ 277057396159, 1295245477009289471224102620703452852492656846921893 ], 
  [ 105004233097051, 5526838046858521633848120646501 ], 
  [ 573641575923667684447965717409120469 ], [ 4622131208814932429 ],, 
  [ 109022511400043473, 519821718775373071319 ], 
  [ 759853676237688922667565739418620790139281 ], [ 1700796852350059902943231 ], 
  [ 101093720911, 204539704006120115081185789269748607832899021085405764239353395604997 ], 
  [ 38172898027941307 ], [ 808112196718681, 1164877564436246053 ],,,, 
  [ 34317806689, 513808897232929, 360901601988117126410495108209, 
      9360270452924731057795843827337 ], 
  [ 2438848667, 63741452475977424067, 652059532926776574881 ], [ 141011304324233293801 ],, 
  [ 613134083150306234601521 ],, 
  [ 286100803842731, 64060048411370020262963, 184287915888118568625821239249 ], 
  [ 320255933580971 ], [ 7202605427280577, 1817060427413899716630482536457336130334763088481 
     ], [ 49414145527129682261 ], [ 1084071910890730268459 ], 
  [ 149120353009, 2228290924663, 45014628673803291823, 260234487635082438596378754979 ], 
  [ 450319833028201, 4744230135130406129539501 ], [ 35543749367167 ], 
  [ 6330681103, 23084898367, 196000398571, 135428625900019339407975997 ], 
  [ 3022407877607, 412176721254971411733781 ], [ 973064493857 ], [ 27484897534711 ], 
  [ 10806328911067 ], [ 7445136827 ], [ 12826475281 ], 
  [ 10745294338315447, 1526500475847261373 ], [ 64204221955171 ], 
  [ 13823291816833, 131030953250370709 ],,,, [ 12098234831 ], 
  [ 6431672672933, 559648826198190043682960837 ], [ 86880357990258475033 ],, 
  [ 1389672858659, 85182239399304797, 11720460021783743228027 ], 
  [ 7633050643855970267599121044681 ], [ 7070084794692701 ], [ 4382613860546476651 ], 
  [ 460079999338665852463 ], [ 8849660660736529, 27489543843122773 ], 
  [ 829862220944739166928251 ], 
  [ 35328023279137, 57592824781011122611, 892221704368499716183217197, 
      12153377960326182046999999069 ], [ 245048342009 ], [ 38184510593 ], 
  [ 8992155579991387, 544218642913904420773 ],,, 
  [ 84782902755541, 25505508669704220654425331349 ], [ 75266224568627 ],, 
  [ 4814180930339191 ],, [ 31275190085705477 ],, [ 12782859781, 4557439312270547501 ], 
  [ 16383477972149437410941, 803294356437487995561128761 ],, [ 773058590078021939 ], 
  [ 2987146163 ], [ 5092384533923212705182529 ], [ 112141645550941, 427312227269981 ],,,, 
  [ 17170551349639, 48202272131348911, 244100599854314907337 ], 
  [ 31664337451, 338490114614851, 46380630663539461351, 153301769748109472251, 
      463165068895445322837552996731030790664349551 ], [ 7871045352495594142063 ], 
  [ 2309367823481, 28781992407062161974177721 ], 
  [ 1247849641, 61863599823139, 2064784699955991679458211, 311157848186904709604817650683 ], 
  [ 177168321703690396619 ], [ 12389032628157431 ],,,, [ 2303112139, 3685766404660453 ], 
  [ 24733789356561120082721 ], [ 10828338416029 ],,,,, [ 14297810741 ], 
  [ 155770759259719117 ], [ 174630196159256125681 ], [ 5102959365947 ],,, 
  [ 5200279876933, 29832597494282900017 ], [ 952681084248718026799 ], 
  [ 30359783611, 1050139830643, 84196482789751, 6231514054871127059915908489 ],,, 
  [ 252246583941799 ], [ 10499139162997 ], [ 5901131695861711811 ],, 
  [ 3471999197, 3342001025669141677, 912902503070701277809 ], 
  [ 255613047041717, 6179763612979552908682553 ],, [ 103214819507575961249 ], 
  [ 5158109165437120931 ], [ 551768110434218779 ], [ 2683045333 ], 
  [ 827580305389, 7426698851212969 ], [ 4211486385751 ], [ 2064140792150104391 ],,,, 
  [ 3220063902179, 227558447980459451, 65817786078230338223 ],, [ 454398287760697337 ], 
  [ 18757613176381 ],, [ 34424165843 ], [ 131156197846501801, 12270796845747759401 ],, 
  [ 759962094528707803613 ], [ 1164494619289 ], [ 11486175757172581 ], [ 18187603691 ], 
  [ 303055610061991, 2427809464608019 ],, [ 1287660193 ], [ 59162526279824309 ],,, 
  [ 2545334917361 ], [ 1653913516846385059 ], [ 12938751462189061 ], [ 133794241357151 ], 
  [ 128791035356776777 ],,,, [ 20398726513441, 49630979708641 ], [ 2034203240551 ], 
  [ 202618789227222990949 ],,, [ 107741405394451 ],, [ 3080428591 ], [ 228999488617 ], 
  [ 290036855753 ], [ 3279413586033624456101 ], [ 2158658503 ], 
  [ 123360620849, 4749678354046639731886913 ],, [ 478987592851 ],,, [ 1732948179027278131 ],
  , [ 1600628411 ],,, [ 6945774464091238733 ], [ 707325447712483 ], 
  [ 25507064305976818538794349 ], [ 111879353834933231, 143643775947638408804951 ],, 
  [ 32538759397, 81308154071 ], [ 2462175717961, 2021712632775217 ],, [ 485678851370501 ],,, 
  [ 6512951171, 82575391565851801, 466122643905721661 ], [ 99165375457 ], 
  [ 160022736092747431 ],, [ 947779970108890691 ],,, [ 1793796337841 ], 
  [ 753447535549095493 ],,,, [ 1119280501, 13352507353001, 170473184173679371 ], 
  [ 362663331479, 2112771339666373 ],, [ 1519261183217 ],, [ 2501594552408123341801 ],,, 
  [ 216858526044343, 152173678868286222967 ], 
  [ 76631471833823, 6329741083754866909, 41491525268538934339 ], 
  [ 1391983451, 1453907834501 ],,, [ 5548994537 ],, [ 50551664823349788001 ], 
  [ 1572135991, 6156586362811 ], [ 5658835407375077079791371 ], [ 377709816938984051 ],,, 
  [ 10350309284173 ], [ 2987665409, 220584854942595641, 598762246327050149 ],, 
  [ 5195713673 ],, [ 3643956684207841 ], [ 2689953626861, 1463979898146517 ],, 
  [ 412309929210922561225514983 ], [ 230320161916471111, 1531787491788848461 ],,,, 
  [ 5088026789 ], [ 18595635344401 ],, [ 4547116757, 21335342207349206042197 ], 
  [ 2941286449, 2452378349761, 56393982239599, 13723466835877717 ],, [ 1311834909521 ],,, 
  [ 4322055893 ],, [ 655359917501, 26318090402848934441 ],,,, [ 18132214219162893337 ],,,, 
  [ 846453967276043591027347 ],,, [ 920991394312711 ],, [ 2545028377067528147 ], 
  [ 88564563894950757548821 ],, [ 3169723429, 5034478637, 2902226274429731933 ],, 
  [ 10347121129, 1614850269748593569 ],, 
  [ 573241259854891, 52013412584087791, 1397705761969352486311 ],,,,, [ 39351394751 ],,, 
  [ 1834541079442319 ],,, [ 3747240817, 17709306451 ],, [ 22366370069 ],, 
  [ 854987010220351, 14594627693446321, 35612479153168891 ], [ 14228087441, 35019005218733 ],
  [ 909526297751 ], [ 265670943697, 45673214387387148571945849 ],,,,, 
  [ 1140907297, 1039593358223159 ], [ 1029228451, 420143401876861129 ],,,, 
  [ 2668616131, 316937630661907 ],, [ 1957925586601, 14595756330763382865841 ],, 
  [ 22005490939 ],,, [ 1325456621, 16751891096791 ], 
  [ 5075347987, 646229429446291, 355274020609218891511 ],,, [ 7181429293 ],, [ 25178070821 ],
  , [ 94646751467 ], [ 15769331394191 ], [ 130319271001 ],,, [ 3946605398317 ],, 
  [ 3951510869117438178121 ],,, [ 1446980857999 ],,, [ 1531174556719 ],, 
  [ 27420109224671050529 ],, [ 2776593884351041 ],,,, [ 11281454943751 ],, 
  [ 13124199299509 ], [ 9633014441 ], [ 316954953541 ], [ 7924411321, 918029782279 ], 
  [ 2570674676616092401 ], [ 1697371825985632211 ], [ 43501175359 ], [ 11426297689 ],,, 
  [ 126038376064915114963 ],,, [ 107941019867 ],,,,,,, [ 388421976253391393 ], 
  [ 210099757951 ], [ 85468752601 ], [ 107862396527 ],, [ 7155225907 ], 
  [ 4929095369403030223 ], [ 4726910791 ],, [ 1468824566731451 ],,,, [ 192398997862501 ], 
  [ 585638526905101 ], [ 209283537013 ],,,, [ 12390233761 ], [ 164738554793, 4866237062917 ],
  [ 7008667135427 ], [ 5542140768202999 ], [ 2081057551 ], 
  [ 14638799561, 689458125601995641 ],,,,,,, [ 366527087021983 ], [ 35438105921 ],,,, 
  [ 24893476477, 1895880818666893 ], [ 667820520829123 ],,, [ 7307594713 ],,,, 
  [ 186201600224701 ], [ 3040543874745451 ], [ 174743186384563567 ], [ 606729852179489 ],, 
  [ 4903519861, 12757123675981, 151478045155711 ],,, [ 6184763289433, 37898235885830113 ],,,,
  , [ 2246943931 ],,, [ 26191623727346617 ],,, [ 6911933799097 ], [ 14649019004218561 ],,,, 
  [ 436491983546142877 ], [ 516592570122401 ], 
  [ 32157672301, 509209027687, 34306511505157, 1088450255323531 ], 
  [ 10698701383, 12725289547 ], [ 3763201908161 ],,,,, [ 1514064133 ],, [ 408093376681 ], 
  [ 2567277649, 110894539697 ], [ 15776519335991 ],,, [ 1649427001 ], [ 1067993427409 ],,, 
  [ 552972887713 ],,,,,, [ 2572096771, 240522425245323835651 ],,, [ 1900791459631 ], 
  [ 206404832509 ],, [ 2514142921, 505860308977, 11325519425413 ],, [ 12360492173 ],, 
  [ 4152092979425805961 ],,, [ 136848386063 ], [ 41155059037 ],,, [ 3602229451 ],,, 
  [ 538398366221 ],,, [ 194049453911 ], [ 86079395581 ],, [ 148550894377 ], [ 26878181761 ],
  , [ 49475193769 ], [ 478013626558621 ],, [ 100204579578331, 318010472795727589 ], 
  [ 2372544647881 ],,, [ 519232683061 ],, [ 2321736048473 ],, 
  [ 5061056126766070201, 88642018498298065901 ],,,,, [ 88388738899441 ], [ 664167959641 ],,, 
  [ 351357764057 ], [ 115447694881, 366919121076483361 ], [ 3821638675273 ],, 
  [ 3778030643 ], [ 1846640454493 ],,,, [ 26173118513, 240469379713, 2453237687081 ],, 
  [ 1727482605661 ],, [ 11391857621, 30411086641937, 363656126891773 ], [ 13512648733 ],,,,,
  , [ 2392057441, 47879867689 ], [ 349421027261 ],, [ 16024253143 ],, [ 12032581241 ], 
  [ 1181341981, 34931277811, 115970105161, 901114971121, 1089960035581 ],,, 
  [ 205621664893, 3156345874081, 331091402294320085797 ],, [ 1196009164926382931 ], 
  [ 2325808399 ],,,,,,,, [ 3017941255543 ], [ 173528390611788001 ],, 
  [ 7356961204979, 65092760594989 ], [ 7097991391 ],,, [ 4358499259 ],, 
  [ 40918541952510582881 ],, [ 5158267169430511 ],, [ 2381043529 ],,,,, 
  [ 4639598137, 98824145899 ], [ 2620200985158301 ],, [ 7743124201 ],, 
  [ 33105376517, 105711931007 ],, [ 2380363015057 ],, [ 37923475426673 ],,, [ 5570246623 ],,
  , [ 135408688292897 ], [ 1638738253 ], [ 1261406401 ], [ 4591001741 ],,,,,,, 
  [ 8823558581599 ], [ 14819680103, 19765913879 ],, [ 62143889808391 ],,, [ 26985428641 ],,,,
  , [ 22588583837 ],,,,,,, [ 4806621601 ],,,,,,,, [ 16001722901 ],,,, 
  [ 17482987201, 5754486403941975841 ],, [ 1281286133 ],, [ 29317710121597 ],,, 
  [ 18771085369, 25049518621 ], [ 2632909001, 3870697837361, 737438525198143801 ],,,,, 
  [ 18559990318931 ],,,,, [ 10744572739930562761 ],,,, [ 40688574276029 ],, 
  [ 19662070769977 ],, [ 2522746351327 ],,,, [ 455058099003193219 ],,,,,, 
  [ 77030892769, 7426884801781 ],, [ 1793602711 ],,,, 
  [ 35443481701237, 294340005183789144343 ],,,,, [ 14308655069 ],, [ 36033303083 ],,,,, 
  [ 102565081543 ],,, [ 256958576101 ],,, [ 164408392624909 ],,,, 
  [ 17142128161, 18478970593 ],, [ 216838145269927, 1159576619788693 ],,,,,, 
  [ 1596957984577, 133630650158713 ],,,,, [ 154340012569 ], [ 14958419262001 ],, 
  [ 3541980816497 ],, [ 5234700797, 81290236099619, 2151348110053741 ],, [ 274418667181 ],, 
  [ 5856101533687 ],, [ 70326357437641 ], [ 39929455399 ],,,,,, [ 8608013389, 34867427297 ],,
  ,, [ 27152220649 ], [ 1234828969853 ],, [ 171711703425673 ], [ 51360513251 ],, 
  [ 14185730959 ],,,, [ 40573654463 ],,, [ 9312203041 ],,,,,, [ 472268045151101 ],,,,, 
  [ 3053203861 ],,, [ 3022410333559 ],,,,,, [ 1588659142890301 ],, [ 269560864844519 ],, 
  [ 6543607910737 ],, [ 119004223141 ],,,, 
  [ 183348979859, 5400921451333, 1651021850361935327 ], [ 184799708021 ], [ 93717606529 ],,, 
  [ 38609178427 ], [ 843813586381 ], [ 1761173077 ],,,,,,, [ 9529378262461, 157742049957589 ]
   ,,,,,,,, [ 32842013381 ], [ 124184464633 ], [ 6426403637378203 ],, 
  [ 28510788601, 46208389081, 36792394689961, 1199338356228601 ],,,,,, [ 25926351877 ],,,,,, 
  [ 1982041681 ],,,,,, [ 2588693606071 ],, [ 9760473751048901 ],, [ 1703143049 ],,,,,, 
  [ 75380199572861 ],,,,,,,,,, [ 197628303553 ],, [ 82097543146081 ],,,, [ 3949567700261 ],,,
  , [ 1784838583681 ], [ 2733397633 ], [ 350201134394521 ],,,, [ 9696118110907 ],, 
  [ 64680298369 ],,,,,, [ 1106085111077 ], [ 39528205543 ],, [ 385157192491 ],,, 
  [ 31266749369, 5736579962537 ],,,, [ 4328883899377, 3099199237705633 ],,,, 
  [ 1393932568515084973 ],,,, [ 6189937561 ],,,,,,,,,,,, [ 2005699417, 19718631117301 ], 
  [ 1175520289, 100779366511 ],,, [ 52324391809 ], [ 72616223807 ],,,,,,, [ 1417343018417 ],
  , [ 808326147157 ],,,, [ 102367116117451 ],,,,,, [ 13553321004077 ],, [ 613187533253 ],,,,
  , [ 69176769877 ], [ 577917235589453 ],, [ 1411735169587 ],, [ 8293661377 ],, 
  [ 1681514869588240361 ],,,, [ 4205890415257 ],,,,,,,, [ 109441375279, 788630860371852889 ],
  , [ 102414262512817, 322248107525569 ],,,, [ 2438716957, 2607313229, 1007936522872501 ],,,,
  , [ 3638596279 ],,, [ 1442562577, 8410837537 ],,,,,,,,, [ 7575742261 ],,,,, [ 2425012021 ],
  ,, [ 1193947532227 ],,, [ 1762140241 ],, [ 1841297321 ],,,,,,,,,,,,,,,,,, [ 17518159121 ],,
  ,,,,,,,,,,,, [ 3071386501 ],,, [ 2819128720357 ], [ 766526680411 ],, [ 2150679591457 ],,,,,
  ,, [ 4331986499, 13979313157 ],,,,,,,,,,,, [ 6986199251 ],,,,, 
  [ 61687335120121, 134822422483921 ],,,,,,,,,,,,,, [ 13639476727 ],,,,, [ 10515966679303 ],,
  , [ 11534182181, 6194505976499 ], [ 236162668201 ],,,, [ 3485799091 ],,,,, [ 1623974809 ],,
  ,,,,,,,,,,,,,, [ 46705250593 ],,,, [ 14824284393013 ],,, [ 6578160361, 173094033061 ], 
  [ 1630103201, 2551604656961 ],,,,,,,,,,,,, [ 2383377318241 ], [ 6885934351 ],,,,,,,,, 
  [ 26966979187 ], [ 20411839081 ],, [ 81892972561 ],,,,,,,, [ 4426664581, 98878808341 ],, 
  [ 2477636129 ],,,, [ 551305443697 ],, [ 324911372869 ],,,,,, [ 1044927361, 603655564769 ],,
  ,,, [ 411429826949 ],,,, [ 10163615569 ],, [ 10416626191 ], [ 2114429929, 216446611889 ], 
  [ 3295053721 ],,, [ 2816970520801 ],,, [ 9043107907291 ],,,,,,,,,,,,,,, [ 27051327715189 ],
  , [ 2863729181 ],,,, [ 61893560017 ],,,, [ 76878472133 ],,,,,,,,, [ 1727292373 ],,,,,,,, 
  [ 14416646821, 212116384471 ],,,, [ 15709976957 ],,,,,,,,,,,,,,,,,,,,,, [ 8691659783 ],,,,,
  ,, [ 7676859097 ],,,,,,,,, [ 26382681469 ],,, [ 706693090291, 82463006401561 ], 
  [ 59036965241 ],, [ 28092599827 ],,,, [ 1503210031 ],,, [ 39650765701 ],,,,, 
  [ 1592491501 ],,, [ 137000001097, 2127770487877 ],,,,,,,, [ 208498529429 ],,,,,,,,, 
  [ 1022020201, 14807855501 ],,,,,,,,,,,,,, [ 7935187157 ],,,,,,,,,,,,,,,,,,,,,, 
  [ 1289542057 ],, [ 1370362927 ],,,,,,,,,,,,,,,,,,,,,,, [ 2715411007 ],,,,,,,, 
  [ 504503783449 ],,,,,,,,,,,,,,,,,, [ 51035946457 ],,,,,, [ 10591943849 ],,,,, 
  [ 42764297677 ],,,,,,,,,,,,,,,,,, [ 2585488313 ],,,,,,,,,, [ 40192990809421 ],,, 
  [ 6373150991 ],,,,,,,,,,,,,, [ 1768809349 ],,,, [ 2177251393 ],,,,,,, [ 1108983781 ],,,,,,,
  ,,,,, [ 9951175543 ],,,,,, [ 2463579967 ], [ 25200097511 ],,,,, [ 2015769493 ],,,,,, 
  [ 49719681544129 ],,,,,,, [ 26816972737 ],,,,,, [ 152751900031 ],, 
  [ 4553974129, 99647956153 ], [ 3675529883251 ],,,,,, [ 1225482827 ],,,,,,, [ 2501198647 ],,
  ,,,, [ 1065133033 ],,,,,,,, [ 5111353697 ], [ 4523162197 ],,,,,, [ 2480671447 ],,,,, 
  [ 159351563597 ],,,,,,,, [ 541013826217 ],,,, [ 67136145353 ],,,,,,,,,,,,,,,,,,,,,,,,,,,,,,
  ,,,, [ 13644154301 ],,,,,, [ 22598291057 ],,,, [ 7575437521 ],,,,,,,, [ 8589523361 ],, 
  [ 223136034991 ],,,,,,,,,,,, [ 107681174477 ],,,, [ 1430943517, 1294603716337 ],,,,, 
  [ 8490888277 ],, [ 3313124431 ],,,,,,,,,,,,,, [ 54290035837 ],,,,,, [ 15387952861 ],,,,,,,,
  ,, [ 4033831231 ], [ 9785385517 ], [ 49577997641 ], [ 3060314239 ],,,,,,,,,,,,,,,,,,,,,, 
  [ 14923615841 ],,,,,, [ 1637025216413 ], [ 5912555111 ],,,,,,,, [ 170325362743 ],, 
  [ 1896982501 ],,,,, [ 27565873631 ],,,,,,,,, [ 13961182399 ],,, [ 2053939685669 ],, 
  [ 138833742977 ],,,, [ 1058931409 ], [ 89685347929 ],,, [ 77948163673 ], [ 545815412281 ],,
  ,, [ 2019940275319 ],, [ 29726065709 ],,,,,,,, [ 177250120111 ], [ 17566863913 ],,,,,,, 
  [ 1614657151 ],, [ 12809006941 ],,,,,,,,,,,,,,,,,, [ 4261125371 ],,,,,,,,, [ 19555657661 ],
  , [ 1122326059, 8281181833 ],,,, [ 8094996941 ],,,,,,,,,,,,,,,,,,,,,,, [ 1764775741 ],,,,,,
  ,,,,, [ 3168980559181 ],,,,,,,,, [ 2144265659 ],,, [ 1901569733249 ], [ 176634683101 ], 
  [ 3397633559 ], [ 31950056711 ],,,, [ 39496721527 ],,,,,,,,, [ 15893341777 ],, 
  [ 1173329564683 ],,,,,,, [ 4882327363 ],,,,,, [ 35063430139 ], [ 273414490337 ],,,,,,,,,,,,
  ,,,,,,,,,,,,,,,, [ 11206611193 ],,,,,,,,,,,, [ 3064395977 ],, [ 1272377591 ],, 
  [ 1159352430937 ],, [ 218859034819 ],,,,,,, [ 33468907567 ],,,,,,,,,,,,,,,,,,,,,,,,,,,,, 
  [ 9036277840841491 ],,,,, [ 15315591751 ],,,,,,,, [ 2690165563, 8430109771 ],,,,,,,,,,,,,,,
  ,,,,,, [ 323546387173 ],,, [ 1286808121 ],,,,, [ 112443790913 ],,,, [ 2479885633 ],,,,,,,,,
  ,,,,, [ 5982497291 ],,,,,,,,,,,, [ 1128174371 ],,,,,,,,,,,,,,,,,, [ 14517454481 ],, 
  [ 3730092017 ],,,,,,,,,,,,,,,,, [ 2833244569 ],,,,, [ 1096328229473 ],, [ 174056657713 ],,,
  ,,, [ 25851565741 ],,, [ 7205827921 ], [ 334441786417, 364717362001 ],,,,,,, 
  [ 3044164003 ],,,,, [ 18311344369 ],,,,,,,,,,,,,,,,,,, [ 3757490137 ],,,,,,,,,,,,,,,,, 
  [ 21228288577 ],,,,,,, [ 7680080971 ],,,,,,,,,,,, [ 25241907181, 95606360683 ],,,,,,, 
  [ 42380414651 ],,,,,, [ 3427835566081 ],, [ 22833143587 ],,,,,,,,,,,,,, [ 985354920161 ],,,
  ,,,,,,,,,,, [ 19900341443 ],,,,,,,,, [ 1256184091 ],,,,,,,,,,, [ 32534374573 ],,,,,,,,, 
  [ 78373363771 ],,,,, [ 12571238401 ],,,,,,,,,, [ 2111580022501 ],,,, [ 2874546487 ],,,,,,,
  , [ 592111606633 ],,,,,,,,, [ 29591534239 ], [ 32890451233 ],, [ 38643423661 ],, 
  [ 1817586289 ],,,, [ 2504719081 ],,,,,, [ 574614750439 ],,,,,, [ 4239578869 ],,,,,,,,,,,,,,
  , [ 11892418897 ],,,,,,, [ 6675343897 ],,,,, [ 2896463467, 7453460797 ],,,,,,,,,,,,,,,,,,,,
  ,,,,,,,,,,,,, [ 3686767057 ],,,,,, [ 8380317853 ],,,,,,,,,, [ 37262478593 ],,,,,,,,,,,,,,,,
  ,,,, [ 5889438433 ],,,,,,,,,,,,,,,,,,,,,, [ 22488524581 ],,,,,,,,,,, [ 18393450661 ],,,,,,,
  ,, [ 6791295961 ],,, [ 6353224777 ],,, [ 3268960969 ],,,,,,,,,,,,,,,,,,,,,,,,,, 
  [ 54459080549 ],,,,,,,, [ 5829886661 ],,,,,,,, [ 35085580741 ],,,,,, [ 269880633433 ],,,,,,
  ,,,,,, [ 9608539201 ],,,,,, [ 55665824563 ],,,,,,,,,,,,,,,,,,,, [ 953332211417 ], 
  [ 22363195837 ],,,,,,,,, [ 85979865877 ],,,,,,,,,,,,,, [ 16804229516323 ],,,,,,,,, 
  [ 3092142761 ],,,,,,, [ 1039160011 ],, [ 14026013297 ],,,,,, [ 4221885491 ],,,,,,,,,,,,,,,
  , [ 36327494431 ],,,,,,,,,,,,,, [ 13094889601 ],, [ 9482879717 ],, [ 4949326453 ],,,,,, 
  [ 3945803221 ],,,,,,,,,,,,,,,, [ 1188847973 ],,,, [ 8893560661 ],, [ 2754022153 ],, 
  [ 70633062163 ],,,,,,,,,,,,,,,,,,,,,,,,,,,,,,,,,,,,,,,,,,,,,,,,,,,,,,,,,,,,,,,,,,,,,,,,,,, 
  [ 30675697417 ], [ 8391070561 ],,,,,,,,,, [ 4779921281 ],,,,,,,,,,,,,,,,,, [ 1153738441 ], 
  [ 2355594781 ],,,,,,,,,,,,,,,,,,,,, [ 123255806761 ],,,, [ 5986553129 ],,,,,, 
  [ 4166113241 ],,,, [ 3961488373 ], [ 30737082151 ],,,,,,, [ 1381446613 ],, [ 527085198721 ]
   ,,,, [ 13725148357 ],,,,,,,,,,,,,,,,,,,,,,,, [ 1290609581, 4764014477 ],,,,,,,,,,,, 
  [ 16544341873 ],,,,,,,,,,,,,,,,,,,,,,,,,, [ 10170153751 ],,,, [ 1971366106447 ],, 
  [ 8326919545057 ],, [ 1107537877, 7536923257 ],,,,,,,,,,,,,,,,,,,,,,,,,,,,,,,,,,,,, 
  [ 24735227401 ],,,,,,,,,,,,,,,,,,,,,,,,,,,,,,,,,,,,,,,,,,,,, [ 2224318741 ],,,,,,,,,, 
  [ 2880306251, 4773690001 ],,,,,,,,,, [ 12381401761 ],,,, [ 12575611777 ],, [ 419744028199 ]
   ,,,,,,,,,, [ 109922845441 ],,,,,,,,,,,,,,,,,,,,,,,,,,,,,,,, [ 1394935937 ],,,,,,,,,,,,,,,,
  ,,,,,,,, [ 1580172281 ],,,,,,,,,,,, [ 25734478261 ],,,,,,,,,,,,,,,,,,,,,,,,,,,,,,,,,,,,,,,,
  ,,,,,,,,,,,,,,,,,,,,,,,,,,,,,, [ 104873921029 ],,,,,,,,,,,, [ 80737086979 ],,,,,,,,,,,,,,,,
  ,,,,,,,,,,,,,,,,,,,,,, [ 25425878689 ],,,,,,,,,,,,,,,,,,,,,,,,,,,,,,, 
  [ 85438357651, 92419042861 ],,, [ 130551941209 ],,,,,,,,,,,,,,,,,,,,,,,, [ 69322538251 ],, 
  [ 196331937673 ],,,,,,,,,, [ 44192558257 ],,,,,,,,,,,,,, 
  [ 6621035009, 38815620257, 61580118209 ],,,,,,,,,,,,,,,,,,,,,,,,,,,,,,,,,,,,,,,,,,,,,,,,,, 
  [ 123892648213 ],, [ 13358640901 ],,,,,, [ 2759180989 ],,,,,, [ 42067305073 ],,,, 
  [ 1485010913, 3341576309 ],,,,,,,,,,,,,,,,,,,,,,,,,,,,,,,,,,,,,, [ 29634464887 ],,,,,, 
  [ 3907118881 ],,,,,,,,,, [ 19826390741 ],,,,,,,,,,,,,,,,,,,,,,,,,,,,,,,,,,,,,, 
  [ 54929690737 ],,,,,,,,,,,, [ 10274340061 ],,,,,,,,,,,,,,,,,, [ 3632078539 ],,,,,,,,,,,,,,,
  ,,,,,,,,,,,,,,,,,,,,,,,,,,,,,,, [ 52045848973 ],,,,,,,,,,,,,,,,,,,, [ 10673653537 ],, 
  [ 654417376967 ],,,,,,,,,,,, [ 2492643721, 4231341343 ],,,,,,,,,,,,,,,,,,,, [ 7325075201 ],
  , [ 20777983981, 619495737841 ],,,, [ 8525368433 ],,,, [ 1917151157 ],,,,,,,,,,,,,,,,,,,, 
  [ 10724048593 ],,,,,,,, [ 1333637017, 59644884830329 ],,,,,,,,,,,,,,,,,,,,,,,,,,,,,,,,,,,,,
  ,,,,,,,,,,,,,,,,,,,,, [ 23142529391 ],,,,,, [ 149194121441 ],,,,,,,,,,,,,,,,,,,,,,,,,,,,,,,
  ,,,,,,, [ 2021013187 ],,,,,,,,,,,,,,,,,, [ 447727548577 ],,,, [ 5808186001 ],,,,, 
  [ 109343834731 ],,,,,,,,,,,,,,, [ 1565547121, 121088961121 ],,,,,,,,,,,,,,,,,,,, 
  [ 1814034641 ],,,,,,,,,,,, [ 99175193993 ],,,,,,,, [ 4533206401 ],,,,,,,, [ 2727568537 ],,,
  ,,,,,,,,,,,,,,,,,,,,, [ 5809021681 ],,, [ 67674474121 ],,,,, [ 2842688801 ],,,,,,,,,,,,,,,,
  ,,,,,,,,,,,,,,,,,, [ 11346454621 ],,,,,, [ 4238999041 ],,,,,,,, [ 28148043041 ],,,,,,,,,,,,
  ,,,, [ 55013526121 ],,,,,,,,,,,,,,,,,,,,,,,,,, [ 24204420241 ],,,,,,,,,, 
  [ 70916246701, 7562247938701 ],,,,,,,,,,,,,,,,,,,, [ 1411948721 ],,,, [ 12666828961 ],,,,,
  , [ 8586829921 ],,,,,,,,,,,,,,,,,,,,,,,,,,,,,,,,,,,,,,,,,,,,,,,,,, [ 8809343941 ],,,, 
  [ 10299476641 ],,,,,,,,,,,,,,,, [ 6926472001 ],,,, [ 3141494357 ],,,,,, [ 27297088541 ],,,,
  ,,,,,, [ 4100314257421 ],,,,,,,,,,,, [ 2827544833 ],,,,,,,,,,,,,,,,,,,,,,,,,,,, 
  [ 15440354581 ],, [ 8642408689 ],,,,,,,,,,,,,,,,,,,,,,,,,,,,,, [ 1930355989 ],,,,,, 
  [ 1005120559, 1395106729 ],,,,,,,,,,,,,,,,,,,,,,,,,,,,,, [ 1972833058081 ],,,,,,,,,,,, 
  [ 96700290121 ],,,,,, [ 5537472229 ],,,,,,,,,,,,,, [ 6387276481 ],,,, [ 30981284281 ],,,,,,
  ,,,,,, [ 28593368497, 32034893617 ],,,, [ 6146297081 ],,,,,,,,,,,,,,,,,,,,,,,,,,,,,,,,,,,,,
  ,,,,,,, [ 38026154497 ],,,,,,,,,,,,,,,,,,,,,,,, [ 40319157097 ],,,,,,,,,,,,,,,,,,,,,,,, 
  [ 779779865281 ],,,,,,,,,,,,,,,,,,,,,,,,,,,, [ 1017822901 ],,,,,,,, [ 3847052617 ],, 
  [ 1514266781 ],,,, [ 10708750051 ],,,,,,,,,,,,,,,,,,,,,,,, [ 1697242501 ],,,,,,,,,,,,,,,,,,
  ,,,,,,,,,,,,,,,,,,,,,,,,,,,,,, [ 578695230403 ],,,,,,,,,,,, [ 4962355759 ],, 
  [ 8462423201 ],,,,,,,,,,,,,,,,,,,,,, [ 3406156051 ],,,,,,,,,,,,,,,,,, [ 351269925121 ],,,,,
  ,,,,, [ 4112881351 ],,,,,,,,,,,,,,,,,,,, [ 314809740451 ],,,,,,,,,,,,,,,,,,,,,,,, 
  [ 6239051659 ],,,,,,,,,,,, [ 171628439209 ],,,,,,,,,,,,,,,,,,,,,,,, [ 1490723341 ],,,,,,,,,
  ,,,,,,,,,,,,,,, [ 20435974813 ],,,,,,,,,,,,,,,,,, [ 11234273086909 ],,,,,,,,,,,, 
  [ 7154977657 ],,,,,, [ 33759826381 ],,,,,,,,,,,,,,,,,,,,,,,,,,,,,,,,,,,,,,,,,,,,,,,,,,,,,,,
  ,,,,, [ 39053029651 ],,,,,, [ 48075951697 ],,,,,,,,,,,,,,,,,,,,,,,,,,,,,,,,,,,,,,,,,,,,,,,,
  ,,,,,,,,,,,,,,,,,,,,,,,,,,,,,,,,,,,,,,,,,,,,,,,, [ 1180724689 ],,,,,,,,,,,,,,,,,,,,,,,,,,,,
  ,, [ 3602797057 ],,,,,, [ 1283514373 ],,,,,,,,,,,,,,,,,,,,,,,,,,,,,,,,,,,,,,,,,,,,,,,,,,,,,
  , [ 9184562227 ],,,,,,,,,,,,,,,,,,,,,,,,,,,,,,,,,,,,,,,,,,,,,,,,,,,,,, [ 2978041155841 ],,,
  ,,,,,,,,,,,,,,,,,,,,,,,,,,, [ 7298514246889 ],,,,,, [ 12157108741 ],,,,,,,,,,,,,,,,,, 
  [ 202906974601 ],,,,,, [ 17440268077 ],,,,,,,,,,,,,, [ 5618889263401 ],,,, [ 1034785987 ],,
  ,,,,,,,,,, [ 1974585637 ],,,,,,,,,,,,,,,,,, [ 2586292381 ],,,,,,,,,,,,,,,,,,,,,,,,,,,,,, 
  [ 4215456499, 34903407482947 ],,,,,,,,,,,,,,,,,,,,,,,,,,,,,,,,,,,,,,,,,,,,,,,,,,,,,,,,,,,,,
  ,,,,,,,,,,,,,,,,,,,,,,,,,,,,,,,,,,,,,,,,,,,,,,,,,,,,,,,,,,,,,,,,, [ 2540876881 ],,,,,,,,,,,
  ,,,,,,, [ 1186150351 ],,,,,,,,,,,,,,,,,,,,,,,,,,,,,,,,,,,,,,,,,,,,,,,,,,,,,,,,,,,,,,,,,,,,,
  ,,,,,,,,,,,,,,,,,,,,,,,,,,,,,,,,,,,,,,,,,,,,,,,,,,, [ 2518346023 ],,,,,,,,,,,,,,,,,,,,,,,, 
  [ 40259195029 ],,,,,,,,,,,,,,,,,,,,,,,,,,,,,,,,,,,,,,,,,,,,,,,,,,,,,,,,,,,,,,,,,,,,,,,,,,,,
  ,,,,,,,,,,,,,,,,,,,,,,,,,,,,,,,,,,,,,,,,,,,,,,,,,,,,,,,,,,,,,, [ 1910230141 ],,,,,,,,,,,, 
  [ 3183959809 ],,,,,, [ 9007469923 ],,,,,,,,,,,,,,,,,,,,,,,,,,,,,, [ 6407621641 ],,,,,,,,,,,
  ,,,,,,,,,,,,,,,,,,,,,,,,,,,,,,, [ 8871258751 ],,,,,,,,,,,,,,,,,,,,,,,,,,,,,,,,,,,,,,,,,,,,,
  ,,,,,,,,,,,,,,,,,,,,,,,,,,,,,,,,,,,,,,,,,,,,, [ 2761868521 ],,,,,,,,,,,,,,,,,,,,,,,,,,,,,,,
  ,,,,,,,,,,,,,,,,,,,,,,,,,,,,, [ 7685703301 ],,,,,,,,,,,,,,,,,,,,,,,,,,,,,,,,,,,,,,,,,,,,,,,
  ,,,,,,,,,,,,,,,,,,,,,,,,,,,,,,,,,,,,,,,,,,,,,,,,,,,,,,,,,,,,, [ 369806888881 ],,,,,,,,,,,, 
  [ 1179196021 ],,,,,,,,,,,,,,,,,,,,,,,,,,,,,,,,,,,,,,,,,,,,,,,,,,,,,,,,,,,,,,,,,,,,,,,,,,,,,
  ,,,,,,,,,,,,,,,,,,,,,,,,, [ 30911744431 ],,,,,, [ 102212277337 ],,,,,,,,,,,,,,,,,,,,,,,,,,,
  ,,,,,,,,,,,,,,,,,,,,,,,,,,,,,,,,,,,,,,,,,,,,,,,,,,,,,,,,,,,,,,,,,,,,,,,,,,,,,,,,,,,,,,,,,,,
  ,, [ 127945319041 ],,,,,,,,,,,, [ 2962037101 ],,,,,,,,,,,,,,,,,,,,,,,,,,,,,,,,,,,,,,,,,,,,,
  ,,,,,,,,,,,,,,,,,,,,,,,,,,, [ 6913738021 ],,,,,,,,,,,,,,,,,,,,,,,,,,,,,,,,,,,,,,,,,,,,,,,,,
  ,,,,,,,,,,,,,,,,,,,,,,,,,,,,,,,,,,, [ 2718435851881 ],,,,,,,,,,,,,,,,,,,,,,,,,,,,,,,,,,,,,,
  ,,,,,,,,,,,,,,,, [ 95271540211 ],,,,,,,,,,,,,,,,,,,,,,,,,,,,,,,,,,,,,,,,,,,,,,,,,,,,,,,,,,,
  ,,,,,,,,,,,,,,,,,,,,,,,,,,,,,,,,,,,,,,,,,,,,,,,,,,,,,,,,,,,,, [ 90195590562661 ],,,,,,,,,,,
  ,,,,,,,,,,,,,,,,,,,,,,,,,,,,,,,,,,,,,,,,,,,,,,,,, [ 2621131651 ],,,,,,,,,,,,,,,,,,,,,,,,,,,
  ,,,,,,,,,,,,,,,,,,,,,,,,,,,,,,,,,,,,,,,,,,,,,,,,,,,,,,,,,,,,,,,,,,,,,,,,,,,,,,,,,,,,,,,,,,,
  ,, [ 643844435671 ],,,,,,,,,,,,,,,,,,,,,,,,,,,,,, [ 362478151201 ],,,,,,,,,,,,,,,,,,,,,,,,,
  ,,,,, [ 2036404501 ],,,,,,,,,,,,,,,,,,,,,,,,,,,,,,,,,,,,,,,,,,,,,,,,,,,,,,,,,,,,,,,,,,,,,,,
  ,,,,,,,,,,,,,,,,,,,,,,,,,,,,,,,,,,,,,,,,,,,,,,,,,,,,,,,,,,,,,,,,,,,,,,,,,,,,,,,,,,,,,,,,,,,
  ,,,,,,,,,,,,,,,,,,,,,,,,,,,,,,,,,,,,,,,,,,,,,,,,,,,,,,,,,,,,,,,,,,,,,,,,,,,,,,,,,,,,,,,,,,,
  ,,,,,,,,,,,,,,,,,,,,,,,,,,,,,,,,,,,,,,,,,,,,,,,,,,,,,,,,,,,,,,,,,,,,,,,,,,,,,,,,,,,,,,,,,,,
  ,,,,,,,,,,,,,,,,,,,,,,,,,,,,,,,,,,,,,,,,,,,,,,,,,,,,,,,,,,,,,,,,,,,,,,,,,,,,,,,,,,,,,,,,,,,
  ,,,,,,,,,,,,,,,,,,,,,,,,,,,,,,,,,,,,,,,,,,,,,,,,,,,,,,,,,,,,,,,,,,,,,,,,,,,,,,,,,,,,,,,,,,,
  ,,,,,,,,,,,,,,,,,,,,,,,,,,,,,,,,,,,,,,,,,,,,,,,,,,,,,,,,,,,,,,,,,,,,,,,,,,,,,,,,,,,,,,,,,,,
  ,,,,,,,,,,,,,,,,,,,,,,,,,,,,,,,,,,,,,,,,,,,,,,,,,,,,,,,,,,,,,,,,,,,,,,,,,,,,,,,,,,,,,,,,,,,
  ,,,,,,,,,,,,,,,,,,,,,,,,,,,,,,,,,,,,,,,,,,,,,,,,,,,,,,,,,,,,,,,,,,,,,,,,,,,,,,,,,,,,,,,,,,,
  ,,,,,,,,,,,,,,,,,,,,,,,,,,,,,,,,,,,,,,,,,,,,,,,,,,,,,,,,,,,,,,,,,,,,,,,,,,,,,,,,,,,,,,,,,,,
  ,,,,,,,,,,,,,,,,,,,,,,,,,,,,,,,,,,,,,,,,,,,,,,,,,,,,,,,,,,,,,,,,,,,,,,,,,,,,,,,,,,,,,,,,,,,
  ,,,,,,,,,,,,,,,,,,,,,,,,,,,,,,,,,,,,,,,,,,,,,,,,,,,,,,,,,,,,,,,,,,,,,,,,,,,,,,,,,,,,,,,,,,,
  ,,,,,,,,,,,,,,,,,,,,,,,,,,,,,,,,,,,,,,,,,,,,,,,,,,,,,,,,,,,,,,,,,,,,,,,,,,,,,,,,,,,,,,,,,,,
  ,,,,,,,,,,,,,,,,,,,,,,,,,,,,,,,,,,,,,,,,,,,,,,,,,,,,,,,,,,,,,,,,,,,,,,,,,,,,,,,,,,,,,,,,,,,
  ,,,,,,,,,,,,,,,,,,,,,,,,,,,,,,,,,,,,,,,,,,,,,,,,,,,,,,,,,,,,,,,,,,,,,,,,,,,,,,,,,,,,,,,,,,,
  ,,,,, [ 2612572201 ],,,,,,,,,,,,,,,,,,,,,,,,,,,,,,,,,,,,,,,,,,,,,,,,,,,,,,,,,,,,,,,,,,,,,,,
  ,,,,,,,,,,,,,,,,,,,,,,,,,,,,,,,,,,,,,,,,,,,,,,,,,,,,,,,,,,,,,,,,,,,,,,,,,,,,,,,,,,,,,,,,,,,
  ,,,,,,,,,,,,,,,,,,,,,,,,,,,,,,,,,,,,,,,,,,,,,,,, [ 24264439291 ] ]);
