BRENTFACTORS[8734]:=MakeImmutable([ ,,,,,, [ 4705970641 ],,,, [ 1028504951, 9069386063 ],,,,
  , [ 2442818113 ], [ 13158646103 ],, [ 300162057457, 45310429327659002875746067 ],,, 
  [ 29529992868619 ], [ 502171639585463, 79490502022064375283871 ], [ 204887849329 ],, 
  [ 19964463123750217151 ], [ 4250324233, 327858563893484467 ], [ 1643078644498453 ], 
  [ 202945874820087070365339320033 ],,,, [ 174607737104263 ],, [ 127356436629645371 ],,,, 
  [ 12085467577, 9165197948707388988605621833 ],, 
  [ 5924600287, 86048792151863120437735546099 ], [ 3848174555184163 ], 
  [ 2474210473451972985399496246534349 ], [ 643600008809320119177180737 ],, 
  [ 24181176731, 87077650861381, 104133777505080062243634617 ],, [ 10394621534881 ], 
  [ 2939859763, 72401016984909761 ],, 
  [ 14803349149, 299728384733344174573418938156144347683229079597575902311 ], 
  [ 280162854193505845381, 518665728148383248890393 ], 
  [ 1265261051, 970891217895196212006971, 3514925680723360963742708261 ], 
  [ 8615977338547, 4786164567320239 ], 
  [ 204429442298621, 3302208235352119326263587591, 16378715258395505386866426586271 ], 
  [ 15460288537, 512664091801, 467404331538649 ],, 
  [ 1452956957, 1209857476958563335675251660397690218680361 ],, [ 6468362195337541 ],, 
  [ 6942358241339017447921460223571374189668073189407 ],, [ 214647485249, 80727932174273 ], 
  [ 355414276111326392311651, 5441059200829718530657763171 ], [ 24829686031652061862038661 ],
  [ 26384539567, 208228974649 ], [ 119521725084077, 95142452506185580154084849389350673 ],, 
  [ 72891047416832393044546447471 ],, [ 2210519759232053881 ], [ 102057067169 ], 
  [ 5313139447857604907503, 3561384362971493962372724122079 ], 
  [ 25344694739851, 98135918385003111455882701 ], 
  [ 167853980761, 10316441468704001, 10532445416317316803151877185744482982906905469 ], 
  [ 5889010513, 125199961811 ],, [ 16170259630857967 ], 
  [ 91149798358612270370554602882173678636651702555445121 ], [ 5101677469313003323 ], 
  [ 24758478065814811, 1046361741549270781 ],,,, [ 3409536737, 6929433403, 546435187518511 ],
  , [ 446903519010433 ], [ 5661188363, 14184079699, 866177523259 ], [ 6494286367441 ],,, 
  [ 1119043832704626217 ], [ 3014254667 ], [ 14265844067026451, 68840547287581981141 ], 
  [ 1385099713, 40966686433, 24074502364758936518108056929625316910476604963073 ],, 
  [ 831742121393, 1578331551119, 8637677645490181499, 
      4573592213902285620428941243553488289194073053 ], 
  [ 1811516851, 281435956561, 509684399203684519, 16725988017991001920699 ],, 
  [ 18416954984328677282021 ],, [ 16136551033, 126920256707 ],,, 
  [ 4359805123, 577501989747916157 ],, [ 14071226015701 ], 
  [ 167029989553336513, 17146945696338394777 ], [ 21762828396871 ], [ 14287958066261857 ],, 
  [ 1007805315306793841 ], [ 14509349990776942042611177531043477 ], [ 1249823025881 ], 
  [ 67586855131297, 162041137030213261 ], [ 36691446637, 4362220748376739 ], 
  [ 310909830963925158157, 31660867806662747438530129103 ], 
  [ 962454549040321, 196094968959580179581 ],, [ 192645008953, 2762349340433 ], 
  [ 1427212609, 715060943249881 ],,, [ 4391848618501 ], 
  [ 2567837686278612511, 3088158738065857806453937, 42713809595427714835679911, 
      261961317357318683037244459 ],,, [ 78133868783061709, 3629605342731292879 ], 
  [ 558027319801771, 26468911110262921 ],, [ 3822723156121, 11842165432729317089168953 ], 
  [ 287784727033567, 2713569061458473, 32966520303734626387213 ],,,, 
  [ 11056935827847223, 23543055978518779 ],,,, [ 1331214559, 875194131781 ],, 
  [ 1468541418109481 ],, [ 538668524505901, 6758344324349083441 ], 
  [ 179881645351301, 5532402898228826281639291 ], [ 283400306075853241381 ],, 
  [ 1909173493081, 5972781030473, 210088970571380113, 332849516613005851 ], 
  [ 536979229226274855749401, 2821371532578602446671001 ], [ 646434087591163669159 ],, 
  [ 4148662496119831, 2290708698241753826371 ],, [ 321586527983026711 ], 
  [ 1261662468361153, 527678781886086392173 ],,, [ 3916571317, 521924878034635087 ], 
  [ 908498805830081 ], [ 90539103340449494837 ], [ 28752471667, 133507829722541401 ],,, 
  [ 544894588380781 ], [ 1629353627496124008343 ],, [ 1052092777, 304078094823290440606801 ],
  [ 25254818828201, 56222458214599 ], [ 2082565591924296341 ], [ 296957978756819767 ],, 
  [ 11328011010737 ], [ 5062925503 ],,,,, [ 11440223856839 ], 
  [ 86675617159561, 5818454046372702872701, 38898972182002548780799561 ], 
  [ 5976033140443, 25710508430460739 ],,,,,,,, [ 2778074342516719, 89788763248102705503529 ],
  [ 1308329196791 ],, [ 446857718014207928257 ],,, [ 1221432988830211, 82027243458467143981 ]
    , [ 1736869093 ], [ 15740972474867 ], [ 1474398091 ],, 
  [ 872215781937001, 77101852093249713001, 45720314632565034673801 ], [ 88862559889 ],, 
  [ 133179225901, 1489770558521939 ],,,, [ 161080355980671013 ], [ 132253953521 ], 
  [ 95811949405364608219 ], [ 10997885851, 1111220562901, 97180423319701, 108784117986391 ], 
  [ 62341179287 ], 
  [ 8129857409, 8161218574361, 2478152914188921881, 6269059992815608192512012437 ], 
  [ 64917558619909 ], [ 191753540800900142111 ], [ 12710019906041, 13403141852851591 ],, 
  [ 175204093635257 ], [ 128154244926284407 ], [ 21619360699, 1063633340437 ], 
  [ 10016995072452315641 ],, [ 137415026493226767379 ],, [ 61843816700606753 ],, 
  [ 5223671418197, 55363181269477, 121745786182249 ],, [ 3088229797976666869 ], 
  [ 7872342103667, 1261217016448133743, 150295000941724264159 ], [ 204559552128368779571 ], 
  [ 117951601383439363 ], [ 68919386009, 362354674273 ], [ 7673486180573 ], 
  [ 586077609704477165029, 11890990091695300289731, 146929935912306020808283 ],, 
  [ 633411409637 ], [ 25289148646262311, 695055512120858503, 5515252297728942641555197 ], 
  [ 1898910847, 2792548963, 11239741829, 1430982602496119, 3070869856716742667413 ], 
  [ 1049325677, 682364226813881 ],,,,,, [ 2116310905031, 72272915010498161 ], 
  [ 2874434650447 ], [ 4965547283113 ], 
  [ 2558992217, 7899211681, 5634937920258339881, 1144550295952368694625897 ], 
  [ 22856181758341189 ], [ 6472360487447517001 ], [ 1047494389421 ], 
  [ 2724925636441, 4049710018657612709149 ], [ 1343932931474827 ], [ 3689919283343 ], 
  [ 57193408381 ], [ 34748537364439742737308929 ], [ 527081743120936091057 ], 
  [ 82164678211807, 277688113255948909 ], [ 291680666768149, 47466237312075325759 ], 
  [ 34733872400501 ],, [ 48533716043 ],,, 
  [ 15802889255401, 22029286326461, 122102720632507441 ], [ 1420250077, 9120662531 ], 
  [ 423438274241161, 79892282612800278583 ],, [ 52195802120591 ], [ 1589644268011 ], 
  [ 6073212226621 ],,,, [ 105781383521031892301 ], [ 36210557839909 ], [ 54812912351 ],,,,,, 
  [ 199296603241 ], [ 8588591970533 ],, [ 1632288373, 15475914517044983 ],,,,,, 
  [ 10583249809030716787561 ],,, [ 5046727841 ],, 
  [ 3080197515609499231, 19216629180552293115319 ], 
  [ 2464900147, 4092919741, 50261955739, 82029026323, 18325024585450428239 ],,, 
  [ 58026174991 ],, [ 1631537437, 5586752179, 104680783755319 ],, [ 2233116671 ], 
  [ 10133976752794509893533 ], [ 1206063594371 ], [ 288636095675929 ],,, 
  [ 1493568793, 1363242901591 ], [ 38332862257 ],,,, [ 30253176564423017 ], [ 2986974979 ], 
  [ 2861604526703677 ],,, [ 11437905661684261 ],,, 
  [ 27168734881, 1014473286908209, 4701931822864368577 ],,,,, 
  [ 39198285197, 54954713059, 779526030529 ],, [ 10473276259, 1351075443450773 ], 
  [ 37873627081 ], [ 27437521681 ],, [ 7786691761, 3160135708871, 79646140216481 ],, 
  [ 2668303993, 1393746926057243 ], [ 419316443296193 ],, [ 9359803525321 ], 
  [ 56955545427947 ],,, [ 26211235031857, 1831735188317081, 8524389914479593097 ], 
  [ 669617871210822151 ], [ 1472350063, 4425533069, 46223971688934241789 ],,,, 
  [ 13259106001, 7028057006325695201 ], [ 803677494673 ], [ 9978129738499377867357793 ],,,,,
  , [ 7431311352163, 38389638951449 ],, [ 259882218500041 ],, [ 1740985787 ],,, 
  [ 689913850181 ], [ 105264649706568211630699 ],,, [ 7795342143217, 1677271521991591 ], 
  [ 6204965491, 74115732876091, 6044161537411691371 ], [ 5581565893 ], [ 75885883643641 ],, 
  [ 5873626991 ], [ 996582183736501 ], [ 38860834521466649 ], [ 13907000632919864783 ],, 
  [ 1869531959 ],, [ 1292324569 ], [ 448411094625101 ],,,, [ 5726697882137 ],,, 
  [ 609525145633, 40943506314401 ],,,,, [ 114452836078769 ],, 
  [ 2316372697, 56468115001, 957680219908609957 ], [ 3936643005907039 ],, [ 30039479539063 ],
  [ 6462584801 ],,, [ 92255036492478263 ], [ 52040760253, 57544841501153, 2989553842145137 ],
  , [ 68526137020277777 ],, [ 190832284661488849, 246255406036370977 ], 
  [ 11014775729, 15617489131 ], [ 6121111811, 22237564817569782361 ],,, [ 22171569900061 ],,
  , [ 2443542817 ], [ 5753041176439, 13030108725752101 ], [ 6899868317 ], 
  [ 2276374207, 50330802145231 ], [ 11645809561 ],, 
  [ 4610903243, 6975247134164681, 111022981979761283 ],, 
  [ 2822855940521, 177908055098485177 ],, [ 17442319087 ],, [ 6820586173, 22077915697897 ],, 
  [ 15901347583001 ],,,, [ 15492027967151, 9771508072507323415099 ], [ 13111058246911 ], 
  [ 166744280544136753 ], [ 42867387397 ],,, [ 1229412191921 ],, [ 157069794493 ],, 
  [ 437450060053 ],, [ 3740477567, 146283675586804956887 ],, [ 4484750593 ],, [ 9306869401 ],
  , [ 433292237993 ], [ 62303452943131 ], [ 169309204403, 1826310268965799 ],,,, 
  [ 118109501091940139, 1114192657102717921 ],, [ 30896846418721, 46752729430735045721 ],, 
  [ 714256219446463 ],,,, [ 5456056187530243 ],,,, 
  [ 2998178986181461, 375455712658898705381 ],, [ 5324885621716711350505609 ], 
  [ 52114163729 ], [ 26728288837474981 ],, [ 1321869613 ], [ 38398635469 ],,, 
  [ 1635896336235212641, 52445028763047437281 ], [ 7786133629, 208494108432091 ],,,,, 
  [ 3214072063, 8441708968272331, 6982919480259031081386799 ], 
  [ 102150532060573, 208716193372459 ], [ 39423875441 ], [ 58475745692671 ], [ 32618402321 ],
  , [ 1039915309 ],,,,,, [ 10377186553 ],, [ 8005248001 ], [ 11233365913051 ],,,,, 
  [ 6375068916569 ], [ 2861053729 ],,, [ 6530689608658681 ],,,,,, 
  [ 58496832781, 350263892718923164393 ],,,,,, [ 11063492404147 ],, [ 32794473856192005437 ],
  ,,,,, [ 87080022901, 4117011008398451 ],, [ 695826806501 ],, 
  [ 25539537665897071, 13136177822254464877 ],, [ 7852448777 ],, [ 152434693757 ],, 
  [ 741429614828423590561 ],, [ 123386556029419 ],, [ 2635737121, 381071961636512897 ], 
  [ 216069272101 ], [ 4412915599, 113479352533, 123479099905981 ],,,,,, [ 8348804748687961 ],
  , [ 33425681411 ],,,, [ 3096208081 ],,, [ 1670857717 ], 
  [ 518204556169, 244473479641901747 ],, [ 132191372138053 ],,,, [ 257857513767761 ],, 
  [ 5925692802451 ],, [ 405080197237 ],, [ 3991708362223 ],,,, [ 1618301972222950500791 ],,,
  , [ 12139431079, 92826660361 ], [ 4306253711 ],, [ 3423688862491, 68963505898527631 ], 
  [ 4014769799, 110581184677903 ],,,,,,,, [ 6898602891662353477 ],, [ 10294323362704957 ],,,
  , [ 55408857656262001 ],,,,,,,, [ 58924512737, 544298143192995041 ],,,,,,, [ 296230512451 ]
   ,,, [ 69906771255121 ],, [ 12062960561, 2742738783221, 1961706232033841 ],,,, 
  [ 1395653377, 12074604049, 783365049475363681 ],, [ 38654678063, 43097753753 ],, 
  [ 344623151441 ],,,,,,,,,,, [ 240595455691 ], [ 5130643201 ],, 
  [ 4310661493, 4826947621, 55796604559 ],, [ 238549214109809 ], 
  [ 15590166001, 720623453281, 413156206766041 ], [ 120890350837, 107055100953337 ],, 
  [ 7187670260929 ],,, [ 10582771293403 ],,,,,,, [ 300271314596989 ],, [ 648331006922941 ],,
  , [ 9937465669 ],,, [ 141767455943359 ],,,, [ 1703031461, 12648893821 ],, [ 111202816033 ],
  ,,,,,,,,,,, [ 316976887848853 ],,, [ 2418002299 ],,, 
  [ 5891971819861, 91052000419621, 9385107942428851 ],,,,, [ 4143369533491 ], 
  [ 76015897459993 ],,, [ 12995311711 ],,, [ 1194529981321 ],, [ 37954392257, 3805153184449 ]
   ,, [ 5912573530713119 ],,,, [ 32234925841 ],, [ 142219944667342961 ],,,,,, 
  [ 23148368107 ],,,,,, [ 3119096257 ],, [ 1323463556383 ],,,, [ 256420538673411781 ],, 
  [ 11393913793, 840218642175397 ],,, [ 616097393311, 49701670020661 ],,,,,,,,,, 
  [ 753603955831 ], [ 17666940652868327 ],, [ 1956459077 ],, [ 1978927941751 ],, 
  [ 8586392401 ],, [ 128871660668869 ],,, [ 7010107661 ], [ 2282804171 ],,, [ 18271926577 ],,
  ,,, [ 2309575901539 ],,,,,,,,,,,, [ 12331242315191 ], [ 43151714113 ],,,,, 
  [ 1279948462801 ],, [ 738313804441, 340031200708033 ],,, [ 5346125137 ],,,,,,,,,,,,,,,,, 
  [ 32814561937, 433913300627 ],, [ 6186011641 ],,,, [ 1225004174841759733 ],,,,, 
  [ 1090036440079603 ],,,, [ 75518023297 ],,, [ 609690873817 ],,,, [ 283637833391917 ],,,,,,,
  , [ 2205694877, 45203241469 ],,,, [ 9529293481 ],, [ 502280123347 ],,,,,,,,,, 
  [ 44552880277 ],,,,,,,,,, [ 38748821829863, 1866315267351343 ],,,, [ 4227450827773 ],, 
  [ 12190534861 ],, [ 23527582261 ],, [ 80932522673 ],, [ 3205016697153911 ], 
  [ 1934868251 ], [ 7922546629 ],, [ 4030448509657 ],,,,,, 
  [ 3405249329, 5308515473, 1387057000421, 6923817672773 ],,,,,, [ 134007742331 ],, 
  [ 2681745373, 3522101249, 535645852068937 ],,,,,,,,,,,,,,,,,,,,,,,, [ 45664118728001 ],, 
  [ 1620189639199, 1964411349193 ], [ 3114966205711 ], [ 1799359245641 ],,,,,, 
  [ 44591182751 ],,,, [ 9845112408000421 ],, [ 28197471737 ],, [ 569335148966167 ],,,,,,,,,,,
  , [ 191870431237, 1804444556246179 ],, [ 6315567469, 1123628124781 ],, [ 62942592001 ],,,,,
  ,,, [ 30533895351919 ],,,,,, [ 67485729053 ],,,,,,,,,, [ 2605138321 ],, [ 11145145057 ], 
  [ 9484030147 ],,,,,,,,,,, [ 62160201793, 9312138759876473 ],, 
  [ 280595191141, 431205334561 ],, [ 1163356929687761429377 ],,,,,,,,,,, [ 72376734763 ], 
  [ 4863083837 ],,,,,,,,,,,,, [ 1482224617 ],, [ 2006586269 ], [ 12252835282201 ],,,,,,,,,,,,
  ,,,,,,,,,,,,,,,,,,,,,, [ 10649658161, 28791951469, 560513834579 ],,,,,, [ 14631208621 ], 
  [ 5876473699, 8894072287 ],,,,,,,, [ 122455611227 ],,,,, [ 3980292568429 ],,,,,, 
  [ 42463749961 ],, [ 1808203777 ],,,,,,,,,,,, [ 2216876131 ],,,, 
  [ 10945414099, 44694100981 ], [ 259574702479 ],,,,, [ 1527206257 ],,,, [ 138031776929 ],, 
  [ 5131810650181 ],, [ 2156252513 ],,,,,,,,,, [ 1468224517, 47267901724033 ],,,,,,, 
  [ 11105193991 ],, [ 4100019769 ],, [ 73516014749 ],,,,,, [ 2298659183 ],,, [ 4297425941 ],
  , [ 31234070297 ],,,,,,,,,,,,,,,,,,, [ 1988160131 ],,,, [ 2211250273 ],,, [ 2093028211 ], 
  [ 21110579563 ],,,,,,, [ 149927705911 ],,,,,, [ 2048946337 ], [ 6018536791 ],,,,,,,,, 
  [ 33148908571 ], [ 2026320871 ],,,,, [ 1264748372401 ],, [ 15311905381 ], [ 26374636963 ],
  , [ 1228940941 ],,,, [ 1998564049 ],,,,,,,,, [ 3610790233 ],,,,,,,,,,,,,,,,,,,, 
  [ 1052620643 ],,,,,,,,, [ 518148501881 ],, [ 103518354013 ],,,, [ 27765440011 ],,,,,,,, 
  [ 27404995229 ],,,,, [ 4697737339 ],,,,,,,,,, [ 10689737213 ],, [ 2632775851 ],,,,,,,,,, 
  [ 23962816249 ],,, [ 18146902771 ],,,,,, [ 5890499299 ],,,,,,,,,,, [ 69952228477 ], 
  [ 145380445981 ],,,,,,, [ 1825585469 ],, [ 160207578901 ],,,,,,,,,,,,,,,,, 
  [ 1954573501, 4996822231 ],,,,,,, [ 14151181991 ],,,,,,,,,,,,,,,,,,,, [ 3381472813 ],,,, 
  [ 4348610459 ],,,,, [ 2537756647 ],,,,,,, [ 4187726843 ],,,, [ 5894691589, 33344879417 ], 
  [ 12780344491 ],,, [ 18823006819 ], [ 1976150443 ],, [ 8733495847 ], [ 19418857391 ],, 
  [ 4307711041, 16730013697 ], [ 6198808211 ],,,, [ 32345140543, 519288716057 ],,,,, 
  [ 127736724721 ], [ 8591789611 ],, [ 1268577311 ],,,,,,,,,,,,,,,,, [ 117700168609 ],,,,,,,,
  ,,,,,,,,,,,,, [ 5901197563 ], [ 4142695933 ], [ 213846070201 ],,,,,,, [ 63225301630129 ], 
  [ 2208841883, 5853254877889 ], [ 3037679353, 367537487557 ], [ 93802977001 ], 
  [ 2008420961 ],,,,,, [ 2051266411 ],,,, [ 784635819967 ],,,, [ 6744805411 ],,, 
  [ 1176750241 ], [ 16465375961 ],,,,,,,,,, [ 29147444341 ],,,,,,,,, [ 14897279413 ],,,,, 
  [ 15467673901 ],,,,,,,, [ 195131034213439 ],,,,,,,,,,,,,,,,, [ 51907607903 ],, 
  [ 17588587501 ],, [ 2460955957 ],,,,,,,,,,,,, [ 388809028301 ],, [ 17613519673 ],,,,,,,, 
  [ 1379036551 ],,,,,,,,,,, [ 1333434299 ],,,,,, [ 214758744631 ], [ 2143380737 ],, 
  [ 18199450991 ],,,, [ 2040941267, 13080190267 ],,,, [ 4493953063, 23176409491 ],,,, 
  [ 3049452127 ],,, [ 4220059331 ],,,,, [ 1640722591 ],,, [ 28304908273 ],,,, [ 3408237551 ],
  , [ 1585727151919 ],,,,,,,,, [ 3643546297 ],,,,,,,,,, [ 173414465131 ],,, [ 33742641983 ],
  , [ 672879758269 ],,,, [ 2383236109 ],,,,,, [ 6252495721, 21215625731 ],,,,,,,,,,,,,,, 
  [ 20862297329 ],,,, [ 711238954861 ],,, [ 2127406511 ],,, [ 3564794507, 5038938887 ],,,,, 
  [ 44068013279 ], [ 4086339713 ],,,,,,, [ 1275126733 ],,,, [ 12655338551 ],,,,, 
  [ 6554837521 ],,,,,,,,,,,,,,,,,,,, [ 9420407201 ], [ 94844428567687 ],,,,,,,,,,,,,,,,,,,,,,
  ,,,,,,, [ 21276766571 ],,,,,,,, [ 22331563739 ],,,,,, [ 3365970577 ],,,,,,, 
  [ 746330974783 ],,,, [ 1027735021 ],, [ 78344675683 ],,,,,,,, [ 2222375041, 68133250121 ],,
  , [ 2167495513 ],,, [ 1831104199 ],,,,,, [ 2401995779 ], [ 12347719273 ],,, 
  [ 45404700017 ],,,,,,,,,,,,,, [ 2163229891 ],,,,,,,, [ 26346318611773 ],,,,,, 
  [ 22628752057 ],,,,,,,,,, [ 4467740489 ],,,,,,,,,, [ 7312952887, 195005938837 ], 
  [ 1652702281, 2387022721 ],,, [ 8675427697 ],,, [ 26378366473 ],,,,,,,,,,,,,,, 
  [ 31970153629 ],,,,,,,, [ 7322143687 ],,,,,,,,,,,,,,,,,,,,,, [ 624045894517 ],,, 
  [ 3191991493 ],,,,,,,,,,,, [ 1733270113 ],,,,,, [ 118247282941 ],,,, [ 1894844183 ],,,,,,,,
  ,,,,,,,, [ 2856234229 ],,, [ 148860089682151 ],,,,,,,,,,,,,,,,,,, [ 2660933593 ],,,,,,,,,,
  , [ 11027951681 ],,,,,,,,, [ 8291102597 ],,,,,, [ 61082604061 ],,,,,,,, [ 1709030321773 ],,
  ,,,,, [ 86042985121 ],,,,,,,,,,,,,,, [ 23787924001 ],, [ 505548101059 ],, [ 9779944194697 ]
   ,,,,, [ 26663476127, 49972147261 ],,,,,,,,,,, [ 132147674821 ],,,,,, [ 4336928537 ],,,, 
  [ 1049603381 ],, [ 4606986977 ],, [ 77615800335649 ],, [ 5247547717 ],,,,,,,,,,,, 
  [ 1821693953 ],,,,,,, [ 2529343321 ],,,,,,, [ 30357182587, 93908331887 ],,, 
  [ 22385434261 ],,,,,,,, [ 4120386013 ],,,,,,,,, [ 5260341643 ],,,,,,,,,,,,,,,,,, 
  [ 11994880801 ],,,, [ 23255585641 ],,,,,,,,,,, [ 13504693771 ],,,,,,, 
  [ 27611862937, 139732085159 ],,,,,,,,,,,,, [ 1973461631 ],,,,, [ 67927723781 ],,,,, 
  [ 701313018121 ],,,,,,,,,,, [ 285928907054561 ], [ 270135389341 ],,,,, [ 11735573821 ],,, 
  [ 1782357901 ],,, [ 46579915769 ],,,,,,,,,,,,,,,,,,,,,, [ 1726217131 ],,,,,,,,,,,,,,, 
  [ 14985016831 ], [ 2007466619 ],,,,, [ 13559492563 ],,, [ 23044527487 ],,,,,,,,,, 
  [ 210285293761 ],,,,,,,,,,,,,, [ 1580887393 ],,,, [ 1145742713 ],,,,,,,,,,,,,,,, 
  [ 6664586353 ],,,,,,,,,,,, [ 639982972751 ],, [ 2802003073 ],,,,,,,,,,,,,,,,, 
  [ 56715033691 ],,,,,,, [ 2435004433 ],,,,,,,,,,,,,,,,,,,, [ 3135991381 ],,, [ 2065742011 ],
  ,,,,,,,,,,,,,,,,,,,, [ 6253500241 ],, [ 146471872147 ], [ 2581025371 ], [ 70406383433 ],,,,
  ,,,,,,, [ 1530297841 ], [ 4195077109 ],,,,,,,,, [ 42727863751 ],,,,,,,,,,,,,,,,,,,,,,,,,,,,
  ,,,, [ 29803588489 ], [ 5555945014709 ],,,,,,,,,,, [ 5164505743, 10031080819 ], 
  [ 1210600841 ],,,,,, [ 1964961793 ],,,,,,,,,,,,,,,,,,,,,,,,,,,,,,,, 
  [ 2331989281, 20179199377 ],,,,,,,,, [ 15386702059, 73464928993 ],,, [ 29560971301 ],,, 
  [ 3540341642791 ],,, [ 7897143061 ],,, [ 4030437247093 ],,, [ 116828336689, 368065977889 ],
  , [ 3710777341 ], [ 1751186251, 2195424001 ],,, [ 14329728841 ],,,,,,,,,,,,,,,,,,,, 
  [ 1960640233 ], [ 3875074351 ],,, [ 306168041143 ],,,,,,,, [ 1150719541 ],,,,,,,,,,,,,,,,,,
  ,,,,,,,,,,,,,,,,,,,,,,,,,, [ 10067745409 ],,,,,,,,,,,,,,,,, [ 8590076083 ],,,,,,,,,,,,,,,,,
  ,,,,,,,,,,,, [ 135685071601 ],,,,,,,,,,,,,,,,,,,, [ 1111854641 ],,,,,, [ 1213844867 ],,,,,,
  ,,,, [ 1004671861 ],,,,,,,,,,,, [ 2416807513033 ],,,, [ 1129961509 ],,,,,, [ 3552972523 ],,
  ,, [ 6728460553 ],,,, [ 1827782941, 226014922141, 4663760688271 ],, [ 2345991077 ],,,, 
  [ 1101518641 ],,,,,,,,,,,,,,,,,, [ 38856450131 ],,,,,,,,,,,,,,,,,,,,,,,, [ 59171550761 ],,,
  , [ 1373435299 ],,,,,,,,,,,,,,,,,,,,,, [ 1007232221 ],, [ 34462656997 ],, [ 1707382657 ],,,
  ,,,,, [ 8780329382081 ],,,, [ 509460787889 ],, [ 4548879721 ],,,,,,,,,,,, [ 10684050661 ],,
  ,,,,,,,,,,,, [ 1915977597697 ],,,,,,,,,,,, [ 10820122969 ],,,, [ 2927492401 ],,,,,,,,,,,,,,
  ,, [ 2656462337 ],,,, [ 12742815781 ],,,,,,,,,,,,,,,,,,,,,,,,,, [ 14927546063 ],, 
  [ 27845553889 ],, [ 1467276901 ],,,,,,,,,,,,,,,,,,,,,,,, [ 27829206409 ],,, 
  [ 75065314549 ],,,,,,,,,,,,,,,,,,, [ 39625658129 ],, [ 81717401179 ],,,,,,,,,,,,,,,,,,,,,, 
  [ 31095503401 ],,,,,, [ 26474228551 ],,,,,,,,,, [ 174250707457 ],,,, [ 9194826481 ],, 
  [ 2501650267 ],,,,,,,,,,,,,, [ 3373067953 ],,,,, [ 129638111149 ],,,,,,, [ 1928490649 ],,,,
  ,,,,,,,,,,,,,,,,,,,,,,,, [ 6296415060349 ],,,,,,,,,, [ 78234390469 ],,,,,,,,, 
  [ 1495711351 ],,,,,,,,,,, [ 6575566426939 ],,,,,,,,,,,, [ 1006158259 ],, [ 4559920961 ],,,,
  ,, [ 41185943767 ],,,, [ 1055818501, 1802815351 ],,,,,,,, [ 656126409599 ],,,,,,,,,,,,,,,,,
  ,,,,,,,,,,,,, [ 2495919233 ],,,,,,,,,,,,,,,,,, [ 29147514667 ],,,,,,,, [ 22313519587 ],, 
  [ 11168557277 ],, [ 2195842147, 9816287153 ],, [ 19060644721 ],,,,,,,,,,,,,,,,,,,,,,,,,,,,,
  ,,,,,,,,,,,,,,,,, [ 16503192913 ],, [ 3514173697 ],, [ 4442621861 ],,,,,,,,,, 
  [ 5581221181 ],,,,,,,,,,,,,,,,,,,,,,,, [ 86009816449 ],,,,,,,,,,,, [ 5253705841 ],,,,,,,,,,
  ,,,,,,,,,, [ 12578034289 ],,,,,,,, [ 2715581597 ],,,, [ 11116296241 ],,,,,,,,,,,, 
  [ 32941445881 ],,,,,,,,,,,,,,,,,,,, [ 2429971601 ],, [ 21878012203 ],, [ 2190309378637 ], 
  [ 4172580721 ],,,,,,,,, [ 6427443853 ],,,,,,,,,,,,,,,,,, [ 3550228849 ],,,,,,,, 
  [ 12668439401, 76887421841 ],, [ 1809211031 ],,,,,,,,,,,, [ 4343051771 ],, [ 17900895937 ],
  , [ 1148342099 ],,,,,,,,,,,,,, [ 1635792761 ],,,,,,,,,,,,,,,,,,,,,,,, [ 1131915409 ],, 
  [ 2811989077 ],,,, [ 8546056969 ],,,,,,,,,,,,,, [ 459391981261 ],, [ 75068143679 ],,,, 
  [ 2545039603 ],, [ 4664399081 ],,,, [ 414679182913 ],,,,,,,,,,,,,,,,,,,,,,,,,,,,,,,, 
  [ 6159106721 ],,,,,,,,,,,,,,,,,,,,,,,,,,,, [ 664785858433 ],,,,,,,,,,,,,,,,,,,,,,,,,,,,,,,
  , [ 1418903501 ],,,,,,,,,,,,,,,,,, [ 56458735577 ],,,,,,,,,,,,,,,,,,,, [ 2433135671 ],,,,,,
  ,, [ 1263386611 ],,,,,,,,,, [ 14390068757 ],, [ 6423986791 ],,,, [ 7259644523 ],,,, 
  [ 6793483187 ],,,,,, [ 13409752361 ],,,,,,,,,,,, [ 19691531777 ],,,,,,,,,,,,,, 
  [ 3161594983 ],,,,,,,,,,,,,, [ 84021047293 ],,,,,,,,,,,,,,,,,,,,,,,,,,,,,,,,,,,,,,,,,,,,,,,
  , [ 3089739061 ],,,,,,,,,,,, [ 1550645501761 ],, [ 384065862863 ], 
  [ 1508550751, 2074368451 ],,,,,,,,,,,,,,,,,,,,,,,,,,,,,,,,,,,,,,, [ 1720766767 ],,,,,,,,,,,
  ,,,,, [ 8446812712771 ],,,,,,,, [ 1108544812411 ],,,,,,,,,,,,,,,,,,,,,,,,,,,,,,,,,,,,,,,,,,
  ,,,,,,,,,,,,,,,,,,,,,,,,,, [ 2860479227 ],, [ 1341383233 ],,,,,,,,,,,,,,,,,,,,,,,,,,,,,,,,,
  ,,,,, [ 6024324403 ],,,,,, [ 2318773033 ],,,,,,,,,,,,,,,,,,,,,,,,,,,,,,,,,,,,,, 
  [ 2124893051, 14580171241 ],, [ 2130114953 ],,,,,,,,,,,,,,,,,,,, [ 1766213233, 2325406249 ]
   ,,,,,,,,,,,,,,,,,,,,,,,,,,,, [ 23254778321 ],,,,,,,,,,,,,,,,,,,,,,,,,,,,,,,,,,,,,,,,,,,,,,
  ,,,,,,,,,,,,,,,,,,,,,,,,,,,,,,,,,,,,,,,,,,,,,,,,,,,, [ 158629583449 ],,,,,,,,,,,,,,,,,,,,,,
  ,,,,,,,, [ 5187273543253 ],,,,,,,,,,,,,,,,,,,,,,,,,,, [ 195607060741 ],,,,, [ 2144960101 ],
  ,,,,,,,,,,,,,,,,,,,,,,,,,,,,, [ 2340768361 ],,,,,,,,,,,,,,,,,,,,,,,,,,,,,,,,,,,,,,,,,,,,,,,
  ,,,,,,,,,,,,,,,,,,,,,,,,,,,,,,,,, [ 198985679471 ],,,,,,,,,, [ 4288925261 ],,,,,,,,,,,,,,,,
  ,,,,,,,,,,,, [ 27983793457, 41906180161 ],,,,,,,, [ 1894613729 ],,,, [ 67864125961 ],,,,,,,
  ,,,,,,,,,,,,,,,,,,,,,,,,,,,,,,,,,,,,,,,,, [ 6932041573 ],,,, [ 23935419811073 ],,,,,,,,,,,,
  ,,,,,,,,,,,,,,,,,,,,,,,,,, [ 9589879501 ],,,,,,,,,,,,,,,,,,,,,,,,,,,,,, [ 341554279021 ],,,
  ,,,,,,,,,,,,,,,,,,,,,,,,,,, [ 2848676460211 ],,,,,,,,,,,,,,,,,, [ 43121422657 ],,,,,, 
  [ 10687926433 ],,,,,,,,,,,,,,,,,,,,,,,, [ 3438972529 ],,,,,, [ 221708149057 ],,,,,,,,,,,,,,
  ,,,,,,,,,,,,,,,,,,,,,,,,,,,,,,,,,,,,,,,,,,,,,,,,,,,,,,,,,,,,,,,,,,,,,,,,,,,, 
  [ 2704502197 ],,,,,,,,,,,,,,,,,,,,,,,, [ 12139899199 ],,,,,,,,,,,,,,,,,,,,,,,,,,,,,,,,,,,,,
  ,,,,,,,,,,,,,,,,,,,,,,,,,,,,,,,,,,,,,,,,,,,,,,,,,,,,, [ 152291800849 ],,,,,,,,,,,,,,,,,,,,,
  ,,,,,,,,,,,,,,,,,,,,,,,,,,,,,,,,,,,,,,,,,,,,,,,,,,,,,,,,,,,,,,,,,,,,,,,,,,,,,,,,,,,,,,, 
  [ 41584254697 ],,,,,,,,,,,,,,,,,,,,,,,,,,,,,,,,,,,,,,,,,,,,,,,,,,,,,,,,,,,,,,,,,,,,,,,, 
  [ 30590438833 ],,,,,,,,,,,,,,,,,,,,,,,,,,,,,,,,,,,,,,,,,,,,,,,,,,,, [ 13823371865101 ],, 
  [ 2139399469 ],,,,,,,,,,,,,,,,,,,,,,,,,,,,,,,,,,,,,,,,,,,,,,,,,,,,,,,,,,,, [ 2518641733 ],,
  ,,,,,,,,,, [ 10712623177 ],,,,,,,,,,,, [ 126231733711 ],,,,,,,,,,,,,,,,,,,,,,,,,,,,,,,,,,,
  , [ 1411187023 ],,,,,, [ 10827803029, 13294836481 ],,,,,, [ 278546065267 ],,,,,,,,,,,, 
  [ 3945786438397 ],,,,,,,,,,,,,,,,,,,,,,,, [ 752513781631 ],,,,,,,,,,,,,,,,,, 
  [ 647838753313 ],,,,,,,,,,,,,,,,,, [ 8751173401 ],,,, [ 7357439321 ],,,,,,,,,,,,,, 
  [ 7330486633 ],,,,,,,,,,,,,,,,,,,,,,,,,,,,,,,,,,,,,,,,,,,,,,,,,,,,,,,,,,,,,,,,,,,,,,,,,,,,,
  ,,,,,,,,,,,,,,,,,,,,,,,,,,,,,,,,,,,,,,,,,,,,,,,,,,,,,,,,,,,,,,,,,,,,,,,,,,,,,,,,,,,,,,,,,,,
  ,,,,,,,,,,,,,,,,,,,,,,,,,,,,,,,,,,,,,,,,,,,,,,,,,,,,,,,,,,,,,,,,,,,,,,,,,,,,,,,,,,,,,,,,,,,
  ,,,,,,,,,,,,,,,,,,,,,,, [ 18723983737 ],,,,,,,,,,,,,,,,,,,,,,,,,,,,,,,,,,,,,,,,,,,,,,,,,,,,
  ,,,,,,,,,,,,,,,,,,,,,,,,,,,,,,,, [ 2035752391 ],,,,,,,,,,,,,,,,,,,,,,,,,,,,,,,,,,,,,,,,,,,,
  ,,,,,,,,,,,,,,,,,,,,,,,,,,,,,,,,,,,,,,,,,,,,,,,,,,,,,,,,,,,,,,,,,,,,,,,,,,,,,,,,,,,,,,,,,,,
  ,,,,,,,,,,,,,,,,,,,,,,,,,,,,,,,,,,,,,,,,,,,,,,,,,,,,,,,,,,,,,,,,,,,,,,,,,,,,,,,,,,,,,,,,,,,
  ,,,,,,,,,,,,,, [ 3201219211 ],,,,,,,,,,,, [ 64978935319 ],,,,,,,,,,,,,,,,,,,,,,,,,,,,,, 
  [ 51716837173 ],,,,,,,,,,,,,,,,,,,,,,,,,,,,,,,,,,,,,,,,,,,,,,,, [ 6271311901 ],,,,,,,,,,,,,
  ,,,,,,,,,,,,,,,,,,,,,,,,,,,,,,,,,,,,,,,,,,,,,,,,,,,,,,,,,,,,,,,,,,,,,,,,,,,,,,,,,,,,,,,,,,,
  ,,,, [ 2893492369 ],,,,,,,,,,,, [ 530487844921 ],,,,,,,,,,,,,,,,,,,,,,,,,,,,,,,,,,,,,,,,,,,
  ,,,,,,,,,,,,,,,,,,,,,,,,,,,,,,,,,,,,,,,,,,,,,,,,,,,,,,,,,,,,,,,,,,,,,,,,,,,,,,,,,,,,,,,,,,,
  ,,,,,,,,,,,,,,,,,,,,,,,,,,,,,,,,,,,,,,,,,,,,,, [ 6328630801, 11935263810601 ],,,,,,,,,,,, 
  [ 979195661893 ],,,,,,,,,,,,,,,,,,,,,,,,,,,,,,,,,,,,,,,,,,,,,,,,,,,,,,,,,,,,,,,,,,,,,,,,,,,
  ,,, [ 12063881341 ],,,,,,,,,,,,,,,,,,,,,,,,,,,,,,,,,,,,,,,,,,,,,,,,,,,,,,,,,,,, 
  [ 143913899251 ],,,,,,,,,,,,,,,,,,,,,,,,,,,,,,,,,,,,,,,,,,,,,,,,,,,,,,,,,,,,,,,,,,,,,,,,,,,
  ,,,,,,,,,,,,,,,,,,,,,,,,,,,,,,,,,,,,,,,,,,,,,,,,,,,,,,,,,,,,,,,,,,,,,,,,,,, 
  [ 48902590921 ],,,,,,,,,,,,,,,,,,,,,,,,,,,,,,,,,,,,,,,,,,,,,,,,,,,,,,,,,,,,,,,,,,,,,,,,,,,,
  ,,,,,,,,,,,,,,,,,,,,,,,,,,,,,,,,,,,,,,,,,,,,,,,,,,,,,,,,,,,,,,,,,,,,,,,,,,,,,,,,,,,,,,,,,,,
  ,,,,,,,,,,,,,,,,,,,,,,,,,,,,,,,,,,,,,,,,,,,,,,,,,,,,,,,,,,,,,,,,,,,,,,,,,,,,,,,,,,,,,,,,,,,
  ,,,,,,,,,,,,,,,,,,,,,,,,,,,,,,,,,,,,,,,,,,,,,,,,,,,,,,,,,,,,,,,,,,,,,,,,,,,,,,,,,,,,,,,,,,,
  ,,,,,,,,,,,,,,,,,,,,,,,,,,,,,,,,,,,,,,,,,,,,,,,,,,,,,,,,,,,,,,,,,,,,,,, [ 106973325001 ] 
 ]);
