BRENTFACTORS[1456]:=MakeImmutable([ ,,,,,, [ 1958736151 ],,,,,, [ 194393847381917 ],,,,,, 
  [ 41841936839, 227184419314441 ],,,,,, [ 13899139951 ], [ 1049800571, 1729561913 ],,, 
  [ 171737876113 ],, [ 524974663919, 1669137262997 ], [ 1735300577, 21893917921 ], 
  [ 211553865181666411669 ], [ 1827329908701318101 ], [ 37096036741, 53909331626753891 ], 
  [ 14264669269, 143141543353 ], [ 4990429179853286164981 ],,, [ 6864762241 ], 
  [ 65340565558192368570913, 5810493922902215805724663, 170951887952237511268103719 ],, 
  [ 19137613283, 253392932873, 4153800663934480337, 322144988341146931853, 
      1612112306773335134041 ],,,,,, [ 2157217800637792246143551147676305415120421 ], 
  [ 84542909549153683285501 ],, [ 12483992093, 69460531832325458064735328913 ], 
  [ 127424324197, 1058460930816613, 31320979585557650863423331 ], [ 4713084237313 ],,, 
  [ 1037503969, 73969778028591694668313 ], [ 2829327933917 ], [ 114685952635806997 ], 
  [ 2232320312581 ], [ 162066323335096144438400033 ],, 
  [ 232254040537, 3571584844761928605493 ], 
  [ 30101183953793, 16421762976708536622348673, 42977245806741062814625217 ],, 
  [ 834271660993 ], [ 3326722727, 61270825023966085897766505497 ], 
  [ 125804713289441, 87275207273055605836231081 ], [ 909076872092159822167357 ], 
  [ 45113125475951191 ], [ 138229138057679, 89547768908428351, 13012794346006135473031 ], 
  [ 79355304793, 156532462993 ], [ 39955019016553, 1236752132420243 ], 
  [ 10942195713663235008549101803, 16631693934171444746541549271 ], 
  [ 463710670488218617498051 ], [ 1184096362117 ], [ 44451305025641795798995869942937 ],,, 
  [ 42386061291729161033406711892071669492641 ],, 
  [ 19278125243717969, 4165788201719599003038322229 ], [ 3309706977182369 ], 
  [ 3319232098440332257, 9401467806098502736967401 ], [ 38171259363451 ], [ 1434653893 ], 
  [ 213708812434788527428021273 ], [ 7748055539046347326507553 ],, 
  [ 581254944013457011, 10287693117649111951 ], [ 134718819509 ], 
  [ 1166985430081, 10758205693721 ],, 
  [ 3677929567073, 155431226834339, 694239096560830527880163 ],,, 
  [ 2802960889, 315779521409201, 8805140719154981171 ], 
  [ 4500898627, 15110944013305077547, 4528885220033060600827 ], [ 5567110529509 ], 
  [ 1512855490076401, 3695612615645314901, 41535508128477238758326189701 ],,, 
  [ 2365692671, 24962700178870043 ], 
  [ 1167032391617, 226825466606361989646719907234226924777, 
      15423106786583958196510898591699165782289 ], 
  [ 1765659631, 642684568597269202270351, 408619767514821423216378871 ], 
  [ 10148772112682643107, 1577169832877221295827 ], [ 16006801747 ], 
  [ 2450011603752613, 4293401719652821 ], 
  [ 54432037677923, 17791852044532387, 97984245914244292901, 8128977855284027971138583, 
      1143210999161501846982257329 ], [ 131634795068652412442210258079473688978414691 ], 
  [ 17778679561010736217, 10506877930365680334485587 ], 
  [ 96733513794225807073, 1305463725812859007622138473173825137 ], 
  [ 3762685012966441, 47008112001625174838140621 ], [ 46173766344177834642307726687 ], 
  [ 1084254211351, 27731821763309529317891 ], [ 4648783847353, 697559144341907931613 ], 
  [ 5591530798035937561, 87013780636539802438243393219 ],, 
  [ 35419839172033, 80016828300781494553741801 ], 
  [ 277769026633605339838321, 10170030228364029974357521 ],, 
  [ 674260431997803953, 121290822965979925471951603378987 ], [ 3817983711248158298029 ], 
  [ 4405324193, 10292931689780264429 ], [ 53443719746298712330501 ],, [ 12295840632553 ], 
  [ 326951651888284569857 ], [ 12698303599, 644325412304151979, 265599064213766675257 ],, 
  [ 99653147433222671, 286902409718132347 ], 
  [ 119604767833, 3098167001074586761, 2580192418276866145343053 ], 
  [ 624059530695959, 469325869941091522389624721, 1176689578482348279800078489 ], 
  [ 2643825763, 340648663662355520423993 ], [ 13796785621 ], 
  [ 33666057577, 76367037697, 240649734143014321, 90303497414841482273 ], 
  [ 352962116419875064210861 ], [ 3886389793749121 ], 
  [ 95156668623869, 10496868736554231501929 ],, [ 480042617105984269 ],, 
  [ 97014053688964526687 ], 
  [ 1164558097, 40891704504193, 1625368026842353, 59819496934753150949462881393 ], 
  [ 52964901270452257214129282604151 ], [ 13037160362029, 83120054872839407189015646973 ],, 
  [ 1897542995105526413 ],, [ 80470232186934451 ],, 
  [ 343418524649, 9993198794348671964443921297 ], [ 23131806193423 ], 
  [ 1936639699695899353, 5287818445331744323 ], [ 12016362122323171 ], 
  [ 14141133154522247247193 ], [ 124577706119 ], 
  [ 635491376561, 22400734296387131396905155187, 27614186344355276383343560969 ],, 
  [ 3341851329507841, 2078878477960754881 ],, [ 3334528520034823 ],, 
  [ 11026247136532667077 ], [ 6135277501, 25374404353321, 2904949801364161 ], 
  [ 1303508029, 92616027052922096991623 ], [ 2466384649453 ], [ 317397244333044206224321 ], 
  [ 11362676763854095213, 3735597356208226712113 ], [ 25386987204668981 ],, [ 3776972081 ],, 
  [ 14527216849, 5944875210540163 ], [ 263753144334335547851 ], 
  [ 3120390593, 5080419021222689, 2000474849717003509652759481310193 ], 
  [ 31981023751, 7960987216942398506177041 ],,,,, [ 1246731825349871837666088491 ], 
  [ 37740844919287 ],, [ 821638705645639771 ], 
  [ 187985036269, 2544185979571, 3864066258605483775373, 1632472604432143644112281709, 
      62063458332535018148367490438057434350796382824038581 ],,, [ 39942368020171 ], 
  [ 102916521682855469261 ], [ 28858426459 ], [ 22855396801, 177887386282759461040011457 ],, 
  [ 1803878294892347129, 1012518561941976070382059, 385492387220035150302764537 ],, 
  [ 17975281186409, 437182495993405541, 11880820040774545337, 13212955821125756053, 
      5234007739359321770933 ], [ 115057512737 ],, [ 4388022309434011 ], 
  [ 11620592984197048992001 ], [ 713214994507 ], [ 287267376472317938287 ], [ 2176266779 ],,
  , [ 4948305063397 ], [ 18583314877, 2790049139821 ],, [ 23153094468906967083045451 ], 
  [ 17551266655861, 481088696406341521, 2327511309264741260453359076410741 ],, 
  [ 28786711236853517 ],, [ 4274917433233 ], 
  [ 96132645991, 14931314683320901, 127019085208333471 ], 
  [ 5416186291129, 36173279066221018801, 76294624572216660097 ], [ 5037556483 ],, 
  [ 1637448542075959 ], [ 34110766382881 ],, 
  [ 178739631436523411220859, 6340683588588426697918864663 ], [ 2373128833573970107 ], 
  [ 9828605295721400452812711521 ], [ 394361084879551 ],,,, [ 2038527773, 714335865569 ], 
  [ 51061468828301 ],,, [ 997935622433, 5175404989141 ], [ 658812829770642691 ],, 
  [ 362528309007708733, 31409450832830161297, 55320879439625454633705929 ], 
  [ 6716910853, 25144539649, 1444713394494091, 8601205736715447719731873 ],, 
  [ 2104817768057 ],, [ 87531059257, 73902150924006697 ], [ 1050292563673, 2150360539427 ], 
  [ 1474694841602574081541, 2524848169496104174627 ],,, [ 369742635133 ], [ 7860544184923 ],
  , [ 14014984531063, 894812223829051309 ],, [ 8220306727 ], 
  [ 145548729305029, 3412102081147743984841 ],,,, 
  [ 249648467713, 662095235690298327579341345118209 ], [ 1737795644807 ], 
  [ 16681894319077897146859, 41621270530089826200320863 ],, 
  [ 2054460545540261, 1782515432067491909581 ], [ 312551685722251 ],, 
  [ 2072654609, 1160989285591, 22837899495024799 ], [ 42235831704793 ], [ 14271418121 ],,, 
  [ 729975571621706815292089 ],, [ 5515634251, 159765080690767326211 ],, 
  [ 1324404166781819073857 ], [ 5232892364701, 459804877695753409 ], 
  [ 17647782735533988655563598900301 ], [ 48321513292626751 ], 
  [ 1190965117, 182546793311953551997, 180897755595651806654821 ], [ 362311201081949701 ], 
  [ 1318850045929093 ], [ 1886286637, 10585271520633727 ],, [ 90516017949359 ], 
  [ 1320847393, 247507568419007027200207, 31057906363455397858354839541 ],, 
  [ 85562123573, 851368301440222836089, 457643741645364343879037668613 ], 
  [ 140088993838630917790076971 ],, [ 3656722286533 ],, [ 450557824858693 ], 
  [ 86911384121, 522148691458721 ],, [ 3846449889157, 140024176718151445877 ],, 
  [ 105980537881, 1336790673974084681899 ],,, [ 42126685940755747 ],, [ 516310275286651 ], 
  [ 283639199168962201 ], [ 6495143221097903 ], 
  [ 56197172909, 704475006797, 2714170243627417 ], [ 18774001649047 ], 
  [ 11034171597378239281, 3409124910418806681217 ],, 
  [ 56127183414121, 1284982113826693, 91173740019804456325039 ], [ 191558797369 ], 
  [ 2091285310488973061, 392062321155237355749589 ], 
  [ 2122245446779, 3565603085659, 14843388541086799 ],, [ 67544968526537 ], 
  [ 5331059188417, 123971352521728609, 116160927513509013740593 ],,, [ 3219275341171 ], 
  [ 20368323076904790521 ],, [ 163960942564467423067753657 ],,,,,, 
  [ 70176891791791742583127501 ], [ 168352524806701, 38315156099021647301 ], 
  [ 112666163329, 13254463417578883, 16051546982812357 ], [ 5171330754781 ], 
  [ 10345640336656033, 266653442896018027481, 934878029749056617657 ],, 
  [ 433026444153442344120435736261 ],, [ 21052456705975556773 ],, [ 59206688357 ],,, 
  [ 5067766909 ], [ 35781158908483 ],, [ 772920874112441, 15332259226192539285111521 ],, 
  [ 261095009855601457, 2329903752489966097 ],,,, [ 7212299488390813, 1929756291353593471 ],
  , [ 285904578241, 9447851621031264241 ], [ 1101514499 ], [ 401454301456982331601 ], 
  [ 7088755987 ], [ 7570282874177 ],,, [ 46881127471 ],,, [ 625999124692397 ],, 
  [ 365376205092946283236081 ],, [ 20939472555719 ],, [ 98747822607617, 891791919858841 ], 
  [ 27940533546977443081 ], [ 31581955259671, 1561252913433691 ], [ 343842630700031 ], 
  [ 54800558887534988977 ], [ 2759898601 ], [ 31107801061 ], [ 10221945585097 ], 
  [ 57761726580601, 756852035968094669961517 ],, [ 104490984761461, 1198338654749258419 ], 
  [ 5292925501 ], [ 302980433246609297 ],,,,,, [ 235903485573079067 ],, 
  [ 1014744671928660097, 188458479788331969793 ], [ 678442762691 ],, 
  [ 1118255077, 5395559233789 ],,, [ 4866542806406971, 627384495059251801 ],,,, 
  [ 9706470103975231 ], [ 1371684901, 18186226623701 ],,, [ 83788132111 ], [ 22857571734397 ]
   ,, [ 21195965771, 10717610825041 ], [ 21313752169, 53723791910017 ],, 
  [ 108991208477, 286942728313, 380831648381 ],, [ 4720461313, 28621008752701 ], 
  [ 468763245063719 ], [ 1463753449 ], [ 2801204191, 13117343632831133 ], 
  [ 43322460507295111 ],,, [ 740964020273 ],, [ 4020199621 ],,, [ 4583241476612459 ],, 
  [ 3077907515859177471165781 ], [ 87314735022923 ],,,, [ 4267497251 ], [ 1653726037 ],, 
  [ 8378606922773, 25285447789549 ],, [ 665527670589161 ], [ 344972792839261 ],,, 
  [ 36326259173, 1866103759199, 196032897462221 ],, [ 603485544330793 ], 
  [ 755921095847, 6033473840479 ], [ 33663301591217143664509, 28559216216503731055069421203 ]
   ,,,,,,,,,, [ 2367418369, 117209269633, 9275350496833 ],,,,,, [ 4851326937917 ],, 
  [ 1403644153, 2012372227565234411897833 ],, [ 1210159967352939405697 ],,,, 
  [ 1501892361817 ], [ 1408704579019 ],,, [ 18059618903, 10492671827530463 ],, 
  [ 350142996529 ], [ 13751333261 ],, [ 25279470518874571 ],,, [ 102020465353048591 ], 
  [ 23830269301 ], [ 1088356536989, 202924354409949828853 ],,,, [ 89688934561 ], 
  [ 3595565429 ], [ 129515087483, 82459685330897867 ],,, [ 21475929011, 13304689979891 ],, 
  [ 5149124711347, 2985025583761909 ], [ 1465479323580641 ], [ 1819096627 ],,, 
  [ 293306801713, 70010914764021433 ],, 
  [ 4416402979, 38638486147, 1246418381209, 4234987087228223 ], [ 326169836297911 ], 
  [ 7220368904017 ],,,, [ 1496044001, 7086732265624394501 ],, [ 14560946984781263659 ],, 
  [ 392136698017, 5625563877629491163257 ],,, [ 430060483711 ],,,, [ 1035946213 ], 
  [ 7094870017 ], [ 1915980103 ], [ 43451145743 ], 
  [ 2642621561, 81276062971, 13276768062401 ], 
  [ 67062595775113, 320848529646083833, 72813578124071203369 ], [ 1429130693 ], 
  [ 894501399136661 ], [ 32189747129041 ], [ 235156256921, 1506051786015770761 ],, 
  [ 72947483167893643, 225194816337730849 ],,, [ 6963126451 ], [ 607430061319887067 ],, 
  [ 31475081089 ],,,, [ 206228642369, 95124899520605333 ],, 
  [ 19321747633, 59502609139, 50135731761421 ],, [ 204909952779793 ],,,, [ 4077802435141 ],, 
  [ 1051265911 ], [ 1149069451 ],,, [ 242088102625346797, 1632323499456158564599356257719 ],
  , [ 14099444873 ],,,,,, [ 286178361362704995109 ],,,,,,,,,, [ 16934598013, 922445831257 ],
  , [ 6447609872383, 229874004864047 ], [ 5643937279 ], [ 6224889164881, 16001905355713 ], 
  [ 3542873738609 ],,,,, [ 5707089137, 52556139133, 93625158943, 9858553135941155983 ], 
  [ 16393745101407451 ],,,,,,, [ 1180841917, 99032747331433 ],, 
  [ 50430741841, 359680821127813080289 ], [ 2473113241 ],,, [ 67475710103173 ],,,, 
  [ 9826979559910529 ],,,, [ 130509383775269 ],,,, [ 15685449001, 120601019401 ],, 
  [ 12843105860716570531 ],,,, [ 1450132549, 1114015645062709 ],, 
  [ 215625950413290817, 21314558785983441549889 ],,,, [ 3672641545039686000873961 ],,, 
  [ 3152344861, 40235618551 ],,, [ 9593798629, 94998969889, 3510979633942252607791 ],,,, 
  [ 1033228459, 1293180583987 ],,,, [ 173057791397 ],, [ 1375028609 ],,,, [ 70848821854201 ],
  , [ 2105685181, 4004593163, 2035604093971013 ],,,,,, [ 325272694904616961 ],, 
  [ 6256407847447 ], [ 1273278889 ],, [ 4610982451 ], [ 57936408010813 ],, [ 232330726009 ],,
  ,,,,,, [ 1444225029471286753 ], [ 4060895977 ],,, [ 13209772177351201 ],, 
  [ 268751615204797 ], [ 3841018897 ],,, [ 1510786369 ],,,,,, [ 236918206733991553 ],, 
  [ 288453480913141 ],, [ 27653003561 ],, [ 1115147959, 2987237053369 ], [ 11357459177 ],,, 
  [ 1164541455463 ],,,,,,,, 
  [ 80758037649061, 373102104145921, 23949049601658354931, 3954992873169321058127671 ], 
  [ 4384057793 ],,,,,, [ 1123484543 ],,,,, [ 330601502323 ],,,,,, [ 16495601377 ],, 
  [ 85035323311 ],, [ 32242142497 ],, [ 2568819599557, 892395378382610257 ],,,,,,,,,, 
  [ 15534489349 ],,,, [ 2962194952081, 17024196815809 ],, [ 60382206961 ],,,,,,,,, 
  [ 2010530791 ], [ 4698387406541 ],, [ 437761995371, 1191427837799137, 5244755023210823 ],, 
  [ 626331420409, 853165319496652537 ], [ 1060760801 ],,, [ 1010352773 ],, 
  [ 160954419751, 480807750775365001 ], [ 3976986589 ], [ 3299564689 ], [ 3545685739 ], 
  [ 3996013009, 59779512165283 ], [ 1119948881 ], [ 78615946122226554889 ],,,,, 
  [ 1866308363 ], [ 782759259727, 60116983527541, 158599504129543, 232986283339177, 
      240773317145213131 ],,, [ 14160838192471 ],,,,,,, [ 8016024635995933 ],, 
  [ 333329513346199 ],,,,,, [ 5311752421 ], [ 714744413263 ], 
  [ 338386602958969, 7620726689994199 ], [ 42959714689 ], [ 1893982809601, 3268111482497 ],, 
  [ 2422839499, 47869003453363 ],,, [ 16761407119 ],,, [ 173974322017 ],,,,,,,,,,,,,, 
  [ 4295142913387 ],, [ 132691263689 ],, [ 50761682414466981751621, 206421467818954888944541 
     ], [ 1263607747 ],,, [ 55803780583, 887450329481 ],,,, [ 4508710604791 ], 
  [ 43669722097 ],,,,,,, [ 6155477804608973 ], [ 9954726359 ],,, [ 249572229663901 ],,,,,,,,,
  , [ 62716203309431281 ],,,,, [ 24448554902461 ], [ 28642934863, 96646611371289589 ], 
  [ 88782670439 ],,,,, [ 29899398858097 ], [ 373784629003 ], [ 111481948243 ],, 
  [ 10902334433 ],,,,,,,, [ 13437243361 ],, [ 83936170403801 ],,, [ 5456758678141 ], 
  [ 25390276621, 297613530661 ],, [ 1978734553, 867598565177 ],,,, 
  [ 17578655209, 1298503720309 ], [ 12389913971 ],,, [ 40534871521 ],,,,,,,, [ 3016188793 ], 
  [ 4478266381 ],,, [ 9850257881 ],,, [ 8485706221 ], [ 14522111132033 ],,,, 
  [ 1312754253491006720101 ], [ 1632374137 ],,,, [ 1979600621 ], [ 78678233203 ],, 
  [ 663623622161 ],, [ 5252782081 ], [ 21301987703 ], [ 18499224408136177 ],,,, 
  [ 22379986801, 837333583829 ],,,, [ 3140415401, 19949120477521 ],,,, 
  [ 23653864081, 149124382455973, 3909680703693073, 98389830151612693 ], 
  [ 8963821651, 10583178451, 28716469601 ],,, [ 9932641270369, 49355613422497 ],,,,,,,,,,, 
  [ 189603300673 ],,, [ 14693575993, 29158777273 ],, [ 211275547546561 ],, [ 2844602269279 ],
  , [ 13277389437251617 ],, [ 41348845958956973351 ],, [ 115392116113 ],,, [ 53931634781 ], 
  [ 5768798407849 ],,,,,,,, [ 20751324281 ],,,,,,,,, 
  [ 1110965563, 27490132027, 143304263159 ],,, [ 3211835156759921 ],,,, [ 32006164567021 ],,
  , [ 9093561959 ],,,,,,, [ 156740613481, 62325555915151, 694291145974471 ],,,, 
  [ 10086144839 ],, [ 30128027438869 ],,,,, [ 247438763573 ],,,,,,, 
  [ 64074943297, 6681191530905361 ],,,,,,,,,, [ 1891204771 ],, [ 8440869254887921 ],,,,,, 
  [ 277208275121443 ],,,,,,,, [ 3690927109 ],,,,,,,, [ 6164341751 ], [ 11766191473 ], 
  [ 421596868393 ],,,,,,,,,,,, [ 179053908203809 ],,,, 
  [ 1862946821, 2207859161, 24510596091601 ], [ 3407732533 ], [ 948441745960561 ],,, 
  [ 1658835481, 34387399471 ],,,, [ 1844236663 ],,,, [ 1881016213 ], 
  [ 1188875041, 4577549101 ], [ 3551065966351 ], [ 20461125617 ],,,,,, [ 149679547673 ],,,, 
  [ 71203954695091 ], [ 38596691633 ],,,,,,,, [ 12404048311 ],,,,, [ 12454227433622701 ],,, 
  [ 14752804272797 ],,,,,,,,,,,,, [ 1216509193, 58343894101 ],,,, [ 430128558721 ],,,,,,,, 
  [ 8132969269921 ],,,,,,,,,,, [ 155356618099 ],,, [ 12388442267 ],,,, [ 60611385888373 ],,,,
  ,, [ 5291492908033 ],,,,,,, [ 2528305187 ],,,,,,,, [ 2977787221 ],,,, [ 4656600943 ],,, 
  [ 38570658223 ],,, [ 67986952133 ],,,,, [ 389042605321, 682720356226201 ],, [ 6282557377 ],
  ,,, [ 507663460261 ],, [ 176071336141 ],, [ 3461718193 ],, [ 18330308299 ],,,,,, 
  [ 18885166801 ],,,,,,,,,,,,,,,, [ 3284510849 ],,,,,,,, [ 219130466617 ], [ 10945507301 ],,,
  ,, [ 1183202191, 10430160151 ],, [ 99954659729 ],,,, [ 4764948358033 ],,,,, [ 3925556021 ],
  ,,,,,,,,,,,,,,,,, [ 106242908179, 2438720616403 ],,,,,,,,,,, [ 75866278291 ],,,, 
  [ 9878971241413, 88619601954360569, 14459544353532583254223 ], [ 373803775801 ],, 
  [ 22529797202791 ],,, [ 3764897281 ],,,,,,, [ 35247738241 ], [ 2255561057, 8483730901073 ],
  , [ 601291248631 ],,,,,, [ 3781523233 ], [ 9811934701 ], [ 1510618891 ],,,,,,, 
  [ 2021773861 ],, [ 16622642963 ],,,,,,,,,,,,,,,,,,,,,,, [ 6367981481 ],,,,,,,,,,,,,, 
  [ 2360096257 ],, [ 1871661457 ],,,,, [ 953455933797641 ],,,,, [ 4314142477 ],, 
  [ 37216173331 ],, [ 14622813841 ],,,,,,,,,,,, [ 1942291009 ],,,,,,,,,, [ 215341986527 ],, 
  [ 1339285729 ],,,, [ 1475492581 ], [ 1293447913 ], [ 9521954531 ],,,,,,,,,,,,,,, 
  [ 35916956351 ], [ 6944025923249 ],,,,,,,,, [ 2111963911 ],,,,, [ 7027726261 ],,, 
  [ 53760669631 ],,, [ 6126311327 ],,,,,,,,,,,,,, [ 101516593736161 ],,,,, [ 141310413931 ], 
  [ 868330974691 ], [ 1200153377 ],,,,, [ 811309207897 ], [ 23393715559 ],,,,,,,,,,,,,,,,,,,,
  , [ 7891869701, 11054899769 ],,,, [ 68683044281 ],,, [ 3379077703457 ],,,,,,,,,,,,,,,,,,, 
  [ 371876274616501 ],,,,,,,,,,,,,,,, [ 1258504369 ],,, [ 40246877161 ],,,,,,, 
  [ 1659776791, 1735902363623 ],,,,,,,, [ 400915551089 ],,,, [ 4732790507 ],,,,,,,,,,,,,,,,,,
  ,,,,,,,,,,,,,, [ 300924873581 ],,,,,,, [ 377782306504909 ],,,,,,,,,,,,,, [ 2695007629 ],,, 
  [ 5887531453 ],, [ 1437446628073 ],, [ 167572486633 ],,,,,,, [ 271741237111 ],,,,,,,,,,,, 
  [ 43244158651 ],,,,, [ 16437633473 ], [ 2123442313 ],, [ 316046142751 ],,, [ 18087767017 ],
  ,,,,, [ 1438879159 ],,,, 
  [ 3821101399207, 334040705678863, 3254500610909731, 146226699061094107 ], [ 9906643759 ], 
  [ 1353309961 ],,,,,,,,,,,, [ 51038801017 ], [ 4306911337 ],,,,,,,,,,, [ 8449537409 ],,,,,,,
  ,,,,,,,, [ 1175938021 ],, [ 55618880543 ],,,,,,,,,,,,,,,,,,,,,,,,,,,,,, [ 41084785229 ],,,,
  ,, [ 7140117029 ],,,, [ 3643305371 ],,, [ 6027964277 ],,, [ 3689590433 ],,,,, 
  [ 2868734117 ],,,, [ 83886801041 ],,,,,,,,,,,, [ 17150468789 ],,,,,,,,,,,,,,, 
  [ 3151894927 ],,,,,, [ 72314140799 ],,,,,,, [ 2402928001 ],,,,,,,,,,,,,,,,,,,,, 
  [ 1828336087 ],,,,, [ 3558221993 ],, [ 16821764213 ],,,, [ 37164081841 ],,,, 
  [ 10484346157 ],,,,,, [ 43937136757 ],,,,,, [ 7241844197544097 ],,, [ 1869844750453 ],,,,, 
  [ 1654035857 ],,,, [ 5419914229 ],,, [ 56409999044221 ], [ 40451018161 ],,,,,,,,,,,,,,,,,,,
  ,,,,,,,,,,,, [ 15296933027 ],, [ 7142389567, 227609795723 ],,,,,, [ 10339588333 ], 
  [ 1004292241 ],,,,,,,,,,,,,,,, [ 825847168297 ],,,, [ 1356993301 ],,,,,,,,, [ 7942180693 ],
  ,,,,,,,,,,,,, [ 5177896723 ],,, [ 4357585829899 ],,,,, [ 28380548093 ],,,,,,,,, 
  [ 2062631281 ],,,,,, [ 2764197647 ],,,,,,,,, [ 83375378492831 ],,,,,,,,,, [ 15849693931 ],
  , [ 4592775839 ],,,,,, [ 80036354969 ],,,,,,,,,,,,, [ 22471248409 ],,,,,, [ 214055405737 ],
  ,,,,,,,,,,, [ 12208468201 ],,,,,,,,,,,,, [ 66930833087 ],,,,,,,,,,, 
  [ 39366927601, 71691542053 ],,,,, [ 4795119187 ],,,, [ 25754059875853 ],,,,,,,, 
  [ 1634658481, 43794934721, 82910978971 ],,,,, [ 4100459201 ],,, [ 5449528367 ],,, 
  [ 4105157633 ],, [ 5549623381 ],,,,,,,, [ 2470764523 ],,,,,, [ 16479877849 ],, 
  [ 1079039981 ],, [ 3384191401 ],,,,,,,, [ 12397309621 ],,,, [ 195160916737 ],,,,,, 
  [ 270860026573 ],,,,, [ 34614734941 ],,,,,,,,,,,,,,,,,,,,,,,,, [ 20350086481 ],,,,,, 
  [ 84912524551, 669055673851 ],,,,,,,,,, [ 11071285721 ],,, [ 13272439057, 102306348541 ],, 
  [ 2406089401 ],,,, [ 210769153519 ],,,,,,,, [ 4289897683, 6287460871 ],,, [ 9545778279361 ]
   ,, [ 4437817495481 ],,, [ 5181178955581 ],,,,,,,,,, [ 321476900469001 ],,,,,,, 
  [ 2524268521 ],,,,,,,,,,,,,,,,,, [ 11669422601 ],,,,,,,,,,,,,, [ 84836459377 ],,,,,,,,,, 
  [ 10169050961 ],,,,,,,,,,, [ 3849559531 ],,,,,,,,, [ 1005996421 ], [ 88199876251 ],, 
  [ 338525016187 ],,,,,,,,,,, [ 3835612991153 ],,,,,,,,,,,,,,,, [ 2947735710379 ],,,, 
  [ 3442185569 ],,,,,,,,,,,,,,,,,,,,,,,,, [ 142995628273 ], [ 19791175681 ],,,,,,,, 
  [ 3420953113 ],,,,,,,,,,,,,,,, [ 45347426281 ],,,,,,,,,,,,,,,,,, [ 1010297863 ],, 
  [ 4117112341 ],,,,,,,,,,,,,, [ 4112348291 ],,,, [ 228789611597 ], 
  [ 9165748303, 51887518273 ],,,,,,,, [ 25428270001 ],,,,,,,,,,,,,,,,,,,,,,,,, 
  [ 10746208801, 306548138401 ],,,,,,,,,,,, [ 71506665757 ],,, [ 11773043827021 ],,,,,,,,,,,,
  ,,,,,,,,,,,,,,,,,, [ 4630834891 ], [ 1092708919, 772865738651 ],,,,,,,,,,,,,,,,,,,, 
  [ 27909130087, 270095636179 ],,, [ 1043740123 ],,,,,,,,, [ 16013700823 ],,,,,,,,,,,,,,, 
  [ 3641604877 ],,,,, [ 75423742697 ],,,,,,, [ 190282289971 ],,,,,,,,,,,,,,,,,, 
  [ 2210758567, 13111581907 ],,,,,,,,, [ 1079837233 ],,,,,,,,, [ 5596779208021 ],,,,,,,,,,,,
  , [ 937855307526713 ],,,,,, [ 4328995841 ],,,,,,,,,,,,,, [ 138721310443 ],,,,,,,,,,, 
  [ 10060561501 ], [ 981300632773 ],,,, [ 17127895331 ],,,,,,,,,, [ 12365852201 ], 
  [ 2047096243 ],,, [ 492127525261 ],,,,,,,,,,,,,,,,,,,,,, [ 1219304321 ],,,,,,,,, 
  [ 642636700961 ], [ 1037914457 ],,,,,,,, [ 1067115757 ],, [ 4092663457 ],,,, 
  [ 20421466657451 ],,,,,,,,,,,,,,,, [ 3789345761, 77111986517 ],,,, [ 1841966251 ],, 
  [ 7440018337 ],, [ 1425520097 ],,,,,, [ 49956799961 ],, [ 786649864807, 966658787929 ],,,,,
  ,,, [ 3122839831 ],,,, [ 2379728737 ],,,,,,,,,,,,,,,,,,,,, [ 1504707301 ],,,,, 
  [ 4740435041 ],,,,, [ 1279928161801 ],,,,, [ 3489605963860381 ],,,,,,,, [ 22062390563 ],, 
  [ 1534265901661 ],,,,,, [ 3183739861 ],,,,,,,,,,, [ 115787377687 ],,,,,,,,,,,,,,,,,,,,,,,, 
  [ 17863730128477 ],,, [ 13804639393 ],,, [ 1997481919 ],,,,, [ 1125633889 ],,,,,,,,,,,,, 
  [ 684031883371 ],,, [ 144730539721 ],, [ 1158846680741 ],,,,,, [ 11163896833 ],,,,, 
  [ 4399451057 ],, [ 58955868416911 ],,,,, [ 13052300297 ],,,,,,,,,,,,,,,,,,,, 
  [ 3404940641 ],,,,,,,,,,,,,,,,,,,, [ 4119127717 ],,,,,,,, [ 946311852877 ],,,,,,,, 
  [ 245697578141 ],,,,,,,,,,, [ 4809388231, 820482690451 ],,,,,,,,, [ 23657633473 ],,,,,,,, 
  [ 95263005819073 ],,, [ 1562230121 ],,,, [ 6312868759 ], [ 3933371401 ],, [ 1374567241 ],, 
  [ 3659924017 ],,,,,,,,,,,, [ 5399626961 ],,,,,,,,,,,,,, [ 2736821201 ],,,,,,,,,,,,,,,,,,,,,
  ,,,,,,,,,,, [ 510258831811 ],,,, [ 1309946257 ],,,, [ 4729719541 ],,,,,,,,,,,,,,,,,,,, 
  [ 32654511751 ],,,, [ 11292071561 ],,,,,,,,,,,,,,,,,,,, [ 311221036099 ],,,, 
  [ 2026358153 ], [ 44166394801 ],,,,,, [ 435241191841 ], [ 5748523903 ],,,,,,,,,, 
  [ 5184335921 ],,,,,,,,,,,,, [ 4374442117, 184719150991 ],,,,,,,,,,, [ 10704123587081 ], 
  [ 1461466189 ],,,,,, [ 3788224399 ],,,,,,,,,,,,,,,,,, [ 43058016181 ], [ 1700544319 ],,,,,,
  ,,,, [ 37770051817 ],,,,,, [ 58246873021 ],,,,,, [ 27573717257 ], [ 2540848129 ],,,,,, 
  [ 20861274391 ],,, [ 911968312027 ],, [ 1107547081 ],, [ 16426614793, 60646440979 ],,,,,,,,
  ,, [ 20230220664833 ],, [ 659280547459 ],,,,,, [ 1291624721 ],,,, [ 2328052217 ],,,,,,,,,,,
  , [ 387555693953 ],,,, [ 34078441381 ],,,,, [ 26513507021 ],,,, [ 830304272011 ],,,,,, 
  [ 132658368121 ], [ 1387664849 ],,,,,, [ 9149090611 ],,,, [ 11681820823 ],,,,,,,,,,,,,,,,,
  , [ 2830604297 ], [ 1995223651 ],,,,,,, [ 6467358049 ],,,,,,,,,,,, 
  [ 1997600053, 83619469799689 ],,,,,,,,,,,,,,,,,,,,,,,,,,,, [ 3677122681 ],,,,,,,,,,,,,,,,,,
  ,,,,,,,,,,,,,,,,,,,,,,,, [ 18228348799 ],,,,,,,, [ 1480897771, 72285221779 ],,,,,,,,,,,, 
  [ 7184696653 ],,,,,,,,,,,,,,,, [ 18750104101 ],,,,,,,,,, [ 3647814241 ],,,,,,,,,,,,,,, 
  [ 3780405001, 5466399751 ],,,,,,,,,,, [ 867648705437 ],,,,,,,,,,,,,,,,,,,, [ 3233853949 ],,
  ,,,,,,,,,,,,,,, [ 13235898943 ],,,,,,,,,,,,,,,,, [ 61142013041 ], [ 2004203569 ],,, 
  [ 11973889117 ],,,,,,,,,,,,,, [ 249974061793 ],,,,,,,,,,,,,,,,,,,, [ 3258646019 ],,,,,,,,,,
  ,, [ 7861308761 ],,,,,,,,,,,,,,,,,,,,,,,,,,,,,,,,,,,,,,,,,,,,,,,,,,,,,,,,,,,,,,,,,,,,,,,,,,
  ,, [ 1059815201 ],,,,,,,,,,,,,,,, [ 3429958429 ],,,, [ 128008154627 ],,,, [ 1641251071 ],,,
  ,,,,,,,,,,,,,,,,,,,,,, [ 8742219571 ],,,,,,,,, [ 6027320833 ],,,,,,,,,, [ 13986208507 ],,,,
  ,,,,,,,,,,,, [ 23308920151651 ],,,,,, [ 1168651369 ],,,, [ 1869143701 ],,,, [ 8123894081 ],
  ,,, [ 16392347021 ],,,,,,,,,,,,,,,, [ 246294346813 ],,,,,, [ 5782916341 ],,,,,,,,,,,,,,,,,
  , [ 1198852021 ],,,,,, [ 19347266001709 ],,,,,,,,,,,,,,,,,,,,,,,, [ 32875171729 ],,,,,,,,,,
  ,,,, [ 1033499657 ],, [ 4300338391 ],,,,, [ 1518636001 ],,, [ 15191362297 ],,,,,, 
  [ 1543500913 ],,,,,,,, [ 2184228559361 ],,,,,,,,,,,,,, [ 131934766361 ],,,,,,,,,,,,,,,,,, 
  [ 70413217729 ],,,,,,,,,,,,,, [ 1819214671 ],, [ 15653838449 ],,,,,, [ 2516206591 ],,,, 
  [ 5762091763 ],,,, [ 205727630837 ],,,, [ 1707365591 ],,,,,,,,,,,,,, [ 41514744833 ],,,,,,,
  ,,,,,,,,,,,,,,,,,,,,,,,,,,,,,,,,,,,,, [ 93411193201 ],,,,,,,, [ 3164701280197 ],,,,,,,,,,,,
  ,,,,,,,,,,,,,,,,,,,,,, [ 5797720153 ],, [ 24440096377 ], [ 1063690351 ],,,,,,,,,,,,,,,,,,,,
  ,,, [ 6749651329 ],,,,,,,,,,,,,, [ 2657224760543 ],,,, [ 100347159373 ],,,, 
  [ 39207814801 ],,,,,,,,,,,,,,, [ 57745347571 ],,, [ 2154728857 ],,,,,,,,,,,,,,,,,,,,,, 
  [ 9839801141 ],,,, [ 9874058107 ],,,,,,,,,, [ 2012650273 ],, [ 470831219531 ],,,,,,,,,,,,,,
  ,, [ 7685226823 ],,, [ 4979226631 ], [ 1024306721 ],,,,,, [ 11342201737 ],,,, 
  [ 636186045949 ],,,, [ 2001072721 ],,,,,,,,,,,,,,,,,,,,,,,,,,,,,,,,,, [ 39661634101 ],, 
  [ 10908354913 ],, [ 12470905903 ],, [ 40327120321 ],,,, [ 51605715241 ],,,,,, 
  [ 393450149401 ],,,,,,,,,,,,,,,, [ 71061154741 ],,,, [ 1177873751 ],,,,,,,,,,,,,,,, 
  [ 35324430521, 328506476387 ],,,, [ 9313273831 ],,,,,,,,,,,,,, [ 2244862441 ],,,,,,,,,,,,,,
  ,,,,,,,,,,,,,,,,,,,,,,,,,, [ 19300250113 ],,,,,,,,,,,,,,,,,,,,,, [ 13862115763 ],,,,,,,, 
  [ 21007209151 ],,,,,,,,,,,,,,,,,,,,, [ 89418978001 ],,,,,,,,,,,,, [ 2076571201 ],,,,,,,,,,,
  ,,, [ 1411572241 ],,,,,,,,,,,,,,,,,,,,,,,, [ 1664735647 ],,,,,,,, [ 1536572027 ],, 
  [ 23268649697 ],,,,,, [ 381489001427 ],,,,,,,,,, [ 9584823041 ],,,,,,,, [ 7905229361 ],,,,,
  ,,,,,,,,,,,,,,,,,,,,, [ 4693655971 ],,,,,,,,,,,,,,,,,,,,,,,,,,,,,,,,,,,,,,,,,,,,,,,,,,,,,,,
  ,,,,,,,,,,,,, [ 50556770527 ],,,,,, [ 3593314961 ],,,, [ 6401161729 ],, [ 583849388893 ],,,
  ,,,,,,,,,,,,,,,,,,,,,,,,,,,,,,,,,,,,,,, [ 4867364237 ],,,, [ 6718091432449 ],,,,,,,,,,,,,, 
  [ 1843878823 ],,,,,,,,,,,,,,,, [ 10794267391 ],,,,,,,,,,,,,,,,,,,,,,,,,,,,,,,,,,,,,, 
  [ 3861959929361 ],,,,,,,, [ 863330452021 ],, [ 15691704481 ],,,,,,,,,,,,,,,,,, 
  [ 5794992571393 ],,,,,, [ 3428954083 ],,,,,, [ 1302054601 ],,,,,,,,,,,,,,,,,,,,,,,,,,,,,,,,
  ,,,,,, [ 22087416193 ],,,,,,,,,,,,,,,,,,,,,,,,,,,,,,,,,,,,,,,,,,,,,, [ 7029422401 ],, 
  [ 697712501201 ],,,,,,,,,,,,,,,,,,,,,,,,,,,,,,,,,, [ 2772923701, 76334851261 ],,,,,,,,,, 
  [ 286206709001 ],,,,,,,,,,,,,,,,,,,, [ 4149022321 ],,,, [ 412015429673 ],,,,,,,,,,,,,,,,,,,
  ,,,,,,,,,,,,,,,,,,,,,,,,,,,,,,,,,,,,, [ 2605891261, 240843791371 ],,,,,,,,,,,,,,,,,,,,,,,,,
  ,,,,,,, [ 1073427499 ],,,,,,,, [ 72331011282311 ],,,,,,,,,,,,,,,,,,,,,,,,,,,,,,,,,,,,,,,,,,
  ,,,,,,,,,,,,,,,,,,,,,,,,,,,,,,,,,,,,,,,,,,,, [ 1535130913 ],,,, [ 1218225601 ],,,,,,,,,,,,,
  ,,,,,,,,,,,,,,,,,,,,,,,,,,,,,,,,,,,,,,,,,,,,,,, [ 62802594541 ],, [ 49153151431 ],,,,,,,,,,
  ,,,,,,,,,,,,,, [ 3267612991 ],,,,,,,,,,,,,,,,,,,,,,,, [ 10386204271 ],,,,,,,,,,,, 
  [ 24622092172987 ],,,,,,,, [ 14724458891, 21060093871 ],,,,,,,,,,,,,,,,,,,,,,,,,,,, 
  [ 167022065911 ],,,,,,,,,,,,,,,,,,,,,,,,,,,,,,,,,,,,,,,,,,,,,,,,,,,,,,,,,,,,,,,,,,,,,,,,,,,
  ,,,,,,,,,,,,,,, [ 22341408601 ],,,,,,,,,,,, [ 1001895481 ],,,,,,,,,,,,,,,,,,,, 
  [ 8399211721 ],,,,,,,,,,,,,,,,,,,,,,,,,,,,,,,,,,,,,, [ 3848976223 ],,,,,,,,,,,,,,,,,,,,,,,,
  ,,,,,,,, [ 7563388771 ],,,,,,,,,, [ 43090627441 ],,,,,,,,,,,,,, [ 636802358347 ],,,,,, 
  [ 3055761601, 362395917066449521 ],,,,,, [ 200078043463 ],,,,,,,,,,,, [ 2039469121 ],,,,,,,
  ,,,,,,,,,,,,,,,,,,,,,,, [ 2863270216201, 31360864005517 ],,,,,, [ 2326016863 ],,,,,,,,,,,,,
  ,,,,,,,,,,,,,,,,,,,,,,,,,,,,,,,,,,, [ 83207091601 ],,,,,,,,,,,,,,,,,,,,,,,,,,,,,, 
  [ 3723110497 ],,,,,,,,,,,,,,,,,,,,,,,,,,,,,,,,,,,,,,,,,,,,,,,,,,,,,,,,,,,,,,,,,, 
  [ 31225486891 ],,,,,,,,,,,,,,,,,,,,,,,,,,,,,,,,,,,,,,,,,,,,,,,,,,,,,,,,,,,,,,,,,,,,,,,, 
  [ 2276263111 ],,,,,,,,,,,,,,,,,,,,,,,,,,,,,,,,,,,,,,,,,,,,,,,,,,,,,,,,,,,,,,,,,, 
  [ 1134138589 ],,,,,,,,,,,,,,,,,,,,,,,, [ 1040604483001 ],,,,,,,,,,,, [ 788011949089 ],,,,,
  , [ 11885817907 ],,,,,,,,,,,,,,,,,, [ 1380580633 ],,,,,,,,,,,,,,,,,,,,,,,,,,,,,, 
  [ 1082197477 ],,,,,,,,,,,,,,,,,,,,,,,,,,,,,,,,,,,,,,,,,, [ 4382223121 ],,,,,,,,,,,,,,,,,,,,
  ,,,,,,,,,,,,,,,,,,,,,,,,,,,,,,,,,,,,,,,,,,,,,,,,,,,,,,,,,,,,,,,,,,,,,,,,,,,, 
  [ 6799424257 ],,,,,,,,,,,,,,,,,,,,,,,,,,,,,,,,,,,,,,,,,,,,,, [ 1032057251 ],,,,,,,,,,,,,,,,
  ,,,,,,,,,,,,,,,,,,,,,,,,,,,,,,,,,,,,,,,, [ 77664636869821 ],,,,,, [ 1263187333 ],,,,,,,,,,,
  , [ 2738859793 ],,,,,,,,,,,,,,,,,,,,,,,, [ 447231195937 ],,,,,,,,,,,,,,,,,,,,,,,,,,,,,,,,,,
  ,, [ 127146303649 ],,,,,,,,,,,, [ 6716883697 ],,,,,,,,,,,,,,,,,,,,,,,,,,,,,,,,,,,,,,,,,, 
  [ 1549225063 ],,,,,,,,,,,,,,,,,,,,,,,,,,,,,, [ 3135743353 ],,,,,,,,,,,,,,,,,,,,,,,, 
  [ 2261535121 ],,,,,,,,,,,, [ 1806499333, 2999249353 ],,,,,,,,,,,, [ 7253220409 ],,,,,,,,,,,
  ,,, [ 69782248691 ],,,,,,,,,,,,,,,,,,,,,,,,,,,, [ 793382744197 ],,,,,,,,,,,, 
  [ 3178040697151 ],,,,,,,,,,,, [ 21032795611 ],,,,,, [ 1102890049 ],,,,,,,,,,,,,,,,,,,,,,,,,
  ,,,,,,,,,,,,,,,,,,,,,,,,,,,,, [ 16014158833 ],,,,,,,,,,,,,,,,,,,,,,,,,,,,,,,,,,,,,,,,,, 
  [ 5826919393 ],,,,,,,,,,,,,,,,,, [ 4242118849 ],,,,,,,,,,,, [ 3548737921 ],,,,,,,,,,,, 
  [ 1728343387 ],,,,,,,,,,,,,,,,,, [ 3904188382837 ],,,,,, [ 9212444701 ],,,,,,,,,,,,,,,,,,,,
  ,,,, [ 27147514837, 148385161159 ],,,,,,,,,,,,,,,,,,,,,,,,,,,,,,,,,,,,,,,,,,,,,,,,,,,,,,,,,
  ,,,,,,,,,,,,,,,,,,,,,,,,,,,,,,,,,,,,,,,,,,,,, [ 1649497537, 9767740513 ],,,,,,,,,,,,,,,,,,,
  ,,,,,,,,,,,,,,,,,,,,,,,,,,,,, [ 15717122497 ],,,,,,,,,,,, [ 2436626389 ],,,,,,,,,,,,,,,,,,,
  ,,,,,,,,,,,,,,,,,,,,,,,,,,,,,,,,,,,,,,,,,,,,,,,,,,,,,,,,,,,,,,,,,,,,,,,,,,,,,,, 
  [ 11905341631 ],,,,,,,,,,,,,,,,,,,,,,,,,,,,,,,,,,,,,,,,,,,,,,,,,,,,,,,,,,,,,,,, 
  [ 355625262763 ],,,,,,,,,,,, [ 27656942251, 346595093011 ],,,,,,,,,,,,,,,,,,,,,,,,,,,,,,,,,
  ,,,,,,,,,,,,,,,,,,,,,,,,,,,,,,,,,,,,,,, [ 1881628267 ],,,,,, [ 921851994673 ],,,,,,,,,,,,,,
  ,,,,,,,,,,,,,,,,,,,,,,,,,,,,,,,,,,,,,,,,,,,,,,,,,,,,,,,,,,,,,,,,,,,,,,,,,,,,,,,,,,,,,,,,,,,
  ,,,,,,,,,,,,,,,,,,,,, [ 575239546729 ],,,,,,,,,,,,,,,,,,,,,,,, [ 6263904457 ],,,,,,,,,,,,,,
  ,,,, [ 11571571873 ],,,,,,,,,,,,,,,,,,,,,,,,,,,,,,,,,,,,,,,,,, [ 46550061013 ],,,,,,,,,,,,,
  ,,,,,,,,,,,,,,,,,,,,,,,,,,,,,,,,,,,,,,,,,,,,,,,,,,,,,,,,,,,,,,,,,,,,,,,,,,,,,,,,,,,,,,,,,,,
  ,,,,,,,,,,,,,,,,,,,,,, [ 1395705697 ],,,,,,,,,,,,,,,,,,,,,,,,,,,,,,,,,,,,,,,,,,,,,,,,,,,,,,
  ,,,,,,,,,,,,,,,,,,,,,,,,,,,,,,,,,,,,,,,,,,,,,,,,,,,,,,,,,,,,,,,,,,,,,,,,,,,,,,,,,,,,,,,,,,,
  ,,,,,,,,,,, [ 3156234858001 ],,,,,,,,,,,,,,,,,,,,,,,,,,,,,,,,,,,,,,,,,,,,,,,,,,,,,,,,,,,,,,
  ,,,,,,,,,,,,,,,,,,,,,,,,,,,, [ 994061114191 ],,,,,,,,,,,,,,,,,,,,,,,,,,,,,,,,,,,,,,,,,,,,,,
  ,,,,,,,,,,,,,,,,,,,,,,,,,,,,,,,,,,,,,,,,,,,,,,,,,,,,,,,,,,,,,,,,,,,,,,,,,,,,,,,,,,,,,,,,,,,
  ,,,,,,,,,,,,,,,,,,,,,,,,,,,,,,,,,,,,,,,,,,,,,,,,,,,,,,,,,,,,,,,,,,,,,,,,,,,,,,,,,,,,,,,,,,,
  ,,,,,,,,,,,,,,,,,,,,,,,,,,,,,,,,,,,,,,,,,,,,,,,,,,,,,,,,,,,,,,,,,,,,,,,,,,,,,,,,,,,,,,,,,,,
  ,,,,,,,,,,,,,,,,,,,,,,,,,,,,,,,,,,,,,,,,,,,,,,,,,,,,,,,,,,,,,,,,,,,,,,,,,,,,,,,,,,,,,,,,,,,
  ,,,,,,,,,, [ 2523111541 ],,,,,,,,,,,,,,,,,,,,,,,,,,,,,,,,,,,,,,,,,,,,,,,,,,,,,,,,,,,,,,,,,,
  ,,,,,,,,,,,,,,,,,,,,,,,,,,,,,,,,,,,,,,,,,,,,,,,,,,,,,,,,,,,,,,,,,,,,,,,,,,,,,,,,,,,,,,,,,,,
  ,,,,,,,,,,,,,,,,,,,,,,,,,,,,,,,,,,,,,,,,,,,,,,,,,,,,,,,,,,,,,,,,,,,,,,,,,,,,,,,,,,,,,,,,,,,
  ,,,,,,,,,,,,,,,,,,,,,,,,,,,,,,,,,,,,,,,,,,,,,,,,,,,,,,,,,,,,,,,,,,,,,,,,,,,,,,,,,,,,,,,,,,,
  ,,,,,,,,,,,,,,,,,,,,, [ 18673404751 ],,,,,,,,,,,,,,,,,,,,,,,,,,,,,,,,,,,,,,,,,,,,,,,,,,,,,,
  ,,,,,,,,,,,, [ 4909309021 ],,,,,,,,,,,,,,,,,,,,,,,,,,,,,,,,,,,,,,,,,,,,,,,,,,,,,,,,,,,,,,,,
  ,,,,,,,,,,,,,,,,,,,, [ 6573504001 ],,,,,,,,,,,,,,,,,,,,,,,,,,,,,,,,,,,,,,,,,,,,,,,,,,,,,,,,
  ,,,,,,,,,,,,,,,,,,,,,,,,,,,,,,,,,,,,,,,,,,,,,,,,,,,,,,,,,,,,,,,,,,,,,,,,,,,,,,,,,,,,,,,,,,,
  ,,,,,,,,,,,,,,,,,,,,,,,,,,,,,,,,, [ 13362397621 ],,,,,,,,,,,,,,,,,,,,,,,,,,,,,, 
  [ 16640693371 ],,,,,,,,,,,,,,,,,,,,,,,,,,,,,,,,,,,,,,,,,,,,,,,,,,,,,,,,,,,, [ 2645364391 ],
  ,,,,,,,,,,,,,,,,,,,,,,,,,,,,,,,,,,,,,,,,,,,,,,,,,,,,,,,,,,,,,,,,,,,,,,,,,,,,,,,,,,,,,,,,,,,
  ,,,,,,,,,,,,,,,,,,,,,,,,,,,,,,,,,,,,,,,,,,,,,,,,,,,,,,,,,,,,,,,,,,,,,,,,,,,,,,,,,,,,,,,,,,,
  ,,,,,,,,,,,,,,,,,,,,,,,,,,,,,,,,,,,,,,,,,,,,,,,,,,,,,,,,,,,,,,,,, 
  [ 1446240979, 1971448753 ],,,,,,,,,,,,,,,,,,,,,,,,,,,,,,,,,,,,,,,,,,,,,,,,,,,,,,,,,,,,,,,,,
  ,,,,,,,,,,,,,,,,,,,,,,,,,,,,,,,,,,,,,,,,,,,,,,,,,,,,,,,,,,,,,,,,,,,,,,,,,,,,,,,,,,,,,,,,,,,
  ,,,,,,,,,,,,,,,,,,,,,,,,,,,,,,,,,,,,,,,,,,,,,,,,,,,,,,,,,,,,,,,,,,,,,,,,,,,,,,,,,,,,,,,,,,,
  ,,,,,,,,,,,,,,,,,,,,,,,,,,,,,,,,,,,,,,,,,,,,,,,,,,,,,,,,,,,,,,,,,,,,,,,,,,, [ 1808619121 ],
  ,,,,,,,,,,,,,,,,,,,,,,,,,,,,,,,,,,,,,,,,,,,,,,,,,,,,,,,,,,,,,,,,,,,,,,,,,,,,,,,,,,,,,,,,,,,
  ,,,,,,,,,,,,,,,,,,,,,,,,,,,,,,,,,,,,,,,,,,,,,,,,,,,,,,,,,,,,,,,,,,,,,,,,,,,,,,,,,,,,,,,,,,,
  ,,,,,,,,,,,,,,,,,,,,,,,,,,,,,,,,,,,,,,,,,,,,,,,,,,,,,,,,,,,,,,,,,,,,,,,,,,,,,,,,,,,,,,,,,,,
  ,,,,,,,,,,,,,,,,,,,,,,,,,,,,,,,,,,,,,,,,,,,,,,,,,,,,,,,,,,,,,,,,,,,,,,,,,,,,,,,,,,,,,,,,,,,
  ,,,,,,,,,,,,,,,,,,,,,,,,,,,,,,,,,,,,,,,,,,,,,,,,,,,,,,,,,,,,,,,,,,,,,,,,,,,,,,,,,,,,,,,,,,,
  ,,,,,,,,,,,,,,,,,,,,,,,,,,,,,,,,,,,,,,,,,,,,,,,,,,,,,,,,,,,,,,,,,,,,,,,,,,,,,,,,,,,,,,,,,,,
  ,,,,,,,,,,,,,,,,,,,,,,,,,,,,,,,,,,,,,,,,,,,,,,,,,,,,,,,,,,,,,,,,,,,,,,,,,,,,,,,,,,,,,,,,,,,
  ,,,,,,,,,,,,,,,,,,,,,,,,,,,,,,,,,,,,,,,,,,,,,,,,,,,,,,,,,,,,,,,,,,,,,,,,,,,,,,,,,,,,,,,,,,,
  ,,,,,,,,,,,,,,,,,,,,,,,,,,,,,,,,,,,,,,,,,,,,,,,,,,,,,,,,,,,,,,,,,,,,,,,,,,,,,,,,,,,,,,,,,,,
  ,,,,,,,,,,,,,,,,,,,,,,,,,,,,,,,,,,,,,,,,,,,,,,,,,,,,,,,,,,,,,,,,,,,,,,,,,,,,,,,,,,,,,,,,,,,
  ,,,,,,,,,,,,,,,,,,,,,,,,,,,,,,,,,,,,,,,,,,,,,,,,,,,,,,,,,,,,,,,,,,,,,,,,,,,,,,,,,,,,,,,,,,,
  ,,,,,,,,,,,,,,,,,,,,,,,,,,,,,,,,,,,,,,,,,,,,,,,,,,,,,,,,,,,,,,,,,,,,,,,,,,,,,,,,,,,,,,,,,,,
  ,,,,,,,,,,,,,,,,,,,,,,,,,,,,,,,,,,,,,,,,,,,,,,,,,,,,,,,,,,,,,,,,,,,,,,,,,,,,,,,,,,,,,,,,,,,
  ,,,,,,,,,,,,,,,,,,,,,,,,,,,,,,,,,,,,,,,,,,,,,,,,,,,,,,,,,,,,,,,,,,,,,,,,,,,,,,,,,,,,,,,,,,,
  ,,,,,,,,,,,,,,,,,,,,,,,,,,,,,,,,,,,,,,,,,,,,,,,,,,,,,,,,,,,,,,,,,,,,,,,,,,,,,,,,,,,,,,,,,,,
  ,,,,,,,,,,,,,,,,,,,,,,,,,,,,,,,,,,,,,,,,,,,,,,,,,,,,,,,,,,,,,,,,,,,,,,,,,,,,,,,,,,,,,,,,,,,
  ,,,,,,,,,,,,,,,,,,,,,,,,,,,,,,,,,,,,,,,,,,,,,,,,,,,,,,,,,,,,,,,,,,,,,,,,,,,,,,,,,,,,,,,,,,,
  ,,,,,,,,,,,,,,,,,,,,,,,,,,,,,,,,,,,,,,,,,,,,,,,,,,,,,,,,,,,,,,,,,,,,,,,,,,,,,,,,,,,,,,,,,,,
  ,,,,,,,,,,,,,,,,,,,,,,,,,,,,,,,,,,,,,,,,,,,,,,,,,,,,,,,,,,,,,,,,,,,,,,,,,,,,,,,,,,,,,,,,,,,
  ,,,,,,,,,,,,,,,,,,,,,,,,,,,,,,,,,,,,,,,,,,,,,,,,,,,,,,,,,,,,,,,,,,,,,,,,,,,,,,,,,,,,,,,,,,,
  ,,,,,,,,,,,,,,,,,,,,,,,,,,,,,,,,,,,,,,,,, [ 4569283447 ],,,,,,,,,,,,,,,,,,,,,,,,,,,,,,,,,,,
  ,,,,,,,,,,,,,,,,,,,,,,,,,,,,,,,,,,,,,,,,,,,,,,,,,,,,,,,,,,,,,,,,,,,,,,,,,,,,,,,,,,,,,,,,,,,
  ,,,,,,,,,,,,,,,,,,,,,,,,,,,,,,,,,,,,,,,,,,,,,,,,,,,,,,,,,,,,,,,,,,,,,,,,,,,,,,,,,,,,,,,,,,,
  ,,,,,,,,,,,,,,,,,,,,,,,,,,,,,,,,,,,,,,,,,,,,,,,,,,,,,,,,,,,,,,,,,,,,,,,,,,,,,,,,,,,,,,,,,,,
  ,,,,,,,,,,,,,,,,,,,,,,,,,,,,,,,,,,,,,,,,,,,,,,,,,,,,,,,,,,,,,,,,,,,,,,,,,,,,,,,,,,,,,,,,,,,
  ,,,,,,,,,,,,,,,,,,,,,,,,,,,,,,,,,,,,,,,,,,,,,,,,,,,,,,,,,,,,,,,,,,,,,,,,,,,,,,,,,,,,,,,,,,,
  ,,,,,,,,,,,,,,,,,,,,,,,,,,,,,,,,,,,,,,,,,,,,,,,,,,,,,,,,,,,,,,,,,,,,,,,,,,,,,,,,,,,,,,,,,,,
  ,,,,,,,,,,,,,,,,,,,,,,,,,,,,,,,,,,,,,,,,,,,,,,,,,,,,,,,,,,,,,,,,,,,,,,,,,,,,,,,,,,,,,,,,,,,
  ,,,,,,,,,,,,,,,,,,,,,,,,,,,,,,,,,,,,,,,,,,,,,,,,,,,,,,,,,,,,,,,,,,,,,,,,,,,,,,,,,,,,,,,,,,,
  ,,,,,,,,,,,,,,,,,,,,,,,,,,,,,,,,,,,,,,,,,,,,,,,,,,,,,,,,,,,,,,,,,,,,,,,,,,,,,,,,,,,,,,,,,,,
  ,,,,,,,,,,,,,,,,,,,,,,,,,,,,,,,,,,,,,,,,,,,,,,,,,,,,,,,,,,,,,,,,,,,,,,,,,,,,,,,,,,,,,,,,,,,
  ,,,,,,,,,,,,,,,,,,,,,,,,,,,,,,,,,,,,,,,,,,,,,,,,,,,,,,,,,,,,,,,,,,,,,,,,,,,,,,,,,,,,,,,,,,,
  ,,,,,,,,,,,,,,,,,,,,,,,,,,,,,,,,,,,,,,,,,,,,,,,,,,,,,,,,,,,,,,,,,,,,,,,,,,,,,,,,,,,,,,,,,,,
  ,,,,,,,,,,,,,,,,,,,,,,,,,,,,,,,,,,,,,,,,,,,,,,,,,,,,,,,,,,,,,,,,,,,,,,,,,,,,,,,,,,,,,,,,,,,
  ,,,,,,,,,,,,,,,,,,,,,,,,,,,,,,,,,,,,,,,,,,,,,,,,,,,,,,,,,,,,,,,,,,,,,,,,,,,,,,,,,,,,,,,,,,,
  ,,,,,,,,,,,,,,,,,,,,,,,,,,,,,,,,,,,,,,,,,,,,,,,,,,,,,,,,,,,,,,,,,,,,,,,,,,,,,,,,,,,,,,,,,,,
  ,,,,,,,,,,,,,,,,,,,,,,,,,,,,,,,,,,,,,,,,,,,,,,,,,,,,,,,,,,,,,,,,,,,,,,,,,,,,,,,,,,,,,,,,,,,
  ,,,,,,,,,,,,,,,,,,,,,,,,,,,,,,,,,,,,,,,,,,,,,,,,,,,,,,,,,,,,,,,,,,,,,,,,,,,,,,,,,,,,,,,,,,,
  ,,,,,,,,,,,,,,,,,,,,,,,,,,,,,,,,,,,,,,,,,,,,,,,,,,,,,,,,,,,,,,,,,,,,,,,,,,,,,,,,,,,,,,,,,,,
  ,,,,,,,,,,,,,,,,,,,,,,,,,,,,,,,,,,,,,,,,,,,,,,,,,,,,,,,,,,,,,,,,,,,,,,,,,,,,,,,,,,,,,,,,,,,
  ,,,,,,,,,,,,,,,,,,,,,,,,,,,,,,,,,,,,,,,,,,,,,,,,,,,,,,,,,,,,,,,,,,,,,,,,,,,,,,,,,,,,,,,,,,,
  ,,,,,,,,,,,,,,,,,,,,,,,,,,,,,,,,,,,,,,,,,,,,,,,,,,,,,,,,,,,,,,,,,,,,,,,,,,,,,,,,,,,,,,,,,,,
  ,,,,,,,,,,,,,,,,,,,,,,,,,,,,,,,,,,,,,,,,,,,,,,,,,,,,,,,,,,,,,,,,,,,,,,,,,,,,,,,,,,,,,,,,,,,
  ,,,,,,,,,,,,,,,,,,,,,,,,,,,,,,,,,,,,,,,,,,,,,,,,,,,,,,,,,,,,,,,,,,,,,,,,,,,,,,,,,,,,,,,,,,,
  ,,,,,,,,,,,,,,,,,,,,,,,,,,,,,,,,,,,,,,,,,,,,,,,,,,,,,,,,,,,,,,,,,,,,,,,,,,,,,,,,,,,,,,,,,,,
  ,,,,,,,,,,,,,,,,,,,,,,,,,,,,,,,,,,,,,,,,,,,,,,,,,,,,,,,,,,,,,,,,,,,,,,,,,,,,,,,,,,,,,,,,,,,
  ,,,,,,,,,,,,,,,,,,,,,,,,,,,,,,,,,,,,,,,,,,,,,,,,,,,,,,,,,,,,,,,,,,,,,,,,,,,,,,,,,,,,,,,,,,,
  ,,,,,,,,,,,,,,,,,,,,,,,,,,,,,,,,,,,,,,,,,,,,,,,,,,,,,,,,,,,,,,,,,,,,,,,,,,,,,,,,,,,,,,,,,,,
  ,,,,,,,,,,,,,,,,,,,,,,,,,,,,,,,,,,,,,,,,,,,,,,,,,,,,,,,,,,,,,,,,,,,,,,,,,,,,,,,,,,,,,,,,,,,
  ,,,,,,,,,,,,,,,,,,,,,,,,,,,,,,,,,,,,,,,,,,,,,,,,,,,,,,,,,,,,,,,,,,,,,,,,,,,,,,,,,,,,,,,,,,,
  ,,,,,,,,,,,,,,,,,,,,,,,,,,,,,,,,,,,,,,,,,,,,,,,,,,,,,,,,,,,,,,,,,,,,,,,,,,,,,,,,,,,,,,,,,,,
  ,,,,,,,,,,,,,,,,,,,,,,,,,,,,,,,,,,,,,,,,,,,,,,,,,,,,,,,,,,,,,,,,,,,,,,,,,,,,,,,,,,,,,,,,,,,
  ,,,,,,,,,,,,,,,,,,,,,,,,,,,,,,,,,,,,,,,,,,,,,,,,,,,,,,,,,,,,,,,,,,,,,,,,,,,,,,,,,,,,,,,,,,,
  ,,,,,,,,,,,,,,,,,,,,,,,,,,,,,,,,,,,,,,,,,,,,,,,,,,,,,,,,,,,,,,,,,,,,,,,,,,,,,,,,,,,,,,,,,,,
  ,,,,,,,,,,,,,,,,,,,,,,,,,,,,,,,,,,,,,,,,,,,,,,,,,,,,,,,,,,,,,,,,,,,,,,,,,,,,,,,,,,,,,,,,,,,
  ,,,,,,,,,,,,,,,,,,,,,,,,,,,,,,,,,,,,,,,,,,,,,,,,,,,,,,,,,,,,,,,,,,,,,,,,,,,,,,,,,,,,,,,,,,,
  ,,,,,,,,,,,,,,,,,,,,,,,,,,,,,,,,,,,,,,,,,,,,,,,,,,,,,,,,,,,,,,,,,,,,,,,,,,,,,,,,,,,,,,,,,,,
  ,,,,,,,,,,,,,,,,,,,,,,,,,,,,,,,,,,,,,,,,,,,,,,,,,,,,,,,,,,,,,,,,,,,,,,,,,,,,,,,,,,,,,,,,,,,
  ,,,,,,,,,,,,,,,,,,,,,,,,,,,,,,,,,,,,,,,,,,,,,,,,,,,,,,,,,,,,,,,,,,,,,,,,,,,,,,,,,,,,,,,,,,,
  ,,,,,,,,,,,,,,,,,,,,,,,,,,,,,,,,,,,,,,,,,,,,,,,,,,,,,,,,,,,,,,,,,,,,,,,,,,,,,,,,,,,,,,,,,,,
  ,,,,,,,,,,,,,,,,,,,,,,,,,,,,,,,,,,,,,,,,,,,,,,,,,,,,,,,,,,,,,,,,,,,,,,,,,,,,,,,,,,,,,,,,,,,
  ,,,,,,,,,,,,,,,,,,,,,,,,,,,,,,,,,,,,,,,,,,,,,,,,,,,,,,,,,,,,,,,,,,,,,,,,,,,,,,,,,,,,,,,,,,,
  ,,,,,,,,,,,,,,,,,,,,,,,,,,,,,,,,,,,,,,,,,,,,,,,,,,,,,,,,,,,,,,,,,,,,,,,,,,,,,,,,,,,,,,,,,,,
  ,,,,,,,,,,,,,,,,,,,,,,,,,,,,,,,,,,,,,,,,,,,,,,,,,,,,,,,,,,,,,,,,,,,,,,,,,,,,,,,,,,,,,,,,,,,
  ,,,,,,,,,,,,,,,,,,,,,,,,,,,,,,,,,,,,,,,,,,,,,,,,,,,,,,,,,,,,,,,,,,,,,,,,,,,,,,,,,,,,,,,,,,,
  ,,,,,,,,,,,,,,,,,,,,,,,,,,,,,,,,,,,,,,,,,,,,,,,,,,,,,,,,,,,,,,,,,,,,,,,,,,,,,,,,,,,,,,,,,,,
  ,,,,,,,,,,,,,,,,,,,,,,,,,,,,,,,,,,,,,,,,,,,,,,,,,,,,,,,,,,,,,,,,,,,,,,,,,,,,,,,,,,,,,,,,,,,
  ,,,,,,,,,,,,,,,,,,,,,,,,,,,,,,,,,,,,,,,,,,,,,,,,,,,,,,,,,,,,,,,,,,,,,,,,,,,,,,,,,,,,,,,,,,,
  ,,,,,,,,,,,,,,,,,,,,,,,,,,,,,,,,,,,,,,,,,,,,,,,,,,,,,,,,,,,,,,,,,,,,,,,,,,,,,,,,,,,,,,,,,,,
  ,,,,,,,,,,,,,,,,,,,,,,,,,,,,,,,,,,,,,,,,,,,,,,,,,,,,,,,,,,,,,,,,,,,,,,,,,,,,,,,,,,,,,,,,,,,
  ,,,,,,,,,,,,,,,,,,,,,,,,,,,,,,,,,,,,,,,,,,,,,,,,,,,,,,,,,,,,,,,,,,,,,,,,,,,,,,,,,,,,,,,,,,,
  ,,,,,,,,,,,,,,,,,,,,,,,,,,,,,,,,,,,,,,,,,,,,,,,,,,,,,,,,,,,,,,,,,,,,,,,,,,,,,,,,,,,,,,,,,,,
  ,,,,,,,,,,,,,,,,,,,,,,,,,,,,,,,,,,,,,,,,,,,,,,,,,,,,,,,,,,,,,,,,,,,,,,,,,,,,,,,,,,,,,,,,,,,
  ,,,,,,,,,,,,,,,,,,,,,,,,,,,,,,,,,,,,,,,,,,,,,,,,,,,,,,,,,,,,,,,,,,,,,,,,,,,,,,,,,,,,,,,,,,,
  ,,,,,,,,,,,,,,,,,,,,,,,,,,,,,,,,,,,,,,,,,,,,,,,,,,,,,,,,,,,,,,,,,,,,,,,,,,,,,,,,,,,,,,,,,,,
  ,,,,,,,,,,,,,,,,,,,,,,,,,,,,,,,,,,,,,,,,,,,,,,,,,,,,,,,,,,,,,,,,,,,,,,,,,,,,,,,,,,,,,,,,,,,
  ,,,,,,,,,,,,,,,,,,,,,,,,,,,,,,,,,,,,,,,,,,,,,,,,,,,,,,,,,,,,,,,,,,,,,,,,,,,,,,,,,,,,,,,,,,,
  ,,,,,,,,,,,,,,,,,,,,,,,,,,,,,,,,,,,,,,,,,,,,,,,,,,,,,,,,,,,,,,,,,,,,,,,,,,,,,,,,,,,,,,,,,,,
  ,,,,,,,,,,,,,,,,,,,,,,,,,,,,,,,,,,,,,,,,,,,,,,,,,,,,,,,,,,,, [ 14317600769 ],,,,,,,,,,,,,,,
  ,,,,,,,,,,,,,,,,,,,,,,,,,,,,,,,,,,,,,,,,,,,,,,,,,,,,,,,,,,,,,,,,,,,,,,,,,,,,,,,,,,,,,,,,,,,
  ,,,,,,,,,,,,,,,,,,,,,,,,,,,,,,,,,,,,,,,,,,,,,,,,,,,,,,,,,,,,,,,,,,,,,,,,,,,,,,,,,,,,,,,,,,,
  ,,,,,,,,,,,,,,,,,,,,,,,,,,,,,,,,,,,,,,,,,,,,,,,,,,,,,,,,,,,,,,,,,,,,,,,,,,,,,,,,,,,,,,,,,,,
  ,,,,,,,,,,,,,,,,,,,,,,,,,,,,,,,,,,,,,,,,,,,,,,,,,,,,,,,,,,,,,,,,,,,,,,,,,,,,,,,,,,,,,,,,,,,
  ,,,,,,,,,,,,,,,,,,,,,,,,,,,,,,,,,,,,,,,,,,,,,,,,,,,,,,,,,,,,,,,,,,,,,,,,,,,,,,,,,,,,,,,,,,,
  ,,,,,,,,,,,,,,,,,,,,,,,,,,,,,,,,,,,,,,,,,,,,,,,,,,,,,,,,,,,,,,,,,,,,,,,,,,,,,,,,,,,,,,,,,,,
  ,,,,,,,,,,,,,,,,,,,,,,,,,,,,,,,,,,,,,,,,,,,,,,,,,,,,,,,,,,,,,,,,,,,,,,,,,,,,,,,,,,,,,,,,,,,
  ,,,,,,,,,,,,,,,,,,,,,,,,,,,,,,,,,,,,,,,,,,,,,,,,,,,,,,,,,,,,,,,,,,,,,,,,,,,,,,,,,,,,,,,,,,,
  ,,,,,,,,,,,,,,,,,,,,,,,,,,,,,,,,,,,,,,,,,,,,,,,,,,,,,,,,,,,,,,,,,,,,,,,,,,,,,,,,,,,,,,,,,,,
  ,,,,,,,,,,,,,,,,,,,,,,,,,,,,,,,,,,,,,,,,,,,,,,,,,,,,,,,,,,,,,,,,,,,,,,,,,,,,,,,,,,,,,,,,,,,
  ,,,,,,,,,,,,,,,,,,,,,,,,,,,,,,,,,,,,,,,,,,,,,,,,,,,,,,,,,,,,,,,,,,,,,,,,,,,,,,,,,,,,,,,,,,,
  ,,,,,,,,,,,,,,,,,,,,,,,,,,,,,,,,,,,,,,,,,,,,,,,,,,,,,,,,,,,,,,,,,,,,,,,,,,,,,,,,,,,,,,,,,,,
  ,,,,,,,,,,,,,,,,,,,,,,,,,,,,,,,,,,,,,,,,,,,,,,,,,,,,,,,,,,,,,,,,,,,,,,,,,,,,,,,,,,,,,,,,,,,
  ,,,,,,,,,,,,,,,,,,,,,,,,,,,,,,,,,,,,,,,,,,,,,,,,,,,,,,,,,,,,,,,,,,,,,,,,,,,,,,,,,,,,,,,,,,,
  ,,,,,,,,,,,,,,,,,,,,,,,,,,,,,,,,,,,,,,,,,,,,,,,,,,,,,,,,,,,,,,,,,,,,,,,,,,,,,,,,,,,,,,,,,,,
  ,,,,,,,,,,,,,,,,,,,,,,,,,,,,,,,,,,,,,,,,,,,,,,,,,,,,,,,,,,,,,,,,,,,,,,,,,,,,,,,,,,,,,,,,,,,
  ,,,,,,,,,,,,,,,,,,,,,,,,,,,,,,,,,,,,,,,,,,,,,,,,,,,,,,,,,,,,,,,,,,,,,,,,,,,,,,,,,,,,,,,,,,,
  ,,,,,,,,,,,,,,,,,,,,,,,,,,,,,,,,,,,,,,,,,,,,,,,,,,,,,,,,,,,,,,,,,,,,,,,,,,,,,,,,,,,,,,,,,,,
  ,,,,,,,,,,,,,,,,,,,,,,,,,,,,,,,,,,,,,,,,,,,,,,,,,,,,,,,,,,,,,,,,,,,,,,,,,,,,,,,,,,,,,,,,,,,
  ,,,,,,,,,,,,,,,,,,,,,,,,,,,,,,,,,,,,,,,,,,,,,,,,,,,,,,,,,,,,,,,,,,,,,,,,,,,,,,,,,,,,,,,,,,,
  ,,,,,,,,,,,,,,,,,,,,,,,,,,,,,,,,,,,,,,,,,,,,,,,,,,,,,,,,,,,,,,,,,,,,,,,,,,,,,,,,,,,,,,,,,,,
  ,,,,,,,,,,,,,,,,,,,,,,,,,,,,,,,,,,,,,,,,,,,,,,,,,,,,,,,,,,,,,,,,,,,,,,,,,,,,,,,,,,,,,,,,,,,
  ,,,,,,,,,,,,,,,,,,,,,,,,,,,,,,,,,,,,,,,,,,,,,,,,,,,,,,,,,,,,,,,,,,,,,,,,,,,,,,,,,,,,,,,,,,,
  ,,,,,,,,,,,,,,,,,,,,,,,,,,,,,,,,,,,,,,,,,,,,,,,,,,,,,,,,,,,,,,,,,,,,,,,,,,,,,,,,,,,,,,,,,,,
  ,,,,,,,,,,,,,,,,,,,,,,,,,,,,,,,,,,,,,,,,,,,,,,,,,,,,,,,,,,,,,,,,,,,,,,,,,,,,,,,,,,,,,,,,,,,
  ,,,,,,,,,,,,,,,,,,,,,,,,,,,,,,,,,,,,,,,,,,,,,,,,,,,,,,,,,,,,,,,,,,,,,,,,,,,,,,,,,,,,,,,,,,,
  ,,,,,,,,,,,,,,,,,,,,,,,,,,,,,,,,,,,,,,,,,,,,,,,,,,,,,,,,,,,,,,,,,,,,,,,,,,,,,,,,,,,,,,,,,,,
  ,,,,,,,,,,,,,,,,,,,,,,,,,,,,,,,,,,,,,,,,,,,,,,,,,,,,,,,,,,,,,,,,,,,,,,,,,,,,,,,,,,,,,,,,,,,
  ,,,,,,,,,,,,,,,,,,,,,,,,,,,,,,,,,,,,,,,,,,,,,,,,,,,,,,,,,,,,,,,,,,,,,,,,,,,,,,,,,,,,,,,,,,,
  ,,,,,,,,,,,,,,,,,,,,,,,,,,,,,,,,,,,,,,,,,,,,,,,,,,,,,,,,,,,,,,,,,,,,,,,, 
  [ 63073201453081 ] ]);
