BRENTFACTORS[6754]:=MakeImmutable([ ,,,,,,,,,,,,,, [ 10356397171 ],, 
  [ 1101337888799, 699526901605480099 ],, [ 1706674816993 ], [ 1483502401 ], 
  [ 3547933828643527 ], [ 148296667333 ],, [ 1070437976563369 ], [ 4472603054851 ], 
  [ 1707866240627 ], [ 282558069847, 2728352363417895392173 ],, [ 93812658385837 ],, 
  [ 1250523137 ],, [ 35583778418893, 140666780801821231 ], [ 22788579958889 ], 
  [ 181760880421, 2913297692648324397416771 ],, [ 4031744369, 18859644959 ], 
  [ 168849736903 ], [ 62898942418261, 798862710000068221, 1573182088262131777 ],, 
  [ 6628706752123, 35722383840979915268511550997578687 ], [ 89984411539681 ], 
  [ 1258858502913388362199 ], [ 1341864613, 40942144293161, 1632390027666553 ], 
  [ 5675651171256597626129253965273036849051521 ], [ 54036088392073259 ],, 
  [ 265570344340801, 10515467599586161 ], 
  [ 3748930319, 28610781208883158221007, 153703328427775900253755022545398887268694727 ], 
  [ 3708272901628470877485151 ], 
  [ 706215175353843649177, 268678205450657021153563262940073069 ], [ 8298215099929 ],, 
  [ 8083981173342091762222363 ], [ 80908906712893711 ], 
  [ 70252380241, 15495118919201820799439897 ], 
  [ 31885256257279, 7205645711887441222351, 20134322460158819209839017050033724561049769 ], 
  [ 5438119204807218263, 2055208003105368660186341038939 ], 
  [ 17196996216488145144347297, 3867374497725055588042852441 ], 
  [ 65936257323394493099732881 ], [ 70455801907, 1775997559380892425852037 ], 
  [ 2429323362270298801, 39819762964363337939 ], 
  [ 533857309806187596445147, 388606622632305930404014485331 ], 
  [ 34095526754881, 14888071516372301702826989113188095489 ], 
  [ 4688569870661, 5328203422217521, 49404892882107101 ], 
  [ 25874428339, 4381610542190307545923, 14917694627052751263511 ], 
  [ 589371445339584255670506754061 ], [ 182939927741 ], 
  [ 3554205366301, 453565932872587, 1365491385485671, 2112949338013453, 6693232334930653, 
      3018705483403822824053593 ], [ 3923330951 ], 
  [ 37437537461, 2218904608519523, 48490730422103700667556069 ], [ 206281447731329401 ], 
  [ 303431177412317649137 ], [ 14601284249 ],, 
  [ 1627742999505121, 1698935195700623117, 107323987488556623820422450221 ],, 
  [ 6317966383, 3568714491031, 46120459860463 ],, 
  [ 77332758207552950313268850401932569438953555601 ], 
  [ 7825985263, 701220838230581091539993901253 ], 
  [ 1910942023, 23885283688604903, 148407660764500847 ], 
  [ 1511020923877, 15957875055746936380091921 ], 
  [ 4843059364249, 432835665098940234851217885112489 ], [ 16103951251, 94177311281 ], 
  [ 1342085179063 ],, [ 468990291672673 ], [ 3025501957, 19824573247, 124860685643469528593 ]
    , [ 7966745046991, 83434240478837737810119423572782381 ], [ 3226608737587457182303799 ], 
  [ 1895424595908690901, 2052776404036639134662245459189, 18104325131610560279428239289409, 
      15884190966946474337850735845257237 ],, 
  [ 1577974418926209923303, 298561629292123459829821 ],,, 
  [ 5107209440453, 56635054559793423485489 ], [ 55477899079, 40267741085031816287 ], 
  [ 74846956332819529 ],, [ 1338565121, 14357203733, 12329165419124121181 ], 
  [ 6896812458009109 ], [ 33223915579124293, 30913662642373864883, 6222561675341179216621 ],
  , [ 7731069361, 53958789625021, 151784254593721 ],, [ 18699218095769, 14550478785815857 ], 
  [ 16628871398437 ], [ 32599737244738927, 311597589641832311 ], 
  [ 1527337635451, 412851190309181282646461 ],, [ 1004789297, 188811423473 ], 
  [ 18220320689, 1437265832129, 43135316529407, 199998335008299861465347 ], 
  [ 1392768489223393616349229 ], [ 20903491121 ], [ 64530589073637901129109 ], 
  [ 19069828244804650249, 80306253217884859622029 ], [ 1684393917615175496882357 ],, 
  [ 1777794600692986786321, 2982737749743809813521, 92776512990205694310460510610645521 ], 
  [ 10025996618023, 19626138839341 ], [ 189533028511661, 17317460864705345505763219 ], 
  [ 158731949689 ], [ 22182076239269, 2155714247270783667266740553 ], 
  [ 418625134491001, 2550628827005508287884501 ],, [ 624200420381 ], 
  [ 5643853057, 83136757889 ],,, [ 2692397935477 ],,, [ 6430908571 ], 
  [ 1040879285257058371 ], [ 4211535257, 222913316834646505897, 842775212811750063817 ],,, 
  [ 1491613000519247, 3384964224687697, 8839377819097688879201 ],, 
  [ 66966134138833, 88327455699329857 ], [ 773223694131199018479303709 ], 
  [ 40365001472640584741 ], [ 8256826145897245297 ], [ 738524942531627201 ], 
  [ 2670325507689710312933987 ], [ 363741479041038362629 ], 
  [ 20173345277, 423375651744760933 ],, [ 92236553701, 5289206091384874455451 ], 
  [ 10702975934071039271 ], [ 2866224686417 ],, [ 11702096869, 4427270515208720719 ],, 
  [ 30574130809 ],, [ 169277062524547949 ],, [ 2170924001 ], 
  [ 1081737749, 7474310047, 9915340622279 ], [ 834680339823023501984991631 ], 
  [ 210174334638221 ], [ 1300880473 ], [ 292151478272281 ], [ 3037318503166723 ],,,, 
  [ 489083485389371 ],, [ 10568077054680684481 ], [ 322355566849 ], 
  [ 640685144917, 294089469037160569 ],, [ 56431696289, 12679499040180525114246257 ], 
  [ 41865632015307937 ],, [ 1396475266217006791 ], [ 26435503238941 ],, 
  [ 10293275519519581499 ],, [ 14570360755518901129, 3564555097822486215289 ],, 
  [ 205768305991, 987188615896325801499277987, 1423730032063989356214602955829 ],, 
  [ 91673973197 ],,, [ 6270621299 ], [ 549831496321, 14814122157313 ], [ 7127758271 ], 
  [ 1545780080641 ],, [ 12443681909, 117068531473150909 ], [ 56510480311 ], 
  [ 4033193499523, 9009476213167, 5904026166115092313 ], [ 118357411992517, 791023998057289 ]
   ,, [ 1793363667301 ],,, [ 23638561697273272117 ], [ 1114837561, 18336936375421 ], 
  [ 401261966096687893 ], [ 15156918397, 3016188952669 ], 
  [ 3742813153873, 8561676927256753, 191790121961716603313 ], [ 25570301879 ], 
  [ 113907992370504571, 8332372099375060739106355497121 ],, [ 3135947461 ],, 
  [ 533422798034123496209 ],,,, [ 59511882847648418179 ],,,,, [ 2051732909, 60743053849 ],, 
  [ 9645336451, 2155561061920303782601 ],,,, 
  [ 1705206823, 435594200670829, 1003836727295220379439 ], [ 3978700081 ],,,, 
  [ 89687112782203 ],,,, [ 301629281655437 ], [ 4407153787 ],, [ 561794242459823 ], 
  [ 2839821601, 10730008967261 ], [ 96112019503 ], [ 114995881803969977 ],, [ 283084342561 ],
  [ 6617493644269 ],,, [ 6770591501, 58654441665751 ], [ 18787777511233 ], 
  [ 10344912237521569 ], [ 1394506147, 18335372605441 ], [ 252283762009292093 ], 
  [ 26421878551, 146044940281 ],, [ 220005533501267 ],, 
  [ 1198815428814499021, 40550692162951239179 ], 
  [ 326589503501, 309458794791121, 73380157996344519579221 ],, [ 1689839154431 ],, 
  [ 285022686271542079873 ], [ 587863549771 ], [ 2648344679, 20081554686558919 ], 
  [ 545857246044810841, 1008715024027212163 ], [ 25355005475380204227869 ], 
  [ 19709806572078080251 ], [ 4724181737776981, 187753624527521913709411 ], 
  [ 252073588797071357 ],, [ 230117498521 ], [ 5170182303521, 32860714451274403 ], 
  [ 110224805019451 ], [ 39839064243541, 106528300332167373013 ], 
  [ 95187996470557, 998662701200853599, 44447381660718481097 ], [ 7616465183768208253 ], 
  [ 24566098987, 21929302288241119 ], [ 2966696881, 25711650721, 49105052081 ],, 
  [ 123585474367 ],,, [ 6074270551, 16594803072571, 368115350335861 ], 
  [ 94433146801763825226614587 ], [ 1027342783078697113519 ],,, 
  [ 79443637984241, 250641849734714281, 48352438969528374968971 ], 
  [ 26377333392615944688463 ], 
  [ 1368592321, 3267694621, 228658049990406593, 20145683756481653929529 ], [ 29507274647 ],,
  , [ 8695383629617 ],,,, [ 167316836940301 ],, [ 5476465033757, 28280082547183 ],, 
  [ 3344437323457 ], [ 29180624205211 ], 
  [ 11218367899, 7619114130456695913577, 145255745850360459197383 ],, 
  [ 662750750201, 3598663292533 ],, [ 8218351239110654261, 23108960875022232911291 ],,,,,,,,,
  ,, [ 19450101673693 ], [ 24221490445710204389 ], [ 1096426529741 ], 
  [ 1220214268729, 1130249132613376675325929 ], [ 15130285301, 47846316226801 ], 
  [ 26538059593303, 8564764285444637 ],,, [ 13304792045525807 ], 
  [ 31342786201, 37085561371, 16817434637191, 21695079319671451 ], 
  [ 99638199251, 446977499349049 ], [ 318723173958181 ], [ 1651833181, 60213318409 ],,, 
  [ 1360941472785597750433 ], [ 101317370393, 264226995343, 6982190963003, 19778866470996947 
     ], [ 31167885503, 274698418333, 9225522861687653 ], [ 12588994843 ], [ 14105874358061 ],
  [ 1085969743 ],,,, [ 578005857891216451 ],,,,, [ 61394251839017106719851 ],, 
  [ 20087108646723361 ], [ 700968059837 ], [ 58447864906957 ],, [ 10387526033266706189 ],, 
  [ 17282564561, 55905332289839, 1947237281693690863 ],, [ 20146311721 ], 
  [ 24815864167, 253002551213 ], [ 432982378635669893, 653375094553129717 ],,, 
  [ 1763812124566580801 ], [ 130313646278617, 531364443054979 ],, 
  [ 14066337530353, 5720437838203521709681 ], [ 10246681297 ], [ 32111262348691 ], 
  [ 177420164928511 ], [ 114639628016461 ],,,,,,,, [ 2356699233821 ], [ 3514503259 ], 
  [ 226965490494997, 8458542578204776403 ],, 
  [ 231262518132097, 498506999075980033, 14326791841566673000321 ],, [ 29759958469159 ],,, 
  [ 2215102313381 ],, [ 3563889098299 ], [ 2270467941169 ],,,,,,, 
  [ 4845791959, 246044619619 ],,, [ 2561416567, 18214143631, 1631069856768007 ],, 
  [ 98212376389151221 ], [ 8383536920246311 ],,,,, [ 22722355614714373171 ], [ 2115712099 ],,
  , [ 33725921365693 ], [ 58684376441, 95384176021 ], [ 22324619703346273 ],,, 
  [ 370552891199 ],, [ 30199581998429, 531090341840789 ],, [ 4383108158707 ], [ 3337636417 ],
  ,, [ 9155458159 ], [ 94206926777 ],, [ 5485249118907121 ],, [ 11479016861281 ], 
  [ 1789935447631, 42684870269817883 ], [ 83567962073, 48579989987716027 ],,, 
  [ 5651652829, 600330946363 ], [ 960361345169228701 ],, [ 11783802361 ], 
  [ 8583693031383751 ],, [ 29565266251 ], [ 560723094733 ],,,, [ 53474211485633 ],,,,, 
  [ 155559411781 ],, [ 16983298151 ], [ 26946276673 ], [ 132119081045354219 ], 
  [ 4384474875009211 ],, [ 1713913081 ],, [ 41413217077 ], [ 51131272583 ],,, 
  [ 10194025657871603 ], [ 164138490629 ], [ 5122739464597 ], [ 23922680713 ], 
  [ 3563966761, 21107289518921 ], [ 24754670107 ], [ 2664751919987310550153 ], 
  [ 694135093543, 256950807829871, 49358381035003921 ], [ 3840813498337 ], 
  [ 7032229651, 39275881650096451 ],,,, [ 42416392673, 159134176015613 ], 
  [ 1238037601, 623352654241 ], [ 283823387173 ], [ 1685281189 ], [ 20469826903 ], 
  [ 722335281229 ],, [ 61969010844155959 ], [ 7213596919 ],,, [ 132366154870006491911 ],, 
  [ 365046652363903189 ],, [ 112691342467909453, 707157867253736263 ],, [ 1981644070433 ], 
  [ 462724169363 ], [ 112440918461341 ],,, [ 15402958429, 2341881197206279 ],, 
  [ 8103960763 ],,, [ 132466963423499, 591596606579574487 ],, [ 7946462753221 ],,,, 
  [ 3331553838169812820993 ], [ 8803360099 ],,,,, [ 1426443933073937 ],,,, 
  [ 244225060888407337 ],, [ 237327680081 ], [ 55318224151 ],,,,,,, [ 234755138857 ],,, 
  [ 1944218891 ],, [ 142079309641 ],, [ 16416522431 ],,, [ 10982386111, 313079533673 ],,,, 
  [ 41738623291 ],,, [ 7472611387 ],, [ 14255994349 ],,,,, 
  [ 6845063341, 41133625248614224119029 ],,,,, [ 297194327761 ], 
  [ 190213553923, 250162492388993 ],, [ 25629433513, 89305528859485777 ],,,,,, 
  [ 1289386741, 50076003229081 ],,,,,,,, [ 70546182883637393 ],,,, [ 19111016889379 ],, 
  [ 7649073162012376699601 ],,, [ 5016445649 ], [ 229813314361, 353735860801 ],,,,,, 
  [ 4638533973966318889 ], [ 3985789571, 16786888511 ], 
  [ 142163330747261, 1681361244008065757 ],, [ 19496826770656223, 3272607748997973179 ],,,, 
  [ 19072483333 ],, [ 6939360984209 ],, [ 3783974780198449 ],,,,,, [ 726567627268616113 ],,,,
  ,, [ 4209185372407 ],,,, [ 308727630536959 ],, [ 19003949440321, 41343727633729 ],, 
  [ 201874973359 ], [ 569827067701 ],,,,,,,,, [ 71689147261 ],,,,,,,,,,,,,, [ 15917740151 ],,
  ,,,,,, [ 780201739169838637 ],,, [ 3211677377 ], [ 1157093251, 17267917381067 ], 
  [ 5256539809 ], [ 96294148513 ], [ 1052698991 ], [ 9670560311449 ],, [ 370268161541 ], 
  [ 350867922589 ],,,,,,, [ 323053740049 ],, [ 535077077263 ],,,,,,, [ 171517688411 ], 
  [ 22211786143 ],,,,,, [ 7681473361453 ],,, [ 98804256611 ], 
  [ 23170649449, 618144093407531377 ],,,,,,,, [ 114406152961 ],,,,,, [ 7262437325861 ],,,, 
  [ 1753429450275343 ],,,,,,,,, [ 25103510023 ],,, [ 11603779969, 13956560113 ],,,,,, 
  [ 2664696704941 ],, [ 1500289983403 ],,, [ 8227216493 ], 
  [ 3304164051757, 3439211712885073 ],, [ 997938569161 ],,, [ 402718752853 ],,,,, 
  [ 1538806324082017 ],, [ 258521946751 ], [ 8214264834421 ], [ 370418825188721 ],,, 
  [ 1748194951 ], [ 43080740137 ], [ 1325405563, 109907859527 ], [ 23366052667 ],,,,,, 
  [ 1230572509 ],,,, [ 5282660353 ],,,,,, [ 1923300586747 ],,,,, [ 23436610733 ],,,,,,,,,,,,,
  ,, [ 61693589591 ],,,, [ 3647906793259 ],,,,,, [ 24963884833 ],,,, [ 190589587217 ],,,, 
  [ 27745439933, 9978604689173 ], [ 23405673259, 122308022437 ],,,,,,,,, 
  [ 30155214673, 136096057561 ],, [ 5157148201 ],,,, [ 49734479917, 5726772666253 ],, 
  [ 11330060149571 ],,,,,, [ 54484114274762173 ],, [ 310300229595757 ],, [ 4000143294841 ],, 
  [ 9242170966519 ], [ 2756259313 ], [ 279015271861 ],, [ 3492202620261259 ],, 
  [ 20295463841, 25452852289, 1315088150824673 ],,,, [ 11587012561 ],, [ 150590739041 ],,,,,,
  ,,,,,,, [ 20598193416319 ], [ 868872717158153 ], [ 13807813867, 242301639757 ], 
  [ 24395655686499871 ],, [ 34239726155489 ],, [ 4369848799 ],, [ 11099228353 ],,, 
  [ 2692902643 ],,,,, [ 59608501889, 3450847694009 ],,,,,,, [ 1313273413 ],,, [ 8181868333 ],
  , [ 209320042864129 ],,,,,,, [ 156660270817 ],,,, [ 8051134249 ], [ 1224069059750213 ],, 
  [ 291157368376421 ],,, [ 499101659167 ],,, [ 443480585525777 ], [ 72758108711 ], 
  [ 304252680331, 46171441311818509 ],,,,,, [ 26436811633 ],,, [ 11338719157 ],,, 
  [ 439403169922141 ],,,,,,,,,, [ 6132175365161, 146192363301241 ],, 
  [ 2326049135101066374199 ], [ 168689620591 ],,,,, [ 955303705789 ],, [ 234149478376351 ],, 
  [ 31960979007833 ],, [ 256357983241 ],,,,,,,,, [ 8370006949 ],,, [ 1774408693 ],,,,, 
  [ 62432016079 ],,,,, [ 344697963569, 2718402317377 ],,,, [ 22420193041, 2890464100721 ],, 
  [ 1978430313241 ],, [ 181062976561 ],, [ 4127579411777 ], [ 4763799006961 ],,, 
  [ 82291616551, 6449444387101 ],,,, [ 987523500559 ],, [ 8715354497483668633 ],,,, 
  [ 1789219001 ],, [ 8316154111 ],,,,,,,, [ 1099655681 ],,,,, [ 13021071631 ],,,,,,,,, 
  [ 2378382337 ],,,,,,,,,,,,,, [ 60032128999 ], [ 161007194947 ],,,,, 
  [ 4609016749, 8156061037, 20078297516737 ],,,,,,,,,,,,,,,,, [ 4384635551 ], [ 1374627313 ],
  ,, [ 159286005061 ],,,,,, [ 7463233513, 8202437713 ],, [ 1094775463 ], [ 3780522961 ], 
  [ 339646828351 ],,,, [ 3751631209 ],,,,,,,,,,,,,,,,,,,, [ 3742753975787 ],, [ 2164257721 ],
  , [ 2960915261 ], [ 91306476769 ],,,,,,,,,, [ 30987308071 ], [ 11311949291 ],,,,,,,,,,,,,, 
  [ 98242556539 ],,,,,,,,,, [ 39059695109 ], [ 48690150121 ],,,,,, [ 71036823523 ],,,,,,,, 
  [ 109325031946861 ],,,, [ 6484141099, 16980312157 ],,,, [ 421967378561 ],,,,,,,, 
  [ 86249558829331 ],,,,,, [ 132791229784753 ],,,,,,, [ 2418094589 ],, [ 13007121691 ],,,,,, 
  [ 4056581731, 8730172921, 809977397599 ],,,, [ 2063289391 ],,,,, 
  [ 16346265601, 1192436617201 ], [ 1221407393, 41444726193133 ], [ 14479370131 ],,,, 
  [ 46247528809 ],,,,,,,,,,,, [ 1845603733 ],,, [ 6062609323 ], [ 92703817363 ],,, 
  [ 2612768201 ],,,,, [ 4377952531, 48045080431 ],,,,,,,,,,,,,,,,,,,,,,,,,,,,,, 
  [ 39306521521, 96440864941 ],,,, [ 1017257089 ],,,,,,,,, [ 6848778191 ],,, 
  [ 2374153146289 ], [ 2832725683 ],,,,,,,,,,,,,,,,,,,,,, [ 2942325931 ],,,,,,,, 
  [ 3013981211 ],,,,,,,,,,,,,,,,,,,,,,,,,, [ 2389231877, 15083356219 ],,,,,,, 
  [ 282462500741 ], [ 18372968587 ],,,,,,,,,,,,,,,, [ 32947620751 ],,,,,, [ 13198937621 ],,,,
  ,,,,,, [ 2238283823 ],,,,, [ 15554332093 ],,,,,,,, [ 59929184701 ],, [ 10712672833 ],,,, 
  [ 83121656929 ], [ 18618949441 ],,,,,, [ 288451902853 ],,,,,,,,,,,,, [ 21160381673 ], 
  [ 16211185093 ],,,,,,,, [ 1913058197, 2282162947 ],,, [ 1861552481 ],,,,, [ 206259090599 ],
  ,,, [ 3441177541 ],,,,,,,, [ 5384319557 ],, [ 146016223393 ],, [ 2573180861 ],,,,,,,,,,,, 
  [ 2969666143 ],,,,,,,,,, [ 73769239261 ],,,,,,,,,,,,,,,,,,,,,,,, [ 79723468819 ],, 
  [ 1448015911 ],,, [ 1832579057 ],,,,,,,,,,, [ 30744951997 ],,,,,, [ 5514766987 ],,,,,,,,,, 
  [ 155894700349 ],,, [ 4011824250631 ], [ 1001260368373 ], [ 11493492233 ], [ 2964535289 ],
  , [ 6940252651 ], [ 2350990349 ],,,,,, [ 37930840411 ], [ 267601523149 ], 
  [ 21340117261, 68196600781 ],,,,,,,,,,,,,,,,,,,, [ 36922654081 ],, [ 20639590093 ],,,,,,, 
  [ 88387383883 ],,, [ 4973427577 ], [ 4842156463, 50127917269 ],, [ 16694338501 ],,,,,,,,,, 
  [ 9245649398311 ],,,, [ 115595269021 ],,,, [ 6382491499 ],,,,,,,,,,,, [ 25384747411 ],,,, 
  [ 2988395701 ],,,,,,,, [ 1982545489 ],,,,,,,,,,,, [ 195171943069 ],,,,,,,, [ 3606491071 ], 
  [ 1366729183 ],, [ 742227382081 ], [ 2823097633 ],,,, [ 4251459731 ],,,,,,,, 
  [ 6153275971 ],,,, [ 19171496629 ],,,,,,, [ 2286036481 ],,,,,, [ 5465687891 ],,,, 
  [ 307212903523 ],, [ 218783741101 ], [ 4165211857 ],,,,, [ 10771633967 ],,, 
  [ 122034089521 ],,,,, [ 3517045481 ],, [ 1353997621 ],,,,,,,, [ 10271459501 ],,,,,,,,,,,, 
  [ 1470188561 ],,,,,,,,, [ 620270680067 ],,,, [ 3835923901 ],,,,,,,, [ 83673333347 ],,,,,,,,
  , [ 6751511209 ],,,,,,,, [ 1320653251 ],,,,,,,,,,,,,,,,,,, [ 6519861781 ],,,,,,,,,,, 
  [ 206047095101 ],,,,,,,,,,,,,,,,,,, [ 3399624271, 41195117503 ],,,, [ 20843902552999 ],,,,,
  , [ 13072336903 ],,,,,,,,,,,,,,,, [ 10426564451 ],,,,,,, [ 4240129193 ],,,,,,,,,,,,,,,,,,,
  , [ 2694993361 ],,,, [ 15322989377 ], [ 4455174853879 ],,,,,,,,,,,,,,,,,,,,,,, 
  [ 13957875761 ],,,,,,,,,,, [ 22588297561 ],,,, [ 3431102161 ],,,,,,,, [ 7632107099 ],,,,,,,
  ,, [ 110354359081 ],,,,, [ 2503325953 ],,, [ 3980474881 ],,,,,,,,,,,,,,, [ 1890827821 ],,, 
  [ 3308400499 ],, [ 21040970341 ],,,,, [ 48389744471 ],, [ 1251523813 ],,,,,,,,, 
  [ 1219396522381 ],,,,,,,,,,, [ 1780402513 ],,,,, [ 77832873917 ],,,,, 
  [ 53553897283, 73744504033 ],,, [ 1136167561 ],,,,,,,,,, [ 2808682021 ],,,,,,,,,,, 
  [ 1955249137 ],,,,,,,,, [ 24031111771 ],,,, [ 5396931913, 20726470759 ],,,,,,,,,,,,,,,,, 
  [ 1155557761 ],,,,,,,,,,, [ 1549271527 ],,, [ 1305380761 ],,, [ 57202554881 ],,,,,,, 
  [ 14430789511 ],,, [ 13638738499 ],,,,,,, [ 47456000411 ],,,,,,,, [ 13443819601 ],,,,,,, 
  [ 1153709441 ],,,,,,,,,,, [ 5513260243 ],,,,,,,,,,,,,,,,,,,,,,,,,,,,,,,,,,,,,,, 
  [ 4183756651, 29811675961 ],,, [ 2125547299 ], [ 1095606271 ],,,,,,,,,,,, [ 2172824671663 ]
   ,,,,,,,,,,,,,,,,,,,,,, [ 96566826193 ],,,,,,,,,,,,,,,, [ 65573296153 ],,,,,,,,, 
  [ 3001216993, 15361267627 ],, [ 41268576931 ],,,,,,,,, [ 8155445773 ],, [ 13295308676197 ],
  ,,, [ 38606408231 ],,,,, [ 25781944361 ],, [ 12035219503 ],,,,, [ 1434974712623 ],,,,,,,,,,
  , [ 2533249181, 3224076857 ], [ 738976527181 ],,,, [ 7105239946927 ],,,,,,,,,,,,,,,,,, 
  [ 3368480615041 ],,,,,,,, [ 65546465417 ],,,,,,,,,, [ 1998611779 ],,,,,,,,,,,,,, 
  [ 1100404617313 ],,,,,,,,,,,,, [ 7312508971, 1098739828759 ],,,,,,,,,,,,,,,,,,,,,,,, 
  [ 32897523711301 ],,,,,,,,,,,,,,,,,,,,,,, [ 67300862533 ], [ 21537985699 ],,,,, 
  [ 1083294323 ], [ 377601773881 ],,,,,,,,,,,,,,, [ 13908563041 ],,,, [ 2115347953 ],,,,,,,,,
  ,,,,,,, [ 51250270921, 59232259081 ],,,,,, [ 35810750177 ],,,,,,,,,, [ 70936150933 ],,,,,, 
  [ 17873846209 ],,,,,,,,, [ 17259552097453 ], [ 19553176567 ],,,,,,,,,,,,,,,,,,,,,, 
  [ 6165219737, 14255421857, 30429691657 ],,,,,,, [ 4019678240503 ],,,,,, [ 3040635781 ],,,,,
  , [ 32217498097 ],,,,,,,,,,,,,,,,,,,,,,,,,,,,,, [ 2908019683 ],,,,,,,,,,, 
  [ 4063090561, 675499607857 ],,,,,,,,,,,,,,,, [ 4303310761 ],,,,,,,,,,,,,, [ 16406063717 ],,
  ,,,,, [ 1526891983 ],,,,,,, [ 2447027857, 4643989897 ],,,, [ 1586917817 ],,,, 
  [ 2149611337 ],,,,,,,,, [ 13416755211091 ],,,,,,,,,,,, [ 1091653279 ], [ 18318071809 ],,,, 
  [ 281522860013 ],,,,,, [ 4810527817 ],, [ 129539469011 ],,,,,,,,,,,, [ 374989522363 ],,,,, 
  [ 838320210487 ],,,,,,, [ 4365965537 ],,,,,,,,,, [ 50061149569 ], 
  [ 2198547751, 11376697279501 ], [ 29809724387, 773379717527 ],,,,,,,,,,,,,,,,,, 
  [ 2844018601 ],,,, [ 10748212987361 ],,,,,,,,,,,,,,,,,,, [ 21936816427 ],,,,,,,,,,, 
  [ 11269331971 ],,,,,,,,,,,,,, [ 2375256589, 2471675953 ],,,,,,,,,,,,,,,,,,,,,,,, 
  [ 4904593541 ],, [ 137463083749, 31590330081283 ],,,, [ 21886181117 ],,,,,,,, 
  [ 24675246961 ],,,, [ 1693805957 ],,,, [ 4806824587 ],,,,,,,,,,,,,, [ 7653898177 ],,,,,, 
  [ 13663782889 ],, [ 2764676618521 ],,,,,,,,,,,,,,,,,,,,,,,,,,,,,,,,,,,, [ 3326401201 ],,,, 
  [ 52732226401 ],,,,,,,,,,,,,,,,,,,,,, [ 10692981301 ],, [ 4766338729 ],,,,,, 
  [ 8500131401 ],,,,,,,,,,,,,,,, [ 181189539827 ],,,,,,,, [ 3639141109 ],,,,,,,,,,,,,,,,,,,,,
  ,,,,,,,,,,,,,,,,,,,,, [ 55332690433 ],, [ 4910968189 ],,,, [ 170666837651 ],,,,,,,,,,,,,,,,
  , [ 1296234493 ],,,,, [ 8508357541 ], [ 3336319351 ],,, [ 1139797201 ],,,,,,,, 
  [ 18403899089 ],,,,,,,, [ 158077046657 ],,,,,,,,,, [ 1896287807 ],,,,,,,,,,,,,,,,,,,,,, 
  [ 5289953089 ],,,,,, [ 4821459430159 ],,,,,,,,,, [ 1160839153 ],,,,,,,,,,,,,,,,,,,, 
  [ 8648825473 ],,, [ 25901370541 ],,,,,,,,,,, [ 3643869863 ],,,,,,,,,,,,,, 
  [ 1522091521, 13944200321, 606295858081 ],,,,,,,,,,,, [ 8226799375453 ],,,,,,,,,,,, 
  [ 10146693377 ],,,,,,,,,, [ 11146908061 ],,,, [ 1132421211829 ],,,,,,,,, [ 2411819583769 ],
  ,,,,,,,,,,,,,, [ 1367302663 ],, [ 20364701473 ],,,,,,,, [ 114451315481 ],,,,,, 
  [ 1139925771241 ],,,,,,,, [ 1105322341, 1331287782061, 2629306377637 ],,,,,,,,,,,,,, 
  [ 11614681021 ],,,,,,,,,,,,,,,, [ 3568883701 ],,,,,,,, [ 24977704417 ],,,, [ 26167426561 ],
  ,,,,,,,,,,, [ 2449070641 ],,,, [ 3581054353 ],,,,,,,,,,,,,,,,,, [ 93235653487 ],,,, 
  [ 1121488045133 ],,,,,,,,,,,, [ 3637064051 ],,,, [ 1022997889 ],,,,,,,,,,,,,,,,,,,,,,,,,,,
  , [ 95971677751 ],,,,,,,, [ 1925195000347 ],,,, [ 5362232177, 6208541767 ],,,, 
  [ 1300821673, 11654623021 ],, [ 9305867858113 ],,,, [ 17931927697 ],,,,,,,,,,,,,,,,,,,,,,,
  , [ 24520555490209 ],,,,,,,, [ 4003932577 ],, [ 5141226721 ],,,,,,,,,,,,,,,,,,,,,,,,,,,,,,,
  , [ 7968587093 ],,,, [ 1233030901 ],,,,,,,,,,,, [ 9334644208033 ],, [ 23079993949 ],,,,,,,,
  ,, [ 4455981487 ],,,,,,,,,,,,,,,,,,,,,,,,,, [ 6163043521 ],,,,,, [ 109839123323 ],,,,,, 
  [ 1128473657 ],,,,,,,,,,,,,,,, [ 14250462841 ],,,, [ 5111193121 ],,,,,,,,,,,,,,,,,,,,,, 
  [ 728022922019, 214740940703791 ],,,,,,,,,,,,,,,,,,,,,,,,,,,,,,,,,,,,,,,,,, 
  [ 17554779617 ],,,, [ 330731157709 ],,,,,, [ 456997675663 ],,,,,, [ 2310061057 ],,,,,,,,,,,
  ,,, [ 3109926073 ],,,,,, [ 514207761989 ],,,,,, [ 4643725591 ],, [ 2660247117137 ],,,, 
  [ 19827518881 ],,,,,,,,,,,,,,,,,,,,,,,,,,,,,,,, [ 2062254049 ],,,, [ 1407939521 ],,,,,,,,,,
  ,,,,,,,, [ 1887298901 ],,,,,,,,,,,, [ 10938348287 ],,,,,, [ 1276589777 ],,,,,,,,,,,, 
  [ 4288697261 ],,,,,,,,,,,,,,,,,,,,,,,,,,,,,,,,,,,,,, [ 4089153829 ],, 
  [ 1568961481, 11819922421 ],,,,,,,,,,,,,, [ 2021287841, 5253261553 ],,,, [ 270138485293 ],,
  ,,,,,,,,,,,, [ 1575047813 ],,,,,,,,,, [ 212656799521 ],,,,,,,, [ 16927105021 ],,,,,,,,,,,,,
  , [ 51164307853 ],,,,,,,,,,,,,, [ 380504686129 ],, [ 2890227121 ],,,,,,,,,,,,,,,,,,,,,,,,,
  , [ 47314897967 ],,,,,,,,,,,,,,,,,,,, [ 17679794653 ],,,,,,,,,,,,,,,,,,,,,, 
  [ 17112664577 ],, [ 198395230591 ],,,,,,,,,,,, [ 7565912719 ],,,,,,,,,,,,,,,,,,,,,,,,,,,,,
  , [ 36413664769 ],,,,,,,,,,,,,,,,,,,, [ 1247651329 ],,,, [ 4272208597 ],,,, 
  [ 7146976261081 ],, [ 609529819279 ],,,,,, [ 2501092081 ],, [ 3857351231, 5295881011 ],, 
  [ 26317704001 ],,,,,,,,,,,,,,,,,,,,,,,,,,,,,,,,,,,,,, [ 2491647511 ],,,,,,,,,,,,,, 
  [ 3041344609 ],,,,,,,,,,,,,,,,,,,,,,,,,,,,,,,,,, [ 436198428667 ],,,,,,,,,,,,,,,,,,,,,,,, 
  [ 20491212487 ],,,,,,,, [ 274888423291 ],,,,,,,,,,,,,,,,,,,,,,,,,,,,,, [ 17850489521 ],,,,,
  ,,,,, [ 15703872821101 ],,,,,,,,,,,,,,,,,,,, [ 3571396511 ],,,,,,,,,,,,,,,, 
  [ 20959353559 ],, [ 5813009273 ],,,,,,,,,,,,,,,,,,,,,,,,,,,,,,,,,,,,,,,, [ 3422586721 ],, 
  [ 59400852491 ],,,,,,,,,,,,,,,,,,,,,,,,,,,,,,,,,,,,,,,,,,,,,,,,,,,,,,,,,,,,,,,,,,,,,,,,,,,
  , [ 24785667787 ],,,,,, [ 2560192597 ],,,,,,,,,,,,,,,,,,,,,,,,,,,, [ 71959499201 ],,,,,,,,,
  ,,,,, [ 42370856707 ],,,,,,,,,,,,,,,,,,,,,,,,,,,,,,,,,,,,,,,,,,,,,,,,,,,,,,,,,,,,,,,,,,,,,,
  ,,,,,,,,,,,,,,,,,,,,,,,,,,,,,,,,,,,,,, [ 1467387992893 ],,,,,,,,,,,,,,,,,,,,,,,,,,,,,,,,,,,
  , [ 6550913359, 107869064311 ],,,,,,,,,,,,,,,,,,,,,,,,,,,,,,,,,,,,,,,,,,,,,,,,,,,,,,,,,,,,,
  ,,,,,,, [ 176025625931 ],,,,,,,,,,,,,,,,,,,,,,,,,,,,,,,,,,,,,,,,,,,, [ 21781910921 ],, 
  [ 26815189417633 ],,,,,,,, [ 12972675721 ],,,,,,,,,,,,,,,,,,,,,,,,,,,,,,,,,,,,,,,,,,,,,,,,,
  ,,,,,,,,,,,,,,,,,,,,,,,,,,,,,,,,,,,,,,,,,,,,,,,,,,, [ 1527542941 ],,,,,,,,,,,,,,,,,,,,,,,,,
  ,,,,,,,,,,,,,,,,,,,,,,,,,,,,,,,,,,,,,,,,,,,,,,,,,,,,,,,,,,, [ 119055215329 ],,,,,,,,,,,,,,,
  ,,,,,,,,,,,,,,,,,,,,,,,,,,,,,,,,,,,,,,,,, [ 15307974361 ],,,,,,,,,,,,,,,, [ 16780881961 ],,
  ,,,,,,,,,,,,,,,,,,,,,,,,,,,,,,,,,, [ 4387906737217 ],,,,,, [ 1566885871, 11153072569 ],,,,,
  ,,,,,,,,,,,,,,,,,,,,,,,,, [ 30496954849 ],,,,,,,,,,,,,,,,,,,,,,,,,,,,,,,,,,,,,,,,,, 
  [ 6384579601 ],,,,,, [ 45763210657 ],,,,,,,,,,,,,,,,,,,,,,,,,,,,,,,,,,,,,,,,,,,,,,,,,,,,,,,
  ,,,,, [ 94322671297 ],,,,,,,,,,,,,, [ 8545780811 ],,,,,,,,,,,,,,,,,,,,,,,,,,,,,,,,,,,,,,,,,
  ,,,,, [ 17035163641 ],,,,,,,,,,,,,,,,,,,,,,,,,,,,,, [ 7750317919 ],,,,,,,,,,,,,, 
  [ 4954215641 ],,,, [ 1454022967633 ],,,,,,,,,,,,,,,,,,,,,,,,,,,,,,,,,,,,,,,,,,,,,,,,,,,,,, 
  [ 632276650339 ],,,,,,,,,,,,,,,,,,,,,,,, [ 5276797531 ],,,,,,,,,,,,,,,,,,,,,,,,,,,,,,,,,,,,
  ,, [ 7231927501 ],,,,,,,,,,,,,,,,,,,,,,,,,,,,,,,,,,,,,,,,,,,,,, [ 9210500989 ],,,,,,,,,,,,,
  ,,,,,,,,,,,,,,,,,,,,,,, [ 1579326157 ],,,,,,,,,,,,,,,,,,,,,,,,,,,,,,,,,,,,,,,,,,,,,,,,,,,,,
  , [ 16774079821 ],,,,,,,,,,,,,,,,,,,,,,,,,,,,,,,,,,,,,,,,,,,,,,,,,,,,,,,,,,,, 
  [ 3833340673 ],,,,,,,,,,,,,,,,,, [ 3392178721 ],,,,,,,,,,,,,,,,,,,,,,,,,,,,,, 
  [ 336366778177 ],,,,,,,,,,,,,,,,,,,,,,,,,,,,,,,,,,,, [ 203596662361 ],,,,,,,,,,,,,,,,,,,,,,
  ,,,,,,,,,,,,,,,,,,,,,,,,,,,,,,,,,,,,,,,,,,,,,,,,,,,,,,,,,,,,,, [ 79570714609 ],,,,,,,,,,,,,
  ,,,,,,,,,,,,,,,,,,,,,,,,,,,,,,,,,,,,,,,,,,,,,,,,,,,,,,,,,,,,,,,,,,,,,,,,,,,,,,,,,,,,,,,,,,,
  ,,,,,,,,,,,,,,,,,,,,,,,,,,,,,,,,,,,,,,,,,,,,,,,,,,,,,,,,,,,,,,,,,,,,,,,,,,,,,,,,,,,,,,,,,,,
  ,,,,,,,,,,,,,,,,,,,,,,,,,,,,,,,,,,,,,,,,,,,,,,,,,,, [ 5797376461 ],,,,,,,,,,,,,,,,,,,,,,,,,
  ,,,,,,,,,,,,,,,,,,,,,,,,,,,,,,,,,,,,,,,,,,,,,,,,,,,,,,,,,,,,,,,,, [ 11342890441 ],,,,,,,,,,
  ,,,,,,,,,,,,,,,,,,,,,,,,,,,,,,,,,,,,,,,,,,,,,,,,,,,,,,,,,,,,,,,,,,,,,,,,,, [ 422519383189 ]
   ,,,,,,,,,,,,,,,,,,,,,,,,,,,,,,,,,,,, [ 1137198001, 4378434001 ],,,,,,,,,,,,,,,,,,,,,,,,,,,
  ,,,,,,,,,,,,,,,,,,,,,,,,,,,,,,,,,,,,,,,,,,,,,,,,,,,,,,,,,,,,,,,,,,,,,,,,,,,,,,,,,,,,,,,,,,,
  ,,,,,,,,,,,,,,,,,,,,,,,,,,,,,,,,,,,,,,,,,,,,,,,,,,,,,,,,,,,,,,,,,,,,,,,,,,,,,,,,,,,,,,,,,,,
  ,,,,,,,,,,,,,,,,,,,,,,,,,,,,,,,,,,,,,,,,,,,,,,,,,,,,,,,,,,,,,,,,,,,,,,,,,,,,,,,,,,,,,,,,,,
  , [ 2227291428601 ],,,,,,,,,,,,,,,,,,,,,,,,,,,,,,,,,,,,,,,,,,,,,,,,,,,,,,,,,,,, 
  [ 4419513121 ],,,,,,,,,,,,,,,,,,,,,,,,,,,,,,,,,,,,,,,,,,,,,,,,,,,,,,,,,,,,,,,,,, 
  [ 9012085867 ],,,,,,,,,,,,,,,,,,,,,,,,,,,,,,,,,,,,,,,,,,,,,,,,,,,,,,,,,,,,,,,,,,,,,,,,,,,,,
  ,,,,,,,,,,,,,,,,,,,,,,,,,,,,,,,,,,,,,,,,,,,,,,,,,,,,,,,,,,,,,,,,,,,,,,,,,,,,,,,,,,,,,,,,,,,
  ,,,,,,,,,,,,,,,,,,,,,,,,,,,,,,,,,,,, [ 12478674391 ],,,,,,,,,,,,,,,,,,,,,,,,,,,,,,,,,,,,,,,
  ,,,,,,,,,,,,,,,,,,,,,,,,,,,,,,,,,,,,,,,,,,,,,,,,,,,,,,,,,,,,,,,,,,,,,,,,,,,,,,,,,,,,,,,,,,,
  ,,,,,,,,,,,,,,,,,,,,,,,,,,,,,,,,,,,,,,,,,,,,,,,,,,,,,,,,,,,,,,,,,,,,,,,,,,,,,,,,,,,,,,,,,,,
  ,,,,,,,,,,,,,,,,,,,,,,,,,,,,,,,,,,,,,,,,,,,,,,,,,,,,,,,,,,,,,,,,,,,,,,,,,,,,,,,,,,,,,,,,,,,
  ,,,,,,,,,,,,,,,,,,,,,,,,,,,,,,,,,,,,,,,,,,,,,,,,,,,,,,,,,,,,,,,,,,,,,,,,,,,,,,,,,,,,,,,,,,,
  ,,,,,,,,,,,,,,,,,,,,,,,,,,,,,,,,,,,,,,,,,,,,,,,,,,,,,,,,,,,,,,,,,,,,,,,,,,,,,,,,,,,,,,,,,,,
  ,,,,,,,,,,,,,,,,,,,,,,,,,,,,,,,,,,,,,,,,,,,,,,,,,,,,,,,,,,,,,,,,,,,,,,,,,,,,,,,,,,,,,,,,,,,
  ,,,,,,,,,,,,,,,,,,,,,,,,,,,,,,,,,,,,,,,,,,,,, [ 234930870241 ],,,,,,,,,,,,,,,,,,,,,,,,,,,,,
  ,,,,,,,,,,,,,,,,,,,,,,,,,,,,,,,,,,,,,,,,,,,,,,,,,,,,,,,,,,,,,,,,,,,,,,,,,,,,,,,,,,,,,,,,,,,
  ,,,,,,,,,,,,,,,,,,,,,,,,,,,,,,,,,,,,,,,,,,,,,,,,,,,,,,,,,,,,,,,,,,,,,,,,,,,,,,,,,,,,,,,,,,,
  ,,,,,,,,,,,,,,,,,,,,,,,,,,,,,,,,,,,,,,,,,,,,,,,,,,,,,,,,,,,,,,,,,,,,,,,,,,,,,,,,,,,,,,,,,,,
  ,,,,,,,,,,,,,,,,,,,,,,,,,,,,,,,,,,,,,,,,,,,,,,,,,,,,,,,,,,,,,,,,,,,,,,,,,,,,,,,,,,,,,,,,,,,
  ,,,,,,,,,,,,,,,,,,,,,,,,,,,,,,,,,,,,,,,,,,,,,,,,,,,,,,,,,,,,,,,,,,,,,,,,,,,,,,,,,,,,,,,,,,,
  ,,,,,,,,,,,,,,,,,,,,,,,,,,,,,,,,,,,,,,,,,,,,,,,,,,,,,,,,,,,,,,,,,,,,,,,,,,,,,,,,,,,,,,,,,,,
  ,,,,,,,,,,,,,,,,,,,,,,,,,,,,,,,,,,,,,,,,,,,,,,,,,,,,,,,,,,,,,,,,,,,,,,,,,,,,,,,,,,,,,,,,,,,
  ,,,,,,,,,,,,,,,,,,,,,,,,,,,,,,,,,,,,,,,,,,,,,,,,,,,,,,,,,,,,,,,,,,,,,,,,,,,,,,,,,,,,,,,,,,,
  ,,,,,,,,,,,,,,,,,,,,,,,,,,,,,,,,,,,,,,,,,,,,,,,,,,,,,,,,,,,,,,,,,,,,,,,,,,,,,,,,,,,,,,,,,,,
  ,,,,,,,,,,,,,,,,,,,,,,,,,,,,,,,,,,,,,,,,,,,,,,,,,,,,,,,,,,,,,,,,,,,,,,,,,,,,,,,,,, 
  [ 140789703601 ] ]);
