BRENTFACTORS[3173]:=MakeImmutable([ ,,,,,,,,,,,,,,, [ 72346475857 ], [ 1082203870469 ],,,, 
  [ 147688814217136459 ],, [ 1181565758106056062332763 ],, 
  [ 180080897225851, 346697334227423401 ], [ 3015101452481 ],,, 
  [ 2836238842427, 2004826057823022034245161062337840381 ],, 
  [ 36975073549, 57118819547, 533725161376751517167, 166808253211422593128121219567 ], 
  [ 4312582913, 1028073809761 ],, [ 598667153096431686167321 ], [ 2313493211 ], 
  [ 38542103101 ], [ 745239478403697033614893916937299, 70476944777776152353983895957996947 ]
    , [ 17573341111, 1891945049143 ], [ 1304848407408001, 687439095973979623 ], 
  [ 266395912441, 29437681259900281 ], 
  [ 5630007917111792531, 107823529502790572097007, 428235877725553222882894410574929653 ], 
  [ 22435015209930331 ], [ 1304312809, 7151464247, 240686432509253, 65944749187645154741 ], 
  [ 13407165781753056413 ], [ 7524742601251 ], [ 143812478831584864668742973692244299 ], 
  [ 13266356474210172354601 ], [ 1296962830129 ], [ 32245132936464001936316795351 ], 
  [ 584355340501, 2914719497467901401 ], [ 252880505498053719302368874267761 ],, 
  [ 33093370488091957, 7882589293047101827, 63611709125677968007, 2734792827323571673368223, 
      4721521704859407397789921691823985682831736977947 ], [ 144284379379204289671 ], 
  [ 49725589895004537823791070931, 785058929282579596868373255528523796283285406061 ],, 
  [ 4484172648647971154633090126464093 ], [ 3084449629, 27259020167257 ], 
  [ 83761477069, 477959059001 ],,, [ 6149943557, 4847428071757, 1919589432855731275237 ], 
  [ 251899931459107, 18010914848935619281459363, 65698385287200099791224024778545777987 ], 
  [ 5318604353, 8151561153217, 70300357475009 ],,, [ 51137221237, 428349766881571 ], 
  [ 8999736446098083630150281, 15149532856376629364588619669432660774101 ], 
  [ 1308645011647 ], [ 95018916289684533587422729050997261 ], 
  [ 5125926083, 8035715789885207, 95771573865373193 ], [ 47670824017 ], 
  [ 59732588964474530119 ], [ 85366861861334109510607028728507354281944123 ], 
  [ 279162951393301, 17963589957911873687977313251 ], 
  [ 6760597633, 1984775547329, 537070709905143268686121 ], [ 6478165777403008256652805183 ], 
  [ 18466534788411195706916749 ], [ 250419279701, 94051967549810513, 2434629798802969428289 ]
    , [ 33789392641 ],, 
  [ 25179158293, 1805979139182405336962190629225891315383488202935505547296573 ],,,, 
  [ 1036665587, 8630176708819, 844858361846455673927891547019, 
      479818483233996992841488534914633704277091 ],, [ 2282615736809 ],, 
  [ 275933303281, 412237420732236601, 46776320235013596391 ],, 
  [ 10437732397, 230054690080809661, 821486889770353049 ], [ 15553122945319339 ],,, 
  [ 1121405481489544994086012337953 ], [ 273621640176683 ],, [ 4030162475204667999917017 ], 
  [ 923530751090627613380219058001 ],, [ 25664371273300549 ], 
  [ 29643296383, 114733468626391 ],,, [ 473160271147507 ],, 
  [ 1811638397094969488869, 8744896081410653221199834977 ], 
  [ 15829395727, 538902935734747, 1905799512826856419313 ], 
  [ 79107026869861, 3654596277799067816051 ],, [ 99460832353 ],, 
  [ 1312120979891533855695907 ], [ 155628393828571 ],,, 
  [ 63129035132291, 920479255878930207517, 16125318957144059873459 ],, 
  [ 14631795272332465842361 ], [ 603170032301, 738344437643737 ],, 
  [ 2508223399771845584611 ], [ 46827296590741 ], [ 571336076988751 ],, [ 1981743053 ], 
  [ 277837490877442817, 7445217079773379969 ],,,,,,, [ 846338509171 ], 
  [ 1219697777, 8853250006177, 7609380075055700033 ],, [ 5469295213 ],, 
  [ 47636051821, 2929144008131411561, 35056619451460319861 ],, 
  [ 14482072067, 8898963483897866315827081, 277084738730279130840692957 ], [ 1220949731 ], 
  [ 9539095681, 380752349547313, 3407809657552444249602337 ], 
  [ 19368625271, 31697094929351681 ], 
  [ 3123230991085059858361, 10809720866175116268493947449 ],,,, 
  [ 35459384070734251, 2817867779569990776040501, 19870893641973330850907506422751 ],,, 
  [ 1590373564993 ],, [ 85344662531, 2646839517028654897381 ], [ 107548232741801065033 ], 
  [ 6262810699 ], [ 25954393202391311311 ], 
  [ 1936064773, 25306479241035855087859, 83593810769205068895425563 ], 
  [ 755769428321, 61336234300961 ], [ 78666293448770707 ], 
  [ 341902228743363255835057327, 1176623025140086095802158362773 ], [ 120273813449798969 ], 
  [ 65968304641, 114668141853077, 79925086127960626321, 32404396351937376434621 ], 
  [ 2211677161, 60041722221031 ],,,,,, [ 1342021123087543 ], 
  [ 228666882469, 6491703995921869, 16905211199682488926189 ],,, 
  [ 2076886001, 1583515228879828301, 145372574693547243807101 ], 
  [ 518389023857, 61462087471935791622433 ],, [ 3476105930849017993 ],, 
  [ 5972889103614536221, 228329764175817472248541 ],,, [ 6582367993 ],, 
  [ 15215068591, 272903176981 ], [ 28398849555035148226483, 31729943811817159352928712030927 
     ], [ 3775637052697016827 ], [ 13301739583541, 89911268969636827151148257 ], 
  [ 342126126135487, 39019833583695343 ], [ 22209517971071225671 ],,, 
  [ 6290252090207, 40714141721899, 195983560353649 ], 
  [ 2710787609, 77688369733596434963, 155451542642955993991 ], [ 109200898170596739777661 ], 
  [ 166333429594753 ], [ 1062379237 ],, [ 186361157771, 286419438062993 ], 
  [ 168896112756357001 ], [ 37434106939, 2701023847259158739581 ],,,, [ 18769413371 ],,, 
  [ 276375663239892513996527713 ],, [ 471719582542531 ], 
  [ 442586798294731, 15145802992314977 ],, [ 897025997361656683 ], 
  [ 778947127399669, 85663860229347538147 ], [ 39447459971 ], [ 215514574993 ], 
  [ 77544989948399, 267653795209786357 ],,, [ 2103494824375781 ], [ 11840435218067 ], 
  [ 5607250282275560131 ],, [ 336823033494734182817, 29086098396529522338491873 ],,, 
  [ 1697123279 ], [ 172654208762546618510713 ], [ 214642878031877 ],,, 
  [ 13480054921, 464422586609 ], [ 908773891757, 423692483887145989 ], [ 618850464931063 ], 
  [ 2588983412621 ], [ 4109589101041 ],, [ 1309723691599 ], 
  [ 2576312929, 601906440133, 2766923293031182141 ],, [ 65173117153 ], [ 316035772626761287 ]
   ,, [ 1523675329206443209 ], [ 187808069412391 ], [ 29391692758614643 ],, 
  [ 348957846712533743963617, 910900895563218638906281 ],, [ 606247272167004831518098501 ], 
  [ 78637207426406659, 182373353305025261 ],, [ 79735442557013 ], 
  [ 3975419738503, 1756654868332634879767 ], [ 78778976975387191171 ],, 
  [ 3981740814844195723 ],, [ 1133673502354204169 ], [ 188669769398415407701 ], 
  [ 1355952421, 15039762211 ],,,,, [ 13749740380993 ],, [ 353147948301073 ],, 
  [ 89678978551 ], [ 2636236511, 7051403741, 4841443967942297 ], [ 5283205103278265425601 ],
  , [ 750315865943992109381 ], [ 5449232801, 81162565052801 ], 
  [ 87095017333, 19413077301400729 ], [ 88596504907 ],,,, [ 165981467083121 ],, 
  [ 77005531051 ], [ 1962379562539609069, 645910561120956013709669 ], [ 11840647051 ], 
  [ 4830519254419, 25623959965319 ], [ 16667357393 ],,,, [ 11221206769 ], 
  [ 1318794093062977 ],, [ 4898423289271, 973982787219331, 154616559377649708843346291 ],, 
  [ 267544200390739123513 ], [ 1291023361, 41210735743 ], [ 510305587964522897 ], 
  [ 11937051751, 14872589337737 ],, [ 528972644528457221, 2077096546252864067 ], 
  [ 12677503679, 315711152467691423 ],,,,,, [ 7116649849, 43510231997, 627921739369 ], 
  [ 782382001693, 175196896304788159 ],, [ 18201233327 ], 
  [ 27898769659801, 15721138816708631500273 ],,, [ 39997625221, 11089734706657987377696091 ],
  [ 149871977268649 ],, [ 100786648820462889957506971 ], [ 19641830302337 ],,, 
  [ 6554548603 ], [ 220871759209 ],,,,, [ 4291767920726634857, 3847141013599236032041 ], 
  [ 17219232599633 ], [ 1397526241 ], [ 9232056049, 637395062041 ],,,,, 
  [ 16217277553, 36522605281 ],, [ 7072741533307477, 22983554362444573 ], [ 16072613761 ], 
  [ 289870131618850001202635321 ],, [ 250521575199873751 ], [ 1196994541 ], 
  [ 2026744457, 2816316479659129, 4140955510927057 ], [ 3204162308358751 ],, 
  [ 3738545383, 4211607707 ], [ 1312038649, 8862903334911193, 4194782583572069226511958809 ],
  [ 57890453177 ], [ 60280271990051 ],,,,,, 
  [ 553565529313, 467468048322529, 8763903907641335329 ], 
  [ 71338431067, 237016439773, 1077966832153, 16629729397849, 27569150999705827 ], 
  [ 1724893264587020303 ],,, [ 3471408491 ],,, [ 127724886017 ],,,, [ 52539265733489 ],, 
  [ 117173052529835441 ],, [ 22157031178069 ], [ 41699561394973 ], [ 239767447943 ],,, 
  [ 9819020187393821 ],, [ 20079438193 ], [ 5942852681, 15775230660305247881 ],, 
  [ 10598900567, 4302558663269, 1011129457914677791 ], [ 157240247531888627 ],, 
  [ 10428972401, 23054562301 ],,, [ 24441937393, 6067232276533 ], [ 1028068505293 ],,,,, 
  [ 4837652959, 26125256653, 81918933157, 83328849194578849 ],, [ 27206047041732396289 ], 
  [ 812782492409, 348175634389277 ], 
  [ 1102756511, 38912683279, 118567681307, 16362212942750291 ], [ 204983899093 ],,, 
  [ 246141756413480869009 ], [ 1071828808103, 4764990590616413 ], [ 308280763993 ], 
  [ 396359442889500331 ], [ 119405620993155478577 ], [ 1204318816031 ], 
  [ 248373431231838457 ],,, [ 12242939883901 ], 
  [ 293430280217, 489551536947953, 3849195303717497, 288002131810222177 ], [ 22378875821 ], 
  [ 20780956634095817011 ],,, [ 277016305897, 426468721423, 212113580588629 ], 
  [ 178352313569, 381914038602630161 ], [ 84723565715443 ], [ 544867787521 ], 
  [ 14167942471, 11374216187549, 354140282704977037 ],,, [ 570241731097721 ], 
  [ 7429043605001 ], [ 27632794591, 431103453613561 ],,,, [ 3081667486244231 ], 
  [ 3163250369 ], [ 52941697201 ], [ 479595193219 ],,,, [ 2863833179 ], [ 1897025743 ], 
  [ 24657410602871 ],,,,,, [ 2449564211711, 66587059931191 ],,, 
  [ 1721499012809857, 39552737789851777 ], [ 1250373229789 ],,, 
  [ 257650628329, 156499590707634329, 2513188664977801757 ],,, [ 1068400061 ],,, 
  [ 488802989231 ], [ 2366055214093 ],,, 
  [ 3194802997, 65791251512282822989, 82529594332711453621 ],, [ 42494712913, 815701658833 ],
  [ 1319411461, 5528672371 ], [ 365535177433, 15480123161327557 ],,, 
  [ 1377381713, 66363636011, 5101433794703, 3983845469943739 ],,,,,,, [ 2430274169 ], 
  [ 2148092227, 8089149169, 526898685406537 ], 
  [ 1492527277, 3528818749, 6480114415635953032019 ],,,, [ 14517555139 ], [ 4444626859 ], 
  [ 465906202624501 ],,, [ 1551923984063 ],,,, [ 1164338743 ], 
  [ 175423269384777410257, 271196297303246899813 ],, [ 13625316823 ], [ 3237768416521 ],,,, 
  [ 296967759823811, 439015724518901 ], [ 2427046001 ],, 
  [ 7169718617, 9138463723, 16056339522006073877, 513006967149181519361 ],, [ 225728780257 ],
  , [ 78103676599239149, 921271601072705387033 ], [ 34351109677 ], [ 42771140773 ], 
  [ 2533518997 ], [ 52835005501, 407574675606037458481 ], [ 2877001769951 ], 
  [ 140097240565802497 ],,,,,, [ 589604528247829571 ], [ 1275442501, 2202701515447 ], 
  [ 81281456881 ],, [ 845733903089473 ], [ 1285815961853 ], [ 3452083181 ], [ 796077495151 ],
  [ 123838925368859759 ],, [ 2968216999780033 ], [ 16110741553 ],, 
  [ 255349235143, 1084507863391 ], [ 1181930542997, 121144828764079597 ],, 
  [ 31240524990292711 ], [ 11028637661 ],, [ 3383390714617 ],, [ 1303518679 ],,,, 
  [ 943961646333913 ], [ 288950656459726753 ],, [ 133901103883, 28796576594059 ],, 
  [ 13861517521 ], [ 1493917939, 180843808357 ],, [ 2282589131 ], [ 846704019453619057 ],,, 
  [ 49868134171, 600473957024611 ], [ 112424606681 ],, [ 8717336587, 6328060710819229 ],, 
  [ 1168198081 ],, [ 1588929125489, 7811968596612827, 915520705446667549 ],, 
  [ 4632157514247793 ],, [ 99717377393 ],,,,,,,,,, [ 4403027521, 410266336696129 ],,,, 
  [ 70405283021 ],, [ 14283420139, 755909088013, 28540595313994249 ], [ 111897983737 ],, 
  [ 8453739061, 22903330321 ],,, [ 20272992919033, 2891452323838795669 ],,,, 
  [ 112412094908177 ],, [ 15224249701, 107669606546920771, 352380927256896781 ],,,, 
  [ 28561520521 ],, [ 10690683001, 1704242073939001 ],,,,, [ 13403119181 ],,,, 
  [ 94477189423 ],,, [ 46478682109, 718735457917 ],,,,,,,,,, [ 543643334167 ],, 
  [ 649583819041, 978636119482321 ], [ 12597701251 ], [ 22998451867 ], 
  [ 917739221587, 1385914726879 ],,, [ 151033260421 ],,,,,, [ 11793050989 ],,,,,,,,, 
  [ 2323695061 ],,, [ 139839277970017 ],,,,,,, [ 5491871081 ],,, [ 8904052711 ],,,,,,,, 
  [ 10795542319, 605110463821 ],,,, [ 59626704271 ],, 
  [ 21644622049, 495764145286369, 12062537067118273 ],, [ 1890454747 ], [ 65586424951 ],,,,,,
  ,,, [ 401841250239437497 ], [ 4455514001 ], [ 4735912133 ],, [ 4381607809 ],,,,,, 
  [ 29006468417 ],, [ 243662186791249 ],, [ 53401380649, 431334369992137 ],,,, 
  [ 70637560813 ],, [ 2534583380737 ], [ 21054650882952994201 ], [ 248611057536251 ],,,, 
  [ 8093773511, 66839915061691 ],, [ 58125894891401 ],, [ 32072087474281 ],,, 
  [ 1053323191, 159789957493 ],,, [ 43350251556961, 113913855802061281 ],, 
  [ 6429655481, 3415448171749 ],, [ 2812616921, 3198102757, 285364181555513 ],,,, 
  [ 5976699457 ],,,,, [ 1332149803 ], [ 42523931809, 57842498187163 ],,,, [ 21628547028973 ],
  [ 45360115601 ],, [ 2098371211, 16495079407 ], [ 13562583899381371 ],,,, 
  [ 8607784411, 7106493336589 ],,,,,,,,, [ 6054426743851 ], 
  [ 44455610809, 22943476390872241 ],,,,,,,, [ 1765579553 ],,,, [ 985668105217 ],, 
  [ 1721535971 ],,, [ 141101082449 ], [ 148209952699 ],,,, [ 4006477493 ], [ 2683634747 ], 
  [ 24849459961, 84516513901, 783510812761, 20311496857081, 66489973681935134199961 ],, 
  [ 1611337589, 2552971159, 10439133833 ],, [ 61350136109921 ],, [ 44375271169 ],,,, 
  [ 1776376621 ], [ 3359655433 ], [ 2502547124617 ],, [ 1858479277, 3376554079 ], 
  [ 5212698631081 ],,,,,,,,,,, [ 78268509593, 15293812708447391 ],,,,, [ 3650040127 ],,, 
  [ 7211367637 ],, [ 75537606337, 352272876913 ],,,,, [ 5280479887, 5765096483 ],,,,,, 
  [ 136922436941 ],,,, [ 1029447787 ],,,,,, [ 1615768237 ], [ 172058361039553 ], 
  [ 719714468563 ], [ 9631551156361 ],, [ 4177788449 ],,,, [ 7155815621401 ],,,, 
  [ 491428321351601 ],, [ 3235074091789 ],,,,,,, [ 31387679611 ], 
  [ 1991721301, 936227785601, 2390745390001, 2670505614890521 ],, [ 1393286128193 ],,,,,,,,, 
  [ 3886382839 ], [ 5173706801, 93893834753, 515744569169 ],,,,,,,, [ 260122402321 ],,,, 
  [ 374489462777 ],, [ 24328195371283 ],,,,,, [ 2506748104756333 ],,, [ 3181653401 ],,,,,,,,,
  ,,,, [ 6424049403090149 ], [ 1945912663 ], [ 1085857925881 ],, [ 319215753889 ],, 
  [ 8728067379683540563 ], [ 2640281911, 5957409753781 ], [ 4396772521, 39821288153 ],,,,,,,,
  ,, [ 74609707189, 1555029864893353 ], [ 1102136257, 20410977079 ],,, [ 4680928309711 ],, 
  [ 88721123017 ],,,, [ 198919090911529 ],, [ 8212734041, 108851777399 ],, 
  [ 8268616587464281 ],, [ 138663586677907 ],,, [ 5298769981 ],,, [ 9235373927761 ],,,, 
  [ 783121781177 ], [ 47014167931 ], [ 5213194057, 257073296257 ],, [ 3119167013 ],,,, 
  [ 4609411201 ],,,,,,,,,,, [ 1395241553 ],, [ 96029536387 ], [ 44157540877033 ], 
  [ 420419192701 ],, [ 5472548261 ], [ 1109561539 ],,, [ 1764304445881 ],,, [ 2394828697 ],,,
  , [ 7253218978334213 ],, [ 3340986661, 16519750831, 102241108531 ], 
  [ 17925535031, 19067638747 ],,,,, [ 237738123560437 ],,,,, [ 1814508697 ],,,,,,,,,, 
  [ 119439206371 ],,, [ 4357982383 ],,, [ 19365307201 ], [ 11669727967 ],,,,,,,,,,,,,, 
  [ 1724029273, 321871496521 ],,, [ 1375905604861 ], [ 223997507161 ],, [ 46020955879 ],,,, 
  [ 10021569419 ],, [ 37819535797 ],,, [ 14200701811 ],,,, [ 207409996483 ], 
  [ 298527902041 ], [ 6218977987, 69339098089 ],,,,, [ 15419428483 ],,,,, [ 2838105827 ], 
  [ 2875199321, 20416223521 ],,,,,,,,, [ 1089904043 ], [ 54448996155457 ],,,, 
  [ 19861557101 ],,,,,, [ 12723176833 ],,, [ 3853810669 ],,,,,,,, [ 6575135551 ],,,,,,,,, 
  [ 4216930033 ], [ 8519649451 ],, [ 4506955669 ],, [ 99258119459 ], [ 25791149514631 ],,,,,,
  ,,, [ 12138309979 ],,, [ 15904501471, 1159520754877, 12820643326261 ],,,, 
  [ 2070725491957 ], [ 467998448261 ], [ 488719106233, 599622338137 ],,,,,, 
  [ 1059112590729481 ], [ 516192747221 ],, [ 7470883627 ],,,,, [ 3753428531 ],,,,,,,, 
  [ 3447281401 ],,,,,,,,, [ 1373266649 ],,,,,,,,,,, [ 61919177581 ], [ 1688158099 ],,,,, 
  [ 1164138820489 ], [ 20793442253 ],,,,,,,,,, [ 223225871569 ],,,,,,,,,,, [ 1577073557 ], 
  [ 121977003721 ], [ 1883756654824801 ],,,,,,,,,,,,,, [ 8576611357 ],,,,, [ 2633929871 ],,, 
  [ 12690751061 ],,, [ 9839604251 ],,, [ 3377890301 ],,,,, [ 40012830199 ],,,,,,,,,,,,,,,,,,,
  ,,,, [ 2635784297513 ],,,,,,,,, [ 1010026601 ],,,,,,,,,,,,,, [ 61028088689 ],,, 
  [ 3819062617, 115076235229 ],, [ 26855179717 ],,, [ 22976255017 ],,,,, 
  [ 8057764721, 4489748619253 ],,,,,,,, [ 8776635578101 ],, [ 95563378054957 ],,, 
  [ 594907309351 ],,,,,,,,,,,,,,,,,,,,,,,,,,, [ 395335026577 ],,,,,,,,,,,,,,, [ 2026868617 ],
  ,,,,,, [ 3383138251 ],,, [ 4178333273 ],, [ 1387223713 ], [ 5337445121 ],,,,,,,,,,,,,,,,,,,
  ,,,, [ 73965758131 ],,, [ 42195427337449 ],, [ 359642360653 ], [ 328464830641 ],,,, 
  [ 38237816569 ],,,,,,,,,,,,,, [ 534628350943 ],,,,,,,,,,,,, [ 3620226101 ],,,,,,, 
  [ 1582086361 ], [ 57457827673 ],,,,, [ 13516783316977573 ],,,,, [ 2152034587, 33626387569 ]
   ,,,,,,,,, [ 46603743157 ],, [ 19063869931, 2431562312467 ],,, [ 7051129801 ],,, 
  [ 232663579201 ],,,, [ 9452408711 ],,,,,,,,,,, [ 3511890271, 3822593834431 ],,,,,,,,,,,,,, 
  [ 1792364813 ],,, [ 14106226243, 42616283933 ],,,, [ 4670107219 ],,, [ 7974187651 ],, 
  [ 37284803513 ],,,,,,,,,,,,,,, [ 4351782749 ],,,, [ 303520357051 ],,, [ 1589136517 ], 
  [ 7445008745021, 26266833359341 ],,,,,,, [ 3391112299 ],,,,,,,,,,,,,,,,,,, [ 140377015951 ]
   ,,,,,, [ 1199980783 ],, [ 2785498073 ], [ 752437141891 ], [ 15086350893461 ],,, 
  [ 109749261435731 ],,, [ 1320209507 ], [ 1088262583 ],,,,, [ 509716527323 ],,,, 
  [ 1269314587 ],,,,,,, [ 95091323059, 241106257291 ],,,,,,,, [ 42405335597 ],,, 
  [ 178034941393 ],,,, [ 30288639313 ],,,,,, [ 1916072107 ],,,,,,,,,,,,,,, [ 2317710457 ],,,,
  ,, [ 24789837781, 44751174841 ],,,,,,,,,,,,,,,,,,,,,, [ 14196122819 ],,,,,,,,,,,,,,,,,, 
  [ 1182940901, 238335042821 ],,, [ 1046003719 ],,,,,,,,,,,,,,,,,,,,,,,,, [ 70697337593 ],,,,
  ,, [ 21826747867 ],, [ 382314782593 ],,,,,,, [ 2063811112039 ], [ 14771045617 ],,,,, 
  [ 1826627053, 4772047537 ],,,, [ 5944829461, 52443375091 ], [ 1042741039 ],,,,,,, 
  [ 1638388559 ],,,,,,,,,, [ 2896897741 ],, [ 36974177650058707 ], [ 1590635002417 ], 
  [ 6718131671 ],,,, [ 67183308701 ], [ 74720190121 ],,, [ 4418895433 ],,,,,,,,, 
  [ 227624421481 ], [ 42768456383 ],,,,,,,,, [ 5822721059 ], [ 70103907319 ],,,,, 
  [ 547116714041 ],,,,,,,,,,,, [ 3729388361 ],, [ 3710827891 ],,,, [ 6101542163 ],,,,, 
  [ 1278039691 ], [ 1993734401 ],,, [ 1818719131 ],,,,, [ 5366635201 ],,, [ 387187081273 ], 
  [ 1255629101, 2699154328729 ],,,, [ 2764171649 ],,, [ 2708767031 ], [ 4291131289 ],,,,,,,,,
  ,,,,,,, [ 63730562089 ],, [ 4111362181 ],,,,,, [ 1252427401 ], [ 3241213823 ],,,,, 
  [ 1358373691 ],,,,,,, [ 1551225947 ],,,,, [ 1081656973 ],,,, [ 7920979151 ],,,,,,,,,,,,,,,,
  ,,,, [ 30602687959 ],, [ 126198530641 ],,,,, [ 7260454501 ],, [ 4269148801 ],,,,,,,,,, 
  [ 13720898563 ],,,,,,, [ 2466445409, 4581955057 ],,,,, [ 29247682097 ],,,,,, 
  [ 4172842001891 ],,,,,,,,,,,,,,,,,, [ 602433448787 ],,,,, 
  [ 1692091057, 2878945513, 17748979201 ], [ 8453446667 ], [ 22810062161 ], [ 8586502633 ],,
  , [ 8803176553 ],,,,,,,,,, [ 15217247869 ],, [ 375039181789 ],,,,,,, [ 11708698249 ],,,,,,
  , [ 1098442451 ],,,,,,,,,,,, [ 1966809953 ],,,,,,, [ 98846414083 ],,, [ 37038307777 ],,,,,,
  ,,,,,,,,,,,,,,, [ 1841645389 ],,,,,,, [ 2547323021 ],,,,,,,,,,,,,, [ 520231902499 ], 
  [ 2192830531 ],,,,,,, [ 21536387947 ],,, [ 11531301011 ],,,,,,,,,,,,,,, 
  [ 59671261921, 477066076441 ],,,,, [ 71318757439231 ],,, [ 2412884497 ],,,,,,, 
  [ 3703816901 ],,,,,,, [ 3287022043 ],,,,,,,,,,,,,,, [ 13678030603 ], [ 1929595639 ],, 
  [ 97266590401 ],,,,,,,,,,,,,,,,,, [ 14269370539 ],,,,,,,,,,,,,,,,,,,,, [ 19439668357 ],,,,,
  ,,,,,,,,,,,,,, [ 284079316379 ],,,,,,, [ 946646384231 ], [ 6789916153 ], [ 46563499181 ],,,
  ,, [ 3562368877 ],,,,, [ 22663214393 ], [ 17548605559 ],,, [ 19181851515223 ],,,,,,,,,,,, 
  [ 15848157487 ],,,,,,,,, [ 182685164581 ],,,,,,,,, [ 36232811143 ], [ 1039385621 ],, 
  [ 78144035527 ], [ 1120852021 ],,,,,,,,,,,,,,,,,,,,,,,,,,,,,,,,,,,,,,, [ 35655467009 ],,,,
  , [ 19014120469 ],,,,,,, [ 37460241755179 ],,,,, [ 79625007151 ],,,,,,,,,,,,,,,,,,,,, 
  [ 66344520793 ],,,,,,,,,,, [ 2461151617 ],, [ 498354226091 ],,,,,,,, [ 48443323969 ], 
  [ 328185500527 ],, [ 647442033649 ],,,,,,,,,,,,,,, [ 2995936399 ], 
  [ 1414437289, 18402313381 ],,, [ 2032991101 ],,, [ 1240460971 ],,,,,,,, [ 5037767557 ],,,,,
  , [ 263399623873 ],,,, [ 1131332353 ],, [ 5736188701 ],,,,,,,,,,,,,,,,,,,, [ 21094774291 ],
  , [ 318946784521 ],,,, [ 4154382241 ],,,,,,,,,,,,,,,,,,,,,,,, [ 9200717569 ],, 
  [ 2083254611 ],,,,,,,,,,,,,,,,,,,,,,,,, [ 2675125091 ],,,, [ 4959150409 ],,,,,,,,,,,, 
  [ 1396261171 ], [ 46137798089, 5581611126857 ],, [ 29768774611 ],,,,,,,,, [ 1287907627 ], 
  [ 5202644833 ],,,,,,,,,,,,,,,,,,,,,,,,,,,,, [ 1229537629 ], [ 4817330593 ],,,,,, 
  [ 6489512501 ],,,,,,,,,,,,,,,,,,,,,,,,,,,, [ 60233081057 ],,,,,,,,,,,,,,,,,,, 
  [ 28549139617 ],,,,,,,,,,,,,,,,,,,,,,,,,,,,,,,,,,,,,,, [ 1480834111 ],,,,,,,,,,,,,, 
  [ 2198837479801 ],,,,,,,, [ 6269113009 ],,,,, [ 1470873379 ],,,,,, [ 4306055041 ],,,,,,, 
  [ 2007424693 ],,,, [ 19633347131 ], [ 2698695631 ],,,,,, [ 1799351677 ], [ 1053117895189 ],
  ,,,, [ 3171589429 ],,,,,,,,,,,,,,,,,,,,, [ 17748260641 ], [ 760099147601 ],,,,,,,,,,,,,,, 
  [ 2141987321 ],,,,, [ 26589802021 ],,,,,,,,,, [ 2275361551 ],,,,,,,,, [ 1455852529 ],,,,,, 
  [ 7051685581 ],, [ 6361184782321 ],, [ 19494797701 ],,,,,,, [ 612929281873 ],,,,,,,,,,,,, 
  [ 2748050027 ],, [ 5155037137 ],,, [ 1877047657 ],,,,,, [ 2874470671 ],,, [ 54221178217 ],,
  ,,,,,,,,,,,,, [ 19123855831 ], [ 2298230069, 111165819049 ],,,,,,,,,, [ 3625875983 ],,,,,,,
  , [ 5955491387 ],,,,,,,,,,,,,,,,,,,,,,,,,,,,, [ 2455948213, 5832881221 ],,,,, 
  [ 5719557889 ],,,,,, [ 4601905951 ],,,,,,,, [ 1386725471 ],, [ 3980543089 ],,,, 
  [ 661263670937 ],,,,,,,,,,,,,,,,,, [ 32850621667, 41337858283 ],,,,,,,,,,,,,,,,,,,,,, 
  [ 39681371293 ], [ 52155826843 ],,,,,,, [ 4732739173 ],,,,,,,,,,,,,,,,,,,,,,,,,,,,,, 
  [ 16030444349 ],,,,,,,, [ 7581684181 ],,,,,,,,,,,,,,,,,, [ 1690291261, 380225616541 ],, 
  [ 7381878113 ],,,,,,,,,, [ 13040787673 ],, [ 3697412503, 14006006981 ],,,,,,,,,,,,, 
  [ 65123863867 ],,,,, [ 118056060553 ],,,,,,,, [ 2154110194601 ],,,, [ 1535849881 ], 
  [ 20702234671 ],,,,,,,,,,,,,,,,,,,,,,,,,,,,,,, [ 103108830449 ],,,,,,,,,,,,,,,,,,,,,,,,,,,,
  ,,,,,,,,,,,,,,,,,, [ 2762126093, 1837422870733 ],,,,,,,,,,,,,,,,,, [ 10465405721 ],, 
  [ 5984149891 ],,,, [ 1140224539 ],,,,,,,, [ 2050081307 ],, [ 10911805561 ],,,,,,,,,,,, 
  [ 19192074049 ],, [ 11178627541 ],,,,,,,,,,,,,, [ 9393858629 ],,,,, [ 4726323211 ], 
  [ 6591557771 ],,,, [ 224168929212031 ],,,,,, [ 5232175721 ],,,,,,,,,, 
  [ 1259644051, 221147797501 ],,,, [ 51166704893 ],,,,,,,, [ 5539027177 ],,,,,,,,,,,,,,,, 
  [ 7553673793 ],,,,,,,,,,,,,, [ 2587834201 ],, [ 3262169543 ],,,,,,,,,,,,,,,,,,,,,,,,,,,,,,,
  ,,,,,,,,, [ 2665802371, 70895123839 ],, [ 3130626133 ], [ 24310743991 ], [ 27763010053817 ]
   ,,,,,,,,,, [ 25688061296017 ],,,,,,,, [ 2626081217 ],,,,,,,,,,,,,, [ 22113106861 ],,,,,, 
  [ 2802837493 ],,,,,,,, [ 82934003549713 ],,,,,,,,,,,,,,,,,,,,,,,,,,,,,,, [ 16419987901591 ]
   ,,, [ 44269071211, 50994381817 ],, [ 656639045401 ],,,,,,,,,,,,,,,,,,,,,,,,,,,,,,,,,,,,,,,
  ,,, [ 28402596251 ],,,,,, [ 1355589689 ],,,,,, [ 3574361617 ],, [ 271426899089 ],,,,,, 
  [ 3162787025609 ],, [ 14578200937 ],,,,,,,,,,,,,,,,,,,,,,,,,,,,,,,,,,,,,,,,,,,,,,,,,,, 
  [ 57727208521 ],,,,,,,,,,,,,,, [ 1084907701 ],,,,,, [ 25513529473 ],,,,,,,,,,,,,,,,,,,,,,,,
  ,,,,,,,,,,,,,,,, [ 7866685217 ],,,,,,,, [ 137103292609 ],,,, [ 1840016161 ],, 
  [ 1448861311 ],,,, [ 57074156077 ],,,,,,,,,,,,,,,,,,,,,,,,,,,,,, [ 1155166801 ],,,,,,,,,,,
  , [ 15026198041 ],, [ 7294572463 ],, [ 5696024921 ],,,,,,,,,,,,,,,,,,,, [ 1491592681 ],,,,
  , [ 3236602531 ],,, [ 4392695113, 29418474853 ],,,,,,,,,,,, [ 62897670001 ],,,,,,,,,, 
  [ 5307187351 ],,,,, [ 2665303351 ],,,,,,,,,,,,, [ 38689848209 ],,,,,,,, [ 18403021333 ],,,,
  ,,,, [ 21227823193 ],, [ 2528821849 ],,,,,,,,,, [ 7459600033 ],,,,,, [ 7547942287 ],, 
  [ 186782835073 ],, [ 4607637763 ],, [ 10140886589 ],,,,,, [ 1004601641231 ],, 
  [ 1962167929 ],,,,,,,,,,,,,,,,,,,,,,,, [ 1335256001 ],, [ 30615303073 ],,,,,,,,,,,,,,,,,, 
  [ 1303519772521 ],, [ 10968838217 ],,,,,,,,,,,,,,,,,,,,,,,,,,,, [ 584663598751 ],,,,,, 
  [ 1259398069 ],,,,,,,,,,,,,,,, [ 3566554249 ],,,, [ 7651327681 ],,,,,,,,,, [ 11787533059 ],
  ,,,,,,,,,,,,,,,,,,,,,,,,,,,,,,,,,,,,,,,,, [ 3234158533 ],,,,,, [ 80484025789 ],,,, 
  [ 31658783099 ],,,,,,,, [ 66911661889 ],,,, [ 5456166101 ],,,, [ 1984836979 ],,,, 
  [ 8350405663 ],,,,,,,, [ 6820401067 ],,,,,,,,,,,,,,,,,,,,,,,,,,,,,, [ 686832872513761 ],,,,
  ,,,,,,,,,,,,,,,,,,,,,, [ 5075393527 ],,,, [ 2218456969, 62907248093 ],,,,,,,,,,,,,,,,,,,,,,
  ,,,, [ 6474384748001 ],,,, [ 3313474393 ],,,,,,,,,, [ 3938602873 ],,,, [ 13749261301 ],,,,,
  ,,,,,,,,,,,,,,,,,,,,,,,,,,,,,,,,,,,,,,,,,,, [ 10905362287 ],,,,,,,,,,,,,, [ 263326275073 ],
  ,,,,,,,,, [ 9589301431 ],,,,,,,,,,,,,,,,,,,,,,,,,, [ 100614612853 ],,,,,,,,,,,,,,,,,,,,,,,,
  ,,,,,,,,,,,,,,,,,,,,,,,,,,,, [ 1291681801 ],, [ 1095854311 ],,,,,,,,,,,,,,,,,,,,,,,,,,,,,,,
  ,,,,, [ 68016796849 ],,,,,,,,,,,, [ 2225383051 ],, [ 37129893365993 ],,,,,,,,,, 
  [ 1318082761 ],,,,,,,,,,,,,,,,,,,,,,,,,,,,,,,,,, [ 7034625868969 ],,,,,,,,,,,,,,,,,,,,,, 
  [ 2628110941, 258104138111 ],, [ 1377503921 ],, [ 3645977791 ],,,,,,,,,,,, 
  [ 3427891126415557 ],,,,,,,,,,,,,, [ 1993091981 ],,,,,,,,,,,,,,,,,,,,,,,,,,,, 
  [ 44257293193 ],,,,,,,,,,,,,,,, [ 18470822833 ],,,,,,,,,,,,,, [ 3729790681 ],,,,,,,,,,,,,,,
  ,,,,,,,,,,,,,,,,,,,,,,,,,,,,,,,,,,,,,,,,,,,,,,,,,,,,,,,,, [ 190647701347 ],,,,,,,,,,,,,,,,,
  ,,,,,,,,,,,,,,, [ 5237770631 ],,,, [ 81153649230931 ],,,,,,,,,,,,,,,,,,,,,,,,,,,,,,,,,,,,,,
  ,,,,,,,,,,,,,,,,,,,,,,,,,,,,,,,,,,,,,,,,,,,,,, [ 25731098839 ],,,,,,,,,,,,,,,,,,,,,, 
  [ 2202114710221 ],, [ 9740909461 ],,,,,,,,,,,,,,,,,,,,,,,,,,,,,,,,,,,,,, [ 848336559341 ],,
  ,,,,,,,,,,,,,,,,,,,,,,,,,,,,,,,,,,,,,,,,,,,,,,,,,,,,,,,,,,,,,,,,,,,,,,,,,,,,,, 
  [ 7798663781 ],,,,,,,,,,,,,,,,,,,,,,,,,, [ 6350682757 ],,,,,, [ 13769743777 ],,,,,,,,,,,,,,
  ,,,,,,,,,, [ 2391233653 ],,,,,,,,,,,,,,,,,,,,,,,,,,,,,, [ 107457992293 ],,,,,,,,,,,,,,,,,,,
  ,,,,,,,,,,, [ 1994670791089 ],,,,,,,,,,,,,,,,,,,,,,,, [ 1063326168001 ],,,,,,,,,, 
  [ 1639036361 ],,,,,,,,,, [ 8876945801 ],,,, [ 5004890353 ],,,,,,,,,,,,,,,,,,,,,,,, 
  [ 4482286273 ],,,,,,,,,,,,,,,,,,,,,, [ 1039691431, 4353711975841, 15228816416621 ],, 
  [ 1091820073 ],,,,,,,,,,,,,,,,,,,,,,,,,,,, [ 196054110701 ],,,,,,,,,,,,,, [ 10240869367 ],,
  ,,,,,,,,,,,,,,,,,,,,,,,,,,,,,,,,,, [ 2853189901 ],,,,,,,,,,,, [ 2011905708997 ],,,,,,,, 
  [ 438334045451 ],,,,,,,,,,,,,,,,,,,,,,,,,,,,,,,,,,,,,,,,,,,,,,,,,,,,,,,,,,,,,,,,,,,,,, 
  [ 119863144801 ],,,,,,,,,,,,,,,,,,,,,,,,,,,,,,,,,,,,,,,,,,,,,,,, [ 1356593089 ],,,,,,,,,,,
  , [ 8445416401, 12963384001 ],,,,,,,,,,,, [ 80128095121 ],,,,,,,,,,,,,,,,,,,,,,,,,,,,,, 
  [ 3292592287 ],,,,,,,,,,,,,,,,,,,,,,,,,,,,,, [ 5328634021, 6687954577, 75399040009 ],,,,,,,
  ,,,,,,,,,,,,,,,,, [ 19960771741 ],,,,,,,,,,,, [ 3031066417, 90921415033 ],,,,,,,,,,,, 
  [ 13173160681 ],,,,,,,,,,,, [ 269142440737 ],,,,,,,,,,,,,,,,,, [ 21740864251 ],,,,,,,,,,,,,
  ,,,,,,, [ 1058110601 ],,,,,,,,,,,,,,,,,,,,,,,,,,,,,,,,,,,,,,,,,,,,,,,,,,,,,,,,,,,,,,,,,,,,,
  ,,,,,,,,,,,,,,,,,,,,,,,,,,,,,,,,,,,,,,,,,,,,,,,,,,,,,,,,,,,,, [ 531210501001 ],,,,,,,,,,,,,
  ,,,,,,,,,,,,,,,,,,,,,,,,,,,,, [ 8448541741 ],,,,,,,,,,,,,,,,,,,,,,,,,,,,,, [ 2222255809 ],,
  ,,,,,,,,,,,,,,,,,,,,,,,,,,,,,,,,,, [ 3444807853 ],,,,,,,,,,,,,,,,,,,,,,,, [ 30432505633 ],,
  ,,,,,,,,,,,,,,,,,,,,,,,,,,,,,,,,,,,,,,,,,,,,,, [ 5165567821 ],,,,,,,,,,,,,,,,,,,,,,,,,,,,,,
  ,,,,,,,,,,,,,,,,,,,,,,,,,,,,,,,,,,,,,,,,,,,,,,,,,,,,,,,,,,,,,,,,,,,,,,,, [ 1830308569 ],,,,
  ,,,,,,,,,,,,,, [ 27618911101 ],,,,,,,,,,,,,,,,,,,,,,,,,,,,,, [ 6340623181 ],,,,,,,,,,,, 
  [ 26934918121 ],,,,,,,,,,,, [ 856848060349 ],,,,,,,,,,,,,,,,,,,,,,,,,,,,,, [ 3032377681 ],,
  ,,,, [ 1798993014691 ],,,,,,,,,,,,,,,,,,,,,,,,,,,,,,,,,,,,,,,,,, [ 1710490609 ],,,,,,,,,,,,
  ,,,,,,,,,,,,,,,,,,,,,,,,,,,,,,,,,,,,,,,,,,,,,,,,,,,,,, [ 22646249803 ],,,,,, 
  [ 6684532417 ],,,,,,,,,,,,,,,,,,,,,,,,,,,,,,,,,,,,,,,,,,,,,,,,,,,,,,,,,,,, [ 1628219713 ],,
  ,,,,,,,,,,,,,,,,,,,,,,,,,,,,,,,,,,,,,,,,,,,,,,,,,,,,,,,,,,,,,,,,,,,,,,,,,,,,,,,,,,,,,,,,,,,
  ,,,,,,,,,,,,,,,,,,,,,,,,,,,,,,,,,,,,,,,,,,,,,,,,,,,,,,,,,,,,,,,,,,,,,,,,,,,,,,,,,,,,,,,,,,,
  ,,,,,,,,,,,, [ 69016855601 ],,,,,,,,,,,,,,,,,,,,,,,,,,,,,,,,,,,,,,,,,,,,,,,,,,,,,,,,,,,,,,,
  ,,,,,,,,,,,,,,,,, [ 1114445281 ],,,,,,,,,,,,,,,,,,,,,,,,,,,,,,,,,,,,,,,,,,,,,,,,,,,,,,,,,,,
  ,,,,,,,,,,,,,,,,,,,,,,,,,,,,,,,,,,,,, [ 7780303873 ],,,,,,,,,,,,,,,,,,,,,,,,,,,,,,,,,,,,,,,
  ,,,,,,,,, [ 3407996257 ],,,,,,,,,,,,,,,,,,,,,,,,,,,,,,,,,,,,,,,,,,,,,,,,,,,,,,,,,,,,,,,,,,,
  ,,,,,,,,,,,,,,,,,,,,,,,,,,,,,,,,,,,,,,,,,,,,,,,,,,,,,,,,,,,,,,,,,,,,,,,,,,,,,,,,,,,,,,,,,,,
  ,,,,,,,,,,,,,,,,,,,,,,,,,,,,,,,,,,,,,,,,,,,,,,,,,,,,,,,,,,,,,,,,,,,,,,,,,,,,,,,,,,,,,,,,,,,
  ,,,,,,,,,,,,,,,,,,,,,,,,,,,,,,,,,,,,,,,,,,,,,,,,,,,,,,,,,,,,,,,,,,,,,,,,,,,,,,,,,,,,,,,,,,,
  ,,,,,,,,,,,,,,,,,,,,,,,,,,,,,,,,,,,,,, [ 13601249089 ],,,,,,,,,,,,,,,,,,,,,,,,,,,,,,,,,,,,,
  ,,,,, [ 2633760361 ],,,,,,,,,,,,,,,,,,,,,,,,,,,,,,,,,,,,,,,,,,,,,,,,,,,,,,,,,,,,,,,,,,,,,,,
  ,,,,,,,,,,,,,,,,,,,,,,,,, [ 9180169556401 ],,,,,,,,,,,,,,,,,,,,,,,,,,,,,,,,,,,,,,,,,,,,,,,,
  ,,,,,,,,,,,,,,,,,,,,,,,,,,,,,,,,,,,,,,,,,,,,,,,,,,,,,,,,,,,,,,,,,,,,,,,,,,,,,,,,,,,,,,,,,,,
  ,,,,,,,,,,, [ 29449104901 ],,,,,,,,,,,,,,,,,,,,,,,,,,,,,,,,,,,,,,,,,,,,,,,,,,,,,,,,,,,, 
  [ 8813925721 ],,,,,,,,,,,,,,,,,,,,,,,,,,,,,, [ 34328870101 ],,,,,,,,,,,,,,,,,,,,,,,,,,,,,,,
  ,,,,,,,,,,,,,,,,,,,,,,,,,,,,,,,,,,,,,,,,,,,,,,,,,,,,,,,,,,,,,,,,,,,,,,,,,,,,,,,,,,,,,,,,, 
  [ 1199707741 ],,,,,,,,,,,,,,,,,,,,,,,,,,,,,,,,,,,,,,,,,,,,,,,,,,,,,,,,,,,,,,,,,,,,,,,,,,,,,
  ,,,,,,,,,,,,,,,,,,,,,,,,,,,,,,,,,,,,,,,,,,, [ 14944876381 ],,,,,,,,,,,, [ 2038780129 ],,,,,
  ,,,,,,,,,,,,,,,,,,,,,,,,,,,,,,,,,,,,,,,,,,,,,,,,,,,,,,,,,,,,,,,,,,,,,,,,,,,,,,,,,,,,,,,,,,,
  ,,,,,,,,,,,,,,,,,,,,,,,,,,,,,,,,,,,,,,,,,,,,,,,,,,,,,,,,,,,,,,,,,,,,,,,,,,,,,,,,,,,,,,,,,,,
  ,,,,,,,,,,,,,,,,,,,,,,,,,,,,,,,,,,,,,,,,,,,,,,,,,,,,,,,,,,,,,,,,,,,,,,,,,,,,,,,,,,,,,,,,,,,
  ,,,,,,,,,,,,,,,,,,,,,,,,,,,,,,,,,,,,,,,,,,,,,,,,,,,,,,,,,,,,,,,,,,,,,,,,,,,,,,,,,,,,,,,,,,,
  ,,,,,,,,,,,,,,,,,,,,,,,,,,,,,,,,,,,,,,, [ 16836729001 ],,,,,,,,,,,,,,,,,,,,,,,,,,,,,,,,,,,,
  ,,,,,,,,,,,,,,,,,,,,,,,,,,,,,,,,,,,,,,,,,,,,,,,,,,,,,,,,,,,,,,,,,,,,,,,,,,,,,,,,,,,,,,,,,,,
  ,,,,,,,,,,,,,,,,,,,,,,,,,,,,,,,,,,,,,,,,,,,,,,,,,,,,,,,,,,,,,,,,,,,,,,,,,,,,,,,,,,,,,,,,,,,
  ,,,,,,,,,,,,,,,,,,,,,,,,,,,,,,,,,,,,,,,,,,,,,,,,,,,,,,,,,,,,,,,,,,,,,,,,,,,,,,,,,,,,,,,,,,,
  ,,,,,,,,,,,,,,,,,,,,,,,,,,,,,,,,,,,,,,,,,,,,,,,,,,,,,,,,,,,,,,,,,,,,,,,,,,,,,,,,,,, 
  [ 3074916353 ],,,,,,,,,,,,,,,,,,,,,,,,,,,,,,,,,,,,,,,,,,,,,,,,,,,,,,,,,,,,,,,,,,,,,,,,,,,,,
  ,,,,,,,,,,,,,,,,,,,,,,,,,,,,,,,,,,,,,,,,,,,,,,,,,,,,,,,,,,,,,,,,,,,,,,,,,,,,,,,,,,,,,,,,,,,
  ,,,,,,,,,,,,,,,,,,,,,,,,,,,,,,,,,,,,,,,,,,,,,,,,,,,,,,,,,,,,,,,,,,,,,,,,,,,,,,,,,,,,,,,,,,,
  ,,,,,,,,,,,,,,,,,,,,,,,,,,,,,,,,,,,,,,,,,,,,,,,,,,,,,,,,,,,,,,,,,,,,,,,,,,,,,,,,,,,,,,,,,,,
  ,,,,,,,,,,,,,,,,,,,,,,,,,,,,,,,,,,,,,,,,,,,,,,,,,,,,,,,,,,,,,,,,,,,,,,,,,,,,,,,,,,,,,,,,,,,
  ,,,,,,,,,,,,,,,,,,,,,,,,,,,,,,,,,,,,,,,,,,,,,,,,,,,,,,,,,,,,,,,,,,,,,,,,,,,,,,,,,,,,,,,,,,,
  ,,,,,,,,,,,,,,,,,,,,,,,,,,,,,,,,,,,,,,,,,,,,,,,,,,,,,,,,,,,,,,,,,,,,,,,,,,,,,,,,,,,,,,,,,,,
  ,,,,,,,,,,,,,,,,,,,,,,,,,,,,,,,,,,,,,,,,,,,,,,,,,,,,,,,,,,,,,,,,,,,,,,,,,,,,,,,,,,,,,,,,,,,
  ,,,,,,,,,,,,,,,,,,,,,,,,,,,,,,,,,,,,,,,,,,,,,,,,,,,,,,,,,,,,,,,,,,,,,,,,,,,,,,,,,,,,,,,,,,,
  ,,,,,,,,,,,,,,,,,,,,,,,,,,,,,,,,,,,,,,,,,,,,,,,,,,,,,,,,,,,,,,,,,,,,,,,,,,,,,,,,,,,,,,,,,,,
  ,,,,,,,,,,,,,,,,,,,,,,,,,,,,,,,,,,,,,,,,,,,,,,,,,,,,,,,,,,,,,,,,,,,,,,,,,,,,,,,,,,,,,,,,,,,
  ,,,,,,,,,,,,,,,,,,,,,,,,,,,,,,,,,,,,,,,,,,,,,,,,,,,,,,,,,,,,,,,,,,,,,,,,,,,,,,,,,,,,,,,,,,,
  ,,,,,,,,,,,,,,,,,,,,,,,,,,,,,,,,,,,,,,,,,,,,,,,,,,,,,,,,,,,,,,,,,,,,,,,,,,,,,,,,,,,,,,,,,,,
  ,,,,,,,,,,,,,,,,,,,,,,,,,,,,,,,,,,,,,,,,,,,,,,,,,,,,,,,,,,,,,,,,,,,,,,,,,,,,,,,,,,,,,,,,,,,
  ,,,,,,,,,,,,,,,,,,,,,,,,,,,,,,,,,,,,,,,,,,,,,,,,,,,,,,,,,,,,,,,,,,,,,,,,,,,,,,,,,,,,,,,,,,,
  ,,,,,,,,,,,,,,,,,,,,,,,,,,,,,,,,,,,,,,,,,,,,,,,,,,,,,,,,,,,,,,,,,,,,,,,,,,,,,,,,,,,,,,,,,,,
  ,,,,,,,,,,,,,,,,,,,,,,,,,,,,,,,,,,,,,,,,,,,,,,,,,,,,,,,,,,,,,,,,,,,,,,,,,,,,,,,,,,,,,,,,,,,
  ,,,,,,,,,,,,,,,,,,,,,,,,,,,,,,,,,,,,,,,,,,,,,,,,,,,,,,,,,,,,,,,,,,,,,,,,,,,,,,,,,,,,,,,,,,,
  ,,,,,,,,,,,,,,,,,,,,,,,,,,,,,,,,,,,,,,,,,,,,,,,,,,,,,,,,,,,,,,,,,,,,,,,,,,,,,,,,,,,,,,,,,,,
  ,,,,,,,,,,,,,,,,,,,,,,,,,,,,,,,,,,,,,,,,,,,,,,,,,,,,,,,,,,,,,,,,,,,,,,,,,,,,,,,,,,,,,,,,,,,
  ,,,,,,,,,,,,,,,,,,,,,,,,,,,,,,,,,,,,,,,,,,,,,,,,,,,,,,,,,,,,,,,,,,,,,,,,,,,,,,,,,,,,,,,,,,,
  ,,,,,,,,,,,,,,,,,,,,,,,,,,,,,,,,,,,,,,,,,,,,,,,,,,,,,,,,,,,,,,,,,,,,,,,,,,,,,,,,,,,,,,,,,,,
  ,,,,,,,,,,,,,,,,,,,,,,,,,,,,,,,,,,,,,,,,,,,,,,,,,,,,,,,,,,,,,,,,,,,,,,,,,,,,,,,,,,,,,,,,,,,
  ,,,,,,,,,,,,,,,,,,,,,,,,,,,,,,,,,,,,,,,,,,,,,,,,,,,,,,,,,,,,,,,,,,,,,,,,,,,,,,,,,,,,,,,,,,,
  ,,,,,,,,,,,,,,,,,,,,,,,,,,,,,,,,,,,,,,,,,,,,,,,,,,,,,,,,,,,,,,,,,,,,,,,,,,,,,,,,,,,,,,,,,,,
  ,,,,,,,,,,,,,,,,,,,,,,,,,,,,,,,,,,,,,,,,,,,,,,,,,,,,,,,,,,,,,,,,,,,,,,,,,,,,,,,,,,,,,,,,,,,
  ,,,,,,,,,,,,,,,,,,,,,,,,,,,,,,,,,,,,,,,,,,,,,,,,,,,,,,,,,,,,,,,,,,,,,,,,,,,,,,,,,,,,,,,,,,,
  ,,,,,,,,,,,,,,,,,,,,,,,,,,,,,,,,,,,,,,,,,,,,,,,,,,,,,,,,,,,,,,,,,,,,,,,,,,,,,,,,,,,,,,,,,,,
  ,,,,,,,,,,,,,,,,,,,,,,,,,,,,,,,,,,,,,,,,,,,,,,,,,,,,,,,,,,,,,,,,,,,,,,,,,,,,,,,,,,,,,,,,,,,
  ,,,,,,,,,,,,,,,,,,,,,,,,,,,,,,,,,,,,,,,,,,,,,,,,,,,,,,,,,,,,,,,,,,,,,,,,,,,,,,,,,,,,,,,,,,,
  ,,,,,,,,,,,,,,,,,,,,,,,,,,,,,,,,,,,,,,,,,,,,,,,,,,,,,,,,,,,,,,,,,,,,,,,,,,,,,,,,,,,,,,,,,,,
  ,,,,,,,,,,,,,,,,,,,,,,,,,,,,,,,,,,,,,,,,,,,,,,,,,,,,,,,,,,,,,,,,,,,,,,,,,,,,,,,,,,,,,,,,,,,
  ,,,,,,,,,,,,,,,,,,,,,,,,,,,,,,,,,,,,,,,,,,,,,,,,,,,,,,,,,,,,,,,,,,,,,,,,,,,,,,,,,,,,,,,,,,,
  ,,,,,,,,,,,,,,,,,,,,,,,,,,,,,,,,,,,,,,,,,,,,,,,,,,,,,,,,,,,,,,,,,,,,,,,,,,,,,,,,,,,,,,,,,,,
  ,,,,,,,,,,,,,,,,,,,,,,,,,,,,,,,,,,,,,,,,,,,,,,,,,,,,,,,,,,,,,,,,,,,,,,,,,,,,,,,,,,,,,,,,,,,
  ,,,,,,,,,,,,,,,,,,,,,,,,,,,,,,,,,,,,,,,,,,,,,,,,,,,,,,,,,,,,,,,,,,,,,,,,,,,,,,,,,,,,,,,,,,,
  ,,,,,,,,,,,,,,,,,,,,,,,,,,,,,,,,,,,,,,,,,,,,,,,,,,,,,,,,,,,,,,,,,,,,,,,,,,,,,,,,,,,,,,,,,,,
  ,,,,,,,,,,,,,,,,,,,,,,,,,,,,,,,,,,,,,,,,,,,,,,,,,,,,,,,,,,,,,,,,,,,,,,,,,,,,,,,,,,,,,,,,,,,
  ,,,,,,,,,,,,,,,,,,,,,,,,,,,,,,,,,,,,,,,,,,,,,,,,,,,,,,,,,,,,,,,,,,,,,,,,,,,,,,,,,,,,,,,,,,,
  ,,,,,,,,,,,,,,,,,,,,,,,,,,,,,,,,,,,,,,,,,,,,,,,,,,,,,,,,,,,,,,,,,,,,,,,,,,,,,,,,,,,,,,,,,,,
  ,,,,,,,,,,,,,,,,,,,,,,,,,,,,,,,,,,,,,,,,,,,,,,,,,,,,,,,,,,,,,,,,,,,,,,,,,,,,,,,,,,,,,,,,,,,
  ,,,,,,,,,,,,,,,,,,,,,,,,,,,,,,,,,,,,,,,,,,,,,,,,,,,,,,,,,,,,,,,,,,,,,,,,,,,,,,,,,,,,,,,,,,,
  ,,,,,,,,,,,,,,,,,,,,,,,,,,,,,,,,,,,,,,,,,,,,,,,,,,,,,,,,,,,,,,,,,,,,,,,,,,,,,,,,,,,,,,,,,,,
  ,,,,,,,,,,,,,,,,,,,,,,,,,,,,,,,,,,,,,,,,,,,,,,,,,,,,,,,,,,,,,,,,,,,,,,,,,,,,,,,,,,,,,,,,,,,
  ,,,,,,,,,,,,,,,,,,,,,,,,,,,,,,,,,,,,,,,,,,,,,,,,,,,,,,,,,,,,,,,,,,,,,,,,,,,,,,,,,,,,,,,,,,,
  ,,,,,,,,,,,,,,,,,,,,,,,,,,,,,,,,,,,,,,,,,,,,,,,,,,,,,,,,,,,,,,,,,,,,,,,,,,,,,,,,,,,,,,,,,,,
  ,,,,,,,,,,,,,,,,,,,,,,,,,,,,,,,,,,,,,,,,,,,,,,,,,,,,,,,,,,,,,,,,,,,,,,,,,,,,,,,,,,,,,,,,,,,
  ,,,,,,,,,,,,,,,,,,,,,,,,,,,,,,,,,,,,,,,,,,,,,,,,,,,,,,,,,,,,,,,,,,,,,,,,,,,,,,,,,,,,,,,,,,,
  ,,,,,,,,,,,,,,,,,,,,,,,,,,,,,,,,,,,,,,,,,,,,,,,,,,,,,,,,,,,,,,,,,,,,,,,,,,,,,,,,,,,,,,,,,,,
  ,,,,,,,,,,,,,,,,,,,,,,,,,,,,,,,,,,,,,,,,,,,,,,,,,,,,,,,,,,,,,,,,,,,,,,,,,,,,,,,,,,,,,,,,,,,
  ,,,,,,,,,,,,,,,,,,,,,,,,,,,,,,,,,,,,,,,,,,,,,,,,,,,,,,,,,,,,,,,,,,,,,,,,,,,,,,,,,,,,,,,,,,,
  ,,,,,,,,,,,,,,,,,,,,,,,,,,,,,,,,,,,,,,,,,,,,,,,,,,,,,,,,,,,,,,,,,,,,,,,,,,,,,,,,,,,,,,,,,,,
  ,,,,,,,,,,,,,,,,,,,,,,,,,,,,,,,,,,,,,,,,,,,,,,,,,,,,,,,,,,,,,,,,,,,,,,,,,,,,,,,,,,,,,,,,,,,
  ,,,,,,,,,,,,,,,,,,,,,,,,,,,,,,,,,,,,,,,,,,,,,,,,,,,,,,,,,,,,,,,,,,,,,,,,,,,,,,,,,,,,,,,,,,,
  ,,,,,,,,,,,,,,,,,,,,,,,,,,,,,,,,,,,,,,,,,,,,,,,,,,,,,,,,,,,,,,,,,,,,,,,,,,,,,,,,,,,,,,,,,,,
  ,,,,,,,,,,,,,,,,,,,,,,,,,,,,,,,,,,,,,,,,,,,,,,,,,,,,,,,,,,,,,,,,,,,,,,,,,,,,,,,,,,,,,,,,,,,
  ,,,,,,,,,,,,,,,,,,,,,,,,,,,,,,,,,,,,,,,,,,,,,,,,,,,,,,,,,,,,,,,,,,,,,,,,,,,,,,,,,,,,,,,,,,,
  ,,,,,,,,,,,,,,,,,,,,,,,,,,,,,,,,,,,,,,,,,,,,,,,,,,,,,,,,,,,,,,,,,,,,,,,,,,,,,,,,,,,,,,,,,,,
  ,,,,,,,,,,,,,,,,,,,,,,,,,,,,,,,,,,,,,,,,,,,,,,,,,,,,,,,,,,,,,,,,,,,,,,,,,,,,,,,,,,,,,,,,,,,
  ,,,,,,,,,,,,,,,,,,,,,,,,,,,,,,,,,,,,,,,,,,,,,,,,,,,,,,,,,,,,,,,,,,,,,,,,,,,,,,,,,,,,,,,,,,,
  ,,,,,,,,,,,,,,,,,,,,,,,,,,,,,,,,,,,,,,,,,,,,,,,,,,,,,,,,,,,,,,,,,,,,,,,,,,,,,,,,,,,,,,,,,,,
  ,,,,,,,,,,,,,,,,,,,,,,,,,,,,,,,,,,,,,,,,,,,,,,,,,,,,,,,,,,,,,,,,,,,,,,,,,,,,,,,,,,,,,,,,,,,
  ,,,,,,,,,,,,,,,,,,,,,,,,,,,,,,,,,,,,,,,,,,,,,,,,,,,,,,,,,,,,,,,,,,,,,,,,,,,,,,,,,,,,,,,,,,,
  ,,,,,,,,,,,,,,,,,,,,,,,,,,,,,,,,,,,,,,,,,,,,,,,,,,,,,,,,,,,,,,,,,,,,,,,,,,,,,,,,,,,,,,,,,,,
  ,,,,,,,,,,,,,,,,,,,,,,,,,,,,,,,,,,,,,,,,,,,,,,,,,,,,,,,,,,,,,,,,,,,,,,,,,,,,,,,,,,,,,,,,,,,
  ,,,,,,,,,,,,,,,,,,,,,,,,,,,,,,,,,,,,,,,,,,,,,,,,,,,,,,,,,,,,,,,,,,,,,,,,,,,,,,,,,,,,,,,,,,,
  ,,,,,,,,,,,,,,,,,,,,,,,,,,,,,,,,,,,,,,,,,,,,,,,,,,,,,,,,,,,,,,,,,,,,,,,,,,,,,,,,,,,,,,,,,,,
  ,,,,,,,,,,,,,,,,,,,,,,,,,,,,,,,,,,,,,,,,,,,,,,,,,,,,,,,,,,,,,,,,,,,,,,,,,,,,,,,,,,,,,,,,,,,
  ,,,,,,,,,,,,,,,,,,,,,,,,,,,,,,,,,,,,,,,,,,,,,,,,,,,,,,,,,,,,,,,,,,,,,,,,,,,,,,,,,,,,,,,,,,,
  ,,,,,,,,,,,,,,,,,,,,,,,,,,,,,,,,,,,,,,,,,,,,,,,,,,,,,,,,,,,,,,,,,,,,,,,,,,,,,,,,,,,,,,,,,,,
  ,,,,,,,,,,,,,,,,,,,,,,,,,,,,,,,,,,,,,,,,,,,,,,,,,,,,,,,,,,,,,,,,,,,,,,,,,,,,,,,,,,,,,,,,,,,
  ,,,,,,,,,,,,,,,,,,,,,,,,,,,,,,,,,,,,,,,,,,,,,,,,,,,,,,,,,,,,,,,,,,,,,,,,,,,,,,,,,,,,,,,,,,,
  ,,,,,,,,,,,,,,,,,,,,,,,,,,,,,,,,,,,,,,,,,,,,,,,,,,,,,,,,,,,,,,,,,,,,,,,,,,,,,,,,,,,,,,,,,,,
  ,,,,,,,,,,,,,,,,,,,,,,,,,,,,,,,,,,,,,,,,,,,,,,,,,,,,,,,,,,,,,,,,,,,,,,,,,,,,,,,,,,,,,,,,,,,
  ,,,,,,,,,,,,,,,,,,,,,,,,,,,,,,,,,,,,,,,,,,,,,,,,,,,,,,,,,,,,,,,,,,,,,,,,,,,,,,,,,,,,,,,,,,,
  ,,,,,,,,,,,,,,,,,,,,,,,,,,,,,,,,,,,,,,,,,,,,,,,,,,,,,,,,,,,,,,,,,,,,,,,,,,,,,,,,,,,,,,,,,,,
  ,,,,,,,,,,,,,,,,,,,,,,,,,,,,,,,,,,,,,,,,,,,,,,,,,,,,,,,,,,,,,,,,,,,,,,,,,,,,,,,,,,,,,,,,,,,
  ,,,,,,,,,,,,,,,,,,,,,,,,,,,,,,,,,,,,,,,,,,,,,,,,,,,,,,,,,,,,,,,,,,,,,,,,,,,,,,,,,,,,,,,,,,,
  ,,,,,,,,,,,,,,,,,,,,,,,,,,,,,,,,,,,,,,,,,,,,,,,,,,,,,,,,,,,,,,,,,,,,,,,,,,,,,,,,,,,,,,,,,,,
  ,,,,,,,,,,,,,,,,,,,,,,,,,,,,,,,,,,,,,,,,,,,,,,,,,,,,,,,,,,,,,,,,,,,,,,,,,,,,,,,,,,,,,,,,,,,
  ,,,,,,,,,,,,,,,,,,,,,,,,,,,,,,,,,,,,,,,,,,,,,,,,,,,,,,,,,,,,,,,,,,,,,,,,,,,,,,,,,,,,,,,,,,,
  ,,,,,,,,,,,,,,,,,,,,,,,,,,,,,,,,,,,,,,,,,,,,,,,,,,,,,,,,,,,,,,,,,,,,,,,,,,,,,,,,,,,,,,,,,,,
  ,,,,,,,,,,,,,,,,,,,,,,,,,,,,,,,,,,,,,,,,,,,,,,,,,,,,,,,,,,,,,,,,,,,,,,,,,,,,,,,,,,,,,,,,,,,
  ,,,,,,,,,,,,,,,,,,,,,,,,,,,,,,,,,,,,,,,,,,,,,,,,,,,,,,,,,,,,,,,,,,,,,,,,,,,,,,,,,,,,,,,,,,,
  ,,,,,,,,,,,,,,,,,,,,,,,,,,,,,,,,,,,,,,,,,,,,,,,,,,,,,,,,,,,,,,,,,,,,,,,,,,,,,,,,,,,,,,,,,,,
  ,,,,,,,,,,,,,,,,,,,,,,,,,,,,,,,,,,,,,,,,,,,,,,,,,,,,,,,,,,,,,,,,,,,,,,,,,,,,,,,,,,,,,,,,,,,
  ,,,,,,,,,,,,,,,,,,,,,,,,,,,,,,,,,,,,,,,,,,,,,,,,,,,,,,,,,,,,,,,,,,,,,,,,,,,,,,,,,,,,,,,,,,,
  ,,,,,,,,,,,,,,,,,,,,,,,,,,,,,,,,,,,,,,,,,,,,,,,,,,,,,,,,,,,,,,,,,,,,,,,,,,,,,,,,,,,,,,,,,,,
  ,,,,,,,,,,,,,,,,,,,,,,,,,,,,,,,,,,,,,,,,,,,,,,,,,,,,,,,,,,,,,,,,,,,,,,,,,,,,,,,,,,,,,,,,,,,
  ,,,,,,,,,,,,,,,,,,,,,,,,,,,,,,,,,,,,,,,,,,,,,,,,,,,,,,,,,,,,,,,,,,,,,,,,,,,,,,,,,,,,,,,,,,,
  ,,,,,,,,,,,,,,,, [ 1188986881 ] ]);
