BRENTFACTORS[1677]:=MakeImmutable([ ,,,,,,,,,, [ 45810128827 ],,,,, [ 25762475377 ],,, 
  [ 504787748029, 67006517796791 ],,, [ 1192616767, 1923995063 ], [ 44827598009272770161 ],, 
  [ 2446377279851 ],, [ 736684533581653, 3597083110768033 ],, [ 458744447001023 ], 
  [ 4999780321 ], [ 668223860012523681719532721091 ],,, [ 69619101421, 357289343503 ], 
  [ 6966766381, 448925310107162071 ], [ 4609447352533 ], 
  [ 578949018461176225638941005453538778339251842579 ],,,, 
  [ 53505798857510003153, 19329488350819869953304002317059244296833 ],, 
  [ 2347690781, 11951834693 ], [ 210434514696535641557 ], [ 1472563417861, 5907383891191 ], 
  [ 17666421533 ],,, 
  [ 556599787661, 3346588534703, 885031624014553, 2175232331644417604858153, 
      231512906874864282029523465431 ], [ 1682387801, 111801948884932301 ], 
  [ 296736739070557, 4857586489546783 ], [ 2509316769310080809, 9629609402420280157 ], 
  [ 9688821313219, 59149377141017341 ],,, [ 669709533805873082589503742377 ], 
  [ 22848505925893, 3362011777683413191, 164182571588157732997850093275849 ], 
  [ 1612505039, 227687010319614492133, 35400726265078355209741 ], [ 9146812127 ], 
  [ 4507966571565442735381 ], [ 1709951562131143 ], 
  [ 438430047437, 4277068173402099630303209853911251 ], 
  [ 1162519093, 48760105177155407927891833, 9621485646303343616349271788593917 ], 
  [ 2901817306948425590285569 ], [ 8770437521, 2473534812912002723513325151 ], 
  [ 23311351603, 66451131100147069 ], [ 3817389187, 1572597556337639947 ], 
  [ 105186548953, 1137961032783720917 ], 
  [ 609096756871, 2506933118761, 20498158405854423505988478564013, 
      6350967327588881577638780536799454121 ], [ 280936821691 ], 
  [ 285497957823529274687107807966943 ], [ 11877770881, 256648050070273205832063673 ], 
  [ 3353503534012117130759 ],, 
  [ 125627807739250051, 192202306022030583451, 1669890650499214090126115560711889809801 ], 
  [ 13795550184313, 865232852579462685650718961921851529 ], [ 37915025994360307409 ], 
  [ 10582311403, 6795024124509037 ], [ 143690982620990899 ], [ 2639018881, 5902726293281 ], 
  [ 30104330338882747, 62859869416120909761883333 ],, 
  [ 1198136874989, 3743476231577, 495384986818565783 ], 
  [ 52183967791453, 180274591389199357, 1430013374242489261 ], 
  [ 2351444761, 19269225345961, 224277997152016441 ],, 
  [ 22495532066204716292452917654555541828233433 ], 
  [ 3204522375121, 384051386460726101657, 24645928027248527632860963771785657277839657 ], 
  [ 931294288531, 16117439208553, 252579677590594153434269 ], 
  [ 180479623188219301, 25089304280839028101 ], [ 94872089914406933455601 ],, 
  [ 2545481797, 3797301043, 3265668793159, 34845776426912761 ], [ 5521798291 ], 
  [ 18745835015789314256239875842891 ], [ 3145689900422668468999463443638222374497 ], 
  [ 1089670453, 6054480891079 ], [ 3010075979, 517392414337 ], 
  [ 269784383221, 44478682346287333, 1238426940830731781431303 ], 
  [ 2194388401, 4149237401, 1645891060924647638869923238410611417801 ], 
  [ 13554165257, 1974062839454343629, 64427286345945663489931 ],, 
  [ 30925035500926529857, 34347253019717161304197 ], [ 91721850353849 ],, [ 65322081829259 ],
  [ 141602310755383, 711809569548360196423 ], 
  [ 280683278353, 24285626545814353, 632574936051105597481 ], [ 4260914870003081 ],, 
  [ 567666323849911675117, 11839502009126199553759, 1078585783264070363012802206389 ], 
  [ 98090015138899841, 846898343045733889, 29078723116473668177 ], 
  [ 1196394959, 164999962807 ], [ 55859978066833509436193603931257295787 ], 
  [ 52978767871, 45212140815711499561, 1453640916341475486431, 958589852390372788538851 ], 
  [ 2127189594281, 50427715235565989430797521 ],, [ 5464548399158465548453 ], 
  [ 81414478439477 ],, [ 94563187413969583638674324387 ],,,, [ 234015717898831501 ], 
  [ 102536147758099483 ], [ 12189829571, 5012795452373161718644741811 ], [ 9908192897 ], 
  [ 309363828870311713, 722538825966354749041, 260661058295624769161419 ],, 
  [ 150023937213299 ], [ 5900964301 ], [ 3137731774107111257054268551249171 ], 
  [ 23602622383 ], [ 9112425773967172538146023211 ], [ 2886930456165057521 ],, 
  [ 49973868690709, 4775182274248015866076909, 
      3310169348465030147873174279119863696080751559 ], [ 12031606582316926976740297 ], 
  [ 24050236981, 1767289274910308641381, 301659404094728117523744401, 
      394872973366010713638391206187389219439357141 ],,,, [ 48532090555441 ], 
  [ 90698322243961 ],, [ 3254055840890194116589, 3648927073332932566687 ], 
  [ 60847617594448994357811628417 ],, [ 12547178749866148651 ], 
  [ 13664652559981153331788279 ], [ 1870800165146009, 17338595735133386033082821633 ], 
  [ 6399971032434460812307 ], [ 5424303420691 ],, [ 10651105754173 ], [ 144350609539 ],, 
  [ 214291935181 ], [ 160580048641, 19054692936185598292690081 ],, 
  [ 153957498110497, 19210409770687128433816582240531690561 ],, 
  [ 134673216264009593, 467507066450184161, 6976041016061833061 ], [ 478797416462048311 ],, 
  [ 137613832309 ], [ 7354930269320174899809697 ], [ 66318797819 ], 
  [ 22720770131, 51367864806563141, 2049432589089567931 ],, [ 658039718009 ],, 
  [ 37809508125019, 616439179059977527 ],,, [ 4743391203266433095512177 ], 
  [ 15671863892617, 35847561478114286905563631 ], [ 61956514538377 ], [ 1399348277280094321 ]
   ,, [ 5139519841 ], [ 51943042447 ],, [ 3638414981 ],, [ 58520528749, 109592304488636971 ],
  [ 34377015797 ],, [ 3439068367321 ], [ 1159960463131, 2107229457743 ], 
  [ 73550204578095442787612929 ], [ 983112108805007 ],,, 
  [ 22074627401, 84332180689, 1985692529835467041 ],,, [ 30328315364803, 40384370128722239 ],
  [ 1864792632806645291150801, 9681026128606873745236001, 43853193544157973504141964801 ],, 
  [ 238923562007196726133 ], [ 53489042461 ], [ 1794091884151516429 ],,,,,, 
  [ 198868545942052771, 1273326032688954509794894471 ], [ 9367677535157, 117622418629832327 ]
   ,, [ 60841138951 ], [ 28671189245992065788695189 ],, [ 215276192856193047341689 ],, 
  [ 4368801097, 3905358722737787219729536244831 ], [ 1322025412681 ], 
  [ 15563321075893713314281, 21133527790814811322920799888620101 ], [ 441498727899893 ],,, 
  [ 525247274273, 2384106752208097750177 ], [ 2875963501, 2518040521351 ], [ 76438230761 ],, 
  [ 2321347051143428713 ], [ 434443886642473 ], [ 1062888951301 ], 
  [ 8502247909, 25463397022603 ],, [ 7194715853197 ], [ 3095235001, 156430764933067 ],, 
  [ 1623368275550369 ], [ 289077765294049 ],,,, [ 129455536220531 ], 
  [ 604479464791294159, 2470599422425068687726403 ],, 
  [ 97964900844661, 13046035961518442821, 59285280997643205284257 ], 
  [ 114211044851, 42112093273531, 1204400198977991 ], [ 1912775356189 ],, 
  [ 237601549721, 160606721984129 ],, [ 188841624331001, 36133383024996592164052486549394501 
     ], [ 16797050521, 37125942978370800487 ],, [ 11768305121 ],, [ 168062399161 ], 
  [ 3819495180518282040833 ],,,, [ 43696506881, 1705667899261 ],, [ 13989762481 ],, 
  [ 374307322620782814218212489, 98248955540251389211365999632497 ], [ 1652154339933599741 ],
  [ 748504689199, 15606438008228663 ],, [ 130499788431628321 ], [ 70672457411 ],, 
  [ 21677540947 ],, [ 18984326089, 985360648273 ], [ 91787536969170587, 1356872095260320173 ]
   ,, [ 67771498575433 ], [ 13056907812359767 ], [ 73321144213285607578326539 ], 
  [ 18926215565765779 ], [ 32002899281678641, 460197813930146517961 ], [ 2255898349 ], 
  [ 1318429041681862932632722582537 ], [ 124319749346029 ], [ 187781803192125193 ], 
  [ 48753065309821 ],,, [ 139897982881 ], [ 36537067521287, 85819824878778407 ], 
  [ 340439986672411299161 ], [ 1274259901 ], [ 192758196124049, 455068932316971997 ],, 
  [ 37752448519155217 ],,, [ 66234599425788751, 467760144988653661 ], 
  [ 2854002718937, 459217606019608274116515421 ], [ 87142255331, 106323046727 ], 
  [ 41729262901 ], [ 289387864393993 ],,, [ 572481524262492193 ],, [ 1669316335628440161511 ]
   ,,, [ 547106846263, 67006689254169733 ],,, [ 3235130497 ], [ 1572496351 ],, 
  [ 172602222031 ], [ 729921104509, 1893643040689 ],, 
  [ 2832313752043, 10194571406879185687, 13347892553293540159 ],,,,,, 
  [ 162408549421, 2828116131733, 5241518394841 ], 
  [ 131418235001, 4320604393951, 16851088677151, 431260871404364951 ], [ 2576212026987581 ],,
  , [ 195663561031, 676860735409063787 ],,,, [ 204584957587, 4026674796499 ],,,, 
  [ 3592033799 ],,, [ 1419874528659879827944361 ],, [ 2420038662353126209 ], [ 76505293187 ],
  [ 689376852433, 16203184084361 ],,,, [ 33067680328539061 ], [ 329235816353701 ], 
  [ 433118701364651, 1292662940088891372012551 ], 
  [ 13863926467, 2436544994833, 709150260527412211, 1003013937755942347 ], 
  [ 491361217601, 143231200202164801 ],, [ 28944393823087, 8305479565769508765913 ], 
  [ 768392578991 ],, [ 93370835858203 ],,,,, [ 3088865074901 ],, [ 17024597773 ], 
  [ 40344517983373061 ],,,,,, [ 4690656284917 ], [ 10743361844068435609 ], [ 41312689987 ], 
  [ 1080098911, 1245949046103851 ],,, [ 35046543559 ],,,, [ 4428217459, 89523428082073 ],,, 
  [ 78205065513985537 ],,, [ 846249477373 ], [ 20878043144147149 ],, [ 5384827111 ], 
  [ 3579113123 ], [ 3357667769 ], [ 3454667287 ],,, [ 40855358809, 575151500089 ], 
  [ 310084377121 ],,, 
  [ 201849311201, 17220693916777601, 22020730477703201, 1352067388680527201 ],, 
  [ 3598903857919, 500537082827168839 ],, [ 1176396150641, 4862384943729037 ], 
  [ 1356495661, 29867552821 ],, [ 11803822098487 ], [ 194653797105721 ], 
  [ 91417072217, 32399024264251 ],,, [ 8455560850893897553 ],,,, 
  [ 350580189857, 899358394244270273 ], [ 5659150369 ], [ 16454370732713 ], [ 107914803371 ],
  [ 74591826966301 ],, [ 2041009753, 2235426023091557, 18084402485935343 ],, 
  [ 7162403041, 3371893201321 ], [ 2884117151 ],,, 
  [ 170436618773, 968244560489, 496296873966082417, 1375076040388556629 ], 
  [ 1444696617079, 2144618583823 ],,, 
  [ 740946451099681, 19706964165950977, 38133355941693217, 29601515467288949064319009 ],, 
  [ 13001552699293523 ], [ 661705873238911 ],,,, [ 5686142149469 ],,, [ 90802107787 ], 
  [ 2460069373 ],,, [ 3287978009 ],, [ 11221671553 ],, 
  [ 1113934951, 18715879350993539480048392051 ], [ 2458646493204331 ],,, [ 7076472577 ], 
  [ 5661870761 ], [ 1597801557724704457 ],, [ 3501415039, 812305047680709419 ],,,, 
  [ 4375893523, 19020859234510541101 ], [ 384895313237 ],,,,, [ 2911605373 ],, 
  [ 3367286801, 39944031550645364071 ],,, [ 1771423204211 ], [ 1896991873676527 ], 
  [ 3907615051, 13734474120676051 ],,,,, [ 48679687914667158241 ],,,, [ 4401632043689 ],, 
  [ 4421565307, 22536618499, 1552697092370773, 3560302511067691, 7738855841455183, 
      2661804980625012373 ],,, [ 5204621623 ], [ 9940293417148781 ], 
  [ 116793976547, 444032417911, 309711550129441 ],,, 
  [ 42822732994081, 594888889557293267, 1316715962470672408139977 ], 
  [ 33186616526031433741 ], [ 4417683496877969 ], [ 36475914774487469 ], [ 5110572587101 ],, 
  [ 623426079415501 ],, [ 10457917677167 ],,,, [ 29386758589 ],,,, 
  [ 1372490468068277170007821 ],,,, [ 19648372503587, 49013443128959, 891049643434579 ], 
  [ 34543322207691626221 ], [ 2543376630649, 28704298666329361 ],,,,, [ 1878855680027 ],, 
  [ 860231406253 ], [ 3330436590557029, 38527997792016533, 422631590141351309 ],,,,,, 
  [ 1941098686580400761 ],,, [ 10291896343 ], [ 315545678341, 714173344743007 ],, 
  [ 7243723926801049033 ],,,, [ 2175823479390818804556752521 ],,,, [ 2028645977422602337 ],, 
  [ 1365076987, 3402974009152537 ], [ 240805801622149 ],,, [ 2198986351 ],,,, 
  [ 245669270699 ], [ 1742656917571 ], [ 13070206141, 72644068801 ], [ 5125573043 ],,, 
  [ 750452333620081 ],,,, [ 4855122373, 16355857365831905197 ], [ 19716621941 ], 
  [ 253759642687666072974407 ], [ 3029724811, 1052161584391 ],, [ 2826902387 ], 
  [ 89831768581, 1159502386981, 41308244917831, 125614441628881, 706261856006625756441591301 
     ],, [ 120678569160293 ],, [ 99149510587, 1862404851371 ],, [ 1787465877414304897 ],,, 
  [ 7781539981, 1466146259593 ],,,,, [ 69520825841, 34888637133841 ],,,,,,,,,, 
  [ 223173111174157, 16683550809018787 ],,,, [ 66030232442201 ],,,, [ 20849601040185947 ],,, 
  [ 1168701491 ], [ 7022015403151297 ], [ 8093298533 ], [ 13268882079230081 ],, 
  [ 30897704371263811 ],, [ 51519878497 ],,,, [ 256765758481 ],,,,, [ 3321742363921 ],,,,,, 
  [ 634523477445661 ],,, [ 169852604480371 ],,,, [ 11409998597360903 ],,,,, [ 88812753067 ], 
  [ 2759100834007681 ],,,, [ 58378049163617, 975588231856253 ], [ 95734854767191 ],,, 
  [ 10255372837201, 473676256953055153 ],,,, [ 4130598649, 93969728201 ], 
  [ 2853894709, 10577502961 ], [ 1225203006533483323 ],, [ 1498853729969 ],,,,,, 
  [ 74793200695387 ], [ 58208911170931 ],,, [ 61500934837 ],, [ 4471535097089 ],,,, 
  [ 1559695201 ],,,, [ 44212615756667801 ],, [ 206766357821341 ],,,,,,,,,,, [ 71042543339 ], 
  [ 311190253921 ], [ 9416414549 ],,,,,,, [ 3931920402866717 ],,,, [ 1076034727 ],,,, 
  [ 286833829643761 ],, [ 6215710489633, 120857535430799269 ], [ 2512887431 ], 
  [ 158945594141, 4730633388881 ],, [ 94017467747257 ],,,,,, [ 38335007243854639 ],, 
  [ 369580798917360001 ],, [ 7843865058217 ], [ 4233927043 ],,, [ 68051065839769 ], 
  [ 4514965163 ],, [ 1882598761 ],,,,, [ 11222745497 ],, [ 51362037473, 46968811660577 ],, 
  [ 5762810269 ], [ 86576052221 ],,, [ 341997385662787 ],,,,,, 
  [ 27971145841, 57142048099477837 ],,,, [ 1859473409 ],,,,,,,,,, [ 9232422481 ], 
  [ 33292836613 ], [ 937902164377 ], [ 157023136531 ],, [ 5476738957 ], [ 9616676531713 ],,, 
  [ 2076842701 ], [ 11543652697 ],, [ 20801366101 ],,,, [ 7009337642991233339 ],, 
  [ 1152873669481 ],, [ 70888296091 ],, [ 5722640002913 ],,,,,,,,,, [ 189058743898943 ],, 
  [ 48606309904013 ],, [ 3374937902061391, 1230304563822033001 ],,, [ 22041014473 ],,, 
  [ 888872870689, 10205348658097, 993402392285321353 ],, [ 814472719227905900501 ],,,,, 
  [ 1047727657 ],,,,,, [ 90450205375267 ], [ 5921214883, 4647755019437 ],, 
  [ 1160034030257101 ],,,,,,,, [ 980728210909 ],,,, [ 245524903937 ],, [ 103931985162778693 ]
   ,,,,,,,,,, [ 133906164206522909 ],,,,,, [ 44459612101 ],, [ 163925924641, 81995185921057 ]
   ,, [ 1549282393, 168096549419 ],,,,, [ 17320845077 ],,, [ 8764727419157, 10853677385479 ],
  , [ 76849821793 ],,,, [ 196358397857161 ], [ 25104134309 ],,,, [ 59762543707 ],,,,,, 
  [ 421870542187 ],,,,,, [ 3187690643821 ],,, [ 164973641188921 ],, [ 258032037821 ], 
  [ 1034171227, 54921566107 ],,, [ 57528613027 ], [ 101508866561 ],,,,, [ 13956630534001 ],,,
  ,,,,,,, [ 2869795111 ],, [ 9588067041361 ],, [ 5452970853265093 ],,, 
  [ 11412310757, 25697054321 ],,,, [ 2860812043 ],,, [ 27026368783791301 ],,,,,,,, 
  [ 1463206002394957 ],,,, [ 504028339981921 ],,, [ 214784429869 ], [ 506035315481 ],,,,,,,, 
  [ 43503648901 ],,,,,, [ 3794955460237 ],,,,,,,,,, [ 5126398037221337 ],,,,,,,, 
  [ 4066002361, 30209376061 ],,,,,,,,,,,, [ 8893798393 ],,,,, [ 48237569077 ],, 
  [ 5176427059 ],,, [ 2729637711613 ],, [ 14440406401 ],,,, [ 297727401460001 ],, 
  [ 34847554332673 ], [ 1388647483, 2486142119 ], [ 637628480513, 18677615062013 ],, 
  [ 20917366667 ],, [ 22551915457, 4174979242897, 136416225891457 ],, [ 929195316189641 ],,,,
  , [ 16933358681 ],, [ 43386843133 ],, [ 1438220677 ], [ 19582268172601 ],, [ 12885548719 ],
  ,,, [ 5554473643 ],,,,,, [ 147514981969, 2943822916753 ],,,,,,,,,,,, [ 3567133981 ],,,,,, 
  [ 4604719351 ],,,, [ 5577417019 ],,, [ 1346425627 ],,, [ 35250074221 ],, 
  [ 2025521508889, 37846057945987 ],, [ 34779826649 ],,, [ 3823583831 ],,,, 
  [ 9131423113, 10497466477, 827775885007 ],, [ 421659250003 ], 
  [ 2525574367, 156847077728641891 ],,,,,,,,,,,,,, [ 1917544513 ],,,, 
  [ 5802949153, 2458972292869 ],,,,,, [ 2715901001641 ],,,,,,,,,,, [ 848332209383 ],,, 
  [ 7863879409 ],,,,,,,, [ 9882160961, 4704523303201 ],, [ 1381288591, 109372695763 ],,,,,,, 
  [ 54075487201 ],,,,, [ 1117180513, 50259509371, 594717061303, 1912041890062615963 ], 
  [ 111884091421 ],,,,,,,,,, [ 2390785036571 ],, [ 10384433321 ],,,, [ 8212974313 ],,,,,,,,,,
  ,, [ 324913313407 ],,,,,,,,,,,,, [ 286605563502889 ],,,,,,,,,,,, [ 2451866257369 ], 
  [ 48629657693 ],,,,, [ 134914949438359 ],,,, [ 82962357769 ],,,,,, [ 20779504901 ],,,,,,,,,
  ,,,,,,,,,,, [ 1456039165780729 ],,,,,,,,,,,, [ 4639856766829 ],,,,,, [ 53474329077121 ],, 
  [ 1928746117 ], [ 1145322811 ],,, [ 68308145569 ],,,,,,,, [ 74536327497497 ],,,,,, 
  [ 1524734487713 ], [ 55291116379 ],, [ 4063825151 ],,,,,,,,,,,, [ 1449990083 ], 
  [ 209913717331 ],,,, [ 640189446527 ],, [ 2217658033 ],,, [ 21392454799, 29258112313 ],,,,,
  ,,, [ 11017051921 ],,,, [ 1724731663 ],,,,, [ 21189346697 ],,,,,,,,,,,,,,,,,, 
  [ 494402452351 ],,,, [ 54284531887, 1288655278158223 ],, [ 15991425409 ],,,,,,,,,, 
  [ 24497562421 ],,,,,, [ 3013238729089 ],,,,,, [ 45649462588201 ],,,,,,,,,,,,,,,,,,,,,,,,,,
  , [ 11855466019, 127274341933 ], [ 34933188811 ], [ 3035333449 ],,,,,,, [ 144699269023 ],,,
  ,, [ 152952662981, 3732581190521 ],,,,, [ 7251809552269 ],,,,,,,,, [ 1118110393732291 ],, 
  [ 159615266203 ],,,, [ 1486008761 ], [ 84195274915217 ],,,, [ 30444312937 ],,,,,,,,,,,,,,, 
  [ 12730702609 ],,,,,,,,,,,,,,, [ 2069353249, 116892388579 ],,,,,,,, [ 433795233763 ],,,,,,,
  ,,,,, [ 1439399431 ], [ 2194118551 ],,, [ 48396089701 ],,,,,,,,,,,,,, [ 3142239409 ],,,,,,,
  , [ 20530507849 ],,,, [ 220386520729 ],, [ 32131007959 ],, [ 3679471501, 1336750454308501 ]
   ,,,, [ 507384858817 ],,,,,, [ 27964994641 ],,, [ 1382013539, 1653000917 ],, 
  [ 10407589441 ],, [ 1091223611 ],,,,,,,,,,,,,,,,, [ 13039303733 ],,,,,, [ 176729101781 ],,,
  , [ 8133929417, 236218312441 ],,,,,,,,,,, [ 1890674741 ],,,,,,,,,,,, [ 36854661617 ],,,,,,
  , [ 1219225123 ], [ 2672951401 ],,, [ 39779544787 ],,,,,,,,,, [ 27890415593 ],, 
  [ 2277455581 ],, [ 5339482033 ],, [ 12114415020263 ],,,,,,,,,,,,, [ 29531077283 ], 
  [ 1466647153 ],,,, [ 1355351869 ],,,,, [ 36400704187 ], [ 70197180791 ],,,, [ 7680460339 ],
  ,,,, [ 124720073437 ], [ 1097970413 ], [ 1756713601, 3708815977 ],,, 
  [ 1036569697, 8706693889 ],,,,,,, [ 10060544566469 ],,,,,,,,,,, [ 1051832101 ],, 
  [ 25642794997 ],,,,,,, [ 7499283877 ],,,,,, [ 1162772731 ],,,,,,, [ 11182524937 ],,,,, 
  [ 2479065499 ],,,,,,,,,,,,,,,,,, [ 2917688251 ],, [ 9576907499 ], [ 2900195887 ], 
  [ 2345894251 ],,,, [ 245958590627803 ],,,,,,,,,,,,,,, [ 1749184098329 ],,,,,,,,, 
  [ 33042597743 ], [ 4139665921 ],,, [ 15697279231 ],,, [ 2905493869 ],,,,,,,, 
  [ 42960059507 ],,, [ 1085875111 ],,,, [ 69480413707 ],,, [ 337500029257 ],,,, 
  [ 6857250241 ],,, [ 1048455469 ],,,,,, [ 54901638161 ],,,,,,,,, [ 557726698031 ],,,,,,,,,,,
  ,,,,,,,, [ 55244843929441 ],,,,,, [ 6306095867 ],,, [ 15459413863 ],,, [ 2831297731 ], 
  [ 378694637119 ],,,,, [ 42380170831 ],,,,,,, [ 5393321584813 ],,, [ 2359994149 ], 
  [ 8811079037 ],,,,,,,,,, [ 1091033898473 ],,, [ 8625982681 ],,,, [ 176244596089 ],, 
  [ 165863403791 ],,,,,,,,,, [ 2084440717 ], [ 1863045329 ],,,,,,,,, [ 1971344611703 ],, 
  [ 2009033119 ],,,,, [ 4941708073 ],,,,,,,,,,,,,,,,,,, [ 1045888621 ], [ 5322086977 ],,,,,,,
  , [ 2474661097 ],,,,,,, [ 2032232731 ],,,,, [ 11628485353 ],, [ 1065006451, 4305881081 ],,,
  ,, [ 2752345241 ], [ 7103600657 ],,,,,, [ 5516560919 ],,,,, [ 41612940653 ],, 
  [ 2480886901 ], [ 11176703341 ],,,,,,, [ 6617253007 ],, [ 1344492559859 ], [ 7783214041 ],,
  ,, [ 20403442513 ],,,,,, [ 2108925592801 ], [ 98206257871 ],,,, [ 342428545031 ],,, 
  [ 3742188341 ],,,,, [ 1783467947 ],,,,,,,,,,,, [ 7870162308301 ],,,,,, [ 19549078529 ], 
  [ 1220171923183 ],,,,,,,,,,, [ 1510494701 ],,,,,,,,,, [ 1089423689, 75876201897091 ],, 
  [ 1277369461 ],,, [ 181777440913 ],,,,, [ 3493243447 ], [ 7092228497 ],, 
  [ 2587521889, 281565813313 ],,,, [ 8122310921 ],,,,,,,,,,, [ 56657279689 ],,,,, 
  [ 892206194029 ], [ 1320440437, 6991379179 ],,,,,,,,,,,, [ 786319306009 ],,, 
  [ 280267312573 ],,, [ 593563055851 ],,,,,,,,, [ 16358289955057 ],,,,,, [ 1522948681 ],, 
  [ 18065567017 ],,,,,,,,,,,,,,, [ 1102916891 ],,, [ 3793065761 ],, [ 14755942921 ], 
  [ 1326970373 ],,, [ 1185713489 ],, [ 1991058647, 793619972333 ],,,, [ 8001208349 ],, 
  [ 2157450017 ],, [ 57036176731 ],,, [ 75161444653 ],,,,,,,,, [ 190061703673 ],,, 
  [ 1510559233 ], [ 2306662807, 12373717277 ],,,,,,,,,,,, [ 5154563899 ],,,,,,,,,,,,,,,, 
  [ 1616782801 ],,,,,,,,,,,,,,,,,, [ 2807382423457 ],,,,,,,,,,,,,,,,,,,,,,,,, [ 2460427579 ],
  ,,,, [ 1680999629 ],,,,,, [ 79737056953 ],,,,,,, [ 13715854483 ],,,,,,,, [ 46129934467 ],,,
  ,,,,,,,,,, [ 4488351121 ],,, [ 12966397201 ],,,,,,,,,, [ 21134376121 ],,,, 
  [ 626214830047 ], [ 2422372501 ],,,,,,,,,,,,,,,,,,,,,,,,,,, [ 1826650387 ],,,,,, 
  [ 1083556044541 ],, [ 2031072521 ],,,,,,,,,,,,,,,, [ 468771063931 ],,,,,, 
  [ 51270615267373 ],,,,,,,, [ 9281969351 ],,,, [ 207157554727 ],,, [ 2796375313 ],,,,,, 
  [ 95512534489 ],,,,,,,,,,,,,,,,,, [ 2319199297 ],,,, [ 466017960251 ],,,,,,,,,,,,,,,,,,,,,,
  ,,,, [ 3678067009 ],,,,,,,,,,,, [ 7878410797 ],,,, [ 4112532113 ],,,,,,,,,,,,,, 
  [ 34507965979 ],, [ 4383400393 ],,,,,,,,,, [ 2968873597 ],,,,,,, [ 16586471351 ],,,,,, 
  [ 21875747323 ],,, [ 8854375993 ], [ 14388979921 ],,, [ 1002052133 ],,,,,,,,,,,,,,,,,,,,,,,
  ,,,,,,,,,,, [ 10807186009 ],,,,,, [ 1965913867 ],,,,,, [ 3802673629 ],,,,,,,, 
  [ 2229141349 ], [ 14336719471 ],,,,,,,,,,,,,,,,,,,,,,,,,,,,,,,,,, [ 3211170089 ],,, 
  [ 8802585991 ],,,,,,,,,,,,,, [ 480571921009 ],, [ 12758973481 ], 
  [ 3212882587, 8078784269041 ],,,,,, [ 21555591721 ],,,,,, [ 1128708367, 8758407811 ],,, 
  [ 1243213063 ],,, [ 2260827510211 ],,, [ 3263804737 ],,,,,, [ 7591451869 ],,,,,,,,,,,,,,,,,
  ,,,,,,,,,,, [ 3471913651 ],,,,,,,,,,, [ 5494888153 ],,,,,,,,,,,,,,,,,,,,, [ 2249100143929 ]
   ,,,,,, [ 253153055761 ],,,,,,,,,,,, [ 178025407873 ],,,,,,,,,, [ 70861505639 ],, 
  [ 20838604537, 22152012481 ],,,,,,,,,,,,,,,,,,,,,,,,,,,,,,,,,, [ 27440902039 ],,,,,,,,,,,,,
  , [ 2825499913 ],,, [ 3499189741, 99943369111 ], [ 133226603581 ],,,,, [ 22018593217 ], 
  [ 3648960041227 ],, [ 28085031109 ],,,,,,,,,,,,,,,,,,,,,,,, [ 1427888281 ],, 
  [ 1187191501 ],,,,,,,,,,,,,,,,,, [ 13298197217 ],,,,,,,,,,,,,,,,,, [ 13774289139437 ],,,,,,
  ,,,,,, [ 235974819677 ],,,,,,,,,,,,,,,,,,, [ 1238848993 ],,, [ 12515802961, 1115663715421 ]
   ,,,,,,,,,,,, [ 1783743697 ],,,,,,,, [ 1995912241 ],,,,,,,,,,,,,, [ 24881343241 ],,,,, 
  [ 6243850153 ],,,,,, [ 1311740251 ], [ 28653826637 ],,,,,,,,,,,,,,,,,,,,,, [ 6820162177 ],,
  ,,,,,,,,,,,,,,,,,, [ 1032415609 ],,,,,,,,,, [ 1235320711 ],,,,,,,, 
  [ 3123013433, 18391323259 ],, [ 35243838241 ],,,,,,,,,, [ 44729748467 ],,,,,,,,,,,,,,,,,,,,
  ,,, [ 1516037923 ],,,,,,,,,,,,,, [ 27306581157451 ],,,,,,,,,,,,,,,,,,,,,,,,,,,,,,,,,,,,,,,,
  ,,,,, [ 637051668221 ],,,,,,, [ 4846977697 ],,,,,,,,,,,,, [ 1896361121 ],,,,,,,,,,,,,,,,,, 
  [ 8912440087, 560930716699 ],, [ 3734408701 ],,,,,,,,,,,,,,,,,,,, [ 1451426533481 ], 
  [ 3398453917 ], [ 3909202637 ],,,,,,,, [ 444140167381 ],,,,,, [ 11370372697, 31784591737 ],
  ,,, [ 1673556701 ],,,, [ 33418961473 ],,,,,,,, [ 21750219241 ],,,, 
  [ 2387853121, 1224035726393 ],,,,,,,,,,,,,,,,,, [ 1163826571 ],,,,,, [ 1100526041 ],,,, 
  [ 6394638193 ],,,,,,,,,, [ 3125071513 ],, [ 1548500293609 ],, [ 7531100503 ],,,,,,,,,,,,,,,
  ,,,,,,,,,,,,,,, [ 547790070941 ],,,, [ 10887497719897 ],,,,,, [ 2054168143 ],,,,,,,,,,,, 
  [ 1040306431 ],,,,,, [ 2673528337 ],,,,,,,,,,,, [ 16407781969 ],,,,,,,,,,,,,,,,,,,,,,,,,,,,
  ,,,,,,,,,,,,,, [ 5858031691 ],,,,,,,,,,,,,,,,,, [ 3832397449 ],, 
  [ 3639907951, 387166548581, 753643116241 ],,,,,,,,,,,, [ 1704541931 ],,,,,,,, 
  [ 1452027491 ],,,,,,,,,, [ 131087402903321 ],,,,,,,,,, [ 10279097281 ],,,,,,,,,,,,,,, 
  [ 3533526180241 ],,, [ 2964372769 ],,,,,,,,,,,,,,,,,, [ 1629894619, 13584661003 ],,,,,,,,,
  , [ 9346972529 ],, [ 4544261257 ],,,,,,,,,, [ 5136357073 ],,,, [ 3391434329729 ],,,, 
  [ 620319228289 ],,,,,,,,,, [ 140996366603 ],,,,,,,,,,,,,, [ 43864386481 ],,,,,,,,,, 
  [ 4064241301 ],,,, [ 2377502429 ],,,,,,,,,,,,,,,,,,,, [ 2540796941, 11829500981 ],,,,,,,,,,
  ,,,,,,,,,, [ 14867146279 ],,,, [ 143561385133 ],,,,,,,,,,,,,, [ 143542619929 ],,,,,,,, 
  [ 1594689862501 ],,,,,,,, [ 53634829321, 67520093189 ],,,,,,,,,,,,,,,,,,,,,, 
  [ 221656411232051 ], [ 1311349843 ],,,,,,, [ 91661467367 ],,,,,, [ 38132777273 ],,,,,,,,,,,
  ,,,,,,,,,,,,,,,,,,, [ 4369997707 ],,,,,,,,,,,,,,,,, [ 1189499811067 ],,,,,,,,,,,,,,,,,,,,, 
  [ 21370094593 ],,,,,,,,,,,,,,,,,, [ 88155315931 ],,,,,,,,,, [ 350734252961 ],,,,,,,, 
  [ 112308488808193 ],, [ 11846662651 ],, [ 3331456657 ],,,,,,,,,,,,,,,, [ 219589427009 ],,,,
  ,, [ 5748535123 ],,,,,,,,,,,,,,,, [ 1226124271, 24561573571 ],,,,,,,,,,,, [ 2105694749461 ]
   ,,,, [ 6103830179 ],,,,,,,, [ 8099673187 ],, [ 6324884689 ],,,,,,,, [ 1188566737 ],,,,,,,
  , [ 8118719689 ],,,,,,,,,,,,,,,, [ 1400586373 ],,,,,, [ 92330257075669 ],,,,,,,,,,, 
  [ 147465645031 ], [ 3188645839 ],,,,,, [ 80981878981 ],,,,,,,,,,,,,,,,,,,,,,, 
  [ 20235023491 ],,,,,,,,,,,,,,,,, [ 1103630924597 ],, [ 5573032057 ],, 
  [ 1469320273, 9790722649 ],,,, [ 37691004101 ],,,,,,,,,,,,,,,,,,,,,,,,,,,,,,,, 
  [ 6391319293 ],,, [ 2126101891, 5084128201 ],,, [ 371771659999 ],,,,,,,,,,,,,,,,,,,, 
  [ 17182638523 ],,,,,, [ 416619159277 ],,,,,,,, [ 10280068037 ],,,, [ 1640399113 ],, 
  [ 16583191237, 54872375983 ],,,,,,,,,,,,,,,,,,,,,, [ 90524654081 ],,,, [ 1233536869 ],,,,,,
  ,,,,,,,,,,,, [ 43520795587 ],,,, [ 3662432549 ],, [ 6886062121 ],,,,,, [ 3070626377947 ],,,
  , [ 5888261189 ],,,,,,,,,,,, [ 221216617901, 409842376906681 ],, [ 1861795561 ],,,,,,,, 
  [ 78297608681 ],, [ 2866406863, 358667379080407 ],,,,,,,,,,,,,,,,,, [ 7233576001 ],, 
  [ 42722562607 ],, [ 1475141669 ], [ 9297070831 ],,,,,,,,,,,,, [ 113643645431 ],,,,,,,,,,,,,
  ,,,,,,,,,,,,,,,,,,,,,,,,,,,,,,,,,,,,,,,,, [ 3533820049 ],,,,,,,,,,,,,,,,,,,,,,,,,,,,,, 
  [ 4737198803 ],,,,,,,,,,,,,,,,,, [ 889235466121 ],, [ 3868818517 ],, [ 10863778969 ],,,,,,,
  ,,,,,,,,,,,,, [ 190637385121 ],,,,,,,,,, [ 23332984769 ],,,,,,,,,,,,,, [ 65236748249 ],, 
  [ 3759146581 ],,,,,,,, [ 10561445039 ],,,,,,,, [ 4391206093 ],,,,,,,,,,,, [ 49709025959 ],,
  ,,,,,,,, [ 1063485470897 ],, [ 8422404962501 ],,,,,,,,,,,,,, [ 2287519873 ],,,,,,,, 
  [ 2211770161 ],,,,,,,,,, [ 248768738821 ],,,,,,,,,, [ 9456792413 ],,,, [ 1426972961 ],, 
  [ 13613547160429 ],,,,,,,, [ 96684585607 ],,,, [ 20980311941 ],,,,,,,,,, [ 7416152881 ],,,,
  ,,,,,,,,,,,,,,,,,,,,,,,,,, [ 221750801621 ],,,,,,,,,,,,,,,,,,,,,, [ 1481232097 ],, 
  [ 14181368081 ],,,,,,,, [ 16089659244647 ],,,,,,,,,,,,,, [ 1075213261 ],,,,,, 
  [ 3899610553 ],,,, [ 101736907477 ],,,,,,,,,,,,,,,,,,,,,,,,,,,,,,,,,,,,,,,,,,,, 
  [ 16556410081 ],,,,,, [ 5318241793 ],,,,,,,, [ 6669159853577369 ],,,,,,,,,,,,,, 
  [ 1475377597 ],,,,,,,, [ 1011388417651, 2393047811467 ],,,,,,,, [ 158957581151 ],,,,,,,,,, 
  [ 19755365041 ],,,,,,,, [ 1634332649 ],,,, [ 27449428081 ],,,,,,,,,,,, [ 1236134329 ],,,,,,
  ,,,,,,,,,,,, [ 24118207291 ],,,,,,,,, [ 5094870182011 ],,,,,,,,,,,,,,, [ 1324830211 ],,,,,,
  ,,,,,, [ 1521615421 ],,,,,, [ 101460899941 ],,,,,,,, [ 5717529421 ],,,,,,,, [ 3395616001 ],
  ,,,,,,,,,,,,,,,,,,,,,,,,,,,,,,,,, [ 4445884367 ],, [ 3307114801 ],,,,,,,,,,,,,, 
  [ 68824315741 ],,,,,,,,,,,,,,,,,, [ 24805624537 ],,,,,,,,,,,,,,,,,,,,,,,, [ 2071794289 ],,,
  ,,, [ 41931687673 ],,,,,,,,,,,,,,,,,,,,,,,,,,,,,,,,,,,, [ 11182527253 ],,,,,,,,,,,,,,,,,,,,
  ,,,, [ 1697818711 ],,,,,,,,,,,,,,,,,,,,,,,,,,,,,, [ 202548145537 ],,,,,, [ 12126330938671 ]
   ,, [ 1904780641 ],,,,,,,,,,,,,, [ 13434164899 ],,,,,,,,,,,,,,,,,,,,,,,,,,,,,,,,,,,,,,,,,,,
  ,,, [ 7723630661 ],,,,,,,,,, [ 3671191231 ],,,,,, [ 9089909733841 ],,,,,,,,,,,,,,,,,,,,,,,
  , [ 2047138921 ],,,,,,,,,,,,,,,,,, [ 5280908167 ],,,,,, [ 1204843729, 45454357477 ],,,,,,,,
  ,,,,,,,,,,,,,,,,,,,,,,,,,,,,,,,,,,,,,,,,,,,,,,,,,,,,,,,,,,,,,,,,,,,,,,,,,,,,,,,,,, 
  [ 2639453101, 50210983087, 90742621861 ],,,,,,,,,,,,,,,,,,,,,,,,,,,,,,,,,,,,,, 
  [ 961284824837 ],,,, [ 1530236137 ],,,, [ 639521760461 ],,,,,,,,,,,,,,,,,,,,,,,,,,,,,, 
  [ 29433571501 ],,,, [ 4843161331849 ],,,,,,,,,, [ 1284341271217 ],,,,,,,,,,,,,,,,,,,,,,,,,,
  ,,,,,,,,,,,,,,,,,,,,,,,,,,,,,,,,,,,,,,,, [ 1758538351 ],,,,,,,,,,,,,,,,,,,,,,,,,,,,,,,,,,,,
  ,,,, [ 1481840911 ],,,,,,,,,,,,,,,,,,,,,,,,,,,,,,,,,,,,,,,,,,,,,,,,,,,,,,,,,,,,,,,,,,,,,, 
  [ 30014945321 ],,,,,,,,,, [ 109367280751, 506803148251 ],,,,,,,,,,,, 
  [ 3753205693, 3996520573, 9533565313 ],,,,,, [ 134106111589 ],,,,,,,,,,,,,,,,,,,,,,,,,,,,,,
  ,,,,,, [ 3772804153 ],,,,,,,,,,,, [ 1767979333 ],,,,,,,,,,,,,,,,,,,,,,,,,,,,,,,,,,,,,,,,,,,
  ,,,,, [ 10700573869 ],,,,,,,,,,,,,,,,,,,,,,,, [ 41081598037 ],,,,,,,,,,,,,,,,,,,,,,,,,,,,,,
  ,,,,,,,,,,,, [ 35247080251 ],,,,,,,,,,,,,,,,,,,,,,,, [ 17186497543 ],,,,,, [ 1239103321 ],,
  ,,,,,,,,,,,,,,,,,,,,,,,,,,,,,,,,,,,,,,,,,,,,,,,,,,,,,,,,,, [ 2213917441 ],,,,,,,,,,,, 
  [ 3659360793589 ],,,,,,,,,,,,,,,,,,,,,,,,,,,,,,,,,,,, [ 1694542849, 397959303169 ],,,,,,,,,
  ,,,,,,,,,,,,,,,,,,,,, [ 1182471139 ],, [ 6981176591201 ],,,,,,,,,,,,,,,,,,,,,, 
  [ 5333270947, 10947743089 ],,,,,,,,,,,,,,,,,, [ 89126630161 ],,,,,,,,,,,,,,,,,,,,,,,,,,,,,,
  ,,,,,, [ 1663756515829 ],,,,,,,,,,,,,,,,,, [ 1308640633 ],,,,,,,,,,,,,,,,,,,,,,,,,,,,,,,,,,
  ,,,,,,,,,,,,,,,,,,,,,,,,,,,,,,,,,,,,,,,,,,,,,,,,,,,,,,,,,,,,,,,,,,,,,,,,,, [ 7904563573 ],,
  ,,,,,,,,,,,,,,,,,,,,,,,,,,,,,,,,,,,,,,,,,,,,,, [ 25326317251 ],,,,,, [ 8268086401 ],,,,,,,,
  ,,,,,,,,,,,,,,,,,,,,,,,,,,,,,,,,,,,,,,,,,,,,,,,,,,,,,,,,,,,,,,,, 
  [ 31055440417, 43706167984441 ],,,,,,,,,,,,,,,,,,,,,,,,,,,,,,,,,,,,,,,,,,,,,,,,,,,, 
  [ 151893154141 ],, [ 6390869701 ],,,,,,,,,,,,,,,,,,,,,,,, [ 52746193501 ],,,,,, 
  [ 1843489621 ],,,,,,,, [ 10496688721 ],,,,,,,,,,,,,,,, [ 3380673061 ],,,,,,,,,,,,,,,,,,,,,,
  ,, [ 2530243921, 14726884741 ],,,,,,,,,,,, [ 1553800513 ],,,,,,,,,,,,,,,,,,,,,,,,,,,,,,,,,,
  ,, [ 1800394081 ],,,,,,,,,,,,,,,,,,,,,,,,,,,,,,,,,,,,,,,,,,,,,,,,,,,,,,,,,,,, 
  [ 61539338761 ],,,,,,,,,,,,,,,,,,,,,,,,,,,,,, [ 1420054771 ],,,,,,,,,,,,,,,,,,,,,,,,,,,,,,,
  ,,,,,,,,,,,,,,,,,,,,,,,,,,,,,,,,,,,,,,,,,,,,,,,,,,,,,,,,,,,,,,,,,,,,,,,,,,,,,,,,,,, 
  [ 6870807673 ],,,,,,,,,,,, [ 54756006181 ],,,,,, [ 1721937241, 11953775344921 ],,,,,,,,,,,
  , [ 23772815767 ],,,,,,,,,,,,,,,,,,,,,,,,,,,,,, [ 7840612189 ],,,,,,,,,,,,,,,,,,,,,,,,,,,,,
  ,,,,,,,,,,,,,,,,,,,,,,,,,,,,,,,,,,,,,,,,,,,,,,,,,,,,,,,,,,,,,,,,,,,,,,,,,,,,,,,,,,,,, 
  [ 2682901471 ],,,,,,,,,,,, [ 1986997429 ],,,,,,,,,,,,,,,,,,,,,,,,,,,,,,,,,,,,,,,,,,,,,,,,,,
  ,,,,,,,,,,,,,,,,,,,,,,,,,,,,,,,,,,,,,,,,,,,,,,,,,,,,,,,,,,,,,,,,,,,,,,,,,,,,,,,,,,,,,,,,,,,
  ,,,,,,,,,,,,,,,,,,,,, [ 19968624721 ],,,,,, [ 6659767291 ],,,,,,,,,,,,,,,,,,,,,,,, 
  [ 56741449081 ],,,,,,,,,,,,,,,,,,,,,,,,,,,,,,,,,,,,,,,,,,,,,,,,,,,,,,,,,,,,,,,,,,,,,,,,,,,,
  ,,,,,,,,,,,,,,,,,,,, [ 2190575089, 3877330393 ],,,,,,,,,,,,,,,,,,,,,,,,,,,,,,,,,,,,,,,,,,,,
  ,,,,,,,,,,,,,,,,,,,,,,,,,,,,,,,,,,,,,,,,,,,,,,,,,,,,,,,,,,,,,,,,,,,,,,,,,,,,,,,,,,,,,,,,,,,
  ,,,,,,,,,,,,,,,,,,,,, [ 304811203399 ],,,,,,,,,,,,,,,,,,,,,,,,,,,,,,,,,,,,,,,,,,,,,,,,,,,,,
  ,,,,,,,,,,,,,,,,,,,,,,,,,,,,,,,,,,,,,,,,,,, [ 3458909557 ],,,,,,,,,,,,,,,,,,,,,,,,,,,,,,,,,
  ,,,,,,,,,,,,,,,,,,,,,,,,,,, [ 42916332187 ],,,,,,,,,,,,,,,,,,,,,,,,,,,,,,,,,,,,,,,,,,,,,,,,
  ,,,,,,,,,,,,,,,,,,,,,,,,,,,,,,,,,,,,,,,,,,,,,,,,,,,,,,,,,,,,,,,,,,,,,,,,,,,,,,,,,,,,,,,,,,,
  ,,,,,,,,,,,,,,,,,,,,,,,,,,,,,,,,,,,,,,,,,,,,,,,,,,,,,,,,,,,,,,,,,,,,,,,,,,,,,,,,,,,,,,,,,,,
  ,,,,,,,,,,,,,,,,,,,,,,,,,,,,,,,,,,,,,,,,,,,,,,,,,,,,,,,,,,,,,,,,,,,,,,,,,,,,,,,,,,,,,,,,,,,
  ,,,,,,,,,,,,,,,,,,,,,,,,,,,,,,,,,,,,,,,,,,,,,,,,,,,,,,,,, [ 28839589549 ],,,,,,,,,,,,,,,,,,
  ,,,,,, [ 3367488975001 ],,,,,,,,,,,,,,,,,,,,,,,,,,,,,,,,,,,,,,,,,,,,,,,,,,,,,,,,,,,,,,,,,,,
  ,,,,,,,,,,,,,,,,,,,,,,,,,,,,,,,,,,,,,,,,,,,,,,,,,,,,,,,,,,,,,,,,,,,,,,,,,,,,,,,,,,,,,,,,,,,
  ,,,,,,,,,,,,,,,,,,,,,,,,,,,,,,,,,,,,,,,,,,,,,,,,,,,,,,,,,,,,,,,,,,,,,, [ 1855175953 ],,,,,,
  ,,,,,,,,,,,,,,,,,,,,,,,,,,,,,,,,,,,,,,,,,,,,,,,,,,,,,,,,,,,,,,,,,,,,,,,,,,,,,,,,,,,,,,,,,,,
  ,,,,,,,,,,,,,,,,,,,,,,,,,,,,,,,,,,,,,,,,,,,,,,,,,,,,,,,,,,,,,,,,,,,,,,,,,,,,,,,,,,,,,,,,,,,
  ,,,,,,,,,,,,,,,,,,,,,,,,,,,,,,,,,, [ 1224689551 ],,,,,,,,,,,,,,,,,,,,,,,,,,,,,,,,,,,,,,,,,,
  ,,,,,,,,,,,,,,,,,,,,,,,,,,,,,,,,,,,,,,,,,,,,,,,,,,,,,,,,,,,,,,,,,,,,,,,,,,,,,,,,,,,,,,,,,,,
  ,,,,,,,,,,,,,,,,,,,,,,,,,,,,,,,,,,,,,,,,,,,,,,,,,,,,,,,,,,,,,,,,,,,,,,,,,,,,,,,,,,,,,,,,,,,
  ,,,,,,,,,,,,,,,,,,,,,,,,,,,,,,,,,,,,,,,,,,,,,,,,,,,,,,,,,,,,,,,,,,,,,,,,,,,, 
  [ 3298927501 ],,,,,,,,,,,,,,,,,,,,,,,,,,,,,,,,,,,,,,,,,,,,,,,,,,,,,,,,,,,,,,,,,,,,,,,,,,,,,
  ,,,,,,,,,,,,,,,,,,,,,,,,,,,,,,,,,,,,,,,,,,,,,,,,,,,,,,,,,,,,,,,,,,,,,,,,,,,,,,,,,,,,,,,,,,,
  ,,,,,,,,,,,,,,,,,,,,,,,,,,,,,,,,,,,,,,,,,,,,,,,,,,,,,,,,,,,,,,,,,,,,,,,,,,,,,,,,,,,,,,,,,,,
  ,,,,,,,,,,,,,,,,,,,,,,,,,,,,,,,,,,,,,,,,,,,,,,,,,,,,,,,,,,,,,,,,,,,,,,, [ 12020391241 ],,,,
  ,,,,,,,,,,,,,,,,,,,,,,,,,,,,,,,,,,,,,,,,,,,,,,,,,,,,,,,,,,,,,,,,,,,,,,,,,,,,,,,,,,,,,,,,,,,
  ,,,,,,,,,,,,,,,,,,,,,,,,,,,,,,,,,,,,,,,,,,,,,,,,,,,,,,,,,,,,,,,,,,,,,,,,,,,,,,,,,,,,,,,,,,,
  ,,,,,,,,,,,,,,,,,,,,,,,,,,,,,,,,,,,,,,,,,,,,,,,,,,,,,,,,,,,,,,,,,,,,,,,,,,,,,,,,,,,,,,,,,,,
  ,,,,,,,,,,,,,,,,,,,,,,,,,,,,,,,,,,,,,,,,,,,,,,,,,,,,,,,,,,,,,,,,,,,,,,,,,,,,,,,,,,,,,,,,,,,
  ,,,,,,,,,,,,,,,,,,,,,,,,,,,,,,,,,,,,,,,,,,,,,,,,,,,,,,,,,,,,,,,,,,,,,,,,,,,,,,,,,,,,,,,,,,,
  ,,,,,,,,,,,,,,,,,,,,,,,,,,,,,,,,,,,,,,,,,,,,,,,,,,,,,,,,,,,,,,,,,,,,,,,,,,,,,,,,,,,,,,,,,,,
  ,,,,,,,,,,,,,,,,,,,,,,,,,,,,,,,,,,,,,,,,,,,,,,,,,,,,,,,,,,,,,,,,,,,,,,,,,,,,,,,,,,,,,,,,,,,
  ,,,,,,,,,,,,,,,,,,,,,,,,,,,,,,,,,,,,,,,,,,,,,,,,,,,,,,,,,,,,,,,,,,,,,,,,,,,,,,,,,,,,,,,,,,,
  ,,,,,,,,,,,,,,,,,,,,,,,,,,,,,,,,,,,,,,,,,,,,,,,,,,,,,,,,,,,,,,,,,,,,,,,,,,,,,,,,,,,,,,,,,,,
  ,,,,,,,,,,,,,,,,,,,,,,,,,,,,,,,,,,,,,,,,,,,,,,,,,,,,,,,,,,,,,,,,,,,,,,,,,,,,,,,,,,,,,,,,,,,
  ,,,,,,,,,,,,,,,,,,,,,,,,,,,,,,,,,,,,,,,,,,,,,,,,,,,,,,,,,,,,,,,,,,,,,,,,,,,,,,,,,,,,,,,,,,,
  ,,,,,,,,,,,,,,,,,,,,,,,,,,,,,,,,,,,,,,,,,,,,,,,,,,,,,,,,,,,,,,,,,,,,,,,,,,, [ 6010838401 ],
  ,,,,,,,,,,,,,,,,,,,,,,,,,,,,,,,,,,,,,,,,,,,,,,,,,,,,,,,,,,,,,,,,,,,,,,,,,,,,,,,,,,,,,,,,,,,
  ,,,,,,,,,,,,,,,,,,,,,,,,,,,,,,,,,,,,,,,,,,,,,,,,,,,,,,,,,,,,,,,,,,,,,,,,,,,,,,,,,,,,,,,,,,,
  ,,,,,,,,,,,,,,,,,,,,,,,,,,,,,,,,,,,,,,,,,,,,,,,,,,,,,,,,,,,,,,,,,,,,,,,,,,,,,,,,,,,,,,,,,,,
  ,,,,,,,,,,,,,,,,,,,,,,,,,,,,,,,,,,,,,,,,,,,,,,,,,,,,,,,,,,,,,,,,,,,,,,,,,,,,,,,,,,,,,,,,,,,
  ,,,,,,,,,,,,,,,,,,,,,,,,,,,,,,,,,,,,,,,,,,,,,,,,,,,,,,,,,,,,,,,,,,,,,,,,,,,,,,,,,,,,,,,,,,,
  ,,,,,,,,,,,,,,,,,,,,,,,,,,,,,,,,,,,,,,,,,,,,,,,,,,,,,,,,,,,,,,,,,,,,,,,,,,,,,,,,,,,,,,,,,,,
  ,,,,,,,,,,,,,,,,,,,,,,,,,,,,,,,,,,,,,,,,,,,,,,,,,,,,,,,,,,,,,,,,,,,,,,,,,,,,,,,,,,,,,,,,,,,
  ,,,,,,,,,,,,,,,,,,,,,,,,,,,,,,,,,,,,,,,,,,,,,,,,,,,,,,,,,,,,,,,,,,,,,,,,,,,,,,,,,,,,,,,,,,,
  ,,,,,,,,,,,,,,,,,,,,,,,,,,,,,,,,,,,,,,,,,,,,,,,,,,,,,,,,,,,,,,,,,,,,,,,,,,,,,,,,,,,,,,,,,,,
  ,,,,,,,,,,,,,,,,,,,,,,,,,,,,,,,,,,,,,,,,,,,,,,,,,,,,,,,,,,,,,,,,,,,,,,,,,,,,,,,,,,,,,,,,,,,
  ,,,,,,,,,,,,,,,,,,,,,,,,,,,,,,,,,,,,,,,,,,,,,,,,,,,,,,,,,,,,,,,,,,,,,,,,,,,,,,,,,,,,,,,,,,,
  ,,,,,,,,,,,,,,,,,,,,,,,,,,,,,,,,,,,,,,,,,,,,,,,,,,,,,,,,,,,,,,,,,,,,,,,,,,,,,,,,,,,,,,,,,,,
  ,,,,,,,,,,,,,,,,,,,,,,,,,,,,,,,,,,,,,,,,,,,,,,,,,,,,,,,,,,,,,,,,,,,,,,,,,,,,,,,,,,,,,,,,,,,
  ,,,,,,,,,,,,,,,,,,,,,,,,,,,,,,,,,,,,,,,,,,,,,,,,,,,,,,,,,,,,,,,,,,,,,,,,,,,,,,,,,,,,,,,,,,,
  ,,,,,,,,,,,,,,,,,,,,,,,,,,,,,,,,,,,,,,,,,,,,,,,,,,,,,,,,,,,,,,,,,,,,,,,,,,,,,,,,,,,,,,,,,,,
  ,,,,,,,,,,,,,,,,,,,,,,,,,,,,,,,,,,,,,,,,,,,,,,,,,,,,,,,,,,,,,,,,,,,,,,,,,,,,,,,,,,,,,,,,,,,
  ,,,,,,,,,,,,,,,,,,,,,,,,,,,,,,,,,,,,,,,,,,,,,,,,,,,,,,,,,,,,,,,,,,,,,,,,,,,,,,,,,,,,,,,,,,,
  ,,,,,,,,,,,,,,,,,,,,,,,,,,,,,,,,,,,,,,,,,,,,,,,,,,,,,,,,,,,,,,,,,,,,,,,,,,,,,,,,,,,,,,,,,,,
  ,,,,,,,,,,,,,,,,,,,,,,,,,,,,,,,,,,,,,,,,,,,,,,,,,,,,,,,,,,,,,,,,,,,,,,,,,,,,,,,,,,,,,,,,,,,
  ,,,,,,,,,,,,,,,,,,,,,,,,,,,,,,,,,,,,,,,,,,,,,,,,,,,,,,,,,,,,,,,,,,,,,,,,,,,,,,,,,,,,,,,,,,,
  ,,,,,,,,,,,,,,,,,,,,,,,,,,,,,,,,,,,,,,,,,,,,,,,,,,,,,,,,,,,,,,,,,,,,,,,,,,,,,,,,,,,,,,,,,,,
  ,,,,,,,,,,,,,,,,,,,,,,,,,,,,,,,,,,,,,,,,,,,,,,,,,,,,,,,,,,,,,,,,,,,,,,,,,,,,,,,,,,,,,,,,,,,
  ,,,,,,,,,,,,,,,,,,,,,,,,,,,,,,,,,,,,,,,,,,,,,,,,,,,,,,,,,,,,,,,,,,,,,,,,,,,,,,,,,,,,,,,,,,,
  ,,,,,,,,,,,,,,,,,,,,,,,,,,,,,,,,,,,,,,,,,,,,,,,,,,,,,,,,,,,,,,,,,,,,,,,,,,,,,,,,,,,,,,,,,,,
  ,,,,,,,,,,,,,,,,,,,,,,,,,,,,,,,,,,,,,,,,,,,,,,,,,,,,,,,,,,,,,,,,,,,,,,,,,,,,,,,,,,,,,,,,,,,
  ,,,,,,,,,,,,,,,,,,,,,,,,,,,,,,,,,,,,,,,,,,,,,,,,,,,,,,,,,,,,,,,,,,,,,,,,,,,,,,,,,,,,,,,,,,,
  ,,,,,,,,,,,,,,,,,,,,,,,,,,,,,,,,,,,,,,,,,,,,,,,,,,,,,,,,,,,,,,,,,,,,,,,,,,,,,,,,,,,,,,,,,,,
  ,,,,,,,,,,,,,,,,,,,,,,,,,,,,,,,,,,,,,,,,,,,,,,,,,,,,,,,,,,,,,,,,,,,,,,,,,,,,,,,,,,,,,,,,,,,
  ,,,,,,,,,,,,,,,,,,,,,,,,,,,,,,,,,,,,,,,,,,,,,,,,,,,,,,,,,,,,,,,,,,,,,,,,,,,,,,,,,,,,,,,,,,,
  ,,,,,,,,,,,,,,,,,,,,,,,,,,,,,,,,,,,,,,,,,,,,,,,,,,,,,,,,,,,,,,,,,,,,,,,,,,,,,,,,,,,,,,,,,,,
  ,,,,,,,,,,,,,,,,,,,,,,,,,,,,,,,,,,,,,,,,,,,,,,,,,,,,,,,,,,,,,,,,,,,,,,,,,,,,,,,,,,,,,,,,,,,
  ,,,,,,,,,,,,,,,,,,,,,,,,,,,,,,,,,,,,,,,,,,,,,,,,,,,,,,,,,,,,,,,,,,,,,,,,,,,,,,,,,,,,,,,,,,,
  ,,,,,,,,,,,,,,,,,,,,,,,,,,,,,,,,,,,,,,,,,,,,,,,,,,,,,,,,,,,,,,,,,,,,,,,,,,,,,,,,,,,,,,,,,,,
  ,,,,,,,,,,,,,,,,,,,,,,,,,,,,,,,,,,,,,,,,,,,,,,,,,,,,,,,,,,,,,,,,,,,,,,,,,,,,,,,,,,,,,,,,,,,
  ,,,,,,,,,,,,,,,,,,,,,,,,,,,,,,,,,,,,,,,,,,,,,,,,,,,,,,,,,,,,,,,,,,,,,,,,,,,,,,,,,,,,,,,,,,,
  ,,,,,,,,,,,,,,,,,,,,,,,,,,,,,,,,,,,,,,,,,,,,,,,,,,,,,,,,,,,,,,,,,,,,,,,,,,,,,,,,,,,,,,,,,,,
  ,,,,,,,,,,,,,,,,,,,,,,,,,,,,,,,,,,,,,,,,,,,,,,,,,,,,,,,,,,,,,,,,,,,,,,,,,,,,,,,,,,,,,,,,,,,
  ,,,,,,,,,,,,,,,,,,,,,,,,,,,,,,,,,,,,,,,,,,,,,,,,,,,,,,,,,,,,,,,,,,,,,,,,,,,,,,,,,,,,,,,,,,,
  ,,,,,,,,,,,,,,,,,,,,,,,,,,,,,,,,,,,,,,,,,,,,,,,,,,,,,,,,,,,,,,,,,,,,,,,,,,,,,,,,,,,,,,,,,,,
  ,,,,,,,,,,,,,,,,,,,,,,,,,,,,,,,,,,,,,,,,,,,,,,,,,,,,,,,,,,,,,,,,,,,,,,,,,,,,,,,,,,,,,,,,,,,
  ,,,,,,,,,,,,,,,,,,,,,,,,,,,,,,,,,,,,,,,,,,,,,,,,,,,,,,,,,,,,,,,,,,,,,,,,,,,,,,,,,,,,,,,,,,,
  ,,,,,,,,,,,,,,,,,,,,,,,,,,,,,,,,,,,,,,,,,,,,,,,,,,,,,,,,,,,,,,,,,,,,,,,,,,,,,,,,,,,,,,,,,,,
  ,,,,,,,,,,,,,,,,,,,,,,,,,,,,,,,,,,,,,,,,,,,,,,,,,,,,,,,,,,,,,,,,,,,,,,,,,,,,,,,,,,,,,,,,,,,
  ,,,,,,,,,,,,,,,,,,,,,,,,,,,,,,,,,,,,,,,,,,,,,,,,,,,,,,,,,,,,,,,,,,,,,,,,,,,,,,,,,,,,,,,,,,,
  ,,,,,,,,,,,,,,,,,,,,,,,,,,,,,,,,,,,,,,,,,,,,,,,,,,,,,,,,,,,,,,,,,,,,,,,,,,,,,,,,,,,,,,,,,,,
  ,,,,,,,,,,,,,,,,,,,,,,,,,,,,,,,,,,,,,,,,,,,,,,,,,,,,,,,,,,,,,,,,,,,,,,,,,,,,,,,,,,,,,,,,,,,
  ,,,,,,,,,,,,,,,,,,,,,,,,,,,,,,,,,,,,,,,,,,,,,,,,,,,,,,,,,,,,,,,,,,,,,,,,,,,,,,,,,,,,,,,,,,,
  ,,,,,,,,,,,,,,,,,,,,,,,,,,,,,,,,,,,,,,,,,,,,,,,,,,,,,,,,,,,,,,,,,,,,,,,,,,,,,,,,,,,,,,,,,,,
  ,,,,,,,,,,,,,,,,,,,,,,,,,,,,,,,,,,,,,,,,,,,,,,,,,,,,,,,,,,,,,,,,,,,,,,,,,,,,,,,,,,,,,,,,,,,
  ,,,,,,,,,,,,,,,,,,,,,,,,,,,,,,,,,,,,,,,,,,,,,,,,,,,,,,,,,,,,,,,,,,,,,,,,,,,,,,,,,,,,,,,,,,,
  ,,,,,,,,,,,,,,,,,,,,,,,,,,,,,,,,,,,,,,,,,,,,,,,,,,,,,,,,,,,,,,,,,,,,,,,,,,,,,,,,,,,,,,,,,,,
  ,,,,,,,,,,,,,,,,,,,,,,,,,,,,,,,,,,,,,,,,,,,,,,,,,,,,,,,,,,,,,,,,,,,,,,,,,,,,,,,,,,,,,,,,,,,
  ,,,,,,,,,,,,,,,,,,,,,,,,,,,,,,,,,,,,,,,,,,,,,,,,,,,,,,,,,,,,,,,,,,,,,,,,,,,,,,,,,,,,,,,,,,,
  ,,,,,,,,,,,,,,,,,,,,,,,,,,,,,,,,,,,,,,,,,,,,,,,,,,,,,,,,,,,,,,,,,,,,,,,,,,,,,,,,,,,,,,,,,,,
  ,,,,,,,,,,,,,,,,,,,,,,,,,,,,,,,,,,,,,,,,,,,,,,,,,,,,,,,,,,,,,,,,,,,,,,,,,,,,,,,,,,,,,,,,,,,
  ,,,,,,,,,,,,,,,,,,,,,,,,,,,,,,,,,,,,,,,,,,,,,,,,,,,,,,,,,,,,,,,,,,,,,,,,,,,,,,,,,,,,,,,,,,,
  ,,,,,,,,,,,,,,,,,,,,,,,,,,,,,,,,,,,,,,,,,,,,,,,,,,,,,,,,,,,,,,,,,,,,,,,,,,,,,,,,,,,,,,,,,,,
  ,,,,,,,,,,,,,,,,,,,,,,,,,,,,,,,,,,,,,,,,,,,,,,,,,,,,,,,,,,,,,,,,,,,,,,,,,,,,,,,,,,,,,,,,,,,
  ,,,,,,,,,,,,,,,,,,,,,,,,,,,,,,,,,,,,,,,,,,,,,,,,,,,,,,,,,,,,,,,,,,,,,,,,,,,,,,,,,,,,,,,,,,,
  ,,,,,,,,,,,,,,,,,,,,,,,,,,,,,,,,,,,,,,,,,,,,,,,,,,,,,,,,,,,,,,,,,,,,,,,,,,,,,,,,,,,,,,,,,,,
  ,,,,,,,,,,,,,,,,,,,,,,,,,,,,,,,,,,,,,,,,,,,,,,,,,,,,,,,,,,,,,,,,,,,,,,,,,,,,,,,,,,,,,,,,,,,
  ,,,,,,,,,,,,,,,,,,,,,,,,,,,,,,,,,,,,,,,,,,,,,,,,,,,,,,,,,,,,,,,,,,,,,,,,,,,,,,,,,,,,,,,,,,,
  ,,,,,,,,,,,,,,,,,,,,,,,,,,,,,,,,,,,,,,,,,,,,,,,,,,,,,,,,,,,,,,,,,,,,,,,,,,,,,,,,,,,,,,,,,,,
  ,,,,,,,,,,,,,,,,,,,,,,,,,,,,,,,,,,,,,,,,,,,,,,,,,,,,,,,,,,,,,,,,,,,,,,,,,,,,,,,,,,,,,,,,,,,
  ,,,,,,,,,,,,,,,,,,,,,,,,,,,,,,,,,,,,,,,,,,,,,,,,,,,,,,,,,,,,,,,,,,,,,,,,,,,,,,,,,,,,,,,,,,,
  ,,,,,,,,,,,,,,,,,,,,,,,,,,,,,,,,,,,,,,,,,,,,,,,,,,,,,,,,,,,,,,,,,,,,,,,,,,,,,,,,,,,,,,,,,,,
  ,,,,,,,,,,,,,,,,,,,,,,,,,,,,,,,,,,,,,,,,,,,,,,,,,,,,,,,,,,,,,,,,,,,,,,,,,,,,,,,,,,,,,,,,,,,
  ,,,,,,,,,,,,,,,,,,,,,,,,,,,,,,,,,,,,,,,,,,,,,,,,,,,,,,,,,,,,,,,,,,,,,,,,,,,,,,,,,,,,,,,,,,,
  ,,,,,,,,,,,,,,,,,,,,,,,,,,,,,,,,,,,,,,,,,,,,,,,,,,,,,,,,,,,,,,,,,,,,,,,,,,,,,,,,,,,,,,,,,,,
  ,,,,,,,,,,,,,,,,,,,,,,,,,,,,,,,,,,,,,,,,,,,,,,,,,,,,,,,,,,,,,,,,,,,,,,,,,,,,,,,,,,,,,,,,,,,
  ,,,,,,,,,,,,,,,,,,,,,,,,,,,,,,,,,,,,,,,,,,,,,,,,,,,,,,,,,,,,,,,,,,,,,,,,,,,,,,,,,,,,,,,,,,,
  ,,,,,,,,,,,,,,,,,,,,,,,,,,,,,,,,,,,,,,,,,,,,,,,,,,,,,,,,,,,,,,,,,,,,,,,,,,,,,,,,,,,,,,,,,,,
  ,,,,,,,,,,,,,,,,,,,,,,,,,,,,,,,,,,,,,,,,,,,,,,,,,,,,,,,,,,,,,,,,,,,,,,,,,,,,,,,,,,,,,,,,,,,
  ,,,,,,,,,,,,,,,,,,,,,,,,,,,,,,,,,,,,,,,,,,,,,,,,,,,,,,,,,,,,,,,,,,,,,,,,,,,,,,,, 
  [ 10376626177, 10744348673 ] ]);
