BRENTFACTORS[4083]:=MakeImmutable([ ,,,,,,,,,,,,,, [ 1337064811 ],, [ 2954004398269 ],, 
  [ 296342444441 ],, [ 2336591330809 ], [ 4138461557627 ],,, 
  [ 587498055401, 1153635490947385951 ], [ 205921546842467 ], [ 6250080976849 ], 
  [ 15520771445169677 ],,, [ 105282486317, 671788409477826993301115017607502377314004809 ], 
  [ 10583176148417, 232488955643135809 ], [ 8460618923427541606305383687011513 ], 
  [ 3698179218891582851 ], 
  [ 22419897991, 29612094541, 11853150810259808351, 190187759008061328431 ], [ 56710029601 ],
  [ 8640877398203286217233839, 88802770417636465693654400065814189714570827 ], 
  [ 19935066077038237 ], [ 2054954149 ],, 
  [ 1074724219580593511, 17955058796008249171, 589578750603557786371, 
      1532964481116547189475586229 ], [ 284693367813331 ],, [ 2006565881, 12520406114981777 ]
    , [ 6788836081, 108324548821 ],,,, [ 651087736769, 231941256492573907336455262831 ],, 
  [ 689508706153, 3290429647993 ], [ 32937357961, 2694907433273387489 ], [ 1276523657 ], 
  [ 3960300840787 ],, [ 68566291490236626528042544529844497 ], 
  [ 6955144333, 346934455008157, 3169865916177167899, 67351996572731872039459, 
      131648022205226677273759 ], [ 12353949163639, 3437256424648357, 3288900896976826981 ], 
  [ 1489225356071, 47461708149619469738367661282057 ],, 
  [ 12475771588921, 2337279381663467, 3156150881384107 ],,,, 
  [ 127673348923575939056561, 2691861263146980330318511 ], [ 143179276285321 ], 
  [ 6726931756372207 ], [ 33613099517, 1468501841452001413 ],, [ 2713471510936311721 ],, 
  [ 62463054803394953376764573084713 ],, 
  [ 520851027550421, 2007372205258105225050416951, 31432987188436827069595530013994449 ], 
  [ 182559697591665017642085743701 ], 
  [ 36303305934157, 38980603620797, 201418884174243540385829680065083713 ],, 
  [ 8402759075118580075332198268201 ],, [ 8728945601, 424615328897222440156498389621519041 ],
  [ 4799997778693969 ], [ 13367869519, 1168079052263, 153473964303840901479180716369 ], 
  [ 6379324820328240967 ], [ 48585461653, 894158925434101620721 ],, [ 65113891049 ], 
  [ 5040529222496243829966079 ],, [ 2217874197557 ],,, [ 5708477153179494342960433 ],, 
  [ 1416685049171407733, 4089818843751272623049413, 
      7445433404691764963273281458807433284428020664263 ],, 
  [ 91417062721, 905237974657121788159201, 2444820313692779805738721 ],, [ 1141907761 ], 
  [ 49748472956349820027, 63700616991461393499566869 ], 
  [ 49337639401, 25427866354827936401, 20870017701619380629049733777601 ], 
  [ 875924224287353, 4466771790124845379648273 ],, [ 86883186653 ], [ 2041686432761 ],, 
  [ 3410510993, 152682744514841 ], [ 1757662679 ], [ 2433521112661 ], [ 12009274471 ], 
  [ 1888605332199389710393961 ],, [ 1236498696721, 2627171915652179545777 ],, 
  [ 1005525705741769207, 1160614061852874121 ], [ 3149503391, 757673734211 ], 
  [ 1997148199545332782686593 ], [ 6093764226415711 ],, [ 32662067803, 35673346619 ], 
  [ 40631042594644399298943116559723176516789558401 ],, [ 553476728796317448581 ],,, 
  [ 681339581501, 711115794215501 ], 
  [ 6589468449901, 20005528213189, 458783016641695226791887226159688415149316125779 ], 
  [ 4157876893854169 ], [ 279149122177 ], [ 248106051018289 ], 
  [ 56630069954089451, 9794096822496409541 ], 
  [ 6573003028592411, 29216849356367251, 1065071292209998127471, 1800493084771589195065381 ],
  , [ 766688605607, 41591596232579 ], [ 19467846092351, 29765032937592292231 ], 
  [ 203978799149253211 ], [ 1206154940491081660337 ], [ 188086918319 ], 
  [ 8000368474104973627 ], [ 57613828109 ],, [ 2528792993471761 ], 
  [ 4859856707, 21774629643761251447 ], [ 150013626137289766519104581 ], 
  [ 10482940642177, 14398757295645597841, 469940057595622556123761, 
      52356026389780387187017921 ], [ 3060668523749559691 ], [ 9665395787 ], 
  [ 4271273000107766444797237 ], [ 1048782913181, 12363918127949 ],, 
  [ 7746221704686209401, 1222029440692796975494951, 9581059751082155409762233112751 ], 
  [ 25542619723 ], [ 5609143588110077633 ], [ 7758333521803 ], 
  [ 7880854367, 99375639722129, 6220251717658074765593 ],, 
  [ 11149321438477, 147485855147853442741 ],,, [ 249677831921634427 ], 
  [ 1273671041, 372883746347452259041 ], [ 6024071957, 1316605967010043781 ], 
  [ 8822205883, 631199767483, 22943074660829202889, 13198652884716540316586011 ], 
  [ 1222355257, 4863092280133 ],, 
  [ 329638550341, 210820995016790159761, 278993559208739525041 ], [ 91008424393236066419 ],, 
  [ 21361804524817, 314881132510813681 ], [ 2291567216922439 ], 
  [ 1453266961451, 3448245924721060637101 ], [ 2099517402709 ], 
  [ 8992630985537, 5829042282348589 ],, [ 1164999138379155883, 679146023732173838821 ],, 
  [ 6801619969 ], [ 66411372533581 ],, [ 10693507576297589 ], 
  [ 1138807801, 3745526431227661 ],, [ 121659831527446031, 166184546223987141943 ], 
  [ 155441642479734335113 ],, [ 4281366239017981 ], [ 55381757957077 ], 
  [ 547285676939, 4596515155277 ],, [ 31822026391, 467131089160639 ], [ 12637166951 ], 
  [ 760135717641673 ], [ 3380882245249 ], [ 5085005741 ], [ 240226141807751471 ],, 
  [ 129239974697 ], [ 1195162956881, 154291571068945596613 ], 
  [ 35679842551, 5852504571917212322577948331 ], 
  [ 3278439431, 1310374786081, 3369384796724911 ],, [ 4371279275510037013 ], 
  [ 6955934221861 ],,, [ 3556314991 ], [ 45310341487387013948343733 ], [ 325666360909 ], 
  [ 2448434636129, 10452199171639523889890833 ],, 
  [ 117910395541, 24957779828301391, 13321949516588285791, 
      8403407580124043960276341999523117275021050205951 ], [ 56835988750757 ], 
  [ 1529320847101179608389, 10715887475990575095521 ],, 
  [ 93683929609, 569985106913, 4537666477414763785038469 ], [ 5801758281601, 7161854878231 ],
  [ 7946046388618777, 1303628141966846452463741090992993 ], [ 4549051291 ], [ 662881581601 ],
  [ 150377861994397 ], [ 7838457232736681 ], [ 15274050793 ], [ 7821329969790193 ], 
  [ 631131134581 ], [ 6820076126993431535969 ],, 
  [ 44218605397, 241494004296737, 16632949144182181210036999 ], [ 8609935986341 ], 
  [ 1310218417, 2605325199937, 4493254761117373 ], [ 7593600217664749 ], 
  [ 22891918631, 4150138089628497467231281 ], [ 238512385966332787, 394617463656471498829 ],,
  , [ 796141180693 ],,,, [ 71245001035665978949 ],, [ 2985497761, 75528927405845900401 ],,, 
  [ 9210728377, 101261263629637 ],, [ 363273916111, 5592764138825011 ], 
  [ 46039060147, 32433737610181 ], [ 89492411633, 90672036703 ],, 
  [ 16959378547, 381009503565643 ], [ 19850084679333001 ], [ 168609806719 ], [ 21056177773 ],
  , [ 9544837198590739879 ], 
  [ 20716565161, 1273805982699571, 4594541138702607241, 794793449379445812391 ], 
  [ 121237261458858682095728192257 ], [ 14232775183359961 ], [ 3414153781546317937 ],,, 
  [ 8138426359069 ], [ 106606653240001543, 214769043599350897062319 ], 
  [ 3182783921, 38005880985021319 ],,, [ 994713749359513 ], [ 527338456983697 ],, 
  [ 129043026777649 ],,, [ 9527908852789153, 763936771514946817 ],,,, [ 17506146299077 ],, 
  [ 170701689075343, 59088594747674631697 ],, [ 85248248681, 7320312416761 ], 
  [ 46796845138507931 ],, [ 5971690541 ],, [ 1018780952437321 ], [ 47856109093937 ],,,, 
  [ 339386726821, 3782875963171, 25305429897551 ],, 
  [ 4507462258237, 13177783252693, 392099213109287501, 312533268651172962293 ], 
  [ 1886558348929 ],, [ 33526505741 ], [ 39187525906601, 29444259386062979321 ], 
  [ 13878568755499550059 ],,, [ 1810668619019598201601 ],, [ 97392736623251 ], 
  [ 6070160197 ], [ 978351878674806588737, 4393235829868164098268721 ], 
  [ 1866080891, 28966195871 ],, [ 96623999279, 29261466793789 ], [ 1211792737 ], 
  [ 12764938939 ],,,, [ 3901593203 ], [ 6301496269813, 236536377005569, 4080057978991139 ], 
  [ 65423661264361 ],,, [ 14617587727, 1434052078141, 29979648151845499 ], [ 79138996333 ],,
  , [ 601576907653, 220983562956899, 323018682891918371, 4967492132208942187433 ], 
  [ 66761614193 ], [ 449012178947582242923313 ], [ 3807836286151 ],,, [ 8927087441 ],, 
  [ 7211879071 ],,,,, [ 18131406657941 ], [ 55911055873, 327083915333953 ],, 
  [ 680821899551 ], [ 31097360893 ],,, 
  [ 394156730521, 3834020528256659869, 410666129427602228004163 ], [ 97557072675259 ],,,,,,, 
  [ 420568407243266745624174749401 ], [ 5838962221 ], [ 7615529153 ],,,, [ 21636206873 ],, 
  [ 11594322814567 ],,,, [ 96468487309 ],, [ 26858035421016073 ],, [ 2492937631 ], 
  [ 75618954667 ], [ 5455124177 ],,,, [ 290974143017629 ],,,,, [ 1386091748627 ], 
  [ 3612423151, 83572797465884351899 ], [ 171634901903 ], [ 177723099314366141 ],,,,,, 
  [ 1994853019 ], [ 589486089691, 1290307283677 ], [ 1474375169, 36631296893 ],, 
  [ 11573992128308551891 ],, [ 6056844200681 ],,, [ 2640941860201 ], 
  [ 60091231069, 17430458372014216947661 ],, [ 15023574253, 74699719327, 659522526451 ], 
  [ 85546106837731 ], [ 21944990016972347201 ], [ 722382708156749 ], [ 955518733747 ],, 
  [ 19890211993, 866125383649, 2403816357483276411673 ],,,, [ 1292880601 ], 
  [ 16137486026087 ], [ 2015488913791 ],,,, [ 17767985464819 ], 
  [ 8156400041, 2596877291431 ], [ 52426557476637761 ],, [ 2461853530799967877 ],, 
  [ 979447820821, 11150309645161, 528626119816621 ], [ 1155505229 ],,,, [ 13158400351 ],, 
  [ 4545064861, 35079283177 ], [ 151533251057 ], [ 39616526707759 ],,, [ 7202940769 ], 
  [ 14614877533 ], [ 1858916131372343, 931832460365278770761 ],,,,,,,,,,, 
  [ 1300043471, 11833602871 ], [ 17207160343 ],,, [ 107345771459, 277832971627 ], 
  [ 2129418575101 ],,,,,, [ 16147898449, 666783382561 ], [ 1174022033 ], 
  [ 77855164802136489701 ],, [ 51282979181461, 16791372735630781 ], [ 74602330903 ],,, 
  [ 5848086286260083512657 ],,,, [ 18972168591637 ], [ 1050487309691 ],,, 
  [ 1411489097, 20538380066534213449 ], [ 15340266943, 33827848451 ], 
  [ 6518850901, 72959925299978732311, 44542956480678960793717 ],, [ 415628977121 ],, 
  [ 4032581072020169 ],, [ 54452498943906752641 ],, [ 427738654468507 ], [ 1427578951 ],, 
  [ 9000776471, 60033399911 ], [ 4457611441 ],, [ 2115679146457 ],,, 
  [ 1055034287, 459525653843 ],, 
  [ 269690200379, 669673620607, 179114749896031, 4766461715133707 ], 
  [ 161680196936207, 53404541168747564056951 ],,,,, [ 3984373345877 ],,, 
  [ 43267049460222457, 1136352025747886599 ],,,,, [ 56361777094429 ], [ 261693477834757 ],,,
  , [ 19476794881, 25600445441 ],, [ 8182729913, 8537958235194587 ],,,,,,,,,,, 
  [ 11486928601 ], [ 3619656377, 9479886023, 716722236508370153 ],, 
  [ 2344331617, 2814887317441, 23818195626931703713 ],, 
  [ 3796739485181, 2269339385753607061 ],,,,,, [ 178133696213434201 ],,, [ 2806870529 ], 
  [ 3478673521, 576178802281 ], [ 74796597709 ],,, [ 89543533948417 ], [ 470488170071 ],,, 
  [ 457101089101 ],,, [ 1033443479 ], [ 5241206329, 3909844151449 ],, 
  [ 3895556261, 955603666771757 ],, [ 132565800089 ],, [ 202514297743, 18720311330647 ],,,, 
  [ 24425990784639679, 32227512733153046117 ],, [ 10850074152987443041 ],,,,,,,,,,,,,,,, 
  [ 1233462221, 119927697941 ],, [ 15925333726299589447 ],,, [ 12165422491 ], 
  [ 150304184839, 36680832737760263224457 ],,,,, [ 1021304737 ],,, 
  [ 1829730277, 6068466757, 215448800373379 ],,,, [ 76761277919 ],,,, 
  [ 1538370667, 17945559199 ],, [ 2174041829 ],, [ 1556932171 ],,,,,, [ 242043212953 ],,, 
  [ 19993160461, 1697241742051 ],,, [ 4400966784684031 ],,,,,, [ 27382071017809 ],, 
  [ 51414990311759 ],,,,,, [ 1460160506969, 362008531004233 ],,,, [ 2824731037 ],, 
  [ 327504030239 ], [ 75994000273 ],, [ 6487436647 ],,, [ 458235271733, 39756072810217 ], 
  [ 1934695561 ],,, [ 9041349504097 ],,,, [ 3880699667282657 ],,,, [ 61700040641 ],, 
  [ 352216471279 ],, [ 11365990681, 6077189449472461 ],, [ 438643007261, 1014764752741 ],,,,,
  ,,,,, [ 1513513328808128522113 ],, [ 4883363879 ],,,,,, [ 19958952001 ],, 
  [ 38861160579341 ], [ 2319791743 ], [ 2690371729 ],,,,,, [ 2310556081 ],,,,, 
  [ 20171500691 ], [ 679109761537 ],, [ 18648320698039, 221139128885431109 ],, 
  [ 55135257101 ],, [ 325001542321 ],, [ 20708360641 ],,,, [ 1232319313, 644414466193 ],, 
  [ 211344757121 ],,,, [ 1093133287 ],,,,,, [ 6307444227432241 ],,,, [ 1667083849 ], 
  [ 44054234951 ], [ 6132283873 ], [ 2184666989 ],,,,, [ 68307358117 ],,,,, [ 5708952349 ],,
  , [ 1337510920601, 4382483611001, 190370171201401 ],,,,, [ 2660727271 ], [ 3720235740281 ],
  , [ 54507533417789 ],,,,,,,, [ 4209559201 ],, [ 1375021097, 7959516199, 11425725887 ],,,, 
  [ 2156786899 ],,,, [ 1053872759 ], [ 8514477739 ],, [ 424548903263 ],, [ 6435436771 ],,,, 
  [ 11563571951, 170951423551 ],, [ 16974554899 ], [ 645510606701 ],,, [ 171197394611 ],,,,, 
  [ 7722864223 ],, [ 365138108393 ],, [ 30609667625322421 ],,,, [ 3263458307 ],, 
  [ 360249303968509 ],, [ 165110621719 ],, [ 669392836885601 ],,,,,, [ 2361711379 ],,,,,,,,,,
  ,, [ 6324796081140079 ],,,, [ 118609145945123569 ],,,, [ 93368388541, 496216241431 ],,,,,, 
  [ 1204247617 ],,,, [ 95631248021, 11458538977733 ],,,,,,,,, [ 8036592051281 ],,, 
  [ 184656595313 ],, [ 57447409801 ],,, [ 212491068841 ],,,,, [ 9335037427 ],,, 
  [ 25979586697 ], [ 591216652524227 ],, [ 501913590049 ],,,,,,,, [ 428208311676793 ],, 
  [ 2991147604321 ],, [ 584793679069 ],,,,,,,,,,,, [ 474389090713 ], [ 607768521571 ],,, 
  [ 224359829917 ],, [ 10029379231, 53212536723253 ],,,,,,,,,, [ 149185099561 ],, 
  [ 16426865897173 ],,,,,,,, [ 74841531797 ],,,, [ 4310670043, 539624565670681 ],,,, 
  [ 50704169273 ], [ 1900708057 ],,,,, [ 1110204449 ],,,,,, [ 5494935305053 ],,,, 
  [ 32181781395821 ],,, [ 8311566937 ], [ 138658428529, 3822566648077 ],,,, [ 6298913567 ],, 
  [ 29225325097 ], [ 3899393551 ], [ 2042607775601 ],,,,,, [ 146199016821029 ],,,, 
  [ 548279963583361 ],,, [ 1547388847 ], [ 3117672401 ],,, [ 97618532027 ],,,,, 
  [ 175991900473 ],,,, [ 240277433521 ],,,, [ 6172937092981 ],,,,,, [ 11512829736440041 ], 
  [ 84776848969 ],,, [ 10207047511, 107254088323471 ],,,,,,, [ 352649312669 ],,,,,,, 
  [ 2451505957, 29418390921709 ],, [ 181255355861 ],,,,,,,,,,,,, [ 1335776674699 ],,,,,,, 
  [ 410056708713679 ],,,,,,,,,, [ 13742949221 ],, [ 34149651937 ],,,,,, [ 11702339029 ],,,, 
  [ 1179446449 ],, [ 4466093648101 ],,, [ 5464438201 ],,, [ 3397339004929 ],,, 
  [ 80755605967 ],,,,,, [ 1339444111 ],, [ 18947700641 ], [ 319456812889 ],,,,,,,,,,,,,,,,,,,
  ,,,,,,,,,,, [ 95631386041 ],,,, [ 13229623507 ],,,,, [ 1119143791 ],, [ 780516597659 ], 
  [ 96522472021, 318249582961 ],,,, [ 4819042277677 ],,,,, [ 1642383157 ],,, [ 1897307611 ],
  , [ 31886443529 ],, [ 1682206843 ],,,,,,,, [ 4370180851, 18617339539 ],, [ 18416511649 ], 
  [ 4047706357 ],,, [ 21255962382181 ],,,,, [ 12556347091 ],, [ 2615109533 ], 
  [ 28344826021 ], [ 1643366443 ], [ 21943753751 ],,,,,,,,, [ 1374054769 ],,,,,,,,,,,,,,,,, 
  [ 55106609713 ],,,, [ 1524111601 ],,,,,,,,,,,,,, [ 12067291147 ],,,,,, [ 19685667601 ],,,,,
  , [ 33901468021 ],,, [ 3105200437 ],,,, [ 26406811069 ],,,,, [ 118987510111 ],,,,,,,,, 
  [ 13165842517 ],, [ 1565736169 ],,,,,,,,,, [ 3731996857 ],,,,,,, [ 5009377283 ],, 
  [ 156607070881 ],, [ 3828602501 ], [ 4717242912709 ],,,,,, [ 5000476729 ],,, 
  [ 10381859461, 224308220221, 1071177394141, 78547955778046441 ],,,,,,,, [ 32759225069 ],, 
  [ 6240381221 ],, [ 12536620849 ],,, [ 10841801851 ],,,,,,,,, [ 12891358717 ],,,,,,,, 
  [ 41330233741 ], [ 7908194881, 22297554847 ],,, [ 2449423153 ],,, 
  [ 1319958067, 8981434087 ],,,,,, [ 6926387248538911 ],,, [ 126539744593 ],,,,,,,,,,,,,,,,,,
  ,,,,,,,,,,,,,,,,,,, [ 1267708231 ],,, [ 65931151801 ], [ 1068116617 ],,, [ 2320924321 ],,,
  , [ 43200582973 ],,,,,,,,,,,,, [ 6656795357 ], [ 4013586237671 ],,,,, [ 5722263251 ], 
  [ 1197857537 ], [ 1453833847 ],,,,,,, [ 226215161650273 ],,,,,,,,,, [ 3114676931 ],,,,,,,,,
  ,,,,, [ 7175863553 ],, [ 97661151481 ],, [ 166944981881 ],,,,,, [ 1042271123, 6123650017 ],
  ,,,, [ 26308974028962637 ],, [ 239170295701 ], [ 4765710539, 10603985551 ],, 
  [ 8973968977 ], [ 2437431011, 5195758261 ],,,, [ 2047771331 ],, [ 1060835231 ],,,,,,, 
  [ 187272609217 ],,,,,,,,, [ 9934863509 ],,,,,,,,,,,,,,,,,,, [ 2046522241, 24196771903501 ],
  , [ 1926023681 ], [ 2466040627 ], [ 253367479927 ], [ 581000927651 ],,,, [ 8258771497 ],, 
  [ 1551806611 ],,,,,, [ 5951955421 ],,,,,, [ 2973778303 ],,,,,,,,,,,,,,,, [ 78479302411 ],,,
  ,, [ 1345958113 ], [ 2741743981 ], [ 2049788149 ],,,,,,,, [ 17596907149 ], [ 1858584601 ],,
  ,,,,,,,,,,,,,,,,,,,,,, [ 2465317147, 12628925747, 84435763847 ],,,,,,,,,,,,,, 
  [ 9822301507 ],,,,,,, [ 22475448041 ],,,,,,,, [ 1685217211 ], [ 2782529591 ],,,,,,,,,,,, 
  [ 2632500421 ],,,,,,,,,,, [ 79982177707 ],,,,,,,,,,,, [ 19749814297 ],,, [ 124607129263 ], 
  [ 108194744213 ],,,,,,,,, [ 9305877059 ], [ 13255179257 ],, [ 1690200791 ],, 
  [ 8320507348513 ],, [ 2658300679 ],, [ 57290462321 ], [ 51883418497 ],,,,, [ 6265024729 ],,
  ,,,,,,,,, [ 2574838429 ],,,,,,, [ 7145245901 ],,,,,, [ 2583013049 ],,,,, [ 3957409249 ],,,,
  , [ 122112622561 ],,,,,, [ 45746521309 ],, [ 131622051293 ],,, [ 193376437297 ],, 
  [ 1602779929 ], [ 6537150664721 ],,,,,,,,,,,,,,,,,, [ 1029064877 ], [ 6205259371 ],, 
  [ 2245584841 ],,,,,,,,,,,,,,,,,,,,,,,,,, [ 7328521876807 ],,,,,,,,,,,,,,, [ 4288188193 ],,,
  ,,,,,,,,,, [ 2257975091 ],, [ 1793621623 ],,,,, [ 7066893709 ],, [ 19330999483 ],,,,,,,,,,,
  ,,,,,,,,, [ 7400766673 ],,,,,,,,,,, [ 1863868271, 9561561521 ],,,,,,,,,,,,,,,,,, 
  [ 36581506597 ],, [ 1164937651 ],,, [ 6867900197 ],,, [ 11408367757 ],,,,,,, 
  [ 734816890957 ],,,,,,, [ 178677102511 ],,, [ 5698574113 ], [ 2559607681 ],,,,,,,, 
  [ 1087803848059 ], [ 1651626367 ],,,,,,, [ 15247464161 ],,,,,,, [ 171313311313 ],,,,, 
  [ 1068662443 ],, [ 1919984749 ],,, [ 4806176321 ], [ 2242528723 ],, [ 4228929641 ],,,,,,,,,
  ,,,,,,,,,, [ 16897613489 ],,, [ 15617635853 ],,, [ 4124396701 ],,,,,,,,, [ 7749861945391 ],
  ,,,,,, [ 1062839989 ],,, [ 201910995571 ],,,,, [ 5530876409 ],,,,,,,,, [ 1665034421 ],,,, 
  [ 1590539347 ],,,,, [ 6138749153 ], [ 6282130261703437 ],,,,,,,,,,,,,,,,,,,,,,,,,,,,,,,,,,,
  ,,,,,,,, [ 4313856997 ],,,,,,,,,, [ 725957103239 ], [ 2420329609 ],,,,, [ 1241965349 ],,,,,
  ,,,,, [ 2711297779 ],,, [ 98728202701 ],,,,,,,,,,, [ 8192965801 ],,,, 
  [ 3079249441, 3590793721 ],,,,,,,,,,,,,,, [ 13462000861 ],,, [ 1401716149 ],,, 
  [ 1575819991 ],,,,,,,,,,,,, [ 1592417201 ],,,, [ 1953392731 ],,,,,,,,,,,,,, 
  [ 2244862441, 7091070397 ],,,,,,,,,, [ 1310933321 ], [ 6652868797969 ], 
  [ 2454724177, 6801567137, 33977862097 ], [ 25058063141 ],,,,,,,,,,,,, [ 1751638951 ],,,,,,,
  ,,,,,,, [ 668259572033 ], [ 52654474387 ], [ 955735668493 ],, [ 41987589097 ],,,, 
  [ 5221117652561 ],,,,,,,, [ 1600075273 ],,, [ 1629356689 ],,,,,, [ 44880409963 ],,,,,,,,,,,
  ,,,,,, [ 1400440799 ],, [ 1302623233 ], [ 43567530343 ],,, [ 2374647841 ],, 
  [ 15852980609, 1106328901303 ],, [ 24529264033 ],, [ 5739762713 ],,,,,,,,,,,, 
  [ 21365166649 ],,,,,,,,,,,,,,,,,,, [ 1572717631 ],,,,,, [ 1211832883 ],,, [ 2965650829 ],, 
  [ 598793084677 ],,,,,,,,,,,,, [ 2409680071 ],,,,,,,,,,,,,,,,,, [ 16461156799 ],,,,,,, 
  [ 2437688023 ],,,,,,,,, [ 1073731751 ],,,,, [ 1047835561 ],,,, [ 398252279749 ],,,,,,,,,,,,
  ,,,,,,,, [ 115302935809 ],,, [ 2178195577 ],,, [ 33834971378671 ],,,,,,,,,,,, 
  [ 24564498373 ],,,,,, [ 117053460289 ],,,,,,,,,,,,,,,,,,,,,,,,,,, [ 3704199446851 ],,, 
  [ 7812075223 ],,,,,, [ 160282956397 ],, [ 449535866599 ],,,,,,,,,,,,, [ 7854777607 ],,,,,, 
  [ 25253610661 ], [ 4593789661 ],,,,,,,,,,, [ 6111194647, 8005884121, 1045138372363 ],,,,,,,
  ,, [ 81323334133 ],,,,,,,,,,,,,,,,,,,,,,,,,,,, [ 4505051675473 ],,,,, [ 39927722671 ],,,,,,
  ,,, [ 106161674257 ],,,, [ 242481906509 ],,,,,, [ 3180575803 ],,,,,,,, [ 4250180593 ],,,, 
  [ 365875591901 ],,,,,,,,,, [ 1261553681 ],,,, [ 23997548917 ], [ 7063905731 ],,,,,,,,,,,,,,
  ,,,,,,,,,,,, [ 1712426671 ],,,,,,, [ 7882125617 ],,,,,,,,,, [ 18726321793 ],,,,,, 
  [ 2376078587, 39338974039, 187888944731531 ], [ 1080376441 ],,,,,,,,,,,, [ 11977394851 ],,,
  ,,,,,,,,,,,,,,,,,,,, [ 1398347281 ],,,,,, [ 22038020033 ],, [ 12727243127 ],, 
  [ 336442015561 ],,,,,,,,,,,,,,,,,,,,,,,,,,,,,,,,,,,, [ 63990478273 ],,,,,,,,,,,,,, 
  [ 1421880571 ],,,, [ 14060455309 ],,,,,,,,,,,,,,,,,, [ 10981157617 ],,,,,, [ 1280377207 ],
  , [ 17219882401 ],,,,,,,,,,,,,,,, [ 17805346693, 13290898477693 ],,,,,, [ 4149037909 ],,,,,
  , [ 14235019009 ],,, [ 22460700601 ],,,,,,,,,,,,,,, [ 6558383371 ],,,,,,,,,,,,,,,,,, 
  [ 1132892533 ],, [ 2653333019 ],, [ 1380608115833 ],,,,,,,,,,, [ 2290275109 ],,, 
  [ 1690262029 ],,,,,, [ 94168867957 ],,,,,,,,,,,, [ 6933542281, 7227609241 ],,,,,,,, 
  [ 628797220769 ],, [ 23325242051 ],, [ 11858117041 ],, [ 7956322999 ],,,,,,,,,,,,,,,,,,,,,
  , [ 1722942733 ],,,,,, [ 23001906607 ],,,,,,,,,,,,,, [ 1285968641, 2273821441 ],,,,,, 
  [ 7531666843 ],,,,,,,,,,,,, [ 33182575021 ],,,,,,,,,,, [ 17041811260987 ],,,,,, 
  [ 169578881873 ],,,,,,,,,,,,, [ 11488340581 ],,,,,, [ 7359412303 ], [ 87144165473 ],,,,, 
  [ 9523157701 ], [ 81936729073 ],,,,,,,,,, [ 34078602161 ],,,,,, [ 15690324557 ],,,,,, 
  [ 5612883301 ],,,,,,,,,,,,,,,,,,, [ 409109677789 ],,,,, [ 22256368879937 ],, 
  [ 1392942937079 ],,,,,,,,,,,,,,,,,,,,,,,,,,,,,,,,,,,, [ 15275831429641 ],,,,,, 
  [ 1013073377, 1039375793 ],, [ 71607222721 ],, [ 1851894809 ],,,,,,,,,,,,,,,, 
  [ 9060497461 ],,,,,,,, [ 636215190521 ],,,,,,, [ 112107114601483 ],,, [ 2168408161 ],,,,,,,
  ,,,,,,,,,,,,,,,,, [ 564003693991 ],, [ 2833012873 ],,,,,,,, [ 509375748481 ],,,,,,,,,, 
  [ 567965750951 ],,,,,,,,,,,, [ 1427991259 ],,,,,,,, [ 72396654041 ],,,,,,,,,,,,,, 
  [ 2441979049 ],,,,,,,,,,,,,,,,,,,,,, [ 1344736489 ],,,,,,,,,, [ 2036991521 ],,,,,,,,,,,,,,,
  ,,, [ 2529228887 ],,,,,,,, [ 115758236389 ],,,,,,,,,, [ 6302411393 ],,,,,, [ 14560619023 ],
  ,,, [ 5635657897 ],,,,,,,,,,,, [ 5738433301 ],,,,,,,,,,,,,,,,,,,,,,,,,,,,,,,,,,,,,, 
  [ 1604634901 ],,,,,,,,,,,,,,,,,,,, [ 2205367662593 ],,,, [ 7784317733 ],,,,,, 
  [ 23772167796827 ],,,,,,,,,,,,,, [ 111660521633 ],,,,,,,,,,,,,,,,,,,,,,,,,, 
  [ 20329850137 ],,,,,,,,,, [ 4614505037 ],,,,,,,,,,,,,,,,,,,,,, [ 21392857573 ],,,, 
  [ 33410508097 ],,,,,,,,,,,,,,,,,, [ 1048181209 ],,,,,,,,,,,, [ 1085552173 ],, 
  [ 3193432755151 ],, [ 11947547009 ],,,, [ 1574735881 ],,,,,,,,,,,,,,,, [ 1274885761 ],,,,,,
  ,,,,,,,,,,,,,,,,,,,, [ 52664433089 ],,,,,,,,,,,,,,,,,,,,,,,,,,,,,,,,,,,,,, [ 30915262253 ],
  ,,,,,,,,,,, [ 50798587513 ],,,,,,,, [ 1398411649 ],,,,,,,,,,,,,,,,,, 
  [ 6781845529, 139711648970251 ],,,,,,,,,,,,,,,, [ 4658619521 ],,,,,,,,,,,,,, 
  [ 1150755649 ],,,,,, [ 4803526261 ],,,,,, [ 1933483561 ],,,,,,,,,,,,,,,,,,,,,,,, 
  [ 1119609961 ],, [ 14228561117 ],, [ 1937777689 ],,,, [ 21011277289, 3492644490733 ],,,,,,,
  , [ 3379615289 ],,,,,,,,,,,,,,,,,,,, [ 3184341889921 ],,,,,, [ 5649458761 ],,,,,,,, 
  [ 208763849101 ],,,,,,,,,,,, [ 28919308963 ],,,,,,,,,,,,,,,,,,,,,,,, [ 1019866891 ],,,,,,,,
  ,, [ 1710236233 ],,,,,,,,,,,,,,,,,,,,,,,,,, [ 14202883901 ],,,,,,,,,,,,,,,,,,,,,,,,,,,,,,,,
  ,,,, [ 1611170527 ],,,,,,,,,,,,,,,,,,,, [ 31544281627 ],,,,,, [ 3249432061 ],,,,,,,,,, 
  [ 33295962247 ],,,,,,,,,,,,,,,, [ 25728097501 ],,,, [ 2110648961 ],,,, [ 119502829157 ],, 
  [ 5177170321 ],,,, [ 5504075568293 ],,,,,, [ 13580799181 ],,,,,, [ 2638755649 ],,,,,,,, 
  [ 24977650457 ],,,,,, [ 1072126571 ],,,,,,,,,, [ 9601627201 ],,,,,,,,,,,,,,,,,,,,,, 
  [ 5052611383 ],, [ 24431318033 ],,,,,,,,,,,,,,,,,,,,,,,,,,,,,,,,,,,,,,,,,,,,,, 
  [ 1151297911 ],,,,,,,,,,,,,,, [ 7375913371 ],,,,,,,,,,,,,,,,,,,,,,,,,,,,,,, [ 1048959341 ],
  ,,,,,,,,,,,,,,,,,,,,,,,,, [ 3036735469 ],,,,,,,,,, [ 14825943809 ],,,,,,,, [ 14085399241 ],
  ,,,,,,,,,,,,,,,,,,, [ 4690016081 ],, [ 1315354151 ],, [ 1275393937 ],,,,,,,,,,,,,,,,,,,,,,,
  ,,,,,,, [ 8621003372851 ],,,,,,,,,,,,,,,,,,,,,,,,,,,,,,,,,,,,,,,,,,,,,,,,,,,,,,,,,,,,,,,,,,
  ,,,,,,,,,, [ 3727405141 ],,,,, [ 3534345361 ],,, [ 1180498567 ],,,,,,,,,,,,,,,, 
  [ 3529779089 ],, [ 27346444693 ],,,,,,,,,,,,,, [ 1396794911 ],,,,,,,,,,,,,,,,,,,,,, 
  [ 1142568121 ],,,,,,,,,,,,,,,,,,,,,,,,,,,,,, [ 435168561187 ],,,,,,,, [ 127976565271 ],,,,,
  ,,,,,,,,,,, [ 79029314167 ],,,,,,,,,,,,,,,,,,,,,,,,,,,,,,,,,,,,,,,,,,,,,,,,,,,,,,,,,,,,,,,,
  ,,,,,,,,,, [ 5278845001 ],,,,,,,,,,,,,,,,,,,,,,,,,,,, [ 19848730897 ],,,,,,,,,,,,,,,,,,,,,,
  ,,,,,,,,,,,,,,,,,,,, [ 3944201551 ],,,,,,,,,,,,,,,,,,,,,,,,,,,,,, [ 5432360701 ],,,,,,,,,,,
  ,,,,,,,,,,,,,,,,,,, [ 658959593041 ],,,,,,,,,,,,,,,,,,,,,,,,,,,,,, [ 1372634881 ],,,,,,,,,,
  ,,,,,,,,,,,,,,,,,,,,,,,,,,,,,,,,,,,,,,,,,,,,,,,,,, [ 607264650001 ],,,,,,,,,,,,,,,,,,,,,,,,
  ,,,,,,,,,,,,,,,, [ 13690038581 ],, [ 2545759207 ],,,,,,,,,,,,,,,,,,,,,,,,,,,,,,,,,,,,,,,,,,
  ,,,,,,,,,,,,,,,,,, [ 4748426437 ],,,,,,,,,,,,,,,,,,,,,,,,,,,,,, [ 2457753097 ],,,,,,,,,,,, 
  [ 1328453353 ],,,,,,,,,,,,,,,,,,,,,,,,,, [ 11711491381 ],,,,,,,,,,,,,,,,,,,,,,,,,,,,,,,,,,,
  ,,,,,,,,,,,,,,,,,,,,,,,,,,,,,,,,,,,,,,,,,,,,,,,,,,,,,,,,,,,,,,,,,,,,,,,,,,,,, 
  [ 12200723071 ],,,,,,,,,,,,,,,,,,,,,,,,,,,,,,,,,,,,,,,,,,,,,,,,,,,,,, [ 2027734801 ],,,,,,,
  ,,,,,,,,,,,,,,,,,,,,,,,,,,,,,,,,,,, [ 1442214847, 83983408939 ],,,,,,,,,,,,,,,,,,,,,,,,,,,,
  ,,,,,,,,,,,,,, [ 33082881961 ],,,,,,,,,, [ 7456457381 ],,,,,,,,,,,,,,,,,,,,,,,,,, 
  [ 30422936293 ],,,,,,,,,,,, [ 1679110567993 ],,,,,,,,,,,,,,,,,,,,,,,, [ 4033880449 ],,,,,,,
  ,,,,,,,,,,, [ 1274353621 ],,,,,,,,,,,,,,,,,,,,,,,,,,,,,,,,,,,,,,,,,,,,,,,,,,,,,,,,,,,,,,,,,
  , [ 61197560533 ],,,,,,,,,,,,,,,,,,,,,,,,,,,,,,,,,,,,,,,,,,,,,,,,,,,,,,,,,,,, 
  [ 1906976257 ],,,,,,,,,,,,,,,,,, [ 2516847667 ],,,,,,,,,,,,,,,,,,,,,,,,,,,,,,,,,,,, 
  [ 20731558801, 67643195491 ],,,,,,,,,,,,,,,,,,,,,,,,,,,,,,,,,,,,,,,,,, [ 13755111121 ],,,,,
  ,,,,,,,,,,,,,,,,,,,,,,,,,,,,,,,,,,,,,,,,,,,,,,,,,,,,,,,,,,,,, [ 116783729233 ],,,,,,,,,,,,,
  ,,,,, [ 727610254897 ],,,,,,,,,,,,,,,,,,,,,,,,,,,,,,,,,,,,,,,,,,,,,,,,,,,,,,,,,,,,,,,,,,,,,
  ,,,,,,,,,,,,,,,,,,,,,,,,,,,,,,,,, [ 6367396141 ],,,,,,,,,,,,,,,,,,,,,,,,,,,,,,,,,,,, 
  [ 114987003787, 339065155549 ],,,,,, [ 27909510721 ],,,,,,,,,,,,,,,,,, [ 8812184701 ],,,,,
  , [ 31165144249, 794043210673 ],,,,,,,,,,,,,,,,,,,,,,,, [ 11242114417 ],,,,,,,,,,,,,,,,,,,,
  ,, [ 342384784981 ],,,,,,,,,,,,,,,,,,,,,,,,,,,,,,,,,,,,,,,,,,,,,,,,,,,,,,,,,,,,,,,,,,,, 
  [ 1462981321 ],,,,,,,,,,,,,,,,,, [ 1497405313 ],,,,,,,,,,,,,,,,,,,,,,,,,,,,,,,,,,,,,,,,,,,,
  ,,,,,,,,,, [ 12347876521 ],,,,,,,,,,,,,,,,,,,,,,,, [ 1994761939 ],,,,,, [ 1790690562301 ],,
  ,,,,,,,,,,,,,,,, [ 4271351719 ],,,,,,,,,,,, [ 6295751551 ],,,,,,,,,,,, 
  [ 3472583599, 11822031541 ],,,,,,,,,,,,,,,,,,,,,,,,,,,,,,,,,,,, [ 2104965847 ],,,,,,,,,,,,,
  ,,,,,,,,,,,,,,,,,,,,,,,,,,,,,,,,,,,,,,,,,,,,,,,,,,,,,,,,,,,,,,,,,,,,,,,,,,,,,,,,,,,,,,,,,,,
  ,,,,,,,,,,,,,,,,,,,,,,,,,,,,,,,,,,,,,,,,,,,,,,,,,,,,,,,,,,,,,,,,,,,,,,,,,,,,,,,,,,,,,,,,,,,
  ,,,,,,,,,,,,,,,,,,,,,,,,,,,,,,,,,,,,,,,,,,,,, [ 4245783253 ],,,,,,,,,,,,,,,,,,,,,,,,,,,,,,,
  ,,,,,,,,,,,,,,,,,,,,,,, [ 2313875257 ],,,,,,,,,,,,,,,,,,,,,,,,,,,,,,,,,,,,,,,,,,,,,,,,,,,,,
  ,,,,,,,,,,,,,,,,,,,,,,,,,,,,,,,,,,,,,,,,,,,,,,,,,,,,,,, [ 9585464281 ],,,,,,,,,,,,,,,,,,,,,
  ,,,,,,,,,,,,,,,,,,,,,,,,,,,,,,,,,,,,,,,,,,,,,,,,,,,,,,,,,,,,,,,,,,,,, [ 7057637401 ],,,,,,,
  ,,,,,,,,,,,,,,,,,,,,,,,,,,,,,,,,,,,,,,,,,,,,,,,,,,,,,,,,,,,,,,,,,,,,,,,,,,,,,,,,,,, 
  [ 1287041401, 10692215761 ],,,,,,,,,,,,,,,,,,,,,,,,,,,,,,,,,,,,,,,,,,,,,,,,,,,,,,,,,,,,,,,,
  ,, [ 24823008253 ],,,,,,,,,,,,,,,,,,,,,,,,,,,,,,,,,,,,,,,,,,,,,,,,,,,,,,,,,,,,,,,,,,,,,,,,,
  ,,,,,,,,,,,,,,,,,,,,,,,,,,,,,,,,,,,,,,,,,,,,,,,,,,,,,,,,,,,,,,,,,,,,,,,,,,,,,,,,,,,,,,,,,,,
  ,,,,,,,,,,,,,,,,,,,,,,,,,,,,,,,,,,,,,,,,,,,,,,,,,,,,,,,,,,,,,,,,,,,,,,,,,,,,,,,,,,,,,,,,,,,
  ,,,,,,,,,,,,,,,,,,,,,,,,,,,,,,,,,,,,,,,,,,,,,,,,,,,,,,,,,,,,,,,,,,,,,,,,,,,,,,,,,,,,,,,,,,,
  ,,,,,,,,,,,,,,,,,,,,,,,,,,,,,,,,,,,,,,,,,,,,,,,,,,,,,,,,,,,,,,,,,,,,,,,,,,,,,,,,,,,,,,,,,,,
  ,,,,,,,,,,,,,,,,,,,,,,,,,,,,,,,,,,,,,,,,,,,,,,,,,,,,,,,,,,,,,,,,,,,,,,,,,,,,,,,,,,,,,,,,,,,
  ,,,,,,,,,,,,,,,,,,,,,,,,,,,,,,,,,,,,,,,,,,,,,,,,,,,,,,,,,,,,,,,,,,,,,,,,,,,,,,,,,,,,,,,,,,,
  ,,,,,,,,,,,,,,,,,,,,,,,,,,,,,,,,,,,,,,,,,,,,,,,,,,,,,,,,,,,,,,,,,,,,,,,,,,,,,,,,,,,,,,,,,,,
  ,,,,,,,,,,,,,,,,,,,,,,,,,,,,,,,,,, [ 12851242711 ],,,,,,,,,,,,,,,,,,,,,,,,,,,,,,,,,,,,,,,,,
  ,,,,,,,,,,,,,,,,,,,,,,,,,,,,,,,,,,,,,,,,,,,,,,,,, [ 33883683241 ],,,,,,,,,,,,,,,,,,,,,,,,,,
  ,,,,,,,,,,,,,,,,,,,,,,,,,,,,,,,,,,,,,,,,,,,,,,,,,,,,,,,,,,,,,,,,,,,,,,,,,,,,,,,,,,,,,,,,,,,
  ,,,,,,,,,,,,,,,,,,,,,,,,,,,,,,,,,,,,,,,,,,,,,,,,,,,,,,,,,,,,,,,,,,,,,,,,,,,,,,,,,,,,,,,,,,,
  ,,,,,,,,,,,,,,,,,,,,,,,,,,,,,,,,,,,,,,,,,,,,,,,,,,,,,,,,,,,,,,,,,,,,,,,,,,,,,,,,,,,,,,,,,,,
  , [ 3423725587801 ],,,,,,,,,,,,,,,,,,,,,,,,,,,,,,,,,,,,,,,,,,,,,,,,,,,,,,,,,,,,,,,,,,,,,,,,
  ,,,,,,,,,,,,,,,,,,,,,,,,,,,,,,,,,,,,,,,,,,,,,,,,,,,,,,,,,,,,,,,,,,,,,,,,,,,,,,,,,,,,,,,,,,,
  ,,,,,,,,,,,,,,,,,,,,,,,,,,,,,,,,,,,,,,,,,,,,,,, [ 91610658435871 ],,,,,,,,,,,,,,,,,,,,,,,,,
  ,,,,,,,,,,,,,,,,,,,,,,,,,,,,,,,,,,,,,,,,,,,,,,,,,,,,,,,,,,,,,,,,,,,,,,,,,,,,,,,,,,,,,,,,,,,
  ,,,,,,,,,,,,,,,,,,,,,,,,,,,,,,,,,,,,,,,,,,,,,,,,,,,,,,,,,,,,,,,,,,,,,,,,,,,,,,,,,,,,,,,,,,,
  ,,,,,,,,,,,,,,,,,,,,,,,,,,,,,,,,,,,,,,,,,,,,,,,,,,,,,,,,,,,,,,,,,,,,,,,,,,,,,,,,,,,,,,,,,,,
  ,,,,,,,,,,,,,,,,,,,,,,,,,,,,,,,,,,,,,,,,,,,,,,,,,,,,,,,,,,,,,,,,,,,,,,,,,,,,,,,,,,,,,,,,,,,
  ,,,,,,,,,,,,,,,,,,,,,,,,,,,,,,,,,,,,,,,,,,,,,,,,,,,,,,,,,,,,,,,,,,,,,,,,,,,,,,,,,,,,,,,,,,,
  ,,,,,,,,,,,,,,,,,,,,,,,,,,,,,,,,,,,,,,,,,,,,,,,,,,,,,,,,,,,,,,,,,,,,,,,,,,,,,,,,,,,,,,,,,,,
  ,,,,,,,,,,,,,,,,,,,,,,,,,,,,,,,,,,,,,,,,,,,,,,,,,,,,,,,,,,,,,,,,,,,,,,,,,,,,,,,,,,,,,,,,,,,
  ,,,,,,,,,,,,,,,,,,,,,,,,,,,,,,,,,,,,,,,,,,,,,,,,,,,,,,,,,,,,,,,,,,,,,,,,,,,,,,,,,,,,,,,,,,,
  ,,,,,,,,,,,,,,,,,,,,,,,,,,,,,,,,,,,,,,,,,,,,,,,,,,,,,,,,,,,,,,,,,,,,,,,,,,,,,,,,,,,,,,,,,,,
  ,,,,,,,,,,,,,,,,,,,,,,,,,,,,,,,,,,,,,,,,,,,,,,,,,,,,,,,,,,,,,,,,,,,,,,,,,,,,,,,,,,,,,,,,,,,
  ,,,,,,,,,,,,,,,,,,,,,,,,,,,,,,,,,,,,,,,,,,,,,,,,,,,,,,,,,,,,,,,,,,,,,,,,,,,,,,,,,,,,,,,,,,,
  ,,,,,,,,,,,,,,,,,,,,,,,,,,,,,,,,,,,,,,,,,,,,,,,,,,,,,,,,,,,,,,,,,,,,,,,,,,,,,,,,,,,,,,,,,,,
  ,,,,,,,,,,,,,,,,,,,,,,,,,,,,,,,,,,,,,,,,,,,,,,,,,,,,,,,,,,,,,,,,,,,,,,,,,,,,,,,,,,,,,,,,,,,
  ,,,,,,,,,,,,,,,,,,,,,,,,,,,,,,,,,,,,,,,,,,,,,,,,,,,,,,,,,,,,,,,,,,,,,,,,,,,,,,,,,,,,,,,,,,,
  ,,,,,,,,,,,,,,,,,,,,,,,,,,,,,,,,,,,,,,,,,,,,,,,,,,,,,,,,,,,,,,,,,,,,,,,,,,,,,,,,,,,,,,,,,,,
  ,,,,,,,,,,,,,,,,,,,,,,,,,,,,,,,,,,,,,,,,,,,,,,,,,,,,,,,,,,,,,,,,,,,,,,,,,,,,,,,,,,,,,,,,,,,
  ,,,,,,,,,,,,,,,,,,,,,,,,,,,,,,,,,,,,,,,,,,,,,,,,,,,,,,,,,,,,,,,,,,,,,,,,,,,,,,,,,,,,,,,,,,,
  ,,,,,,,,,,,,,,,,,,,,,,,,,,,,,,,,,,,,,,,,,,,,,,,,,,,,,,,,,,,,,,,,,,,,,,,,,,,,,,,,,,,,,,,,,,,
  ,,,,,,,,,,,,,,,,,,,,,,,,,,,,,,,,,,,,,,,,,,,,,,,,,,,,,,,,,,,,,,,,,,,,,,,,,,,,,,,,,,,,,,,,,,,
  ,,,,,,,,,,,,,,,,,,,,,,,,,,,,,,,,,,,,,,,,,,,,,,,,,,,,,,,,,,,,,,,,,,,,,,,,,,,,,,,,,,,,,,,,,,,
  ,,,,,,,,,,,,,,,,,,,,,,,,,,,,,,,,,,,,,,,,,,,,,,,,,,,,,,,,,,,,,,,,,,,,,,,,,,,,,,,,,,,,,,,,,,,
  ,,,,,,,,,,,,,,,,,,,,,,,,,,,,,,,,,,,,,,,,,,,,,,,,,,,,,,,,,,,,,,,,,,,,,,,,,,,,,,,,,,,,,,,,,,,
  ,,,,,,,,,,,,,,,,,,,,,,,,,,,,,,,,,,,,,,,,,,,,,,,,,,,,,,,,,,,,,,,,,,,,,,,,,,,,,,,,,,,,,,,,,,,
  ,,,,,,,,,,,,,,,,,,,,,,,,,,,,,,,,,,,,,,,,,,,,,,,,,,,,,,,,,,,,,,,,,,,,,,,,,,,,,,,,,,,,,,,,,,,
  ,,,,,,,,,,,,,,,,,,,,,,,,,,,,,,,,,,,,,,,,,,,,,,,,,,,,,,,,,,,,,,,,,,,,,,,,,,,,,,,,,,,,,,,,,,,
  ,,,,,,,,,,,,,,,,,,,,,,,,,,,,,,,,,,,,,,,,,,,,,,,,,,,,,,,,,,,,,,,,,,,,,,,,,,,,,,,,,,,,,,,,,,,
  ,,,,,,,,,,,,,,,,,,,,,,,,,,,,,,,,,,,,,,,,,,,,,,,,,,,,,,,,,,,,,,,,,,,,,,,,,,,,,,,,,,,,,,,,,,,
  ,,,,,,,,,,,,,,,,,,,,,,,,,,,,,,,,,,,,,,,,,,,,,,,,,,,,,,,,,,,,,,,,,,,,,,,,,,,,,,,,,,,,,,,,,,,
  ,,,,,,,,,,,,,,,,,,,,,,,,,,,,,,,,,,,,,,,,,,,,,,,,,,,,,,,,,,,,,,,,,,,,,,,,,,,,,,,,,,,,,,,,,,,
  ,,,,,,,,,,,,,,,,,,,,,,,,,,,,,,,,,,,,,,,,,,,,,,,,,,,,,,,,,,,,,,,,,,,,,,,,,,,,,,,,,,,,,,,,,,,
  ,,,,,,,,,,,,,,,,,,,,,,,,,,,,,,,,,,,,,,,,,,,,,,,,,,,,,,,,,,,,,,,,,,,,,,,,,,,,,,,,,,,,,,,,,,,
  ,,,,,,,,,,,,,,,,,,,,,,,,,,,,,,,,,,,,,,,,,,,,,,,,,,,,,,,,,,,,,,,,,,,,,,,,,,,,,,,,,,,,,,,,,,,
  ,,,,,,,,,,,,,,,,,,,,,,,,,,,,,,,,,,,,,,,,,,,,,,,,,,,,,,,,,,,,,,,,,,,,,,,,,,,,,,,,,,,,,,,,,,,
  ,,,,,,,,,,,,,,,,,,,,,,,,,,,,,,,,,,,,,,,,,,,,,,,,,,,,,,,,,,,,,,,,,,,,,,,,,,,,,,,,,,,,,,,,,,,
  ,,,,,,,,,,,,,,,,,,,,,,,,,,,,,,,,,,,,,,,,,,,,,,,,,,,,,,,,,,,,,,,,,,,,,,,,,,,,,,,,,,,,,,,,,,,
  ,,,,,,,,,,,,,,,,,,,,,,,,,,,,,,,,,,,,,,,,,,,,,,,,,,,,,,,,,,,,,,,,,,,,,,,,,,,,,,,,,,,,,,,,,,,
  ,,,,,,,,,,,,,,,,,,,,,,,,,,,,,,,,,,,,,,,,,,,,,,,,,,,,,,,,,,,,,,,,,,,,,,,,,,,,,,,,,,,,,,,,,,,
  ,,,,,,,,,,,,,,,,,,,,,,,,,,,,,,,,,,,,,,,,,,,,,,,,,,,,,,,,,,,,,,,,,,,,,,,,,,,,,,,,,,,,,,,,,,,
  ,,,,,,,,,,,,,,,,,,,,,,,,,,,,,,,,,,,,,,,,,,,,,,,,,,,,,,,,,,,,,,,,,,,,,,,,,,,,,,,,,,,,,,,,,,,
  ,,,,,,,,,,,,,,,,,,,,,,,,,,,,,,,,,,,,,,,,,,,,,,,,,,,,,,,,,,,,,,,,,,,,,,,,,,,,,,,,,,,,,,,,,,,
  ,,,,,,,,,,,,,,,,,,,,,,,,,,,,,,,,,,,,,,,,,,,,,,,,,,,,,,,,,,,,,,,,,,,,,,,,,,,,,,,,,,,,,,,,,,,
  ,,,,,,,,,,,,,,,,,,,,,,,,,,,,,,,,,,,,,,,,,,,,,,,,,,,,,,,,,,,,,,,,,,,,,,,,,,,,,,,,,,,,,,,,,,,
  ,,,,,,,,,,,,,,,,,,,,,,,,,,,,,,,,,,,,,,,,,,,,,,,,,,,,,,,,,,,,,,,,,,,,,,,,,,,,,,,,,,,,,,,,,,,
  ,,,,,,,,,,,,,,,,,,,,,,,,,,,,,,,,,,,,,,,,,,,,,,,,,,,,,,,,,,,,,,,,,,,,,,,,,,,,,,,,,,,,,,,,,,,
  ,,,,,,,,,,,,,,,,,,,,,,,,,,,,,,,,,,,,,,,,,,,,,,,,,,,,,,,,,,,,,,,,,,,,,,,,,,,,,,,,,,,,,,,,,,,
  ,,,,,,,,,,,,,,,,,,,,,,,,,,,,,,,,,,,,,,,,,,,,,,,,,,,,,,,,,,,,,,,,,,,,,,,,,,,,,,,,,,,,,,,,,,,
  ,,,,,,,,,,,,,,,,,,,,,,,,,,,,,,,,,,,,,,,,,,,,,,,,,,,,,,,,,,,,,,,,,,,,,,,,,,,,,,,,,,,,,,,,,,,
  ,,,,,,,,,,,,,,,,,,,,,,,,,,,,,,,,,,,,,,,,,,,,,,,,,,,,,,,,,,,,,,,,,,,,,,,,,,,,,,,,,,,,,,,,,,,
  ,,,,,,,,,,,,,,,,,,,,,,,,,,,,,,,,,,,,,,,,,,,,,,,,,,,,,,,,,,,,,,,,,,,,,,,,,,,,,,,,,,,,,,,,,,,
  ,,,,,,,,,,,,,,,,,,,,,,,,,,,,,,,,,,,,,,,,,,,,,,,,,,,,,,,,,,,,,,,,,,,,,,,,,,,,,,,,,,,,,,,,,,,
  ,,,,,,,,,,,,,,,,,,,,,,,,,,,,,,,,,,,,,,,,,,,,,,,,,,,,,,,,,,,,,,,,,,,,,,,,,,,,,,,,,,,,,,,,,,,
  ,,,,,,,,,,,,,,,,,,,,,,,,,,,,,,,,,,,,,,,,,,,,,,,,,,,,,,,,,,,,,,,,,,,,,,,,,,,,,,,,,,,,,,,,,,,
  ,,,,,,,,,,,,,,,,,,,,,,,,,,,,,,,,,,,,,,,,,,,,,,,,,,,,,,,,,,,,,,,,,,,,,,,,,,,,,,,,,,,,,,,,,,,
  ,,,,,,,,,,,,,,,,,,,,,,,,,,,,,,,,,,,,,,,,,,,,,,,,,,,,,,,,,,,,,,,,,,,,,,,,,,,,,,,,,,,,,,,,,,,
  ,,,,,,,,,,,,,,,,,,,,,,,,,,,,,,,,,,,,,,,,,,,,,,,,,,,,,,,,,,,,,,,,,,,,,,,,,,,,,,,,,,,,,,,,,,,
  ,,,,,,,,,,,,,,,,,,,,,,,,,,,,,,,,,,,,,,,,,,,,,,,,,,,,,,,,,,,,,,,,,,,,,,,,,,,,,,,,,,,,,,,,,,,
  ,,,,,,,,,,,,,,,,,,,,,,,,,,,,,,,,,,,,,,,,,,,,,,,,,,,,,,,,,,,,,,,,,,,,,,,,,,,,,,,,,,,,,,,,,,,
  ,,,,,,,,,,,,,,,,,,,,,,,,,,,,,,,,,,,,,,,,,,,,,,,,,,,,,,,,,,,,,,,,,,,,,,,,,,,,,,,,,,,,,,,,,,,
  ,,,,,,,,,,,,,,,,,,,,,,,,,,,,,,,,,,,,,,,,,,,,,,,,,,,,,,,,,,,,,,,,,,,,,,,,,,,,,,,,,,,,,,,,,,,
  ,,,,,,,,,,,,,,,,,,,,,,,,,,,,,,,,,,,,,,,,,,,,,,,,,,,,,,,,,,,,,,,,,,,,,,,,,,,,,,,,,,,,,,,,,,,
  ,,,,,,,,,,,,,,,,,,,,,,,,,,,,,,,,,,,,,,,,,,,,,,,,,,,,,,,,,,,,,,,,,,,,,,,,,,,,,,,,,,,,,,,,,,,
  ,,,,,,,,,,,,,,,,,,,,,,,,,,,,,,,,,,,,,,,,,,,,,,,,,,,,,,,,,,,,,,,,,,,,,,,,,,,,,,,,,,,,,,,,,,,
  ,,,,,,,,,,,,,,,,,,,,,,,,,,,,,,,,,,,,,,,,,,,,,,,,,,,,,,,,,,,,,,,,,,,,,,,,,,,,,,,,,,,,,,,,,,,
  ,,,,,,,,,,,,,,,,,,,,,,,,,,,,,,,,,,,,,,,,,,,,,,,,,,,,,,,,,,,,,,,,,,,,,,,,,,,,,,,,,,,,,,,,,,,
  ,,,,,,,,,,,,,,,,,,,,,,,,,,,,,,,,,,,,,,,,,,,,,,,,,,,,,,,,,,,,,,,,,,,,,,,,,,,,,,,,,,,,,,,,,,,
  ,,,,,,,,,,,,,,,,,,,,,,,,,,,,,,,,,,,,,,,,,,,,,,,,,,,,,,,,,,,,,,,,,,,,,,,,,,,,,,,,,,,,,,,,,,,
  ,,,,,,,,,,,,,,,,,,,,,,,,,,,,,,,,,,,,,,,,,,,,,,,,,,,,,,,,,,,,,,,,,,,,,,,,,,,,,,,,,,,,,,,,,,,
  ,,,,,,,,,,,,,,,,,,,,,,,,,,,,,,,,,,,,,,,,,,,,,,,,,,,,,,,,,,,,,,,,,,,,,,,,,,,,,,,,,,,,,,,,,,,
  ,,,,,,,,,,,,,,,,,,,,,,,,,,,,,,,,,,,,,,,,,,,,,,,,,,,,,,,,,,,,,,,,,,,,,,,,,,,,,,,,,,,,,,,,,,,
  ,,,,,,,,,,,,,,,,,,,,,,,,,,,,,,,,,,,,,,,,,,,,,,,,,,,,,,,,,,,,,,,,,,,,,,,,,,,,,,,,,,,,,,,,,,,
  ,,,,,,,,,,,,,,,,,,,,,,,,,,,,,,,,,,,,,,,,,,,,,,,,,,,,,,,,,,,,,,,,,,,,,,,,,,,,,,,,,,,,,,,,,,,
  ,,,,,,,,,,,,,,,,,,,,,,,,,,,,,,,,,,,,,,,,,,,,,,,,,,,,,,,,,,,,,,,,,,,,,,,,,,,,,,,,,,,,,,,,,,,
  ,,,,,,,,,,,,,,,,,,,,,,,,,,,,,,,,,,,,,,,,,,,,,,,,,,,,,,,,,,,,,,,,,,,,,,,,,,,,,,,,,,,,,,,,,,,
  ,,,,,,,,,,,,,,,,,,,,,,,,,,,,,,,,,,,,,,,,,,,,,,,,,,,,,,,,,,,,,,,,,,,,,,,,,,,,,,,,,,,,,,,,,,,
  ,,,,,,,,,,,,,,,,,,,,,,,,,,,,,,,,,,,,,,,,,,,,,,,,,,,,,,,,,,,,,,,,,,,,,,,,,,,,,,,,,,,,,,,,,,,
  ,,,,,,,,,,,,,,,,,,,,,,,,,,,,,,,,,,,,,,,,,,,,,,,,,,,,,,,,,,,,,,,,,,,,,,,,,,,,,,,,,,,,,,,,,,,
  ,,,,,,,,,,,,,,,,,,,,,,,,,,,,,,,,,,,,,,,,,,,,,,,,,,,,,,,,,,,,,,,,,,,,,,,,,,,,,,,,,,,,,,,,,,,
  ,,,,,,,,,,,,,,,,,,,,,,,,,,,,,,,,,,,,,,,,,,,,,,,,,,,,,,,,,,,,,,,,,,,,,,,,,,,,,,,,,,,,,,,,,,,
  ,,,,,,,,,,,,,,,,,,,,,,,,,,,,,,,,,,,,,,,,,,,,,,,,,,,,,,,,,,,,,,,,,,,,,,,,,,,,,,,,,,,,,,,,,,,
  ,,,,,,,,,,,,,,,,,,,,,,,,,,,,,,,,,,,,,,,,,,,,,,,,,,,,,,,,,,,,,,,,,,,,,,,,,,,,,,,,,,,,,,,,,,,
  ,,,,,,,,,,,,,,,,,,,,,,,,,,,,,,,,,,,,,,,,,,,,,,,,,,,,,,,,,,,,,,,,,,,,,,,,,,,,,,,,,,,,,,,,,,,
  ,,,,,,,,,,,,,,,,,,,,,,,,,,,,,,,,,,,,,,,,,,,,,,,,,,,,,,,,,,,,,,,,,,,,,,,,,,,,,,,,,,,,,,,,,,,
  ,,,,,,,,,,,,,,,,,,,,,,,,,,,,,,,,,,,,,,,,,,,,,,,,,,,,,,,,,,,,,,,,,,,,,,,,,,,,,,,,,,,,,,,,,,,
  ,,,,,,,,,,,,,,,,,,,,,,,,,,,,,,,,,,,,,,,,,,,,,,,,,,,,,,,,,,,,,,,,,,,,,,,,,,,,,,,,,,,,,,,,,,,
  ,,,,,,,,,,,,,,,,,,,,,,,,,,,,,,,,,,,,,,,,,,,,,,,,,,,,,,,,,,,,,,,,,,,,,,,,,,,,,,,,,,,,,,,,,,,
  ,,,,,,,,,,,,,,,,,,,,,,,,,,,,,,,,,,,,,,,,,,,,,,,,,,,,,,,,,,,,,,,,,,,,,,,,,,,,,,,,,,,,,,,,,,,
  ,,,,,,,,,,,,,,,,,,,,,,,,,,,,,,,,,,,,,,,,,,,,,,,,,,,,,,,,,,,,,,,,,,,,,,,,,,,,,,,,,,,,,,,,,,,
  ,,,,,,,,,,,,,,,,,,,,,,,,,,,,,,,,,,,,,,,,,,,,,,,,,,,,,,,,,,,,,,,,,,,,,,,,,,,,,,,,,,,,,,,,,,,
  ,,,,,,,,,,,,,,,,,,,,,,,,,,,,,,,,,,,,,,,,,,,,,,,,,,,,,,,,,,,,,,,,,,,,,,,,,,,,,,,,,,,,,,,,,,,
  ,,,,,,,,,,,,,,,,,,,,,,,,,,,,,,,,,,,,,,,,,,,,,,,,,,,,,,,,,,,,,,,,,,,,,,,,,,,,,,,,,,,,,,,,,,,
  ,,,,,,,,,,,,,,,,,,,,,,,,,,,,,,,,,,,,,,,,,,,,,,,,,,,,,,,,,,,,,,,,,,,,,,,,,,,,,,,,,,,,,,,,,,,
  ,,,,,,,,,,,,,,,,,,,,,,,,,,,,,,,,,,,,,,,,,,,,,,,,,,,,,,,,,,,,,,,,,,,,,,,,,,,,,,,,,,,,,,,,,,,
  ,,,,,,,,,,,,,,,,,,,,,,,,,,,,,,,,,,,,,,,,,,,,,,,,,,,,,,,,,,,,,,,,,,,,,,,,,,,,,,,,,,,,,,,,,,,
  ,,,,,,,,,,,,,,,,,,,,,,,,,,,,,,,,,,,,,,,,,,,,,,,,,,,,,,,,,,,,,,,,,,,,,,,,,,,,,,,,,,,,,,,,,,,
  ,,,,,,,,,,,,,,,,,,,,,,,,,,,,,,,,,,, [ 166632062977 ] ]);
