BRENTFACTORS[1737]:=MakeImmutable([ ,,,,,,,,,, [ 425861995549 ],, [ 12281874047 ],,,, 
  [ 19909726393 ],,,, [ 3442921063 ],, [ 3204579999880601 ],, [ 22587539851 ],, 
  [ 382579429390597, 5062142202502060132057 ],,,, 
  [ 777118045304047, 1405295164221102515741201891 ], [ 4629237925973153, 10487579807284513 ],
  [ 2029600380223119661 ], [ 3340025089 ], [ 37695737153831 ],, 
  [ 671312182450643, 4611961864423820810786193967 ], [ 435585414889, 2342972919911539919 ], 
  [ 6342199891, 26331009823 ],, [ 2837786383, 152346335240960284769994362398554473 ],,,, 
  [ 319473536131, 638066281491772094161 ], [ 4823529418649, 5438488464049 ],,, 
  [ 7133914607, 4443052748219 ], [ 6987265651886776332188251 ], 
  [ 14238113089, 203006488633573 ], [ 22666513008144813029, 9395058442143324042509 ], 
  [ 13857467027 ], [ 39475343962477 ], [ 106380988585288563521 ], 
  [ 4857063875331489525575624593 ], 
  [ 43999197181, 899443843120834009, 1867327354210487632952047543 ], [ 292679073767 ], 
  [ 78035439080765841037577, 1626232347605552723473273 ], [ 256626433681 ], 
  [ 1195105751254785583, 547333385682594151949862098021 ], 
  [ 1365743506171315348821096773458957 ], [ 2413491526233545289781159 ],, [ 19229110811 ], 
  [ 3239164131245124193 ], [ 1422368863, 6579321235725634454623556773 ], 
  [ 7235069388844598173 ],, [ 210864184283555447108701239091527341 ], 
  [ 4064088429001307204764625707 ], [ 54715691728081 ], 
  [ 33266741928178344946240861, 47246999122043973167280019 ], 
  [ 11771258293, 13723979537118257671181 ],, [ 466808194309 ], [ 11911946201 ], 
  [ 108608462374967491, 17415825623875915934482201 ], [ 2215660633748741, 5951728637127887 ],
  [ 291524963761, 50177279420506721267859163334991985201 ], 
  [ 574173153937, 2095226178230158111 ], 
  [ 229469653207787, 2275964554747109, 127868483747491639151029 ],, 
  [ 556385908853377, 6018909300350162581 ], 
  [ 11441133791, 2128867705871, 84486957508981, 541556505040584250621 ], 
  [ 12906447692324591, 27501520596287557, 6791590969715788716543922151 ],, 
  [ 819891128553687771882252475066798587641 ], [ 9497644859243 ], 
  [ 3302887051, 83011586491, 7569305698727787874227811 ], [ 24168283994227269989 ], 
  [ 56575969554027316625135045807113, 549684672925994231025608915698895390877375197 ], 
  [ 3921887191 ],, [ 1637273338214886216359731 ], [ 14991211297, 391989062220577 ], 
  [ 1044626369, 221082725598971129, 41770928399303957191166947 ], 
  [ 140027089320562692716077 ], [ 66622873059469, 1636383989658270997 ],, 
  [ 30548946821, 4642201334249 ], [ 15818373956554547423480887 ], [ 5805141724958407757 ], 
  [ 5593855139618201, 129601712640835387862209, 2747408090498417414617786476741997888121 ], 
  [ 1046202516149025903851285795701 ], [ 1654132427203067037797 ],, 
  [ 841979462991967513, 25239287384468013927479354149851686518792849 ], 
  [ 6882584603, 11359788698110365061 ], [ 8354369321, 498905578916235635803891 ], 
  [ 32295205543369 ], [ 14746069016897 ], [ 10428523836112532419 ], 
  [ 1008931535940324037, 111272870812316069854453086453053297292379 ],, 
  [ 3064645877, 131111708137, 80749515327176881, 12304826239343167289 ], 
  [ 26795947794635128743067138147 ], 
  [ 3483858551, 14324622391, 2917232563363, 5327198620951, 22772622488891076007 ], 
  [ 4057680089, 322235335696247 ], [ 540671136023216309836326247464293015641 ], 
  [ 765193808971021 ],, [ 1917304087121524873, 487084660062464487943 ], 
  [ 64949915637270761799274717141 ], [ 2035487538853001 ], 
  [ 67169284484936978517950132623, 91023442983543056824420416044459767 ], 
  [ 14621298508456259, 993202638471026339 ],,, 
  [ 906005971781, 18773064522507804601, 66655895678779125257761 ], 
  [ 7539017513, 172290089351650825061971 ], 
  [ 2459246857, 7175484423361, 124734673923268214981832895589946406729237 ], 
  [ 14469560239, 1045660905577 ],, 
  [ 80440730371, 69385378592414830166981911, 260287366448574537660547291 ], 
  [ 2604244295298877491361 ], [ 193124490450782135873 ],, 
  [ 711552827624101861742021, 6953046756206302354224277 ],, [ 24017203417 ],, 
  [ 18272527826200363 ], [ 8510788022509784881, 12744557282382348955537 ], 
  [ 3232260632845642268861 ], [ 1983634738093, 15175735674666599 ], 
  [ 19293419521836754492213 ],, [ 1083394199 ], [ 463155753601 ],,,, 
  [ 7664316306607423, 49461865390760448011 ], 
  [ 45009445291, 12212359527301836701, 1565296948421861109375308711 ], 
  [ 4183006153, 248979055729, 1452756691827481 ], [ 1749307817 ], [ 119057597697617 ], 
  [ 994611048118231, 4477451656961864359, 12268193522261132420201401 ], [ 69311981441 ],, 
  [ 42260523792841, 44998005865635433732200301 ], [ 2797608402545179, 193062578708513541109 ]
    , [ 205905418253 ],,,, [ 100870105935649, 3049368205398070967031646869817 ], 
  [ 33673897858121 ],,,,,,,,, [ 3004090984277 ], 
  [ 13801913141, 35460354661, 4427260216178753 ], 
  [ 22018624021, 1262666604036273301, 83240091530173541977021, 683787323811532461654658141, 
      7045218397002330391847562153901 ], [ 2611153331847883 ],, 
  [ 1252379861724437269147843 ], [ 342769068811217 ], [ 228367244424181 ], 
  [ 456876608169193, 425762805568972847851 ], [ 2476968341, 3331296541 ], [ 5966548669 ], 
  [ 395787314992784230224703 ],,,, [ 7994853394051 ], 
  [ 35033283638324028876148439, 796405863672286089682119851, 2196031372153267508693694678721 
     ],, [ 1373890591571794409 ],, [ 1717809787, 450592975715871985479984799 ],, 
  [ 4576635769201, 83635286272456411471801 ],, [ 18860025406530537160493 ],,,, 
  [ 135244026942424369, 3096914690703379142863261 ], 
  [ 4616871249369763, 231934361667246307, 87042085336614957846754833163 ], 
  [ 114286979441349937 ],, [ 1183209091, 24637266512719372663360227481 ],, 
  [ 195298873932260509 ], 
  [ 2286738491833, 1257953154843337, 11489231300125417, 28708246249965691 ], [ 711883443031 ]
   ,,, [ 55778430184188823427 ], [ 10511460679593919919 ],, [ 80820993881 ], 
  [ 4423979327, 3896711348609 ], [ 1413605375311627, 6437907876292369 ], 
  [ 157912514938034725373 ], [ 6047576556040993 ], [ 1924129816834051 ],, 
  [ 3529513133, 2426812797653 ], [ 1398286609, 2481184882381, 57995515191679536359269 ], 
  [ 5401426207, 45143950621409 ], 
  [ 157152264175240339273967821, 28788045345948259157434358131 ], [ 1418327226375080581561 ],
  [ 18351584370641 ],,, [ 3561782671, 36070495903081, 55590163547461 ], [ 31830522988997 ], 
  [ 1194467203 ], [ 2105615513, 612222962725277 ], [ 51233946676058206447 ],, 
  [ 392774887639, 821678775019 ], [ 10884251609683, 2954413691831977 ], [ 359227257211 ],, 
  [ 35244603336391, 6668594469738035171 ],, [ 2544654982418849 ], 
  [ 29697417892913, 36794563728282313 ], [ 4191871870213 ], 
  [ 11897165251, 31923160405751, 2203293061095001 ], [ 355371058451 ], [ 18028852966909 ],, 
  [ 4565116470090431 ], [ 21025881959840491 ], [ 1299896906573864412026691073 ], 
  [ 1186898989 ],,, [ 272336007061, 29162361129218320121 ], [ 15587801582833 ], 
  [ 206333063003725009269713, 1289460404040844447385891 ],, 
  [ 73325663401, 5974924281243933859009 ],, [ 20012139508372769539084211231 ], 
  [ 55870944528097 ], [ 1965763220721731810981007263833 ],, [ 129172905416083774951 ], 
  [ 13791970693923644483 ], [ 15451435254090401873 ], [ 49602922115555719 ],, 
  [ 185277342251 ], [ 4999599793, 122370268282657, 2740795404545161 ], 
  [ 22471456031, 419269648640113 ], [ 4758252251733391, 14013147833196301673831 ],, 
  [ 1584242521, 245855370881, 63668071809721, 2176418174070177438956440481 ], 
  [ 15873104285849 ],, [ 75459871649 ], [ 1204370543626930615274060389 ], [ 573736251391 ], 
  [ 388048696041007, 2210451078427021 ], [ 2301019631 ], [ 59706717966845569 ],,, 
  [ 170142711097, 23880807088947480949 ], 
  [ 497676813651105026652397242313, 14362908714298769041184146724017 ], 
  [ 97822987051, 166483051807 ], 
  [ 153816968435593, 2309045464594755307, 87061030944979369527067477 ], [ 31962313435771 ],,
  , [ 73135659449 ],, [ 869675094241801 ], 
  [ 617519276815589, 59864448760251081766009, 1304333879867862521919781 ], 
  [ 145873169620733, 1754471937245659, 4469909973068853689 ], [ 49014347167 ],, 
  [ 2577664773161 ], [ 34215326988963139909989829 ],, [ 5342966038370181415657 ], 
  [ 612543546443869, 1348513972045921 ], [ 264532032757061 ],, [ 1037265443989025033641 ], 
  [ 38172319397 ],,,, [ 153602939096812423 ],,,, [ 1053169118923 ], [ 67414513994205967 ],, 
  [ 750097735633 ], [ 1242677055101 ],, [ 4777367323, 7791697141, 1577280836293 ], 
  [ 6017489641, 1601096818355734043353 ],, [ 3654689825303551, 732545034271590541 ], 
  [ 52171176689 ], [ 103663115095361 ],, [ 110596980457, 128060733587936843 ], 
  [ 3850951631 ],, [ 99629086717921 ],, [ 15988233752059, 4428065356948069 ], 
  [ 63942186149469724381 ], [ 1068959299 ], [ 382223930877109 ],,, 
  [ 29528641771, 174671277511, 8659353838724161 ], [ 1668165122428769 ], [ 6828167920451 ], 
  [ 1029473239330933 ],,,,, [ 2669786303 ], [ 1737639307327327 ], [ 2012059771, 3296114651 ],
  ,,, [ 19473919819 ], [ 107695204794361 ],,, [ 3433150183, 508011735270935179021 ], 
  [ 42163298862097947353 ],, [ 3630191863, 72803566563255877 ],, 
  [ 50011251889, 4042323742590433 ], [ 21655948753 ],,, [ 46424165257194684975421789 ],, 
  [ 7073733151, 396072153797 ], [ 3717995640366001 ],,, [ 25051995070773190381 ],,,,, 
  [ 3350049679 ], [ 793212078089089, 21898733382679306369 ], [ 15934411971941 ],, 
  [ 912820153123 ], [ 1038419852138413 ], [ 21527775234391 ], 
  [ 47502980555502811, 485816253399292755421 ],,, [ 227562169801 ], [ 160872181427 ],,, 
  [ 12820288447 ], [ 35946785440037, 26823203192187327931 ], 
  [ 2003303191, 48527995971387758197 ],,, [ 1328598206318167 ],, [ 4846956469 ],,,,,, 
  [ 34051137201987761831 ], [ 8972019853 ],, [ 180236008524727 ], 
  [ 363072552589, 132111220817277017226217 ],,, [ 19232903191 ],,,,, [ 1846859362093 ], 
  [ 200689156351 ],,, [ 181151718239492315031307, 10926610797258734547595453 ], 
  [ 12420778399 ],, 
  [ 6000763627, 544096019611, 1495170274027, 620046288292533961, 12144110287537095583 ],, 
  [ 1039169447, 24060697971197 ],,,,,, [ 8025485773 ], [ 446601535844221 ],,, 
  [ 66863551231 ], [ 1729350934599731 ],, [ 828440613229 ],, 
  [ 2321524553, 255703361659, 693349116686273, 15156645657469974787 ],, 
  [ 22317855280001, 12291671196659009 ],,,, [ 125591851117052009949433 ],, 
  [ 414980834398373 ], [ 86614292129821 ],,, [ 70705961175911 ], [ 104552575093 ], 
  [ 2547948719403714821 ], [ 49273075909, 305553282582733 ], [ 1845796723 ], [ 12619915069 ],
  [ 286016884337, 674740176669065172929 ],, [ 4044208061087 ],, 
  [ 15478991893, 10729896191004038597173 ], [ 108520047133 ], [ 62375050781, 1334219044751 ],
  , [ 40225902641, 92990687297 ], [ 122579795647 ],, [ 6197649901 ],,, [ 1649419330906621 ], 
  [ 104451013031 ], [ 40517445995041, 525790211179030971841 ],, [ 236970962483 ],,,, 
  [ 1677746359 ],,,, [ 174690281221 ], [ 1050225433 ], [ 5535223668613 ],, 
  [ 80722572253214005349 ],,,,, [ 3001455374371 ],, [ 37431490658209 ], [ 2148557993 ],,,,,, 
  [ 171806512369 ], [ 3049536071 ], [ 672719997781291, 1554576977446561, 3203900598452290621 
     ], [ 72849299531 ],,,,,,,, [ 18458582731, 449541962197, 4428756063761593 ], 
  [ 6732801401 ],, [ 7980312162871 ],,,, [ 8103013338244109, 3894241467680232437604709 ],,,, 
  [ 303189116611, 601620023071, 17863744937783821, 27949178330820941 ], [ 11210158711 ], 
  [ 163667887993 ],,, [ 1199919401 ], [ 605037653910713, 31453259525680417 ],,,,, 
  [ 1306401391 ], [ 682302914990931019791541 ],,,,,,,,,, [ 8897862433 ],, 
  [ 147416149557346425593 ],, [ 513728058280387189 ], [ 2832913141 ], [ 5737265047 ],,, 
  [ 5334554681809 ], [ 14116291624937, 715554568131637811 ],,,,,, [ 147373110227641 ], 
  [ 1480761049 ], [ 12333183603691, 2458301251162051 ],, [ 2611449825118313390069 ], 
  [ 1369070432065627 ],,,,,, 
  [ 1450098553, 4034427997, 29916931904911, 118139193458065051, 2016822146346617833 ], 
  [ 46228356541, 31792105381328521 ],, [ 1960096267 ],, [ 278270432526416183489 ],, 
  [ 36386045023 ],, [ 5516042113, 691103518561 ],, [ 6160941071, 8019032201 ],,, 
  [ 166606075429 ], [ 11270494350513091, 164051736463669429 ],, [ 26853801245297921537 ],, 
  [ 2955881111, 103938589301 ],,,, [ 3576700770413 ], [ 169593273631 ], [ 4759404531509 ],, 
  [ 243131628043, 9349122624470311 ],, [ 2886669089 ], [ 268199811912861067 ], 
  [ 415260884647831 ],, [ 958949771293, 17040122055744517 ], [ 13998755215021 ], 
  [ 22792887549503 ],,,, [ 3232849995056053 ],,,,, [ 7736719271 ], 
  [ 55797309361, 12022324274827366657 ],,, [ 1594308013 ], [ 112608230533, 333293730001 ],, 
  [ 1778399911 ],,,, [ 418648236027563 ],,,, [ 350274552013 ],, 
  [ 941256976001, 13010090112862721 ],,,, [ 9967788209, 88112626757 ], 
  [ 29773598989823980261 ],,, [ 28255284433, 4013562136393, 14772782573837209 ],,, 
  [ 59026215571 ],,,, [ 2953295441 ],,, [ 29593063316881 ],, [ 199946162927281 ], 
  [ 2484683137, 9290200327 ], [ 2463418513 ],, [ 13712440077529, 741734374385489 ],, 
  [ 254350320967441, 6256798988771179 ],,,, [ 965630929981 ],,,,,,,, [ 4520418143167 ], 
  [ 8312190349 ], [ 6857650250401 ],,,, [ 6339665825732687869 ],, [ 5603662798245191 ],,,,,,
  , [ 50145913819 ],,, [ 56436169897 ],, [ 73303474891 ],, 
  [ 1137546901, 20903117201, 323145213301 ],,,,, [ 5088269821 ],,,, [ 20856179389 ], 
  [ 17514721621, 9907907032271 ],,, [ 4297282373 ], 
  [ 5342487151, 6737916613, 5335282154580642442207 ],,,, [ 3658411759 ],, [ 1963382682241 ],
  , [ 2336896373700827 ],, [ 17134688629, 18509547977 ],,,,,, [ 50341303571521 ],, 
  [ 11392007587141 ],,, [ 1034666851, 27153229951 ], [ 231816050561 ],, 
  [ 6483422251, 2465120083609 ],, [ 353427156101 ],,,,,,,,,, [ 256610945251 ],, 
  [ 1053423409 ],, [ 93223573769, 83568081749629777 ],, [ 54394558890798169 ],,, 
  [ 283163654797 ], [ 269793685744441 ],, [ 46303865737, 4624426867644151 ], 
  [ 5623631987, 685825702717 ], [ 1199231701, 37712333453 ], [ 52326714006631 ],, 
  [ 260498892967 ],,, [ 13815721151 ],, [ 1961515958161 ],,,, [ 18383930740073 ],, 
  [ 118723319817589 ],,,, [ 115576846579 ],,,,, [ 150288878917 ], [ 2441688133 ],,,, 
  [ 306970960033 ],, [ 8325675174031 ],, [ 2103933869, 437864812709 ],, 
  [ 3568108299685497289 ], [ 5000289017 ],,, [ 1482376866635551 ],,,,,,,, 
  [ 15412498380035011 ], [ 1167342047 ], [ 2015663329 ],,,,, [ 5270718637 ], 
  [ 2801471677, 28318391081, 8678407777099 ],, [ 18087887790901 ],, [ 97487007980848771 ],,,,
  ,, [ 17006272957 ],,,,,,,,,, [ 14645372517829291813 ],,,, [ 4372778880413 ],, 
  [ 7688063521, 225567459313253 ],, [ 1785354409, 1393418511109 ],,,,,, [ 2174458213 ],,,,,,,
  ,,, [ 1801123141, 48041842659751 ],, [ 886898789072068609 ],,,, [ 143895415973 ], 
  [ 4731981343 ], [ 2665829181177661 ],, [ 2891861561 ],,,, [ 276855453216169 ],, 
  [ 4973636453 ],,,, [ 589274264503 ],, [ 142951784093 ], [ 1064886871 ],, 
  [ 19671048673, 6909625958449 ],,, [ 233239521421 ],, [ 1076325050237 ],,,, [ 27395447297 ],
  ,,,,, [ 42761813051 ],, [ 19595273953 ],,, [ 171552572207 ],,, [ 13347827662261 ], 
  [ 35912647609, 349450650337 ],,, [ 62527608301, 253133079643 ],, [ 874749318392221 ], 
  [ 13100432563 ], [ 7026933817 ], [ 5995168183, 6137962403 ], [ 343182755281 ],, 
  [ 7507574933 ],, [ 50068131037 ],, [ 16313862413 ],,,,,,,,,, [ 2535817129561 ],,,, 
  [ 2212124138881, 14069572403041 ],,,, [ 798338703377 ],,,,,, [ 3036340089197351 ],,,, 
  [ 22025393911, 1670319247501 ],,,,,,,,,,, [ 1249192501, 3011685871 ],,, [ 4423519937 ],, 
  [ 8823381901 ],,, [ 3143973169 ],,, [ 3754133249 ],,,,,,, [ 5783171839 ],,,,, 
  [ 607159371677 ],,,,,,,,, [ 1049506009, 108218645167 ], [ 164355081101, 13709215771489423 ]
   ,,,, [ 10323622718371, 144781016257387 ], [ 2533557941 ], [ 36714807133 ],, 
  [ 10074413969 ],, [ 12969981174529 ], [ 9656753563 ],, [ 7605083719 ],,, 
  [ 4318209287540539, 128560108946666671 ],,,,,, [ 6400237861 ],,,,, [ 771149133451 ],,,,,,,,
  ,,,,, [ 61153589389, 21183118290619 ],,,, [ 1240522883 ],, [ 1043840269 ],, 
  [ 13011832061 ],, [ 1284660409 ],,,,,,,,,,,,,,,,,,, [ 4243911409 ], [ 5756302711636369 ],,,
  , [ 5468975233 ],,,,,,,, [ 371922681870721 ],,,,,,,,,,,,,,,,,, [ 1859121118306027 ],,,,,,,,
  ,,, [ 1236095837 ], [ 561870685771 ],, [ 17900051929 ],,,, [ 2031535107326521 ], 
  [ 176699782631 ],, [ 1019820793 ],,,,,, [ 2808918001, 50383489501 ],, [ 7391111687 ],, 
  [ 31883815783 ],,, [ 19761949997 ],,,,,,,,,,,,,, [ 6549676168807 ],,,,, [ 102873916861 ],,,
  ,,,, [ 6015828529 ], [ 16152285283, 1428926630897 ],, [ 1046794753 ],,,,,,,,,,,,,,,, 
  [ 3193372843 ],,,,,,,, [ 161435332477171 ],,, [ 9887021445313, 1317109303454869 ], 
  [ 1992488153, 169644087307 ],,,,,,,,,,, [ 26380503601 ],,, [ 23722864063 ],, 
  [ 925534691311 ],,,,, [ 171765568151 ],, [ 1300807122037, 2187871310528653 ],,,,,,, 
  [ 1692830177 ],,,,, [ 6970244257, 5766294833670169 ],,,,,,,,,,,,,,,, [ 27115512761 ],, 
  [ 84429906823 ],,,,, [ 12458308129 ],,,,,,,,,,, [ 1377972338903 ],, 
  [ 378503652169441, 686685682854714061 ],,,, [ 5976678641 ],,,,,,,,,,, [ 7539296851 ],,,,,,,
  ,,,,,,,, [ 43493154260821, 86779807154940271 ],,,,,, [ 119349919153 ], [ 11741131411 ], 
  [ 15278637287 ],,,, [ 2655686047351 ],, [ 407125399921 ],, [ 2991108293 ],,,,, 
  [ 1528046539 ],,,,,,,,,,,,,,,,,, [ 1211649301 ],, [ 2439004261 ],,,,,,,,,,,,, 
  [ 18661091856961 ],,,,,, [ 42320538451, 1159630854301, 10259482325241601 ], [ 3490176103 ],
  ,,,, [ 7705243549 ],,,,,,,, [ 5291119681 ],,, [ 5274610511 ], [ 26755664113 ],,,,,,,,,, 
  [ 1550524223, 46974482153 ],, [ 1898934151201 ], [ 6590706497 ], 
  [ 105951107393, 117608647769 ],,, [ 68684493421 ],,,,, [ 54985082071 ],,,,,, 
  [ 1173247261 ], [ 811337612273 ],,,,,,,,,,,,,, [ 30222973763 ],, [ 1273064959 ],,,,,,,,,, 
  [ 18785415749 ],,,,, [ 6379777069 ],,,, [ 3053602529 ],,,, [ 57607022597 ],,,,, 
  [ 1483740061 ],,,,,,,,, [ 34880614201 ],,,,, [ 16308181261, 106335785371 ],, 
  [ 1257711541 ], [ 3213310987 ],,,,, [ 7432824169 ],,,,,,, [ 78942627611611 ],, 
  [ 1991165569 ], [ 1393319539 ],,,, [ 3134569159 ],,,,,,, [ 115728849601, 992024041009 ],,,,
  ,, [ 306228831886361 ],,,,,,,,,,,,,,,,,,, [ 91573800811, 411482824428079 ],,,,,,,,,, 
  [ 116794624927 ],,,,,, [ 1585344251 ],,,,,,,,,,,,,, [ 3391910328637 ],,,,, [ 3334496513 ],,
  ,,,,,, [ 1938042929 ],,,, [ 7671549913 ],,,, [ 824851731601 ],,,,,,,,,,, [ 4795942517 ],,,,
  ,,,,,,,,,,,,,, [ 32997545827 ],,,,,,,,,,, [ 28827163201 ],, [ 14174462359, 14277289933 ],,
  , [ 155853146221 ],,,,,,,,,,,, [ 12421787533 ],,, [ 57128285881 ],,,,,,, [ 28603333579 ],,,
  ,,,, [ 5705628979 ],,,,,, [ 12418594961 ],,,,,,,,,,,,,,,,,, [ 87581018137, 164367181271 ],,
  ,,,,,,,,,,,,, [ 1755388559 ],,,,,,,,, [ 16701097739 ],,,,,, [ 1778522377 ], 
  [ 22013932813 ],,,,,, [ 1374424651 ],, [ 74218330375663 ], [ 1829758009 ], [ 1379295773 ],
  , [ 3389916097 ],,,,,,,,,,,,,,, [ 5088459949 ],,,,,,,,, [ 410566760101 ],, [ 4183274107 ],,
  ,,,, [ 2741557477 ],, [ 3383041801 ], [ 181930074481 ],,, [ 394536411029 ],,,, 
  [ 187408405801 ],,,,,,,,,,, [ 1284106909 ],,,,,, [ 5554486081 ],,,,,, [ 211093202951 ],,,,,
  , [ 85368095273 ],,,,,,,,,,,,,,,,,,,,, [ 1101751883, 1037057046059 ],,,,,,,,, 
  [ 5777705749 ],,,,,,,,,,,,,,,,,,,,, [ 254986448179 ],,,,,,,,,,,,,,, [ 180337099559 ],,,, 
  [ 3597702301 ],,, [ 3132588601 ],,,,,,,, [ 1503301841 ],, [ 61564411511 ],,,,, 
  [ 5830653601 ], [ 1079190179 ],,,, [ 51259409371 ],,,,,,,,,,,, [ 28849752781 ],,,,,,,,,,,,,
  , [ 2718236861 ],,,,,,, [ 2713564907 ],,,,,,,,,,,, [ 5528359391 ], [ 22846736397031 ],,,,,,
  ,,,,,,, [ 6233852353 ], [ 31211865301 ],,,,,,,,, [ 3369705019909 ],,, [ 3733581589739 ], 
  [ 3272665717 ],,,,,,,,,,,,,,,,,,,,,,,,, [ 1937053067 ],, [ 2120360761 ],,,,,,,,, 
  [ 3356652769 ],,,, [ 2473263509 ],,,,,, [ 2109603073 ],,, [ 12922553851 ],,, 
  [ 4004025863021 ],,,,,,,,,,,,,, [ 301872233389 ],,,,,,,,,,,,,,,,,,,,,,, [ 66076279783 ],,,,
  ,,,, [ 9545106451 ],,, [ 19298333539 ],,,,, [ 18592832903761 ],,,, 
  [ 1320290437, 21763613933 ],,,,,,,, [ 5544899641 ],,, [ 2049158833, 3710363429557 ], 
  [ 90428175029 ],,,,,,,,,,, [ 1137375991 ],,,,,,,,,,,,, [ 5720992829 ],,,, [ 3357490469 ],,,
  ,,,,,,,,,,,,,,,,,,,,,,, [ 1462872161 ], [ 46294913029 ], [ 104949485191 ],,,,,,,, 
  [ 343420263187 ],,,,,, [ 31950013709 ],,,,,,,,,, [ 1981590991 ],,,,,, [ 8401214251 ],,,,,,,
  ,,,,,, [ 45772172681 ],, [ 1631054881 ],,,,,,,,, [ 53990058259 ],,,,,,,,,,,,, 
  [ 14692103506849 ],,,,, [ 13980283777 ],,,, [ 169977727417 ],, [ 7336317463, 22336604131 ],
  ,,,,,,,, [ 2408965981 ],,,,,,,,, [ 16170042373, 42350572969 ],,,, [ 162184829531 ], 
  [ 7944193801 ],,,,,,,,,,,,,, [ 2505251131 ], [ 197550538919 ],,,,,,,,,,,,,,,,,,,,,,, 
  [ 14141411173 ],, [ 8224345009 ],,,,,,,,,,,,,,,,,, [ 28951064887 ],,,,,,,,,,,,,,,,,,,,, 
  [ 4129567921 ],,,,,,,,,,,,, [ 1975167937 ],,,,,,,, [ 4481520217 ], [ 105193815791 ],,,,,,,,
  , [ 1090549753 ],,,,, [ 1519648831 ],,,,, [ 2477269601 ],, [ 119422110487 ],,,, 
  [ 1204837217 ],,,,,,,,,,,,,,,,,, [ 1723399441 ],,,,,,,,,,,,,, [ 15162495654959 ], 
  [ 3812473501 ],,, [ 115253776931 ],,,,,,, [ 52867450711 ],,,,,,,,, [ 126989370901 ],,,,,,,
  , [ 18568867573 ],,,, [ 3740267551303 ],, [ 1770787817 ], [ 1763942071 ],,, 
  [ 11473553557 ],,,,,,,,, [ 77248556227, 296434614367, 1743567250699 ],,,,,,,,, 
  [ 5914245781 ],,,,, [ 8161934941 ],,,, [ 1743982561, 40627866889 ],,,,,,,,,,,,,,,,,,, 
  [ 2316394621, 7436253767 ],,,,,,,,,,,,,, [ 26065072057 ],, [ 588114641251 ],,,,,, 
  [ 986581829921 ],, [ 229628437483 ],, [ 43172821693 ],,,,,,,, [ 65587558541 ], 
  [ 1000879669 ],,, [ 3313015681 ],, [ 259396289323 ],, [ 1888425001 ],,,,,,,,,,,,,,,,,,,,,, 
  [ 1473112811 ], [ 29536044469 ],,,,,,, [ 108878527231 ],, [ 268058925529 ],,,,,,,,,, 
  [ 17271201590891 ],,,,,, [ 2431938601 ],,,,,,,,,,,,,,,,,, [ 7734945269 ],,,,,,,,,,,,,,,,, 
  [ 13327592923 ],,,,,,,,,,,,,,,,,, [ 3005143381 ],,,, [ 3826140641, 13458367801 ],,,,,,,,,,,
  ,,,,,,,,, [ 209107332001 ],,,,,,,,,,,,, [ 286085742223 ],,,,,,,,,,,,,,,, [ 7282966139 ],, 
  [ 46897010593 ],, [ 204077157313 ],,,,,,, [ 2933440121 ], [ 12790939793419 ],, 
  [ 3147703733 ],,,,,,,, [ 109640890033 ],,,, [ 19653611161 ],,,,,,,,,,,, [ 7545673309 ],,,,,
  , [ 7651735747 ],, [ 1294250401 ],,, [ 2639955229 ],,,,,, [ 147693628909 ], 
  [ 839445629851 ],,,,,,,,,,,,,,,,,, [ 7425493241 ],,,,,,,,,,,,,, [ 6432032791 ],,, 
  [ 1841999311 ],,,,,,,,,,, [ 21631584937 ],, [ 2141302927 ],,,,,,, [ 1249724701 ],,,,,,,,,,,
  ,,,,,,,,,,,,,, [ 38877414031 ],,,,,,,,,,,,,,,, [ 33302988553 ],,,,,,,,,, [ 15165444097 ],, 
  [ 13519315549 ],,,, [ 2196478303 ],, [ 210214253401 ],,,,,,,,,, [ 4645909399 ],, 
  [ 1369918457, 128564311429 ],,,, [ 4477640561 ],,,,,,,,,,,,,,,,,,,,,, [ 206611039819 ],,,,,
  ,,,,, [ 2157801071897 ],, [ 10004764747 ],,,,,,,,,,,,,,,,,, [ 11952314989 ],,,,,,,, 
  [ 41925195601 ],,,,,,,,,,,,,,,,,,, [ 4672682659 ],,,,, [ 11099527393 ],,,,,,, 
  [ 9028658263 ],,,,, [ 12490818577 ], [ 199964508369253 ],,,,,,,,,,,,,,, [ 94629424177 ],, 
  [ 2480730799 ],,,, [ 118456399297 ],,,,,,,, [ 5534490749 ],, [ 2455678681 ],,,,,,,,,,,,,,,,
  ,, [ 3641062709 ],,,,,,,,,,,,,,,,,,,,,, [ 21201680449, 420560042753 ],, [ 9578527351 ],,,,,
  ,,, [ 2895257941 ],,,, [ 8320143203 ],, [ 9957288097 ],,,,,,,,,,,,,,,,,,,,,, 
  [ 6711443699 ],,,,,,,, [ 3039395773 ],,, [ 132672846217 ], [ 31299183499 ],,,,,,,, 
  [ 47724988081 ],,, [ 8571330307 ],,,,,,,,, [ 44675507881 ],,,,,,,,,, [ 99105179978209 ],,,,
  ,,,,,, [ 6783957029 ],, [ 3666342101 ],,,,,,,,,,,, [ 2409313513 ],,,,,,,,,,, 
  [ 1866273571 ],,,,,,,,,,, [ 323385926881 ],,,,,,,,,,,,,, [ 20897994853 ],,,,,, 
  [ 199225712239 ],,,,,,,, [ 23597455813, 154743540163, 193321929061 ],,, [ 7533288691 ],,,,,
  , [ 5271502111 ],,,,,,,,,,,,, [ 2078238193 ],,,, [ 2017659697 ],, [ 27005662751 ],,,,,,,,,,
  ,,,,,,,,,,,,,,,,,, [ 1643139763 ],,,, [ 2833420357 ],, [ 16001750129 ],,,, [ 2231164549 ],,
  ,,,,,,,,,, [ 1393646533561 ],,,, [ 117787505449 ],,,,,,,, [ 6268974709 ],, [ 65519221667 ],
  ,,,,,,,,,,,,,,, [ 1439140081 ],,,,,,,,,,, [ 1028121037, 14676838243 ],,,,, 
  [ 7250741267849 ],,,, [ 154755253591 ],,,,,,,,,,,,,, [ 11089922257 ],,,,,,,,,,,,,,,,,,,,,,,
  ,,, [ 18278826211 ],,,,,,,,,,,,,,,,,, [ 481077491437 ],,,, [ 4704267193, 9323802529 ],,,, 
  [ 155162065813 ],,,,,,,,,,,,,,,,,,,,,, [ 4608960091 ],,,, [ 2306967043 ],,,,,,,,,,,, 
  [ 221428054621919 ],,,, [ 15925379417 ],,,, [ 19527687523, 34885700137 ],,,,,,,,,,,,,,,,,,,
  ,,,,,,,,,,,,,,, [ 3353153119649 ],,,,,, [ 1545100033 ],,,,,,,,,,,,,,,,,, [ 2725646141 ],,,,
  ,, [ 3949371827, 199010860787 ],,,,, [ 1078370281 ],,,,,,,,,,, [ 1185421711213 ],, 
  [ 8681755213 ],,,,,,,,,, [ 328594428443 ],,,,,, [ 3514633501 ],,,,,,, [ 30325162267 ],,, 
  [ 1161181711 ],,,,,,,, [ 419304858043 ], [ 30279531097 ],,,,,,,,,,, 
  [ 1031917841, 11643122551 ],, [ 2979132509 ],,,,,,,,,,,, [ 34446875513, 270775099097 ],, 
  [ 1634899973293 ],,, [ 327417118939 ],,,,,,,,,,,,,,,,,,,,,,,,,,,,,,,,, [ 90180467821 ],,,,,
  ,,,,,,,,,,,,,,,,, [ 1756290469 ],,,,,, [ 2075407051 ],,,,,,,,,,,,,,,,,,,,,,,,,,,, 
  [ 30981353521 ],,,,,,,,,, [ 50302582081 ],,,,,,,,,,,,,,,, [ 63151238401 ],,,,,,,,,,,,,, 
  [ 36137946253 ],,,,,,,,,, [ 1186669321 ],,,, [ 14207292269 ],,,,,,,,,,,,,, [ 5284685587 ],,
  ,,,, [ 203410580609 ],,,,,, [ 2970667129 ],,,,,,,,,,,,,,,,,, [ 540341939041 ],,,,,,,, 
  [ 11444086369 ],, [ 2910930443 ],,,, [ 2130078751, 100756233751 ],,,,,, [ 2338233949 ],,,,,
  ,,,,,,,,,,,,,,,,,,,,,,,,,,,,,,, [ 3318542257 ],,,,,,,,,,,,,,,, [ 1365739201 ],,,, 
  [ 182799919909 ],,,,,,,,,,,,,,,,,,,,,,,,,, [ 3139243487893 ],, [ 4573198081 ],,,,,,,,,,,,,,
  ,,,, [ 9593819773 ],,,,,,,,,,,,,,,,,,,,,,,, [ 1581759721 ],,,,,,,,,,,, [ 231102696859 ],, 
  [ 3573274841 ],,,,,,,,,,,,,,,,,, [ 26339450873 ],,,,,,,, [ 1040330111 ],, 
  [ 1472610493, 5319131113 ],,,, [ 76273318729 ],, [ 33936438181 ],,,,,,,,,, [ 4726136381 ],,
  ,,, [ 3343300711 ],,,,,,, [ 4683558673, 15395383537 ],,,,,, [ 28111425857 ],,,,,,,, 
  [ 2946702307 ],,,,,,,,,,,, [ 21938017609 ],,,,,,,,,,,,,,,,,,,, [ 62188538177 ],, 
  [ 2200560001 ],,,,,,,, [ 212449739377 ],,,,,,,,,,,,,, [ 3562583245189 ],,,,,,,,,, 
  [ 8537832577 ],,,,,,,, [ 3076898897521 ],,,,,,,,,,,,,,,,,,,,,,,,,,,,,,,,,, 
  [ 4676002142827 ],,,,,, [ 3591689281 ],, [ 2443813866313 ],,,, [ 23611841749 ],,,,,,,,,,,,,
  ,,,,,,,,, [ 7864466117 ],, [ 8103764789971 ],,,,,,,,,,,,,, [ 2392509733 ],, 
  [ 45525508313 ],,,,,,,,,,,,,, [ 1745030701 ],,,,,,,,,,,, [ 3733250041 ],,,,,,,, 
  [ 14710537921 ],,,, [ 1606138081 ],,,,,,,,,,,,,,,,,,,,,,,,,,,,,,,,,,,,,,,,,,,,,,,,,, 
  [ 218929352041 ],,,,,,,,,,,,,, [ 14000933213 ],,,,,,,,,,,,,,,,,, [ 5366740193 ],,,,,,,,,,,,
  ,, [ 1406762761 ],,,,,,,, [ 8024971021 ],,,,,,,,,,,,,,,,,,,,,,,,,,,,,,,,,,,,,,,, 
  [ 309112061857, 565384793437 ],,,,,,,,,,,,,,,,,,,,,,,,,,,,,,,,,,,, [ 34673373601 ],,,,,,,,,
  ,,,,,,,,,,,,,,,,,,,,,,,,,,,,,,,,,,,,,,,,,,,,, [ 2186018814823 ],,,,,,,,,,,,,,,,,,,,,, 
  [ 61950974371001 ],,,,,,,,,,,,,,,,,,, [ 2071938763 ],,,,,,,,,,,,,,,,,,,,, [ 119289965341 ],
  ,,,,,,,,,,,,,,,,,,,,,,,,,,,,, [ 4749010141, 82497015001 ],,,, [ 5457486637 ],,,, 
  [ 2923924901 ],,,,,,,,,,,,,,,,,,,,,,,, [ 1132765069801 ],,,,,,,,,, 
  [ 4150695649, 4262142061 ],,,,,,,,,,,,,,,,,,,,,,,,,,,,,,,,,,,,,, [ 1224189385231 ],,,,,,,,,
  ,,,,,,,,,,,,,,,,,,,,,,,,,,,,,,, [ 17285752811 ],,,,,,,,,,,,,,,, [ 13562765857 ],,,, 
  [ 64891260331 ],,,,,,,,,,,,,,,,,,,,,,,,,,,,,, [ 10145374541 ],,,,,,,,,,,,,,,,,,,,,,,,,,,,,,
  ,,,,,,,,,,,,,, [ 1661443393 ],,,,,, [ 20652789511 ],,,,,, [ 3057552577 ],,,,,,,,,,,,,,,, 
  [ 1783462409 ],, [ 3824797429 ],,,,,,,,,,,,,,,,,,,,,,,, [ 2283250009 ],,,,,, 
  [ 35358446113 ],,,,,,,,,,,,,,,,,,,, [ 2976676561 ],,,,,, [ 57452840701 ],,,,,,,,,,,,,,,, 
  [ 1279083259 ],,,,,,,,,, [ 25702731937 ],,,,,,,,, [ 2631921701, 4774742801 ],,,,,,,,,,,,,,,
  ,,,,,,,, [ 86864907793 ],, [ 17825612401 ],,,,,,,,,,,,,,,,,,,,,,,,,,,,,,,,,,,,,,,, 
  [ 1738063790521 ],,,,,,,,,,,,,,,,,,,, [ 24569325761 ],,,,,,,,,,,,,,,,,,,,,,,,,,,,,,,,,,,,,,
  ,,,,,,,,,,,,,,,,,,,,,,,,,,,,,,,,,,,,,,,,,,,,,,,,,, [ 107928041509, 730363962511 ],,,,,,,,,,
  ,,,,,,,,,,,,,,,,,,,,,,,,,,,,,,,,,,,,,,,,,,,,,,,,,,,, [ 19972948381 ],,,,,,,,,,,,,,,,,,,,,,,
  ,,,,,,, [ 44521761721 ],,,, [ 7518181260727 ],,,,,,,,,,,,,,,,,,,,,,,,,,,,,,,,,,,, 
  [ 2193039091, 3788597341 ],,,,,,,,,, [ 7357760941 ],,,,,,,,,,,,,,,,,,,,,,,,,,,,,,,, 
  [ 1062023653 ],,,,,,,,,,,,,,,,,,,,,,,, [ 4046390197 ],,,,,,,,,,,,,,,,,,,,,,,,,,,,,,,,,,,,,,
  ,,,,,, [ 2021146601 ],,,, [ 15282311269 ],,,,,,,,,,,, [ 129433733317081 ],,,,,, 
  [ 2044802677 ],,,,,,,,,,,,,,,,,,,,,,,, [ 29091490429 ],,,,,,,,,,,,,,,,,,,,,,,,,,,,,,,,,,,,,
  ,,,,,,, [ 81246549151 ],,,, [ 5799306157 ],,,,,, [ 1556017261 ],,,,,,,,,,,,,,,,,,,,,,,,,,,,
  ,,,,,,,,,,,,,, [ 3465442891 ],,,,,, [ 79426566217 ],,,,,,,,,,,,,,,,,,,,,,,, 
  [ 127540750657 ],,,,,,,,,,,,,,,,,,,,,,,, [ 3289693249 ],,,,,,,,,,,,,,,,,,,,,,,,,,,,,,,,,,,,
  ,,,,,,,,,,,,,,,,,,,,,,,, [ 63242142241 ],,,,,,,,,,,,,,,,,,,,,,,, [ 37966190161 ],,,,,,,,,, 
  [ 70632771091 ],,,,,,,,,,,,,,,,,,,,,,,,,,,,,,,,,,,,,,,,,,,,,,,,,,,,,,,,,,,,,, 
  [ 4464445897 ],,,,,,,,,,,,,,,,,,,,,,,,,,,,,,,,,,,,,,,,,,,,,,,,,,,,,,,,,,,,,,,,,,,,,,,,,,,,,
  , [ 39419127091 ],,,,,,,,,,,,,,,,,, [ 2584081153 ],,,,,, [ 15173097889 ],,,,,,,,,,,,,,,,,,,
  ,,,,,,,,,,, [ 39330920521 ],,,,,,,,,,,,,,,,,,,,,,,,,,,,,,,,,,,,,,,,,,,,,,,,,,,,,,,,,,,, 
  [ 9492723937 ],,,,,,,,,,,,,,,,,,,,,,,,,, [ 9507716401 ],,,,,,,,,,,,,,,,,,,,,, 
  [ 2606466601, 26515036369 ],,,,,,,,,,,,,,,,,,,,,,,, [ 1088757568897 ],,,,,,,,,,,,,,,,,,,,,,
  ,,,,,,,,,,,,,,,,,,,,,,,,,, [ 7378488577 ],,,,,,,,,,,, [ 7533712453 ],,,,,,,,,,,,,,,,,,,,,,,
  ,,,,,,, [ 2357797111 ],,,,,,,,,,,, [ 13807581589 ],,,,,,,,,,,,,,,,,, [ 393114259873 ],,,,,,
  ,,,,,,,,,,,, [ 8664710617 ],,,,,,,,,,,, [ 44487631189 ],,,,,,,,,,,, [ 105885903589 ],,,,,,,
  ,,,,, [ 11496122641 ],,,,,,,,,,,,,,,,,, [ 114257376577 ],,,,,,,,,,,,,,,,,,,,,,,,,,,,,,,,,,,
  ,,,,,,,,,,,,,,,,,,,,,,,,,,,,,,,,,,,,,,,,,,,,,,,,, [ 96057902641 ],,,,,,,,,,,,,,,,,,,,,,,,,,
  ,, [ 2389008161 ],,,,,,,,,,,,,,,,,,,,,,,,,,,,,,,,,,,,,,,,,,,,,,,,,,,,,,,,,,,,,,,,,,,,,,,,,,
  ,,,,,, [ 154725966721 ],,,,,,,,,,,, [ 5250554641 ],,,,,, [ 420939150829 ],,,,,, 
  [ 15781828537 ],,,,,,,,,,,, [ 2534895229 ],,,,,,,,,,,,,,,,,, [ 9918381019 ],,,,,,,,,,,,,,,,
  ,,,,,,,, [ 5248672183 ],,,,,,,,,,,,,,,,,,,,,,,,,,,,,,,,,,,,,,,,,,,,,,,,,,, [ 4613563483 ], 
  [ 135345090791 ],,,,,,,,,,,,,, [ 2120088097 ],,,,,,,,,,,,,,,,,,,,,,,,,,,,,,,,,,,,,,,,,,,,,,
  ,,,,,,,,,,,,,,,,,,,,,,,,,,,,,,,,,,,,,,,,,,,,,,,,,, [ 68257857601 ],,,,,,,,,,,,,,,,,,,,,,,,,
  ,,,,, [ 1081180801 ],,,,,,,,,,,,,,,,,,,,,,,, [ 907690924207 ],,,,,,,,,,,,,,,,,,,,,,,,,,,,,,
  ,,,,,,,,,,,,,,,,,,,,,,,,,,,,,,,,,,,,,,,,,,,,,,,,,,,,,,,,,,,, [ 3474301249 ],,,,,, 
  [ 640460444878801 ],,,,,,,,,,,,,,,,,,,,,,,,,,,,,,,,,,,,,,,,,,,,,,,,,,,,,,,,,,,,,,,,,,,,,,,,
  ,,,,,,,,,,,,,,,,,,,,,,,,,,,,,,,,,,,,,,,,,,,,,,,,,,,,,,,,,,,,,,,,,,,,,,,,,,,,,, 
  [ 1787350381, 2932319435761 ],,,,,,,,,,,,,,,,,,,,,,,,,,,,,, [ 1261961101, 166117821391 ],,,
  ,,,,,,,,,,,,,,,,,,,,,,,,,,,,,,,,,,,,,,,,,,,,,,,,,,,,,,,,,,,,,,,,,,,,,,,,,,, [ 1122275617 ],
  ,,,,,,,,,,,,,,,,,,,,,,,,,,,,,,,,,,,,,,,,, [ 8534426671 ],,,,,,,,,,,,,,,,,,,,,,,,,,,,,,,,,,,
  ,,,,,,,,,,,,,,,,,,,,,,,,,,,,,,,,,,,,,,,,,,,,,,,,,,,,,,,,,,,,,,,,,,,,,,,,,,,,,,,,,,,,,,,,,,
  , [ 1770082273 ],,,,,,,,,,,,,,,,,,,,,,,,,,,,,,,,,,,,,,,,,,,,,,,,,,,,,,,,,,,,,,,,,,,,,,,,,,,
  ,,,,,,,,,,,,,,,,,,,,,,,,,,,,,,,,,,,,,,,,,,,,,,,,,,, [ 429377371039, 5817707768377 ],,,,,,,,
  ,,,,,,,,,,,,,,,,,,,,,,,,,,,,,,,,,,,,,,,,,,,,,,,,,,,,,,,,,,,,,,,,,,,,,,,,,,,, 
  [ 4125678397 ],,,,,,,,,,,,,,,,,,,,,,,,,,,,,,,,,,,,,,,,,,,,,,,,,,,,,,,,,,,,,,,,,,,,,,,,,,,,,
  ,,,,,,,,,,,,,,,,,,,,,,,,,,,,,,,,,,,,,,,,,,,,,,,,,,,,,,,,,,,,,,,,,,, [ 12934481041 ],,,,,,,,
  ,,,,,,,,,,,,,,,,,,,,,,,,,,,,,,,,,,,,,,,,,,,,,,,,,,,, [ 2867508901 ],,,,,,,,,,,,,,,,,,,,,,,,
  ,,,,,,,,,,,,,,,,,,,,,,,,,,,,,,,,,,,,,,,,,,,,,,,,,,,,,,,,,,,,,,,,,,,,,,,,,,,,,,,,,,,,,,,,,,,
  ,,,,,,,,,,,,,,,,,,,,,,,,,,,,,,,,,,, [ 7226785141 ],,,,,,,,,,,,,,,,,,,,,,,,,,,,,,,,,,,,,,,,,
  ,,,,,,,,,,,,,,,,,,,,,,,,,,,,,,,,,,,,,,,,,,,,,,,,,,,,,,,,,,,,,,,,,,,,,,,,,,,,,,,,,,,,,,,,,,,
  ,,,,,,,,,,,,,,,,,,,,,,,,,,,,,,,,,,,,,,,,,,,,,,,,,,,,,,,,,,,,,,,,,,,,,,,,,,,,,,,,,,,,,,,,,,,
  ,,,,,,,,,,,,,,,,,,,,,,,,,,,,,,,,,,,,,,,,,,,,,,,,,,,,,,,,,,,,,,,,,,,,,,,,,,,,,,,,,,,,,,,,,,,
  ,,,,,,,,,,,,,,,,,,,,,,,,,,,,,,,,,,,,,,,,,,,,,,,,,,,,,,,,,,,,,,,,,,,,,,,,,,,,,,,,,,,,,,,,,,,
  ,,,,,,,,,,,,,,,,,,,,,,,,,,,,,,,,,,,,,,,,,,,,,,,,,,,,,,,,,,,,,,,,,,,,,,,,,,,,,,,,,,,,,,,,,,,
  ,,,,,,,,,,,,,,,,,,,,,,,,,,,,,,,,,,,,,,,,,,,,,,,,,,,,,,,,,,,,,,,,,,,,,,,,,,,, 
  [ 18420686849 ],,,,,,,,,,,,,,,,,,,,,,,,,,,,,,,,,,,,,,,,,,,,,,,,,,,,,,,,,,,,,,,,,,,,,,,,,,,,
  ,,,,,,,,,,,,,,,,,,,,,,,,,,,,,,,,,,,,,,,,,,,,,,,,,,,,,,,,,,,,,,,,,,,,,,,,,,,,,,,,,,,,,,,,,,,
  ,,,,,,,,,,,,,,,,,,,,,,,,,,,,,,,,,,,,,,,,,,,,,,,,,,,,,,,,,,,,,,,,,,,,,,,,,,,,,,,,,,,,,,,,,,,
  ,,,,,,,,,,,,,,,,,,,,,,,,,,,,,,,,,,,,,,,,,,,,,,,,,,,,,,,,,,,,,,,,,,,,,,,,,,,,,,,,,,,,,,,,,,,
  ,,,,,,,,,,,,,,,,,,,,,,,,,,,,,,,,,,,,,,, [ 2313082201 ],,,,,,,,,,,,,,,,,,,,,,,,,,,,,,,,,,,,,
  ,,,,,,,,,,,,,,,,,,,,,,,,,,,,,,,,,,,,,,,,,,,,,,,,,,,,,,,,,,,,,,,,,,,,,,,,,,,,,,,,,,,,,,,,,,,
  ,,,,,,,,,,,,,,,,,,,,,,,,,,,,,,,,,,,,,,,,,,,,,,,,,,,,,,,,,,,,,,,,,,,,,,,,,,,,,,,,,,,,,,,,,,,
  ,,,,,,,,,,,,,,,,,,,,,,,,,,,,,,,,,,,,,,,,,,,,,,,,,,,,,,,,,,,,,,,,,,,,,,,,,,,,,,,,,,,,,,,,,,,
  ,,,,,,,,,,,,,,,,,,,,,,,,,,,,,,,,,,,,,,,,,,,,,,,,,,,,,,,,,,,,,,,,,,,,,,,,,,,,,,,,,,,,,,,,,,,
  ,,,,,,,,,,,,,,,,,,,,,,,,,,,,,,,,,,,,,,,,,,,,,,,,, [ 4684691761 ] ]);
