BRENTFACTORS[7138]:=MakeImmutable([ ,,,,,,,,,,,, [ 32437340631593 ],,, [ 11710075249 ], 
  [ 1017653744797, 700515691054313 ],, [ 9539369863, 18817242649 ],, [ 155053514113 ], 
  [ 3913848929 ], [ 5957495237, 70709058384119 ],, [ 188120503342017707596086451 ],, 
  [ 113486256346829537631868363 ],, [ 247380924448750965274931 ], [ 114218186191 ],,, 
  [ 13675341743449, 64395419156996246353 ], [ 3234845081671540958459 ], 
  [ 566172251827561, 1425201788416382251878861382951 ],, 
  [ 18594194231, 90165054333173, 3945344697484937389711472870982049 ], 
  [ 233933528010353081265972091 ], [ 21864322164474347335268617782300046316538391 ],, 
  [ 11861197501, 553951364819, 52188149407507 ], [ 1800068887, 583382389692943 ], 
  [ 70216762721373504473, 5399355553433195228139599261 ], [ 103917252599060883841 ], 
  [ 1183050790475983111 ], [ 256500118950379683316624781701 ], 
  [ 464272243481, 147038200108531540580013061 ], 
  [ 148163415553, 47161299143473, 2873024459318833 ], 
  [ 154229714190931, 62430953327262031, 41217793622660499067749454032679 ],, 
  [ 472528512287103679571066858209 ], [ 535023400653552166877 ], 
  [ 2089610082719145289, 6189640412590924638835344049 ], 
  [ 7936916955093688425734294851388383 ], [ 5527401661, 2022242765014837025348491 ], 
  [ 44418155494441, 248977058280297196193 ], 
  [ 613341449302689083311, 104055009133805364267865202995657 ], 
  [ 1370964851, 820543157703029, 616601463888930104141 ],,, [ 34287866981 ], 
  [ 20422570360867, 4059438963163961378265287 ],, 
  [ 62729848606657, 11516342337711590703619649 ], [ 342796659661 ],,, 
  [ 3831671617, 345025460094048185847910811583090996700605360783432917 ],, 
  [ 119756931131741, 27615646844060162974599521821 ],, [ 446334698577457 ], [ 12146333783 ], 
  [ 2426759183, 401406837199147379 ],, [ 60173429796113 ], [ 35085870902610165793 ], 
  [ 2521553171047 ],, [ 33386727672794081, 4405539308058086155138916431441 ],, 
  [ 94317077515504168880459, 445999433001341903518010490181000535821 ], 
  [ 17340695162633, 77953785549821 ], [ 43966500901, 2502306531043413921113396645418709 ], 
  [ 2260419503092472854984331 ], [ 119474538235722627847 ], 
  [ 9603743755447, 178964056646940798193501267 ], 
  [ 56904105645909721, 98692557896792596711196377, 1168476946331463724240656773953 ], 
  [ 53340136584609246030641 ], [ 410549577885538446241 ], [ 3585637147 ], [ 335842525897 ],, 
  [ 22424580499, 495240127531, 95025128460817088932087 ], [ 232352495132807411 ],, 
  [ 55414764311, 67716964039965073739911 ],, [ 765262495603 ], 
  [ 1932438401, 327379104924873601, 2153712815796262209536324079964974447497687971114317101 ]
   ,, [ 129883038376747589511690609760473709 ], 
  [ 1423421479, 6209767475326926025973, 228155848381437380414418511 ], 
  [ 120823442689, 4418930157409 ], [ 334674015322744795210475488891 ],, 
  [ 2129121809381538848287 ], 
  [ 267008194261, 2013576920052439407555496107192856858398804684121 ], 
  [ 10640018184211351077409 ],, [ 3257969027164801 ], 
  [ 49135107947630570869249, 272185940030411940081697 ], [ 28749558311, 39169964051 ], 
  [ 315794900151262596037742106097, 19742672353050394494943470779287, 
      32270855735957886091081059307561 ],, [ 1426007837 ], 
  [ 10065755511006849140059, 23730546743922092191651 ], 
  [ 33527909421236011, 243329949327513149398727 ], [ 2695385701 ],, 
  [ 10339016579, 280758591214532992661 ], [ 6114903643 ], [ 4116629929, 47305749715387 ],, 
  [ 124777196543501, 1546658470129501 ], [ 6759686179, 1142297103907 ], [ 2158129543 ], 
  [ 72181952897, 174347060251838977 ],,, [ 8616397971659 ], 
  [ 812859906310793104297570741, 42246621546720120662449748940794209, 
      45448906773898869566867664638264761 ],, 
  [ 413559393019, 2065811954541909257, 29764254317094649755077 ],, 
  [ 2307649361, 446527642204529, 334470525796414193 ], [ 20909433430709 ], 
  [ 28164467342939503, 1061826676678623451983649, 10890646497344434126681096391266507 ],, 
  [ 13503814801, 2289783990627648222123108841 ],, [ 180420767109463 ],, [ 391218373009 ], 
  [ 1814923995360391 ], [ 2125449167, 15115196730289, 8950043643885718260097403 ],, 
  [ 123568159240968383672329 ],, 
  [ 50889431640118503327601, 45341441939543868501303149605510421851 ], 
  [ 1839498155883847141919, 32039654959744308680161 ], [ 7608771500158217 ],, 
  [ 192883153079, 4958444914871484499, 260391696355840272747217 ],,, 
  [ 1168538002044733, 329171333147932007 ], [ 286266690893509, 186912569327640744287243 ], 
  [ 32326156441 ],, [ 6884048627, 15940474094207363 ], [ 146387152963 ],, [ 120687071101 ], 
  [ 486366047012736476633521 ],, [ 141271809856909033 ], [ 56048148787475209 ], 
  [ 123901332415799871167 ], [ 708242254007238101 ],,, [ 2545335317339385023 ], 
  [ 32310735859590481, 5637719709971803801, 2697957652830223141958539 ],, 
  [ 1007418184609, 21721881604017761, 90338895437182134591377 ], [ 19974810727 ], 
  [ 9931127759787173 ], [ 36116532503, 4375558442806079203 ], [ 23100430186387261 ], 
  [ 1385000417 ], [ 901849249120959799843, 6016241891086588722922453 ],,, 
  [ 3426852311, 321196805868401 ], [ 77103404455789 ],, [ 134694915382057 ],, 
  [ 490449633388411 ], [ 10078686033847, 2906632964098967 ], [ 11650156993, 686968926913 ],, 
  [ 1321771859, 4309979218198757 ], [ 26570625121, 41710353619741 ], [ 32241600700094857 ], 
  [ 5844536744842801 ], [ 1013139461658814183 ],, 
  [ 1760502252901345601, 223178280589016193273393601 ], [ 9519713087221339687 ],, 
  [ 142369231999 ],,,, [ 3099153493 ],,, [ 31293070791618625039053571 ],,,, 
  [ 7643863955873 ], [ 164853684418045451 ], [ 113753936865169 ], [ 14315608049 ], 
  [ 27420617559690841, 207145517465921231, 58125040888694489231 ],,,, 
  [ 2688402883767820497904921 ], [ 3561431759 ],, [ 40943453733901 ], [ 44470813226779 ], 
  [ 38337800999054021, 2585333330831014701961 ], [ 4616119009 ], [ 1017625163 ], 
  [ 128026812911, 142961499600465901 ], [ 838076378371 ], 
  [ 35188813441, 117114845362075572281, 2100321950658102810193 ],,, [ 367508246184605971 ],, 
  [ 5174256049 ], [ 1273702974052094793801049 ],,,, [ 1236206930443 ], [ 562321280848123 ], 
  [ 1752001264564385209, 101032916851346842865777 ],,, [ 91912771829581 ], 
  [ 57258845557721, 387500305460802239801, 3828262797488947572137953 ], 
  [ 5461917842658379267273 ],,, [ 26570619937, 50969371069 ],, 
  [ 7521293633647063, 1401791809974729911203 ], [ 2015263983571 ],, [ 17142943540277 ],, 
  [ 6963555512999 ], [ 6468388681 ], [ 5516010168862999752513901 ], 
  [ 1630740401, 4611817263254921131037 ],,, [ 1991743711 ],, 
  [ 1363990861, 67599774916499029 ], [ 14865161531789 ], [ 52530376912331 ], 
  [ 12246452371, 50265067781139372383328991 ],, [ 9184524559964443455697 ], 
  [ 14107514142453187 ], [ 172670067473 ], [ 3170949505878551 ], [ 93922136400229 ], 
  [ 430245760939 ], [ 3287788963 ],, [ 2254608022801 ], [ 3858800420070551 ], 
  [ 87582380959, 1962509597090298097 ],,, [ 1695945334870966032631 ], 
  [ 349064816360791867909, 838193793831644533388249 ],,,, [ 36679345291, 2766142114651 ],,, 
  [ 248394262405477 ], [ 12810607135836553 ],, [ 2576678855897792641 ],, [ 2615685167 ], 
  [ 20240943139 ], [ 15356778301 ],, [ 1013448883, 270538982259648113583961673549 ],, 
  [ 40089783720385297 ],,,, [ 228621920737057, 22796108028472241 ],, 
  [ 239756464613344681, 63227519288334964481 ], [ 12593459988037 ], [ 444901384134693656041 ]
   ,, [ 1026939224205864308947 ],,, [ 1191015283 ],, [ 25411636339 ],,, [ 1160412653 ],, 
  [ 1598027617, 3304063549, 39188735243375797, 7578112638487286828495053, 
      43473108764923500137576473 ],, [ 5982144011 ],,,,, [ 133340621899, 76731903899602639 ],
  , [ 12709686259 ],,, [ 76571576929, 903562547401603256826209713 ],, 
  [ 308448767147, 767213500327 ],,, [ 33398918066933, 173702349430369 ], 
  [ 821695898071, 49115497511809, 71713626713211349 ],, [ 2854252969 ], 
  [ 1115039676391, 898325959415971, 21154267154667301 ],,, [ 1758146795124697 ],,,,, 
  [ 423886876585033 ],, [ 5358366451 ], [ 1796283002477, 116513771109381768613 ],, 
  [ 12374633752703 ],, [ 1793815921 ], [ 13658333268757 ],, [ 67316582917 ],,,, 
  [ 318979051013053 ],, [ 14795689681, 61805636551, 109730550474667 ],, 
  [ 5541166219, 3095005427249 ], [ 10404560508894980353 ], [ 455207116423 ],,, 
  [ 1256137407353, 39665384322632135901089 ], [ 468085732679969 ], 
  [ 4235761797370857242450389, 62076821993806449783014587 ], 
  [ 817646047487, 8661853379117, 4853480513376511 ], [ 3272753041 ],, 
  [ 197493017879, 353591057613489484223 ],, [ 115024001454337 ],, [ 12947037823771729 ],,,,,,
  ,, [ 417843392889553 ],, [ 1422695341, 341381764153 ],,, [ 464365004019560071 ], 
  [ 1486786801, 30259154801, 171984605514451201 ], [ 16252474663 ],,, 
  [ 14202557381, 15748788197, 811318837781 ],,,, 
  [ 3075544393, 5882342078311201, 18218118872110681642369, 13753579532944404306305497 ], 
  [ 51810471731, 403190511112211 ], [ 164248184071, 2180227595621 ], [ 3875584214191 ],,, 
  [ 56954509721370149743 ],,, [ 38901721501, 28741122534247 ], [ 2504815219442979433 ], 
  [ 12846974923 ],,,, [ 1518098779 ], [ 5319190241, 1916021399778398057 ],, 
  [ 197258902543, 10088455238209, 2601914561970470113 ],, [ 3125107525517 ], 
  [ 1184556832603 ],, [ 26589268379 ], [ 7288317793 ],, [ 496879099723307981 ],,,,,,,, 
  [ 4919054687 ],, [ 1864134001, 12935464921, 2283549742514797, 201427459613548417 ],, 
  [ 72826374036253 ],, [ 29385413569, 81261212033 ], [ 6698623952497 ],,,, [ 913761650359 ],
  , [ 1098552001, 81642193820461 ], [ 381951993121 ],,,, 
  [ 1041287292421, 5355795448472065501, 458506349229725478361 ],,,,,,,, [ 435403516342393 ], 
  [ 3510210991477 ],, [ 8149659307 ],,, [ 64193539266391 ], [ 45249229601 ],,,,,, 
  [ 5928371177 ], [ 32819127177323251, 480763324560169054903 ], [ 3902240077 ],, 
  [ 1205313271, 1761807452711 ], [ 17093514985947350227 ], [ 86537843564581 ],, 
  [ 3060493543, 23545660511089 ], [ 35063270613211, 154090478133819431 ],,,, 
  [ 1712351573609 ],, [ 1010343569, 1073186376161, 1825223002657 ], [ 1411650602209 ],,, 
  [ 150766054221787001 ],, [ 154098103844289851 ],,,, [ 1746020299, 402450042391 ], 
  [ 2133525967 ], [ 52440243101, 55133454377 ],,,, [ 3550461552042497 ],,,, 
  [ 215176487137, 520402635909323053 ],, [ 47431248574340435183 ],, 
  [ 173865214937441, 81057089411511721 ],, [ 2851332047705863 ],, [ 117799061902009 ],,,,,, 
  [ 214514325301 ],, [ 51879006229, 43246667409317 ],,,, [ 21776426297 ], [ 9907095817 ], 
  [ 19830680212335689 ],,,,,,, [ 5286183901 ],,, [ 592533272609 ],, [ 1765226101 ],,,, 
  [ 4524306071179, 48461146722621317 ], [ 3621356131 ],, [ 1245743869 ], 
  [ 2211883543, 49220399411011 ],,,, [ 167351407204871, 1269960390746183621 ],,,,,, 
  [ 131190601932233 ],, [ 183116416471, 2118421284124231 ],,,, [ 994958321659 ],, 
  [ 5135115457 ],,,, [ 23789826901822661 ], [ 2680600528033 ],,,,,, [ 5283514213 ], 
  [ 514340275681 ],, [ 349998195791 ],,,, [ 311319884721078091 ],,,, 
  [ 6380379539, 105318775693 ],,,,,, [ 13929610607069 ],, 
  [ 3198764941, 4479610494558523695667 ],,, [ 2888177629 ], [ 899508428411 ], 
  [ 8384420617 ], [ 22702523113, 128777159341 ], [ 4293002059 ],,,,, [ 33447727840663 ],,,, 
  [ 6657029690383 ],, [ 336438015250273, 5925243950928833857 ], [ 103460261251 ],, 
  [ 5540244013435429 ], [ 4223955923393 ],,,,,, [ 369036250571, 1869896212473539 ],,, 
  [ 6695037336079 ],,,,, [ 2373586972741 ],,, [ 49079039431 ],,,,,, [ 42993411007 ], 
  [ 516607364080793 ],,, [ 7516119761 ],,, [ 7562506519, 121025032619 ],, [ 413349206821 ], 
  [ 3568317283 ], [ 16988364057673 ],, [ 1454468015657 ],,,,,,,,,,,,,, 
  [ 93067785361, 10866170783071, 67607929371187 ], [ 16397678893 ],, [ 2620310941 ], 
  [ 4604799211 ],,,,, [ 13490657473 ], [ 273956386337 ],, 
  [ 1683410251, 2799800442001, 5505648921841, 4579687857491371 ],, [ 16532840406773521 ],,,,,
  ,,, [ 66804097807301 ],, [ 123094364797 ],,,, [ 214405849531 ],, [ 46009566913 ],, 
  [ 78562090935131 ],, [ 209672105329 ], [ 1411466209 ],,, [ 973018718041 ],,,,,, 
  [ 17374878631867 ],, [ 58509813019709 ],,,, [ 30821700001 ], [ 139943005507 ], 
  [ 3822340591 ],,,, [ 8942861491 ],,,,,,,, [ 8251485943 ],,, [ 7304921681 ],,,,, 
  [ 2791476001, 235474676251 ],, [ 35640501886849 ],,,,, [ 6300253621 ],,, [ 101807949281 ],,
  ,,,, [ 77694024181 ],,,,,,,,,, [ 78354475313 ], [ 25304504611 ], [ 7296244847611 ],,, 
  [ 7925284973 ],,,,, [ 35543535439 ],, [ 110685863372561 ], [ 131745754039 ], 
  [ 27534359011, 107822951711, 325297272211 ],, [ 542426565906721 ],,,,,,,,,,,,,, 
  [ 116221838981 ],, [ 23450414321 ],, [ 24670465066801, 1239860334211921 ],, 
  [ 23595561781877 ],, [ 28399949623 ],,,, [ 30002783143, 33169446829 ],,, [ 8343507737 ],,,,
  ,,,,, [ 40008841921 ],, [ 207221106332033 ],,, [ 39941854261 ], [ 5043567101, 6358278257 ],
  , [ 17421615247 ], [ 3149748631 ],,,,,,, [ 4415452544917 ], [ 3450952656691 ], 
  [ 141411084193 ],, [ 1505748887502751 ], [ 384775405213 ],,,,,,, 
  [ 3787825873261, 26326094632267 ],, [ 88714044761 ],,,,,,,,,,,,,,,, 
  [ 6321759121, 9726577925209, 49485968473717 ], [ 3326145281 ], 
  [ 1359606707, 679149493084253 ],, [ 2119289041, 2178076561 ],,,, [ 10251237855977 ],, 
  [ 4411546870441 ],,,,,, [ 7017556673, 2857289714281 ],, [ 1373535661159 ],,,,,, 
  [ 234647680932001 ],, [ 1272811190663 ],, [ 222245392393 ],,,, 
  [ 1065609028301, 3596610882509 ],,, [ 12852497321 ], [ 55524948529, 904927212001 ],, 
  [ 3724878127, 78576325705093 ], [ 13925130631 ],,,,,, [ 2973868477 ], [ 71308153061 ],, 
  [ 34178839521289 ], [ 5428871251, 14988785101 ],,, [ 503570588161 ],, [ 1294878061 ],,,, 
  [ 12783867615296209 ],,,, [ 5718742121 ],,, [ 1995213593 ],,,,,,,,,,, 
  [ 6565396601, 99119460674000033 ],,,, [ 585313339333 ],, [ 237067101521 ],,,,,,,,,,, 
  [ 12642855019 ], [ 58344903451, 41833270366441 ],,,, [ 1265826959 ], [ 109094393851 ],,,,, 
  [ 27522365081, 139763131704701 ],,,,,, [ 7762657741827689 ],,,, [ 7639823383699321 ],,,,,, 
  [ 98205812149 ],, [ 24571650217 ], [ 72131486311 ], [ 681511621001, 2088277744001 ],,,,,, 
  [ 2348836969 ],,,,,,,,, [ 25050104591 ],,,,,,,,,,,,,, [ 1354019941, 6524897233 ], 
  [ 116381256331 ], [ 10987901059 ], [ 1509814291009 ],,, [ 4131537841 ],,,, [ 15928025851 ],
  [ 1152380321, 2430898081 ],,,,,,, [ 1306114468567 ],,,,,,,,,,,,,,,,,,,,,,,,,,,,, 
  [ 3210594571277 ],,,,,,,,, [ 4254337081 ],,, [ 942124834369 ],,,, 
  [ 3279284737, 13907882220961, 147097568002477 ],,,,,,,,,,,,,,,,,, [ 2645696101 ],,,,,,,,, 
  [ 14165064567169 ],,,,,,,, [ 10106933747 ],,,,, [ 344537824855013 ],,,,,,,, 
  [ 5339716991221 ],,,,,, [ 3892191889 ],,,,,, [ 39038979457 ],, [ 32141649983 ],,,,,,,,,,,,,
  ,,,, [ 20497628981 ],,,,,,,, [ 4688071849 ], [ 59123176661 ], [ 3303290069 ],,,, 
  [ 1045257691 ],,,,,, [ 1660947163, 12424982730841 ],,,,,,,,,,,,,,,,,,,,,,,,,,,,, 
  [ 1012197401 ], [ 24617018119, 1371676928689 ],,,,,,,,,,,,,,, [ 165565878337 ], 
  [ 9222762751 ],, [ 15176761279 ], [ 39428253961 ],,,,, [ 37573900801 ], [ 228641320223 ],,,
  , [ 89790315001 ],,,,,,, [ 4154905399 ],,, [ 902712662461, 7913229535465347241 ], 
  [ 1421916211 ], [ 7857323057 ],,,,,, [ 1237379069 ],,,,,,,, [ 30379150913 ],,,,,,,,,,,, 
  [ 7013006729 ],, [ 59896906823641, 689990466255991 ],,,,,,,,, [ 2507696119 ],,,,,,,,,,,,, 
  [ 2666958817 ],, [ 74033169877 ],,,,, [ 11004941963 ], [ 2231414898241 ],,,,,,, 
  [ 17383426639 ],,,, [ 1036090331 ],,, [ 7381448881 ],, [ 12801372977 ],,, [ 3411983563 ],,,
  ,,,,,,,,,,,,,,,,,,,,, [ 18805954337 ],,,,,, [ 18778337340341 ], [ 2662207291 ],,,,,, 
  [ 7275847681 ],,,,,,,,,,,,,,,, [ 26733184609 ],, [ 1307605457 ],, 
  [ 6134213857, 392819507473 ],,,, [ 17481034201 ],,,,, [ 1687053751 ],,,,, [ 5009421211 ],,,
  ,,,,,,,,,, [ 121375653031 ],,,,,,, [ 2392378561 ],,,,,,,,,,,, [ 2620200521 ],,,, 
  [ 2506377829 ],, [ 7738961977 ], [ 1714778479 ],,,,,,,,,, [ 92265566773 ],,,,,,,,,, 
  [ 342326331959 ],, [ 64950654623 ],,,,,,,,,,,,,,,,,,,,,,,,,,, [ 20710519607 ],,,,,,,,,, 
  [ 1404308413 ],,,,, [ 43096089259 ], [ 153732369991 ],,,,,,,,, [ 1004640859 ],,,, 
  [ 125072367697 ],,, [ 32236934761 ], [ 3574058261 ],,,,,,,,,,,,, [ 33639325633 ],,,,,,,,, 
  [ 4937837478709 ],,, [ 5051255249 ],,,,,,,,, [ 7701283621 ], 
  [ 1138712203, 2985611887, 3871668781, 35602999039 ],, [ 6104517217 ],,,,,,,,,,,, 
  [ 19628140921 ],,,,,,,,,,,,,,,,, [ 1531337749 ],,,,,,,,,,, [ 6530707081 ],,,,,,, 
  [ 1976921501 ], [ 32453693297 ],,, [ 1249171831, 1317760198351 ],,,,,, [ 1618461001 ],,,,, 
  [ 26417613751 ],,,,,,,,,,,,,,,,, [ 3585495943 ],,,,,,,,,,,,,, [ 11912353157 ],, 
  [ 1189065398359 ],,,,,,, [ 1258289891 ],,,,,,,,,, [ 4689128641 ],,,,,,,,,,,,,,,,, 
  [ 11216348653 ],,,,,,,, [ 36489816661 ], [ 207386762903 ],,,,,,,, [ 1409999819 ], 
  [ 15216845141 ],,,,,,,,,,,,,,, [ 464316857311, 57585586477561 ],,,, [ 53036526289 ],,, 
  [ 1861021801 ], [ 3604653713 ],,,, [ 80721527641 ], [ 20935469311 ],,,,, [ 64989201397 ],,,
  , [ 4887915313 ],, [ 1719119478913 ], [ 1436035771 ], [ 6281636953 ], [ 189156413209 ], 
  [ 13111225531 ],,,,,, [ 25296929533 ],,, [ 24830781637 ], [ 15855316153 ],,, 
  [ 2452077013 ],,,,,,,,,,,,,,,, [ 5062392301 ], [ 2180217469 ],,, [ 1282957777 ],,,,, 
  [ 37581025213 ],,, [ 1286731153 ],,,,,,,,,,,,,,,,,,,,,,,,, [ 27600445153 ],,,,,,,,,,,,,,, 
  [ 5631183892513 ],,,,,,,,,,,,,,,,,,,,,,,, [ 25856398153 ],,,,,,,,,,,,,,,,, [ 9070259281 ], 
  [ 1057020427, 1638861966127 ],,,,,,,,,,,, [ 551119709731 ],,,,,,,,,,,,,,,,,,,,,,, 
  [ 3561167653 ],,,,,,, [ 6394959577 ],,,,,,,,,,,,,,, [ 9607293565099 ],,,,,,,,,,,,,,,, 
  [ 4202903543 ],,,, [ 1394773469 ],,,,,,, [ 5152662301 ], [ 58858845251 ],,,,, 
  [ 1614856069 ],,,,,,,,,, [ 1027485271 ],,,,, [ 1003239817, 157059876679 ],,,,,,,,,,,,,,,, 
  [ 3173272103 ],,, [ 1083357641 ],, [ 1014815467, 32264327287 ],,,,,,,, [ 1042754441 ], 
  [ 6000825601 ],, [ 29943168757 ],,,,,,, [ 3539590651 ],,,,,,, [ 1166591521 ],, 
  [ 3808359901 ],,,,,,,,,,,,,,,,,, [ 2159598673 ],,,,,,,,,,,,,,,,,,,,,, [ 4225617377 ],,,,, 
  [ 970397703199 ],,,,,,,,,,,,,,,,,,,,,,,, [ 95265563521, 140315461711 ],,, 
  [ 26038046971, 848402238997 ],,,,,,,,,, [ 4770281201317 ],,,, [ 21212009801 ],,,, 
  [ 16579047673 ],,,,,,,,,,, [ 2670389681 ], [ 3429375769 ],,,, [ 16220348281 ],, 
  [ 20236812751 ],, [ 158864411809 ],, [ 12246427981 ],,,,,,,,, [ 2505885721 ],, 
  [ 299086695109 ], [ 67272687067, 3771292241029 ],, [ 83522506321 ],,,,, [ 17887178041 ],,,,
  ,,,,,,,,,,,,,,,,,,,,,,,,,,,,,,,,,,,,,,,,,,,,,,,,,,,,,,, [ 268524903761 ],,,,,,,,,,,,,, 
  [ 1076657041 ],,,,,,,,, [ 1353880417 ],,,,,,, [ 25702754197 ],,,,,,, [ 22885611379 ],,,,,,,
  ,, [ 154313932621 ],,,,,,,,,,,, [ 57137891231 ],,,,,,,,,, [ 9227853289 ],,,,,,,,,,,,,,,,,,,
  ,,, [ 16125252469 ],,,,,,,,,, [ 9068554769 ],,,,,,, [ 1233019747 ],,,,,,,,,,, 
  [ 1057776011 ],,,,,,,,,,,,,, [ 6222167729 ],,,,, [ 2571686197 ], [ 17782028837 ],,,,, 
  [ 87954567157 ],,, [ 2646750597481 ],,,,,,,,,,,,,,,,,,,,,, [ 8799572393 ],,,,, 
  [ 1458761467 ],,, [ 81558758401 ],,,,,,,,,, [ 401864044061 ],,,,,,,,,,,, [ 6378174727 ],,,,
  ,,,,,,,, [ 40815682717 ],,,,, [ 76139770303 ],,, [ 359382131461 ],,,,,,,,,,,,,,,,,,,,,,,, 
  [ 7248308869 ],,,,,,,,,,,,,,,,,,,,,,,,,, [ 13618416169 ],,,,,,,,,,,,,,,,,, [ 3081612341 ],,
  ,,,,,,,,,, [ 2037652423 ],,,,,,,,,, [ 12536435869 ],,,,,,,,,,,,,,,,,,,,,,,,,,,,,, 
  [ 2431609573 ],,,,,,,, [ 57891311141 ],,,, [ 1337416939 ],,,,,, [ 2390039761 ],, 
  [ 6371170513259 ],,,,,, [ 4336897937 ], [ 26903111947 ],,,,,, [ 1542680791 ],,, 
  [ 130889372959 ],,,,,,,,,, [ 227181396049 ],,,, [ 1390701937 ],,,,,,,,,,,,,, 
  [ 3201398617 ],,,,, [ 2248573627, 24178737403 ],,,,,,,,,,,,,,,,,,,,,,,,, [ 6273191343137 ],
  ,,,,,,,,, [ 1399543361 ],,,, [ 1319196271, 3733268761 ],,,,,,,,,,,,,,,,,,,, 
  [ 87595118291 ],,,, [ 4880504281 ],,,,,,,,,,,,,,,,,,,, [ 1827005093 ],,,, 
  [ 21206848229407 ],,,,,, [ 13419303853 ],,,,,,,,,,,,,,,, [ 167123384641 ],, 
  [ 295577095399 ],,,,,,,,,,,,,,,,,,,, [ 118237698451 ],,,,,,,,,,,,,,,,,, [ 8365784501 ],, 
  [ 3962805991 ],,,,,,,,,,,,,,,, [ 5658024709769 ],,,,,,,,,,,,,,,,,, [ 1093052929 ],,,,,,,,,,
  ,,, [ 393452154247 ], [ 1158091949101 ],,,,,,,,,,,,,,,,, [ 661479940213 ],,,,, 
  [ 1080868073, 2514009481 ],,,,,,,,,,,,, [ 86410302361 ],,,,, [ 11046256901 ],, 
  [ 9512925601 ],,,,,,,,,, [ 4338110327 ],,,,,,,,,,,, [ 1493059731931 ],,,,,, 
  [ 64476944101 ],,,,,,,,,,,,,, [ 1821334507 ],,,,,,,,,,,,,,,,,,,,,,,,,,,, [ 1899872993 ],,,,
  ,,,,,,,,,,,,,,,,,,,,,,,,,,,, [ 7837075879 ],,,,,,,,,,, [ 365815731991 ],,,,,,, 
  [ 4161839089 ],,,,,,,,,,,,,,,,,,,,,,,,,,,, [ 179897232401 ],,,,,,,, [ 29432453717 ],,,,,,,,
  ,,,, [ 13318595681 ],, [ 38038348297 ],,, [ 28615040371, 118398406141 ],,,,,,,,,,,,,,,,,,,,
  ,,,,,,,,,,,,,,, [ 16048263001 ],,,,,,,,,,,,,,,,,,,,,,,,,,,,,,,,,,,,,,,, [ 7269862081 ],,,,,
  ,,,,,,,,,,,,,,,,,,,,,,,,,,,,,,,,,,,,, [ 7232107429 ],,,, [ 20338374503 ],,,,,,,,,,,,,,,,,,,
  ,,,,,,, [ 2130369529 ],,,,,,,,,,,,,,,,,,,,, [ 617943039589 ],,,,,,,,,,,, [ 10166864101 ],,,
  ,,,,,, [ 2309250637 ],,,,,,,,,,,,,, [ 14494131793, 2356408428993809 ],,,,,,,,,,,,,,,,,,,,,,
  ,, [ 9376635841 ],,,,,,,,,,,,,, [ 18457126829 ],,,,,,,,,,,,,,,,,, [ 1419011833 ],, 
  [ 43942697413 ],,,, [ 1016345431, 1701111611 ],,,,, [ 7788303186691 ],,,,,,,,,,,,, 
  [ 1018518658561 ],, [ 9479890621 ],,,,,,,,,,,,,,,, [ 42720312643 ],,,,,, [ 1400834321 ],,,,
  ,,,,,,,,,,,,,,,,,,,, [ 196536999937 ],,,,,,,,,, [ 68083222993 ],,,, [ 3462044281 ],,,,,,,,,
  , [ 1013220401 ],,,,,,,,,, [ 7504728001 ],, [ 1059173513, 1275559141 ],, [ 25285039921 ],,,
  ,,,,, [ 4358101789 ],, [ 22719414433 ],, [ 41802273907 ],,,,,,,,,,,,,, [ 501525126721 ],,,,
  ,, [ 84764882123406103 ],,,,,,,,,,,, [ 32043487841 ],,,,,,, [ 11476973971 ],,,,,,,,,,,,,,,,
  ,,,,,,,,,,,,,,,,,,,,,,,,,,,,, [ 447880987711 ],,,,,,,,,,,,,,,,,, [ 34391945953 ],,,,,, 
  [ 5676519307 ],,,,,,,,,,,,,,,,,,,,,, [ 87369323357 ],,,,,, [ 1580534203, 866246947541 ],, 
  [ 28444102237 ],, [ 2391138509 ],,,,,,,,,,,,,,,,,,,,,,,,,,,,,,,,,,,,,,,,,, [ 5525280377 ],
  , [ 7830136931 ],,,,,,,,,,,,,,,,,,,,,,,, [ 6560085899 ],,,,,, [ 90440208041 ],,,,,,,, 
  [ 4401005569 ],,,, [ 21133809929 ],,,,,,,,,,,,,, [ 1415493568399 ],,,,,,,,,,,,,, 
  [ 1177291921441 ],,,,,,,,,,,,,,,, [ 7726922616337 ],,,,,,,,,,,, [ 1774611721 ],,,,,,,,,,,,,
  ,,, [ 11556689201 ],,,,,, [ 4894666391, 3938261789801 ],,,,,,,,,,,,,,,,,,,,,,,,,, 
  [ 7363424321161 ],,,, [ 1494645121, 2840168641 ],,,,,,,,,,,,,, [ 77910463549 ],,,,,,,,,,,,,
  ,,,,,,,,, [ 47642376842477 ],, [ 3081332593, 101004444973 ],,,,,,,,,,,,,,,,,,,,,,,,,,,,,,,,
  ,,,,,,,,,, [ 1156293121 ],,,,,, [ 9485332111 ],, [ 7282393873, 10425036233 ],,,,,,,,,,,,,,,
  ,,,,,,,,, [ 2487260513 ],,,,,,,,,,,,,,,,,,,,,,,,,,,,,,,,,,,,,,,,,,,,,, [ 39154540837 ],,,,,
  ,,,,,,, [ 69196754179051 ],,,,,,,,,,,,,,,,,,,,,,,,,,,,,,,,,,,,,,,,,,,,,,,,,,,,,,,,,,,, 
  [ 471767074381 ],,,,,,,,,,,,,, [ 7843355521 ],,,,,,,,,, [ 2178377731 ],,,,,,,,,,,,,,,, 
  [ 2030011751 ],,,,,,,,,,,,,,,,,, [ 1509604112017 ],,,,,,,,,,,,,,,,,,,, [ 1033427088433 ],,,
  ,,,,,,,,,,,,,,,,, [ 1579579207529 ],,,,,,, [ 15581802601, 141279891481 ], [ 4765347841 ],,,
  ,,,,, [ 36319964977 ],,,,,,,,,,,,,,,,,,,,,,,,,,,,,,,,,,,,,,,,,, [ 8910127141 ],,,, 
  [ 5955594451 ],,,,,,,,,,,,,,,,,,,,,,,,,,,,,, [ 41666775041 ],, [ 2356402267 ],,,,,,,, 
  [ 1011646171 ],,,,,,,,,,,,,,,,,,,,,,,,,,,,,,,,,,,,,,,,,,,,,,,,,, [ 3221318801 ],,,,,,,,,,,,
  ,,,,,,,,,,,,,,,,,,,,,,,,,,,,,,,,,,,,,,,,,,,,,,,,,,,,,,,,,,,,,,,,,,,,,,,,,,,,,,,, 
  [ 44706911461 ],,,,,,,,,,,,,,,,,,,,,,,,,,,,,,,,,,,, [ 479212546177 ],,,,,,,,,,,,,,,,,,,,,,,
  ,,,,,,,,,,,,,,,,,,,,,,,,,,,,,,, [ 8294986591 ],,,,,, [ 7089289993 ],,,,,,,,,,,,,,,,,, 
  [ 6844430269 ],,,,,,,,,,,,,, [ 18027409201, 158744115461 ],,,,,,,,,, [ 105560958691 ],,,,,,
  ,,,, [ 2339075201 ],, [ 315074237617 ],,,,,,,,,,,,,,,,,,,,,,,,,,,, [ 37371028091 ],,,,,,,,,
  ,,,,,,,,,,,,,,,,,,,,,,, [ 1713492211 ],,,,,, [ 139086181033 ],,,,,,,,,,,,,,,,,,,,,,,,,,,,,,
  ,,,,,,,,,,,,,,,,,, [ 9223376893 ],,,,,,,,,,,,,,,,,,,,,,,,,,,,,,,,,,,,,,,,,,,,,,,,,,,,,,,,,,
  ,,,,,,,,,,,,,,,,,,,, [ 23128578553 ],,,,,,,,,,,, [ 1283105370163 ],,,, [ 1029605081 ],,,,,,
  ,,,,,,,,,,,,,,,,,,,,,,,,,,,,,,,,,,,,,,,,,,,,,,,,,,,,,,,,,,,,,, [ 11657509189 ],,,,,,,,,,,,,
  ,,,,,,,,,,,,,,,,, [ 4917873523249 ],,,,,, [ 1689827473 ],,,,,,,,,,,, [ 31081858219 ],,,,,,,
  ,,,,,,,,,,,,,,,,,,,,,,, [ 4707826657 ],,,,,,,,,,,, [ 97996769041 ],,,,,,,,,,,, 
  [ 781286436361 ],,,,,,,,,,,, [ 31441846633 ],,,,,,,,,,,,,,,,,,,,,,,,,,,,,,,,,,,,,,,,,,,,,,,
  ,,,,,,,,,,,,,,,,,,,,, [ 2919806761, 6036202474901 ],,,, [ 798334946161 ],,,,,,,,,,,,,,,,,,,
  ,,,,,,,,,,, [ 4354403743 ],,,,,,,,,,,,,,,,,,,,,,,, [ 1128853279 ],,,,,,,,,,,,,,,,,,,,,,,,,,
  ,,,,,,,,,,,,,,,,,,,,,, [ 74076783709 ],,,,,,,,,,,,,,,,,,,,,,,,,,,,,,,,,,,,,,,,,, 
  [ 3191102017 ],,,,,,,,,,,,,,,,,,,,,,,,,,,,,,,,,,,,,,,,,, [ 7220413441 ],,,,,, 
  [ 1328749969 ],,,,,,,,,,,,,,,,,,,,,,,,,,,,,, [ 140518218602287 ],,,,,,,,,,,,,,,,,,,,,,,,,,,
  ,,, [ 22271710692181 ],,,,,,,,,,,,,,,,,,,,,,,,,,,,,,,,,,,,,,,,,,,,,,,,,,,,,,,,,,,,,,,,,,,,,
  ,,,,,,,,,,,,,,,,,,,,,,,,,,,,,,,,,,,,,,, [ 104604740137 ],,,,,, [ 521428451694301 ],,,,,,,,,
  ,,,,,,,,,,,,,,,,,,,,,,,,,,,,,,,,,,,,,,,,,,,,, [ 37161765181 ],,,,,,,,,,,,,,,,,,,,,,,,,,,,,,
  ,,,,,,,,,,,,,,,,,,,,,,,, [ 91913411773 ],,,,,,,,,,,,,,,,,,,,,,,,,,,,,,,,,,,,,,,,,,,,,,,,,,,
  ,,,,,,,,,,,,,,,,,,,,, [ 129566986561 ],,,,,,,,,,,,,,,,,,,,,,,,,,,,,,,,,,,,,,,,,,,,,,,,,,,,,
  , [ 3102793849 ],,,,,,,,,,,,,,,,,,,,,,,,,,,,,,,,,,,, [ 1213842766681 ],,,,,,,,,,,,,,,,,,,,,
  ,,,,,,,,,,,,,,,,,,,,,,,,,,, [ 78302335861 ],,,,,,,,,,,,,,,,,,,,,,,,,,,,,, 
  [ 168878382787, 342869023183 ],,,,,,,,,,,,,,,,,,,,,,,,,,,,,,,,,,,,,,,,,,,,,,,,,,,,,,,,,,,,,
  ,,,,,,,,,,,,,,,,,,,,,,,,,,,,,,,,,,,,,,,,,,,,,,,,,,,,, [ 34767272593 ],,,,,,,,,,,,,,,,,,,,,,
  ,, [ 61697562193 ],,,,,,,,,,,, [ 5220445297, 14109763537 ],,,,,, [ 1073061171631 ],,,,,,,,,
  ,,,,,,,,,,,,,,,,,,,,,,,,,,,,,,,,,,,,,,,,,,,,,,,,,,,,,,,,,,,,,,,,,,,,,,,,,,,,,,,,,,,,,,,,,,,
  ,,,,,,,, [ 5806798463467 ],,,,,,,,,,,,,,,,,,,,,,,,,,,,,,,,,,,,,,,,,,,,,,,, [ 4385048581 ],,
  ,,,,,,,,,,,,,,,,,,,,,,,,,,,,,,,,,,,,,,,,,,,,,,,,,,,,,,,,,,,,,,,,,,,,,,,,,,,,,,,,,,,,,,,,,,,
  ,,,,,,,,,,,,,,,,,,,,,,,,,,,,,,,,,,,,,,,,,,,,,,,,,,,,,,,,,,,,,,,,,,,,,,,,,,,,,,,,,,,,,,,,,,,
  ,,,,,,,,,,,,,,,,,,,,,,,,,,,,,,,,,,,,,,,,,,,,,,,,,,,,,,,,,,,,,, [ 103978655929 ],,,,,,,,,,,,
  ,,,,,,,,,,,, [ 54489202561 ],,,,,,,,,,,,,,,,,, [ 115175955511 ],,,,,,,,,,,,,,,,,,,,,,,,,,,,
  ,,,,,,,,,,,,,,,,,,,,,,,,,,,,,,,,,,,,,,,,,,,,,,,,,,,,,,,,,,,,,,,,,,,,,,,,,,,,,,,,,,,,,,,,,,,
  ,,,,,,,,,,,,,,,,,,,,,,,,,,,,,,,,,,,,,,,,,,,,,,,,, [ 1318345309, 7690045609 ],,,,,,,,,,,,,,,
  ,,,,,,,,,,,,,,,,,,,,,,,,,,,,,,,,,,,,,,,,,,,,,,,,,,,,,,,,,,,,,,,,,,,,, [ 5466433981 ],,,,,,,
  ,,,,,,,,,,,,,,,,,,,,,,,,,,,,,,,,,,,,,,,,,,,,,,,,,,,,,,,,,,,,,,,,,,,,,,,,,,,,,,,,,,,,,,,,,,,
  ,,,,,,,,,,,,,,,,,,,,,,,,,,,,,,,,,,,,,,,,,,,,,,,,,,,, [ 40668650641 ] ]);
