BRENTFACTORS[6145]:=MakeImmutable([ ,,,,,,,,,, [ 1641325753 ],, [ 249940401362497 ],,,, 
  [ 112278873779, 101896004463562711185523 ],, [ 4047519803 ],,, [ 3174785351 ],,, 
  [ 36740157259031281593382600806006251 ], [ 7539528845473, 19208161230493 ],,, 
  [ 647364442998023, 414717294194171054288320267921 ],, 
  [ 3449888907823, 8976887467543, 220415808108064957 ], 
  [ 10668149633, 4446834964774131021793 ], [ 4167958404476765911 ], 
  [ 261143852089, 1759346829899 ], [ 216352623353437047578584841 ],, 
  [ 995558144852780568734549917998442567 ],, [ 10146407058255703 ], [ 14739658607917685521 ],
  [ 9773997217, 841216106821, 170502460124758114681631, 
      64342273762352389358493642129200402655023027 ], [ 1386083868015547 ], 
  [ 16737312631252627, 95460623689266221, 186306133883219183617039, 
      754311524084033850312665355470743535549 ],, 
  [ 183227716268551, 2205670562508203641, 6087652940476718334091 ], 
  [ 84518365697, 41818081155347137 ], [ 7476007947333640653011 ], 
  [ 2033337405551329, 36370557836537074849 ],,, [ 692321640541248862521460249 ],,,,, 
  [ 628900804506849227246209 ], [ 11488432813631212596343, 14234170069435638641467 ], 
  [ 118588489367, 131826521721977, 10477015755859542602212071713260409 ], 
  [ 413489096431, 426180796516094522399209 ], [ 778866205321, 12467413189432141 ], 
  [ 17722990387, 205190649847441 ],, [ 289406877865271910945534893239526617 ], 
  [ 2164213183248769, 4346744178290290817, 11148461611176865893694926837677940737 ], 
  [ 112888543561 ],, [ 7298318623087700501 ], 
  [ 1350608782277, 665894310728584969, 10199627879185798769 ],, [ 2069813831 ],, 
  [ 3018030708412081, 11596276714945284073 ], [ 1054043101968040453 ],, 
  [ 1714003751218651, 11996384390404801, 151772535107944261857001 ], 
  [ 64974389180211999097618979250098362597 ], [ 13915937729 ], 
  [ 23631535757623, 46109805402200047, 348324781940211103, 32888642106340488001 ], 
  [ 416967863717910809 ], [ 14890508909096815441 ],, 
  [ 124084384111771, 322279482763198413891313674730456908832216793 ],, 
  [ 8803378178525492027141728459557284468881 ], 
  [ 3932485345121, 1030838154302291, 119696795632919319431 ], 
  [ 238893758573, 5329318862020552275212566237265098547843, 
      33354546656543953732940157365135275597039 ], 
  [ 1205811490648549507, 11837449459519918810555044463 ], 
  [ 91734122393, 70415077542140573353, 396013265586986740434467353, 
      1432433019266504282435059338809 ], [ 30006725592700945607 ], 
  [ 9138911169314924127182341, 10955906767293911905554091 ], [ 173355507781 ], 
  [ 4989393221 ], [ 37920570844792561 ],,, [ 10016127361, 6964440357313 ],, 
  [ 295108825625209, 144517699318513533853 ], [ 12172540843 ], [ 5236263833201 ], 
  [ 34516660313 ], 
  [ 900452111223069043, 10017513289307771161, 2769418714681248679103737253797 ],, 
  [ 4106177738170629889, 6148757991336265836961, 875811641624630762734576609, 
      8957426160219597097769935026838305172748716460029537 ], 
  [ 141108095528031250690816591613341 ], [ 551165502968144405447153 ], 
  [ 237236429085030623 ], [ 1204330383973, 22299191044523773266231973 ], 
  [ 2315332003, 3336280646099, 4813368678467 ], 
  [ 135849336151, 176693255192523198382853562161 ], 
  [ 11517248779, 11573560315651, 99313717299140664433 ], [ 7417750334445809 ], 
  [ 5038855321 ], [ 42084738523 ],, 
  [ 39375578009, 3156001865099257, 2057944412121364611097193789053 ],,, 
  [ 4656031758831135383 ], [ 110627221515069776671713562911863735041 ],, [ 12288227717 ], 
  [ 332455183567561771, 129883425358723929271 ], [ 139343749213, 3748043476096280174449 ],, 
  [ 3758618764687501513, 168663038786326900539109, 155589536517145718961776391952021 ], 
  [ 8128621547624569 ], [ 31650142721, 5284189191568897, 6645423970975291009 ],, 
  [ 1698777780803774844031 ], [ 1352659103, 988581139069374663913 ], 
  [ 1858337075674002889681 ],,,,,, [ 10846792231843, 202209328409689 ],, 
  [ 2007228721, 42860506081, 21701662761527700421 ], [ 178162805873642194328569 ],, 
  [ 1605598128707, 86189405644535051 ],, [ 69725805481, 235271607502201, 9095171627374501 ], 
  [ 4086952884107599264541 ], [ 20750690227, 86052510517 ], [ 412259900897197 ], 
  [ 1756701054212023481, 129908270263612793421788947, 962169255799528069766227357 ], 
  [ 1581986912856954872584201 ],, [ 568620984409 ],,,, 
  [ 11236026517, 18558290226514990412751621553, 18871536182093775107357179933 ], 
  [ 1840126037, 33540636911, 8365107921872839 ], [ 38613401488287841, 99801733950095311 ], 
  [ 73599275710088961053354377 ],, [ 8476784845720661 ],, [ 2090360249 ], 
  [ 1292472014571034064189 ], [ 39475360651, 73988296076702701 ], [ 5222855179 ], 
  [ 6440626877 ], [ 896695535233, 402534908987443570969 ], 
  [ 12070444751, 438750136887401051441 ], [ 1804751080256391151 ], [ 3347673366954178729 ], 
  [ 65289186628889, 7729852623976606295621 ], [ 37346377423, 26559634354147484231 ],, 
  [ 20351942101, 2915119577651 ], [ 1599690340685788033 ], [ 5062056631, 4445087270852089 ], 
  [ 20142654797 ], [ 80960677582073 ], [ 1254762181, 804172973041, 619857985242427026841 ], 
  [ 1506618299, 209881913806409077, 166556867505740922857527 ],, 
  [ 237320321881, 5804158013500884439 ], [ 1775346653396599259177 ], [ 1853964799119151 ], 
  [ 562818312075553 ], [ 16785306243786251461489 ], [ 62804511095441 ],, 
  [ 4243741961, 18516818470991 ], [ 19507419396042646496279 ], [ 998334963966913 ], 
  [ 2123430391, 2092378066477 ],, [ 451578631542091 ], [ 1556739446478329 ],,,, 
  [ 2501756023938289201 ], [ 27596897538907 ], [ 1419607723 ],, 
  [ 61137131893, 1361590339062949, 332479127119659695317, 550164913227863338189 ], 
  [ 99156414119378491 ],,,,, [ 4116816792558502630291 ], 
  [ 1510088599, 44926961047, 212700055522279903 ], [ 37484380557075389796289 ], 
  [ 422646715441 ], [ 132838339543665519725477 ],, 
  [ 1538623297, 17206797335401, 54100390550596849, 12938812224559807321 ],,,, 
  [ 30069634239262861 ], [ 13236592388527 ], [ 1408322018029 ],,,, [ 226105042993 ],, 
  [ 2107083897056373181 ],, [ 1697578021 ], [ 15780182881 ],,, [ 1400614448901647149 ], 
  [ 2489801931493218191 ], [ 1285831266986825427979793 ], [ 7309129455739 ], 
  [ 88779764837, 334837704833587271, 21868613818246935391 ],, [ 801070261233733643521 ],,,, 
  [ 14313772570961, 4136606122855337 ], [ 11056064531, 4975859705267641 ], 
  [ 263860181041615603 ],, [ 1383243313, 2157014969 ],, [ 1017443546852251 ], 
  [ 1038177667, 2451209777 ], [ 637515705518749 ], [ 38039782111 ], [ 2765655379 ],, 
  [ 2113397535487638557953 ],,,,, [ 1078619041 ],,, [ 839448694657, 85719443186594977 ],, 
  [ 56305915751, 407072189749 ],,, [ 118448021907773, 32296774770588256283 ], 
  [ 1663501766851, 735657883956918395708311 ], [ 44730647086221883 ], [ 15028154929297 ],, 
  [ 112823340807755797 ], [ 1040434369122522001, 2717808036882153210601 ], [ 8870348821 ],,, 
  [ 7662412414621, 50088787226913007477 ], 
  [ 1418053936949161, 660488461156225241, 5262150232614873372445441 ], [ 1817288821 ], 
  [ 1028322307, 7546611307, 277733349714901 ], [ 3731272198163 ],,,,,, 
  [ 1219684240980427, 4451157562328069 ], [ 20658084751, 19151635339752587801 ], 
  [ 1882477837, 4006435991317 ], [ 15152247621869 ],, [ 73400973027023671 ],,, 
  [ 140075994027817, 164566763768089 ], [ 262230284711985367 ],, 
  [ 29919765301, 1382808629401 ],,, [ 226697506771, 6582152136987289 ],, [ 323733573739421 ],
  [ 594105638977, 22388141083764454993 ],, [ 1209938839957, 16366029413450641 ], 
  [ 14208284867017 ], [ 3489353801, 83465896061 ], [ 174527924629671463 ], 
  [ 124498991043337, 2245346653101230863333033 ], [ 322734960154561 ], 
  [ 1339115827633, 577434521748841, 6040394731218401 ],,,,, [ 777375099623 ], 
  [ 10468344961, 2211202604904641 ],, [ 15692370477009073 ],, 
  [ 909613969129, 28873975719241 ],,, [ 5196712777 ],, [ 3990812205437 ], [ 27439413124861 ],
  ,,, [ 12845559233160957761 ], [ 1016619811, 3055768512421 ], [ 19985816919663637118497 ],, 
  [ 43323318246599 ], [ 2075510551 ], [ 17343114401, 3952844485212001, 60540442854024357401 ]
    , [ 58572362179 ],,,, [ 117037086541, 264713263445101 ],,, 
  [ 29792175408925381, 141298130052176726509, 47743949081765200127377 ], 
  [ 11172603311, 254337290257, 928678733119 ], [ 42171053051, 472467250647250254261533851 ],,
  ,, [ 4695996913, 14687954893, 88494230272807197409 ],, [ 16769171076773 ],,,, 
  [ 22353959521 ],,,,, [ 643716726551 ], [ 54909339561626561551 ], [ 1077937738351 ],, 
  [ 1046557801 ], [ 919177692581 ], [ 319378691227 ],, 
  [ 10755158093, 65219427570743, 70394985504863 ], [ 27845367814507, 685125262512946883 ],, 
  [ 6036395369 ],, [ 11458184957609671 ],, [ 2155212652721 ],, 
  [ 23797188893, 55737726112670521 ],, [ 56422270674433 ],,, [ 524755697239 ],, 
  [ 39091325872033 ], [ 341884940125369681 ], [ 1874089589 ],,,, [ 1612672260811141 ], 
  [ 1526010553, 27617593826593 ], [ 444653115293 ], [ 771683376091 ], [ 50081615767 ], 
  [ 34684465201 ],, [ 38305144861 ], [ 15133533139843 ], [ 15507109337, 29682669013 ], 
  [ 41338358101 ], [ 1615980188155537 ],,,, 
  [ 176231270471, 217912366585171, 5171160200203141 ],,, [ 109883920644877 ],,,,,, 
  [ 5801976532679 ], [ 12836001171841 ],, [ 7865337281, 861342110057239 ],,,, 
  [ 2837859067, 46827937963, 83506416936989407 ],,, [ 8343011821 ],, [ 2421820033 ],,, 
  [ 288348315361, 472233160972339324307 ], [ 8555462413411 ], [ 15557406937 ],,,, 
  [ 43059897961269827441 ], [ 2796563149759 ],, [ 243033682292521 ],, [ 144067865341 ],,, 
  [ 1434897741722369 ],, [ 41294334356101, 5598562205625539571642084301 ],,, 
  [ 4561352515051 ],,,,, [ 120074787972121 ],,,, [ 328479216913 ], [ 1498205959 ], 
  [ 2347957393, 2649423761, 268661409438209, 408661287910225921 ], [ 385873653511 ],,, 
  [ 50097774637 ],, [ 1358749321, 996934491582511 ],,, [ 3761882521 ], [ 37677459613081 ],,,,
  , [ 11916845569 ], [ 2352710881 ], [ 123769020193339 ], [ 39701498429 ], [ 17742097927 ], 
  [ 1512278813 ],,, [ 113824069300153 ], [ 37210798369, 260092894097, 9208121062682593 ], 
  [ 20585554569313 ], [ 48673083083198281 ],, [ 3896573581 ],,,, [ 16047714960199361 ], 
  [ 149917323321823 ],,, [ 158687836501, 205782412501 ],, [ 1082309338582243 ],,,, 
  [ 87958846543551479 ],,,, 
  [ 7373779411, 15540120402657184051, 91561331222414542981, 231751141539470341471 ],, 
  [ 8023589377, 364334935459527169 ],, [ 17042106901 ],,,,, [ 10242145941637 ], 
  [ 259681315737080316041 ],,,,, [ 4124854896751 ], [ 586560214040502943 ], [ 8479870573 ],,,
  , [ 1033201747 ], [ 10006756946257, 156404836587903653 ],,,,, [ 1083743488027 ], 
  [ 7274099314987 ],, [ 32094787141, 184760708398748821 ],,,, [ 776097600720462721 ],, 
  [ 34258465183888219 ],, [ 325091442113939375297 ],, [ 3172080299399551, 13170021881562151 ]
   ,, [ 26135677033 ],, [ 740418841604921 ],,,, 
  [ 6293524087, 28853981353, 60543164759993749 ],, [ 49130121041 ],, 
  [ 382482300994057022327 ],,,, [ 142561281131 ],, [ 3336298611600596624473 ],,,, 
  [ 4743027718573 ],,,, [ 1457070337 ],,,, [ 34789858806721, 1706165838615361 ],, 
  [ 16586369382049 ],,,,,,,, [ 625837251299231, 484206813111506684851 ],,,, 
  [ 37477702351, 47971182799 ],,,,,, 
  [ 26030062741801, 2357089425706801, 94617310031686473001 ],, [ 3588151169 ], 
  [ 1519666129 ],,, [ 36196960549 ],,, [ 570428205481 ],,,, [ 1802223679 ],, [ 1626436381 ],,
  , [ 2864798947 ], [ 3362580083 ], [ 964687020961 ],,,,,, 
  [ 309466441010203, 1581215851671409 ],,,,,, [ 707009177473009 ],,,, [ 469099608677977 ],,,,
  ,,,,,, [ 6312268199 ], [ 131818407067 ],,, [ 113621118001, 331286520152251 ],,,, 
  [ 214861679885497 ],,,, [ 2254085299243 ], [ 4059643392443 ], [ 5099807530621 ],, 
  [ 67054300409 ],, [ 20453825076213913 ],,,, [ 86664833033 ],,,,,, [ 1074214695901 ],,,,,, 
  [ 5052830457483481 ],, [ 3820461019, 19207603469742953 ],, [ 2045792446921 ],, 
  [ 8669002187609 ],,,, [ 1679400661, 887874696871, 4850295881599711 ],, 
  [ 58984092577, 28067257593601 ],, [ 27370977607 ],,,, [ 27242972807 ],,,, [ 48553625719 ],,
  ,, [ 144741707599, 824498193788839, 114119499180856063 ],,,,,,,,,,,, 
  [ 18703430429, 975175843469 ],,,,,, [ 2615575253 ],, [ 13371621187, 240585896233 ],, 
  [ 361862693921, 1810733476553 ],,,,,, [ 9093710516591 ],,,, [ 2793026683, 5041952409493 ],
  , [ 2833642727272781 ],,, [ 1962203561 ],,,,, [ 8743577431469 ],, [ 32823780001 ],, 
  [ 11501250334241, 22278057791953 ],, [ 170263233479, 1487930944111, 223876706953199 ],,,, 
  [ 4444105668411581 ],,,, [ 12135297597277 ], [ 8629525423 ],, [ 45675902431 ], 
  [ 1526722261 ],,,, [ 57571923641 ],,,,,, [ 10641347753, 699699893897 ],,,,,,,,,, 
  [ 7200154573 ],, [ 2903202397, 639599514551377 ],, [ 4798740829991 ],,,, [ 257216361139 ], 
  [ 13531803121 ],, [ 11227362911 ],, [ 18990547307 ],,,,, [ 4714696266733, 30470265856873 ],
  [ 4624679921 ],,,,,,,,,,,,, [ 413204291779 ],,,,,, [ 7861747381441 ],, [ 162729614932823 ],
  ,,,,,,, [ 1711675168675177 ],, [ 23190725273 ],, [ 81492298841 ],, [ 14243227366201 ],,,, 
  [ 6911491236439306633 ],,,,,, [ 108375869551 ], [ 1755984037 ],,,,, [ 2873287139881 ], 
  [ 129211026383 ],,,,, [ 30011521301, 175324492747 ],,,,, [ 34178846257 ], [ 333999192997 ],
  [ 1231432093 ], [ 3206679061 ],, [ 4132966081 ],,,,,, [ 5168721907 ],, [ 244387307274001 ],
  , [ 6398583661, 16898144509 ], [ 7510720297, 164419647229 ],,,, [ 4044826441 ],,, 
  [ 6681297641 ],,,,,, [ 10939831514753 ],,,, [ 551505090162601 ],, 
  [ 3690499627, 10673461613, 154004372707417 ],,,, [ 16873689629941 ],,,,,,, [ 187270610363 ]
   ,,,,, [ 249784716439 ],,,,,, [ 61884214393 ],,,,,,,, [ 911126295173 ],,,,,,,, 
  [ 169343165332404341 ],, [ 2193259301791 ],, [ 968414183953 ],,,,,,,,,,,, 
  [ 212835648037, 119991371391317, 169425069691177 ],, [ 6686840959 ],,, [ 2141369393 ], 
  [ 4592861209, 16605180122077 ],,, [ 42562320881 ],,, [ 10542547962761 ],,,,,, 
  [ 4860617459, 17899469747 ],,,, [ 6281796552103 ],, [ 65323576781 ],, 
  [ 38774487023, 678595816153, 4181055026821 ],,,, [ 27030073629109 ],,,, 
  [ 41918527746811, 2085903184602917791 ], [ 3981070967 ],,,,, [ 845757428821 ],, 
  [ 21119340097153 ], [ 1869720409 ],,,,, [ 250383944597 ],, [ 150152439389 ],,,,,,,,,,,,,,,,
  ,,,, [ 160987288601071 ], [ 2451907043 ],,,,,,,,,,,, [ 1547702713 ],, [ 28822943587 ],,,,,,
  ,,, [ 412279032901, 1437521191909951 ],,,,,, [ 11528966593 ],,, 
  [ 203756577301, 1119959725321 ],,, [ 221951517553 ],,, [ 31420718431 ],,,, 
  [ 64710634998643 ],, [ 7637350267 ],,,,,,, [ 5369733601 ],,,,, [ 2042360389 ],,,,,,,,,,,, 
  [ 633870220831 ],,,,,,, [ 8535648997 ],,,,, [ 43434772291 ],,,,,, [ 89174245609 ],,, 
  [ 17909082495361 ],, [ 3293322787 ],,,,,,, [ 2324603251 ],,,,,,, [ 4093966297 ], 
  [ 38215609609 ],, [ 4803158831 ],, [ 1027750219, 9603302113 ], [ 1494879077, 14041858247 ],
  , [ 2168982032521, 1251608498958661 ],,,,,, [ 4653682531 ],, [ 1604807569, 26102575381 ],,,
  ,,,, [ 65433524311 ],,,,,,,,,,,,, [ 11030110420478689 ],,,, [ 4744402501, 9619904832101 ],,
  ,,,, [ 76570909417 ],,,,,,, [ 47140740961 ],,,,,,,,,,,,,,, 
  [ 1401885601, 3432972001, 45134566770001, 1341412315573201 ], [ 50228565487 ],,,,,,,,,,,, 
  [ 24262913627 ],,,, [ 341322387871 ],,,,,,,,,,,,,,, [ 11106366051089 ], [ 4101465997 ],,, 
  [ 3007697233 ],,,,,,,,,,, [ 116498937403 ],,,,,,,,,,,,, [ 11357492917681 ], [ 1323691877 ],
  , [ 6673515181 ],,,,,,,,,, [ 1883283839 ], [ 3980253733 ],,, [ 7551570149 ], 
  [ 10219276513 ], [ 1225048728307 ], [ 21363056641 ],,,, [ 928366339297 ], [ 1294238823611 ]
   ,,,,,,, [ 187887401021 ], [ 6155533381 ],,,, [ 227765934495929 ],,, [ 9357665201 ],,,,, 
  [ 3744951802741 ],,,,,,,, [ 3523648207 ],,,,, [ 1875813187 ],, 
  [ 47582164081, 3388840142161, 11073190178161 ],,,,,,,,,,,,,, [ 1113879329 ],,,,,,,,,, 
  [ 1066688449, 765417110977 ],,,,,,,,,,,,, [ 27891297331603 ],,,,, [ 114944810509 ],, 
  [ 10018762777 ],,,,,,,,,,,,, [ 5925575251 ], [ 43780189961 ],,,,,,,, [ 19621617247 ],, 
  [ 83738017793 ],,, [ 2224962923 ], [ 75722941681 ],,,,,,,, [ 22305761801 ],,,,,,,,,,,,,,,,,
  ,,,,,,, [ 21989832353 ],,,,,,,,,,,,,,,,,,,,,,,,,,, [ 33753562477 ],,,,, 
  [ 43537175137, 2303371455841 ],,,,,,,,, [ 1293489521 ],,,,, [ 9360566041, 12555830071 ],,,,
  ,, [ 36691008733 ],, [ 707754377951 ],, [ 1175207321 ],,, [ 1129971851, 5062178977 ],,,,, 
  [ 1749120193, 1689211691569 ], [ 17489928011 ],,,,, [ 2604039013 ], [ 11956220641 ],,, 
  [ 7140365303 ],, [ 1057416001 ],,,,,,,,, [ 2066593609, 5648727223 ], [ 1164608478431 ],,,,,
  ,,, [ 3501333793, 24365510599 ],,,,, [ 1084644049 ],, [ 3363976151 ],, [ 1125469243 ],,, 
  [ 6876788491 ],,,,,, [ 2809214977 ],,, [ 28125335809 ],,,,,,,,,,,,,,, [ 1506551719 ],,,,,,,
  ,,,,,,,,,,,,,, [ 1974186901, 29171101051 ],, [ 13352153063 ],,,, [ 20900269813 ], 
  [ 11650993369 ],,, [ 275749913164582981 ],,,,, [ 18961128421 ],,,,,,,,,,,,,,,,,,,,, 
  [ 1493119909 ],,, [ 6076890769 ],,,,,,,,,,, [ 5423411501 ],,,,,,,,,,,,, [ 32550077428597 ],
  ,,,, [ 22359048097 ],, [ 290929725521 ],,,,, [ 402870487801 ],,,,,,,,, 
  [ 1149474649, 2176050577 ],, [ 140218301323 ],,,,,, [ 10884099719 ],, [ 9746926621 ],,, 
  [ 6739101337 ],,, [ 243403774051 ],,,,,,,,, [ 55911132341 ], [ 2857348861 ], 
  [ 12727357729 ],,,, [ 181519254671 ],,,,,,,,,,, [ 13748580847 ],,,, [ 5010425531 ],,, 
  [ 1688421197 ],,,,,,,,,,,,,,,,,,,,,,, [ 1160851494181 ],,,, [ 23063375821 ],,,,, 
  [ 1461116281 ],,,, [ 28614388753 ],,,,,, [ 8070669251 ],,, [ 2439565957, 5008987141 ],,,,, 
  [ 55207460239 ], [ 1057795335841 ],,, [ 76595847379 ],,,,, [ 4026356881 ],,,, 
  [ 196411139849 ],,,,,,,,,,,,,,,,,,,,,,,, [ 23177072311 ],, [ 7495459513 ], [ 41734348921 ],
  ,,, [ 3798107837 ],,,,, [ 6828157883 ],,,,,,,,,,,, [ 32610494867491 ], [ 2783369681 ], 
  [ 39833846911 ],,,,, [ 16077867917 ],,,,,,,,,,,,,, [ 15939995441 ],,,,, [ 2910170161 ],,,,,
  ,,,,,,,,,,,, [ 49192475921 ],,,, [ 24839329909 ],,,,,, [ 1661517937 ],,,,,,,,,, 
  [ 24718204939 ],,,,, [ 307467115777 ],,,,,,,,,,,,,,, [ 16687130431 ],,, [ 1073738011 ],,, 
  [ 21801727657 ], [ 1206503273 ],, [ 128300538367 ],,,,,, [ 6853386187 ],,,,,, 
  [ 2877234907 ],,,,,,, [ 2508610141 ],,,,,,,, [ 1139551753, 81501419449 ],,,,,,,,,,,,,,,,,,,
  , [ 5534993839 ],,,,,,,,,,, [ 245341562467 ],, [ 13585827061 ],,,, [ 60755187001 ],, 
  [ 1392697651 ],,,, [ 25486507957 ],,, [ 503348111041 ],,,,,,,,,,, [ 1158372811 ],,, 
  [ 119274578029 ],,,, [ 1205788934351 ],,,,, [ 1702233037 ],, [ 4126771279 ],,, 
  [ 1876602461 ],,,,,,,,,,,,,,,,,,,, [ 1013502673 ],,,,,,,,,,,,,,,,,,,,,, [ 10485540599 ], 
  [ 1975722211 ],,,,,,,,,,,,, [ 169124681749 ],,,,,,,,,,,,,,,,,,,,,,,,,,,,,,,,,,,,,,,,,,,,,,,
  ,,,,, [ 13849020841 ],, [ 1826051027 ],, [ 223513218289 ],, [ 14131981217, 1768619040707 ],
  ,,,,, [ 180958369489 ],, [ 212414768479 ],,,, [ 7626361453, 22692655033 ],,,, 
  [ 1169148583 ],,,,,,,,,, [ 2844384481 ],, [ 8626246579 ],,,,,,,,, [ 259073035159 ],,,,,,, 
  [ 1307151581 ],, [ 1162356661 ],,, [ 9186599701 ],,, [ 20433442789 ],,,,,, [ 4662953569 ],,
  ,,,,,,,,,,,,,,,,,,,,,,,,,,,,,,,,,,,,, [ 41375351863 ],,,,,,, [ 27523690261 ],,, 
  [ 6436466191 ],,,,,,,, [ 2938695013 ],,, [ 234137909809 ],,,,,,,,,,,,,,,,, [ 25662964993 ],
  ,,,,,, [ 1871090929 ],,, [ 215762523037 ],,,,,, [ 3009556441, 8911207999, 4120879852981 ],,
  , [ 1500014281 ],,, [ 559105106467, 72653502145891 ],,,,, [ 827225939572033 ],,,,,,,, 
  [ 207741012361 ],,,,,,,,,,,,,,,,,,,,,,,,,,,,, [ 3923032951 ], [ 8447666819 ],,,,,,,,,,,,,,,
  ,,, [ 40361945441 ],, [ 2293503077071 ],,,,,,,,,,,,,,,,,,,,,,,,,, 
  [ 24540949201, 252058226977 ],, [ 2412641599 ], [ 124429665251 ],,,,,,,,,,,,, 
  [ 1150631533 ],,,,,, [ 3107842921 ],,,,,,,,,,,, [ 104684120211589 ],,,,,, [ 1597465189 ],,,
  ,,, [ 1713757501 ],,,,,,,,,,,,,, [ 156026353537 ],,,,,,,,,, [ 7930773511 ],,, 
  [ 2800058011 ],,,,,,,,,,,,,,,,,,,,,,,,, [ 177840410021 ],,,,,,,, [ 3475246321 ],,,,,,,,,,,,
  ,,,,,,,,,,,,,,,,,, [ 107489948149 ],,,,,,,,,,,,,,,,,,,, [ 6707244097 ],,,,,,,, 
  [ 2520715529 ],,,, [ 35226617381 ],,,,,,,,,,,,,,, [ 2691181501 ],,,,,,, [ 2146815091 ],,,,,
  ,,,,,,,,,,,,, [ 3823696741 ],,,,,, [ 1381888579 ],,,, [ 2738699671 ],,,,,,,,,,,,,,,,,,,,,, 
  [ 6946650569 ],,,,,,,,,,,,,,,,,,,,,,,,,,,,,,,,,,,,,,,,,,,, [ 1220078753 ],,,,,,,,,,,,,, 
  [ 11123580451 ],, [ 6896148769 ],,,, [ 1476327793 ],, [ 231001200301 ],,,,,,,,,,,,,,,,, 
  [ 2311517671 ],,,,,,,,, [ 9453532817 ],, [ 1622491181323 ],,,,,,,,,,,, [ 10750529863 ],,, 
  [ 4987625653 ],,, [ 1368891721 ],, [ 1605633083 ],,,,,,,,,,,, [ 2445836327093 ], 
  [ 1224574033 ],,,,,,,,,,,,,,,,,,,,,,,,,,,,,, [ 3570874711 ],,,,, [ 169004890333 ],,,,,,,,,,
  ,,,,,, [ 753976948861 ],,,,,, [ 7271476117 ],,,,,,,,,,,,,, [ 234691770431 ],,,, 
  [ 49523020387 ],, [ 9191424001 ],,,, [ 2788635961 ],,,,,,,,,,,,,,,, [ 3563584309 ],,,,,,,, 
  [ 1425114181 ],,,,,, [ 16773170551 ],,,,,, [ 51329168689 ],,,,,,,,,,,,,, [ 55214853751 ], 
  [ 5245428544093 ],,,,, [ 6817020642409 ],,,,,,,,,,,,,,,, [ 1379151421 ],,, [ 4804235131 ],,
  ,,, [ 6371581301 ],,,,,,,,,,,,,,,,,,,,,,,,,,,, [ 415505384548321 ],,,,,,,,,,,,,,,,,,,,,,,,,
  , [ 22506561449 ],,,,,, [ 2571559201 ],, [ 43485951361 ],, [ 14596641853 ],,,,,,,,,,,,,,,,,
  ,,,,, [ 81661190707 ],, [ 16071158197 ],, [ 22283764361 ],,,,,,,,,,,,,, 
  [ 20013894661, 175710815129 ],, [ 48490387201 ],,,,,,,,,,,,,,,, [ 5702831311 ],,,,,,,, 
  [ 32817227041 ],,,,,,,,,,,,,, [ 262706682061 ],,,,,,,,,,,,,,,,,,,,,, [ 1121085967 ],,, 
  [ 1025076691, 2442948553 ],,,,,, [ 12495545401 ],,,,,,,,,,,,,,,,,,,,,,,,, [ 8552839900301 ]
   ,,,,,,,,,,,,,,,,,, [ 1634284111 ],,,,,,,,,,,,,,,,,,,,,,,,,,,,,,,,,,,,,,,,,,,, 
  [ 2726383909 ],,,,,,,,,,,,,,,,,,,,,, [ 1430520257 ],, [ 47364885649 ],,,, [ 2008876981 ],,,
  ,, [ 5222208331 ],,,,,,,,,,,,,,,,,,,,,,, [ 22427310377 ],,,, [ 153676215577 ],,,,,, 
  [ 1504624730197 ],,,,,,,,,,,, [ 43407397801 ],, [ 3455323601 ],,,,,,,,,,,,,,,,,,,,,,,,,,,,,
  ,,, [ 3486888577 ],,,,,,,,,,,,,,,,,,,,,,,, [ 53005917721 ],,,,,,,,,,,,,,,,, 
  [ 603333722181451 ],,,,,,,,, [ 46022418733, 72699509809, 2246587033609 ],,,,,,,,,,,,,,,,,,,
  , [ 5076509681 ],,,,,,,,,,,,,,,, [ 1083018721 ],, [ 1378221643 ],,,, [ 1775608759 ],, 
  [ 7663294601 ],,,,,,,,,,,,,,,,,, [ 1377871753 ],,,,,,,,,,,,,, [ 2068135001 ],,,,,,,,,,,,,,,
  ,,,,,,,,,,,,,,,,,,,,,,, [ 88931069173 ],,,,,,,,,,,, [ 5980647451 ],,,,,,,,,,,,,,,, 
  [ 3704401879 ],,,, [ 33187413121 ],,,,,,,,,,,,,,,,,,,,,,,,,,,, [ 76801279963 ],,,,,,,,,,,,,
  ,,,,, [ 17303139613 ],,,,,,,,,, [ 2405479513 ],,,,,, [ 41118692789 ],,,, [ 1105077793 ],,,,
  ,,,, [ 84529049729 ],,,,,,,,,,,, [ 10630494869 ],,,,,,,, [ 1851694021 ],,,,,,,,,, 
  [ 3819874770323 ],,,,,,,,,,,,,,,,,,,,,,,,,,,,,,,, [ 1384112617 ],,,, 
  [ 1100212481, 21797230541, 479832496291 ],,,,,,,,,,,,,,,,,, [ 234699978353 ],,,,,,,,,,,,,,,
  ,,,,,,,,,,,,,,, [ 19648621439 ],,,,,,,,,, [ 22433311937 ],,,,,,,,,,,, [ 1961724747361 ],,,,
  ,,,,,,,, [ 3375894653 ],,,,,,,, [ 2513842901 ],,,,,,,,,,,,,,,,,,,,,,,,,,,,,,,,,,,,,,,,,,,,,
  ,,,,,,, [ 9384742529 ],,,,,,,,,,,,,,,,,,,,,,,,,,,,,,,,,,,,,,,,,,,,,,,, [ 22175390201 ],,,,,
  ,,,,,,,,,,,,,,,,, [ 56511778597, 176966121650137 ],,,,,,,,,,,,,, [ 10619363749 ],,,,,, 
  [ 3992400691637 ],,,,,,,,,, [ 35327697373 ],,,,,,,, [ 3142518641 ],,,,,,,,,,,,,,,, 
  [ 3679064317 ],, [ 369047628517 ],,,,,,, [ 5466226081, 16809834332341 ],,,,, 
  [ 78964623211 ],, [ 2710322281829 ],,,,,,,,,,,,,, [ 40874770567 ],,,,,, 
  [ 4176779809, 18956284513 ],,,,,,,,,,,,,,,,,,,,,,,,,,,,,,,,,,,,,,,,,,,,,,,,,,,,,,,,,,,,,,,
  , [ 2227685209 ],,,, [ 9227458861 ],,,,,,,,,,,,,,,, [ 1029073897 ],,,,,,,, 
  [ 1714041337009 ],,,,,,,,,,,,,,,,,,,,,,,,,,,,,,,,,, [ 2779755163 ],,,,,, [ 4342398673 ],,,,
  ,,,,,,,,,,,,,,,,,,,,,,,,,, [ 895662014941 ],,,,,, [ 7120779121 ],,,,,,,, [ 1009719649 ],,,,
  ,,,,,,,,,,,,,,,,,,,,,,,,,,,,,,,,,,,,,,,,,,,,,,,,,,,,,,,,,, [ 857054999551 ],,,,,,,,,,,,,, 
  [ 120126644713 ],,,,,,,,,,,,,,,,,,,,,, [ 11187131047 ],,,,,,,,,,,,,,,,,,,,,,,,,,,,,,,,,,,,,
  , [ 9332788609 ],,,,,,,,,,,,,,,,,,,,,,,,,,,,,,,, [ 1429977697, 2344251617 ],,,, 
  [ 118290078241 ],,,,,,,,,, [ 1773173011 ],,,,,,,,,,,,,,,,,,,,,,,,,,,,,, [ 5764227401 ],, 
  [ 7026297427 ],,,,,,,,,,,,,,,,,,,,,,,,,,,, [ 3758812381 ],,,,,,,,,,,,,,,,,,,,,,,,,,,,,,,,,,
  ,,,,,,,,,,,,,,,,,,,,,,,,,,,,,,,,,,,,,,,,,,,,,, [ 8580845701 ],,,,,,,,,,,,,,,,,,,, 
  [ 7470464051 ],,,,,,,,,,,,,,,,,,,, [ 8783672551 ],,,,,,,,,,,,,,,, [ 4721678501 ],,,,,,,,,,,
  ,,,,,,,,,,,,,,,,,,,,,,,,,,,,,,,,,,,,,,,,,,,,,,,,,,,,,,,,,,,,,,,,,,,,,,, [ 1187732941 ],,,,,
  , [ 8813920897 ],,,,,,,,,,,,,,,,,,,,,,,,,,,,,,,,,,,,,,,,,,,,,,,,,,,,,,,,,,,,,,,,,,,,,,,, 
  [ 27144650971 ],,,,,, [ 2566642153 ],,,,,,,,,,,,,,,,,,,,,,,,,,,,,,,,,,,,,,,,,,,,,,,,,,,,,,,
  ,,,,,,,,,,,,,,,,, [ 374444726881 ],,,,,,,,,,,, [ 335463864661 ],,,,,,,,,,,,,, 
  [ 31110151271 ],,,,,,,,,, [ 11325675421, 91397646961 ],,,,,,,,,,,,,,,,,, [ 10243127077 ],,,
  ,,,,,,,,,,,,,,,,,,,,,,,,,,,,,,,,,,,,,,,,,,,,,,,,,,,,,,,,,,,,,,,,,,,,,,,,,,,,,,,,,,,,,,,,,,,
  ,,,,,,,, [ 230632393501 ],,,,,,,,,,,,,,,,,,,,,,,,,,,,,,,,,,,,,,,,,,,,,,,,,,,,,,,,,,,,,,,,,,
  ,,,,,, [ 6370861681 ],,,,,,,, [ 1420111681 ],,,,,,,,,,,,,,,,,,,,,,,,,,,,,,,,,,,,,,,,,,,,,, 
  [ 8691600187 ],,,,,,,,,,,,,,,,,,,,,,,,,,,,,,,,,,,, [ 6593328559 ],,,,,,,,,,,, 
  [ 19579657423 ],,,,,,,,,,,,,,,,,,,,,,,, [ 1352441650411 ],,,,,, [ 1434945674401 ],,,,,,,,,,
  ,, [ 1858907341 ],,,,,,,,,,,,,,,,,,,,,,,, [ 93080844601 ],,,,,,,,,,,,,,,,,,,,,,,,,,,,,,,,,,
  ,,,,,,,,,,,,,,,,,,,,,,,,,,,,,,,,,,,,,,,,,,,,,,,,,,,,,,,,,,,,,, [ 1161830797 ],,,,,,,,,,,,,,
  ,,,,,,,,,,,,,,,,,,,,,,,,,,,,,,,,,,,,,,,, [ 1810121251 ],,,,,,,,,,,,,,,,,, [ 44447427733 ],,
  ,,,, [ 2757848437 ],,,,,,,,,,,,,,,,,,,,,,,,,,,,,,,,,,,,,,,,,,,,,,,,,,,,,, [ 217558991233 ],
  ,,,,,,,,,,,,,,,,,,,,,,,,,,,,, [ 2191995307, 118828298773 ],,,,,,,,,,,,,,,,,,,,,,,,,,,,,,,,,
  ,,,,,,,,, [ 4794590129401 ],,,,,,,,,,,,,,,,,, [ 10621295497 ],,,,,,,,,,,,,,,,,,,,,,,,,,,,,,
  ,,,,,,,,,,,,,,,,,,,,,,,,,,,,,, [ 5475332208523 ],,,,,,,,,,,,,,,,,,,,,,,,,,,,,,,,,,,,,,,,,,,
  ,,,,,,,,,,,,,,,,, [ 11075651107 ],,,,,,,,,,,,,,,,,,,,,,,,,,,,,,,,,,,,,,,,,,,,,,,,,,,,,,,,,,
  ,,,,,,,,,,,,,,,,,,,,,,,,,,,,,,,,,,,,,,,,,,,,,,,,,,,,,,,,,,,,,,,,,,,,,,,,,,,,,,,, 
  [ 1009703641 ],,,,,,,,,,,,,,,,,,,,,,,,,,,,,,,,,,,,,,,,,,,,,,,,,,,,,,,,,,,,,,,,,,,,,,,,,,,,,
  ,,,,,,,,,,,,,,,,,,,,,,,,,,,,,,,,,,,,,,,,,,, [ 180619252633 ],,,,,,,,,,,,,,,,,,,,,,,,,,,,,,,
  ,,,,,,,,,,,,,,,,,,,,,,,,,,,,,,,,,,,,,,,,,,,,,,, [ 241133926704331 ],,,,,,,,,,,,,,,,,,,,,,,,
  ,,,,,,,,,,,,,,,,,,,,,,,,,,,,,, [ 4378569001 ],,,,,,,,,,,,,,,,,,,,,,,,,,,,,,,,,,,, 
  [ 7750212037 ],,,,,, [ 2860117122151 ],,,,,,,,,,,,,,,,,,,,,,,,,,,,,,,,,,,,,,,,,,,,,,,,,,,,,
  ,,,,,,,,,,,,,,,,,,,,,,,,, [ 1712764025281 ],,,,,,,,,,,,,,,,,,,,,,,,,,,,,,,,,,,,,,,,,,,,,,,,
  ,,,,,,,,,,,,,,,,,,,,,,,,,,,,,,,,,,,,,,,,,,,,,,,,,,,,,,,,,,,,,,,,,,,,,,,,,,,,,,,,,,,,,,,,,,,
  ,,,,,,,,,,,,,,,,,,,,,,,,,,,,,,,,,,,,,,,,,,,,,,,,,,,,,,,,,,,,,,,,,,,,,,,,,,,,,,,,,,,,,,,,,,,
  ,,,,,,,,,,,,,,,,,,,,,,,,,,,,,,,,,,,,,,,,,,,,,,,,,,,,,,,,,,,,,,,,,,,,,,,,,,,,,,,,,, 
  [ 6702352441 ],,,,,,,,,,,,,,,,,,,,,,,,,,,,,,,,,,,,,,,,,,,,,,,,,,,,,,,,,,,,,,,,,,,,,,,,,,,,,
  ,,,,,,,,,,,,,,,,,,,,,,,,,,,,,,,,,,,,,,,,,,,,,,,,,,,,,,,,,,,,,,,,,,,,,,,,, [ 575957804311 ],
  ,,,,,,,,,,,,,,,,,,,,,,,,,,,,,,,,,,,,,,,,,,,,,,,,,,,,,,,,,,,,,,,,,,,,,,,,,,,,,,,,,,,,,,,,,,,
  ,,,,,,,,,,,,,,,,,,,,,,,,,,,, [ 7696157041 ],,,,,,,,,,,,,,,,,,,,,,,,,,,,,,,,,,,,,,,,,,,,,,,,
  ,,,,,,,,,,,,,,,,,,,,,,,,,,,,,,,,,,,,,,,,,,,,,,,,,,,,,,,,,,,,,,,,,,,,,,,,,,,,,,,,,,,,,,,,,,,
  ,,,,,,,,,,,,,,,,,,,,,,,,,,,,,,,,,,,,,,,,,,,,,,,,,,,,,,,,,,,,,,,,,,,,,,,,,,,,,,,,,,,,,,,,,,,
  ,,,,,,,,,,,,,,,,,,,,,,,,,,,,,,,,,,,,,,,,,,,,,,,,,,,,,,,,,,,,,,,,,,,,,,,,,,,,,,,,,,,,,,,,,,,
  ,,,,,,,,,,,,,,,,,,,,,,,,,,,,,,,,,,,,,,,,,,,,,,,,,,,,,,,,,,,,,,,,,,,,,,,,,,,,,,,,,,,,,,,,,,,
  ,,,,,,,,,,,,,,,,,,,,,,,,,,,,,,,,,,,,,,,,,,,,,,,,,,,,,,,,,,,,,,,,,,,,,,,,,,,,,,,,,,,,,,,,,,,
  ,,,,,,,,,,,,,,,,,,,,,,,,,,,,,,,,,,,,,,,,,,,,,,,,,,,,,,,,,,,,,,,,,,,,,,,,,,,,,,,,,,,,,,,,,,,
  ,,,,,,,,,,,,,,,,,,,,,,,,,,,,,,,,,,,, [ 1429923109561 ],,,,,,,,,,,,,,,,,,,,,,,,,,,,,,,,,,,,,
  ,,,,,,,,,,,,,,,,,,,,,,,,,,,,,,,,,,,,,,,,,,,,,,,,,,,,,,,,,,,,,,,,,,,,,,,,,,,,,,,,,,,,,,,,,,,
  ,,,,,,,,,,,,,,,,,,,,,,,,,,,,,,,,,,,,,,,,,,,,,,,,,,,,,,,,,,,,,,,,,,,,,,,,,,,,,,,,,,,,,,,,,,,
  ,,,,,,,,,,,,,,,,,,,,,,,,,,,,,,,,,,,,,,,,,,,,,,,,,,,,,,,,,,,,,,,,,,,,,,,,,,,,,,,,,,,,,,,,,,,
  ,,,,,,,,,,,,,,,,,,,,,,,,,,,,,,,,,,,,,,,,,,,,,,,,,,,,,,,,,,,,,,,,,,,,,,,,,,,,,,,,,,,,,,,,,,,
  ,,,,,,,,,,,,,,,,,,,,,,,,,,,,,,,,,,,,,,,,,,,,,,,,,,,,,,,,,,,,,,,,,,,,,,,,,,,,,,,,,,,,,,,,,,,
  ,,,,,,,,,,,,,,,,,,,,,,,,,,,,,,,,,,,,,,,,,,,,,,,,,,,,,,,,,,,,,,,,,,,,,,,,,,,,,,,,,,,,,,,,,,,
  ,,,,,,,,,,,,,,,,,,,,,,,,,,,,,,,,,,,,,,,,,,,,,,,,,,,,,,,,,,,,,,,,,,,,,,,,,,,,,,,,,,,,,,,,,,,
  ,,,,,,,,,,,,,,,,,,,,,,,,,,,,,,,,,,,,,,,,,,,,,, [ 15323140141 ],,,,,,,,,,,,,,,,,,,,,,,,,,,,,
  ,,,,,,,,,,,,,,,,,,,,,,,,,,,,,,,,,,,,,,,,,,,,,,,,,,,,,,,,,,,,,,,,,,,,,,,,,,,,,,,,,,,,,,,,,,,
  ,,,,,,,,,,,,,,,,,,,,,,,,,,,,,,,,,,,,,,,,,,,,,,,,,,,,,,,,,,,,,,,,,,,,,,,,,,,,,,,,,,,,,,,,,,,
  , [ 686801575937 ] ]);
