BRENTFACTORS[2096]:=MakeImmutable([ ,,,,,,,,,,,, [ 57137597499529 ],, [ 2175455701 ], 
  [ 22414354481 ], [ 45872843987435239997 ],, [ 1283162771885174857681 ],, 
  [ 2333444317, 104221018147 ],,,, [ 87185949479201 ],, [ 19240570711, 28189946368969309 ], 
  [ 1244225236570597 ], [ 3530871546624739 ],,,, [ 71649419557, 273680831693743 ], 
  [ 274289713256048535079 ], [ 779445206201201, 151805950590881418371 ],, [ 229740078101 ],, 
  [ 107216160044147626713391587082343413 ], [ 405207777922361 ], 
  [ 7331630404335017561486984143 ], [ 5542853171342467 ],, [ 21255129457 ], 
  [ 120134056360864759165081, 47895789172791758719080691 ], [ 347740466935591 ], 
  [ 149762297202308221 ], [ 196335135451729, 197433337366033 ], 
  [ 1673056533946124752346029249, 167976445286228656746985278454202976287971162504997407 ], 
  [ 41259416706251 ],, [ 32342618311849, 43648354592843685983552435273 ], 
  [ 138244453189770923843601926177 ], [ 20503375062778926704266417 ], 
  [ 10967129825257232596805551, 4410527401849208768659066979487413051 ],, 
  [ 19960381673040409, 124033479558660019, 4498530435670291728875257 ], 
  [ 1016347686923896669579897963 ],, [ 838392183197863810261 ], [ 622371242439914839 ], 
  [ 530158972822596924818233441 ], [ 29394762139, 820043555656026025073619829 ],, 
  [ 6038591521 ], [ 4823231293, 7756030808857 ], 
  [ 136331384261, 109532959610003745509576371, 70213077640811025244729548589 ], 
  [ 2019668226900524630549742412057 ], [ 218315683499071, 818429630972097901140609222871 ], 
  [ 9419149111, 5882512280553301 ], [ 47512765907, 1443989511084937 ], 
  [ 1475229803824294417 ], 
  [ 2433986587, 11147648985989, 68187689865664711, 194893655744326181 ],, 
  [ 7427556826801, 209044740240646801, 1026681109860790651, 
      13814174995463251971956932388037947701 ],, [ 5271534937901 ], 
  [ 43023026256913, 3144232038518741988091 ], 
  [ 31095824097331501, 6973116010120348529133163 ], [ 10642483494219450808991564631464161 ], 
  [ 1153094617 ], [ 6320960010269 ],, [ 4229563969, 637337740789 ],, 
  [ 16405443648607523, 25457774150378849 ], [ 21405419304738820861 ], [ 1502689260932288441 ]
   ,, [ 1307228756518657110925081 ], [ 66828399757211 ], [ 48033971280021822066757 ], 
  [ 329384624362921, 2489285440441886203297 ], [ 3004526718502012807357454153 ], 
  [ 26189925842152811, 1953068705458436651, 2583406526718797852691194491 ],, 
  [ 42035249537, 719715083919454639 ],, 
  [ 20247997962061, 7924535070072004498951, 1516330474792927572905677, 
      3297289326165686827499198203 ], 
  [ 1474438601, 32704440401, 7350308620201, 5580680736157416008906149501 ], [ 98178481171 ], 
  [ 213997805911, 10224806978853637803481 ],, [ 6894281585168386552475177 ],, 
  [ 34755629059, 2224673415767552539 ], [ 27550167325332682201 ], 
  [ 76099147495287070635143572945501 ],, [ 31823885224581794268331441 ], 
  [ 72692271853, 339344824882831, 59438071804826023 ],,,,,, [ 56173367017, 7704950883019183 ]
   ,, [ 23412912041 ], 
  [ 1539669121, 4989384667681, 19905533291278788961, 19360441532852637585241 ], 
  [ 448054197280056583401637 ], [ 1625360617, 166536838260553, 1581967985907277 ], 
  [ 2172161059, 257698121992027, 1122884287187666520799 ],,, 
  [ 585399604483, 1676745794107588950251685458194824256573 ],,, [ 1167502891, 326567738941 ],
  [ 145377382834113691, 2805561299520726576162216001, 
      2347080076965410525210661001071387839624681 ], 
  [ 872994013117, 3414251877593, 1133264615126269, 155158615982512288075429 ],,, 
  [ 64275654541526455697 ], [ 621483650594731 ], 
  [ 358472191433, 7780803901313, 119011045623024218300350845831673 ], 
  [ 8688712693684687022341 ], [ 34936322467 ],, [ 1986308941, 1503822726281 ],, 
  [ 2531956561 ], [ 1433583568614341 ], [ 376320068153713 ],, [ 1710736533273221 ], 
  [ 1060245305407 ],,, [ 1766676366709329716220301 ], [ 648719687039009, 4307887659383411 ], 
  [ 60718875932088892417 ],, [ 2210182874747, 1788578060300263, 46119388428818730719 ], 
  [ 1343609441, 9651114371, 6622089294553991 ],, [ 40504944647, 80448218105327 ],,, 
  [ 2627911962881, 1797081444887415919361 ], 
  [ 3567218719, 17944930879, 12552518279729, 56685905118426962672762628961711 ], 
  [ 16299909289, 1447084616581 ], [ 289877108959717 ], 
  [ 8338280294429, 28658836703071861873 ],, [ 12898280893627 ], [ 83794070741373319 ], 
  [ 195282565713812806727569 ], [ 18496211761 ], 
  [ 5181734981, 305233240376780565491081111261 ], [ 5267680460533 ], 
  [ 333465669082116011941 ], [ 812107631173, 265583057712631 ],, [ 634928281709732501 ],, 
  [ 118422171455011 ],, [ 1545879817053082981 ], [ 4406076452341, 49892529856321 ],, 
  [ 2046661659469883 ], [ 13011199455688990670666029 ],,, 
  [ 541194676284418603, 2950137931543405159 ],,, 
  [ 7649684281, 740712406051549, 110338689680783307654247 ],, [ 3485386337 ], 
  [ 17182089170368819969, 36657162591186937213046317441 ], 
  [ 23303313340039, 543109031386423 ], [ 5601262191851 ],, [ 27903711146680013 ], 
  [ 13582662471493, 287500626655393 ], [ 5324011507 ], [ 5175334097 ],,,, [ 2369620219 ], 
  [ 1951698480768809098080827967638593 ],, [ 96721377062564357 ], 
  [ 20844864811, 142217612412230377387 ], 
  [ 44621883697, 21305212035670993, 683979771535840929137 ],,,, [ 134333779677893 ],, 
  [ 169137446429810481349511 ],,,, [ 3792872188671537061252356203 ], 
  [ 1653135240061, 7178117503189, 185124352128532249 ],,,, 
  [ 155751253327003, 4197908610257897 ],,, [ 2235802859 ],, 
  [ 1369684133401, 3677432222917, 6541142136723937 ], 
  [ 27352660429, 3318434908228001, 4098005082858109183 ],, [ 23766697879, 46333059394653571 ]
   ,,, [ 5909664723478543 ], [ 730800773467591 ], [ 2032157152787413 ],, 
  [ 23017937951, 90260400917, 50547534011040941162023 ], [ 60077029804061 ], 
  [ 17935093968713402881, 20712416292272248007521 ], [ 1429524053026319, 280786819954055969 ]
   ,, [ 749535882562551367 ], [ 166882614893, 12613049789901493, 14249612254530721129 ],, 
  [ 3362813993281119300433 ], [ 5071955274927880263367 ], [ 2061272286877372095645459017 ], 
  [ 11517034597564489603 ],,, 
  [ 16184843137, 24990057344507944968217, 2917270877705210071368541 ],, 
  [ 95550868493513, 10170642020960415777701, 2981689201408286142121583 ], 
  [ 11235831032656175041 ], [ 183117075939009439489 ], [ 160558498160244229 ], 
  [ 12100350477148373347, 60618325031623547829247 ], 
  [ 1218755581, 92528923271, 4912025729773 ], [ 73243274719970161 ],, 
  [ 2719923919, 5808755598457989103 ], [ 35766479802667 ], [ 190500434196337 ], 
  [ 168387059520639301 ], [ 194211683261, 2983990302635651, 33811739371987097977 ], 
  [ 12950569359542021629 ], [ 9088105123095295481, 577524056377663511969 ], 
  [ 1394100054143190788759 ], [ 2240904150996649921 ],, 
  [ 1858394033, 15132452052257, 55301767999552779136561 ], 
  [ 8104048902152113, 132179378294263755378379 ],,,, [ 865526653921 ], 
  [ 16989517077119, 93324948585136027 ], [ 37581732007824619 ], [ 1193177204319724961 ], 
  [ 248679693000281, 1295395586469739 ], [ 4239992036450413603 ],, [ 61146899880013 ],, 
  [ 137014961879166826027, 13232467030515385182650693 ], [ 215583885469, 355880451960713 ],, 
  [ 59885000327, 20699232280017870031 ], [ 5210585725219351 ], 
  [ 3621783122011, 1017458570465269, 1277623290739897357 ],,,, 
  [ 17334405911, 25411976731, 1799456475441562891, 1978515949931974528091 ],,, 
  [ 3212268737599077741071 ], [ 153088837799 ],, [ 35340648306517, 12762141416966490053 ], 
  [ 707771895369119019246281 ],, [ 6483408860600116395022673 ],, 
  [ 5704933033, 4341760257857131, 23621685743576377 ],, [ 2808517866150120149873 ], 
  [ 563446348796203 ],,, [ 1628411917657212978861793 ],,,, [ 6740123022519865129 ],,,, 
  [ 1286979466032510721, 10202160166251458516801 ],,,, [ 2813954581, 53460939872161 ],,, 
  [ 10821214147 ],, [ 255326243947756367 ], 
  [ 4533075779715604766371, 162879159050507964927391 ], [ 20663616981647 ],,,, 
  [ 2033095161971 ], [ 10247810393857 ], [ 5507891782045189 ], [ 44622621083 ], 
  [ 8430717109, 800235986749, 53759857900537 ], [ 476120198878682226361 ], [ 104087885507 ],,
  , [ 178391210872956577913 ],, [ 100767970394104427 ], [ 1403955061 ], 
  [ 1367820613, 4472045884192224581861341 ],, [ 95842322240786210951 ],,,,,, 
  [ 31010187054137 ], [ 57452291360060227 ], [ 17668497524898887 ], [ 29685644663 ], 
  [ 59198750089201, 1916148806278561 ],, [ 295209041581, 613291012011736207 ], 
  [ 2222151521252191 ],, [ 47064766591, 192187029191 ], 
  [ 1051009734325021, 33190017419404332517, 278975442468445537057 ],,,, [ 1061749781111 ],,, 
  [ 10471004627819 ],, [ 2306960214001, 6778378522501 ], [ 783059344539485801 ], 
  [ 5243567837, 1713535036799, 58502476637749 ], [ 1055857260151, 137707515866974826809 ],,,
  , [ 112690924912571437 ],,,,,,,, [ 14784469831, 238203236916403981, 153090536674701722851 ]
   ,,,, [ 70649441777, 25510031825114777 ],, [ 936268813657 ],,,, 
  [ 140353215762447601, 2584175760623641201 ], [ 8925357751, 1174129271349649 ], 
  [ 31448702969116775599 ], [ 20439747327231077 ], [ 6032104609, 6745733441 ], 
  [ 1613644860254667931 ], [ 1514474703029853727 ], [ 490854769219 ], 
  [ 180053752537, 26019537576069889 ],, [ 92342297561 ],, [ 71919450687524509 ],, 
  [ 64412757181 ],,, [ 1934230303848553 ],, [ 11036598630341 ],, [ 1114862731 ],, 
  [ 87268216664323, 1283840319137941 ],,,,,, [ 1718612305411 ], [ 9293313688439251 ], 
  [ 146335259200720962413 ],,, [ 2123902387893938023 ], [ 1297243951, 208017089188012591 ],,
  , [ 2498346307, 158370878863, 1589510598897031 ],, [ 4000234083121 ], [ 8077451257 ], 
  [ 564423420289, 59512215792993623403433 ], [ 19067958075137 ], [ 4005453274153 ],, 
  [ 722794648139, 4543543315370408490991 ],, [ 2403874323422790401 ], [ 3475093871 ], 
  [ 430723160371089023401 ],, [ 111215503243585533937 ],,, [ 10916605294141 ], 
  [ 12963894733129 ],, [ 41255158129093, 2709184523461310603 ], 
  [ 5373774631, 19925685721, 1102245672547 ],, [ 1726611883, 218204087219 ],, 
  [ 19566361024409 ], [ 4151613553, 23255759082297041, 288279540052350102961 ], 
  [ 264320764681 ],,, [ 49326074474977 ], [ 21860727704929 ],, [ 4093712732349007 ], 
  [ 489682316521 ],,,, [ 32039941753, 60231882448516829 ],,,,,,, [ 300182665567 ],,, 
  [ 2285829444169909117 ], [ 130316880311 ], [ 23252367473, 505481500760462921 ], 
  [ 34257590935021 ],, [ 2844701791, 123283277574641, 721996930152166181 ], 
  [ 108143164761303866401 ],,,, [ 1117632833, 225337359902593 ], [ 73979767014217 ], 
  [ 10547168906941, 3388606304750353 ],,, [ 7559369563 ],,, 
  [ 8132824519849, 8502822834946708951873, 66469200892089160054497755113 ],, 
  [ 428427106637953127 ],,,,,, [ 1032339457, 761693376001, 2291697979393 ],, 
  [ 426994758665983 ],,, [ 3408350419 ],,, [ 2514693273614850121 ],, [ 306578037069408367 ],
  , [ 402116829410746729 ], [ 39411942151 ],,,, [ 9467911867, 104464052821 ],,,,,, 
  [ 1303009621, 24441719050951 ],, [ 2430213024192301 ], [ 93092267791 ],, 
  [ 2123809545821941 ],, [ 162153210594227, 173954384449621681 ],, [ 27519512022689 ],, 
  [ 292292323718881418126377 ], [ 1197357839 ],,, [ 998964885755651, 61699027021524879251 ],
  , [ 858820912315609 ],,,,,, [ 57916970691031 ],, [ 342628535761 ], [ 11020874173 ],,,,, 
  [ 72488713513 ],,, [ 221200776779 ],,, [ 12136338022345681 ],, [ 15250539744579413 ],,,,, 
  [ 369891410173 ], [ 45406973862078001 ],, [ 18165339187 ], [ 59620125379 ],,,,, 
  [ 16580710395747037 ],, [ 304912031861, 25475766759461, 9251743319949301 ],, 
  [ 73217057246394544801 ],, [ 160189961924521, 26544120642147439 ],, [ 31044004666535381 ],,
  ,, [ 255696695307903267601 ],,,, [ 543573798613850850877 ], [ 2598983201 ],, 
  [ 238547951647 ], [ 41578178244196914913 ],,, [ 1621839623, 21893967889 ], 
  [ 4245190633, 8896270069 ],, [ 1232513388108511 ],,,,, [ 11079277969 ],, 
  [ 118360731856879 ],,,, [ 17313997501 ],,,, [ 4405914787 ],,, [ 18190167446107577 ],,,, 
  [ 133590303493, 937407591279349 ],,,,,, [ 626782432609 ],, [ 1935566473 ], 
  [ 244763107346161 ], [ 2354640335681 ],, [ 18023657178050120521 ],,,, [ 8842075181 ],, 
  [ 1973736031 ],, [ 74461801009, 249992984753 ], [ 1053409723579 ], [ 1951635239 ], 
  [ 6303798937 ], [ 2087518880402341 ],, [ 7667741838539 ], [ 7529435711851 ],,, 
  [ 3196464180116896703936979523 ],,,,,,,,, [ 1571309768586601 ], [ 205942102757 ],, 
  [ 9606049093, 27409287039223 ], [ 2870194111 ], [ 1720843361 ],,,,,, 
  [ 196177300327, 215328212093 ], [ 10342556609599 ],,,,,, [ 10402966729, 9510478611481 ],,,,
  ,,, [ 1324850801, 200296941601 ], [ 35410890223 ], [ 89098913746207, 2383859759353015087 ],
  , [ 55944488513, 2497021129153 ], [ 329074665459869311 ],,, 
  [ 2084953130233, 285173863282921, 4525944730406161189 ],,,, [ 83595759089 ], 
  [ 9534401417 ], [ 575814859276903 ],,, [ 1224641555317 ],, [ 53250799453 ], 
  [ 80733533854321 ],,, [ 8213593783 ], [ 60711738209 ],, 
  [ 5810506153, 61576403659, 430826844031 ],, [ 301740856105417 ],,, [ 6590996038951 ],,,, 
  [ 60037074091 ], [ 1351963995613697 ],, [ 37355196187, 63511040899 ],, [ 1923035041 ],,,, 
  [ 12896051934673, 19222915447081 ],,,,,, [ 464632365751 ],, [ 23567570776513 ],,,,,, 
  [ 69231967901 ],,,, [ 143927500710337 ],, [ 4878879553 ],,,,,, [ 1773342616699151191 ], 
  [ 3935809233199 ],,,,,, [ 1524449137 ],,,,, [ 534017915521 ], [ 1268154631 ], 
  [ 11611194919969 ],, [ 10755820734229, 12303159449150578521439 ],, [ 3053849873 ],,,,,, 
  [ 154670608471 ],,,,, [ 32407941773 ], [ 140021305601, 1946739944801 ],, 
  [ 7574124091, 12727788923 ],,,,,, [ 3619727689 ],, [ 49891597896241 ],,,,,, 
  [ 43422000577 ],,, [ 18541070731 ], [ 15164675741 ],,, [ 1924101577 ], [ 22699964473801 ], 
  [ 1951103551, 377788395601 ], [ 7545589297, 16274720953, 705482253589 ],,,,,,,, 
  [ 325007511702493 ],,,,,, [ 788089473361 ], [ 2500664723 ], [ 1064863087 ],,,,,,, 
  [ 7146092431 ],,, [ 9983452044743917 ], [ 29417064683 ],,,,, [ 4714126561 ],,, 
  [ 1453869103 ], [ 1092709991, 1557271099 ],,, [ 3269653291 ], [ 36982971661 ],, 
  [ 39900104256797 ], [ 11094088501 ], [ 114757287931591 ],, [ 3195231233 ],, 
  [ 144842562064666021 ],,,,,, [ 63266695361 ],, [ 1201040569 ], [ 41546417989 ], 
  [ 244429884475453 ],,, [ 1654359667 ],,,,,,, [ 3849636663378293479 ],, 
  [ 76727470849, 3525032186369 ], [ 19142238337 ],,, [ 11845448101, 31561658101 ],,,,,, 
  [ 257701862453587 ],, [ 596932116301, 1366006109621, 108074936775529 ],,,, [ 766380600673 ]
   ,,,,,,, [ 1239828838579 ], [ 3168840641 ],, [ 16335069391 ],,,,, [ 10456146559 ], 
  [ 101206421633, 178672986689 ],,,, [ 47548831913477 ],, [ 1760773999, 2013134044247 ],,, 
  [ 2186382683 ], [ 15343015892401, 17186770837420633 ],,,,, [ 144640397207 ], 
  [ 70083223633 ],, [ 382636123620917 ],,, [ 1315448759 ],,, [ 54248324369 ],,, 
  [ 2992085671 ],,,,, [ 972071795521 ],,, [ 4994464681 ], [ 21947915309 ],,,,,, 
  [ 4529764201, 334848425141 ], [ 13345717243 ],, [ 12223394233 ],,, [ 232223136017 ],,,,,,,
  , [ 66630981651049 ],,,, [ 1901524507119277 ],, [ 790646040361 ],,, 
  [ 93310716529, 425774236339 ], [ 2850956011, 7704840907 ],,,,,,,,,,,, [ 3299389267 ],, 
  [ 1800624159937, 38265455716993, 120575710318897 ],,,,, [ 8030356927 ], 
  [ 1840131151, 18293823127633 ],,,, [ 140796302041 ],,, [ 4827990449 ], [ 13210319879 ],,,, 
  [ 60237068446729, 9125430594757752277 ],, [ 2209774409 ],,,,,,,, [ 6349707197 ],, 
  [ 161923392350179 ],, [ 7081619544497681 ],,,,,,, [ 80197617048907 ],,,,,,,,,,,,,,, 
  [ 358121362519, 904217847571 ],,,,,,, [ 1696721077 ],,,, [ 1275269712779 ],,,,,,,,,,,,, 
  [ 14662315147 ],,,,,, [ 5283599413, 10693496703709 ],,,,,, [ 50467760422592113 ],,, 
  [ 39378412243 ],,, [ 73269403153 ],,,,,,, [ 70337749967 ],, [ 108451225303 ],,,,,, 
  [ 41649750691 ],,, [ 17986767962659 ],, [ 105907981693 ],, [ 26562184613 ],,, 
  [ 2214623821, 2587035761 ],, [ 72535538167 ],,,,,,,,, [ 7676062757761, 4132767636646321 ],,
  ,,,,,,,, [ 1396539301 ],, [ 483070349953 ],,,, [ 7022383632857 ],,, [ 1109747137 ],,,,,,,, 
  [ 1612404223 ], [ 3899987041, 9180912161 ],,,,,, [ 6859905061 ],, [ 19720291081 ],,,,, 
  [ 5811880513 ],,,,,, [ 727969940729 ],,,,,,,,, [ 1466766029 ],,,, [ 179827356001 ],,,,,,,,,
  ,,,, [ 6969158071 ],,,, [ 1822749581 ], [ 328900676846869 ], [ 55649678291 ],,,,,, 
  [ 63648285401 ],,,, [ 85396428379 ],,,,,,,,,,,,, [ 45780404419, 97663444147 ],,, 
  [ 11623175581 ],,,,,,, [ 2635639037 ],,,,,,,,,,, [ 5354715841 ],,,,,,,,, [ 54403853401 ],,,
  ,,,,,,, [ 4626431603 ],,,,,,,, [ 88309607401 ], [ 192197648239 ], [ 19968096437 ],,,,,,,,,,
  ,,, [ 3212620291 ],,,,, [ 1085166011, 5314801747843631 ],, [ 13067094799169 ],,, 
  [ 2809807841 ],,,,, [ 4175991601 ],,,,, [ 20267406701 ],,,,,,,,,,,, [ 6373358671 ], 
  [ 96956061313 ],, [ 1174672141 ],,,, [ 24411293761, 1247002673281 ],, [ 1833373141 ],,,, 
  [ 11728943101, 648425902051 ],,, [ 55720011799 ],,,,,,, [ 3808248881 ],,,,,, 
  [ 30756985771 ],,,,,, [ 694314938773 ],,,,, [ 113384746729 ],,, [ 113198431275001 ], 
  [ 8271695603 ],,,,,,,, [ 1646623387 ],,, [ 1042115233 ],,,,,, [ 42378390433 ],, 
  [ 45473257201 ], [ 2055964699 ],,, [ 11328169789 ],, [ 2474003807491 ],,,,,, 
  [ 2173147073 ],,,,, [ 3223235731 ],, [ 29600498929 ],,,,,,,,,,,,,, [ 101010544979 ],,,,,,,,
  ,, [ 1906413679 ],, [ 8326592861 ],,,,,,, [ 56795203609 ],,,,,, [ 4464336223 ],,, 
  [ 94485473503 ],,,, [ 32528816051 ],,,,, [ 66558558252769591 ],,, [ 107924462203 ],,,,,,,,
  , [ 12954302791 ],,,,,,,,,,,, [ 35686720837 ],,,,,,,, [ 1011889891 ],,,,,,,,,,,,, 
  [ 150628199311 ],, [ 1391149681 ],,,,,,,,, [ 1010399699 ],,,,,,,,, [ 5258117941 ],,, 
  [ 137301315707 ],,,,,,,,,, [ 887846136769 ],,,,,,,,,,,, [ 32845503601 ],,,,,,,,,,,,,,, 
  [ 657321187951 ],,,,,,,,,,, [ 1912677937 ], [ 29260176019 ],,,,, [ 9796301953 ], 
  [ 1474576381 ],,, [ 11466446041 ],, [ 696728209339 ], [ 8433960679 ],,,, [ 1121589508621 ],
  ,,,,,,,,,,,,,,,, [ 1584510661 ],,,,,,,, [ 3773852149 ],,,, [ 2803434913 ], [ 26503893739 ],
  ,,,,,,,,, [ 109543939447 ],,,,,,,,,,,,,,,,,, [ 704860352153 ],,,,,,,,,,,,, [ 1381399867 ],,
  ,,,,,,,,,,,,,,, [ 4221743837 ],,, [ 33333148003 ], [ 1776207451 ],,,,,,,,,, [ 1305511681 ],
  ,,,,,,, [ 3128904133 ], [ 127495494067 ],,,,,,, [ 56011975781 ],, [ 721515133789 ],,,,,,,,
  , [ 1291020677 ],, [ 1261202359 ],,,, [ 6800076166027 ],,,,, [ 8023492639 ],,,,,,,,,,, 
  [ 2749368691, 46368840029747 ],, [ 228884037661 ],,,,,,,,,,, [ 1832686459, 79802858437 ],,,
  , [ 1914188893 ],, [ 2354100751 ],,,,,,,,,,,, [ 671404598551 ],,,,,,,,,,,,,,,,,,,,,,,,,,,,,
  ,, [ 86883641641 ], [ 1947384287 ],,,, [ 3516580447 ],,,,, [ 1410221627, 1041428587541 ],,,
  ,,,, [ 700001484859 ],,,, [ 8080555187 ],, [ 5865416941 ],,,,,,,,,,,,,,, 
  [ 3502385839, 220938777217 ],,,,, [ 4420185199 ],,,, [ 2183588767 ],,,, [ 2396350511 ],,,, 
  [ 14324095351 ],,, [ 103025239511 ],,,, [ 16287324967 ],,,, [ 18649246141 ],,,,, 
  [ 747334552477 ], [ 41148253889 ],,,,,,,, [ 13971984241 ],,,,,, [ 13674529807 ],,, 
  [ 1803010414801 ],,,,,,,,,,,,,,,, [ 30911829131 ],, [ 20213760649 ],,,,,,,,,,,,,, 
  [ 5004758617 ],,, [ 2953246481 ],,,,,,,,,,,,,,,,,,,, [ 14344585361 ],,,, [ 4397411713 ], 
  [ 9106894681 ], [ 1766338939 ],, [ 380752325281 ], [ 9478769939 ],,,, [ 221327237407 ], 
  [ 3811324189 ],,,,,,,, [ 17046307939 ],,,,,,,,,,,,,,,, [ 1415211373 ],, 
  [ 6381462001, 4696504602001 ],,,,,,,,, [ 9151822709, 260438944991 ],,,,,,,,,,,,,,,,,,, 
  [ 4521967980973 ], [ 7304813917 ],,,,, [ 4398164983 ],,,,,,, [ 4345721693 ],, 
  [ 186813268381 ], [ 2162353733 ], [ 44575184021, 260292822931 ],,,,, [ 2276381501 ], 
  [ 11994711527 ],,, [ 92426598577 ],,, [ 626199065449 ], [ 4005040873 ],,, [ 4221539057647 ]
   ,,,, [ 127031768807161 ], [ 115577508703 ],,, [ 2347859821, 4685581541 ],,,,,, 
  [ 8271074501 ],,,,,,,,,, [ 14630463669091 ],,,,,,,,,, [ 5759092151, 15002366231 ],,,,,, 
  [ 2134536163 ], [ 4764716909 ],,,, [ 2441134099, 2767823137 ],,,,,,,,,,,,,,,,,, 
  [ 2090670193 ],,,,,,,,,,,, [ 2238754417 ],, [ 2577220031, 3646371829 ],,,,,,, 
  [ 2208474841 ],,,,, [ 43532623801 ],,,,, [ 8405974021 ],,,,,,,,, [ 5728222693 ], 
  [ 7579305611 ],,,,,,,,, [ 1063384511941 ],,,,,,,,,,, [ 12524625391 ],,,,,,,, 
  [ 17158207441 ],,,,,,,,,,, [ 294581445173 ], [ 12921842431 ],,,,, [ 183684289231 ],,,,,,,, 
  [ 2293349897 ],, [ 60574319363461 ],,,,, [ 837730602601 ],,,,,,,,,,, [ 2025932273 ],,,,,,,,
  ,,,,,, [ 930032570251 ],,,,,,,,,,,, [ 153502477785931 ],,,, [ 2168795399 ],,,, 
  [ 447064947971 ],,,,,,,, [ 185317211243 ],,,,, [ 28493917531 ],,, [ 1408610341 ],,,,,,,,,,,
  ,,,,, [ 11369350103 ], [ 1693856501 ],, [ 41460265501 ],,,,,,,,,,,, [ 13349946947 ], 
  [ 142403017579 ], [ 65720246653 ],,,,,,,,,,,,,,,,,,,,, [ 2217391021 ],,,,,,,,,,,,,,, 
  [ 374786630431 ],,,,,,, [ 1206533221 ],,,,,,,,,,,,, [ 10799695001 ],,,,,,,,,,, 
  [ 14769855377 ],,,,,,,,,,,,,,,,,,,,,,,,,,,,, [ 1657028101 ],,,,,,,,, 
  [ 3528030193, 6505506961 ],,,,,,,,,,,,,,,,,, [ 9995716501 ],, [ 28238134861 ],,,,,,, 
  [ 1493557678759 ],,,, [ 34244240171 ],,,,,,,,,,, [ 2435327893 ],,,,,,,,,,,,,,,,,,,,,,,,,,,,
  ,,,,,,,,,,,,,,,,,,,,,,,, [ 8604006001 ],, [ 1960502041 ],,,,,, [ 104858137411 ],,,,,,,, 
  [ 2529594874129 ],,,, [ 1171025587, 15293508319 ],,,,,, [ 1681550929 ],,,,,, 
  [ 12046189801 ],,,,,,,,,,,,,,,,,,,,,,,,,,,,,,,,, [ 41938543711 ],,,,, [ 10630895716481 ], 
  [ 11470668061 ],,,,,,,,,,,,,,,,,,, [ 11696684401 ],,,,, [ 10740140737 ],,,,,, 
  [ 2228302819 ],,, [ 158668494601 ],,,,,,,,,,,,,, [ 34691863529 ],,, [ 16919378477 ],,,,, 
  [ 2037540433, 2129125949 ],,,,,,,,,,,,,, [ 1008211297 ],,, [ 122367702889, 1171957077157 ],
  ,,,,,,,,,,,,,,,,,,,, [ 5760528337 ],,,, [ 2752091717 ],,,,,,,,,,,,,, [ 104855952601 ],,,,,
  , [ 435728481541 ],,,,,,,,,,,,,,,,,,,,,, [ 25649343457 ],,,,,,,,,, [ 6013288693 ],,,,,,,,,,
  ,,, [ 2117356669 ],,,,,,,,,,,,,,,,,,,,,,,, [ 6941336171101 ],,,,,, [ 1240103521 ], 
  [ 3126353179 ],,,,,,,,,,, [ 13468309639 ],,,,,,,,,,, [ 2372890609 ],, [ 476158238117 ],,,,
  , [ 21731138251 ], [ 14094927853 ],,,, [ 2199273473 ],,,,,,, [ 26531406547 ], 
  [ 1492844621977 ],, [ 29093155669 ],,, [ 373237857253 ],,, [ 2315669761 ],, [ 5658341729 ],
  ,,, [ 1023456589 ],,,,,,,,, [ 135738998383 ], [ 1224167233 ],,,,,,,,,,,, [ 4619506321 ],,,,
  ,,,,,,,,,,,,,,,,,,,,,,,,,,,,,,,,,,,, [ 149402289901 ],,,,,,,,,,,,,,,,,,,,,, 
  [ 1831424863, 2055916279 ],,,,,,,,,,,,,,,,,,,,,,,,,,,, [ 2529294601 ],,,,,,,,,,,,,,,,,, 
  [ 1778253457 ],,,,,,,,,,,,,,,,, [ 3838095091 ],,, [ 245809869769 ],,,,,,,, [ 11657211301 ],
  , [ 168437749366927 ],, [ 31741323001 ],,, [ 24377122771 ],,,,,, 
  [ 3072586189, 8964737773, 42177327523 ],,,,,,, [ 8874688577 ],,,,, [ 244091682427 ],,,,, 
  [ 84711238987 ], [ 6151410312961 ],,,,, [ 1636476521 ],,,,,,,,,,,,,,,,,,,,,,,,,,,,,, 
  [ 34646863759 ],, [ 3568867537 ],,,,,, [ 13364597231 ],,,,,,,,,, [ 1705648561 ],,,,,,,,,,,,
  ,, [ 3041488633 ],,,, [ 7168979567 ],,,,,,,,,,,,,,,,,,,,,,,,,,,, [ 4056191317 ],,,,,,,,,,,,
  ,,,,,,,, [ 18982196377 ],,,,,,,,,,,,,,,,,,,,,,,,,,,, [ 1030670803 ],, [ 7394032897 ],, 
  [ 605762094869 ],, [ 23432017621 ],,,, [ 209255084513 ],,,,,,,,,,,,,,,,,,,,,,,,,, 
  [ 3743668921 ],,,,,,,,,,,,,, [ 16372487561 ],,,,,,,,,, [ 25052371807 ],,,,,,,,,,,,,,,,,,,, 
  [ 1211704997 ],,,,,,,,,,,,, [ 1586605483 ],,,,,,,,,,,,, [ 58541400641 ],,,,, 
  [ 3823312951 ],,, [ 4914234937 ],,,,,,,,,,,,,, [ 14032806581 ],, [ 949273062697 ],,,,,,,,,,
  ,,,,,,,,,,,, [ 2100279199 ],,,,,, [ 4242352381 ],,,,,,, [ 13148895187 ],,,,,, 
  [ 1354410571, 1528818871 ],,,,,,,,,,, [ 3274321722341 ],,,, [ 33674723041 ],,,,,,,,,,,,,,,
  , [ 5571068449 ],, [ 109174044787 ],,,, [ 10705920539 ],,,, [ 1266215017 ],,,,,, 
  [ 1901090497 ],,,,,,, [ 1098176113 ],,,,, [ 9071959553 ],,,,,,,,,, [ 11500444783 ],,,,,,,,,
  ,,,,,,,,,,,,, [ 198132318581 ],,,,,, [ 12447497353 ],,,,,,,,,,,,,,,,,, [ 2512645081 ],,,,,,
  ,,,,,,,,,,,, [ 111616918468441 ],,,, [ 77417788667 ],,,,,, [ 1531863329 ],, 
  [ 3013656335561 ],,,,,,,,,,,,,,,,,,,, [ 61440335191 ],,,,,,,,,,,,,,,,,,,,,,,,,, 
  [ 64451435777 ],,,,,,,,,,,,,,,,,,,,,, [ 7161271993, 16487494477 ],,,, [ 6870520957 ],, 
  [ 17462081737 ],, [ 21417531532963 ],,,,,,,, [ 7093260617 ],,,, [ 27340997183 ],,,,,,,,,,,,
  ,,,, [ 1666771237489 ],,,,,,,, [ 1605876059 ],,,,,,,,,,,,,, [ 1081515214753 ],,,,,,,,,,,,,,
  ,,,,,,,,,,,,,,,,,,,,,,,,,,,,,,,, [ 20996531089 ],,,,,,,,,,,,,,,,,,,,,,,,,,,,,,,,,,,,,,,,,,,
  ,,,,,,,,,,,,,,,,,,,,, [ 6138111799 ],,,,,,,,,,,, [ 75478880947 ],,,,,, [ 188762535937 ],, 
  [ 3576725753 ],,,,,,,,,,,,,,,, [ 6755664169, 12932044291 ],,,,,,,,,,,,,,,, [ 30125945789 ],
  ,,, [ 1206533641 ],,,,,,,,,,,,,, [ 1004767037 ],,,, [ 3062952001 ],,,,,,,,,,,,,, 
  [ 647611696399 ],,,,,,,,,,,,,,,,,,,, [ 23437172989 ],,,,,,,,,,,, [ 626644787053 ],,,,,,,,,,
  ,, [ 22962464923 ],,,, [ 7367850223 ],,,,,,,,,, [ 9862704193, 544662701441 ],, 
  [ 63552016782931 ],,,,,, [ 1682775401 ],,,,,,,, [ 2472841873 ],,,,,, [ 164236100953 ],,,,,,
  ,,,,,, [ 4790279341 ],,,,,, [ 1001554153 ],, [ 1234232933 ],,,,,,,,,,,, [ 3877278341 ],,,,,
  ,,,,,,,,,,, [ 3552467329, 53616955321 ],,,,,,,,,, [ 21005061793 ],,,,,,,,,,,,,,,, 
  [ 1523831041 ],,,,,,,,,,,,,,,,,, [ 13042590601 ],,,,,,,,,,,,,,,,,,,,,,,,,,,, 
  [ 6628908259 ],, [ 677201477857 ],,,,,,,,,,,,,,,,,,,,,,,,,,,,,,,,,,,,,,,,,,,,,,,,,, 
  [ 165132754819 ],,,,,,,,,,,,,,,,,,,,,,,,,,,,,, [ 13240338788353 ],, [ 9127942573 ],,,,,, 
  [ 29920844017 ],,,,,,,,,, [ 473922276389 ],,,,,,,,,, [ 1280064857 ],,,, [ 1574022913 ],,,, 
  [ 28192474853 ],,,,,,,,,,,, [ 124387045777 ],,,,,,,,,,,,,, [ 7196479291 ],,,,,,,,,,,,,,,,,,
  ,,,, [ 8132164921 ],,,,,,,,,, [ 4039063631 ],,,,,,,,,, [ 1163825875801 ],,,,,,,,,, 
  [ 3628801081 ],,,,,,,,,,,,,,,,,,,,,,,,,,,,,,,,,,,,,,,,,,,,,,,,,,,,,,,,,,,,,,,,,,,,,,,,,,,,,
  ,,,,,,,,,,,,,,,,,,,,, [ 254642528377 ],,,, [ 2151946721 ],,,,,,,,,,,,,,,,,, 
  [ 43266550751 ],,,, [ 16124596084169 ],,,,,,,,,, [ 105661966009 ],,,,,,,,,,,,,,,,,,,,,,,,,,
  ,,,,,,,,,,,,,,,,,,,,,,,, [ 2047397483 ],, [ 18722278261 ],,,, [ 1267926001 ],,,,,,,,,,,,,,,
  ,,,,,,, [ 59870598877 ],,,,,,,, [ 180682595771 ],,,,,,,,,,,,,,,,,,,,,,,,,,,,,,,,,,,, 
  [ 2163156227, 40714655213 ],,,,,,,,,,,,,,,,,,,,,,,,,,,, [ 167704988809 ],,,,,,,,,,,,,,,,,,,
  ,,,,,,,,,,, [ 17508445501 ],,,,,,,,,,,,,,,,,, [ 93893227783 ],,,,,,,, [ 599207736401 ],,,,,
  ,,,,,,,,,,,,,,,,, [ 13699120177 ],,,,,,,,,,,,,,,,,,,,,,,,,,,,,,,,,,,,,,,,,,,,,,,,,,,,,,,,,
  , [ 4638718291 ],,,,,,,,,,,,,,,,,,,,,,,,,,,,,,,, [ 17118631641259 ],, [ 10737694001 ],,,,,,
  ,,,,,,,,,,,,,,,,,,,,,,,,,,,,,,,,,,,,,,,,,,,,,,,, [ 7500399826123 ],, [ 1293152561 ],, 
  [ 1247080201 ],,,,,,,, [ 6830242981 ],,,,,,,,,,,,,,,,,,,,,, [ 395735369041 ],,,,,,,, 
  [ 2493050280841, 9534796064921 ],,,, [ 2530865473 ],,,,,,,,,,,,,,,, [ 1064692864541 ],, 
  [ 21877071205849 ],,,,,, [ 32228142913 ],, [ 1217067151 ],,,,,,,,,,,,,,,,,,,,,,,,,,,,,, 
  [ 421130808341 ],,,,,,,,,,,,,,,, [ 6089476693 ],,,,,,,,,,,,,,,,,,,,,,,,,,,,,,,,,,,,,,,,,,,,
  ,,,, [ 12478488133 ],,,,,,,,,,,, [ 20592943201 ],,,,,,,,,,,,,,,,,,,,,,,, [ 2293787641 ],,,,
  ,, [ 11688427579 ],,,,,,,,,,,,,,,,,,,,,,,, [ 705587315401 ],,,,,,,,,,,,,,,,,,,,,,,,,,,, 
  [ 654160184677 ],,,,,,,,,,,,,, [ 2408315521 ],,,,,, [ 2477558581, 578048268169 ],,,,,,,,,,,
  ,,,,,,,,,,,,,,,,,,,,,,,,, [ 1154447221 ],,,,,,,,,,,,,,,,,,,,,,,,,,,,,,,,,,,, 
  [ 1238241031 ],,,,,,,,,,,,,,,,,,,,,,,,,,,,,,,,,,,,,,,,,,,,,,,,,,,,,,,,,,,, [ 1175790871 ],,
  ,,,, [ 420433822849 ],,,,,,,,,,,,,,,,,,,,,,,,,,,,,,,,,,,,,,,,,,,,,,,, [ 32377330369 ],,,,,,
  ,,,,,,,,,, [ 8580894401 ],,,,,,,,,,,,,,,,,,,,,,,,,,,,,,,, [ 20882403121 ],,,,,,,,,,,,,,,,,,
  ,,,,,,,,,,,,,,,,,,,,,,,,,,,,,,,,,,,,,,,,,,,,,,,, [ 2863881583 ],,,,,,,,,,,,,,,,,,,,,,,, 
  [ 2515512487 ],,,,,,,, [ 57912502051 ],,,,,,,,,,,,,,,,,,,,,,,,,,,,,,,,,, [ 2262481561 ],,,,
  ,, [ 1488467341 ],,,,,,,,,,,,,,,,,,,, [ 4113949841 ],,,,,,,,,, [ 6639300001 ],,,,,,,,,,,,,,
  ,,,,,,,,,,,,,,,, [ 2058170911 ],,,,,, [ 122819412997 ],,,,,,,,,,,,,,,,,,,,,,,,,,,,,,,,,,,, 
  [ 249405513697 ],,,,,, [ 3410580889 ],,,,,,,,,,,,,,,,,,,,,,,,,,,,,,,,,,,,,,,,,,,,,,,,,,,, 
  [ 19034741111 ],,,,,,,,,,,,,,,,,,,,,,,,,, [ 3970939873 ],,,,,,,,,,,,,,,,,, [ 30054601099 ],
  ,,,,,,,,,,,,,,,,,,,,,,, [ 1695998071 ],, [ 69161484001 ],,,,,,,,,,,,,,,, [ 1384950529 ],,,,
  ,,,,,,,,,,,,,,,,,,,,,,,,,,,,,,,,,,,,,,,,,,,,,,,,,,,,,,,,,,,,,, [ 4612846471 ],,,,,,,,,,,, 
  [ 47757679087 ],,,,,,,,,,,, [ 1071529741 ],,,,,,,,,,,,,,,,,,,,,,,,,,,,,,,,,,,,,,,,,,,,,,,,,
  ,,,,,,,,,,,,,,,,,,,,,,, [ 1431135487 ],,,,,,,,,,,, [ 308543883211 ],,,,,,,,,,,,,,,,,,,,,,,,
  ,,,,,,,,,,,,,,,,,,,,,,,,,,,,,,,,,,,,,,,,,,,,,,,,,,,,,, [ 9120538513 ],,,,,,,,,,,,,,,,,,,,,,
  ,,,,,,,,,,,,,,,,,,,,,,,,,, [ 3192232189 ],,,,,,,,,,,,,,,,,,,,,,,,,,,,,,,,,,,,,,,,,,,,,,,, 
  [ 1043228092537 ],,,,,,,,,,,,,,,,,,,,,,,,,,,,,, [ 161596939303 ],,,,,,,,,,,,,,,,,,,,,,,, 
  [ 4492599487 ],, [ 35289811901 ],,,,,,,,,,,,,,,,,,,,,,,,,,,, [ 3806260417 ],,,,,,,,,,,, 
  [ 28734974701 ],,,,,,,,,,,,,,,,,,,,,,,,,,,,,,,,,,,,,,,,,,,,,,,,,,,,,,,,,,,,,,,,,,,,,,,,,,,,
  ,,,,,,,,,,,,,,,,,,,, [ 9281284237 ],,,,,,,,,,,,,,,,,,,,,,,,,,,,,,,,,,,, [ 2090474929 ],,,,,
  , [ 1646678443 ],,,,,,,,,,,,,,,,,, [ 29715525841 ],,,,,, [ 11732377417 ],,,,,, 
  [ 30007201537 ],,,,,,,,,,,,,,,,,,,,,,,,,,,,,,,,,,,,,,,,,,,,,,,,,,,,,,,,,,,,,,,,,,,,,,,,,,,,
  ,,,,,,,,,,,,,,,,,,,,,,,,,,,,,,,,,,,,,,,,,,,,,,,,,,,,,,,,,,,,,,,,,,,,,,,,,,,,,,,,,,,,,,,,,,,
  ,,,,,,,,,,,,,,,,,,,,,,,,,,,,,,,,,,,,,,,,,,,,,,,,,,,,,,,,,,,,,,,,,,,,,,,,,,,,,,,,,,,,, 
  [ 6210885379681 ],,,,,,,,,,,,,,,,,,,,,,,,,,,,,,,,,,,,,,,,,,,,,,,,,,,,,,,,,,,,,,,,,,,,,, 
  [ 233739284851 ],,,,,,,,,,,,,,,,,,,,,,,,,,,,,,,,,,,,,,,,,,,, [ 2842343701, 11836671799 ],,,
  ,,,,,,,,,,,,,,, [ 2167896277 ],,,,,,,,,,,,,,,,,,,,,,,,,,,,,,,,,,,,,,,,,,,,,,,,,,,,,,,,,,,,,
  ,,,,,,,,,,,,,,,,,,,,,,,,,,,,,,,,,,,,,,,,,,,,,,,,,,,,,,,,,,,,,,,,,,,,,,,,,,,,, 
  [ 10970653501 ],,,,,,,,,,,, [ 1174011679 ],,,,,,,,,,,,,,,,,,,,,,,,,,,,,,,,,,,,,,,,,,,,,,,, 
  [ 1090968811 ],,,,,,,,,,,,,,,,,,,,,,,,,,,,,, [ 12270016081 ],,,,,,,,,,,,,,,,,,,,,,,,,,,,,,,
  ,,,,,,,,,,,,,,,,,,,,,,,,,,,,,,,,,,,,,,,,,,,,,,,,,,,,,,,,,,,,,,,,,,,,,,,,,,,,,,,,,,,,,,,,,,,
  ,,,,,,,,,,,,,,,,,,,,,,,,,,,,,,,,,,,,,,,,,,,,,,,,,,,,,,,,,,,,,,,,,,,,,,,,,,,,,,,,,,,,,,,,,,,
  ,,,,,,,,,,,,,,,,,,,,,,,,,,,,,,,,,,,,,,,,,,,,,,,,,,,,,,,,,,,,,,,,,,,,,,,,,,,,,,,,,,,,,,,,,,,
  ,,,,,,,,,,,,,,,,,,,,,,,,,,,,,,,,,,,,,,,,,,,,,,,,,,,,,,,,,,,,,,,,,,,,,,,,,,,,,,,, 
  [ 67852178521 ],,,,,,,,,,,,,,,,,,,,,,,,,,,,,,,,,,,,,,,,,,,,,,,,,,,,,,,,,,,,,,,,,,,,,,,,,,,,
  ,,,,,,,,,,,,,,,,,,,,,,,,,,,,,,,,,,,,,,,,,,,,,,,,,,,,,,,,,,,,,,,,,,,,,,,,,,,,,,,,,,,,,,,,,,,
  ,,,,,,,,,,,,,,,,,,,,,,,,,,,,,,,,,,,,,,,,,,,,,,,,,,,,,,,,,,,,,,,,,,,,,,,,,,,,,,,,,,,,,,,,,,,
  ,,,,,,,,,,,,,,,,,,,,,,,,,,,,,,,,,,,,,,,,,,,,,,,, [ 75180769981 ],,,,,,,,,,,,,,,,,,,,,,,,,,,
  ,,,,,,,,,,,,,,,,,,,,,,,,,,,,,,,,, [ 1912133521 ],,,,,,,,,,,,,,,,,,,,,,,,,,,,,,,,,,,,,,,,,,,
  ,,,,,,,,,,,,,,,,,,,,,,,,,,,,,,,,,,,,,,,,,,,,,,,,,,,,,,,,,,,,,,,,,,,,,,,,,,,,, 
  [ 2777627731, 61212781711 ],,,,,,,,,,,,,,,,,,,,,,,,,,,,,,,,,,,,,,,,,,,,,,,,,,,,,,,,,,,,,,,,
  ,,,,,,,,,,,,,,,,,,,,,,,,,,,,,,,,,,,,,,,,,,,,,,,,,,,,,,,, [ 2091306871 ],,,,,,,,,,,,,,,,,,,,
  ,,,,,,,,,,,,,,,,,,,,,,,,,,,,,,,,,,,,,,,,,,,,,,,,,,,,,,,,,,,,,,,,,,,,,,,,,,,,,,,,,,,,,,,,,,,
  ,,,,,,,,,,,,,,,,,,,,,,,,,,,,,,,,,,,,,,,,,,,,,,,,,,,,,,,,,,,,,,,,,,,,,,,,,,,,,,,,,,,,,,,,,,,
  ,,,,,,,,,,,,,,,,,,,,,,,,,,,,,,,,,,,,,,,,,,,,,,,,,,,,,,,,,,,,,,,,,,,,,,,,,,,,,,,,,,,,,,,,,, 
  [ 1279954103, 1466711371 ],,,,,,,,,,,,,,,,,,,,,,,,,,,,,,,,,,,,,, [ 1814971681 ],,,,,,,,,,,,
  ,,,,,,,,,,,,,,,,,,,, [ 10949017601 ],,,,,,,,,,,,,,,,,,,,,,,,,,,,,,,,,,,,,,,,,,,,,,,,,,,,,,,
  ,,,,,,,,,,,,,,,,,,,,,,,,,,,,,,,,,,,,,,,,,,,,,,,,,,,,,,,,,,,,,,,,,,,,,,,,,,,,,,,,,,,,,,,,,,,
  ,,,,,,,,,,,,,,,,,,,,,,,,,,,,,,,,,,,,,,,,,,,,,,,,,,,,,,,,,,,,,,,,,,,,,,,,,,,,,,,,,,,,,,,,,,,
  ,,,,,,,,,,,,,,,,,,,,,,,,,,,,,,,,,,,,,,,,,,,,,,,,,,,,,,,,,,,,,,,,,,,,,,,,,,,,,,,,,,,,,,,,,,,
  ,,,,,,,,,,,,,,,,,,,,,,,,,,,,,,,,,,,,,,,,,,,,,,,,,,,,,,,,,,,,,,,,,,,,,,,,,,,,,,,,,,,,,,,,,,,
  ,,,,,,,,,,,,,,,,,,,,,,,,,,,,,,,,,,,,,,,,,,,,,,,,,,,,,,,,,,,,,,,,,,,,,,,,,,,,,,,,,,,,,,,,,,,
  ,,,,,,,,,,,,,,,,,,,,,,,,,,,,,,,,,,,,,,,,,,,,,,,,,,,,,,,,,,,,,,,,,,,,,,,,,,,,,,,,,,,,,,,,,,,
  ,,,,,,,,,,,,,,,,,,,,,,,,,,,,,,,,,,,,,,,,,,,,,,,,,,,,,,,,,,,,,,,,,,,,,,,,,,,,,,,,,,,,,,,,,,,
  ,,,,,,,,,,,,,,,,,,,,,,,,,,,,,,,,,,,,,,,,,,,,,,,,,,,,,,,,,,,,,,,,,,,,,,,,,,,,,,,,,,,,,,,,,,,
  ,,,,,,,,,,,,,,,,,,,,,,,,,,,,,,,,,,,,,,,,,,,,,,,,,,,,,,,,,,,,,,,,,,,,,,,,,,,,,,,,,,,,,,,,,,,
  ,,,,,,,,,,,,,,,,,,,,,,,,,,,,,,,,,,,,,,,,,,,,,,,,,,,,,,,,,,,,,,,,,,,,,,,,,,,,,,,,,,,,,,,,,,,
  ,,,,,,,,,,,,,,,,,,,,,,,,,,,,,,,,,,,,,,,,,,,,,,,,,,,,,,,,,,,,,,,,,,,,,,,,,,,,,,,,,,, 
  [ 247893935521 ],,,,,,,,,,,,,,,,,,,,,,,,,,,,,,,,,,,,,,,,,,,,,,,,,,,,,,,,,,,,,,,,,,,,,,,,,,,
  ,,,,,,,,,,,,,,,,,,,,,,,,,,,,,,,,,,,,,,,,,,,,,,,,,,,,,,,,,,,,,,,,,,,,,,,,,,,,,,,,,,,,,,,,,,,
  ,,,,,,,,,,,,,,,,,,,,,,,,,,,,,,,,,,,,,,,,,,,,,,,,,,,,,,,,,,,,,,,,,,,,,,,,,,,,,,,,,,,,,,,,,,,
  ,,,,,,,,,,,,,,,,,,,,,,,,,,,,,,,,,,,,,,,,,,,,,,,,,,,,,,,,,,,,,,,,,,,,,,,,,,,,,,,,,,,,,,,,,,,
  ,,,,,,,,,,,,,,,,,,,,,,,,,,,,,,,,,,,,,,,,,,,,,,,,,,,,,,,,,,,,,,,,,,,,,,,,,,,,,,,,,,,,,,,,,,,
  ,,,,,,,,,,,,,,,,,,,,,,,,,,,,,,,,,,,,,,,,,,,,,,,,,,,,,,,,,,,,,,,,,,,,,,,,,,,,,,,,,,,,,,,,,,,
  ,,,,,,,,,,,,,,,,,,,,,,,,,,,,,,,,,,,,,,,,,,,,,,,,,,,,,,,,,,,,,,,,,,,,,,,,,,,,,,,,,,,,,,,,,,,
  ,,,,,,,,,,,,,,,,,,,,,,,,,,,,,,,,,,,,,,,,,,,,,,,,,,,,,,,,,,,,,,,,,,,,,,,,,,,,,,,,,,,,,,,,,,,
  ,,,,,,,,,,,,,,,,,,,,,,,,,,,,,,,,,,,,,,,,,,,,,,,,,,,,,,,,,,,,,,,,,,,,,,,,,,,,,,,,,,,,,,,,,,,
  ,,,,,,,,,,,,,,,,,,,,,,,,,,,,,,,,,,,,,,,,,,,,,,,,,,,,,,,,,,,,,,,,,,,,,,,,,,,,,,,,,,,,,,,,,,,
  ,,,,,,,,,,,,,,,,,,,,,,,,,,,,,,,,,,,,,,,,,,,,,,,,,,,,,,,,,,,,,,,,,,,,,,,,,,,,,,,,,,,,,,,,,,,
  ,,,,,,,,,,,,,,,,,,,,,,,,,,,,,,,,,,,,,,,,,,,,,,,,,,,,,,,,,,,,,,,,,,,,,,,,,,,,,,,,,,,,,,,,,,,
  ,,,,,,,,,,,,,,,,,,,,,,,,,,,,,,,,,,,,,,,,,,,,,,,,,,,,,,,,,,,,,,,,,,,,,,,,,,,,,,,,,,,,,,,,,,,
  ,,,,,,,,,,,,,,,,,,,,,,,,,,,,,,,,,,,,,,,,,,,,,,,,,,,,,,,,,,,,,,,,,,,,,,,,,,,,,,,,,,,,,,,,,,,
  ,,,,,,,,,,,,,,,,,,,,,,,,,,,,,,,,,,,,,,,,,,,,,,,,,,,,,,,,,,,,,,,,,,,,,,,,,,,,,,,,,,,,,,,,,,,
  ,,,,,,,,,,,,,,,,,,,,,,,,,,,,,,,,,,,,,,,,,,,,,,,,,,,,,,,,,,,,,,,,,,,,,,,,,,,,,,,,,,,,,,,,,,,
  ,,,,,,,,,,,,,,,,,,,,,,,,,,,,,,,,,,,,,,,,,,,,,,,,,,,,,,,,,,,,,,,,,,,,,,,,,,,,,,,,,,,,,,,,,,,
  ,,,,,,,,,,,,,,,,,,,,,,,,,,,,,,,,,,,,,,,,,,,,,,,,,,,,,,,,,,,,,,,,,,,,,,,,,,,,,,,,,,,,,,,,,,,
  ,,,,,,,,,,,,,,,,,,,,,,,,,,,,,,,,,,,,,,,,,,,,,,,,,,,,,,,,,,,,,,,,,,,,,,,,,,,,,,,,,,,,,,,,,,,
  ,,,,,,,,,,,,,,,,,,,,,,,,,,,,,,,,,,,,,,,,,,,,,,,,,,,,,,,,,,,,,,,,,,,,,,,,,,,,,,,,,,,,,,,,,,,
  ,,,,,,,,,,,,,,,,,,,,,,,,,,,,,,,,,,,,,,,,,,,,,,,,,,,,,,,,,,,,,,,,,,,,,,,,,,,,,,,,,,,,,,,,,,,
  ,,,,,,,,,,,,,,,,,,,,,,,,,,,,,,,,,,,,,,,,,,,,,,,,,,,,,,,,,,,,,,,,,,,,,,,,,,,,,,,,,,,,,,,,,,,
  ,,,,,,,,,,,,,,,,,,,,,,,,,,,,,,,,,,,,,,,,,,,,,,,,,,,,,,,,,,,,,,,,,,,,,,,,,,,,,,,,,,,,,,,,,,,
  ,,,,,,,,,,,,,,,,,,,,,,,,,,,,,,,,,,,,,,,,,,,,,,,,,,,,,,,,,,,,,,,,,,,,,,,,,,,,,,,,,,,,,,,,,,,
  ,,,,,,,,,,,,,,,,,,,,,,,,,,,,,,,,,,,,,,,,,,,,,,,,,,,,,,,,,,,,,,,,,,,,,,,,,,,,,,,,,,,,,,,,,,,
  ,,,,,,,,,,,,,,,,,,,,,,,,,,,,,,,,,,,,,,,,,,,,,,,,,,,,,,,,,,,,,,,,,,,,,,,,,,,,,,,,,,,,,,,,,,,
  ,,,,,,,,,,,,,,,,,,,,,,,,,,,,,,,,,,,,,,,,,,,,,,,,,,,,,,,,,,,,,,,,,,,,,,,,,,,,,,,,,,,,,,,,,,,
  ,,,,,,,,,,,,,,,,,,,,,,,,,,,,,,,,,,,,,,,,,,,,,,,,,,,,,,,,,,,,,,,,,,,,,,,,,,,,,,,,,,,,,,,,,,,
  ,,,,,,,,,,,,,,,,,, [ 2423304811 ] ]);
