BRENTFACTORS[804]:=MakeImmutable([ ,,,,,,,,,,,,,,,, [ 16038687652723 ],, 
  [ 3943425513263515717 ],,, [ 153136543319 ], [ 1710766401931, 47092305912419252929 ], 
  [ 38263496449 ],,,,, [ 613772018303553854553522166323282931 ],, 
  [ 5184884512411, 25268498297983, 80334892706111, 117144064100426969 ], 
  [ 1949407506377377 ], [ 57535766886841 ], [ 104282110567, 87884730448191877 ],, 
  [ 34659751117795093 ],,, [ 224561014553350159231 ],,,,,, [ 16602883311220895164321 ], 
  [ 41431457668607 ],, [ 8924936615956897 ], 
  [ 649053607108790496430378593777717075760952495856209 ],, 
  [ 579736349465281, 2788955439020203, 79141250857488417094303 ], 
  [ 74076765361, 12199142679778393 ], [ 64948597561213, 6161194903973928834391549541 ], 
  [ 9309952779796369 ], [ 40001507921, 414058625836265465578379219974452476095050588241 ],, 
  [ 9531651037, 118297309213765347424328985361041913 ],, 
  [ 20585835461669, 1243413546580882369141955611968251012781742788953203448297921 ],, 
  [ 46607750281, 91867176288743, 176841164687366560476989473, 
      43481993107508689397964425461049404962610969869439 ], 
  [ 339079332093330009168192408989 ], [ 10749346021, 990423057774772870786441 ],, 
  [ 669113508181 ],, [ 2311099548401843761, 486562921604865390051817 ], 
  [ 947797354777605413669655737 ],, [ 1373709324931290399571 ],, [ 9261024233113 ], 
  [ 13460215871488402573, 10435894910348979504847649, 307465996048061694144421336178460775393
        , 3076681098754452974555128967136848321730713680250327 ], 
  [ 296319177931063871183467045201, 39560826136711533530478283102391 ], 
  [ 8994639151, 61273009121851, 1539316899159725808186993301, 173271364484249654764290277501 
     ], [ 232475744729, 32726581982530051035769 ], 
  [ 42949609580417, 1107077911281611809, 
      2195600531739695275580667298059575650682975896052414197149405857867 ],, 
  [ 29200049430306719, 8709137923166089596790943, 711609905236223127784716551603491 ], 
  [ 498423890655572727121 ], [ 31644900754284858280650736040096522970013 ],, 
  [ 11648585804779152196967, 365247049288431663316773177551, 
      207010775828562054386478171476810959849375067 ],, [ 10053843691 ], 
  [ 159060044659, 2029095926496645584833, 6508885443964795571759 ], 
  [ 2009283305709826004684383 ], [ 29339453699156450207249 ], 
  [ 27550789627, 28974866884651399728491 ],,, 
  [ 17373778591135683593, 471207308782563375881111977 ], 
  [ 266695672533250507385281904344399 ], [ 268888975603338309225056145829 ], 
  [ 15877768168409153731, 1803044227086049460791 ], [ 13479541921, 2122083585313 ], 
  [ 116447697707587014911, 5014596397726936699344467719067077973 ], 
  [ 3407343603059663, 5315430343126465509080211107 ], 
  [ 512083630138515410449, 43287898920674483386927626543112188195175797507673639 ], 
  [ 17086661536151065801006501 ], [ 903391443914933 ], 
  [ 34602006823, 24463731606318202958391217 ],, 
  [ 37076954513, 3077241557833, 223911868313830602465772369 ], 
  [ 178165427820003123726773727866162505841, 
      7678408490534245682637353355102420876507814014691 ], 
  [ 49211055017, 913981823481112717, 2253856027910590768482930157, 
      15866500775007871059772628105229127298479 ], [ 355600850379793 ], 
  [ 16366647201108168935160742079196779419947483455509 ], 
  [ 1996917055897241, 1786531884452650065300553 ], 
  [ 845951371541, 220997260686640949487231610346787822747294751 ],, 
  [ 11094771216257, 139288379159920771276082726273 ], 
  [ 272478727211, 198425446562404058661707759689 ], 
  [ 281296333231, 157315936660750945305383235643724521831 ], 
  [ 99952192863051171421, 19428099884118451028598083479166587601 ], [ 7589214107747801 ], 
  [ 10986316036489, 231584845834994165961861674779754509, 
      4129682317589787603439304464870671991 ], 
  [ 212768291594491818122230690226149626139, 
      5938724567397134500176706787394555338352526260463 ], 
  [ 2569868309, 748630615874297591, 2313722647051219135691 ], [ 3256549081 ],, 
  [ 627213220115961641 ], [ 1054545913, 272176975095083783779 ], 
  [ 229066816634483358572543058876514303177445646912303769669 ],, 
  [ 55815888619, 1664123792005984412176419781 ],, 
  [ 2611920257, 2814398849, 43905843703730389281400165004138881, 
      44038125717301199417843193519576006305228417 ], [ 9196122063487 ], 
  [ 10077202890156221, 308145475698266828221970073211 ],,, [ 20343410011, 47368013309 ], 
  [ 1121896487019065554288693 ], 
  [ 65397484081, 193375892592001592461, 31780721080153574208528113423020231 ], 
  [ 6128321977, 636832655699106344644181165587793 ], [ 776293231408833807983413665899 ], 
  [ 100038598201951, 3961357524805669 ], [ 73880667516433991 ], 
  [ 11714833586353674281, 49936867850800718695564428328476781, 
      34522362041757832472865386255147249761 ], 
  [ 19321401457, 11745063333193, 19025960501274552485064234859 ], 
  [ 9076923859, 14755824590931899, 29406955699700287, 803070101482486573, 
      24852477582085601963 ], [ 410039066702981, 6198116718928993 ], [ 15047300141045281 ], 
  [ 1601817031, 23497389065441 ],, [ 9419574193, 959287153218274819 ],,, 
  [ 27045581214451, 55903870746601, 22891906563262951 ], [ 12619345727 ], 
  [ 87468560057, 1850467070833, 2542855631673953, 67744122898358566556627773481, 
      3262579722399395109098112616937, 1008200667917780304062597330992197928657 ], 
  [ 12288465199, 22618514031222714838543, 4154852277398657925241692820309 ], 
  [ 744828897583, 996876514900205171, 115357671097057711751969, 
      474591786489915173528084258239, 185619506178739846507494701456545864866901 ], 
  [ 90982307874131, 10292823918474489438521, 94120848894771756778125061 ], 
  [ 6956111408910487735027320049 ], [ 219069393593 ], 
  [ 6493384619, 98444870243, 3163430164043, 515193055661000884627 ], [ 6453673579 ], 
  [ 5540817583770060751239345281, 64625317585955737170988043816691561460961 ],, 
  [ 3259465594552693 ],,, [ 8492941636520326465918021 ], [ 428475606931 ], 
  [ 26781862084333705267 ],,, [ 14018083643093701, 94399509301878315001 ], 
  [ 16118654599, 25209545512303, 30132276376879693, 13866420425908715816109381994231, 
      10506440874448862709448968146695573 ], [ 642501754405321, 3081470905132637 ],, 
  [ 13421764589514189443178817271763740353224205342969993 ],, 
  [ 7863916573393, 707511425386413113372687666161, 1809699377869856852573579193386722682561 ]
    , [ 3995166820757705202481, 2396109212769122129535464228737 ], 
  [ 75202844128845927358962795702273969373, 56260646908976501889074982425404677484187 ], 
  [ 1124865295180845416437 ], 
  [ 67977367561, 30570098228254801, 1997107586025482881, 
      32580975972437592475995859571252918631361 ], [ 5236964113229 ], 
  [ 329487706743437232172547 ],, 
  [ 9648259616365871190090601, 9936606968148313660945081, 134343789358529699987206005169 ], 
  [ 540946162612574981071, 3769797000868273245176178603751, 23732760505251474229162310149291 
     ], [ 40633538021190217, 6254835154090236014059851392632207 ],, 
  [ 212535529814790698043665021, 6743433443017550634858883615257629801 ], 
  [ 19428613575413449335139 ], 
  [ 718210856981, 633459083563121, 8610102985733505291551010423809431 ], 
  [ 5594113082603600274524191, 8296108226836673782047647401, 4505846615025840264393039766007 
     ], [ 99196241464775311312167893745601, 7180788123016379955638088260809279149697, 
      6214327171653606956828594772398950694418049 ], [ 25490931253, 15464333980994594961631 ]
    , [ 161936334354091189486402257081973 ], [ 3625962211 ], 
  [ 6572755200664947253, 679422634373258559514249, 3381371336891272305665439769, 
      1727118674901972428220757550141 ], [ 6130986276512540141 ], 
  [ 37106215183966303, 2073254948509641429593686557509028057247987501 ], 
  [ 150571053541, 9004474446691 ],, [ 79422126025847677, 853878289311897027964099 ], 
  [ 8479799889790706233 ],, [ 473986669344556372183875190412258449 ], 
  [ 27075500302463601617353861 ], [ 59849169609979 ], 
  [ 16485756257850931, 4439019956358439981 ], [ 35528814257, 4462868140849 ], 
  [ 9957897025872565661 ], 
  [ 9015358048598073050396889421, 59787982946231399770459026451, 
      5242025056800192948686326934371 ], [ 4386149419 ], 
  [ 39863239027049, 140406495793231962958033 ],,, 
  [ 93939662775911, 1848429684388321, 414390597605835311 ], 
  [ 156135580759340995071313, 536956137933040456590457, 3406610542947907575524025961502641 ],
  [ 116019368557, 2440108315018584192846328067 ],,, 
  [ 47926915221206201709190201, 20878005682088073508729397316264069641 ], 
  [ 952767074926599910073279 ],, [ 4758324049 ], [ 119587094529067060481528573569 ], 
  [ 50312103377420753229173401 ], [ 258938665733395758499090781 ], [ 126033519776317 ], 
  [ 22840020613, 30205448437, 5780450499049, 164870257599470245003622919804061 ],, 
  [ 3720402056221 ], 
  [ 2771978553037, 95228117104891, 1995150606964160924026057, 
      4697799990476997222547555046566501 ], [ 52778368006592643951962337535193 ],, 
  [ 472721000002749603219145877059969 ], [ 50233896571 ], [ 12406641752873, 251715975325261 ]
   ,,, [ 1334569347924537829468813 ], [ 369996367135253142789361 ], [ 66898960933242731 ], 
  [ 3678190575790369, 877948749051161591, 62629207464006746443 ], 
  [ 244291309670398033, 3721316472946772128423, 375897634946315295670891 ],,,, 
  [ 1696897757866710519797, 9291007708097486910867589 ], 
  [ 58967673001, 42096882913198037839957073 ], [ 331286647965432715298791 ], 
  [ 699260453928427874446919359057001 ],, [ 99559594692937, 5374253211380811078301 ], 
  [ 4860849533 ], [ 15612661495723, 82763882309599 ], 
  [ 588102092539928287317991, 11616670896389228305299571, 65748082406458714795667994001 ], 
  [ 33280574209, 26531617415094358113376769, 61122837539901697269775873, 
      147569959531055456592534017, 1042394057343000723962400257 ], 
  [ 2378072401, 38554778659, 76195930541, 209949176272774031383, 
      7410954764907604329607979411 ], [ 169759536274319471203 ],, 
  [ 107118538643621441, 30506583822878805993521 ], [ 10179776136223 ],, [ 86650921919 ], 
  [ 476526435001, 6264889059001 ], [ 3892393370810295721, 40519286755070258197561 ], 
  [ 465587788778267, 823742487451483601, 948015659229033597250790056771 ], 
  [ 131597550115835903311 ],, [ 310666543567 ], [ 246981584086470901 ], 
  [ 133815843401, 640576042190954461373 ], [ 8499298278353 ],, 
  [ 11646509467, 12187528771149631 ], 
  [ 1183685858953360892251, 3000329991676196072365346453668651 ], 
  [ 11973704600233, 12109929246091289269 ], 
  [ 72439687354709, 41503595230821407, 1447135189675771006230697 ], 
  [ 1877424026115823, 4287856569448043610107321 ], 
  [ 7866354781, 18974446831, 1852042410640117 ], [ 2119844611342230722255041 ], 
  [ 681586263537353 ], [ 586553917686949 ],, [ 15289667957 ],, [ 1138169033, 138668798269 ], 
  [ 9644049849746929 ], [ 502504652737 ], [ 3024019248381655778124911057 ], [ 10913951351 ],
  , [ 115698452777, 318964754161709, 26582742172322455643537117571155237 ],,, 
  [ 46782551401, 32039839952611 ],,,, 
  [ 2379616613609, 378740339345057, 15421192266592402187, 2218327094818051270717, 
      25544712401675400009311 ], [ 2106804543301 ],, 
  [ 635977896955927, 4392646394826251687970164335424407 ],, 
  [ 1624359553, 14397242111809, 40389433875617 ], [ 4054180171 ],,, 
  [ 1398741653, 2236162237 ],,,, [ 8737206193 ], [ 4684672879 ], 
  [ 120535534193, 5330874692380967, 6062455550933279 ], [ 325699179602581 ], 
  [ 108986082773, 3367182288970894777, 110239616888956760493923522497 ], [ 92705709022273 ], 
  [ 397109620465837 ], [ 3106229660227 ], [ 57669572638903713601, 6262420594140577772663041 ]
    , [ 72124425728646654889 ],, [ 258017962901093 ], [ 158178180926637757512001 ],, 
  [ 16116005323553, 3628687982974627 ], [ 24546584617 ],,, 
  [ 75445112969399417749202895047731 ],,, [ 507838889431, 234917814379321 ], 
  [ 40852492903, 10596508402709, 238884276027170905301, 144998296314603723349049 ], 
  [ 292922635751742571 ], [ 1189181953, 3509666570614513, 724741656966315073 ],, 
  [ 1695569640823007 ], [ 18151082189564015059 ], [ 817109485030441 ],, [ 517242315348991 ],,
  , [ 222952141164541 ],, [ 6299982097 ],, [ 3895010778152321 ], 
  [ 97255739131951, 14614314597016751 ], 
  [ 4267074709, 76640625383479093, 2274945720489904879 ],,,, [ 64968936004991 ], 
  [ 97726317569, 204863868953801 ],, [ 115608406223 ], [ 6150708947 ], 
  [ 318069525601, 163252240359907735441 ],, [ 1135737561599, 731994411333873029 ], 
  [ 78592841779, 11345018937388093 ], [ 63116231497435481 ],, 
  [ 976130620009309, 3045614444526967907759603948527 ],, [ 86452335680549681 ],,,, 
  [ 24009362857 ], [ 1417915487, 472671086831 ], 
  [ 262839156169338739, 4115468929637941207251019, 18664775389924027847583937 ],, 
  [ 14533608841, 19928141668153 ],, [ 71781045967, 11760106504731839101 ],, 
  [ 192136338373902841 ], [ 55871488207 ], [ 64108857389 ],, [ 38911651201 ], 
  [ 388367578831, 10778352935470891 ],, [ 1300015326898774009 ],,,, 
  [ 1217663285633, 50721129420421 ],,,,, [ 67542404549797, 4809936747797281 ],,, 
  [ 5086616389 ], [ 15102086885370980499100001 ],, 
  [ 1489942249, 170748330144183085508045617 ],, [ 9066691038696517 ],, 
  [ 13816588031, 126911341575133963597 ], [ 2612972561 ], [ 1293055445214965137 ], 
  [ 87121446649 ],, [ 6684224580240271 ], [ 732987517393 ], [ 336101613783251 ], 
  [ 18827304492187 ],, [ 23215145369010401, 23620069203474433 ], 
  [ 6467721709, 119466008053635457 ], [ 7956772121, 47244440509418079381084210119 ], 
  [ 53270010817 ], [ 490790064228934780112175827440141 ],, [ 6628298588447 ],,,, 
  [ 1867687519, 3453844843 ],,, [ 3487552069, 18018397485222388773949 ], 
  [ 13203685351, 190758333761, 580753894129606898683308691 ], [ 3648176603557 ], 
  [ 26131669609573853094152379889 ], [ 12859971833, 107362299773 ], 
  [ 902317550787222529924049 ],, [ 3565890687577, 4696226031616564102896509 ],,, 
  [ 8082722804643750889 ], [ 289684681193546321, 453623218323279970521601 ], 
  [ 1447283503, 707505370489, 9389937404237419 ], [ 42586881221, 31833751604721041 ], 
  [ 9914353291 ], [ 3510097714009 ], [ 2368273091 ], [ 1306166318967915875728901 ], 
  [ 2761842034123 ], 
  [ 8780650817, 328998459028017626569793, 91766756475938877980123310445697 ],, 
  [ 99239460145201, 5858215180840501411821150601 ],,, [ 3580868059, 437214197012059 ],, 
  [ 2593427201 ], [ 1573088281 ], [ 1091510683 ], 
  [ 10384339070383468967758573, 1295139719160800657745559107581513 ], [ 20192057788537 ],, 
  [ 1810141245559 ], [ 1209166267, 5611174789081571557, 424505696696170290344754073 ],, 
  [ 1353232713276442849, 3210114990041464369 ],, 
  [ 37844182437983, 1067185565059145192714099, 1982426881983369631823733878659 ], 
  [ 20165597051 ], [ 111142825561 ], [ 88596946413529 ], [ 10099770285091 ], 
  [ 253688558017 ], [ 1403109580409 ],, [ 30634304791, 22732242971211945090103 ],,,, 
  [ 282529601059, 4518493317729979505729412787 ], [ 29298188041459 ], 
  [ 12707332359387361, 2649950012311078854287732641 ], [ 2316628757 ], 
  [ 850041764519971940803, 6502643939749639629447781 ],, 
  [ 934536238588702992906973, 2922609731061732870990311173 ],, [ 884642054041 ], 
  [ 2686895881 ], [ 21938470417, 11789818878686631658891252217 ], [ 6904581223 ], 
  [ 100187703029316655007658085481 ],, [ 1223642869, 5494240261, 4041462441525298224217 ],,, 
  [ 1716155101 ], [ 284950224843281 ],, 
  [ 9798585535861, 858220359952500463, 1068770205136986766411 ],,, [ 112782563738683 ],, 
  [ 1818821205207103 ], [ 8988657553, 351822024793, 88759167782217448418807689 ], 
  [ 1497847171, 3741393008131 ],,, [ 30306061817 ],, 
  [ 3922885422040801, 5038161467537131, 130544741184785311, 12304873493216414572921 ],, 
  [ 1396299796481, 940705584419721217 ],, [ 71225456479 ],, 
  [ 4666960453, 17604833783465301752942881955226673 ], [ 314241619583, 28638357445897 ], 
  [ 2625540499, 2620006747741028342327, 19137998661653943565579278607 ], [ 1973546287 ],, 
  [ 26696715316145579 ], [ 69242264353 ], [ 1435594207, 43847821325039617 ], 
  [ 343587472817, 195239256088033 ], [ 6080271964201, 104423192490751 ], 
  [ 141651133891904757534443 ], [ 328625905337 ], [ 14427498145094599489 ],, [ 20042706841 ],
  , [ 47796173876137, 627622709175668893 ],, [ 50629482511, 645984504657385483 ], 
  [ 21391821388661, 15141145026478951 ], 
  [ 1487390353, 111836698837943137, 367733634336002309199109144779593 ],,,, 
  [ 1666922884878241 ],, [ 2661939223764158729 ],, 
  [ 14474570849, 11835554814945503660233891457 ],,, [ 101493046079 ],, [ 4782143557 ], 
  [ 5301695933007101 ],, 
  [ 545675373337, 54907441890601, 10086922213167685297, 105029043804582695873788441 ], 
  [ 1708136263 ], [ 43240307240701039096189 ], [ 1537324471, 72268663244641 ],, 
  [ 451880082539 ], 
  [ 94987466593291, 915825208595968223208717751, 6483609905844219333483212269111 ],, 
  [ 587395880334326561, 21032068163148384161 ], [ 45491043343021 ], [ 624552890713 ],, 
  [ 258357169538881463276977, 12457716664713401874205381 ], [ 10279115048041211 ], 
  [ 7938240841200462442453, 34814523690904389743691828449 ],, 
  [ 1148846456534012079589873, 115511481027794553607716464161 ],, [ 138519756121 ],,, 
  [ 6353160611385439 ],,, 
  [ 2849193759625009921, 18907751223766608769, 9815026596211542092512324747393 ], 
  [ 64502471107, 107111399617 ],,, [ 11680124620841, 4292576412778210445662601 ],, 
  [ 9292171006831 ],, [ 2650240567193, 37711707148673 ],, [ 1661542643, 179434330333057 ], 
  [ 1092700501, 9890660023 ], [ 542997186473142764400157 ],,,, 
  [ 89978456081649476224346417449567153 ],, [ 88493227228327879, 19621749820028480298901 ], 
  [ 12662820941, 430679283161 ], [ 1135640054846392636013686849487321 ],, 
  [ 61122850751, 71970929715647, 120092844669177043 ],, [ 31710508201 ],,,, 
  [ 4697089584541, 6639875684639898361 ], [ 291409308191 ], [ 5104676149 ],, [ 106645852097 ]
   ,, [ 9492107129052187061 ], [ 2261479637 ], [ 154344145955253589 ],,, [ 1344220261 ], 
  [ 11802858761, 9898757852526313 ],,,,, [ 393657434353, 22359553621579 ],, [ 13919979319 ], 
  [ 26655328129 ],, [ 30681887844041719 ], [ 4649584963 ], [ 21367561841 ], [ 37190491763 ],
  , [ 1753106039, 313471906687 ],,,, [ 2425089131 ], [ 1107641701, 1974072114561484837 ],,,,
  , [ 1850164453, 182842506654611 ],,,,, [ 27939095201543, 51433217707283 ],, 
  [ 128422015170773113 ],, [ 16276698184501, 1133427231293501 ], 
  [ 13455291151, 20486680817003828617 ], [ 153304765016489 ], [ 106836710957 ], 
  [ 190177292419, 45456188902157029 ],,, [ 409865083811842069 ], [ 180682583750509 ],,,,, 
  [ 346195999657, 4712841334111 ],,,, [ 27563899063, 5239901700197 ], [ 22617155315921 ],,, 
  [ 11391237089431 ], [ 17322133480027489 ], [ 151703824455899 ],, 
  [ 48389228551, 2217263496751 ], [ 19519457413 ],, [ 341939961229, 24829348916149777 ],,,,, 
  [ 2045621216759 ],, [ 369075677851 ],,, [ 2094779833441 ], [ 97383224173 ], 
  [ 9741660121, 6023344443691 ],,, [ 18465320413 ],,, [ 21692132942497 ], [ 22371245167 ],,,,
  ,, [ 6034625586578429 ], [ 117067742959553 ],, [ 51187535953 ], [ 20017783073 ], 
  [ 2632080278778198181 ],, [ 972913913133541801 ], [ 1563195425257 ], [ 1578949290497 ],,,, 
  [ 952689910990229 ], [ 3968549113 ],,, [ 7554731761, 53931276765361 ], [ 30102241723 ],,, 
  [ 9340753333 ],,,, [ 173620209673 ],, [ 4738667563901 ], [ 16525176061 ], 
  [ 2017758733, 80521451218346701 ],,, [ 1759185626521, 35947490061841 ],, 
  [ 8600986068875443 ],, [ 108925908563 ], [ 2459870111261 ],,, [ 22198737311 ], 
  [ 4753451713, 27293299049884683913 ],,,, [ 262136994956717 ],, [ 179610294001 ],,,, 
  [ 191816703700597 ],, [ 213636467327977 ],,,,,, 
  [ 10311746713, 379396152307, 1960192840261801 ],, [ 54092405593 ],,,,,, [ 760819041399341 ]
   ,,, [ 283594662557, 3212362037492196943 ],,,,,,, [ 349587389246416621 ],, 
  [ 474725123251, 78244601085353 ],, [ 1590022561 ],,,, [ 9699826893697 ],,, 
  [ 180160495033, 7842081905057 ],, [ 1074529383354701 ],, [ 1412794501, 394054892941 ], 
  [ 4217714257, 35362407461 ],,,, [ 5212901204801 ],, [ 5872533523 ],, [ 776230266121 ], 
  [ 4299485681 ], [ 1008338167286711 ], [ 5303240851 ],,,, [ 1573167355943 ],,,, 
  [ 39093016981 ], [ 1292723614881217 ],,,, [ 24931047941 ], [ 2998563010459 ],,, 
  [ 16521223897, 184396432273 ],,, [ 254179884019, 975357075113873 ],,,,,,, 
  [ 44296950470237299 ], [ 3331048801, 81277981439881 ], [ 6616073069, 1529506076429 ], 
  [ 1124142222001159, 86488971600250927 ], [ 12438279809, 419177512171547 ], 
  [ 1187607857, 60285497611, 3133556730407 ],,,, [ 10952013217 ], [ 4200340709 ],, 
  [ 1121383999 ], [ 206017851271 ],, [ 2154590340691 ], [ 18362635001, 219126972301 ], 
  [ 60965171951 ], [ 32808537397 ], [ 5440998085489 ],,, [ 2637993089569 ],,,, 
  [ 15127068041, 28463462141 ],, [ 34677203189, 51126776773 ],, 
  [ 10525907233, 1246318663393 ], [ 11714321133161 ],, [ 95080746259 ], [ 1062257397969517 ],
  , [ 1084223345866960681 ],,,,,, [ 25698132769, 52469934061, 93402665173 ],,,, 
  [ 15111098641, 799280034961 ],,, [ 23859124459, 53661810217 ], [ 6856108209029 ], 
  [ 12397982045101 ],,,, [ 1335224222290183 ], [ 56200377881 ],,, [ 469443604319 ], 
  [ 1117897000969663 ], [ 1101943691, 2886829661, 1241192168341 ], [ 893842363009 ], 
  [ 12764336911 ], [ 1813447243 ], [ 420982774253 ],, [ 23570651947 ],, [ 40952592817039 ], 
  [ 23390387089, 3498524030141737 ],, [ 38049970561 ], [ 3183339623 ], [ 812450862940537 ], 
  [ 35941660021 ],,,,, [ 5733426031, 477890894927 ],,,,,, [ 47909928281 ], 
  [ 48325466809, 355633945321 ],,, [ 762913589593 ],,,, [ 1050428257, 10841985689153 ],, 
  [ 18396773583961, 529800838534651 ], [ 4242008401 ], [ 370876802834497, 1229399928109853 ],
  [ 19416481384087 ], [ 115623880309601 ],, [ 3578235337 ], [ 11932063709369 ],,,,,, 
  [ 162998221417 ], [ 858386120679233 ],,, [ 1084916437807 ],,,,,, [ 1158543041 ],, 
  [ 2212855331 ],, [ 111885788605009 ],,,,, [ 11773009505479 ],, 
  [ 1715721999221, 12721184674169, 13258122427813 ],,, [ 61668397520111 ], [ 25972948231121 ]
   ,,,, [ 885661737789061 ], [ 13246081432487 ], [ 388524184859, 321865820321207 ], 
  [ 88955004451 ], [ 289216660897, 23202979435954753 ],,, [ 8125145887 ], [ 1644825058661 ],,
  ,, [ 3900230617 ],,,, [ 24848789837 ], [ 22506517385941373 ], [ 4589502391 ],, 
  [ 29192916257 ],,, [ 2858567423581 ],, [ 54092294821, 552000144617 ],,,, [ 3732741013 ], 
  [ 2217248406523 ],, [ 1007220833, 753744956957 ], [ 17740729542031 ], [ 1299048732477497 ],
  ,,, [ 1964622993811, 1348006039907531 ],, [ 227392856989 ], [ 35690484007 ],, 
  [ 1766757721 ],,,,, [ 166298404021, 168272041801 ],,, [ 10179678631 ],,, [ 36722161081 ], 
  [ 4990745527 ],, [ 1506046459 ], [ 5355042101, 73822520501 ],, [ 5603020153009 ],,,, 
  [ 3811583861 ], [ 1205636941, 6940406639 ], [ 23789934290959 ],, [ 14440389368037361 ],,,,,
  ,,,,, [ 40181443051 ],, [ 2074109183377129 ], [ 2541503953 ],,, [ 25132496929 ],,, 
  [ 12851831263 ],, [ 1307705843 ], [ 108247222188559 ], [ 78657378077 ],,,,, [ 4369460341 ],
  ,,,,,,,,,,, [ 16273955126521, 41991171062761 ],,,,,,,, [ 26366525966017 ],, 
  [ 17769616152601, 261424448006251 ],,,, [ 180244248803 ],,,, [ 477567937747 ],,,,,, 
  [ 26449088565937, 1848458395621105201 ],,, [ 1100114461 ], [ 317827472093 ], 
  [ 2405529683 ],,,,,,, [ 4360526713, 549221622121, 78253057174812517 ],,,, [ 34592501441 ],
  , [ 24351161628421 ],,,,,,,, [ 51696058121 ], [ 1605577887577 ], [ 173960752033 ],, 
  [ 393495780763 ],,,, [ 15617418106890451 ], [ 8909239777 ],,, [ 98561908423141 ],, 
  [ 62132001361 ],,,,,, [ 823095087851 ],,,,,,,, [ 26247049963291, 2079788562711226303 ],, 
  [ 1746353960321 ],,,,,,,, [ 1037443215409 ],, [ 107549715860320501 ],,,,,, 
  [ 17103662857, 76632832249 ],, [ 17450438434661 ],,,,,,,, [ 1183708649, 247773178141 ],,,, 
  [ 12360571651 ], [ 1093183171 ],,,,,, [ 3323468107 ], [ 228332671033 ],,,, 
  [ 231870810627151 ],,,, [ 28851827899537 ], [ 10385324923 ], [ 624816474649 ],, 
  [ 1055946093828121, 443691730624181821 ],,, [ 34001918381 ],,, [ 2857947277024129 ],,,,,,,
  , [ 1114909777, 14986439353 ],,,, [ 23137352163252133 ],,, [ 1005025331 ], 
  [ 2091270721, 2564109052505617 ], [ 5835051667 ],,, [ 24598103751841 ],, [ 2742160097 ],, 
  [ 44425394368373881 ],,,, [ 2304550662629, 2336652225689 ],,,, [ 185367292261633 ],,, 
  [ 15039419419 ],,,,, [ 22008933217 ],,,,, [ 10553291347 ],,,,,,,,, [ 152148536195081 ],, 
  [ 3981072711082777 ], [ 578504075329 ], [ 135308304041 ], [ 2840169601 ],,,, 
  [ 10167259579 ],, [ 70445069689 ], [ 72838145333 ],,,,,, [ 10008436201, 4118338660076369 ],
  [ 1670484707 ],,,,, [ 8363979439339 ], [ 586036044371 ],, [ 29216115647 ],,, 
  [ 1471858117601 ],,,,, [ 1882642591 ], [ 91482452186029 ],,,, [ 13031496430691 ],,,, 
  [ 132573394117 ],,,,,, [ 220923720181561 ],,,,,, [ 2335914751, 365855925397 ],, 
  [ 4872100001 ], [ 1198056289, 29495778157 ],,,,,,, [ 22506540569, 24331505881 ],, 
  [ 1084307173 ],,,,, [ 3188324977 ],,,,,,,,,,, [ 22607674363 ],,, [ 2975168221 ], 
  [ 29194372706765393 ],,,, [ 3217367066401 ],, [ 26732678633 ],,, [ 2096726473 ], 
  [ 23184767364423913 ], [ 1084762377109 ],, [ 1848294457 ], [ 31939577303369 ],,,,,, 
  [ 1402430563 ],,, [ 150543185576761 ],,, [ 26808128441 ],,,, [ 27569180057141 ], 
  [ 2785531159 ], [ 4850237118581 ],, [ 815523539710513 ],,,,,,,,,, [ 16186908334362803 ],, 
  [ 43931164213 ],, [ 40005259951118663 ], [ 1049723308443307 ],, [ 8142313729181 ],,,,,,,,, 
  [ 5424711294619 ],, [ 434223773801, 56544229611361, 4528149180432781 ], [ 4316671171 ], 
  [ 1069956883, 7416261829 ],, [ 62782561705249, 5005337987115937 ],,,,, [ 157046802769 ], 
  [ 11062817846081 ],,,,,, [ 9697409008241 ],,,,,,,,, [ 14456054551 ], [ 31080868191979 ],, 
  [ 589007495137, 4783562989700657 ],, [ 1308862161915901 ],, [ 171395439834301 ],, 
  [ 1157522131, 3013252153 ],, [ 20599083233 ],,,, [ 117636163901 ],, [ 737632548846517 ], 
  [ 11485024013 ], [ 545551867153 ],, [ 9553977709 ],,,,,,,, [ 9471354260677 ],,,, 
  [ 216566142435641 ],,,,,,,,,,,,,,,,, [ 1145762021 ],,, [ 819512539259 ],,, [ 36828938269 ],
  [ 2186495947, 404911728421 ], [ 3132997489 ],, [ 741379579081 ], [ 4762511852809 ],,,,, 
  [ 6268897241 ],,,,, [ 2962972692101 ],,,, [ 8128739060401 ], [ 2041839570889 ], 
  [ 4580042214672247 ],,,,,, [ 48099462769 ],,,, [ 32723391386504233193 ],, [ 984511189117 ],
  ,,, [ 6143127980867 ], [ 2184213439 ], [ 2294007101 ],, [ 2664968790577 ],, 
  [ 835785433903513 ],,,, [ 122276165509 ], [ 1478254073, 106427564329 ],,, 
  [ 2803514177, 7431529730321 ],, [ 30469035401953 ],,,,,, [ 3239701921 ],, 
  [ 1252602517013, 1985546149973, 14447931891229 ],, [ 2001979433 ],,,,,,,,,, 
  [ 1109792168984861 ], [ 8389958851 ], [ 1281699337, 2909744290049 ],, [ 7519223653 ],,,,,,
  , [ 2233838771 ],, [ 1332105583 ],,,,,,,,,,,,, [ 67044049601, 6102024471836801 ],, 
  [ 17703142903, 5111223785302627711 ],,,,,,, [ 22646584897 ], [ 23477021611 ],,,,,,,,,, 
  [ 8401925881, 111345452821 ],, [ 280984024943 ],, [ 54239501387870849 ], [ 2753361001 ], 
  [ 22892275141, 25852895941 ],, [ 1966072109 ],,,,,, [ 2412876360047, 223596106282319 ],,,, 
  [ 1222458466321 ], [ 4803620537 ], [ 27321294641 ],,, [ 1197523553 ],,, 
  [ 23782102613, 4836698292012329 ],, [ 6798222481, 7800991620161, 60415430347777 ],, 
  [ 2199306547351 ],, [ 4372924949 ],,, [ 2971909981, 154204711061 ], [ 301605667057 ],, 
  [ 1967319797 ],, [ 13034001820927601 ],,,, [ 158185921921 ], [ 131851379971 ], 
  [ 7097208230701 ],, [ 6115439292349, 19308382168249, 1349983709788897 ],, [ 27172144151 ], 
  [ 1213811059 ], [ 3097644548105273 ],,,,,,, [ 11811445991 ], 
  [ 48852909841, 95265964081, 4635954064561, 1352679169679911921 ],,, [ 4867683679 ], 
  [ 20068758461, 57940882801 ], [ 389700616051 ], [ 490864461097 ],, [ 3955635569 ],, 
  [ 3578808221, 77321065901, 564018789273161 ],, [ 2613133741352684622229 ],,,,,, 
  [ 19499413098307 ],,,,,, [ 5008025776153 ],,, [ 52526564719 ],,,,, [ 377405642353 ], 
  [ 50462136421 ],,,,, [ 8777122843 ],,,, [ 2321816232037, 166994175586687 ],, 
  [ 7367431249 ],, [ 5980503701 ], [ 4479838001 ], [ 22603440961, 2209363078836673 ],,,, 
  [ 109232239717, 1294944539321 ],, [ 28300256797, 360825639549283 ],, [ 170485303334249 ],,,
  ,,,, [ 8200888207 ],,,,,,,,, [ 3423023516593, 20590860575353 ],, 
  [ 1581052093, 2881084036981420937 ],, [ 240551156281 ],,, [ 98560048777 ], 
  [ 1629741546401 ],,,,,, [ 26257633156637 ],,,,,,,,,,,, [ 3302386081, 66613508264717 ],,,, 
  [ 138612700711 ],, [ 16415398642193 ],, [ 184931527169 ],,,,,,,, [ 9362456299327 ],, 
  [ 27098574229 ],, [ 538938284389 ],,, [ 202235615537 ],,,,,,,, [ 1465557733 ],,,, 
  [ 8621812151 ],, [ 486578986741 ],,,,, [ 78532090061881 ],, [ 3974574287699321 ],, 
  [ 14513630017 ], [ 2212878346001 ],,,,, [ 4673814811951 ],,,, 
  [ 243875618141, 157843430947483 ],, [ 5065516657 ],,,,,, [ 118158669007 ],, 
  [ 24105459259282397 ],,,, [ 91315914545857, 95815997838793, 387788863524217 ],,,,, 
  [ 112327158947 ], [ 86504229492841 ],, [ 6036199165116481 ],, [ 39393224714603 ],,,, 
  [ 1136330189, 749460208229746217 ],, [ 4531046617 ],, [ 1049531701, 405290602616377 ],,,, 
  [ 13427136287951 ],, [ 666113878209313 ],, [ 1492907802781753 ],, [ 28497852629 ], 
  [ 3515106703 ], [ 5533324177, 3525328163389 ],,,, [ 1812518443, 2563483493, 447844039849 ],
  ,,,,, [ 8848125217 ],, [ 241859298871, 10835739090541 ], [ 3567375283 ],,,,, 
  [ 3521264473 ],, [ 5258635511117 ],, [ 5453374301 ],, [ 219026641627 ],,,,,,,, 
  [ 600271503341 ],, [ 1343333654057 ], [ 17317057553 ],,,,,,, [ 482764289517532801 ],, 
  [ 25149781309, 2169824059698091 ], [ 1488113551 ],, [ 1330918026901 ], 
  [ 7385094306721, 3464925531786361 ],,,, [ 4604180981, 12886937416781 ],,,, [ 1205220451 ], 
  [ 1157362201, 2884972771 ],,,,, [ 276947503773361 ],,, [ 1860796752889 ],,,,,,,,,,,,,,, 
  [ 17190259043 ],, [ 1180263001 ],,,, [ 461306201252753 ],,,, [ 289047825361 ],,, 
  [ 259781640923179 ],,, [ 27397112357119, 99941649950047039 ],,,,,, [ 4684414757221 ], 
  [ 5284178831 ],,,,, [ 28630219693 ],, [ 3494629657 ],, [ 4118682887071 ],,,,,,,, 
  [ 2818988191, 24307675993 ],, [ 2934304001 ],,,, [ 25572705648649 ],,,,,,,,, 
  [ 1454557567 ],, [ 91985596301 ],,,,,,,,,,,,,,,,, [ 42348277804673 ],, [ 1018716697 ],, 
  [ 1984483093 ],,,,,,, [ 21648118321 ], [ 8427234173 ],,,,, [ 26442824467, 765585979063 ],,,
  ,,,,,,,,, [ 33783330799 ],,,,,, [ 44609572333 ],, [ 4444812011 ],,,,, [ 4003840409 ],,,,,,
  , [ 6313587521 ],,,,,,,,,, [ 2116464199 ],,,,, [ 1613857121 ], [ 10209408067 ],,, 
  [ 904669541882401 ],,,,,,,,,,,, [ 621573057601 ], [ 3329057646263 ],,,,, [ 2419067347 ], 
  [ 4004643007 ],,,,,,,,, [ 1093517489 ],,,,,,,,,, [ 95604390121 ],,,,, [ 18951247619 ], 
  [ 1070869906177 ],,,,, [ 1406580673 ],,, [ 1044156857 ],,, [ 1126146971 ],,,,,,, 
  [ 1854756019 ],, [ 24301784921 ],, [ 174924773761 ], [ 1936461539 ],, 
  [ 1312774237, 6483514069 ],, [ 9801843559 ],,, [ 3481754483 ],,,,,,,,,,,,, [ 64651975903 ],
  , [ 1850347121741581 ],, [ 7241830027951 ],, [ 578306635189, 709625543787883 ],,,,, 
  [ 1253556767 ],,,,,,,, [ 8094403003 ],,,, [ 108335373511 ],,,,,, [ 24323536201 ],,, 
  [ 34284002677 ],,,, [ 389292493591 ],,,,,,, [ 1611823931 ],,, [ 315192759573847 ],, 
  [ 1823107381 ], [ 110737829606249 ],,,,, [ 1505163169 ],,,,,,,,,,,,,,, [ 17182803697 ], 
  [ 89601803099 ],,,,, [ 3047809753 ],,,,,,,,,,,, [ 1858242947269 ], [ 773932199951 ],,,, 
  [ 1747076843 ],,,,,,,,, [ 16129965281 ],,,,,,,,,,,, [ 1830576901 ],,,,,,,,,,,,, 
  [ 1323466219 ],,,,,,,,,,,, [ 2801959801 ],,,,,,,,,,,,,,,,,, [ 2344677589 ],,,,,,,,,,, 
  [ 62276929661 ], [ 734390053051 ],,, [ 30902886901 ],,,,,,, [ 2853154324021 ],, 
  [ 3359686663, 7156530757333 ],,,,, [ 1367429537 ],,,, [ 14723268913 ],,,,,,,, 
  [ 1456426129 ], [ 3640950541 ],,,,,,,,,, [ 5020215265181 ],,,,,,,,, [ 397530300889 ], 
  [ 6303226021 ],,, [ 12144888855961 ],, [ 4866457571 ],,,,, [ 56831591251, 72308944681 ],,,,
  ,,, [ 13408254973 ],,,,,, [ 10753573153 ], [ 3497162467 ],,,,,,,,,,,,,,,, [ 15933522211 ],,
  ,,,,, [ 12385687531429 ],,, [ 9713138761 ],,,,,, [ 11301128569 ],,, [ 1608780097 ],,,,,,,, 
  [ 57645838609 ],,,, [ 6717246869 ],,,,, [ 41073413707129 ],,,,,,,,,,,,,,,,,, 
  [ 7454162143 ],,,,, [ 2070657761 ],,,,, [ 1593842251 ],,,,,,,,,,, [ 10056085201 ],,,,,,, 
  [ 4290264791 ],,,,,,,,,,, [ 1210867111 ],,,, [ 9240668233 ],,,,,, [ 2886697997 ],, 
  [ 20163380401 ],,,, [ 1637762717 ],,,,,,,,,,,,,,, [ 10532750999 ],,,,,,,,, [ 47053679203 ],
  ,,,,,, [ 4029730651 ],,,,,,, [ 3445872233473 ],,,,,,,,,,,,,,,,,,,,,,, 
  [ 50172310396321, 5589957200479891 ],,,,,,,,,,,,,,,,,,,, [ 4406336591 ],,,,,,,,,,,,, 
  [ 6571846121 ],,,,,,, [ 158682786841 ],,,,,, [ 342194291287 ], [ 100791116999 ],,,,,,,,,,,,
  ,,,,,,,,,,,, [ 5488443473 ],, [ 3148416769 ],,,,,,, [ 1923922771 ],,,,,,,,,,, 
  [ 7076165647 ],,,,,,,,, [ 3024379681 ],,,,, [ 23183008979521 ],,,,,,, [ 1014945769 ],,,,,,,
  ,,,,,,,,,,,,,,,,,, [ 1686241217 ],,,, [ 18255132169 ],,,,,,,,,,,,,,,,,,,,,, [ 7911388417 ],
  ,,,,,,,, [ 1961145013 ],,,,,,,,,,,,,,,,,,,,,,,,,,,,,,,,,, [ 140246325311 ],,,,,,, 
  [ 2101407617 ],,,,,,,,,,,,, [ 11391705433, 2320834292731 ],,,,,,,, [ 36006459721 ],,,,,,,,,
  ,,,,,,,,,,,,,,,,,,,,,,,,,,, [ 110167919791 ],,,,,,,,,, [ 7986534931 ],,, [ 299308167019 ],
  , [ 98545845401 ],,,,, [ 2121434351 ], [ 50105839013 ],,,,,,,, [ 2680174813 ],,,,,,,,,, 
  [ 194795046653 ],, [ 9072229783 ],,,, [ 4757868781 ],,,, [ 94085414357239 ],,,,,,,, 
  [ 9573929951 ],, [ 24666259841 ],,,,,, [ 180392806801 ],,,, [ 1452257297 ], 
  [ 1588838491, 193963871461 ],,, [ 17231003719 ],,,,,,, [ 4980873851 ],,, [ 2363379817 ],,,,
  ,,,,,,,,,, [ 4767863143 ],,,, [ 3071787781 ],, [ 6411982955437 ],,,,,,,,, [ 9715296979 ],,,
  ,,,,,,,,, [ 55507624801 ],,,,,,,,,,,,,,,,,,, [ 1081952849 ],,,,,,,,,,,,,,,,,, 
  [ 1309579911307 ],,,,, [ 3612719611 ],,,, [ 38551906511 ],,,,,,,,,,, [ 95166239323 ],,,,,, 
  [ 100580653057 ],,,, [ 1792578989 ],,,, [ 7706307841 ],,,,,,,,,,,,,,,,,,,, [ 8955695401 ],,
  ,,,,,, [ 146263309837 ],,, [ 9973554901 ],,,,,, [ 16340030911 ],,, [ 2506760881 ],,,,,,,,,,
  ,,,, [ 1247645401 ],,,,,,,,,,,,,,,,,,,,,,,,,,,,,, [ 39354363553 ],,,, [ 9500581729 ],,,,,,,
  , [ 29485517129 ],,,,,, [ 78678370651 ],, [ 98118739409 ],,,, [ 1744502293 ], 
  [ 27756456429733 ],,,,,,,,,,,,,,,,,, [ 1013745529 ],,, [ 6983910331 ],,, [ 5263954291 ],,, 
  [ 137678426497 ],,,,,,,,,,,,,,,,,,,,,,,,,,,,,,,, [ 1598503201 ],,,, [ 281907977641 ],,,,,, 
  [ 7654058497 ],,,, [ 51804891937 ],,,,, [ 4808710369 ],,,,,,, [ 5185534723 ],,,,, 
  [ 29873237689 ],,,,,,,,, [ 14763646081 ],, [ 11380471901 ],,,,,,,,,,,,,,,,,,,,,,,,,,,,,,,, 
  [ 1010081825413 ],,,,, [ 245306716663 ],,,,,,,,,,,,,,,,,,,,,,, [ 9481920972851 ], 
  [ 4624312981 ], [ 8105518129, 365322345761 ],,,, [ 64141331861 ],,,,,,,, [ 754574463437 ],,
  ,,,,,,,,,,,,,,,,,,,,,,,,,, [ 149065680284929 ], [ 29251738387 ],,,,,,,,,,,,, 
  [ 3282689177 ],, [ 15598685658001 ],,, [ 1470413881 ],,,,,,,,, [ 3159525961 ],,,, 
  [ 705075359809 ],, [ 1143705007 ],,,,,,,,,,,,,,,,,,,,,,,,,, [ 5997870713 ],, 
  [ 1291540963549 ],,,,,,,,,,,,,,,,, [ 1025951239, 8216388535057 ],,,,,, [ 16880661151 ],,,,,
  ,,,,,,,,,,,,,,,,,,,,,,,, [ 97315256657 ],,,,,,,, [ 49975218959 ],,,,,,,,,,,,,,,,, 
  [ 2568774253 ], [ 511342290737 ],, [ 61789215811 ],,,,,,,,,,,,,,,,,,,,,,,,,,,,,, 
  [ 4490864533 ],,,,,,,,,,,,,,,, [ 81929402641 ],, [ 3158621929 ],,,,,, [ 5338728721 ],,, 
  [ 5651702533 ],,,,,,,,, [ 276788862001 ],,,,,,,,,,,, [ 3960955321 ],,, [ 4983414871 ],,, 
  [ 12163542337 ],,,,,,,,,,,, [ 81500571241 ],,,,,,,,,,,,,,,,,,,,,,,,,,,,,,,,,,,,,,,,,, 
  [ 7991090857 ],,,,,,,,,, [ 38392085131 ],,,,,,,,,,,,,,,,,, [ 1007014201 ],,,,,,,,,, 
  [ 4544401261 ],,,,,, [ 7821570577 ],,,,,, [ 19007211841 ],,,,,,,, [ 5104072321 ],,,, 
  [ 271904271533 ],, [ 3284100913 ],,,,,,,,,,,,,,,,,, [ 1569064387837 ],,,, [ 28169663603 ],,
  ,,,,,,,,,,,,,, [ 1712564248141 ],,,,,,,,,,,,,,,,,,,, [ 10035338671 ], [ 2918005861 ], 
  [ 5291499191317 ],,,,,,,,,, [ 82676181347 ],,,,,, [ 18342688337 ],,,,,,, 
  [ 1059657931, 5212828069, 69419582257 ],,,,,,,,,,, [ 9124737541 ],,,,,,,, [ 1314787499 ],,,
  ,,, [ 33742874173 ],,,,,,,,,,, [ 6872855911 ],,,,,,, [ 30545496467 ],,,,,, [ 1914106877 ],
  , [ 1891284481 ],,,,,,,,,,,, [ 1727831617 ],,,,,,,,,,,,,,,,,, [ 3164112901 ],, 
  [ 2200704589 ],,,,,,,, [ 218090130571 ],, [ 1460052289 ],,,,,,,,,,,, [ 2562458329 ],, 
  [ 13702427051 ], [ 1295320951 ],,, [ 75013851421 ],, [ 1584167413, 7579673149 ],,,,,,,, 
  [ 3688631941 ],,,,,,,, [ 7393494613 ],,,,,,,,,,,,,,,,,,,,,,,,,,,, [ 277712029841 ],,,,,,,,,
  ,,, [ 5267773129 ],,,,,,,,,,,, [ 65611312001 ],,,,, [ 330758211601 ],,,,,, 
  [ 1369286900143 ],,,,,,,,, [ 12669866161 ],,,, [ 389566518361 ],,,, [ 1321867716749 ],, 
  [ 1931804681 ],,,, [ 2808886303 ],,,,,, [ 5745336521 ],,,,,,,, [ 6067158593 ],,,,,,,, 
  [ 18608179436809 ],,,,,,,,,,,,,,,,,, [ 4347215819017 ],,,,,,,,,, [ 46965885649 ],,,,,, 
  [ 2575219421 ],,,,,,,,,,,,,,,,,,,, [ 15175628371 ],,,,,,,,,,,,,,,, 
  [ 4613169199, 20322398449 ],,,,,,,,,,, [ 4837642321 ],,,,,,,,,,,,, 
  [ 2973711551, 68053313324951 ],,,,,,,, [ 84012815987101 ],, [ 8647525121 ],,,,,,,,,,,,,,,,,
  ,,,,,,, [ 151952327953 ],,,,,,,,,,,,,, [ 208978832861 ],,,,,,,,,,,,,,,,,,,,,,, 
  [ 1903088503 ], [ 6175004317 ],,,,,,,,,,,, [ 2013267001 ],,,,,,,,,,,, [ 20723375773 ],,,,,,
  ,,,,,,,,,,, [ 6025477669 ],,, [ 3868519717 ],,,,,,,, [ 12423287089 ],,,, [ 3271018693 ],,,,
  ,,,,,,,,,,,,,, [ 2983056481 ],,,,,, [ 75715927039 ],,,, [ 43842456179 ],,,, 
  [ 59292131251 ],,,, [ 1934108563 ],,,, [ 26206848781 ],,,,,, [ 9978040781 ],,,,,, 
  [ 8944264501 ],,,, [ 124653697543 ],,,,,,,, [ 4398697837 ],,,,,,,, 
  [ 4530033451, 28344265051 ],,,,,,,,,, [ 71304748001 ],,,, [ 4478301889 ],,,,,, 
  [ 3177877111 ],,,, [ 4421007379 ],,,,,, [ 3928071601 ],,,,,,,, [ 1220245757 ],,,,,,,,,, 
  [ 142087910017 ],,,,,, [ 6966436573 ],,,,,,,, [ 45046855313 ],,,,,,,,,,,, [ 926304083377 ],
  ,,, [ 106807971080089 ],,,,,, [ 37151940619 ],,,,,,,,,,,,,, [ 3948298337 ],,,,,,,,,,,,,,,,,
  , [ 12999820373 ],,,,,,,,,,,,,,,, [ 3626332417 ],,,,,,,, [ 10640936311 ],, [ 3447996313 ],,
  ,, [ 3006484193 ],,,,,, [ 14466141541 ],,,, [ 1988835381927391 ],, [ 134063750101 ],,,, 
  [ 35866113601 ],,, [ 1429481805991 ],,,,,,,,, [ 6735914797 ],,,,,,,,,,,,,, [ 15384949963 ],
  ,,,,,,,,, [ 3468632257 ],,,, [ 6205723393 ],,,,,,,, [ 8679016081 ],,,,,,,, 
  [ 821216865042593 ],,,,,,,, [ 10515638849 ],,,,,,,,,,,,,,,,,,,,,,,,,,,,,,,, [ 1220456449 ],
  ,,,,,,,,, [ 23775782237 ],, [ 2154650462581 ],, [ 2770080151 ],,,,,,,,,,,,,,,,,,,,,, 
  [ 2838617137 ],, [ 4420882717 ],,,,,,,,,, [ 50740566529 ],,,,,,,,,,,, [ 146462192389 ],,,,,
  ,,,,, [ 2116331879 ],,,,,,,,,, [ 11704857761 ],,,, [ 16150746097 ],,,,,,,,,,,,,,,,,,,,,, 
  [ 2623694551 ],,,,,,,,,,,,,,,,,,,,,,,,,,,,,,,,,,,,,,,,,,,,,, [ 4399496641 ],,,,,,,, 
  [ 21910099553 ],,,,,,,,,,,,,,,,,,,,,, [ 1577709416191 ],,,,,,,,,,,,,,,,,,,,,,,,,,,, 
  [ 4108091791 ],, [ 1133996581 ],,,,,,,,,,,,,,,, [ 334185846229 ],,,, [ 22631936801 ],, 
  [ 4046648239 ],,, [ 6260389231 ],,,,,,,,, [ 139207414579 ],,,, [ 19123278959 ],,,,,,,,,,,,,
  ,,,,,,, [ 12231389881 ],,,,,,,,,,,,,,,,,,,, [ 31572586369 ],,,,,,,, [ 2198118583 ],,,,,,,,,
  ,,,,,,,,,,,,,,,,, [ 33162590449 ],,,,,,,,,,,,,,,,,,,,,,,, [ 4262150089 ],,,, 
  [ 1981916801 ],,,,,,,,,,,,,,,,,,,,,,,,,,,, [ 101829077269, 2135234588449 ],,,,,, 
  [ 1190195051 ],,,,,,,,,,,,,,,,,,,,,,,,,,,,,,,, [ 4065606791 ],,,, [ 3467148821 ],,,,,,,,,,,
  ,,,,,,,,,,,,,,,,,,,,,,,,,,,,,,,,,,,,,,,,,,,,,,,,,,,,,,, [ 776897634241 ],,,, 
  [ 70782099301 ],,,,,, [ 1623922453 ],,,,,,,,,,,,,,,,,,,,,,,,,,,,,, [ 2985541393 ],, 
  [ 1528308483899 ],,,,,,,,,,,,,, [ 19498223137 ],,,,,,,,,,,,,,,,,,,, 
  [ 1220038597, 126047189557 ],,,,,,,,,,,,,,,,,,,,,,,,,,,,,, [ 34092649117 ],,,,,,,,,,,,,,,,,
  ,,,,,,, [ 8957614849 ],,,,,,,,,,,,,, [ 40224210241 ],,,,,,,,,,,,,,,,,,,,,,,, 
  [ 1977832193 ],,,,,,,,,,,,,, [ 271121861011 ],,,,,,,,,,,,,,,,,,,,,,,,,,,,,,,,,,,,,,,,,,,, 
  [ 4019765143 ],,,,,,,,,,,, [ 12935259373 ],,,,,,,,,,,,,, [ 1174212229 ],,,, [ 1012052497 ],
  ,,,,,,,,,,, [ 153324468721 ],,,,,, [ 18988609614841 ],,,,,,,,,,,, [ 4419962119 ],,,,,,,,,,,
  ,,,,,,,,,,,,,,,,,,,,,,,,,,,,,,,,,,,,,,,,,,, [ 16548336433 ],,,, [ 3772792321 ],,,,,,,,,,,,,
  , [ 514329079377349 ],,,,,,,,,,,,,,,,,,,,,,,,,,,,,,,,,,,,,,,,,,,,,, [ 15790945501 ],, 
  [ 31867881109 ],,,,,,,,,,,,,,,,,,,,,,,,,,,,,, [ 14528597557 ],,,,,,,,,,,,,,,,,,,,,,,,,,,, 
  [ 480627878281 ],,,,,,,,,,,,,,,,,,,,,,,,,,,,,,,,,,,,,,,,,,,,,,,,,,,,,,,,,,,,,,,,,,,,,,,,,,,
  ,,,,,,,,,,, [ 11362072507 ],,,,,,,,,,,,,, [ 32420808281 ],,,,,,,,,,,,,,,,,,,, 
  [ 8310788561 ],, [ 1313786359 ],, [ 2727649289 ],,,,,,,,,,,,,,,,,,,,,,,,,,,, 
  [ 9224337361 ],,,,,,,, [ 1765346441 ],,,,,,,,,,,,,,,,,,,,,,,,,,,,,, 
  [ 1571986751, 3301713251 ],,,,,,,,,, [ 127518437468161 ],,,,,,,,,,,,,,,,,,,,,,,,,,,,,,,,,,,
  ,,,,,,,,,,,,,,,,,,,,,,,,,,,,,,,,,,, [ 9090223451 ],,,,,,,,,,,,,,,,,,,,,,,,,,,,,,,,,,,,,,,,,
  ,,,,,,,,, [ 53152930321 ],,,,,,,,,,,, [ 222784237270897 ],,,,,,,, [ 28177739201 ],,,,,,,,,,
  ,,,,,,,,,,,,,,,,,,,,,,,,,,,,,, [ 2750701141 ],,,,,,,,,,,,,,,,,,,,,,,,,,,,,,,,,,,,,,,,,,,,,,
  ,,,,,,,, [ 23879544553 ],,,,,,,,,,,, [ 1197896701 ],,,,,,,,,,,,,,,,,,,,,,,,,,,,,,,,,,,,,,,,
  ,, [ 84119829697 ],,,,,,,,,,,,,,,,,,,,,,,,,,,,,,,,,,,, [ 3446719849 ],,,,,,,,,,,,,,,,,,,,,,
  ,,,,,,,,,,,,,,,,,,,,,,,,,,,,,,,,,,,,,,,,,,,,,,,,,,,,,,,,,,,,,,,,,,,,,,,,,,,,,,,,,,,,,, 
  [ 3341364193 ],,,,,,,,,,,,,,,,,,,,,,,,,,,,,,,,,,,, [ 3640122757 ],, [ 1056811914131 ],,,,,,
  ,,,, [ 1187472001 ],,,,,, [ 34844160457 ],,,,,,,,,,,,,,,,,,,,,,,,,,,,,,,,,,,,,,,,,,,,,,,,,,
  ,,,,,,,,,,,,,,,, [ 4493531737 ],,,,,,,,,,,, [ 453525887518549 ],,,,,,,,,,,,,,,,,,,,,,,,,,,,
  ,,,,,,,,,,,,,,,,,,,,,,,,,, [ 29901301333 ],,,,,,,,,,,,,,,,,, [ 2758537237 ],,,,,, 
  [ 412059851677 ],,,,,,,,,,,, [ 11263048141 ],,,,,,,,,,,,,,,,,,,,,,,,,,,,,,,,,,,,,,,,,, 
  [ 10338754609 ],,,,,, [ 16657181407 ],,,,,, [ 1996105779361 ],,,,,, [ 1602606331 ],,,,,,,,,
  ,,,,,,,,,,,,,,,,,,,,, [ 130554909073 ],,,,,,,,,,,,,,,,,,,,,,,,,,,,,,,,,,,,,,,,,,,,,,,,,,,,,
  ,,,,,,,,,,,,,,,,,,, [ 23274614353 ],,,,,,,,,,,,,,,,,,,,,,,,,,,,,,,,,,,, [ 2945745181 ],,,,,
  ,,,,,,,,,,,,,,,,,,,,,,,,,,,,,,,,,,,,,,,,,,,,,,,,,,,,,,,,,,,,,,,,,,,,,,,,,,,,,,,,,,,,,,,,,,,
  ,,,,,,,,,,,,,,,,,,,,,,,,,,,,,,,,,,,,,,,,,,,,,,,,,,,,,,,,,,,,,,,,,,,,,,,, [ 3695147461 ],,,,
  ,,,,,,,,,,,,,, [ 1959210793 ],,,,,,,,,,,,,,,,,,,,,,,,,,,,,,,,,,,,,,,,,,,,,,,,,,,,,,,,,,,,,,
  ,,,,,,,,,, [ 7064056891 ],,,,,,,,,,,,,,,,,,,,,,,,,,,,,,,,,,,,,,,,,,,,,,,,,,,,,,,,,,,, 
  [ 2236130821 ],,,,,,,,,,,,,,,,,,,,,,,,,,,,,,,,,,,,,,,,,,,,,,,,,,,,,,,,,,,,,,,,,,,,,,,,,,,,,
  , [ 624009868033 ],,,,,,,,,,,,,,,,,,,,,,,,,,,,,,,,,,,,,,,,,,,,,,,,,,,,,,,,,,,,,,,,,,,,,,,,,
  ,,,,,,,,,,,,,,,,,,,,,,,,,,,,,,,,,,,,,,,,,,,,,,,,,,,,,,,,,,,,,,,,,,,,,,,,,,,,,,,,,,,,,,,,,,,
  ,,,, [ 1838857177 ],,,,,,,,,,,,,,,,,, [ 4018625953 ],,,,,,,,,,,,,,,,,,,,,,,,,,,,,,,,,,,,,,,
  ,,,,,,,,,,,,,,,,,,,,,,,,,,,,,,,,, [ 4459442107 ],,,,,,,,,,,,,,,,,,,,,,,,,,,,,,,,,,,,,,,,,,,
  ,,,,,,,,,,,,,,,,,,,,,,,,,,,,,,,,,,,,,,,,,,,,,,,,,,,,,,,,,,,,,,,,,,,,,,,,,,,,,,,,,,, 
  [ 18285523873 ],,,,,,,,,,,,,,,,,,,,,,,,,,,,,,,,,,,,,,,,,,,,,,,,,,,,,,,,,,,,,,,,,,,,,,,,,,,,
  ,,,,,,,,,,,,,,,,,,,,,,,,,,,,,,,,,,,,,,,,,,,,,,,,,,,,,,,,,,,,,,,,,,,,,,,,,,,,,,,, 
  [ 138034616101 ],,,,,,,,,,,,,,,,,, [ 1075166431 ],,,,,,,,,,,,,,,,,,,,,,,, [ 6249560461 ],,,
  ,,,,,,,,,,,,,,,,,,,,,,,,,,,,,,,,,,,,,,,,,,,,,,,,,,,,,,,,,,,,,,,,,,,,,,,,,,,,,,,,,,,,,,, 
  [ 2956070401 ],,,,,,,,,,,,,,,,,,,,,,,,,,,,,,,,,,,,,,,,,,,,,,,,,,,,,,,,,,,,,,,,,,,,,,,,,,,,,
  ,,,,,,,,,,,,,,,,,,,,,,,,,,,,,,,,,,,,,,,,,,,,,,,,,,,,,,,,,,,,,,,,,,,,,,,,,,,,,,,,,,,,,,,,,,,
  ,,,,,,,,,,,,,,,,,,,,,,,,,,,,,,,,,,,,,,,,,,,,,,,,,,,,,,,,,,,,,,,,,,,,,,,,,,,,,,,,,,,,,,,,,,,
  ,,,,,,,,,,,,,,,,,,,,,,,,,,,,,,,,,,,,,,,,,,,,,,,,,,,,,,,,,,,,,,,,,,,,,,,,,,,,,,,,,,,,,,,,,,,
  ,,,,,,,,,,,,,,,,,,,,,,,,,,,,,,,,,,,,,,,, [ 16401718171 ],,,,,,,,,,,,,,,,,,,,,,,,,,,,,,,,,,,
  ,,,,,,,,,,,,,,,,,,,,,,,,,,,,,,,,,,,,,,,,,,,,,,,,,,,,,,,,,,,,,,,,,,,,,,,,,,,,,,,,,,,,,,,,,,,
  ,,,,,,,,,,,,,,,,,,,,,,,,,,,,,,,,,,,,,,,,,,,,,,,,,,,,,,,,,,,,,,,,,,,,,,,,,,,,,,,,,,,, 
  [ 1136016001, 500839215841 ],,,,,,,,,,,,,,,,,,,,,,,,,,,,,, [ 5542886341 ],,,,,,,,,,,,,,,,,,
  ,,,,,,,,,,,,,,,,,,,,,,,,,,,,,,,,,,,,,,,,,, [ 27141984901 ],,,,,,,,,,,,,,,,,,,,,,,,,,,,,,,,,
  ,,,,,,,,,,,,,,,,,,,,,,,,,,,,,,,,,,,,,,,,,,,,,,,,,,,,,,,,,,,,,,,,,,,,,,,,,,,,,,,,,,,,,,,,,,,
  ,,,,,,,,,,,,,,,,,,,,,,,,,,,,,,,,,,,,,,,,,,,,,,,,,,,,,,,,,,,,,,,,,,,,,,,,,, [ 1765359289 ],,
  ,,,,,,,,,,,,,,,,,,,,,,,,,,,,,,,,,,,,,,,,,,,,,,,,,,,,,,,,,,,,,,,,,,,,,,,,,,,,,,,,,,,,,,,,,,,
  ,,,,,,,,, [ 194050405411 ],,,,,,,,,,,,,,,,,,,,,,,,,,,,,,,,,,,,,,,,,,,,,,,,,,,,,,,,,,,,,,,,,
  ,,,,,,,,,,,,,,,,,,,,,,,,, [ 20426436601 ],,,,,,,,,,,,,,,,,,,,,,,,,,,,,, [ 3277026271 ],,,,,
  ,,,,,,,,,,,,,,,,,,,,,,,,, [ 7907632741 ],,,,,,,,,,,,,,,,,,,,,,,,,,,,,,,,,,,,,,,,,,,,,,,,,,,
  ,,,,,,,,,,,,,,,,,,,,,,,,,,,,,,,,,,,,,,, [ 473637967111 ],,,,,,,,,,,,,,,,,,,,,,,,,,,,,,,,,,,
  ,,,,,,,,,,,,,,,,,,,,,,,,, [ 1944893341 ] ]);
