BRENTFACTORS[9421]:=MakeImmutable([ ,,,,,,,,,,,, [ 6165555497219 ],, [ 4002610111 ],, 
  [ 2209000806962860907 ], [ 115461229843 ], [ 67565169807662277221 ],, [ 33602551123 ],,,, 
  [ 3554583894625573619801 ],, [ 2122620607 ],, 
  [ 2098773037, 159175550485243, 26872686046798919, 45494216817155963392457912122228783, 
      4609492357219444975797781362489397507 ],,, [ 4457636748982632097 ],, 
  [ 201865669393765959374807789 ], 
  [ 8179055501, 48679077786289066481, 2711272608799916858771325791 ],, 
  [ 1241395347205519069 ], [ 511802797157, 4000222623208817 ],,, 
  [ 4701972206721633773, 4683041353446284252633975071496229376836351796333564080361939626431 
     ], [ 1508957773 ],, [ 99419247035461 ], 
  [ 17785922412331, 33100132368871, 85855439818831411 ], 
  [ 19376813957, 786382297273, 8176890285362183184412499 ], 
  [ 10519416075101, 49490258273167, 465203104803436659242599799659 ], [ 36481529713 ], 
  [ 5232294047863219 ], [ 1461707205776482501 ], 
  [ 1283644909, 2239773427, 248633591971, 31364732273324893252681635879160651966603897 ],, 
  [ 7786720155777405152846912037669680504915764421509215716287 ], 
  [ 245084556843115977849928939 ],, [ 7566720673, 609779313156848017 ],, 
  [ 1001125704931481, 10848022975243117 ], [ 1289454121113465601195815434700400900331 ], 
  [ 631192175877661 ], [ 20247892139 ], 
  [ 30874705007, 214252666136071, 736706308296206714588299989646193 ], 
  [ 1691307213751, 10624063286060364169, 78288156321583485416949901108711 ], 
  [ 43370970581149249, 205793273308693198160449, 93287201251943625961050659329 ],, 
  [ 810224166181, 5109361664789057083 ], [ 4609339641619, 6050519877840481 ], 
  [ 117779403482009 ], [ 15069054809332483, 395956171642190911542727 ], 
  [ 247090789969904690017181 ],, [ 472884009469682738516158378881844459432691497 ], 
  [ 126502073438173990416871398047, 43273962301631219694825012016931389 ], 
  [ 954743633737831893211968913 ], [ 13550626501, 3004935268226701 ], 
  [ 37151228997013117201, 51187748022992116069, 124072769166091443852506595077 ], 
  [ 1749266144114100515293381531, 474080271056991020812263687043693 ], 
  [ 12660349027, 1720367524478851, 45006341345625702433, 1081489255736823008401 ], 
  [ 13400101127867004872795754506523542196801318008212723 ], 
  [ 5545805281, 45396594699592481 ],, 
  [ 1472881541, 1373009889527, 962343524496770384653, 11673510095814778141806419 ], 
  [ 2898999599 ], [ 234459215693724237133 ], [ 29377176779611, 757427823417609710281 ], 
  [ 317520128615080923937411523310932376232335227 ], [ 85432273573, 71449259457922998500221 ]
    , [ 5483814785469734737 ],, [ 226564846755701221 ], [ 1061573390879, 90981526142582167 ],
  [ 143171029041721, 141879069844294438617215995313 ],, 
  [ 3007349018041, 347874957639331, 421425232690039 ], 
  [ 1810971131, 60854079701, 3585115403269455481 ],, [ 86183185457, 12604542190527445200649 ]
    , [ 212849390713676248673 ], [ 24643027441247689189 ],, [ 1567576981979 ], 
  [ 357818064481, 66412389506860393 ],, [ 1276255809817 ], [ 9032935509100021 ], 
  [ 36551516569 ], [ 9146461721871794927 ],,, [ 223545007013131, 12473101649921305352411 ],, 
  [ 130938321222555617, 642235306625915917532269368876405464401, 
      104997528116271970371472057967979384101738508603912027569 ],, 
  [ 41755921027, 4794843681260515242277, 4836878525530013477767871157247996001830641431344267
     ],, [ 21814421265994605188137 ], [ 1416427604749, 21050198106913 ], 
  [ 2435905861, 125518087627, 643188342707 ], [ 52645721195027914107449 ], [ 89444753161 ], 
  [ 4968749500661, 89079923185639 ], [ 289891854403 ], [ 160254033083998089199 ], 
  [ 29303684713, 361050606492095617, 10364055523807621876637 ],, 
  [ 506585088228334779519324257251 ], [ 10135609327195132579688497 ], [ 216817458165173633 ],
  [ 830512672205342499199 ],,, [ 1651618913847277 ],,, 
  [ 179642214830971, 8897148741747466801 ], [ 1816869927290713, 2680197086004913 ],, 
  [ 341210310241 ], [ 122795778097, 10435211055371 ],, 
  [ 3217649102119, 628517271321151, 14736974387450971 ], [ 9204389983237903 ], 
  [ 123231216717959923 ],, [ 321414409501, 50072912623623991 ], [ 30361852961094947 ],, 
  [ 34126383629753, 1437881909968949 ], [ 75730948532653, 265844616584189, 39658100118814843 
     ], [ 2433976284043951, 613400632474039651, 81100248939719555953699951, 
      19011162513856177003262068235816082516690288728251 ], 
  [ 1812891739259, 744862112597772795421, 79847938423554601483942303 ],,,, 
  [ 6176650027861678696931 ], [ 6498632183317 ], [ 20330985266668123 ], 
  [ 880370492279, 362665218352471198242893 ],, [ 379802784367361, 818223472743841 ], 
  [ 48118230679, 230263692582825259 ], [ 36378641269 ], [ 40791367217981191848367 ], 
  [ 12742404242440775427835477781 ],, [ 61189877687 ],, [ 8781114648916275226563422449 ],,,, 
  [ 1623721109, 1643061605173 ],, 
  [ 1268601463, 9811744095991, 171102591689862503905951, 800211822822904877971843597 ], 
  [ 73547043851, 193674169501 ],, [ 13557738605959, 71209789824503879997979 ],, 
  [ 39923642135100051628278032183 ], [ 60802172161561 ], [ 23914966059935355806115797 ],,, 
  [ 568423958650355393, 2127068762647937177 ],, [ 482285192002160907162842953 ],, 
  [ 128957873381, 2158863779489, 51761060147761 ], [ 6268926812410333 ],, 
  [ 4638602462211798037, 27589149038232963719, 121005308718054558540061343 ],, 
  [ 30758039441 ], [ 8003946478258613 ],, [ 1795629893 ], 
  [ 310692692058285130065587, 26718327283797132266323882943 ], [ 198109436490866769859 ], 
  [ 7563904201189403 ],, [ 25271942257 ], [ 10469535977183157494233 ],, 
  [ 268756165129, 3643751832408439597, 186878550221023675213 ],,, 
  [ 4524928921, 290129046373 ],,, [ 81521229085381 ], 
  [ 3797913491, 65310691163, 254779062389 ], [ 2984187345733048652893 ], 
  [ 1747158346954879, 13336486462410127207 ], 
  [ 123091337311, 559269986101, 8077810090205916343 ], [ 1797099431 ], [ 211730804997769 ], 
  [ 84244406844907 ], [ 1161119231 ],,,,, [ 35878328001156660511 ], 
  [ 21183650125793, 51836990735713, 48449307034929473 ], [ 28876585501, 4917145189501 ], 
  [ 89406035182889, 43662209469105174853 ], [ 46017770699927951291617 ],, 
  [ 37604778496591394798212215589 ], [ 372551621341 ],, [ 45310152161, 18565695869348521 ], 
  [ 13068958351 ],,,,,, [ 633303067571 ],, [ 30612943061, 8591944338794668897 ], 
  [ 971051502815934537849585229 ],, [ 337330948593935617711661 ], [ 1220657621 ],, 
  [ 3558252961199 ], [ 11673083812042241 ], [ 26444049001, 124551800380183147 ], 
  [ 68791224751, 38944321342153501, 23182215610086484001 ], [ 288831612702266737 ],,, 
  [ 149532019199, 3808422363329 ],, 
  [ 59413794854657, 137800951779329, 10501144699134187045889 ], [ 1117495111 ], 
  [ 657159655855110521809 ], [ 1609352115071, 96531943304766173 ], 
  [ 2676754081, 951040356980765624821 ], [ 2355059005233841, 808684757446407195282769 ], 
  [ 4276874998509643 ],, [ 4882417555119193 ], [ 11279529431, 41573258030231 ], 
  [ 109858018395606934769 ],, [ 40054085825233 ], [ 80289499007 ],,,, 
  [ 2050340942132022541 ], [ 113819636717 ],, 
  [ 67086273096949, 2239930351711880116171640077 ], [ 1313392177, 1738670518099 ],, 
  [ 13740983803, 12100623934994137 ], [ 43022074498636225042121 ], [ 5035197955833878281 ], 
  [ 16901165221 ], [ 459116306904711881 ], [ 14855850050009, 129931995094513121 ],, 
  [ 4545746063, 36727118704915069003 ], [ 18686310553 ], 
  [ 163115463457, 25453673462881, 441240325463521, 1477262083677697 ], [ 12207807373 ], 
  [ 1913021322211 ], [ 18441717894493 ], [ 104766345953 ], 
  [ 3452563793858657, 23971670042958023, 84992058693073482252514897 ],,, 
  [ 2117088232485085361 ], [ 209774971152567997387993 ], [ 12025742527742953 ],,,,,,, 
  [ 24097186241 ], [ 375267999367, 10777924383815143 ],, 
  [ 2162502049262476859477, 23447373645140393670462973 ],, [ 30409990021 ], [ 799668041437 ],
  [ 23062640641, 276929535422490913 ], [ 47331518929703647 ], [ 8476408021 ], 
  [ 549697310191 ], [ 6851558453, 21418038294505803617 ],,, [ 1081085897 ],,, 
  [ 8469896051, 1750294573052803 ], [ 3311542643, 1687248293099 ],,, [ 3935220329 ],,, 
  [ 1625335013, 1961902013 ], [ 222131531821, 27697639548701761 ],, 
  [ 59581421849, 7463496191713, 605366006375338631077 ], [ 1421341903 ], 
  [ 11904829665328871 ], [ 851418261350681 ], 
  [ 9202683247865857, 16341971621426190433, 2491825836086570044657 ], 
  [ 20111201625247, 27453870971827 ], [ 27268368349, 476989033659525973 ], 
  [ 88350026773, 1231366174723 ],,,, [ 36550956098064367 ], 
  [ 1908596667001, 456831802870801 ],, 
  [ 3355220240797, 285674480437473187, 4177745857778698339039 ], [ 21878490883 ],,,,, 
  [ 500200722913 ], [ 14776471277, 114603093569 ], [ 39808658474647 ], 
  [ 4480317542084116121 ], [ 17786452045489 ],, [ 21167604397789 ], 
  [ 30069924007, 155377077571, 437105850784513 ], 
  [ 19126008001, 932141391482549161, 182854977480203043241801 ], [ 3582538009 ],,,, 
  [ 8118983351, 6428485710534961 ],,,,, [ 668560714892201, 357931289052099420221 ],, 
  [ 5240236033, 215062900580761 ],,,, [ 666854196468082673 ],, [ 10884539972668574571157 ],,,
  ,,,,,,,,, [ 31098955914781 ], [ 728997051127 ], [ 261261163942354129, 5106836372307460897 ]
   ,, [ 1669052062319 ],,,, [ 460975641491, 1338035837423, 32417964941350699363 ],, 
  [ 13338243814655338801 ],, [ 1726410617875621 ],, 
  [ 44080346027177, 657180480627557, 1404357317417421924049 ], [ 1584655372981 ],,,,, 
  [ 5508035312680321 ], [ 4001455723, 515596256565553 ],, [ 243667175617711133 ],, 
  [ 3913292665201 ], [ 98512064353, 148295169569, 15978847386113 ],, 
  [ 72778382953, 456946240433 ], [ 235172889229 ], [ 1592105798222941 ],,, [ 122311232551 ], 
  [ 382730353897, 55108079578777, 9409720286049649 ], [ 1929077982014201 ], 
  [ 2057876974451465983 ],, [ 79972752189149 ],, 
  [ 599036834311, 40785555470431, 366865890672053441, 9914022549047700841 ], [ 7179398879 ], 
  [ 503356289473, 354051128375713 ], [ 1943821003 ], [ 48018835092703944723997 ], 
  [ 23154039061 ],,, [ 272360873537449 ],, [ 2530639737834580640845721 ],, 
  [ 3297452309236784947093 ],,, [ 38971149482231 ],,, [ 114377052866496001 ], 
  [ 2747257687, 65362673917 ], [ 3985711201 ],,,, [ 271034927660244767273 ], 
  [ 7265194736801 ], [ 19674660481753 ],, [ 22652548097 ],,,,,,,,,,,, [ 1776040642661 ], 
  [ 33022943227 ], [ 104101676137313 ], [ 2133102422441 ], 
  [ 278254736250048919, 3993483051841445623 ], [ 4797016451, 13240196551 ],,,, 
  [ 14524492363204725841 ], [ 47367259201 ], [ 1435394408761 ], 
  [ 45943385897, 507062531291053 ], [ 12831822361 ],, [ 5963219016871, 10839750582971 ],,,,, 
  [ 1775969052131 ],, [ 18483837264577, 138506822186618438797, 4780447449996074011921 ], 
  [ 344037646133, 79755982280719 ],, [ 335867235661, 1371595278297421 ], [ 466145910289 ],, 
  [ 26196173619464575063 ],, [ 1366176001, 216443692501, 22770699544353001 ],, 
  [ 1165531553 ],,,, [ 98711424197, 114448105663, 125651211579169, 31737135620266561 ], 
  [ 5860752691 ], [ 8684798557162661 ],,,, [ 1693737473, 7966464969550849 ], 
  [ 4228963723, 876597325309 ], [ 70559155393253129 ], [ 3414463391 ],,, 
  [ 20178191167, 1191128301835152650999 ], [ 791471021347 ], [ 2264738321, 126514883041 ],,,
  , [ 51322560428097977 ], [ 1431783151 ],,,,,,,,, [ 12882238804012363 ],, [ 2747769964001 ],
  ,,,,, [ 2296681099 ],,,,,, [ 40794955305157, 79974752699713 ],, [ 510606199320251 ],, 
  [ 567721059680161 ],,,,,, [ 7958331054282313, 720700319411799283 ], 
  [ 23351480413, 48025198183 ],,, [ 1463044344930853, 652693518118715923 ],, [ 5698166449 ],
  , [ 7607264207010361, 86006203168906231, 494908338523216987, 3324783173363575403 ], 
  [ 3198003607, 156419210809 ],,,,,,, [ 6597006657893, 284175474571693853 ],,,, 
  [ 46450022081 ],, [ 9105264138279733248641 ],, [ 11715525559 ], [ 1124829707 ],, 
  [ 32013995852193031 ], [ 62977699523, 56322274479393163 ],,,, 
  [ 45973135121, 1266462253522326571 ],, [ 2774571488144077313 ], [ 1306273447 ], 
  [ 710741242927, 56630070691859611 ],,,,,,,, [ 9027789457, 18189841066682326553 ],, 
  [ 3731142353 ],, [ 1370878051, 15104453647 ],,,,,, [ 4785331429, 934419446533 ],, 
  [ 1359180487433077 ],,,,,,,, [ 21011065457 ],, [ 1181702497, 8336357997553 ],, 
  [ 217743436634621 ],, [ 4123843013, 502928305001 ],, [ 377239409821 ],, [ 189964148921 ],,,
  , [ 30972678160093 ],, [ 20955908332591 ],,,,,,,, [ 146613622513 ],, 
  [ 53608010159521, 942371233620913 ],,, [ 47284387669, 1095312978817 ],,, [ 129388095097 ],
  , [ 7059837233 ],,,, [ 288393621111804911341 ],,, [ 2522384827 ], [ 43125851740273 ], 
  [ 2230789051 ],,,,,,, [ 7399191360289, 7391384165229229615297 ], 
  [ 35611021051, 60386973613 ],,, [ 1080305086849 ],,, [ 223706047853 ],,,, [ 224566576567 ],
  [ 1433962909 ],,,,,, [ 7552982191, 131740964168131 ], [ 4632005177 ],,,,,,,,,,,,, 
  [ 58340842561 ],,,,,, [ 30667528421 ],,,, [ 95850675103, 15141962634121, 85233229732299643 
     ],, [ 40389706781 ],, [ 3102635243, 2985446203543 ], [ 1083172063 ],,,, [ 2913967633 ],,
  ,,, [ 59985590393 ],,,,,, [ 31868072129, 412237703767 ], [ 24459500521 ],,,,,,, 
  [ 33874008827 ],,,,,, [ 1041042164801 ],, [ 378787219756501 ],,,,,,,, 
  [ 2164017991, 38997337651 ],, [ 1854290561, 5442303608761 ],,,,,,,, [ 6316965121 ],, 
  [ 152472467071 ],, [ 5905932116991229 ],,,, [ 1681134937, 8034471338129, 6073262429037961 ]
   ,, [ 14266627127 ],,,,,,,,,, [ 3235365673, 100220668921 ],,,, [ 4234047049 ], 
  [ 60455395417 ],,, [ 3887566889 ],,,,,, [ 3202446953 ],,,, [ 149420198773 ],, 
  [ 1497821093989681 ],,, [ 9808595707 ], [ 124244822381 ],,,, [ 44638448497 ],, 
  [ 337366710139 ],,,, [ 1289720982217, 2721203018299 ], [ 1011129571 ],,, [ 363898498559 ],,
  ,,,, [ 91930560082817 ],,,,,,,,,,,, [ 374634721754677 ],, [ 1344072349, 78595214671 ],,,,,,
  ,,, [ 1008467371 ],,,,, [ 1478866321, 19994222981401 ],, [ 1078825983569 ],, 
  [ 286645487041 ],,,,,,,,,, [ 33342889367 ],,,, [ 1634859741121, 5423407546159 ],,, 
  [ 22909631483 ],,,,,, [ 5350893139 ],,,,,,,,,,,,,, [ 4945152917, 44270550307 ], 
  [ 424205651848991, 1283316736018043 ],,,, [ 1856017974667 ],, 
  [ 1166413169, 120861080459849 ],,, [ 58187845679 ], [ 1055496100081, 347145839331457 ], 
  [ 1013660077 ], [ 598814523509, 45701511989071 ],,, [ 15655335781 ],,, [ 794519577190841 ],
  , [ 13766317617704413 ],, [ 109063564097751649 ],, [ 11067196417, 172579369334017 ],,,,, 
  [ 1999032029 ], [ 443523161041 ],,,, [ 4925992670353 ],,,, [ 97358208281 ], 
  [ 59644948123 ],,, [ 25028069041 ],, [ 75978333447876957586171 ], [ 1830980939 ],,,, 
  [ 1490327317, 5491188121 ],,,, [ 3831868741 ], [ 10785008213821 ], [ 10587067063 ],,,,, 
  [ 973352878633643 ],,,,,, [ 257430991577 ],, [ 343300910081 ], 
  [ 7066536007, 1884985138398409 ],,, [ 18491981219 ], [ 2431722151 ],, [ 1323528223 ],,, 
  [ 4729055261141 ],, [ 3447610511, 87802596767 ],,,, [ 83818427955730771 ], [ 2337557503 ], 
  [ 2636968049 ],, [ 76342325401 ],,,,,, [ 153805455409 ],,,, [ 77177156748001 ], 
  [ 10762231481 ],,, [ 101421419401 ],,,, [ 344570365441 ],,,,, [ 1528187489 ], 
  [ 1717500198493, 33186609130643203 ],,, [ 66483669781 ], [ 165064581173 ],, [ 4313369881 ],
  ,,, [ 25142409217 ],, [ 1427513145049, 21334123287559 ],,,,,, [ 1662282649 ], 
  [ 2715535939 ],,,, [ 215880428377 ],,,,,,,,,,, [ 1797321049 ],,,,,,,,, [ 7786504657 ],,, 
  [ 1317465521 ], [ 56466595968973 ], [ 403847167987 ],,,,,,,,,,,,,,, [ 16907833771 ],,, 
  [ 2856892681 ],,,,, [ 67602945271 ], [ 9925255909 ], [ 1148469851, 10868728760023 ],,,,, 
  [ 2340143989 ],, [ 186816791849 ],,, [ 1950964039 ], [ 1267535593, 79763497399 ],,,,,,, 
  [ 42540347461, 385801927681 ],,,,, [ 11091542948851 ],,,,,,,,,,,, [ 182028329737 ],,,,,,,, 
  [ 3877450361 ],, [ 7704729337 ],, [ 1747707262309 ],,,,,,,,,,,,, [ 48391778597 ],,,,,,, 
  [ 1444885319 ],,,,,,,, [ 3809838943 ], [ 6473093963503 ],,,, [ 485742237523 ],,,,,,,,,,,,,,
  ,,,,,,,,,, [ 203865804957883 ],,,,,,,,, [ 595139596801, 1988297576401 ],,, [ 372441115237 ]
   ,,,,,,,, [ 1160062919 ],,,,,,, [ 3929134021 ],,,,,, [ 1126305217 ],,,,,,,,,, 
  [ 2890385869873 ],,,,,,,,,,,,, [ 92030787239 ],, [ 31840799467 ],,, [ 23848388969 ], 
  [ 9480606479, 449957201737 ],,,,,, [ 1037468762173 ],,,,,, [ 2514751691 ],,,,,,,,,,,,, 
  [ 1009448749 ],,,, [ 1852856653 ],,,,, [ 1109020771 ], [ 282764530553 ],,,,, 
  [ 28273893943 ],, [ 7389930451 ],,,, [ 122576337596929 ],,, [ 712411346333737 ], 
  [ 1252386269 ],,,,,,,,, [ 2468332513 ],,,,,, [ 18254688811 ],, [ 6255911028841 ],,,,,,,,,,,
  ,,, [ 1947089059 ],, [ 3573506081 ], [ 2315824430459 ], [ 270289949989 ],,,,,,,, 
  [ 20579459717 ],,,,,,,, [ 25883019319 ],,,,,,,,,,,,,,,,,,,,, [ 12184746751 ],,,,,,,,, 
  [ 3185617849 ], [ 27681826031 ],,, [ 378644145889 ],, [ 1843206721 ],,,,,,,,,,, 
  [ 1493715997243 ],,,,,, [ 12826710079 ],,,,, [ 12148931309 ],,,,,,,, [ 4645275821 ],,,,,, 
  [ 19249198963, 55324764421 ], [ 5528774509 ],,,,, [ 8900475713, 58261025969 ],,, 
  [ 14730940841 ],,,, [ 77497212613 ],,,,,,,,,,,,,, [ 2699284597 ],,,,,,,,,,, 
  [ 12401218993 ],,,,,,,, [ 9636917569, 24296920321 ], [ 1578752563 ],,,,,,,, [ 1081571339 ],
  ,,,,,,,,,, [ 92121398981 ],,,,,, [ 36781777720577 ],, [ 1657510501 ],,, [ 1509462901 ],,, 
  [ 2497753711 ],,,,, [ 1100534459599 ],,,,,,,,,,,,,,,,,, [ 121729796827 ], 
  [ 428411079600571 ],,,, [ 11885329223 ], [ 3231366058381 ], [ 2946570241 ],,, 
  [ 1954459207, 5429253421, 21380979187 ],, [ 1117055491, 61679616029 ],,, [ 1068698129 ],, 
  [ 429255090709 ],,,,,, [ 1983651358001 ],,,,,,,,,, [ 1342028227 ],,,,,,,,,,,,,,,,,, 
  [ 16914176501 ], [ 3348946927 ],, [ 1320734893 ],,,,,,,,,, [ 116750970001 ],,,,,,, 
  [ 8526683201 ], [ 6253951079 ],,,,,, [ 296648244633049 ],, [ 1877876773 ],, [ 4848942457 ],
  ,, [ 7169094253 ],, [ 1705531249 ],,,,,,,,,,,,,,,, [ 2405181486913 ], [ 83308543387 ],,, 
  [ 4205424709 ], [ 4846590599 ], [ 13259044891 ],,,,,, [ 2669916829 ],,,,,,, [ 1425374341 ],
  , [ 5478861889 ],,,,,,,,,,,,, [ 3636445936229 ],,,, [ 1691816881 ],,,,,,, [ 7717164937 ],,,
  ,,,,,,,,,,,,,,, [ 14005588381 ],,,,,, [ 1267299433, 2580004793269 ],,,,,,,,,,,,,,,,,, 
  [ 15639998329 ],,,,,,,,,,,,,,,,,, [ 3466998323227 ], [ 1201755743 ],,,,, [ 84035157907 ],,
  , [ 119688109687 ],,,,,,,,,,,,,,,,,,, [ 119292114001 ],,,,,,,,,,,,,,,,,,,, [ 20841185191 ],
  ,,,,, [ 16291935379 ],,,,,,,, [ 427042842101 ],,,, [ 37049324131 ], 
  [ 3323765369, 1675864365913 ],,,, [ 28359035057 ], [ 1092921275683 ],,,,,,,, 
  [ 27468115931 ],,,,,,,,,,,,,,,,,, [ 4994833301 ],,,,,,,,,,,,,,,, [ 73025911141 ], 
  [ 493392551581 ],,,,,,,, [ 3208074061 ],, [ 11344935113 ],,,,,, [ 1751306041 ],,,, 
  [ 495260359777 ],,,,,,,,,,,,,,,,,,,, [ 195011686673 ],,,,,,, [ 32781054529 ],,,,,,,,, 
  [ 1353914893 ],, [ 4206673771 ],,,,,,,,,,,,,, [ 8426450449 ], [ 6025507951 ],,, 
  [ 1315806017, 32106937729, 329074421713 ],,,,,,,,,, [ 13341724951 ],,,,,,, [ 1778550791 ], 
  [ 1790325839 ],,,,,, [ 2132532673 ], [ 34364784889 ],,,,, [ 7902580027 ],,,,,,,,, 
  [ 3325874413 ],,,,,,, [ 3443159371 ],,,,,,,,,,,,,,, [ 2459757462787 ],,,,,,,,,,,,,,,,,,, 
  [ 16797767377, 23845150601 ],,,, [ 1172903449, 15014264297 ],,,,,,,, [ 148165175941 ],,, 
  [ 60709809217 ],,,,,,,,,,, [ 1931234564359 ],,,,,,,,, [ 1602896941 ],,,,,,,,,,,,,,, 
  [ 1842578851 ],,, [ 3383069671 ],,, [ 3216514897 ],,,,,,,,,,, [ 1688161901 ],,,,,,,,,,,,,,,
  ,,, [ 2444402143, 3537701623 ],,,,,,, [ 1632134701 ],, [ 1130489233 ],,, [ 40113107341 ],,,
  , [ 3876995791 ],,,,,,,,, [ 1704045373 ],,,, [ 1556627053 ],,,,,,,,,,,,,,,,,,,,,, 
  [ 1886524897 ],,,,,,,,,, [ 1466247187 ],,,,,, [ 286896150721 ],,,,,,,,, [ 1827117883 ],,,,,
  ,,,,,,,,,,,,,,,,,,,,,,,,,,,,,, [ 1252912289 ],,,,,,,, [ 1988751689 ],,,,,,,, 
  [ 425078837881 ],,,,,,,,, [ 9042763231 ], [ 1002101791, 27189451171 ],,,,, [ 5219918491 ],,
  ,,,,,,, [ 25975879777 ],,,,,,,, [ 2041915712257 ],,,,,,,,, [ 119088072853 ],,, 
  [ 2487180593 ],,,,,,,,,,,,, [ 8488264357 ],,,,, [ 34241912041 ],,,,,,,,,,,,,,,,,, 
  [ 992488589401 ],,,,,,,,,,,,,, [ 621378748589 ],,,,,,,, [ 97939842337 ],,,, 
  [ 68509822573 ],,,,,, [ 283813154329 ],,,,,,,,,,,,,,,,, [ 6881132413 ],,,,,,,,,,,,,,,,, 
  [ 43535689471 ], [ 4727480401477 ],,,,,,,,,,,,,,,,,,,,,,,,,,,,,,, [ 1254381811 ],,,, 
  [ 675488326241 ],,,,,,,,,,,,,,,,,,,,,, [ 4444547017 ],, [ 9269571329 ],,,,,, 
  [ 9292564993 ],, [ 78758904673 ],, [ 3202896649 ],,,, [ 2529521161 ],,,,,,,, 
  [ 4228594417 ],,,,,,,,,,,,,,,,,,,,,,,,,,,,,,,,,, [ 1499664113, 1666975733, 4078690457 ],,,,
  ,,,,,,,,,,,, [ 2161881611, 6326959381 ],,,,,,,,,,,,, [ 107754266791 ],,,,,,,,,,,, 
  [ 23303780329 ], [ 1980958877 ],,,,,,,, [ 8959114861 ],,, [ 12566446231 ],,,,,,,,,,,,, 
  [ 1948122003101 ],,,,,,,,,,, [ 56729938729 ], [ 10316405761 ],,,,,,,,,,, [ 291073826467 ],,
  ,,,,,,,,, [ 7092129157 ],,,,,,,,,,,,,,,,,,, [ 1438665121 ],,,,,,, [ 1278823750241 ],,,,,, 
  [ 1431536189, 60655073021 ],,,,,, [ 51086565181 ],,,,, [ 1419001501 ], 
  [ 1784409017, 2556925697 ],,,,,,,,,,,,,,,, [ 5554485319 ],,,,,,,,,,,, [ 7753034657 ],,,,,,,
  ,,,,,,,,, [ 5737964186191 ],,,, [ 573351771959 ],,,,,,,,,,,,,,,,,,,,,,,,,,,,, 
  [ 3953153719 ],,,,,,,,,,,,, [ 8218048357 ],,,,,,,,,,,, [ 8537396033 ],,,,,,,,,,,,,,,, 
  [ 62666335311721 ],,,,,,,,,,,, [ 13256321417 ],,,,,,,, [ 1213359921509 ],,,,,,,,,,,,,,,,,,,
  ,,,,, [ 13518984121 ],,,, [ 1432603121 ],,,,,,,, [ 28687934801 ],, [ 92480259379 ],,,,,,,,,
  , [ 329240725409 ],, [ 23206630273, 1730596478731 ],,,,,,,,,,,,,,,,,,,, [ 319910319977 ],,,
  ,,,,,,,,, [ 1701385027579 ],,,,,,,,,,,, [ 3669243301 ],,,,,, [ 1056309073 ],,,,,, 
  [ 7801624321 ],,,,,,,,,,,,,,,,,,,,,,,,,,,,,,,,,,,,, [ 2904802309, 12035671867 ],,,,,,,,,,,,
  ,,, [ 2314568797 ],, [ 2224079197, 133329844409 ],,,,,,,,,,,,,,,,,,,,,, [ 10786124989 ],,,
  , [ 5557348651 ],,,,,, [ 23911763881 ],,,,,,,,,,,, [ 6977631473 ],,,,,,,,,,,,,,,, 
  [ 17100286457 ],,,, [ 1553718169 ],, [ 5323225571 ],,,,,,,, [ 8133600983 ],,,,, 
  [ 20958285349 ],,,,,,,,,,,,,,,,,,, [ 1875069496661 ],,,,,,,,,,,,,,,,,,,,,,,,,,,,,, 
  [ 1283317169 ],,,,,,,,,,,,,,,,,,,,,,,,,,,,,,,,,,,,,,,,,, [ 2641437527 ],, [ 4832581669633 ]
   ,, [ 1634665897, 65008589999 ],,,,,,,, [ 16757009771 ],, [ 1740697561 ],,,,,,,,,,,, 
  [ 80932637761 ],, [ 19223480851 ],,,,,,,, [ 15590367241 ],,,, [ 8883338671 ],,,,,, 
  [ 298618810822261 ],,,,,,,,,,,, [ 1021286457553 ],,,,,,,, [ 1825629961 ],,,,,,,,,,,,,, 
  [ 1417232263, 3150525097 ],,,,,,,,,,,,,,,,,,,,, [ 2853480061 ],,,,,,,,,,,,,,, 
  [ 1492075411 ],,,, [ 20507129483 ],,,,,,,,,,,,,, [ 9268214233 ],,,,,, [ 1714534207 ],, 
  [ 6321788117 ],,,, [ 1517894641 ],,,,,,,,,,,, [ 1014341077 ],,, [ 2686943911 ],,,,,,,,,,,,,
  ,,,,,,,,,,,,,,,, [ 1847683489 ], [ 2724933781 ],,,,, [ 40112578171 ],,,, [ 30834392851 ],,,
  ,,,,,,, [ 1626469993 ],,,, [ 15249830381, 43245871037 ],,,,,, [ 75816664661 ],, 
  [ 4124261737 ],,,,,,,,,,,,,,,, [ 131303534237 ],,,,,,,,,,,,,,,, [ 2939898889 ],,,,,, 
  [ 7443471829 ],,,,,,,,,,,,,,,,,,,,,,,,,,,,,, [ 133929843769 ],, [ 29630185099 ],, 
  [ 1406930426749 ],,,, [ 3201674881 ],,,,,,,,,, [ 26336076103 ],,,,,,,, [ 49558263151 ],,,,,
  ,,,,, [ 3429941941 ],,,,,,,,,,,,,,,, [ 7411300817 ],,,,,,,,,,,,,,,,,,,,,, [ 1317276689 ],,,
  ,,, [ 26322205097 ],,,, [ 6602551801 ],,,,,,,,,,,, [ 1485232681 ],,,,,,,,,,,,,, 
  [ 77966730229 ],,,,,,,, [ 2196457903, 7713142963627 ],,,,,,,,,,,,,,,,,,,,,,,,,,,,,,,,,,,,,,
  ,,,,,,,, [ 6981952605473 ],,,, [ 1935534529 ],,,,,,,,,, [ 1691148551 ],,,, [ 3564669883 ],,
  ,,,,,,,,,,,,,,,,,, [ 17966301079 ],,,,,,,,,,,, [ 94282654033, 98378933857 ],,,,,, 
  [ 3174554569 ],,,,,,,,,,,,,,,,,,,,,,,,,, [ 8228269831 ],,,, [ 1891950893869 ],,,,,,,,,,,,,,
  ,,,, [ 243711399361 ],,,,,,,,,,,,,,,,,,,,,,,,,,,,,,,,,,,,,, [ 1098110791, 15491929951 ],,,,
  ,,,,,,,,,,,,,, [ 90014210317 ],,,,,,,,,,,,,,,,,,,,,,,,,,,,,,,,,,,,,,,,,,,, [ 1213606913 ],,
  ,,,,,,,,,,,,,,,,,,,,,,,,,,,,,,,,,,,,,,,, [ 55199361281, 5908514527273 ],,,,,,,,,,,,,,,, 
  [ 1940497771 ],,,,,,,,,,,,,,,,,,,,,,,,,,,,,,,,,,,,,,,,,,,,,,,,,,,,,,,,,,,,,,,,,,,,,,,,,,,,,
  ,,,,,,,,,,,,,,,,,,,,,,,,, [ 6336246841 ],,,,,,,,,,,,,,,,,,,,,,,,,,,,,,,,,,,,,, 
  [ 6457783901 ],, [ 13781272129 ],, [ 4782557746363 ],,,,,,,, [ 13643487252599 ],,,,,,,, 
  [ 63429908791 ],, [ 15174946561 ],,,,,, [ 1430305813 ],,,,,, [ 2816178049 ],,,,,,,,,,,,,,,,
  ,,,, [ 1283398117 ],,,,,,,,,,,,,,,,,,,,,, [ 315285955909 ],,,,,, [ 317445843457 ],,,,,,,,,,
  ,,,,,,,,,,,,,, [ 1479811321 ],,,, [ 3602904901 ],,,,,,,,,, [ 2085402881 ],,,,,,,,,,,,,,,,,,
  ,, [ 3988289881 ],,,,, [ 18049056481 ],,,,,,,,,,,,,,,,,,,,,,,,,,,,,,,,,,,,,,,,,,,,,,,,,,,,,
  ,,,,,,,,,,,,,,,,,,,,,, [ 18283969651 ],,,,,,,,,,,,,,,,,,,, [ 28230619421 ],,,,,,,,,, 
  [ 3447120601 ],,,,,,,,,,,,,,,,,,,, [ 39237657061 ],,,,,,,,,,,,,,,,,,,,,,,,,,,,,,,,,,,,,,,,,
  ,,,,,,,,, [ 8264683211 ],,,,,,,, [ 8460861559 ],,,,,, [ 17615379601 ],,,,,, [ 1405991731 ],
  ,,,,, [ 191667446660761 ],,,,,,,,,,,,,,,,,,,,,,,,,,,,,,,,,, [ 1148160121 ],,,,,,,, 
  [ 7575206473 ],, [ 11750494586881 ],,,,,,,,,, [ 1126505027551 ],,,,,,,,,,,,,,,,,,,,,,,,,,,,
  ,,,,,,,,,,,,,, [ 140019643513 ],,,,,,,, [ 3406893601, 13763890801 ],,,,,,,,,, 
  [ 19973299327381 ],,,,,,,,,,,,,,,,,,,,,,,,,,,,,,,,,,,,,,,,,,,,,,,,,,,,,,,, [ 76093525663 ],
  ,,,,,,,,,,,,,,,,,,,,,,,,,,, [ 7175870899 ],,,,,,,,,,,,,,,,,, [ 3159302401 ],,,,,,,,,,,,,,,,
  ,,,,,,,, [ 18445067929 ],,,,,, [ 118200440251 ],,,,,, [ 7913115229 ],,,,,,,,,,,,,,,,,, 
  [ 2983629871 ],,,,,, [ 8378551189 ],,,,,,,,,,,,,,,,,,,,,,,,,,,,,,,,,,,,,,,,,,,,,,,, 
  [ 2389366981 ],,,,,,,,,,,, [ 416652063913 ],,,,,,,,,,,,,,,,,,,,,,,,,,,,,,,,,,,,,,,,,,,,,,,,
  ,,,,,, [ 93970405783 ],,,,,,,,,,,,,,,,,,,,,,,,,,,,,,,,,,,,,,,,,,,,,,,,,,,,,,,,,,,,,,,,,,,,,
  ,,,,,,,,,,,,,,,,,,,,,,,,,,, [ 2330383369 ],,,,,,,,,,,,,,,,,,,,,,,, 
  [ 2452093291, 2837630611 ],,,, [ 3281401241 ],, [ 1151655961 ],,,,,,,,,,,,,,,,,,,,,,,,,,,,,
  ,,,,,,,,,,,,,,,,,,,,,,,,,,,,,,,,,,,,,,,,,,,,,,,,, [ 16723736431 ],,,,,,,,,,,,,,,,,,,,,,,,,,
  ,,,,,,,,,,,,,,,,,,,,,,,,,,,,,,,,,,,,,,,, [ 16198968493 ],,,,,, [ 245785147609 ],,,,,,,,,,,,
  ,,,,,,,,,,,, [ 4389455017 ],,,,,,,,,,,,,,,,,,,,,,,,,,,,,,,,,,,,,,,,,,,,,,,,,,,,,,,,,,,,,,,,
  ,,,,,,,,,,,,,,,,,,,,,,,,,,,,,,,,,,,,,,,,,,,,,,,,,,,,,,,, [ 332175333493 ],,,,,,,,,,,,,,,,,,
  ,,,,,,,,,,,,,,,,,,,,,,,,,,,,,,,,,,,,,,,,,,,,,,,,,,,,,,,,,,,,,,,,,,,,,,,, [ 1933156213 ],,,,
  ,,,,,,,,,,,,,,,,,,,,,,,,,,,,,,,,,,,,,,,,,,,,,,,,,, [ 6656601001 ],,,,,,,,,,,,,,,,,,,,,,,,,,
  ,,,, [ 819075950881 ],,,,,,,,,,,,,,,,,,,,,,,, [ 61377325777 ],,,,,,,,,,,,,,,,,,,,,,,,,,,,,,
  ,,,,,, [ 15442564441 ],,,,,,,,,,,,,,,,,,,,,,,,,,,,,,,,,,,,,,,,,, [ 2523350081071 ],,,,,,,,,
  ,,,,,,,,,,,,,,,,,,,,,,,,,,,,,,,,,,,,,,,,,,,,,,,,,,,,,,,,,,,,,,,,,,,,,,,,,,,,,,,,,,,,,,,,,,,
  ,,,,,,,,,,,,,,,,,,,,,,,,,,,,,,,,,,,,,,,,,,,,,,,,,,,,,,,,,,,,,,,,,,,,,,,,,,,,,,,,,,,,,,,,,,,
  ,,,,,,, [ 25467415741 ],,,,,,,,,,,,,,,,,,,,,,,,,,,,,,,,,,,, [ 13971917233 ],,,,,,,,,,,, 
  [ 3932818261 ],,,,,,,,,,,,,,,,,,,,,,,,,,,,,,,,,,,,,,,,,,,,,,,,,,,,,,,,,,,,,,,,,,,,,,,,,,,,,
  ,,,,,,,,,,,,,,,,,,,,,,,,, [ 73292074741 ],,,,,,,,,,,,,,,,,,,,,,,,,,,,,,,,,,,,,,,,,,,,,,,,,,
  ,,,,,,,,,,,,,,,,,,,,,,,,,,,,,,,,,,,,,,,,,,,,,,,,,,,,,,,,,,,,,,,,,,,,,,,,,,,,,,,,,,,,,,,,,,,
  ,,,,,,,,,,,,,,,,,,,,,,,,,,,,,,,,,,,,,,,,,,,,,,,,,,,,,,,,,,,,,,,,,,,,, [ 10671572341 ],,,,,,
  ,,,,,,,,,,,,,,,,,,,,,,,, [ 2837046624301 ],,,,,,,,,,,,,,,,,,,,,,,,,,,,,,,,,,,,,,,,,,,,,,,,,
  ,,,,,,,,,,,,,,,,,,,,,,,,,,,,,,,,,,,,,,,,,,,,,,,,,,,,,,,,,,,,,,,,,,,,,,,,,,,,,,,,,,,,,,,,,,,
  ,,,,,,,,,,,,,,,,,,,,,,,,,,,,,,,,,,,,,,,,,,,,,,,,,,,,,,,,,,,,,,,,,,,,,,,,,,,,,,,,,,,,,,,,,,,
  ,,,,,,,,,,,,,,,,,,,,,,,,,,,,,,,,,,,,,,,,,,,,,,,,,,,,,,,,,,,,,,,,,,,,,,,,,,,,,,,,,,,,,,,,,,,
  ,,,,,,,, [ 41953306501 ],,,,,,,,,,,,,,,,,,,,,,,,,,,,,,,,,,,,,,,,,,,,,,,,,,,,,,,,,,,, 
  [ 355587294721 ],,,,,,,,,,,,,,,,,,,,,,,,,,,,,, [ 3998389141 ],,,,,,,,,,,,,,,,,,,,,,,,,,,,,,
  ,,,,,,,,,,,,,,,,,,,,,,,,,,,,,,,,,,,,,,,,,,,,,,,,,,,,,,,,,,,,,,,,,,,,,,,,,,,,,,,,,,,,,,,,,,,
  ,,,,,,,,,,,,,,,,,,,,,,,,,,,,,,,,,,,,,,,,,,,,,,,,,,,,,,,,,,, [ 14070482821 ],,,,,,,,,,,,,,,,
  ,,,,,,,,,,,,,,,,,,,,,,,,,,,,,,,,,,,,,,,,,,,,,,,,,,,,,,,,,,,,,,,,,,,,,,,,,,,,,,,,,,,,,,,,,,,
  ,,,,,,,,,,,,,,,,,,,,,,,,,,,,,,,,,,,,,,,,,,,,,,,,,,,,,,,,,,,,,,,,,,,,,,,,,,,,,,,,,,,,,,,,,,,
  ,,,,,,,,,,,,,,,,,,,,,,,,,,,,,,,,,,,,,,,,,,,,,,,,,,,,,,,,,,,,,,,,,,,,,,,,,,,,,,,,,,,,,,,,,,,
  ,,,,,,,,,,,,,,,,,,,,,,,,,,,,,,,,,,,,,,,,,,,,,,,,,,,,,,,,,,,,,,,,,,,,,,,,,,,,,,,,,,,,,,,,,,,
  ,,,,,,,,,,,,,,,,,,,,,,,,,,,,,,,,,,,,,,,,,,,,,,,,,,,,,,,,,,,,,,,,,,,,,,,,,,,,,,,,,,,,,,,,,,,
  ,,,,,,,,,,,,,,,,,,,,,,,,,,,,,,,,,,,,,,,,,,,,,,,,,,,,,,,,,,,,,,,,,,,,,,,,,,,,,,,,,,,,,,,,,,,
  ,,,,,,,,,,,,,,,,,,,,,,,,,,,,,,,,,,,,,,,,,,,,,,,,,,,,,,,,,,,,,,,,,,,,,,,,,,,,,,,,,,,,,,,,,,,
  ,,,,,,,,,,,,,,,,,,,,,,,,,,,,,,,,,,,,,,,,,,,,,,,,,,,,,,,,,,,,,,,,,,,,,,,,,,,,,,,,,,,,,,,,,,,
  ,,,,,,,,,,,,,,,,,,,,,,,,,,,,,,,,,,,, [ 38737807501 ],,,,,,,,,,,,,,,,,,,,,,,,,,,,,,,,,,,,,,,
  ,,,,,,,,,,,,,,,,,,,,,,,,,,,,,,,,,,,,,,,,,,,,,,,,,,,,,,,,,,,,,,,,,,,,,,,,,,,,,,,,,,,,,,,,,,,
  ,,,,,,,,,,,,,,,,,,,,,,,,,,,,,,,,,,,,,,,,,,,,,,,,,,,,,,,,,,,,,,,,,,,,,,,,,,,,,,,,,,,,,,,,,,,
  ,,,,,,,,,,,,,,,,,,,,,,,,,,,,,,,,,,,,,,,,,,,,,,,,,,,,,,,,,,,,,,,,,,,,,,,,,,,,,,,,,,,,,,,,,,,
  ,,,,,,,,,,,,,,,,,,,,,,,,,,,,,,,,,,,,,,,,,,,,,,,,,,,,,,,,,,,,,,,,,,,,,,,,,,,,,,,,,,,,,,,,,,,
  ,,,,,,,,,,,,,,,,,,,,,,,,,,,,,,,,,,,,,,,,,,,,,,,,,,,,,,,,,,,,,,,,,,,,,,,,,,,,,,,,,,,,,,,,,,,
  ,,,,,,,,,,,,,,,,,,,,,,,,,,,,,,,,,,,,,,,,,,,,,,,,,,,,,,,,,,,,,,,,,,,,,,,,,,,,,,,,,,,,,,,,,,,
  ,,,,,,,,,,,,,,,,,,,,,,,,,,,,,,,,,,,,,,,,,,,,,,,,,,,,,,,,,,,,,,,,,,,,,,,,,,,,,,,,,,,,,,,,,,,
  ,,,,,,,,,,,,,,,,,,,,,,,,,,,,,,,,,,,,,,,,,,,,,,,,,,,,,,,,,,,,,,,,,,,,,,,,,,,,,,,,,,,,,,,,,,,
  ,,,,,,,,,,,,,,,,,,,,,,,,,,,,,,,,,,,,,,,,,,,,,,,,,,,,,,,,,,,,,,,,,,,,,,,,, [ 1997770321 ],, 
  [ 2327666689 ] ]);
