BRENTFACTORS[7054]:=MakeImmutable([ ,,,,,,,,,,,,,,,, [ 585295316897, 600329723024666273 ],, 
  [ 174155728583, 8426043729803699 ], [ 27727446581 ],,, [ 457661716384127552167942147 ],, 
  [ 11654582094640201 ], [ 111314359825717309 ], [ 1252393651 ], 
  [ 160072955533, 384860743541 ], [ 7748124342352476149, 356379921943618651051 ],, 
  [ 1807035199, 5639549619199, 28744398129589601, 33081213800601833, 131178591565549243201 ],
  [ 49184497055267713 ], [ 1199832547, 1156729855777 ], [ 106756865019283337 ],,, 
  [ 3533955101, 2485896679705379, 5483691109982831341, 1854336460594834867618715988685301 ], 
  [ 39255132749349809, 276247002610452654877 ], [ 6988722183482544883237811420587 ], 
  [ 50141819465902067816761 ], [ 132570583666149281, 20266515421942673527841028829 ], 
  [ 10072119478513 ], [ 119503614289444939, 568388582589719039 ],, [ 50044611070801 ], 
  [ 336279851477561 ],, [ 5664424839937, 1297705244937889 ], [ 3874171280099 ], 
  [ 10383932051 ], 
  [ 69004884757, 4667945127043550411939706787, 439863164409602041756949541018463 ], 
  [ 16911849542101080269, 140266113786088056027809628601 ], 
  [ 7904250083, 8461839567190657, 2872662355336744073 ],, [ 1241405441, 232043674643523931 ],
  [ 619215321931529, 74364957366182754300510289201 ], [ 1458767029 ],, [ 215799197965207 ], 
  [ 27130170969653184814561 ],, 
  [ 94866646311413843, 1055654752502838263887, 10683330512821327546210513238412845503 ], 
  [ 1014668929, 33068694674583793, 100190445753666945139041642058994082164022536623 ], 
  [ 6596801473 ], [ 45739938431069611 ], [ 63430022595721 ], 
  [ 43726894817587, 939780324973136677, 3187526932009731550717, 
      52449218616167476287260115713, 3491379672107403268895630680189 ], 
  [ 47836357971355493610711298989673117047938365549 ], 
  [ 5749082513533, 20709430076130160963063 ], 
  [ 8686036623038330921, 1377750170169999427529701891 ], 
  [ 20829597169, 49327485127517098486337 ], 
  [ 9035374609, 273731394743983904135719557761882713 ], [ 3619406723, 857270242687 ],, 
  [ 686625231157051 ], [ 9373115246366329 ], [ 35441751499444907, 10355385013079368571 ],, 
  [ 44336502394168331 ],,, 
  [ 5536758163, 30262431519800309, 89413471543823428742927, 96611460380973658915935187, 
      151095674067704497482289904864732243 ],, 
  [ 15318562981, 16910996761, 2713531259809693, 3543684808123853211757 ], 
  [ 1445292317603283101 ],,, [ 30828735905186426527283970529115209 ],, 
  [ 47065676401, 11799846583584990175334753053991551 ], [ 624385757391761, 4499657978115119 ]
   ,,,, [ 6334539581, 800968054031 ], 
  [ 1072730881, 13089128879065756653952746404265650645320890817 ], 
  [ 323086533381695925938333 ], [ 11888216831, 42145188098673241 ], 
  [ 6467077084249, 1365733724435360281, 259969410236395067223271032613 ], [ 977624474201 ],, 
  [ 14423470651, 288180518401 ], [ 152040114392716811, 74437624258446709241053 ], 
  [ 809374027801, 10535880035049167657, 1951975185479714334889 ], [ 1400244511 ], 
  [ 80809506299 ], [ 901044990547063 ], [ 215362370123281 ], [ 64880409054763077031 ],,, 
  [ 82809636673, 1764054229943713, 1273662489207983357186369 ], [ 8731631201975996736601 ], 
  [ 634263930903268892913733, 1008467479088566299058514702761956262649900102167 ],, 
  [ 57379862510329, 2025536414370014695390639487897 ], [ 1153017322939, 22959013544767 ], 
  [ 2818624791288482899, 246588995734850656991, 988208359730131384758311 ], 
  [ 136594798872491, 2423086620400894661358503 ], 
  [ 14717025721, 2093614780086327361, 255864382343671052790841 ], [ 17167049893969524979 ], 
  [ 126580369709 ],, [ 11569304657 ], 
  [ 20524753751, 296764867210501, 11269101967579797334767001, 36797144528918075746794751 ],, 
  [ 65696085779 ], [ 23630517121, 5073726071783297, 3375396758110841585153 ],,, 
  [ 1178113546319, 766498595236967, 9296533824920570209 ], [ 2301567565836661 ], 
  [ 226238460368972731 ],, [ 1566760587619178881 ], [ 1104444955441 ], 
  [ 60569072467, 541054130320019, 978353065691584628021 ],, 
  [ 99378567637, 163143834629, 7961107091583391 ], 
  [ 3203721338146841, 610427436369251957681, 25799049719424469652987582761 ], 
  [ 159737966844687683857 ], [ 1246803148831 ], [ 1775922149, 14644029973 ], 
  [ 357632113537, 36369569086273 ], 
  [ 189636967061461, 361791237759258596721151, 3223477152558845708399711 ], 
  [ 3855681726844979 ],,,, 
  [ 33463590679255351, 1325655172707222301502101, 
      7900388661605740038251620991156287444568178151 ], [ 1516881882683 ], 
  [ 59970982716945649 ], [ 21272149958317890574219399 ], [ 44846259902289720737858227 ],, 
  [ 6512691433 ],, [ 163511616694238860159487 ], [ 20314725792181 ], [ 385900423734931201 ],,
  , [ 5252326041255053 ],, [ 6154334341 ],,, [ 8262615313 ], [ 1352708111 ], 
  [ 21204992184658140281 ],, [ 821287487689 ], [ 15151436189 ], [ 35419499662553543371 ], 
  [ 41634046742051 ],, [ 5697002390033107 ], [ 34683436448750580802777 ],,,, 
  [ 649307558343187972300801 ], [ 1591533366121, 48360557283319 ],, 
  [ 324126883481, 928769312483072471 ], [ 455495438079140161 ],, [ 8589580667310337 ], 
  [ 44716320701976812682529 ], [ 113395748260145251 ],,, [ 1060351651, 6828404661125821 ], 
  [ 25691626167386867, 511065442004846849, 11870155420076969713 ],, [ 1853869112749501 ],, 
  [ 1542221803, 99261480979, 205544555238133 ],,, [ 51911182939577191 ], 
  [ 143600554484363, 1987129812223826182559 ],,,, [ 258944365087 ], 
  [ 7896554857, 97150797363673, 7591025021509387, 25323702269714551 ], 
  [ 247023570977, 528459777337727041 ], [ 1914778163, 8715961477477 ],, [ 10839711019 ],, 
  [ 2691616764956113 ], [ 6010134442177, 866878175566262430381997 ], 
  [ 953472123761, 3466149839401 ], [ 5796657954937 ],, 
  [ 140007066781003, 43781341815981363299, 83329889301131689883 ], 
  [ 812356433394250579, 1593939639669910069 ], [ 5747350621, 493318613709461 ],,,, 
  [ 644006540440481 ],, [ 320654936353, 1134889790981281 ],, [ 2445188281 ], 
  [ 31542218421031 ], [ 878064088034251, 6325307688989994181 ], [ 409327268018352975523 ], 
  [ 43718049148274901137 ], [ 5132066866583 ], [ 122941304795557 ],, [ 6095601568853 ], 
  [ 27570082510729357 ], [ 4609962786997, 5554579716420415848078787 ], [ 1082627833709 ], 
  [ 4870296721, 196906761877201 ],, [ 2015845723, 32493122173139 ],, [ 326803383233 ],, 
  [ 26904787134664436495293 ], [ 9905563331197, 102610265034811 ],,,,, 
  [ 207728887877932933 ], [ 1026731179, 12075157183, 951138700513, 155754212850413 ], 
  [ 133904847253, 88024030372405549 ],,,,, [ 1818125829987527747 ], 
  [ 242342549173945666381781 ], [ 1312889509, 14402274266127979963 ],,, 
  [ 1355557390311299737, 4904409584960782661689 ],, [ 1106221117 ],, 
  [ 77202588473260069, 323226805374476197 ],,, [ 24465859671926861 ],,, 
  [ 1064322313, 40763026868797 ], [ 316597774580237982701 ], [ 4733243233, 7894824337 ],,, 
  [ 6669555247261 ],, [ 6166847770000111 ], [ 521130321367, 808950663187 ], 
  [ 136405185958991 ], [ 900120841573 ], [ 2733762751, 116000409093284941 ], 
  [ 281760765287, 8339685947399216983 ],, [ 219017971297, 9686974600561609441 ],, 
  [ 10847278031, 4616984994481, 1335218622759094176281 ],,, [ 24062194377901 ], 
  [ 1398745404227204757133789 ],, [ 54774195320249 ], [ 44587274539501 ], 
  [ 4184705942251589 ],, [ 49074228863402401 ],, [ 11822599833175111 ], [ 2393586073 ],,, 
  [ 17030818927 ],,,,,, [ 386643998758993 ],,, [ 2454912278911 ], [ 7938158992381 ], 
  [ 52213110577 ], [ 29899232239282669 ],,,,,,,, [ 17980057301, 27171856128642427 ], 
  [ 11281005577, 6375725753599 ],,, [ 129201663361 ],, [ 1214925351200343322277 ],, 
  [ 379870367391727367 ], [ 5838505291, 121146674634301 ], [ 6696401713 ],, 
  [ 2657506641869 ], [ 533035098559 ], [ 18072841153577410121 ],,,,, [ 3612840001 ], 
  [ 36069491929693 ], [ 2196745993313 ],, [ 3787134106277 ],, [ 1921296079, 336964172689 ],, 
  [ 1835036627533 ], [ 509108331250545355387 ], [ 1557664720831 ], 
  [ 15115966198049, 29807524146463741, 305980946012222933681 ], [ 1022365712095479148741 ],,
  , [ 11866477386798714701881, 18031925688661637980921 ],, [ 6071843988599108623 ],, 
  [ 579256527325907602081 ],,, [ 7134864617, 468091757314215857 ],, [ 73096062899221 ], 
  [ 278635442748821 ],, [ 1688333211744457, 66616522297445089273 ], 
  [ 1680836473, 540797537802149 ], [ 8367299273893126601 ], [ 1049529001 ],, 
  [ 14259132003871 ],,,,, [ 51328369212095066189407 ],,, [ 47851067438021 ], 
  [ 341356515652933697663, 28900980621489118284781 ], [ 23960769550723 ],,, 
  [ 377400139893539101 ],,,, [ 33308243861 ],,,,,, [ 208771249601, 5149119624240401 ],,,,,, 
  [ 35464389479 ],, [ 163935624817, 202126317601679089 ],, [ 509929749361 ],, 
  [ 10010830813029197 ], [ 1113633494821 ],, [ 1679813761, 79179651931 ],,,, [ 74610017693 ],
  [ 453475633582993241641 ],,,,,,,, [ 11986880326153, 43801439141813, 176153313948832229 ],,
  , [ 147784470119352793 ],, [ 794457187033, 2351568996241 ], 
  [ 85054416413, 26677274041905131 ], [ 2104704001 ], [ 1165158989, 77488916629 ],, 
  [ 71397888016524967 ], [ 24411272002973 ], [ 137281657481, 4910429497499681 ], 
  [ 18587830717, 1798728368977, 41909510753083 ], [ 4937136907 ],,, 
  [ 4827355044481, 570579999383671 ],, [ 24947767644523 ], 
  [ 713229336883841, 6732338755440257, 195475755517936769 ], [ 17309022739 ], 
  [ 18326993851 ], [ 153420785365079 ],, [ 121973395633, 6098848088743 ],, 
  [ 19434204791, 390759574331491 ],,,,,,,,, [ 1188957313 ],,,, [ 4375609636692529 ], 
  [ 613606501733 ], [ 219882486977712011, 79426478700115117321 ], 
  [ 382061987509, 904053104083 ],,, [ 20484215485157197, 10069159673487723159913 ],, 
  [ 7243273151353 ],, [ 105613749149, 7118252012059 ], [ 5155125534709 ], [ 83195496961 ], 
  [ 22589732774363 ], [ 30483455689, 4464369297633209, 13225402656370321 ], [ 197568186313 ],
  ,, [ 2582810891173 ], [ 14396961906493 ],, [ 30689571541 ], [ 2973547673421641 ], 
  [ 4535552009783 ],, [ 23161427141687501 ],, [ 10469726201881 ],, [ 3704238800765329 ],, 
  [ 8208070961, 486195026699141 ], [ 221410411116149501 ],, 
  [ 3327620453, 5811163731239, 15259371854913941 ],, [ 11301323405401, 976192728866209 ],, 
  [ 5433323808023 ],, [ 197958549228243821 ],, [ 22821772741 ], [ 8614738469 ], 
  [ 89761111559681, 9059726440412532737 ],,,, [ 86372983552513969, 2446747171715794513 ],,,, 
  [ 1282452601, 1872609997961 ],, [ 28201491728407, 624266979726437011 ],, [ 15621724849 ], 
  [ 55563859051 ], [ 269394584687539141 ],, [ 80348954401, 12446613424081 ],, 
  [ 1935518385991 ],, [ 248337344573871267373 ],,, [ 3574690241, 24979105061 ],,,,, 
  [ 17696423161 ],, [ 8843019042097, 160254546086753 ],, [ 189859805216914227809 ],, 
  [ 671791956109, 10931645386663 ], [ 3164989043 ],,,,, 
  [ 3014459857, 7360662769, 4233876417097, 333639813338337073 ],, 
  [ 1790549053, 2016005410316848921 ],,,, [ 11174303773, 44480335953708793 ],, 
  [ 17938496755238641 ],, [ 4298074841, 2606730218718079 ],,,, [ 59598962887, 502673419979 ],
  [ 17899548157 ],,, [ 34511958453906331 ],, [ 28610409257 ],, [ 61560775039, 282572069291 ],
  ,,, [ 115682265020756504731 ],,, [ 63704840767 ], [ 226732793045742667 ], [ 23711525311 ], 
  [ 14111848417, 49759802789009 ],,,, [ 50251585441 ], [ 629136303571 ], 
  [ 20611952671, 335019258066991 ], [ 1242175871767 ], [ 21908284173761 ],,,, 
  [ 539430866813, 35649845378761 ], [ 16753722043 ],,,,,,,,, [ 10432553737261 ],, 
  [ 132637381043137, 7406223493405501601 ],,, [ 2193151507 ], [ 262487846381077 ], 
  [ 2665106999 ], [ 115668527828879 ],, [ 103354892873 ],,,, [ 257821867620781 ],, 
  [ 3712491593 ], [ 217063824643 ], [ 30399114721 ],, [ 2194697783 ],, [ 1069973213 ],,,,,, 
  [ 314366988491 ],, [ 274847290609, 7175190227677 ],,, [ 4148746383151 ],, [ 2642182771 ],,
  , [ 57914016469 ],,,,,,,, [ 45197159331041 ],,,,,, [ 14732475899 ],, [ 165907885441 ],,,,,
  , [ 231336571861 ],, [ 171690097504733 ], [ 518525180353 ],,, [ 7182339206113 ],, 
  [ 20988826409 ],,,,,,,,,,,, [ 889170059849 ],,, [ 9828150723301 ], [ 506158550041 ],, 
  [ 2730236869 ],, [ 1577223959, 171647104912289 ], [ 7266856061 ], [ 16050509163961 ],, 
  [ 799628419069666129 ],,,,, [ 1292458471 ],,,,, [ 1137191226277, 3603122282329 ],,,,,,,,,, 
  [ 37044055457 ],,,, [ 10301394199 ],, [ 43062928662099457 ],,,, 
  [ 326758964897, 16385299735169 ],,,,,, [ 1978626919 ],, [ 1147004732449 ],, [ 4021601851 ],
  , [ 60675286192601 ],, [ 148828002667 ],,,,,, [ 37305858217 ], [ 42295745381 ], 
  [ 19334168251 ],, [ 2246782420913 ],,,, [ 4819378041980209 ],, [ 280524530057 ],,,,,,,, 
  [ 213822272569 ],,,,,,,,, [ 288664550701 ], [ 66094866473 ], [ 13797790399 ], 
  [ 38523904687 ],,,, [ 1636550051, 872447868553 ], [ 1513794259 ],,, [ 3294634543 ],, 
  [ 38954984881 ],, [ 629060838181 ], [ 8327948581, 46526001439 ], [ 25458329161 ],,,,,, 
  [ 35844537667, 214918077403 ], [ 14638210537 ],,, [ 3311874142396789 ],,, [ 3685834181 ], 
  [ 31453848557 ],,,,,,,,,,,, [ 1016569501, 514602727603 ],,,, [ 4842655177 ],, 
  [ 3776768558113 ],, [ 156627189241307 ],,,,,,,,,,,,, [ 5738770069 ],,, [ 735989033019923 ],
  , [ 1600984834030969 ],,,, [ 5592319169 ],, [ 27647747660051 ],, [ 32834684025863809 ],, 
  [ 14214069941 ], [ 55763744671 ],,,,,, [ 65120135263 ],,,,,,,,,,,,,,,,, 
  [ 14943567800265263 ],, [ 18943768801 ],,,, [ 3531670269661 ],, 
  [ 49818572383, 654791764032047 ],,,, [ 348536592050328841 ],,,,,, [ 155611376257 ],, 
  [ 1533924473243 ],,,,,, [ 3778438593620677849 ],,, [ 1215987691 ],,, 
  [ 6906911831, 2027750143388971 ],,,,, [ 49536711031 ], [ 1287790258793 ],, [ 1406049193 ],
  , [ 2181203161 ],, [ 24591508046563 ], [ 217085171447 ],,, [ 1499558413411 ],, 
  [ 570385868253793 ], [ 175544874907 ], 
  [ 2020967498761, 3014272001701, 547683314636761, 1739673074751301 ], [ 21970959473 ],, 
  [ 1371269287 ],,, [ 8116210702081 ], [ 3955138843 ],,, [ 609536712341 ],, [ 2756076283 ], 
  [ 24678340177 ],,,,, [ 10802198353 ],,, [ 2366777680417 ], [ 3383372152441 ],, 
  [ 570554632170181 ], [ 3508181041 ],, [ 492101236177 ], [ 10485708529 ], [ 10531363991 ], 
  [ 6919906561, 20396684208001 ],,,, [ 143559606857 ],, [ 683647551812191 ], [ 8932817221 ],,
  ,,,, [ 207736000123 ], [ 1877541331871 ], [ 2024911338451 ], [ 9289085857 ],,,, 
  [ 27555106091101 ], [ 3959608844197 ], [ 1428693143, 710901896671 ],, [ 7173295057 ],, 
  [ 580420007291 ],, [ 1369748381, 937186660073 ], [ 5809512593 ],,,,, [ 2772182215741 ],,,, 
  [ 2986241549 ],,,,,, [ 14651542681 ],, [ 11699415829, 335270502263 ],,,,,,,,, 
  [ 28996779841 ],,,, [ 1318767383 ], [ 2406841981, 4401373441 ],,,,, [ 13786869101 ], 
  [ 859353019093 ],, [ 5602564021 ], [ 55230519247 ],,,,,,, [ 119834763460637 ],, 
  [ 14669483159206483 ],, [ 30082034321 ],, [ 141767414603 ],, [ 118217849473 ],, 
  [ 4751656879 ],,,,, [ 5652191819 ],,,,,,,,, [ 1109474441 ],,,,,,,,, [ 2016997753 ],,, 
  [ 15210190993 ], [ 796625063737 ],,,,,,,,,,,,,,,,, [ 2759517031 ],,,,,,,,, [ 7455945701 ],,
  ,, [ 58068118861 ],,,, [ 5335186501 ],,, [ 612875324521 ],,,,,, [ 1027977733 ],,,,,, 
  [ 176763615139 ],,,,,,,,,,,,, [ 5455597691 ],, [ 320290989841 ],,, 
  [ 72203753641, 137766988806301 ],,,,,,,,,,,,,,,,,,,,,,, [ 217819728403 ],,,,,,, 
  [ 110882851561 ], [ 91281255683 ], [ 12955312613 ],,,, [ 1745750396801209 ], 
  [ 93362533067 ],,,,,,,, [ 1197840661 ],,, [ 108976512349 ],,, [ 1332264016927 ],,,,,,,,,,,,
  ,,, [ 1133939089 ],,,,,,,,,, [ 17316589578881 ],, [ 14685295536367 ],, [ 776152014721 ],,,,
  ,, [ 2524438305629 ],,,,, [ 1481990220491507 ],,,,,,,,,,,,,,, [ 51929331427 ],,,,,,, 
  [ 2563465087 ], [ 2626802707 ],,,, [ 88402486727 ],, [ 16264467424777321 ],, 
  [ 11279655696241 ],, [ 12264337937 ],,,, [ 12463009098773 ],,, [ 10966007519 ],,,,,,,, 
  [ 46904997221 ],,,,,,,,,,,,, [ 6533385601 ],,,,,,,,,,,,, [ 8567194501 ], [ 2828682379 ],,,,
  ,, [ 1365937633 ],,, [ 2690608351 ],, [ 8238222199 ],,, 
  [ 49060298761, 56715428881, 215141983321 ], [ 12388018319 ],,,,,,,,,, [ 2860449439 ],,,,,,,
  ,,,,, [ 1740052579, 12435011591 ], [ 5140762369 ],,, [ 1452440467 ],, [ 26891840153 ],,, 
  [ 2328561769, 17600633441 ],,,, [ 8615926369 ],, [ 152890469383 ], [ 5784936841 ], 
  [ 30390059521 ],,,,,,, [ 83787025211 ],,,,,,,, [ 3155113501 ], [ 3719096833, 32656624513 ],
  ,, [ 74334972937 ], [ 34648490761 ],,,,,,,,,,,,,, [ 1870023121, 27144546511 ],,, 
  [ 17931590249, 43018276423 ],, [ 1134969529 ], [ 259738794001 ], [ 403963903316707 ], 
  [ 4039993387 ], [ 102199691459 ], [ 20659280149 ],,,,,,,,,,,,,, [ 78241829711 ],,,,,,,,, 
  [ 3841704271721 ],,,, [ 1134024571, 1378293409 ],,,,,, [ 5309763859, 19759046023 ], 
  [ 42296614439 ], [ 76345370819, 79698566033 ],,,,,,, [ 1363310491 ],,,, [ 1669327001 ],,,,,
  , [ 4379436881 ],,,,,,,, [ 159240761569 ],,,,, [ 2503722469 ], [ 276564118256791 ],, 
  [ 29990114369 ],,,,,,, [ 13246527433 ],,,,,,,,, [ 393713084977 ],, [ 53605619741 ],,,,,,,,,
  ,, [ 2039783951 ], [ 5547731627 ],,,,, [ 3510791593 ],,, [ 76307095001, 119898051331 ],,,,
  , [ 24021385501 ],,, [ 30342078493 ],,, [ 1516208851 ],,,,,,,,,, [ 5365248649 ],,,,,,,,,,,,
  ,, [ 2427494731 ], [ 54625417849 ], [ 3499369693 ], [ 2797742197 ], [ 384726319633 ], 
  [ 1681247801 ],,, [ 7934808127 ],,,, [ 4404385549 ],,,,, [ 6945204949 ],,,,, 
  [ 907358296891 ],,,,,,,,,,, [ 4444214503 ],,,,,,,,,,,, [ 36856015561 ],,,,,,,,, 
  [ 2779026823 ],, [ 4484881301 ],,,, [ 10102778431 ],,,,,,,,,, [ 182266002691 ],,,,,,,,, 
  [ 158599089713 ],,,,, [ 1321350319 ],, [ 2213818279 ],,,, [ 6921069451 ],,,,,,,, 
  [ 254927996505131 ],,, [ 650094497981 ],,,,,, [ 1619346569 ],,,, [ 5114710009 ],,,,,,,,,,,,
  ,,,,,,,,,,,, [ 1008191521, 10922232721 ],,, [ 254994712831 ],,, [ 59682123901 ],,,, 
  [ 3137049309551 ],,,,,,,,,,,,,,,,,,,,,,,,,,,,,,, [ 2572310596589 ],,,, [ 6149345551 ],,,,,
  , [ 7474942681 ],,,,, [ 6701996393, 442861727399953 ],,,, [ 1289684521 ],, [ 605749306007 ]
   ,, [ 2152711633 ], [ 94676978261, 2694483379751 ], [ 5361089509 ],, [ 4266237840757 ],,,,
  , [ 1721239147 ],,,, [ 3283052893 ],,, [ 11060885441 ],,,,, [ 33585169457831 ],,, 
  [ 504008250721 ],,,,,,,,,,,,,,,,,,,,,,,,,, [ 11588899525711 ],, [ 4255095773 ],,,,,,,,,,, 
  [ 105645434623 ],,,,,,,,,,, [ 175617511039 ],,,,,,,,,,,, [ 10460409931 ],,,,, 
  [ 9255457411 ],,,,,, [ 46451614931 ],,,,,,,,,, [ 1021359589 ],,,, [ 8178435301 ],,,, 
  [ 344662039151 ], [ 491400676995181 ],,, [ 30861295489 ], [ 6103405177 ],, [ 10303587367 ],
  ,,,,, [ 480113169121 ],,,,,, [ 51719254243 ],,,, [ 1423317079 ],,,,,,,,,, [ 2835126053 ],,
  , [ 38049295681 ],,, [ 1447585621 ],,,,,,, [ 1377158791 ], [ 10838411821 ],,,,,,,,,,,,,,, 
  [ 653507049313 ],,,,,,,,,,,,,,,, [ 3663614683 ],, [ 69236819233 ],,,,,,,,,,,,,,,,, 
  [ 1306950301 ],,,,,,,,,,,,,,,,,, [ 2721994003, 64212249949 ],,,, [ 16375599649949 ],,,,, 
  [ 3865132723, 12205246021 ],,,,,,,,,,,,,,, [ 27385555033 ],,,,,,, 
  [ 1540297141, 5198050721 ],, [ 1306665379, 2039774311 ],,, [ 1951094941 ],,,,,,,,,,,,,,,,,,
  ,,,, [ 154385881729 ],,,,,,,,,,,,,, [ 4311337339 ],,,,,,,,, [ 1109753431 ], 
  [ 5267903761 ], [ 892946271251 ],,, [ 10247404081 ], [ 21262471381 ],,,,,,,,,,,,,,,,,,, 
  [ 2946696481 ],,,,,,,,,,,,, [ 112641756319 ], [ 7994885719 ],,,,,,,, [ 1505242201 ],,, 
  [ 1332532361, 1552479601, 60321604121 ],,,, [ 17466759091 ],,, [ 1916122561 ],,,,,,,, 
  [ 3923710841, 367298812841 ],,,,,,,, [ 39462727921 ],,,, [ 3138310397 ],,,,,,,,,,,,, 
  [ 5247733921, 10224622981 ],,,,,,,,,,,,,,,,, [ 2615220061 ],,, [ 13659482951 ],,,,,,,,,,,,,
  ,,,,,,,,,,,,,,,,, [ 241577235371 ], [ 5117011597, 137801878957 ],,,,,,,,,,,,,,,, 
  [ 9071153197 ],,,,,,,, [ 2477899621 ],,,,,,,,,,,,,,,,,,,, [ 10461010561 ], 
  [ 2704227339241 ],,, [ 21109088089 ],, [ 5405237077 ],,,,,,,, [ 71137660021 ], 
  [ 97062208541 ],,,,,,,,,,,,,,,,,,,,,, [ 2158946659 ], 
  [ 1409637791, 2812917683, 23378063843 ],,,,,,,,,,,,,,,,,,,,,,,,,,,,,,,,,,,,,,,,,,,,,,,,,,,,
  ,,,,,,,,,,,,,,,, [ 18365663347 ],,,,,,,,, [ 72612087091 ],,, [ 1793652787 ],,,,,,,,,,,,,, 
  [ 20230453549 ], [ 12540014089 ],,,,,,,,,,,,,,, [ 3499348933 ],,, [ 322634013133 ],,,,,,,,,
  ,,,, [ 1806666101 ],,,,,,,,,,, [ 4408181611 ], [ 1060595009, 2300648081, 9771543409 ],,,,,,
  ,,,,,,,,,,,,,,,, [ 5400838013 ],,,,,,,,,,,,,, [ 1944301309189 ],,,,,,,, [ 1333708681 ],,,,,
  ,,,,,,,,,,,,,,,,,,, [ 2543173849 ],,,,,, [ 34796049331 ],,,,,,,,,,,, [ 4531324663 ],,,,,,,,
  ,,,,,, [ 102735012817 ],,,,,,,, [ 12712012421 ],,,,,, [ 81350773681 ],, [ 20066778577 ],,,,
  ,,,,,,,, [ 81449981089 ],,,,,, [ 41042143917451 ],,,,, [ 152101521041 ],,,,,,, 
  [ 20789966443 ],,, [ 6925961701 ],,,,,,, [ 1411058357 ],,,,,,,,,,,,,, [ 1403660113 ],,,, 
  [ 1957364011 ],,,,, [ 15986134201 ], [ 1740254561, 34109531941 ],, 
  [ 2019347461, 2922235597 ],,,,,,,,,,,,,,,,,,,,,,,,,,,,,,,, [ 4376212171 ], [ 6432695023 ],,
  ,,, [ 3649033253 ],,,,,,,, [ 16024300433 ],,,,,, [ 1785055901 ],, [ 34923002557 ],, 
  [ 12307619791, 5140883968369 ],,,,,,, [ 4494295951 ],,,,,,, [ 18350858155657 ],,,,,,,,,, 
  [ 1851464759 ], [ 1070673067 ],,,,,,,,, [ 25188769537 ],,,,,, [ 186971555383 ],, 
  [ 15180248740457 ],, [ 2823214181 ],, [ 1601116201 ],,,,,,,,,,,,,,,,,,,,,,,,,,,,,,,,,,,,,,
  , [ 423915616147 ],,,,,,,,,,,,,,,,,,,,,,,,, [ 95688063061 ],, [ 1115215243 ],,,,,,,,,,,, 
  [ 10840753303 ],,,,,,,, [ 1577878961 ],,,,,,,,,,,,,,,,,,,,,,,,,,,,,,,,,,,,,,,,,, 
  [ 8007301009, 1199151203797 ],,,,,,,, [ 1230787133 ],, [ 2646540007 ],,,,,,,,,,,,,, 
  [ 6227687093 ],,,,,,,, [ 17360491721 ],, [ 9421343389 ],, [ 5586441073 ],,,,,,,,,,,,, 
  [ 156672150307 ],,,,,,,,,,,,, [ 2378860151, 4090699631 ],,,,,, [ 1654276289 ],,,,,,,,,,,,,,
  ,, [ 2887542113 ],,,,,,,,,,,,,,,,,,,,,,,, [ 3032567977 ],,,,,,,,,,,, [ 10731899201 ],,,,,,,
  ,,,,,,,,,,, [ 1922667977 ],, [ 3107157649 ],,,,,,,,,,,,,, [ 1481153437 ],,,,,, 
  [ 10384330861 ],,,,,, [ 3295001791 ],, [ 36392570789 ],,,,,, [ 94713445231 ],,,,,,,, 
  [ 6205713991 ],,,,,,,,,,,,,,,,,,,,,,,,,,,,,,,, [ 159931738513 ],, [ 5429987653 ], 
  [ 34605682021 ],,,,,,,,,,,,,,,,,,,,,,,,,,,,,, [ 113580660001 ],,,,,,,,,,,,,,,,,,,,,,, 
  [ 3632343041, 8607573043 ],,,,,,,,,, [ 7269876181 ],,,,,,,,,,,, [ 2918111041 ],, 
  [ 292552851263 ],,,,,,,,,,,,,,,,,,,,,,,,,,,,,,,,,,,,,, [ 594825737881 ],,,, [ 5675766713 ],
  ,,,,, [ 4422777661 ],,,,,,,,,,,,,, [ 19293285617 ],,,,,,,,,, [ 21933772921 ],,,,,,,,,,,,,,,
  ,,, [ 143480386897 ],,,, [ 4825180273 ],,,,,,,,,,,,,,,,,,,,,,,,,,,, [ 7351186229 ],,,,,,,,,
  ,,,,,,,,, [ 29116328207 ],,,,,,,,,, [ 1096712233 ],,,, [ 29979865189 ],,,,,,,, 
  [ 8363392357 ],,,,,,,,,, [ 6466639159 ],,,,,, [ 3056486401 ],,,,,, [ 1065687364351 ],,,,,,,
  ,, [ 742851965311 ],,,,,,,,,,,,,,,,,,, [ 105424670719 ],,,,,,,,,, [ 1464618497 ],,,,,,,,,,,
  ,,,,, [ 6580556641 ],,,,,,,,,,,, [ 1854417913 ],,,,,,,,,,,,,,,,,,,,,,,,,,,, [ 2621913401 ],
  ,,,,,,,,,,,,,,,,,,, [ 11217764161 ],,,,,,,,,,,,,,,,,,,,,,,, [ 2822988253 ],, 
  [ 15180842993, 20441313617 ],,,,,, [ 21705054101 ],, [ 1133582077 ],,,, [ 1938485641 ],,,,,
  ,,,,,,, [ 20983558451 ],,,,,,,, [ 8212563143 ],,,,,,,,,,,,,,,,,,,,,,,,,, [ 5407978993 ],,,,
  ,,,,,,,,,,,,,,,,,, [ 4058782127 ],,,,,,,,,,,, [ 5605497523 ],,,,,,,, [ 2006843246533 ],,,, 
  [ 6025461151, 12390991001 ],,,, [ 4306069049 ],,,,,,,,,,,,,,,,,,,,,,,,,,,, [ 30443170843 ],
  ,,, [ 46051555441 ],,,,,,,, [ 22280598905386183 ],,,,,,,,,,,,,,,,,,,,,,,,,,,,,,,,,,,,,,,,,
  , [ 12646102537 ],,,,,,,,,,,,,,,,,,,,,,,,,,,,,,,,,,,,,,,,,,,,,,,,,,,,,,,,,,,, 
  [ 270499381153 ],,,,,,,,,,,,,,,,,,,,,, [ 1890305561 ],, [ 349811014681 ],,,,,, 
  [ 7448259097 ],,,,,,,,,,,, [ 2619575449 ],,,,,, [ 137474678017 ],,,,,,,,,,,,,,,,,, 
  [ 3594986011 ],,,,,,,,,,,, [ 3418368433 ],,,,,,,,,,,,,,,, [ 1122086351 ],,,,,,,, 
  [ 116933427883 ],,,,,, [ 269333470801 ],,,, [ 2861529217 ],,,,,,,,,,,, [ 1394384041 ],,,,,,
  ,,,, [ 3566697925261 ],,,,,,,,,,,,,,,,,,,, [ 78983731751 ],,,,,,,,,,,,,,,,,,,,,,,,,, 
  [ 6286511533 ],, [ 10543742959 ],,,, [ 4395301333 ],,,,,,,,,,,,,,,,,, [ 27702487801 ],,,,,,
  ,,,,,,,,,,,,,,,,,,,,,,,, [ 8770396291 ],,,, [ 12324285709 ],,,,,,,,,,,,,,,,,,,,,,,,,,,,,,,
  , [ 10678165483 ],,,,,,,,,,,,,,,,,,,,,,,,,,,,,,,,,,,,,,,,,,,,,,,,,,,,,,,,,,,,,,,,,,,,,,,,,,
  ,,,,,,,,,,,,,,,,,,,,,,,,,,,,,, [ 16789697882651 ],,,,,,,,,,,,,,,,,,,,,,,,, [ 45120192391 ],
  ,, [ 9830659417 ],,,,,,,,,,,,,,,,,,,,,,,,,,,,,,,,,,,,,,,,,,,,,,,,,,,,,,,,,,,,,,,,,,,,,,,,,,
  ,,,,,,,,,,,,,,,,,,,,,,,,,,,,,,,,,,,,,,,,,, [ 19235904611239 ],,,,,,,,,,,,,,,,,,,,,,,,,, 
  [ 6614336401 ],,,,,,,,,,,,,,,,,,,,,,,,,,,,,,,,,,,,,,,,,,,, [ 3652452721 ],,,,,,,,,,,,,,,,,
  , [ 2590432093 ],,,,,,,,,, [ 1817119921 ],,,,,,,,,,,,,,,,,,,,,,,,,,,,,,,,,,,,,,,,,,,,,,,,,
  , [ 1345572313 ],,,,,,,,,,,, [ 20101736143 ],,,,,,,,,,,,,,,, [ 27321230851 ],,,,,,,,,,,,,,,
  ,,,,,,,,,,,,,,,,,,,,,,,,,,,,,,,,,,,,,,,,,,,,,,,,,,,,,,,,,,,,,,,,,,,,,,, [ 52857160093 ],,,,
  ,, [ 3239585119 ],,,,,,,,,,,,,,,,,, [ 14792422501 ],,,,,,,,,,,, [ 1169975137 ],,,,,,,,,,,,,
  ,,,,,,,,,,,,,,,,, [ 2898908791 ],,,,,,,,,,,,,,,,,,,,,,,,,,,,,,,,,,,,,,,,,, [ 8941385377 ],,
  ,,,, [ 692064534331 ],,,,,,,,,,,,,,,,,,,,,,,,,,,,,,,,,,,,,,,,,,,,,,,,,,,,,, 
  [ 111520704853 ],,,,,,,,,,,,,,,,,,,,,,,,,,,,,, [ 1762509313, 1175332883209 ],,,,,,,,,,,,,,,
  ,,,,,,,,,,,,,,,,,,,,,,,,,,,,,,,,, [ 32804225089 ],,,,,,,,,,,,,,,,,,,,,,,,,,,,,,,,,,,,,,,,,,
  ,,,,,, [ 1575965071 ],,,,,,,,,,,, [ 10176865903 ],,,,,,,,,,,,,,,,,,,,,,,,,,,,,,,,,,,,,,,,,
  , [ 88044488281 ],,,,,,,,,,,,,,,,,, [ 3358585513 ],,,,,,,,,,,,,,,,,,,,,,,,,,,,,,,,,,,,,,,,,
  ,,,,,,, [ 34366523911 ],,,,,, [ 1881620929 ],,,,,,,,,,,, [ 6522392783581 ],,,,,,,,,,,,,,,,,
  ,,,,,,,,,,,,,,,,,,,,,,,,,,,,,,,,,,,,,,,,,,,,,,,,,,,,,,, [ 202585324321 ],,,,,, 
  [ 20467564903 ],,,,,, [ 532655355649 ],,,,,,,,,,,,,,,,,,,,,,,,,,,,,, [ 9753798709 ],,,,,,,,
  ,,,,,,,,,,,,,,,,,,,,,,,,,,,,,,,,,,,,,,,,,,,,,, [ 1235412109 ],,,,,,,,,,,, [ 4124709313 ],,,
  ,,,,,,,,,,,,,,,,,,,,,,,,,,,,,,,,,,,,,,, [ 1464194341 ],,,,,,,,,,,,,,,,,, 
  [ 13406493673, 17196693229 ],,,,,,,,,,,,,,,,,, [ 7160835403 ],,,,,, [ 1215109681 ],,,,,,,,,
  ,,,,,,,,, [ 1410834031 ],,,,,, [ 127205827237 ],,,,,,,,,,,,,,,,,, [ 30664915711 ],,,,,,,,,,
  ,, [ 7169141773, 22858607617 ],,,,,, [ 1292973697 ],,,,,, [ 241961338243 ],,,,,, 
  [ 1468923061, 18395097229 ],,,,,, [ 26438732251, 77340821251 ],,,,,, [ 314704419121 ],,,,,,
  ,,,,,, [ 2965810249 ],,,,,,,,,,,,,,,,,,,,,,,,,,,,,, [ 32828158575757 ],,,,,,,,,,,,,,,,,,,,,
  ,,, [ 9187161043 ],,,,,,,,,,,, [ 1283701777 ],,,,,,,,,,,,,,,,,,,,,,,,,,,,,,,,,,,,,,,,,,,,,,
  ,,,,,,,,,, [ 26643794101, 39463768961 ],,,,,,,,,, [ 3638331001 ],,,,,,,,,,,, 
  [ 1283932057 ],,,,,,,,,,,,,,,,,,,,,,,,,,,,,,,,,,,,,,,,,,,,,,,,,,,,,,,,,,,,,,,,,,,,,,,,,,,,,
  ,,,,,,,,,,,,, [ 13499779677847 ],,,,,,,,,,,,,,,,,, [ 1492812241 ],,,,,,,,,,,,,,,,,,,,,,,,,,
  ,,,,,,,,,,,,,,,,,,,,,,,,,,,,,,,,,,,,,,,,,,,,,,,,,,,,,,,,,,,,,,,,,,,,,,,,,,,,,,,,,,,,,,,,,,,
  ,,,,,,,,,,,,,,,,,,,,,,,,,,,,,,,,,,,,,,,,,,,,,,,,,,,,,,,,,,,,,,,,,,,,,,,,,,, 
  [ 317964186289 ],,,,,,,,,,,,,,,,,,,,,,,,,,,,,,,,,,,,,,,,,,,,,,,,,,,,,,,,,,,,,,,,,,,,,,,,,,,
  ,,, [ 1264055431 ],,,,,,,,,,,,,,,,,,,,,,,,,,,,,,,,,,,,,,,,,,,,,,,,,,,,,,,,,,,,,,,,,,,,,,,,,
  ,,,,,,,,,,,,,,,,,,,,,,,,,,,,,,,,,,,,,,,,,,,,,,,,,,,,,,,,,,,,,,,,, [ 2514568681 ],,,,,,,,,,,
  ,,,,,,,,,,,,,,,,,,,,,,,,,,,,,,,,,,,,,,,,,,,,,,,,,,,,,,,,,,,,,,,,,,,,,,,,,,,,,,,,,,,,,,,,,,,
  ,,,,,,,,,,,,,,,,,,,,,,,,,,,,,, [ 33316122601 ],,,,,,,,,,,, [ 15876792361 ],,,,,,,,,,,,,,,,,
  ,,,,,,,,,,,,,,,,,,,,,,,,,,,,,,,,,,,,,,,,,,,,,,,,,,,,,,,,,,,,,,,,,,,,,,,,,,,,,,,,,,,,,,,,,,,
  ,,,,,,,,,,,,,,,,,,,,,,,,,,,,,,,,,,,,,,,,,,,,,,,,,,,,,,,,,,,,,,,,,,,,,,,,,,,,,,,,,,,,,,,,,,,
  ,,,,,,,,,,,,,,,,,,,,,,,,,,,,, [ 5693517901 ],,,,,,,,,,,,,,,,,,,,,,,,,,,,,,,,,,,,,,,,,,,,,,,
  ,,,,,,,,,,,,,,,,,,,,,,,,,,,,,,,,,,,,,,,,,,,,,,,,,,,,,,,,,,,,,,,,,,,,,,,,,,,,,,, 
  [ 7637365261 ],,,,,,,,,,,,,,,,,,,,,,,,,,,,,,,,,,,,,,,,,,,,,,,,,,,,,, [ 4675520881 ],,,,,,,,
  ,,,,,,,,,,,,,,,,,,,,,,,,,,,,,,,,,,,,,,,,,,,,,,,,,,,,,,,,,,,,,,,,,,,,,,,,,,,,,,,,,,,,,,,,,,,
  ,,,,,,,,,,,,,,,,,,,,,,,,,,,,,,,,,,,,,,,,,,,,,,,,,,,,,,,,,,,,,,,,,,,,,,,,,,,,,,,,,,,,,,,,,,,
  ,,,,,,,,,,,,,,,,,,,, [ 8888066401, 11030164261 ],,,,,,,,,,,,,,,,,,,,,,,,,,,,,,,,,,,,,,,,,,,
  ,,,,,,,,,,,,,,,,,,,,,,,,,,,,,,,,,,,,,,,,,,,,,,,,,,,,,,,,,,,,,,,,,,,,,,,,,,,,,,,,,,,,,,,,,,,
  ,,,,,,,,,,,,,,,,,,,,,,,,,,,,,,,,,,,,,,,,,,,,,,,,,,,,,,,,,,,,,,,,,,,,,,,,,,,,,,,,,,,,,,,,,,,
  ,,,,,,,,,,,,,,,,,,,,,,,,,,,,,,,,,,,,,,,,,,,,,,,,,,,,,,,,,,,,,,,,,,,,,,,,,,,,,,,,,,,,,,,,,,,
  ,,,,,,,,,,,,,,,,,,,,,,,,,,,,,,,,,,,,,,,,,,,,,,,,,,,,,,,,,,,,,,,,,,,,,,,,,,,,,,,,,,,,,,,,,,,
  ,,,,,,,,,,,,,,,,,,,,,,,,,,,,,,,,,,,,,,,,,,, [ 17761906681 ],,,,,,,,,,,,,,,,,,,,,,,,,,,,,,,,
  ,,,,,,,,,,,,,,,,,,,,,,,,,,,,,,,,,,,,,,,,,,,,,,,,,,,,,,,,,,,,,,,,,,,,,,,,,,,,,,,,,,,,,,,,,,,
  ,,,,,,,,,,,,,,,,,,,,,,,,,,,,,,,,,,,,,,,,,,,,,,,,,,,,,,,,,,,,,,,,,,,,,,,,,,,,,,,,,,,,,,,,,,,
  ,,,,,,,,,,,,,,,,,,,,,,,,,,,,,,,,,,,,,,,,,,,,,,,,,,,,,,,,,,,,,,,,,,,,,,,,,,,,,,,,,,,,,,,,,,,
  ,,,,,,,,,,,,,,,,,,,,,,,,,,,,,,,,,,,,,,,,,,,,,,,,,,,,,,,,,,,,,,,,,,,,,,,,,,,,,,,,,,,,,,,,,,,
  ,,,,,,,,,,,,,,,,,,,,,,,,,,,,,,,,,,,,,,,,,,,,,,,,,,,,,,,,,,,,,,,,,,,,,,,,,,,,,,,,,,,,,,,,,,,
  ,,,,,,,,,,,,,,,,,,,,,,,,,,,,,,,,,,,,,,,,,,,,,,,,,,,,,,,,,,,,,,,,,,,,,,,,,,,,,,,,,,,,,,,,,,,
  ,,,,,,,,,,,,,,,,,,,,,,,,,,,,,,,,,,,,,,,,,,,,,,,,,,,, [ 119076112471 ],,,,,,,,,,,,,,,,,,,,,,
  ,,,,,,,,,,,,,,,,,,,,,,,,,,,,,,,,,,,,,,,,,,,,,,,,,,,,,,,,,,,,,,,,,,,,,,,,,,,,,,,,,,,,,,,,,,,
  ,,,,,,,,,,,,,,,,,,,,,,,,,,,,,,,,,,,,,,,,,,,,,,,,,,,,,,,,,,,,,,,,,,,,,,,,,,,,,,,,,,,,,,,,,,,
  ,,,,,,,,,,,,,,,,,,,,,,,,,,,,,,,,,,,,,,,,,,,,,,,,,,,,,,,,,,,,,,,,,,,,,,,,,,,,,,,,,,,,,,,,,,,
  ,,,,,,,,,,,,,,,,,,,,,,,,,,,,,,,,,,,,,,,,,,,,,,,,,,,,,,,,,,,,,,,,,,,,,,,,,,,,,,,,,,,,,,,,,,,
  ,,,,,,,,,,,,,,,,,,,,,,,,,,,,,,,,,, [ 1068398481151 ] ]);
