BRENTFACTORS[2960]:=MakeImmutable([ ,,,,,,,,,, [ 8769817519 ],,,,,, 
  [ 10842278589484360917389 ],, [ 10787527364129, 2274970093501799 ],, [ 2671780658093821 ],
  , [ 124802761460482203952613 ], [ 5267234737 ], [ 710815884458623141942651 ],, 
  [ 2300134848391, 2415773782243 ], [ 2480286357781 ], [ 903789696639378075425601031258339 ],
  ,, [ 4908785207713, 516561965660449 ],, [ 3280541061673247089 ], 
  [ 706734673961, 1546648082281, 413379008335021 ],, 
  [ 1535262218216261632362904248653700728287114180862203951923751 ], 
  [ 3698562799743793088111 ], [ 798000737119 ], [ 2813855280601, 479864115569885561 ], 
  [ 45439946867439931 ], [ 305589679295503 ], [ 201142252925229095677 ],, 
  [ 41572340294425028697104246673477721 ], [ 172387790546224024529539845857 ], 
  [ 10465310461 ],, 
  [ 4560076560551, 16049907519157, 1053633834709815455713, 8595900698529322950400987, 
      4988003079260615405309019283 ], [ 713357454301, 61702747719551 ], 
  [ 27902406132438440318473464141969736667584801524730879 ], 
  [ 6958600273, 2245422403849, 51802321970881, 578218975013213 ], 
  [ 2003614651, 18345116009790175889, 890556077772183762515254337 ], 
  [ 1596116486706916069459 ],, [ 6486396001, 593383063337, 68948493115845169 ],, 
  [ 3947637877, 2528933350672405352993 ], 
  [ 12633855780620711033, 1632971762979916038841029877 ],, [ 432987843741580069 ],, 
  [ 168123571304999903891299, 125220545353803869286191817459645814585506199531 ], 
  [ 19389032833, 4650421527361, 491451481930122089691866971688321 ],, 
  [ 15227940348965652206574617437 ], [ 190663132166047 ], 
  [ 3349499014397, 19858360834896869388528954498800268119675057 ],, 
  [ 16231074791, 25251910111, 111571635421 ], 
  [ 14161374055584061, 217887286669353852225991, 12312724791301374667834723 ], 
  [ 388265361677569, 644357566003641809113 ],,, 
  [ 2077647151, 10114051501, 716929863139972051, 3496877892983642258730434375004664929901 ], 
  [ 132341211787136888000907581 ],, [ 400326967951 ], [ 814209933953152574753 ], 
  [ 3267341201 ], [ 83661858388293391 ], 
  [ 17674257839135010954479, 91801867938199075414056223, 
      475050548416197384012576003211402669 ],, [ 9736251085967192195495883338436200461 ],,, 
  [ 92681738059, 182066334979, 99188336095357 ], 
  [ 3349474821089, 171089632315097, 159408337955989629245208563896038146535593 ],,, 
  [ 14933178443, 64137950423 ], 
  [ 137564540753441, 5076190334612321, 193268325527664781, 6365791432707742006277 ],, 
  [ 31165011263, 81544534538220643 ],,,, [ 213677171013147875387621 ],,, 
  [ 1217563468584998484823 ], [ 1616222852292091, 1878097371627487333445936700411264277 ],, 
  [ 532917423797034329 ],, [ 401711672645758992071, 44145186390316532365491569297 ], 
  [ 6483978078737044220191 ],, [ 183720598067, 1091012289923681 ], 
  [ 64577519935689396131, 103570100727115560713488171 ],, [ 988508232925249 ],, 
  [ 159213254450285617, 54616457173080198347893398641721665707237 ],, 
  [ 19878930987517447546364966909 ], [ 4193636767633 ], [ 625014637781961050677690067 ], 
  [ 664256256413 ], [ 23028111134974730041, 75922112435265760201 ],, [ 171664405747 ], 
  [ 366980295736034533627 ], [ 1007365663166469509173729, 61387182049863419172453881 ], 
  [ 1326467503605111190501 ], [ 36326723097999979, 112812399420244585344991 ], 
  [ 5060040173, 8988984817 ],, [ 4617423163, 5974390159, 57675277456837, 2965071800988066139 
     ], [ 7810662539974451 ], [ 1420158763874120047558513 ], 
  [ 36021913407734101, 3293634411869302940751688861 ],,, [ 301708680047715486331 ],, 
  [ 3797847967, 35303522740102769166713, 1479573614893889031477407 ], 
  [ 17746985572839637, 24246265041041881943722291, 
      1448079367594229191964680711072412007370191824569 ], 
  [ 279709853382053, 27018991065561389, 101994859681619415870536809 ], [ 20269165001 ], 
  [ 3401268735458132629, 1259565944546364501501799 ], [ 1199161088128738169 ], 
  [ 292418133437 ],, [ 4392385935129553111 ], [ 354686967796543, 2822599421833903 ],, 
  [ 5414965237637, 23340433135323893 ],, [ 13574223769419579500420936924851 ],, 
  [ 26956994720712146369 ],,, [ 1321480711 ],, [ 375331399393 ], [ 3954967837 ], 
  [ 4088322376620327739 ], 
  [ 2781180204164161, 6703367078396161, 3274990616174825235041, 1995419697135505569750881 ], 
  [ 2119723103, 148217505143 ], [ 19339358221063, 1579674726650827 ], 
  [ 2355893117, 3231063263, 566333790091 ], 
  [ 19464424297, 152603082251089, 16764256939216953893 ], [ 1444186667551 ], 
  [ 326668028736554758943671379 ],, [ 9790129863528673 ], [ 467989236933037 ], 
  [ 2073046334862071 ],,, [ 2640081437167 ],,, 
  [ 88613678737, 52866528344206897, 3078417747390457600395697 ], 
  [ 2273435017219, 207661377471871 ], [ 972434135539, 305750287909920211 ], [ 11605212611 ],
  , [ 546323004341, 2039784052278099493 ],,,, [ 20073573371, 19500184132597980401 ], 
  [ 2287135426837, 268870340124229699 ],,, [ 20870236590337, 1110623958021092687047 ], 
  [ 7721437713990331 ],,, [ 1664899447 ],, [ 124829166151 ], 
  [ 22067911892858357, 845523423421876597133 ], [ 317196851504562353 ], 
  [ 206152315294142247526988377729867 ],, [ 1381366601, 10704922753001 ], 
  [ 1500226213, 472489567567, 2080170147870889 ], [ 67614118721 ], [ 84276938803 ], 
  [ 242289328549, 5706761517661, 16303396822473529002229, 3322741134433342745481749821 ], 
  [ 9455814743782331 ], [ 881371420052129 ], [ 12479948598079 ], [ 10454278707551407873 ],, 
  [ 1119269670277653518141467531 ], [ 401937965549, 450739908679 ], [ 13441359651593 ],, 
  [ 108806274277, 207713293111, 14860890829778693916473 ],,,, [ 531558232924591395712661 ], 
  [ 43733655260059, 1133776918120579 ], 
  [ 44327581433741, 13412461857440907581, 2082886486270431858061 ], 
  [ 42888265992634352583281 ],,,, [ 6712567546501 ],,, [ 1717197961 ], [ 8322195257 ],,, 
  [ 21346882290049, 4656975154446049, 17319289843381096817, 133764951266382609498761 ],,,, 
  [ 837672808878757 ], [ 8099866315977043 ],,,, [ 559984966705789 ],, [ 407768982322951 ], 
  [ 2238400369, 818185329353435749, 29492505520067749781 ],, 
  [ 394293408591980533, 23243502781480039333813 ],, [ 5864728140151254641224297 ], 
  [ 2336516401, 19868247983085361 ], [ 2975598751, 22404936251 ], [ 480868437189226487 ], 
  [ 1112966821, 38399976823467375397 ], [ 274147461919, 45653546048837 ], 
  [ 10502286083, 1638114968338061 ],, [ 548123471918636215764737 ],, [ 24858026422219 ],, 
  [ 2576261201281, 18227665362577841, 1142295346434530143715341 ],,, 
  [ 580793630401, 22312307070611, 310398470038017971, 3075841317863524757, 
      5680746728407603147 ], [ 165685966495897, 3412868216218297 ], 
  [ 3206397628366465119775261 ],,, [ 19147884709, 70174206535434797 ], 
  [ 3016734399919, 1449195328662871, 1696217011078453777 ],, [ 36556692967 ], 
  [ 368461705457, 28092842344449601 ], [ 3274542181 ], [ 13101206429, 73733301545346479 ], 
  [ 6870411943626551 ], [ 71875557817897, 3809244263496601 ],, 
  [ 17615503361, 15309688019053039 ], [ 13801066420741375123 ],, 
  [ 955078556139271, 75073750919762017 ], [ 1144319436704569, 172924668763283006981689 ],,, 
  [ 29991360541, 12394991545711 ], [ 43311122713, 355572463247 ], 
  [ 1498412315616301, 29593181977567966157 ], [ 175582204459201 ],, 
  [ 5862684913674424261, 7405279840457637101 ], [ 13544507701 ], [ 176005084542753759245569 ]
   ,,, [ 15959981639033564721091 ], [ 128366311121 ], [ 14539073144186449 ],, 
  [ 269183600999 ], [ 29861898601, 145492908709501 ],,, 
  [ 338385294451, 24836599541697421, 51183636529940059 ],,, [ 40188864043 ],, 
  [ 87551117076809 ], [ 3088691077 ], [ 13334626503655921111 ], [ 2788506334701097 ],, 
  [ 1082463856359415163 ], [ 12049859587, 5116791615487 ], [ 2362978171, 37397470321 ], 
  [ 310152869353, 90279742652557 ], [ 56797982383, 451943346431 ], 
  [ 22701888667, 604695686392003 ],, [ 139091247098121730561 ], 
  [ 4238104623583, 6161694319851157 ],,, [ 23348671886233 ], [ 1992526972801 ],, 
  [ 3371196691, 58186536307, 3555698272849, 159850805658253, 365991757039926301 ],, 
  [ 24964840447 ], [ 33772852081, 2405326790765233501 ],,,, [ 28680607723 ], 
  [ 45346898461, 993843453461 ], [ 1383780119865675920977 ],,,, 
  [ 42971868775101221, 152434814492750782841 ],, [ 3952800575641, 2319850813321401193 ],,, 
  [ 125226731266711507046041 ], [ 2460421888667, 6592688035399 ], [ 450838774237 ],, 
  [ 2377877053003 ], [ 4278864101 ], [ 341323149370789 ], [ 6205579777 ],, 
  [ 1210824787, 62944476271 ],, [ 13424320512950150681 ], [ 11714997841 ],,, 
  [ 6416706834277213681 ], [ 77226949236097 ],, [ 20329417153 ],,, [ 45919578216361 ],,, 
  [ 4609698095917 ],, [ 3424536277, 29626655470427 ], [ 704359010029 ],, 
  [ 15577608134353, 95381243460065179, 9512657867116351649549 ],,,,,,, [ 3434588012701 ], 
  [ 4056978778309 ],, [ 8095632892801, 10345868505218689 ],,, [ 4329303455359 ],, 
  [ 25274925679 ], [ 14424736171 ], [ 2561263293629 ],,,, [ 38122768511, 8627749586321 ], 
  [ 103489699822160257, 1343629582317962281 ], [ 7637868709, 7919578321, 77700354073 ],,, 
  [ 828654367914066401 ],,, [ 56539552369, 7001457827053 ], [ 8235633843019401622380433 ],, 
  [ 80182889938822196682437, 3165531002760574428063203 ],, [ 925666709563090777 ],,,,, 
  [ 75673689337 ], [ 3739363644691, 5133864062899261, 199758757985928200090377 ],,,, 
  [ 1396118646800553919 ], [ 2725118351467 ], [ 4475311681, 743520306706309021 ], 
  [ 11755998949, 11919591065926919 ],,, [ 4026671109159337 ],, 
  [ 28468096243, 6972713081692837 ], [ 11536574981, 41306762323247 ],,,, 
  [ 7134761071, 1123164018139, 16970941354001 ],,,,,,, [ 26604888160897 ], [ 3162230263 ],,, 
  [ 25738092432654083 ],,, [ 9806752471, 12195102181 ], [ 425689527059 ],, 
  [ 9630898563754668328129 ],, [ 381890908087651 ], [ 14733173915087 ], 
  [ 102365897077590577 ], [ 3320166559 ], [ 248763728794843 ],,, [ 157763784064331 ],,, 
  [ 130527709963961 ], [ 268030468985431 ], [ 643089542637982224302827 ], [ 9331229158063 ], 
  [ 105446013834241 ], [ 104107692141631 ], [ 25107770111, 2660980809103 ],, 
  [ 3922795374162150097 ],,,,, [ 31669183349 ], [ 359280176071 ],, [ 5825711972281034401 ],, 
  [ 14142446177831 ], [ 57753585641 ],, [ 15954466691663579 ], 
  [ 24920449072037, 6023449054149641 ], [ 112454606377, 14034957890857 ],, 
  [ 766258928670311 ], [ 140747669389, 167058018048709, 15268424529737647 ], 
  [ 3282588592534463 ], [ 1906421611057 ],, [ 1812498854301731 ], 
  [ 5941645993, 628507400987573 ], 
  [ 2876489810484109, 114901948591655509, 423586813693611154009 ],, 
  [ 3781000913, 46518749447, 284003484695022847 ],,, [ 400327598623, 19856949007799 ],,, 
  [ 434948439001 ],, [ 124159563617, 11648853606207529406231 ],, 
  [ 63308281681, 168120524756017 ],,, [ 3296833557871041007 ], [ 41545386557, 4847683687901 ]
   ,, [ 4210614898559888761 ],, [ 445019090075137 ],, [ 3657696782521780993 ],,, 
  [ 27235993247 ], [ 46578293071077601, 602159249979239807 ],, 
  [ 431135878733381641, 1181971937154553481 ], [ 29112782903 ],, [ 2733677069 ],,, 
  [ 25536783508562825017312093 ],,,,, [ 78233969557 ], 
  [ 1174070077862394553, 114399793189586067157 ],, [ 187864370446111 ],,, [ 91428361273 ], 
  [ 1410761315923051 ],, [ 32705474761, 3385412081256645001, 435415984555633997221 ],, 
  [ 3320492812627 ],, [ 157644105037583294657 ],,,, 
  [ 11664371801, 961015676069, 49504781200657, 90751025699261 ], [ 30362324221 ],,, 
  [ 126121353577, 1689397771921 ], [ 6879375301, 183624280421 ], 
  [ 44388497669, 67642287659411 ], 
  [ 3588052801, 61684231801, 136802158681, 14433725502991, 625203435979201 ],,, 
  [ 1385500960536031 ],, [ 23210158735841281 ], [ 3115252090831, 5634018273643 ],,, 
  [ 1149946877293 ],, [ 59272208257 ], [ 67299590989 ],,, [ 4092745351 ], [ 18318400751603 ],
  [ 2935701341, 15219133993493 ], [ 86073576975553 ], [ 164139802457, 296660395319 ],,, 
  [ 7070151793, 9460780501 ],, [ 1283077491859 ], [ 11601651715301 ],,,,,,,, 
  [ 747856357528245579937 ],, [ 58461552431, 52519516934231 ], [ 1403785753 ],,,, 
  [ 174476153041 ],,, [ 964160361701247049 ],, [ 138238906801, 19977755593210201 ],,,,,,,,,,,
  ,,,,,,, [ 5989384081, 56744852083, 5911765651834561 ],, [ 43970102401 ],,,,, 
  [ 16821441251 ],,, [ 4051425821 ],, [ 70276892551242931, 644144648784586111 ],,, 
  [ 6723551293, 16269878731 ],,,,,,, [ 35208187031041 ],,,, [ 1555684397 ],, 
  [ 1348313077117 ],,,,,, [ 621713694373 ],,,,,,,, [ 42763137111045781 ], [ 35038253629 ],,, 
  [ 605103714246089 ],, [ 272709895789, 503763463603 ],, [ 117397173697 ],,, [ 70742883157 ],
  ,, [ 5076319329049 ],, [ 1029564444655189 ],, [ 1585513056097, 12464343346009 ],,,,, 
  [ 15555824957 ],,,, [ 8826841183 ],,, [ 5000948881 ],,,,,,, [ 1264719854521 ],,,,, 
  [ 249971568480973 ], [ 4501224641 ],, [ 6794245741 ],,, [ 81247854049 ],, [ 131391912011 ],
  ,,,,, [ 7592247157969 ],, [ 22542665301323 ], [ 440891569331 ],, [ 7197979489 ],,,, 
  [ 500025180401 ],,, [ 2420466049 ],, [ 9012726731, 101870515231 ], [ 21756735457 ], 
  [ 250159452553 ],,, [ 6582585725311 ],,,, [ 21719632709 ],,, [ 4915184597 ],,, 
  [ 18771356741 ],,, [ 1549769981 ],, [ 5562611251 ],,,, [ 2050037783, 5145909599923 ],, 
  [ 1478542579727033247816817 ],, [ 2596541887, 389292233153 ],,,, 
  [ 14193953833, 4419784760617, 14252945447407441 ],, [ 1147032661073681 ],, [ 3949744951 ],
  , [ 123717581569, 8491554202670593 ], [ 1318675049 ],,,,, [ 3392438131 ],,,, 
  [ 16674898897 ],, [ 1053260764921 ],, [ 3707648117, 55040291129 ],, [ 183546566897 ],,,,,, 
  [ 5049270114821 ],,,, [ 671815661148089 ],, [ 151900974521 ],,,,,, [ 124791175660103 ],, 
  [ 14809493473 ],,, [ 5861825269 ],, [ 6315238453 ],,,,, [ 5226319561, 1323782015249 ],,,,,
  , [ 6426826261 ],,,, [ 8465266769 ],, [ 28444410233 ],, [ 10630832480137 ],,,,,,,,,, 
  [ 486578117587097 ],, [ 2769496801, 15336097602199081 ],, [ 51560641273 ],,,,,, 
  [ 10932378689, 75010845864529 ],,,, [ 191844431041 ],,,, [ 1153897041929 ],,,, 
  [ 163961098662301 ],, [ 13171542604357 ], [ 4657895791 ],,, [ 2578047361 ],,,, 
  [ 472270301491, 11530731412827661, 52556874647435731 ],,,, [ 41512618374473 ], 
  [ 1865269001 ],, [ 1141964503 ],,, [ 343066555921 ],, [ 104809744621 ], [ 4275129269 ], 
  [ 15350274379753 ],, [ 70889764607, 1931056762231 ],, [ 167377814641 ],, [ 571043956471 ], 
  [ 10651922821 ],,,,, [ 3324027667073 ],,, [ 5632517287 ],, [ 35320051068383 ],,, 
  [ 2951798847649 ],,,, [ 43541076324841 ], [ 7104183468787 ], [ 14374908731 ],,,, 
  [ 4062440801935447 ],, [ 37771691437 ],,,,,,,,,,,,,, [ 45787915741 ],,,, [ 1251253649 ],, 
  [ 1195491400518169 ],,,, [ 1125555061 ], [ 2758462457 ],,, [ 1703702961489857 ],,,, 
  [ 18870272749 ],, [ 15218463251 ], [ 1416811213 ],,, [ 7179426217 ],, [ 987752034301 ],, 
  [ 408702929497 ],, [ 16503773244481 ],,, [ 2074533121 ], [ 990064961689 ],,,, 
  [ 2105396129, 17512526547178609 ],,,, [ 285529845421 ],,,,,,,,, [ 1211998033 ], 
  [ 168484588864489 ],,,, [ 273117732593 ],,,,, [ 99694863607 ],,,,,, [ 5744873521 ],,,,,,,,,
  , [ 17851961063 ],,,,,,,,,,, [ 1787662973 ], [ 13631990429 ],, [ 152470410149 ],,,,,,, 
  [ 7876322177 ],,,,,,,,,,,,, [ 1974765465721 ], [ 1065526277 ],,,,,,,,,,,, [ 1879043797 ],, 
  [ 20221187713 ],,,,,,,,,,,, [ 1332267327158353 ],,,, [ 3069332177 ],, [ 1999651603 ],,,,,,,
  ,,,,,,,,,,, [ 5289733301581 ],,, [ 176100175411 ],,,,, [ 21463205501 ], [ 75072301561 ],,, 
  [ 112510139233 ],,,,,,,,,, [ 5845054399 ],, [ 9532568449 ],,,,,,,,, 
  [ 5947659001, 13048967251 ],,,, [ 46467587479 ],,,,,,,,,,,,,, [ 2646330751, 35155783639 ],,
  ,, [ 2783108329 ],,,,,,,,,,,, [ 32741427799 ],,,, [ 146956382273 ],,,, [ 81015658387 ],,,,,
  ,,,, [ 1646084408641 ], [ 5051643983 ],,, [ 8879980261 ],,,,, [ 9665530711 ],,,,,,, 
  [ 4564654337 ],,,,,,, [ 16819380161 ], [ 2768066401 ],,,,,,,, [ 1394644457, 811459171801 ],
  [ 9103479841 ],,,,,,,, [ 5069481653 ], [ 1126174678850719 ],,,,,,,,,, [ 1416764477 ],,,,,,,
  ,,,,,,,,,,,,,, [ 3230993137 ], [ 8627113751 ],,,, [ 7672168879 ],,,,, [ 6619534949 ],,, 
  [ 79546699501 ],, [ 19134702497 ],,,,,,,,,,,,,,, [ 10504299101 ],, [ 1497965533 ],,,,,,,,, 
  [ 39913411411 ], [ 9268589909 ],,, [ 2685649123, 3977066299 ], [ 235334032991 ],,, 
  [ 11716364704463 ],,,,,,,, [ 2744748371 ],,,,,, [ 1162962049, 1246928737 ],,,,, 
  [ 14748316507 ],,,, [ 5795551967 ], [ 8038261039 ],,,,,, [ 34507890097, 711918565297 ],, 
  [ 1879762151, 9049873994579741 ], [ 2683463707 ],,,,,,,,, [ 2320215696341 ], 
  [ 134226177373 ], [ 3737916887 ],,,,,,,,,, [ 1464262634537 ],,,,,,,,,,,,,,,,,,,,,,, 
  [ 2056202501 ], [ 592307025313 ],,,,,,,,,,, [ 11020721963 ],,,,, [ 29397677233 ],,,, 
  [ 313261957469 ], [ 82649244151 ], [ 13721606263 ],,, [ 159053571403 ],,,,,,,,, 
  [ 17880329851 ], [ 11084319329 ], [ 2789706757 ],,,,,, [ 15182511821 ],,,,,, 
  [ 50961912641 ], [ 2003940451 ],,, [ 1210359949 ],,,,,,,,, [ 1023511873 ], [ 18648694373 ],
  ,,, [ 2634078329 ],, [ 384855954337 ],,,,,, [ 2746878551 ],,,,,,,,,, [ 209796713341 ],,,,,
  , [ 1617250153 ],, [ 2620023277 ],, [ 3899752283701 ],,,,,,,,,,,,,,,,,,,,,,,,,, 
  [ 52511748257 ], [ 31285533541 ], [ 2616317901191 ],,,,,,,,,,,,,,,,, [ 84459822871 ],,,,, 
  [ 1035442241 ],,, [ 8049109829 ], [ 1392021601 ], [ 67449395801 ],,,,,,,, [ 6070940611 ],,
  , [ 4824019969 ],,, [ 7118096617 ],,,,,,,,,,,,,,,,,,,,,,,,,,,, [ 828926935117 ],,,, 
  [ 8191062037 ],, [ 2708894761 ],,, [ 1939252241 ],,,,,,,, [ 11384268193 ],, 
  [ 57340780069, 429953006341 ], [ 1636406595091 ],,,,,,, [ 3534562699 ],,, [ 6057912877 ],,,
  ,,,,, [ 26239345711 ],,, [ 2211086833, 362130009841 ],, [ 43128451381 ],,, [ 677735081021 ]
   ,, [ 4644752921 ],,,,,,,, [ 3856984843 ],,,,,,,,,,,, [ 1302970741 ],,,,,,,,,, 
  [ 824568511831 ],,,,, [ 4230888751 ], [ 1863318601 ],,,,,,, [ 1498233463 ], 
  [ 2388479732773 ],,, [ 1084951939 ],,,,, [ 6875374801 ],, [ 78856144261 ], [ 78583887401 ],
  ,,,,, [ 10500786937 ],,,,,,,,,,,,,, [ 1651450050511 ],,,,,,,,,,,,, [ 4511843051 ],,,, 
  [ 1816077301 ],,,,,,,,,,, [ 4934398369 ],,,,,,,,,,,,, [ 4770978739, 81659142589 ],, 
  [ 9475236512117 ],,,,,,,, [ 1594933583 ], [ 9019140547 ],,,,,,,,,,,,, [ 1821245823541 ],,,,
  ,,,,,,,, [ 12103253803 ],,, [ 7898559511 ], [ 86076515141 ],,,,,,,,,, [ 128708043491 ],,,,
  , [ 11029673308068397 ],,,,,,,,,,,,,,,,, [ 1260165060067 ],,, [ 2971399159 ], 
  [ 53139272993 ],,,,,,,,,,,,,,,,,,,,,,, [ 341949686161 ], [ 6720791699 ],,,,,, 
  [ 1438602463 ],,,,, [ 1212439399 ],,,,,, [ 200838470449 ],,, [ 5831390401 ],,, 
  [ 588963984409 ],,,,,,,, [ 42792407659 ],,,,, [ 4988060167 ], [ 1458597913 ], 
  [ 49273975843 ],,,,,,,,, [ 8520934843 ],,,,,,,,,,,,,, [ 46381808617 ],,,, [ 2093278801 ],,,
  , [ 114337555901 ],,,,,, [ 1193760203 ],,,,,, [ 1156781033 ],,,,,,,, [ 390567866881 ],,, 
  [ 1132112407 ],, [ 4038218801 ], [ 1557454123 ],,,,,,, [ 35747501475779 ],,, 
  [ 324024750017 ],,,,,,,,,,,,,,,,,,,,,,,,, [ 2541550129 ],,,,,,,,,,,,,,,,,,, [ 9037648621 ],
  ,,,,,,,,,,, [ 4578790254121 ],,,,,,,,,,,,,,, [ 1691294887 ],,,,,,, [ 9217640963 ],,,,,,,,,,
  ,,,,,, [ 2109032404571 ],,, [ 1538397720103 ],, [ 1169974411, 58234430981 ],,,,, 
  [ 1261250401 ],, [ 2062293397 ],,,,,,,,,, [ 1181410273 ],,,,,,,,,,,,,,,,,,,,,,,, 
  [ 2050458973 ],,,, [ 31662426746123681 ],,,,,,,,,,,,,,,,,,,,, [ 4173846601 ],,,,, 
  [ 7431884461 ], [ 530449609663 ],,,,, [ 3604858753, 2315524081729 ],,,,,,,,,,,,,,,,,, 
  [ 2783094211 ],,,,,, [ 1561618921 ],,,,,, [ 7938344107 ],,,,,, [ 8263154089 ],,,, 
  [ 3020603153 ],, [ 2250072709 ],,,,,,,,,, [ 171397622629 ],,,,,,,,,, [ 1783606654457 ],,,,,
  ,,,,,,,,,,,, [ 1277935807 ],,,,,,,,,,,,,, [ 1342346671 ], [ 2569286287 ],,,,,,,,, 
  [ 1582156781 ], [ 29710782889 ],,,,,,,,,,,,,, [ 1919095631 ],,,,,,,, [ 15825705919 ],,,,,,,
  , [ 27705723911 ],,,,,,,,,,,,,,,, [ 5442822139 ],,,,,,,,,, [ 2844937057 ],,,, 
  [ 1469274077 ],,,,,,,,, [ 75788235631 ],,, [ 56601628513 ], [ 1001918191 ],,,,,,,,,,, 
  [ 11940443101 ],,,,, [ 2773767851 ], [ 21239020433479 ],,,,,,,,, [ 1377670391 ],,,,,,, 
  [ 9177103603 ],,,,,,,,,,,,,,,,,,,,,,,,,,,,,,,,,,,,,,,,,,,, [ 16418816779 ],,,,,,,,,,,,,,,,,
  ,,,,,,,,,,,,,,,,,,,,,, [ 27305008771 ],,, [ 6984430489 ],,,,,,,,,, [ 3239566279 ],,,, 
  [ 30006693263 ],,,,, [ 23161064869 ],,,, [ 1694922373 ],,,,,,,,,,,,, [ 6161590397 ], 
  [ 261686394001 ],,, [ 779245122529 ],,,,,,, [ 6136989361 ], [ 13264028329 ],, 
  [ 14320529221 ],,,,,, [ 78714769057 ],,,,,,,,,,,,,,,,,,,, [ 5290825609 ],,,,,,,,,,,,,, 
  [ 16411835021 ],,,,,,, [ 9888081691, 358683164461 ],,,,,,, [ 972088153217 ],,,,, 
  [ 66851368981 ],,,,,,,,,,, [ 344195734529 ],, [ 137424395791 ],,,, [ 4073354321 ],,,,,,, 
  [ 1895204851 ],,,,,,, [ 9738647101, 67459854281 ],, [ 6066495901, 5818387458601 ],,,,,,,,,,
  ,, [ 1353899149 ],,, [ 1277995861 ],,,,, [ 1564197091 ], [ 46106940057601 ],,, 
  [ 225252637039 ],, [ 1298002609 ],,,, [ 2587919854381 ],,, [ 4189099069 ],,,,, 
  [ 3477518893 ],,,,,,,, [ 3069518189 ],,,,,,,,,,,,,,,,,,,,,,,,,,,,, [ 3215950501 ],,,,, 
  [ 11110271941 ],,,,, [ 36370425431 ],, [ 1428532406047 ],,,,,,,,,,,,,,,,,,, [ 1310130433 ],
  ,,, [ 106729145741 ],, [ 29300588747 ],,,,,,,,,,,, [ 2568772753 ],,,, [ 3759630811 ],,,,,,
  , [ 300836351791 ],,,,,,,,,,,, [ 4052992267 ], [ 38024940199 ],,,,,,,,,,,, [ 646645135111 ]
   ,,,,,,,,,,,,,,,,, [ 49976196427, 53209682137 ],,,,,,,,, [ 3455902128529 ],,,,,,,,, 
  [ 7656952411 ],,,,,,,,, [ 2043790219 ],,,,,,,,,,,, [ 1769244241 ],,, [ 275100066931 ],,,,,,
  , [ 1123022473, 5460061657 ],,,,,,,,,,,,,,,,,, [ 64107204019 ],,,,, [ 1991790793 ],,,,,, 
  [ 30131035111 ],,,,,,,,,,,,,,, [ 2701272361 ],,,,,,,,,,,,,,,,,, [ 1962539437, 86563174699 ]
   ,,,,,,,,,,,,,,,, [ 10879676321 ],, [ 5016805349137 ],,,,,,,, [ 1219554209 ], 
  [ 1084969771 ],,,,,,,,,,,,,,,,,,,,,,,,,,,,,,,,,,,,,,,,,,,,, [ 6578334361, 27208325401 ],, 
  [ 30487606241 ],,,,,, [ 25994757889 ],,,,,,,,,,,,,,,,,,,,,,,,, [ 1674278587, 8988286933 ],,
  ,,,,,,,,,,,,,,,,,,,,,,,,,,,, [ 131292020581 ], [ 1973246027 ], [ 99457326151 ],,,,,,,,,,, 
  [ 84977191483 ],,,,,,,,,,,,,, [ 9596979001 ],,,, [ 3051273949 ],,,,,,,, 
  [ 2316345469, 5576733061 ],,,,,,,,,,,,,,,, [ 372583969301 ],,,,,,,,,, [ 1614195731 ],,,,,,,
  ,,,,,,,,,,,,,,,,,,,,, [ 4525146193 ],,, [ 79687029188647 ],,, [ 1088802817, 41553527809 ],,
  , [ 10214147551 ],,,,,,,,,,, [ 1135502959, 10011591943 ],, [ 994404457873 ],,,,,,,, 
  [ 1786902841 ],,,,,,,,,,,,,,,,,,,,,,,,,,,,,,,,,,,,,,,,,, [ 22392152953 ],,,,,,, 
  [ 6808824361 ],,,,,,,,, [ 84690514121 ],,,, [ 2290866887 ],,,,,,,,,,,, [ 1407394411 ],,,, 
  [ 177543672991 ],,,, [ 33518540791 ],,,, [ 56136112141 ],, [ 60217778897, 1666687941313 ],
  , [ 1461854683 ],,,,,,,,, [ 200028035881 ],,,,,,,,,,,,,,, [ 1155802231 ],,,,,,,,,,,,,,,,,,,
  ,,,,, [ 1366704571 ],,,,,,,, [ 35726308313 ],,,,,,,,,,,, [ 294408946303 ],,,,,,,,,,,,, 
  [ 10448846101 ],,,,, [ 12695209489 ],,,,,, [ 51229465783 ],,,, [ 3709608499, 4664956033 ],,
  ,,,,,, [ 4404714511, 7720893041 ],,,,,,,, [ 10566623803 ],,,,,,,,,,,,,,,,,,,,,, 
  [ 642476393521 ],, [ 1040114879, 1179525931 ],, [ 1107929089 ],,,,,, 
  [ 27068198041, 653686092901 ],,,,,,,,,,,,,,,,,,,,,,,,,, [ 16194629701 ],,,,,,,,,,,,,,,,,,, 
  [ 206231096251 ],,, [ 3969342547 ],,, [ 1498636770121 ], [ 1019321273 ],,,,,,,,,,,,,,,,,, 
  [ 3040708209601 ],,,, [ 40900489681 ],, [ 11377582919 ],,,,,,,,,,,,,,,,,,,,,,,,,,,,,,,,,,,,
  ,,,,,,,,,, [ 12537664001 ],,,,,,,,,,,, [ 1287496057 ], [ 28130068891, 521720718751 ],,,,,,,
  ,,,, [ 3014286397 ],,,,,,,,,,,, [ 140889981707681 ],,,,,,,,,, [ 1028104177 ],,,,,,,,,,,,,,,
  ,,,,,,,,,,,,,,,,,,,,,,,,,,,,, [ 9765208993 ],,,,,,, [ 1892639113 ],,,,,,,,, 
  [ 8709701395177 ],,,,,,,,,,,,,,,,,, [ 38568930121 ],,,,,, [ 19770232897 ],,, 
  [ 8417078101 ],,,,,,,,,,,,,,,,,,,,,,, [ 152614770353 ],,,, [ 519508267489 ],,, 
  [ 1401484891 ], [ 11874441377 ],,,,,,,,,,,,,,,,,,,,,, [ 51258474121 ],,,,,,, 
  [ 9020376271 ], [ 1633889273 ],, [ 1093309249 ],,,,,,,,,,,, [ 14074050541 ],,,,,, 
  [ 1419827137 ],, [ 632686743277 ],,,, [ 1653413473 ],,,,,, [ 1172682487 ],, 
  [ 249512861441 ],,,,,,,,,,,,,,,,,,,,,,,,,,,,,,,,,,,,,, [ 50096856239 ],,,, [ 854742099353 ]
   ,,,,,, [ 1078663249 ],,,,,,, [ 1918557451 ], [ 2218551413009 ],,,,,,,,,,,, [ 2189116849 ],
  ,,,,,,,,,,,,,,,,,,, [ 3417459193 ],,,,,,,,,,,, [ 5035186801 ],,,,,,,, 
  [ 38303119601, 56299365917 ],, [ 8119874131 ],,,,,,,,,,,,,,,, [ 6492548833 ],,,,,,,,,, 
  [ 2085234121 ],,,,,,,,,, [ 177568876253 ],,,,,,,,,, [ 1451465681 ],, [ 515843699563 ],,,,,,
  ,, [ 1013132734609 ],,,, [ 44010247051 ],,,,,,,,,,,, [ 2470737673 ],,,,,,,, 
  [ 1121730819751 ],,,,,,,,,,,,,,, [ 10134644558431 ],,,,,,,,,,,,,,,,,,,,,,,,, 
  [ 51954789701 ],, [ 1193257801 ],,,,,,,,,,,,,,,,,,,,,,,, [ 5080974529 ],,,,,,,,,,,, 
  [ 54023709476521 ],,,, [ 17047011281 ],,,,,, [ 3204935089, 163843772927 ],, [ 2497183921 ],
  ,,,,, [ 785561343076123 ],, [ 1648609144961 ],, [ 17572804031 ],,,,,,,,,,,,,,,,,,,,,,,,,,,,
  ,, [ 3212692001 ],,,,,,,,,,,,,,,,,,,, [ 1636642893961 ],,,,,,,, [ 42551304613 ],,,,,,,,,,,
  , [ 1426027081 ],,,,,, [ 16821313783 ],,,,,,,,,,,,,,,, [ 2319523861 ],,,,,, [ 2516411917 ],
  ,,,,,,,,,,,,,,,,, [ 13030817869 ],,,,,, [ 9629294401 ],, [ 1333198819 ],,,,,, 
  [ 90574014301 ],,,,,,,,,,,,,,,,,,,,,,,,,,,, [ 20652557377 ],,,,,,,,,,,,,,,,,,,,,,,,,,,,,, 
  [ 14583216187 ],,,,,, [ 92962316017 ],,,,,,,, [ 1067009861 ],,,,,,,,,,,,,,,,,,,,,, 
  [ 98102281789 ],,,,,,,,,,,,,,,,,,,,,,,,,,,,,,,,,, [ 1354617377 ],,,,,,,, [ 3990655117 ],,,,
  ,, [ 1041411001 ],,,,,, [ 5931936937 ],,,,,, [ 2383443883 ],,,,,, [ 148101830881 ],,,,,,,,,
  ,,,,,,,,, [ 125302367599 ],,,,,,,,,,,,,,,,,,,,,,,,,,,,,,,,,,,, [ 19801117639 ],,,,,,,,,,,,,
  ,,, [ 26368093571 ],,,,,,,,,, [ 16208923501 ],,,,,,,,,,,,,,,, [ 3704507929 ],,,,,,,,,,,,,,,
  ,,,,,,,,,,,,,,, [ 139310877637 ],,,,,,,,,,,,,,,,,,,,,,,,,,,,,, [ 43762264129 ],,,,,,,,,,,,,
  ,,,,,,,,,,,,,,,,,,,,,,,,,,,,,,,,,,,,,,,,,,,,,,,,,,,,, [ 1525623499 ],,,,,,,,,,,,,,,,,,,,,,,
  ,,, [ 4983932101 ],,,,,,,,,,,, [ 3020078681 ],,,,,,,,,, [ 5678037901 ],,,,,,,,,, 
  [ 1138359601 ],, [ 72491064889 ],,,,,,,, [ 1595971651 ],,,,,,,,,,,,,,,,,,,,,,,,,,,,,,,,,,,,
  ,,,,,,,,,,,,,,,, [ 29050074379 ],,,,,, [ 63706636801 ],,,,,,,,,,,,,,,,, [ 37993921751 ],,,,
  ,,,,,,,,,,, [ 197350167261761 ],,,,,,,,,,,,,,,,,,,, [ 12245100641 ],, [ 72064081783 ],,,,,,
  ,,,,,,,,,,,,,,,,,,,,,,,,,,,,,, [ 11804218291 ],, [ 1131285301 ],,,,,,,,,,,,,,,,,,,,,,,,,,,,
  ,,,,,, [ 1084038661 ],,,,,,,,,,,,,,,, [ 10883485001 ],,,,,,,,,,,,,,,,,,,,,,,, 
  [ 3054042377 ],,,,,,,, [ 22366360837 ],,,,,,,,,,,,,,,,,, [ 5663491201 ],,,,,,,,,,,,,,,,,,,,
  ,,,,,,,,,,,,,,,,,,,,,,,,,,,,,,,,,,,,,,,,,, [ 10433920069 ],,,,,,,,,,,,,,,,,,,,,,,,,,,, 
  [ 69764818261 ],,,,,,,,,, [ 148290914801 ],,,,,,,,,,,,,, [ 1660303009 ],,,,,,,,,,,,,, 
  [ 34785002561 ],,,,,,,,,,,,,,,,,,,,,,,,,,,,,,,,,,,,,,,,,,,,,,,,,,,,,,,,,,,,,,,, 
  [ 2634767617 ],,,,,,,,,,,,,,,,,, [ 4028260441 ],,,,,,,,,,,, [ 1947722437 ],,,,,,,,,,,, 
  [ 8550198661 ],,,,,, [ 1004149441 ],,,,,,,,,,,,,,,,,,,,,,,,,,,,,,,,,,,,,,,,,, 
  [ 1253998747 ],,,,,,,,,,,,,,,,,,,,,,,,,,,,,,,,,,,,,,,,,, [ 39390642397 ],,,,,,,,,,,,,,,,,,,
  ,,,,,,,,,,,,,,,,,,,,,,, [ 110504263213 ],,,,,, [ 2953139593 ],,,,,,,, [ 29422322838721 ],,,
  ,,,,,,, [ 4371557761 ],,,,,,,,,,,,,,,,,,,,,,,,,,,,,,,,,,,,,,,,,,,,,, [ 7936456529 ],,,,,,,,
  ,,,,,,,,,,,,,,,,,,,,,,,,,,,,,,,,,,,,,,,,,,,,,,,,,,,,,,,,,,,,,,,,,,,,,,,,,,,,,, 
  [ 5204719087, 64338059097853 ],,,,,,,,,,,,,,,,,,,,,,,,,,,,,, [ 2995878337 ],,,,,,,,,,,,,,,,
  ,,,,,,,,,,,,,, [ 50363012233 ],,,,,,,,,,,,,,,,,,,,,,,,,,,,,, [ 3629011189 ],,,,,,,,,,,,,,,,
  ,,,,,,,,,,,,,,,,,,,,,,,,,,,,,,,,,,,,,,,,,,,,,,,,,, [ 1528641379 ],,,,,, [ 1716557809 ],,,,,
  ,,,,,,,,,,,,,,,,,,,,,,,,,,,,,,,,,,,,,,,,,,, [ 2403732172693 ],,,,,,,,,,,,,,,,,,,,,,,, 
  [ 2795553276038641 ],,,,,,,,,,,,,,,,,, [ 24623813881 ],,,,,,,,,,,, 
  [ 6685246597, 2295202381081 ],,,,,,,,,,,,,,,,,,,,,,,, [ 217977615901 ],,,,,,,,,,,,,,,,,,,,,
  ,,,,,,,,,,,,,,,,,,,,,,,,,,, [ 177969985163287 ],,,,,,,,,,,,,,,,,,,,,,,,,,,,,,,,,,,,,,,,,,,,
  ,,,,,,,,,, [ 3750712948753 ],,,,,,,,,,,,,,,,,,,,,,,,,,,,,,,,,,,,,,,,,, 
  [ 1712758657, 6943984741 ],,,,,,,,,,,,,,,,,,,,,,,,,,,,,,,,,,,,,,,,,, [ 3803659777 ],,,,,,,,
  ,,,,,,,,,,,,,,,,,,,,,,,,,,,,,,,,,,,,,,,,,,,,,, [ 19336361851 ],,,,,,,,,,,,,,,,,,,,,,,,,,,,,
  ,,,,,,,,,,,,,,,,,,,,,,,,,,,,,,,,,,,,,,,,,,,,,,,,, [ 91962759409 ],,,,,,,,,,,,,,,,,,,,,,,,,,
  ,,,,,,,,,,,,,,,, [ 40166702464051 ],,,,,, [ 1395850177 ],,,,,,,,,,,,,,,,,,,,,,,,,,,,,,,,,,,
  ,,,,,,,,,,,,,,,,,,,,,,,,,,,,,,,,,,,,,,,,,,,,,,,,,,,,,,,,,,,,,,,,,,,,,,,,,,,,,,, 
  [ 1949366371 ],,,,,,,,,,,,,,, [ 343088790001 ],,,,,,,,,,,,,,,,,,,,,,,,,,,,,,,,, 
  [ 121163849929 ],,,,,,,,,,,,,,,,,,,,,, [ 8431339841 ],,,,,,,,,,,,,,,,,,,,,,,,,,,,,,,,,,,,,,
  ,,,,,,,,,,,,,,,,,,,,,,,,,,,,,,,,,,,,,,,,,, [ 8444997601 ],,,,,,,,,,,,,,,,,, 
  [ 14685923953 ],,,,,,,,,,,,,,,,,,,,,,,,,,,,,,,,,,,,,,,,,,,,,,,,,,,,,,,,,,,,,,,,,,,,,,,,,,,,
  ,,,,,,,,,,,,,,,,,,,,,,,,,,,,,,,,,,,,,,,,,,,,,,,,,, [ 23135130817, 121371275818801 ],,,,,,,,
  ,,,, [ 9403156153 ],,,,,,,,,,,,,,,,,,,,,,,,,,,,,,,,,,,,,,,,,,,,,,,,,,,,,,,,,,,,,,,,,,,,,,,
  , [ 56323997269 ],,,,,,,,,,,,,,,,,,,,,,,,,,,,,,,,,,,,,,,,,, [ 2661320551 ],,,,,,,,,,,,,,,,,
  ,,,,,,,,,,,,,,,,,,,,,,,,, [ 12694224817 ],,,,,,,,,,,,,,,,,,,,,,,,,,,,,,,,,,,,,,,,,,,,,,,,,,
  ,,,,,,,,,,,,,,,,,,,,,,,,,,,,,,,,,, [ 2870899501 ],,,,,,,,,,,,,,,,,,,,,,,,,,,,,,,,,,,,,,,,,,
  ,,,,,,,,,,,,,,,,,,,,,,,,,,,,,,,,,,,,,,,,,,,,,,,,,,,,,,,,,,,,,,,,,,,,,,,,,,,,,,,,,,,,,,,,,,,
  ,,,,,,,,,,,,,,,,,,,,,,,,,,,,,,,,,,,,,,,,,,,,,,,,,,,,,,,,,,,,,,,,,,,,,,, [ 3182296321 ],,,,,
  ,,,,,,,,,,,,,,,,,,,,,,,,,,,,,,,,,,,,,,,,,,,,,,,,,,,,,,, [ 4729749901 ],,,,,,,,,,,,,,,,,,,,,
  ,,,,,,,,,,,,,,,,,,,,,,,,,,,,,,,,,,,,,,,,,,,,,,,,,,,,,,,,,,,,,,,,,,,,, [ 1377861811 ],,,,,,,
  ,,,,,,,,,,,,,,,,,,,,,,,,,,,,,,,,,,,,,,,,,,,,,,,,,,,,,,,,,,,,,,,,,,,,,,,,,,,,,,,,,,,,,,,,,,,
  ,,,,,,,,,,,,,,,,,,,,,,,,,,,,,,,,,,,,,,,,,,,,,,,,,,,,,,,,,,,,,,,,,,,,,,,,,,,,,,,,,,,,,,,,,,,
  ,,,,,,,,,,,,,,,,,,,,,,,,,,,,,,,,,,,, [ 6469676071 ],,,,,,,,,,,,,,, [ 6099452131 ],,,,,,,,,,
  ,,,,,,,,,,,,,,,,,,,,,,,,,,,,,,,,,,,,,,,,,,,,,,,,,,,,,,,,,,,,,,,,,,,,,,,,,,,,,,,,,,,,,,,,,,,
  ,,,,,,,,,,,,,,,,,,,,,,,,,,,,,,,,,,,,,,,,,,,,,,,,,,,,,,,,,,,,,,,,,,,,,,,,,,,,,,,,,,,,,,,,,,,
  ,,,,,,,,,,,,,,,,,,,,,,,,,,,,,,,,,,,,,,,,,,,,,,,,,,,,,,,,,,,,,,,,,,,,,,,,,,,,,,,,,,,,,,,,,,,
  ,,,,,,,,,,,,,,,,,,,,,,,,,,,,,,,,,,,,,,,,,,,,,,,,,,,,,,,,,,,,,,,,,,,,,,,,,,,,,,,,,,,,,,,,,,,
  ,,,,,,,,,,,,,,,,,,,,,,,,,,,,,,,,,,,,,,,,,,,,,,,,,,,,,,,,,,,,,,,,,,,,,,,,,,,,,,,,,,,,,,,,,,,
  ,,,,,,,,,,,,,,,,,,,,,,,,,,,,,,,,,,,,,,,,,,,,,,,,,,,,,,,,,,,,,,,,,,,,,,,,,,,,,,,,,,,,,,,,,,,
  ,,,,,,,,,,,,,, [ 2653645801 ],,,,,,,,,,,,,,,,,,,,,,,,,,,,,,,,,,,,,,,,,,,,,,,,,,,,,,,,,,,,,,
  ,,,,,,,,,,,,,,,,,,,,,,,,,,,,,,,,,,,,,,,,,,,,,,,,,,,,,,,,,, [ 77865297841 ],,,,,,,,,,,,,,,,,
  ,,,,,,,,,,,,,,,,,,,,,,,,,,,,,,,,,,,,,,,,,,,,,,,,,,,,,,,,,,,,,,,,,,,,,,,,,,,,,,,,,,,,,,,,,,,
  ,,,,,,,,,,,,,,,,,,,,,,,,,,,,,,,,,,,,,,,,,,,,,,,,,,,,,,,,,,,,,,,,,,,,,,,,,,,,,,,,,,,,,,,,,,,
  ,,,,,,,,,,,,,,,,,,,,,,,,,,,,,,,,,,,,,,,,,,,,,,,,,,,,,,,,,,,,,,,,,,,,,,,,,,,,,,,,,,,,,,,,,,,
  ,,,,,,,,,,,,,,,,,,,,,,,,,,,,,,,,,,,,,,,,,,,,,,,,,,,,,,,,,,,,,,,,,,,,,,,,,,,,,,,,,,,,,,,,,,,
  ,,,,,,,,,,,,,,,,,,,,,,,,,,,,,,,,,,,,,,,,,,,,,,,,,,,,,,,,,,,,,,,,,,,,,,,,,,,,,,,,,,,,,,,,,,,
  ,,,,,,,,,,,,,,,,,,,,,,,,,,,,,,,,,,,,,,,,,,,,,,,,,,,,,,,,,,,,,,,,,,,,,,,,,,,,,,,,,,,,,,,,,,,
  ,,,,,,,,,,,,,,,,,,,,,,,,,,,,,,,,,,,,,,,,,,,,,,,,,,,,,,,,,,,,,,,,,,,,,,,,,,,,,,,,,,,,,,,,,,,
  ,,,,,,,,,,,,,,,,,,,,,,,,,,,,,,,,,,,,,,,,,,,,,,,,,,,,,,,,,,,,,,,,,,,,,,,,,,,,,,,,,,,,,,,,,,,
  ,,,,,,,,,,,,,,,,,,,,,,,,,,,,,,,,,,,,,,,,,,,,,,,,,,,,,,,,,,,,,,,,,,,,,,,,,,,,,,,,,,,,,,,,,,,
  ,,,,,,,,,,,,,,,,,,,,,,,,,,,,,,,,,,,,,,,,,,,,,,,,,,,,,,,,,,,,,,,,,,,,,,,,,,,,,,,,,,,,,,,,,,,
  ,,,,,,,,,,,,,,,,,,,,,,,,,,,,,,,,,,,,,,,,,,,,,,,,,,,,,,,,,,,,,,,,,,,,,,,,,,,,,,,,,,,,,,,,,,,
  ,,,,,,,,,,,,,,,,,,,,,,,,,,,,,,,,,,,,,,,,,,,,,,,,,,,,,,,,,,,,,,,,,,,,,,,,,,,,,,,,,,,,,,,,,,,
  ,,,,,,,,,,,,,,,,,,,,,,,,,,,,,,,,,,,,,,,,,,,,,,,,,,,,,,,,,,,,,,,,,,,,,,,,,,,,,,,,,,,,,,,,,,,
  ,,,,,,,,,,,,,,,,,,,,,,,,,,,,,,,,,,,,,,,,,,,,,,,,,,,,,,,,,,,,,,,,,,,,,,,,,,,,,,,,,,,,,,,,,,,
  ,,,,,,,,,,,,,,,,,,,,,,,,,,,,,,,,,,,,,,,,,,,,,,,,,,,,,,,,,,,,,,,,,,,,,,,,,,,,,,,,,,,,,,,,,,,
  ,,,,,,,,,,,,,,,,,,,,,,,,,,,,,,,,,,,,,,,,,,,,,,,,,,,,,,,,,,,,,,,,,,,,,,,,,,,,,,,,,,,,,,,,,,,
  ,,,,,,,,,,,,,,,,,,,,,,,,,,,,,,,,,,,,,,,,,,,,,,,,,,,,,,,,,,,,,,,,,,,,,,,,,,,,,,,,,,,,,,,,,,,
  ,,,,,,,,,,,,,,,,,,,,,,,,,,,,,,,,,,,,,,,,,,,,,,,,,,,,,,,,,,,,,,,,,,,,,,,,,,,,,,,,,,,,,,,,,,,
  ,,,,,,,,,,,,,,,,,,,,,,,,,,,,,,,,,,,,,,,,,,,,,,,,,,,,,,,,,,,,,,,,,,,,,,,,,,,,,,,,,,,,,,,,,,,
  ,,,,,,,,,,,,,,,,,,,,,,,,,,,,,,,,,,,,,,,,,,,,,,,,,,,,,,,,,,,,,,,,,,,,,,,,,,,,,,,,,,,,,,,,,,,
  ,,,,,,,,,,,,,,,,,,,,,,,,,,,,,,,,,,,,,,,,,,,,,,,,,,,,,,,,,,,,,,,,,,,,,,,,,,,,,,,,,,,,,,,,,,,
  ,,,,,,,,,,,,,,,,,,,,,,,,,,,,,,,,,,,,,,,,,,,,,,,,,,,,,,,,,,,,,,,,,,,,,,,,,,,,,,,,,,,,,,,,,,,
  ,,,,,,,,,,,,,,,,,,,,,,,,,,,,,,,,,,,,,,,,,,,,,,,,,,,,,,,,,,,,,,,,,,,,,,,,,,,,,,,,,,,,,,,,,,,
  ,,,,,,,,,,,,,,,,,,,,,,,,,,,,,,,,,,,,,,,,,,,,,,,,,,,,,,,,,,,,,,,,,,,,,,,,,,,,,,,,,,,,,,,,,,,
  ,,,,,,,,,,,,,,,,,,,,,,,,,,,,,,,,,,,,,,,,,,,,,,,,,,,,,,,,,,,,,,,,,,,,,,,,,,,,,,,,,,,,,,,,,,,
  ,,,,,,,,,,,,,,,,,,,,,,,,,,,,,,,,,,,,,,,,,,,,,,,,,,,,,,,,,,,,,,,,,,,,,,,,,,,,,,,,,,,,,,,,,,,
  ,,,,,,,,,,,,,,,,,,,,,,,,,,,,,,,,,,,,,,,,,,,,,,,,,,,,,,,,,,,,,,,,,,,,,,,,,,,,,,,,,,,,,,,,,,,
  ,,,,,,,,,,,,,,,,,,,,,,,,,,,,,,,,,,,,,,,,,,,,,,,,,,,,,,,,,,,,,,,,,,,,,,,,,,,,,,,,,,,,,,,,,,,
  ,,,,,,,,,,,,,,,,,,,,,,,,,,,,,,,,,,,,,,,,,,,,,,,,,,,,,,,,,,,,,,,,,,,,,,,,,,,,,,,,,,,,,,,,,,,
  ,,,,,,,,,,,,,,,,,,,,,,,,,,,,,,,,,,,,,,,,,,,,,,,,,,,,,,,,,,,,,,,,,,,,,,,,,,,,,,,,,,,,,,,,,,,
  ,,,,,,,,,,,,,,,,,,,,,,,,,,,,,,,,,,,,,,,,,,,,,,,,,,,,,,,,,,,,,,,,,,,,,,,,,,,,,,,,,,,,,,,,,,,
  ,,,,,,,,,,,,,,,,,,,,,,,,,,,,,,,,,,,,,,,,,,,,,,,,,,,,,,,,,,,,,,,,,,,,,,,,,,,,,,,,,,,,,,,,,,,
  ,,,,,,,,,,,,,,,,,,,,,,,,,,,,,,,,,,,,,,,,,,,,,,,,,,,,,,,,,,,,,,,,,,,,,,,,,,,,,,,,,,,,,,,,,,,
  ,,,,,,,,,,,,,,,,,,,,,,,,,,,,,,,,,,,,,,,,,,,,,,,,,,,,,,,,,,,,,,,,,,,,,,,,,,,,,,,,,,,,,,,,,,,
  ,,,,,,,,,,,,,,,,,,,,,,,,,,,,,,,,,,,,,,,,,,,,,,,,,,,,,,,,,,,,,,,,,,,,,,,,,,,,,,,,,,,,,,,,,,,
  ,,,,,,,,,,,,,,,,,,,,,,,,,,,,,,,,,,,,,,,,,,,,,,,,,,,,,,,,,,,,,,,,,,,,,,,,,,,,,,,,,,,,,,,,,,,
  ,,,,,,,,,,,,,,,,,,,,,,,,,,,,,,,,,,,,,,,,,,,,,,,,,,,,,,,,,,,,,,,,,,,,,,,,,,,,,,,,,,,,,,,,,,,
  ,,,,,,,,,,,,,,,,,,,,,,,,,,,,,,,,,,,,,,,,,,,,,,,,,,,,,,,,,,,,,,,,,,,,,,,,,,,,,,,,,,,,,,,,,,,
  ,,,,,,,,,,,,,,,,,,,,,,,,,,,,,,,,,,,,,,,,,,,,,,,,,,,,,,,,,,,,,,,,,,,,,,,,,,,,,,,,,,,,,,,,,,,
  ,,,,,,,,,,,,,,,,,,,,,,,,,,,,,,,,,,,,,,,,,,,,,,,,,,,,,,,,,,,,,,,,,,,,,,,,,,,,,,,,,,,,,,,,,,,
  ,,,,,,,,,,,,,,,,,,,,,,,,,,,,,,,,,,,,,,,,,,,,,,,,,,,,,,,,,,,,,,,,,,,,,,,,,,,,,,,,,,,,,,,,,,,
  ,,,,,,,,,,,,,,,,,,,,,,,,,,,,,,,,,,,,,,,,,,,,,,,,,,,,,,,,,,,,,,,,,,,,,,,,,,,,,,,,,,,,,,,,,,,
  ,,,,,,,,,,,,,,,,,,,,,,,,,,,,,,,,,,,,,,,,,,,,,,,,,,,,,,,,,,,,,,,,,,,,,,,,,,,,,,,,,,,,,,,,,,,
  ,,,,,,,,,,,,,,,,,,,,,,,,,,,,,,,,,,,,,,,,,,,,,,,,,,,,,,,,,,,,,,,,,,,,,,,,,,,,,,,,,,,,,,,,,,,
  ,,,,,,,,,,,,,,,,,,,,,,,,,,,,,,,,,,,,,,,,,,,,,,,,,,,,,,,,,,,,,,,,,,,,,,,,,,,,,,,,,,,,,,,,,,,
  ,,,,,,,,,,,,,,,,,,,,,,,,,,,,,,,,,,,,,,,,,,,,,,,,,,,,,,,,,,,,,,,,,,,,,,,,,,,,,,,,,,,,,,,,,,,
  ,,,,,,,,,,,,,,,,,,,,,,,,,,,,,,,,,,,,,,,,,,,,,,,,,,,,,,,,,,,,,,,,,,,,,,,,,,,,,,,,,,,,,,,,,,,
  ,,,,,,,,,,,,,,,,,,,,,,,,,,,,,,,,,,,,,,,,,,,,,,,,,,,,,,,,,,,,,,,,,,,,,,,,,,,,,,,,,,,,,,,,,,,
  ,,,,,,,,,,,,,,,,,,,,,,,,,,,,,,,,,,,,,,,,,,,,,,,,,,,,,,,,,,,,,,,,,,,,,,,,,,,,,,,,,,,,,,,,,,,
  ,,,,,,,,,,,,,,,,,,,,,,,,,,,,,,,,,,,,,,,,,,,,,,,,,,,,,,,,,,,,,,,,,,,,,,,,,,,,,,,,,,,,,,,,,,,
  ,,,,,,,,,,,,,,,,,,,,,,,,,,,,,,,,,,,,,,,,,,,,,,,,,,,,,,,,,,,,,,,,,,,,,,,,,,,,,,,,,,,,,,,,,,,
  ,,,,,,,,,,,,,,,,,,,,,,,,,,,,,,,,,,,,,,,,,,,,,,,,,,,,,,,,,,,,,,,,,,,,,,,,,,,,,,,,,,,,,,,,,,,
  ,,,,,,,,,,,,,,,,,,,,,,,,,,,,,,,,,,,,,,,,,,,,,,,,,,,,,,,,,,,,,,,,,,,,,,,,,,,,,,,,,,,,,,,,,,,
  ,,,,,,,,,,,,,,,,,,,,,,,,,,,,,,,,,,,,,,,,,,,,,,,,,,,,,,,,,,,,,,,,,,,,,,,,,,,,,,,,,,,,,,,,,,,
  ,,,,,,,,,,,,,,,,,,,,,,,,,,,,,,,,,,,,,,,,,,,,,,,,,,,,,,,,,,,,,,,,,,,,,,,,,,,,,,,,,,,,,,,,,,,
  ,,,,,,,,,,,,,,,,,,,,,,,,,,,,,,,,,,,,,,,,,,,,,,,,,,,,,,,,,,,,,,,,,,,,,,,,,,,,,,,,,,,,,,,,,,,
  ,,,,,,,,,,,,,,,,,,,,,,,,,,,,,,,,,,,,,,,,,,,,,,,,,,,,,,,,,,,,,,,,,,,,,,,,,,,,,,,,,,,,,,,,,,,
  ,,,,,,,,,,,,,,,,,,,,,,,,,,,,,,,,,,,,,,,,,,,,,,,,,,,,,,,,,,,,,,,,,,,,,,,,,,,,,,,,,,,,,,,,,,,
  ,,,,,,,,,,,,,,,,,,,,,,,,,,,,,,,,,,,,,,,,,,,,,,,,,,,,,,,,,,,,,,,,,,,,,,,,,,,,,,,,,,,,,,,,,,,
  ,,,,,,,,,,,,,,,,,,,,,,,,,,,,,,,,,,,,,,,,,,,,,,,,,,,,,,,,,,,,,,,,,,,,,,,,,,,,,,,,,,,,,,,,,,,
  ,,,,,,,,,,,,,,,,,,,,,,,,,,,,,,,,,,,,,,,,,,,,,,,,,,,,,,,,,,,,,,,,,,,,,,,,,,,,,,,,,,,,,,,,,,,
  ,,,,,,,,,,,,,,,,,,,,,,,,,,,,,,,,,,,,,,,,,,,,,,,,,,,,,,,,,,,,,,,,,,,,,,,,,,,,,,,,,,,,,,,,,,,
  ,,,,,,,,,,,,,,,,,,,,,,,,,,,,,,,,,,,,,,,,,,,,,,,,,,,,,,,,,,,,,,,,,,,,,,,,,,,,,,,,,,,,,,,,,,,
  ,,,,,,,,,,,,,,,,,,,,,,,,,,,,,,,,,,,,,,,,,,,,,,,,,,,,,,,,,,,,,,,,,,,,,,,,,,,,,,,,,,,,,,,,,,,
  ,,,,,,,,,,,,,,,,,,,,,,,,,,,,,,,,,,,,,,,,,,,,,,,,,,,,,,,,,,,,,,,,,,,,,,,,,,,,,,,,,,,,,,,,,,,
  ,,,,,,,,,,,,,,,,,,,,,,,,,,,,,,,,,,,,,,,,,,,,,,,,,,,,,,,,,,,,,,,,,,,,,,,,,,,,,,,,,,,,,,,,,,,
  ,,,,,,,,,,,,,,,,,,,,,,,,,,,,,,,,,,,,,,,,,,,,,,,,,,,,,,,,,,,,,,,,,,,,,,,,,,,,,,,,,,,,,,,,,,,
  ,,,,,,,,,,,,,,,,,,,,,,,,,,,,,,,,,,,,,,,,,,,,,,,,,,,,,,,,,,,,,,,,,,,,,,,,,,,,,,,,,,,,,,,,,,,
  ,,,,,,,,,,,,,,,,,,,,,,,,,,,,,,,,,,,,,,,,,,,,,,,,,,,,,,,,,,,,,,,,,,,,,,,,,,,,,,,,,,,,,,,,,,,
  ,,,,,,,,,,,,,,,,,,,,,,,,,,,,,,,,,,,,,,,,,,,,,,,,,,,,,,,,,,,,,,,,,,,,,,,,,,,,,,,,,,,,,,,,,,,
  ,,,,,,,,,,,,,,,,,,,,,,,,,,,,,,,,,,,,,,,,,,,,,,,,,,,,,,,,,,,,,,,,,,,,,,,,,,,,,,,,,,,,,,,,,,,
  ,,,,,,,,,,,,,,,,,,,,,,,,,,,,,,,,,,,,,,,,,,,,,,,,,,,,,,,,,,,,,,,,,,,,,,,,,,,,,,,,,,,,,,,,,,,
  ,,,,,,,,,,,,,,,,,,,,,,,,,,,,,,,,,,,,,,,,,,,,,,,,,,,,,,,,,,,,,,,,,,,,,,,,,,,,,,,,,,,,,,,,,,,
  ,,,,,,,,,,,,,,,,,,,,,,,,,,,,,,,,,,,,,,,,,,,,,,,,,,,,,,,,,,,,,,,,,,,,,,,,,,,,,,,,,,,,,,,,,,,
  ,,,,,,,,,,,,,,,,,,,,,,,,,,,,,,,,,,,,,,,,,,,,,,,,,,,,,,,,,,,,,,,,,,,,,,,,,,,,,,,,,,,,,,,,,,,
  ,,,,,,,,,,,,,,,,,,,,,,,,,,,,,,,,,,,,,,,,,,,,,,,,,,,,,,,,,,,,,,,,,,,,,,,,,,,,,,,,,,,,,,,,,,,
  ,,,,,,,,,,,,,,,,,,,,,,,,,,,,,,,,,,,,,,,,,,,,,,,,,,,,,,,,,,,,,,,,,,,,,,,,,,,,,,,,,,,,,,,,,,,
  ,,,,,,,,,,,,,,,,,,,,,,,,,,,,,,,,,,,,,,,,,,,,,,,,,,,,,,,,,,,,,,,,,,,,,,,,,,,,,,,,,,,,,,,,,,,
  ,,,,,,,,,,,,,,,,,,,,,,,,,,,,,,,,,,,,,,,,,,,,,,,,,,,,,,,,,,,,,,,,,,,,,,,,,,,,,,,,,,,,,,,,,,,
  ,,,,,,,,,,,,,,,,,,,,,,,,,,,,,,,,,,,,,,,,,,,,,,,,,,,,,,,,,,,,,,,,,,,,,,,,,,,,,,,,,,,,,,,,,,,
  ,,,,,,,,,,,,,,,,,,,,,,,,,,,,,,,,,,,,,,,,,,,,,,,,,,,,,,,,,,,,,,,,,,,,,,,,,,,,,,,,,,,,,,,,,,,
  ,,,,,,,,,,,,,,,,,,,,,,,,,,,,,,,,,,,,,,,,,,,,,,,,,,,,,,,,,,,,,,,,,,,,,,,,,,,,,,,,,,,,,,,,,,,
  ,,,,,,,,,,,,,,,,,,,,,,,,,,,,,,,,,,,,,,,,,,,,,,,,,,,,,,,,,,,,,,,,,,,,,,,,,,,,,,,,,,,,,,,,,,,
  ,,,,,,,,,,,,,,,,,,,,,,,,,,,,,,,,,,,,,,,,,,,,,,,,,,,,,,,,,,,,,,,,,,,,,,,,,,,,,,,,,,,,,,,,,,,
  ,,,,,,,,,,,,,,,,,,,,,,,,,,,,,,,,,,,,,,,,,,,,,,,,,,,,,,,,,,,,,,,,,,,,,,,,,,,,,,,,,,,,,,,,,,,
  ,,,,,,,,,,,,,,,,,,,,,,,,,,,,,,,,,,,,,,,,,,,,,,,,,,,,,,,,,,,,,,,,,,,,,,,,,,,,,,,,,,,,,,,,,,,
  ,,,,,,,,,,,,,,,,,,,,,,,,,,,,,,,,,,,,,,,,,,,,,,,,,,,,,,,,,,,,,,,,,,,,,,,,,,,,,,,,,,,,,,,,,,,
  ,,,,,,,,,,,,,,,,,,,,,,,,,,,,,,,,,,,,,,,,,,,,,,,,,,,,,,,,,,,,,,,,,,,,,,,,,,,,,,,,,,,,,,,,,,,
  ,,,,,,,,,,,,,,,,,,,,,,,,,,,,,,,,,,,,,,,,,,,,,,,,,,,,,,,,,,,,,,,,,,,,,,,,,,,,,,,,,,,,,,,,,,,
  ,,,,,,,,,,,,,,,,,,,,,,,,,,,,,,,,,,,,,,,,,,,,,,,,,,,,,,,,,,,,,,,,,,,,,,,,,,,,,,,,,,,,,,,,,,,
  ,,,,,,,,,,,,,,,,,,,,,,,,,,,,,,,,,,,,,,,,,,,,,,,,,,,,,,,,,,,,,,,,,,,,,,,,,,,,,,,,,,,,,,,,,,,
  ,,,,,,,,,,,,,,,,,,,,,,,,,,,,,,,,,,,,,,,,,,,,,,,,,,,,,,,,,,,,,,,,,,,,,,,,,,,,,,,,,,,,,,,,,,,
  ,,,,,,,,,,,,,,,,,,,,,,,,,,,,,,,,,,,,,,,,,,,,,,,,,,,,,,,,,,,,,,,,,,,,,,,,,,, [ 5315248129 ] 
 ]);
