BRENTFACTORS[7017]:=MakeImmutable([ ,,,,,,,,,, [ 9845363925910613 ],,,,,, 
  [ 4428471226280916002983 ],, [ 12391360880741, 1459508830241850967 ],, [ 223790688125593 ],
  , [ 181099594225765920440443 ],, [ 226576660966751, 245919434775826351 ], [ 192573172507 ],
  , [ 304832416561 ],,, 
  [ 2565905479129, 248533257816347447, 737016374261691651478321655603489 ], 
  [ 618521359125793 ],, [ 251066386808174381 ], 
  [ 1000773654301, 11878438806199972429571, 3551973685215459142096151 ], 
  [ 254850324972146706709 ], [ 4424913968041093 ], [ 57714986327531821, 4032830642296858477 ]
    , [ 517859715143860097381394421969616931219709543 ], [ 35956124521, 1644296767081 ],, 
  [ 51422391301, 131566801623769 ],, [ 25527044401 ], 
  [ 73806527341, 835122893947463701, 351241358666554549965511 ], [ 276447831645163 ], 
  [ 7120524347, 128808970108633103 ], [ 1405162043713, 547498301690833 ], 
  [ 214340449051225393593844099 ], [ 44304881312178551, 463193619414949751 ], 
  [ 6431363117654551952233274932063 ], [ 286550483864216476217 ], [ 9217380888849473 ], 
  [ 11002686031, 41547998434175479 ],, [ 1394625282737 ], [ 14067602301091 ],,,,, 
  [ 31669835161103, 216229737122401, 2526343419345130417361896493735158219 ],, 
  [ 15660178374951795501773037786693953 ], [ 17229871198156127487572051 ], 
  [ 35543169619, 43468236769, 5819662791274729 ],, 
  [ 191172468120397830247229, 4294068157424290602472634692660861516117 ],, 
  [ 236368010696012454842171 ],, [ 6658381661425561 ],,, [ 328191862690201 ], 
  [ 7159339663453 ], [ 934920209147 ], [ 109101763550075869, 10089400467482705597664393829 ],
  [ 930998249186179, 56168622129787883 ], [ 4125282705600872423835389786321 ], 
  [ 53073184987, 194920517540071, 127593403923646970011 ], [ 38221413683 ], 
  [ 10419875777, 932204707518569 ],, [ 321459678556685883061 ], [ 19261249613773034546597 ],
  , [ 39890967268710491276113, 5378074095079417677302856905022399636009553 ], 
  [ 98210572949479 ],, [ 2038849531811, 8402530854896179, 10193483490615881 ],, 
  [ 5406129646831 ], [ 1989801424817, 27792669161012736940914883 ],,, [ 51556830716617 ],, 
  [ 513924178507741 ], [ 3551252717304462150924760601 ], [ 14029054531 ],, 
  [ 8099157199298027, 283841929528504108441 ], [ 846693715921, 951779219500513 ], 
  [ 21366498010078440871 ],, [ 400202410345799199263 ],, [ 4706300574629 ], [ 798272984521 ],
  ,, [ 747791435319877996258331 ], [ 12378731230025119 ], [ 122399405885399704651 ], 
  [ 26387800400760829364702741 ],, [ 313796797493, 9140164982507544589 ], 
  [ 10080574253, 328554301752671, 89727475752437935903 ], 
  [ 1165720157345635581476590230899930991751619761 ],,, 
  [ 432371045497, 1287767398459, 5039077869894612091 ],, 
  [ 1773508001, 133650309256501, 1186253897581751, 557746031503894501 ], 
  [ 207396397020331, 520996068128253095384367943, 802078659825783552909177969863971 ],,, 
  [ 3010741966638817 ], [ 357589716144773711, 1516294497004053044271493891 ], 
  [ 4690317895817891 ], [ 464767827055061980691341 ], [ 30583822070999 ], 
  [ 126406063757, 2561981750591951551, 731999380360555529008223, 
      1877364851180582079289555513 ], 
  [ 522522160201, 159584848871518261, 35765864901611309431 ],, [ 4259422613 ], 
  [ 2629750633 ], [ 24429252824930917 ], [ 664642926586381, 13876198953655724442924162521 ], 
  [ 431059972003 ], [ 375613829214683, 16408241273975779129437883 ], 
  [ 6078304153701781, 13047603936604667, 8138615696165733586782833 ], 
  [ 300913654540739041, 98871655749180665441019893281, 357916412175590326609886366593, 
      2647252435221950174518069300438369 ],, [ 4133280507228358807 ], [ 334375998727 ],,, 
  [ 1630229766902602414069995751, 585044365243649677263496904406803402251 ], 
  [ 452408022923, 2866787607093706249 ], [ 7167869816028773641 ],,, [ 1690630261 ], 
  [ 3696344334730032961 ], [ 582970297771 ], 
  [ 5249767066633956203, 3047586609419439134395168357 ], 
  [ 135304278250777, 75335360515932421249 ], [ 2516348597647450635657121 ], 
  [ 1871466448811 ], [ 366603621432247 ], [ 223755057685099 ], [ 4228985902244357 ], 
  [ 146288389762351, 147836892019236751, 44406617264955538561 ], [ 10574042693648491199 ], 
  [ 25317591437981 ], [ 1632511635742460593, 3221502576151206481 ],, 
  [ 5323980271, 1106093458801943831321 ], [ 17327096893, 30550280594203 ],,,,,, 
  [ 91561881715813 ], [ 86529210659 ],, [ 30495517021, 148166297929953961381 ],,,, 
  [ 534060750123841, 9083610658189172283310217 ], [ 1272366708009791 ], 
  [ 32531980810111, 125567893689345206071783 ],, 
  [ 10116230557, 46886970591850381, 48494761119142280253536437 ], 
  [ 4671741691, 949687253225803 ],,,, [ 14269950239, 30876876103 ],, 
  [ 2034420181, 6246374551, 10682723683711 ],, [ 1224174140999, 792818200777195083767 ], 
  [ 54226182822351993586981 ], [ 12716990327 ], 
  [ 7325585262001, 22408951556401, 5090279335889401, 5713558973630986149601 ], 
  [ 181759731267589 ],,, [ 72833483521, 458953942717, 43809467753641 ], 
  [ 3872998991, 564048206293841 ], [ 1278892029617 ], [ 2863956765709817101 ], 
  [ 1079188102721 ], [ 4383171827 ], [ 601247590651, 496419002560219778892815971 ],,, 
  [ 3269016987949 ], [ 83603595499, 207291053777 ],, [ 521872469353 ], 
  [ 18180946497135157, 24155805058358815577 ],, [ 141430353301 ], 
  [ 73941943021, 2399546877491138181181 ], [ 37533190241, 1847387410051 ], 
  [ 127586778841, 3559729888709402815669 ],,,, [ 2174165987186540411 ],, 
  [ 2621286447097, 6650998713041141857 ], [ 749714134193, 61716492187843 ], 
  [ 23387374842121 ],, [ 688616195161 ], [ 14583503087, 6113493947850001 ], 
  [ 63315964531, 453732719311, 77090129050005163 ],,, [ 269442456274921 ], 
  [ 531104811161, 543403480201, 13688080801290407, 6199415925019869017286479 ], 
  [ 318775952923, 341525227294859 ], [ 9768245761, 207866647460706001 ], 
  [ 491801756120458258019 ], [ 53549368929937, 367388476909080881 ],, 
  [ 2022397417, 4596374590074707073037 ], [ 580231288631 ], [ 23161831111 ], 
  [ 1259009276851, 3087790407287 ], [ 15620332512017, 485403828739537 ], 
  [ 471898613783577163, 76469957906975429191 ],,,,,,, [ 8113723649 ],, [ 26342606509 ],, 
  [ 41442621481 ], [ 223438054501, 351817141387387339 ],,,, 
  [ 179708676221, 9288720101269841 ], 
  [ 3262969607383151, 13750498007489657, 16231474982540844557865041 ], 
  [ 10544424178063, 40794446306539 ], [ 1194075073, 12004624769 ], 
  [ 1027577311, 1292330309488331991667 ], [ 3709679163473161, 7254725246252564034511 ],, 
  [ 47750745315841 ], [ 775285660562323, 19424848862005807208353 ], 
  [ 1531351753839276767, 165903259576868556389 ],,, [ 14594853683335733 ],,, 
  [ 1820554235150281 ], [ 127345003547 ], [ 241673737400191, 12899276298930067 ], 
  [ 1570690753, 15834097343, 291390948869, 188765509978172680541, 232070910709570310101 ], 
  [ 43928827672837, 571262622165118078158757 ],, [ 1088008731239 ], [ 41926338921349 ], 
  [ 348361832289313, 517710364379775649, 53841755563694386336654561 ],, 
  [ 20555106670100420591 ], [ 786909163115029 ], [ 206751629709062737513 ],, 
  [ 7492442707, 10458453769, 650032844704951 ], [ 1098335741 ], [ 423679302817 ],, 
  [ 42273934317824899, 50791106601443864839 ], [ 81770948767 ],,, [ 615176685083 ],,,,,, 
  [ 801001276769, 3794231826001 ],,, [ 3565657919 ], [ 7777499328267278318897761 ], 
  [ 5506640219302967 ], [ 11031651473, 62833572881, 1405676205876420354871 ], 
  [ 44786859100831 ], [ 3124411848677257, 28263972110384929, 532180586941324609 ],, 
  [ 77951579137, 3607106122771 ],, [ 116119759414721, 482452919202905281 ], 
  [ 10093872647731, 15811629770737 ],,,,,, [ 1161606679 ], [ 899862340963193 ], 
  [ 1068394601 ], [ 733049546064334693261 ],, [ 1710165533 ], [ 1564583851 ],,,,, 
  [ 28517386847 ],, [ 923584173941194099381 ],, [ 90903731878786357662589 ],,,,, 
  [ 50939156960117, 661270732800333547 ], [ 1397604422029 ], [ 2180974291 ], 
  [ 3544947337051 ],, [ 26930496737 ],,, [ 27248864956981 ], [ 34876653803317 ], 
  [ 68638712310631, 36516579893133397, 84722188669257721 ], [ 1184361019 ], [ 3641781443 ], 
  [ 5346462601, 67675686307220521 ],, [ 191450118336383 ],, [ 42805775741 ], [ 94491097801 ],
  ,, [ 1992571697 ],, [ 8063111411 ], [ 212287986737 ],, [ 124891645951 ], 
  [ 169024365927629786729 ],, [ 2018642117161, 24080508357833 ],,,,, [ 23309658487 ],,,,,,, 
  [ 211142525597, 252560769898808489 ], [ 24150162521 ],, [ 8389124056969 ], 
  [ 621228243657653633 ], [ 2137088404141 ], [ 820017527368241268167 ],, [ 11776346735473 ],
  , [ 5652766197313, 950950893221321151073 ], [ 3489808813 ],,, [ 21490175899 ], 
  [ 100845301441, 125787126193, 627404460671, 107193360713167 ],, [ 2293783111 ], 
  [ 492985195501 ], [ 339846906955518359 ], [ 12986275396513, 329760263617513 ], 
  [ 2627018453 ],,, [ 4509749117, 8302013150261, 544361930286130081 ],,,,,,,, 
  [ 364288058821, 280998839711938440541, 296326135532380750861, 92631134099533799817181 ],, 
  [ 50253711329, 5590736431513 ],, [ 6917470537, 445907689797076889 ],,, [ 622528698989 ], 
  [ 23062483162935345193 ], [ 3429151441 ],,, [ 831303324001 ],, [ 5028649566403 ], 
  [ 15767385291901, 29946881636101 ],, [ 7576500085601 ],,,, [ 86289664928923 ],,, 
  [ 27257624869 ],,, [ 4566596514825781 ], [ 142926843611329, 92548708621790849 ],,, 
  [ 8280132300023 ],,, [ 19972827449 ], [ 59094955921 ], [ 29280317605009 ], [ 11799255581 ],
  ,, [ 38840686961, 106414452821 ],,, [ 6938798579 ], [ 87045903521 ], 
  [ 13776317851, 20187646711 ],, [ 4677696161 ], [ 1823314429 ],, 
  [ 7744907221, 518252614458916690382041 ],,, [ 28990385026747 ],, [ 466986443353301 ],, 
  [ 6761281339 ],,,,,,,, [ 859575820801 ],,, [ 1952344068793, 17840707763881 ],,, 
  [ 883112399357761 ], [ 43158916501, 557539520737, 14189077394043792724717 ],, 
  [ 176687390309 ],, [ 547863368645255046289 ], [ 1709981183 ],, [ 4013304223421489 ], 
  [ 27596407787507501, 807684586979893501 ],,,, [ 113018159300786209 ],,,, 
  [ 3171738133, 24619553227141 ], [ 48891584747 ],,,,,,,,,, [ 41314041195749683 ],,, 
  [ 88656196033, 434033823887803 ],, [ 16520370322716857 ], [ 521231708658151 ],,,,,,, 
  [ 525629233471273 ],, [ 919972844209339 ], [ 95811967651 ], [ 400063440905280881 ],, 
  [ 69068728369, 133020615671, 12140470209545761 ],,,,,,,,,, [ 3432998895701 ],, 
  [ 39612240841633351, 2180232991720273051 ],, [ 7340474473 ], [ 1170747496241 ], 
  [ 10610424028064488843 ],, [ 496952110311821117269 ],, [ 4373641387 ],, 
  [ 3193666868637884232812401 ],, [ 1260958277, 54475656600567317 ],, 
  [ 113704253228813626429 ],, [ 98815765429 ],,,,,, [ 157691852301712873 ],, 
  [ 1701491495859872921 ],, [ 598240027865470201921 ],, [ 32080931677 ],,,,,, 
  [ 6236464595390473, 778246154249139497, 20553373491986664409 ], [ 27187911255961 ],,,,,,,,
  , [ 435723385718267659 ],, [ 86280367333, 66842575142737 ],,,,,, [ 1532616438760161174911 ]
   ,, [ 37156140513158281 ],, [ 320430119239, 866518043458699 ],,,,,, [ 2431148239919483173 ]
   ,,,,,,,,,,, [ 1512048413 ], [ 1759410622320877969 ],,,,,, [ 593105642641 ],,,,,,,,, 
  [ 12103229989 ],,, [ 4039315699, 99227638129 ],,, [ 24280244551 ], [ 566380429187000039 ],
  , [ 4327469080201 ],,,,,,,,,,, [ 2087494531 ], [ 19116285541 ],,,, [ 5450527531201 ],,, 
  [ 50498347223 ], [ 10072873677356921131177 ],, [ 391268535631 ],,,, 
  [ 195833475533, 2720292934147 ],,,,,,, [ 157387235227 ],,,, [ 1504833250471 ], 
  [ 7424779992701 ],,,,, [ 23928597541 ],,,,,, [ 2360198129 ],,,,,,, [ 210495772808641 ],,,,,
  ,,, [ 8986464310969, 31424238406313 ],, [ 7251004867, 481754965648531 ], [ 2979829711 ], 
  [ 2479087815401 ],, [ 1820385174329 ], [ 3406404863 ],,,,,,,,, 
  [ 243834846529, 7164657761353 ],, [ 1231590301 ],, [ 1612576969 ],, 
  [ 10445296031297, 600514266332153 ],, [ 4816767457 ],, [ 6148726723189 ],,,, 
  [ 437321536936243 ],, [ 147503801619001 ],,,,,, [ 1852520251 ],, [ 75861043383857 ],,,,,,,,
  ,,,, [ 1114572097, 343535447429 ],,,,,,,, [ 116858997949 ],, [ 44197981291, 53993217547 ], 
  [ 9332661601 ], [ 4568485049 ], [ 384495805093 ],,, [ 16784910685141 ], [ 1487709719 ],,,, 
  [ 20946656899171 ], [ 2456435161951, 48886304429449 ],,, [ 1527164731 ],,,,, 
  [ 13106260034827 ], [ 26373015181 ],,,,, [ 72000722401 ],,,, [ 14437603419937 ],,,,,, 
  [ 1961700121 ],,,,,, [ 1089519301153 ],,,,,, [ 55277847258853, 284710856179891 ],,, 
  [ 10072314451 ], [ 176916669456393248999 ], [ 1430291539 ],,,,,,,,, [ 7177881418489 ],,,, 
  [ 139756160284441 ],,,, [ 35463594589 ],, [ 130982705017996807 ],,,, [ 2850013913251 ],, 
  [ 27005510017, 4829517733528897 ],, [ 18833059603 ],,,, [ 2929505437 ],,,,,, 
  [ 116439564961, 5423915095777, 858954370703509441 ],, [ 1801239299, 2235794004419 ],,,,,, 
  [ 2592521401 ],,,, [ 44938583845249 ],,,,,, [ 32962007136997 ],,,,,, 
  [ 3473506129, 310654677913 ],,,,,, [ 23413690483297, 3211584789842587 ],, 
  [ 985539695617, 1471530463873 ],,,, [ 92565761844601, 1088972730253801 ],, 
  [ 869505230526263, 12031162585207921 ],, [ 24262710929 ],, [ 8936359087, 454833116720029 ],
  [ 2233445779 ],,,,,, [ 2031056149 ], [ 199019816581, 832540506793 ],, [ 6923481577 ],,,,,,,
  ,,,, [ 1489269997 ], [ 4166918593, 61888951665473 ],, [ 4926168151 ],,,,,, [ 2855328841 ],
  , [ 8680264802271427 ],,,, [ 14217772049167 ],,,, [ 2844340656763, 7445443809893 ],,,, 
  [ 478611617851, 1870963835201 ], [ 11440535707 ], [ 42530339153, 12872891800889 ], 
  [ 5710903963 ],,,,, [ 14200396704103 ],, [ 47575667521 ],, [ 1957362161 ],, 
  [ 1959139129, 260820518657 ],,, [ 1316479603 ], [ 21329049457 ], [ 18545555341 ],, 
  [ 3965987357 ],,,,,,, [ 3242237239 ],, 
  [ 251583208801, 46233307400281, 42513632997627681903581 ],,,, 
  [ 907840665169, 41217801183673 ], [ 383236022441, 78840622690351 ], 
  [ 14866884337, 3480571188119 ],,, [ 4489516051 ],,, [ 1128963457, 49479847658497 ],, 
  [ 4956644617, 6864272100967, 3189862594699061 ],,,, [ 9432658877 ],,,,,,,,,, 
  [ 8328193777 ],,,,,,,,,,,,,,,, [ 42455560193 ],, [ 322291387744328413 ],,,,,, 
  [ 1655814114313 ],,,,,, [ 18277059527929 ],,,,,,,,,,,,, [ 16471215247 ],,,,,, 
  [ 5352461969 ], [ 22006065673 ],, [ 23625221701 ],,,,,, [ 2069682707 ],,,,,,, 
  [ 4932917923 ],,,,, [ 1181292883 ],, [ 4710779641 ],,,, [ 2344657313 ],,,,,,,,,, 
  [ 6406053751 ],,,,,,,,,, [ 2277671233 ],,,,,, [ 817542497340691, 71859533435835931 ],, 
  [ 4497628561 ],,,, [ 2418114043297 ],,,,,, [ 589037980617637 ],,, [ 24775539751 ],,,,,,,,,,
  ,,,,,, [ 1206477427, 6879668629, 18749160739 ],,,,,, [ 1869988511 ],, [ 20146995727 ],,, 
  [ 14255856001 ],,,,,,,,,,, [ 118334042807 ],,,,,,,,, [ 8233522912057 ],,, [ 2188117901 ],, 
  [ 490103336713 ],,,,,,,,,,,,, [ 9956708581 ],, [ 11620098761 ],, [ 2258760247 ],,,,, 
  [ 23478398351 ],,,, [ 3399538453 ],,, [ 27482558347 ],,,,,,, [ 1085627723 ],,,,,,, 
  [ 2580647701 ],,,,,,,,,,,, [ 33861920401 ],, [ 11529336041 ],,,,,,,,,,,,,,,,,,,,,,,,,, 
  [ 673723215901, 733393839720781 ],,,,, [ 13143823111 ],,,,,,,, [ 6765103901 ],,, 
  [ 7452867181 ],, [ 119969258203 ],,, [ 268479409801 ],,,,, [ 4727554913209 ],,, 
  [ 83966996489 ],, [ 68775104759 ],,,,,,,,,,, [ 1066485127, 13087637599 ],,,,,,,,,,,,,, 
  [ 2239163473 ],, [ 3800874761 ],,,,, [ 6252664699 ],,,,,,,, [ 6556370239 ],,, 
  [ 8836580083 ],, [ 31359386921 ],,,,,, [ 89480527291 ],, [ 15615573121 ],,,,,,,,, 
  [ 519231138757 ],,,,,,,,,, [ 10292479147 ],,,,,,,,,,,,,, [ 16333409431 ],,, 
  [ 2788390741, 3628475401 ],,,,, [ 2899170641 ],, [ 46540077631 ],,,,, [ 126692384449 ],,,,,
  ,,,,,, [ 4381324879, 24106045759 ],,,,,,,,,,,,,,, [ 137090427797 ],,,,,,,,,,,,, 
  [ 13472804899, 34426640251 ],, [ 15508430417 ],,,,,,,, [ 20887292119 ],,,, 
  [ 192231858461, 10535612822411 ],,,,,,,,, [ 10093079131 ],,, [ 38767870571 ],,,, 
  [ 28699039543 ],,,,,,, [ 3571155157 ],, [ 8336483191, 60165108151 ],,,,,,,,,,,, 
  [ 1030876237 ], [ 2344631899 ],,, [ 1981618151 ],,,, [ 4960750871 ],, [ 1734530144273 ], 
  [ 4674902503 ],,,,,,,,,, [ 127565892541 ],, [ 98785445851 ],,,, [ 13289775073 ],, 
  [ 1410723997 ],,,,,,, [ 6648581941 ],,,, [ 24723214279 ],,,,,,,,,,,,, [ 214642549801 ],,,,,
  ,,,,,, [ 3179590177 ],,,, [ 18442718401, 20705222401 ],,,,,, [ 535620840593 ],,,,,,,, 
  [ 7775221449133 ],,,,,,,, [ 2827872373 ], [ 49757774639 ],,,,,,, [ 26628760681 ],,,,,, 
  [ 13914961321 ],,,,, [ 108184891187 ],,,,,,,,,, [ 2549345947 ],,,,, [ 3306652823 ],,,,,,,, 
  [ 1262800057 ],,,,,,, [ 7262634383, 781819659766997 ],,, [ 116772405123529 ],,,,,, 
  [ 1750699429901 ], [ 2292321571 ], [ 3445757473 ], [ 30096278183 ],,,,,,,,,, 
  [ 1181284141 ],,,,,,,,,,,,,,,,, [ 12178470481 ],,,, [ 891499917569 ],,, [ 23017015817 ],,,,
  ,,,,,,,,,,,,,,,, [ 2388353381 ],,,, [ 18421534171 ], 
  [ 2989478053, 5820114529, 26908363094653 ],,,,,, [ 5887423600813 ],,,,,, [ 157608324193 ],,
  ,,,,,,,,,,,,,, [ 2732447041 ],,,,,, [ 92765357813 ],,,,,,,,,, [ 112394790649 ],,,, 
  [ 3240492481 ],,, [ 2241815227 ],,,,,,,,,,, [ 21969879599 ],, [ 1693619857 ],,,,,,,,,,,,,,,
  ,,, [ 11798501461 ],, [ 13398191953 ],, [ 1697412151 ],,,,,,,,,,,,, [ 3176069851 ],,,,,,,,,
  ,,,,, [ 96710243011 ],,,,,,, [ 14263915513849 ],,,,,,,, [ 14031157141 ], [ 1323306133 ],,,
  , [ 2042039384251 ],,,, [ 31358567143 ],,,,,,, [ 1101972709, 5498987077 ],,,,, 
  [ 77658586349 ],, [ 12338335787 ], [ 12209787841 ],, [ 4326907703 ],, [ 10176466609 ],,,,,,
  ,,,,,, [ 18788230141 ],,,,, [ 1858099501 ],,, [ 3078686293 ],, [ 66542910281 ],,,,,,,,,,,,
  , [ 734417248237 ], [ 1615865353 ], [ 17285035301 ],,,,, [ 11784992941 ],,,,,, 
  [ 2005097737 ], [ 1194787511 ],, [ 1588794553, 1247437023067 ],,,,,,,,,,,,,,,,,,,,,, 
  [ 67323631099 ],,, [ 4114549037 ], [ 8165472701 ],,,,, [ 2056679411 ],,,,,,,,,, 
  [ 51677456161 ],, [ 11818712933 ],, [ 2795738329 ],,,,,,,,,,,, [ 1831340209 ],,, 
  [ 51049091251 ],,,,,,,,,,,,,,,,,,,,,,,,,,, [ 14193330313 ],,,,,,,,,,,,,,,,,,,,,,,,,,,, 
  [ 4349202791 ],,,,,, [ 18090101921 ],,, [ 2363705569 ], [ 4169429881 ], [ 1043535151 ],,,,,
  ,,,,,,,,,,,,, [ 2091901249 ],,,,,,,,,,,,,,,,,,,,,,, [ 105241017331 ],,,,,,,,,,,,, 
  [ 1523175193 ],,,,,,,,,,,,, [ 56120533829 ],,,,,,,,,,,, [ 9829305193 ],,,, [ 79393310989 ],
  ,,,,,,,,, [ 62341497931 ],,,,,,,, [ 38931520349 ],,,,,,,, [ 16036365756071 ],,,,, 
  [ 158265782173 ], [ 29431946441 ],,,, [ 2262571777 ], [ 3584796931 ],,,,,,,,, 
  [ 57999624997 ],,,,,, [ 13901515921 ],, [ 1598578477 ],,,,,,,,,,,,,,,,,,,,,,,,,,,,,, 
  [ 37825544369 ], [ 31094165419 ],,,,, [ 3325519051 ],,,,,,,,,,,,,, 
  [ 9792282893, 86082829057 ],,,,, [ 6115248649 ],,,,,,, [ 17637921281 ],,,,,,,,,,,, 
  [ 1016798641 ],,,,, [ 14027427451 ],,,,,,,,,,,,,,,,,,, [ 1226802581 ],,,,,,,,,,,,,,,,, 
  [ 17737224319 ],,,,,, [ 544106522461 ],,,,,,,,,,,,,,,,,,,,,,,,,,,,,, [ 44331152293 ],,,,,, 
  [ 11060062357 ],,,,,,,,,,,,,,, [ 3371192257 ],,,,,,,,,, [ 618525095537 ],,,,,,,,,,,,,, 
  [ 8626544929 ],,,,,,,,,,,, [ 1264376041 ],,,,,,,,,,,,,,,,,, [ 3015134173 ],,,, 
  [ 102917232809 ],, [ 11483249527 ],,,,,, [ 1526199453601 ],,, [ 534567683566027 ],,,,,,,,,,
  ,, [ 8578867291 ],,,,,,,,,,,,,,,,,,, [ 2029612807 ],, [ 1251227041 ],, [ 153159515572331 ],
  , [ 2889562681 ],,,,, [ 2469386431, 256384638391111 ],,,,,,,,,,,,,,,,,,,,,,,,,,,,,,,,,,, 
  [ 1628122481, 47457949601 ],,,,,,,, [ 11686780393 ],, [ 10570936903141 ],,,,,,,,,,,,,,,,,,,
  ,,,,,,,,,,,,, [ 4292961011 ],,,, [ 4853842879, 6924208051, 530285195749 ],,,,,,,,,,,,,,, 
  [ 1206944509 ],,,,,,,,, [ 1901081101 ],,,,,,,,,,,,,,,,,,,,, [ 75942239137 ],,,,,,, 
  [ 11906982821 ],,,, [ 8590522491337 ],,,,,,,,,,,,,,,,,,, [ 2567389879 ],,,,,,,,, 
  [ 53267965021 ],,,, [ 9683641421 ],,,,, [ 4389176863 ],,,,,,,,,,,,,,, [ 1273635412303 ],, 
  [ 34376400229 ],,,,,,,, [ 10460533877 ],,,,,,,,,,,,,,,,,,,, [ 1318264417 ],,,,,,,,,,,,,,,,,
  ,,,,,,,,,, [ 2030876173 ],,,,,,,,, [ 229444644601 ],, [ 1353837101 ],,,,,,,,,, 
  [ 86561705497 ],,,,,,,,,,,,,,,, [ 10691201137 ],, [ 49225157122051 ],,,,,,,,,,,,,,,,,,,, 
  [ 138804366251 ],,,,,,,,,,,,,,,,,,,,,,,, [ 5208426817903 ],,,,,,,,,,,,,,,,,,,,,, 
  [ 5744893669 ],,,,,,,,,, [ 14638711193 ],,,,,,,, [ 180002473897 ],,,, [ 1048902923933 ],,,
  , [ 3270432733 ],,,,,, [ 3482028733, 22068484649 ],,,, [ 16798064641 ],, [ 12517953709 ],,,
  ,,,,,,,,,,, [ 8299883681 ],,,,,,,,,,,, [ 49178269141 ],,,, [ 4942347521 ],,,,,,, 
  [ 7129979209 ],,,,,,,,,,,,,,,,,,,,,,, [ 22380352523, 23979655061 ],,,, [ 1753478371 ],,,,,
  , [ 6445163737 ],,,,,,,,,,,, [ 250574434417 ],,,,,,,,,, [ 182081556581 ],,,, 
  [ 21634827001 ],,,,,,, [ 14936283847 ],,,,,,,,,,,,, [ 534245578201 ],,,,, [ 1115802091 ],,
  , [ 192844064977, 9728575062169 ],,,,,,,,,,,,,,,,,,,,,,,,,,,, [ 5039546851 ],,,, 
  [ 4307229551 ],,,,,,,,,,,, [ 4838533541 ], [ 40022830849 ],,, [ 6625103761 ],,,,,,,,,,,,,,,
  ,,,,,,,,,,, [ 6988438609 ],,,,,,,,,,,, [ 1096731893 ],, [ 8085460793 ],, [ 12220462580617 ]
   ,, [ 5292173951 ],,,,,,,,,,,,,,,,,,,, [ 1163444041 ],,,,,,,,,, [ 1783162921 ],,,,,,,,,,,,,
  ,,,,,,,,,,, [ 167269072129 ],, [ 7746680813 ],,,,,,,, [ 18041827807 ],,,,,,,, 
  [ 185034040381 ],,,,,,,,,,,,,, [ 2960973569, 3169492481 ],,,,,,,,,,,,,, [ 23869165951 ],,,,
  ,,,,,,,,,,, [ 9305834281 ],,,,,,,,,,,,,,, [ 1316997001 ],, [ 5121495823 ],,,,,,,,,,,,,, 
  [ 4522429489, 252416395013 ],,,,,,,,,,,,,,,,,,,,,,,,,,,, [ 450012883841 ],, 
  [ 27336294919 ],, [ 1383472381 ],,,,,,,,,,,,,,,,,, [ 605746275163 ],, [ 2133439057 ],,,,,,
  , [ 3388598221 ],,,,,,,,,,,,,,,,,,,,,,,,,,,,,,,,,,,,,,,,,,, [ 1009171511 ],,,,,, 
  [ 23742970217 ],,,,,,,,,,,, [ 11974878473 ],,,,,,,,,,,,,,,,,,,,,,,,,,,,, [ 9545987761 ],,,,
  ,,, [ 116882701433 ],, [ 3394580047 ],,,, [ 13464760649 ],,,, [ 2864703047 ],,,,,,,,,,,,,,,
  ,,,,,,,,,,,,,,,,,,,,,,,,,,,,,,,,, [ 1580511017471 ],,,,,,,,,,,,,,,,,,,,,,,,,,,, 
  [ 46116634087 ],,,,,,,,,, [ 1211658233 ],,,,,, [ 1815536383, 2375698112899 ],,,, 
  [ 897083682769 ],,,,,,, [ 458836658281 ],,,,,,,,,,, [ 67153963273 ],,,,,,,, 
  [ 2596980569, 3375194681, 98839884989 ],,,,,,,,,,,, [ 1411352681 ],,,, [ 1122114001 ],,,,,,
  ,,,,,,,,,,,,,,,,,,,, [ 50212055891 ],,,, [ 2868195601 ],,,,,,,,,,,,,,,,,,,,,,,,,,,,,,,,,, 
  [ 1397604781 ],,,,,,,,,,,,,,,,,,,,,,,,,,,,,,,,,,,,,,,,,,,,,, [ 2300795598611 ],,,,,, 
  [ 1897814209 ],,,,,,,,,,,,,,,,,,,, [ 15516150049 ],,,,,,,,,,,,,,,,,, [ 3695067307 ],,,,,,,,
  ,,,,,,,,,,,,,,,,,,,, [ 5197264507 ],,,,,,,, [ 6715220671 ],,,,,,,,,,,,,,,,,,,,,,,, 
  [ 5890192303 ],,,,,,,,,,,,,,,,,,,,,,,,,, [ 6269253541 ],,,,,,,,,,,,,,,,,,,,,,,,,,,,,,,,,,,,
  ,,,,,,,,,,,,,,,,,,,, [ 5741328529 ],,,,,,,,,, [ 7749168241 ],,,, [ 1242059683771 ],,,,,,,,,
  ,,,,,,,,,,, [ 3997056941 ],,,,,,,,,,,,,,,,,,,, [ 194724718651 ],,,,,,,,,,,,,,,,,,,, 
  [ 16581893491 ],,,, [ 5665306609 ],,,,,,,,,,,,,,,, [ 24489292721 ],,,,,,,,,,,,,,,,,,,, 
  [ 8050087861, 8731804181 ],,,,,,,,,,,,,,,,,,,, [ 18324493531 ],,,, [ 15369201709 ],,,,,,,,,
  ,,,,,,, [ 1256147401 ],,,,,,,,,,,,,,,,,,,,,,,,,,,,,,,,,,,,,,,,,,,,,,,,,,,,,,,,,, 
  [ 5485807864297 ],, [ 1955203174391 ],,,,,,,,,,,,,,,,,,,,,,,,,,,,,,,,,,,, [ 53082945469 ],
  , [ 1231247777 ],,,,,,,,,,,,,,,,,,,, [ 44590267369 ],, [ 26137592911 ],,,,,,,,,,,,,,,, 
  [ 1526353903, 1043376403141 ],, [ 2655487129 ],,,,,,,,,,,,,,,, [ 275537479249 ],,,,,,,,,,,,
  ,,,,,,,,,,,,,,,,,,,,,,,,,,,,,, [ 2527800333259 ],,,,,,,,,,,,,,,,,,,,,,,,,,,,,,,,,,,,,,,, 
  [ 100100475203 ],,,, [ 13330309021 ],,,,,,,,,,,,,,,,,,,,,,,, [ 648810435799 ],,,, 
  [ 1322646697 ],,,,,,,,,,,,,,,,,,,,,, [ 1230100321 ],, [ 50420382307 ],,,,,,,,,,,,,,,,,,,,,,
  ,,,,,,,, [ 26225590129 ],,,,,,,,,,,,,,,,,,,,,,,,,,,,,,,,,,,, [ 1775129609917 ],,,,,,,,,,,,,
  ,,,,,,,,,,,,,,,,,,,,,,,,,,,,,,,,,,,,,,, [ 15854189521 ],, [ 14743974391 ],,,,,,,,,,,,,,,,,,
  ,,,,,,,,,,,,,,,,,,,,,,,,,,,,,,,,,,,,,,,,,,,,,,,,,,,,,,,,,,,, [ 1749142441 ],,,,,, 
  [ 3615264901, 27552417751 ],,,,,,,,,,,,,,,,,,,, [ 7019175793169 ],,,,,,,,,,,,,,,,,,,,,,,,,,
  ,,,,,,,, [ 1853734501, 1910191501 ],,,,,,,,,,,,,,,,,,,,,,,,,,,,,,,,,,,,,,,,,,,,,,,,,,,,,, 
  [ 5027251681 ],,,,,,,,,,,,,,,,,,,,,,,,,,,,,, [ 2767461649 ],,,,,,,,,,,,,,,, [ 2170422601 ],
  ,,,,,,,,,,,,, [ 1122249379, 67808382151 ],,,,,,,,,,,,,,,,,,,,,,,,,,,,,,,,,,,,,,,,,,,,,,,,,,
  ,,,,,,,,,,,,,,,,,,,,,,,,,,,,,,,,,,,,,,,, [ 4490918209 ],,,,,,,,,,,,,,,,,,,,,,,, 
  [ 2334201170089 ],,,,,,,,,,,,,,,,,,,,,,,, [ 1186921297 ],,,,,, [ 3508010364954967 ],,,,,,,,
  ,,,,,,,,,,,,,,,,,,,,,,,,,,,,,,,,,,,,,,,,,,,,,, [ 22024355581 ],,,,,, [ 26529069139 ],,,,,,,
  ,,,,,,,,,,,,,,,,,,,,,,,,,,,,,,,,,,,,,,,,, [ 202089155029 ],,,,,,,,,,,,,,,,,,,,,,,,,,,,,,,,,
  ,,,,,,,,,,,,,,,,,,,,,,,,,,,,,,, [ 6342514021 ],, [ 5481543169 ],,,,,, [ 6964239169 ],,,,,,,
  ,,,,,,,,,,,,,,,,,,,,,,,,,,,,,,,,,,,,,,,,,,,,,,,,,,,,,,,,,,,,,,,,,,,,,,,,,,,,,,,,,,,,,,,,,,,
  ,,,, [ 1320403961521 ],,,,,,,,,,,,,,,,,,,, [ 39401633041 ],,,,,,,,,,,,,,,,,,,,,,,,,,,,,,,,,
  ,,,,,,,,,,,,,,,,,,, [ 57430738441 ],,,,,,,,,,,, [ 2852146501 ],,,,,,,,,,,,,,,,,,,,,,,,,,,,,
  ,,,,,,,,,,,,,,,,,,,,,,,,,,,,,,,,,,,,,,,,,,,,,,,,, [ 1758640141 ],,,,,,,,,,,, 
  [ 187280378143 ],,,,,,,,,,,,,,,,,, [ 6351538129 ],,,,,,,,,,,,,,,,,,,,,,,,,,,,,,,,,,,,,,,,,,
  ,,,,,,,,,,,, [ 3898435573 ],,,,,,,,,,,,,,,,,,,,,,,,,,,,,,,,,,,,,,,,,, [ 153726876577 ],,,,,
  ,,,,,,, [ 1040071801 ],,,,,,,,,,,,,,,,,,,,,,,,,,,,,,,,,,,,,,,,,,,,,,,,,,,,,,,,,,,,,,,,,,,,,
  ,,,,,,,,,,,,,,,,,,,,,,,,,,,,,,,,,,,,,,,,,,,,,,,,,,,,,,,,,,,,,,,,,,,,,,,,,,,,,,,,,,,,,,,,,,,
  ,, [ 25630324231 ],,,,,,,,,,,,,,,,,,,,,,,,,,,,,,,,,,,, [ 18079244041 ],,,,,,,,,,,, 
  [ 6330313351 ],,,,,,,,,,,,,,,,,,,,,,,,,,,,,,,,,,,,,,,,,,,,,,,,,,,,,,,,,,,,,,,,,, 
  [ 7777373761 ],,,,,,,,,,,,,,,,,,,,,,,,,,,,,,,,,,,,,,,,,, [ 152635447309 ],,,,,,,,,,,,,,,,,,
  ,,,,,,,,,,,,,,,,,,,,,,,,,,,,,,,,,,,, [ 61712790721 ],,,,,,,,,,,,,,,,,,,,,,,,,,,,,,,,,,,,,,,
  ,,,,,,,,,,,,,,,,,,,,,,,,,,,,,,,,,,,,,,,,,,,,,,,,,,,,,,,,,,,,,,,,,,,,,,,,,,,,,,,,,,,,,,,,,,,
  ,,,,,,,,,,,,,,,,,,,,,,,,,,,,,,,,,,,,,,,,,,,,,,,,,,,,,,,,,,,,,,,,,,,,,,,,,,,,,,,,,,,,,,,,,,,
  ,,,,,,,,,,,,,,,,,,,,,,,,,,,,,,,,,,,,,,,,,,,,,,,,,,,,,,,,,,,,,,,,,,,,,,,,,,,,,,,,,,,,,,,,,,,
  ,,,,,,,,,,,,,,,,,,,,,,,,,,,,,,,,,,,,,,,,,,,,,,,,,,,,,,,,,,,,,,,,,,,,,,,,,,,,,,,,,,,,,,,,,,,
  ,,,,,,,,,,,,,,,,,,,,,,,,,,,,,,,,,,,,,,,,,,,,,,,,,,,,,,,,,,, [ 45417796201 ],,,,,,,,,,,,,,,,
  ,,,,,,,,,,,,,,,,,,,,,,,,,, [ 8985172057 ],,,,,,,,,,,,,,,,,,,,,,,,,,,,,,,,,,,,,,,,,,,,,,,,,,
  ,,,, [ 10654328851 ],,,,,,,,,,,,,,,,,,,,,,,,,,,,,,,,,,,,,,,,,,,,,,,,,,,,,,,,,,,,,,,,,,,,,,,
  ,,,,,,,,,,,,,,,,,,,,,,,,,,,,,,,,,,,,,,,,,,,,,,,,,,,,,,,,,,,,,,,,,,,,,,,,,,,,,,,,,,,,,,,,,,,
  ,,,,,,,,,,,,,,,,,, [ 567371386201 ],,,,,,,,,,,,,,,,,,,,,,,,,,,,,,,,,,,,,,,,,,,,,,,,,,,,,,,,
  ,,,, [ 2050012021 ],,,,,,,,,,,,,,,,,,,,,,,,,,,,,, [ 2287940521 ],,,,,,,,,,,, 
  [ 11676220921 ],,,,,,,,,,,,,,,,,,,,,,,,,,,,,,,,,,,,,,,,,,,,,,,, [ 4192643401 ],,,,,,,,,,,,,
  ,,,,,,,,,,,,,,,,,,,,,,,,,,,,,,,,,,,,,,,,,,,,,,,,,,,,,,,,,,,,,,,,,,,,,,,,,,,,, 
  [ 97689239821 ],,,,,,,,,,,,,,,,,,,,,,,,,,,,,, [ 10517424961 ],,,,,,,,,,,,,,,,,,,,,,,,,,,,,,
  ,,,,,,,,,,,,,,,,,,,,,,,,,,,,,,,,,,,,,,,,,,,,,,,,,,,,,,,,,,,,,,,,,,,,,,,,,,,,,,,,,,,,,,,,,,,
  ,,,,,,,,,,,,,,,,,,,,,,,,,,,,,,,,,,,,,,,,,,,,,,,,,,,,,,,,,,,,,,,,,,,,,,,,,,,,,,,,,,,,,,,,,,,
  ,,,,,,,,,,,,,,,,,,,,,,,,,,,,,,,,,,,,,,,,,,,,,,,,,,,,,,,,,,,,,,,,,,,,,,,,,,,,,,,,,,,,,,,,,,,
  ,,,,,,,,,,,,,,,,,,,,,,,,,,,,,,,,,,,,,,,,,,,,,,,,,,,,,,,,,,,,,,,,,,,,,,,,,,,,,,,,,,,,,,,,,,,
  ,,,,,,,,,,,,,,,,,,,,,,,,,,,,,,,,,,,,,,,,,,,,,,,,,,,,,,,,,,,,,,,,,,,,,,,,,,,,,,,,,,,,,,,,,,,
  ,,,,,,,,,,,,,,,,,,,,,,,,,,,,,,,,,,,,,,,,,,,,,,,,,,,,,,,,,,,,,,,,,,,,,,,,,,,,,,,,,,,,,,,,,,,
  ,,,,,,,,,,,,,,,,,,,,,,,,,,,,,,,,,,,,,,,,,,,,,,,,,,,,,,,,,,,,,,,,,,,,,,,,,,,,,,,,,,,,,,,,,,,
  ,,,,,,,,,,,,,,,,,,,,,,, [ 6849403861, 3387356648911 ],,,,,,,,,,,,,,,,,,,,,,,,,,,,,,,,,,,,,,
  ,,,,,,,,,,,,,,,,,,,,,,,,,,,,,,,,,,,,,,,,,,,,,,,,,,,,,,,,,,,,,,,,,,,,,,,,,,,,,,,,,,,,,,,,,,,
  ,,,,,,,,,,,,,,,,,,,,,,,,,,,,,,,,,,,,,,,,,,,,,,,,,,,,,,,,,,,,,,,,,,,,,,,,,,,,,,,,,,,,,,,,,,,
  ,,,,,,,,,,,,,,,,,,,,,,,,,,,,,,,,,,,,,,,,,,,,,,,,,,,,,,,,,,,,,,,,,,,,,,,,,,,,,,,,,,,,,,,,,,,
  ,,,,,,,,,,,,,,,,,,,,,,,,,,,,,,,,,,,,,,,,,,,,,,,,,,,,,,,,,,,,,,,,,,,,,,,,,,,,,,,,,,,,,,,,,,,
  ,,,,,,,,,,,,,,,,,,,,,,,,,,,,,,,,,,,,,,,,,,,,,,,,,,,,,,,,,,,,,,,,,,,,,,,,,,,,,,,,,,,,,,,,,,,
  ,,,,,,,,,,,,,,,,,,,,,,,,,,,,,,,,,,,,,,,,,,,,,,,,,,,,,,,,,,,,,,,,,,,,,,,,,,,,,,,,,,,,,,,,,,,
  ,,,,,,,,,,,,,,,,,,,,,,,,,,,,,,,,,,,,,,,,,,,,,,,,,,,,,,,,,,,,,,,,,,,,,,,,,,,,,,,,,,,,,,,,,,,
  ,,,,,,,,,,,,,,,,,,,,,,,,,,,,,,,,,,,,,,,,,,,,,,,,,,,,,,,,,,,,,,,,,,,,,,,,,,,,,,,,,,,,,,,,,,,
  ,,,,,,,,,,,,,,,, [ 13433782273 ],,,,,,,,,,,,,,,,,,,,,,,,,,,,,,,,,,,,,,,,,,,,,,,,,,,,,,,,,,,
  ,,,,,,,,,,,,,,,,,,,,,,,,,,,,,,,,,,,,,,,,,,,,,,,,,,,,,,,,,,,,,,,,,,,,,,,,,,,,,,,,,,,,,,,,,,,
  ,,,,,,,,,,,,,,,,,,,,,,,,,,,,,,,,,,,,,,,,,,,,,,,,,,,,,,,,,,,,,,,,,,,,,,,,,,,,,,,,,,,,,,,,,,,
  ,,,,,,,,,,,,,,,,,,,,,,,,,,,,,,,,,,,,,,,,,,,,,,,,,,,,,,,,,,,,,,,,,,,,,,,,,,,,,,,,,,,,,,,,,,,
  ,,,,,,,,,,,,,,,,,,,,,,,,,,,,,,,,,,,,,,,,,,,,,,,,,,,,,,,,,,,,,,,,,,,,,,,,,,,,,,,,,,,,,,,,,,,
  ,,,,,,,,,,,,,,,,,,,,,,,,,,,,,,,,,,,,,,,,,,,,,,,,,,,,,,,,,,,,,,,,,,,,,,,,,,,,,,,,,,,,,,,,,,,
  ,,,,,,,,,,,,,,,,,,,,,,,,,,,,,,,,,,,,,,,,,,,,,,,,,,,,,,,,,,,,,,,,,,,,,,,,,,,,,,,,,,,,,,,,,,,
  ,,,,,,,,,,,,,,,,,,,,,,,,,,,,,,,,,,,,,,,,,,,,,,,,,,,,,,,,,,,,,,,,,,,,,,,,,,,,,,,,,,,,,,,,,,,
  ,,,,,,,,,,,,,,,,,,,,,,,,,,,,,,,,,,,,,,,,,,,,,,,,,,,,,,,,,,,,,,,,,,,,,,,,,,,,,,,,,,,,,,,,,,,
  ,,,,,,,,,,,,,,,,,,,,,,,,,,,,,,,,,,,,,,,,,,,,,,,,,,,,,,,,,,,,,,,,,,,,,,,,,,,,,,,,,,,,,,,,,,,
  ,,,,,,,,,,,,,,,,,,,,,,,,,,,,,,,,,,,,,,,,,,,,,,,,,,,,,,,,,,,,,,,,,,,,,,,,,,,,,,,,,,,,,,,,,,,
  ,,,,,,,,,,,,,,,,,,,,,,,,,,,,,,,,,,,,,,,,,,,,,,,,,,,,,,,,,,,,,,,,,,,,,,,,,,,,,,,,,,,,,,,,,,,
  ,,,,,,,,,,,,,,,,,,,,,,,,,,,,,,,,,,,,,,,,,,,,,,,,,,,,,,,,,,,,,,,,,,,,,,,,,,,,,,,,,,,,,,,,,,,
  ,,,,,,,,,,,,,,,,,,,,,,,,,,,,,,,,,,,,,,,,,,,,,,,,,,,,,,,,,,,,,,,,,,,,,,,,,,,,,,,,,,,,,,,,,,,
  ,,,,,,,,,,,,,,,,,,,,,,,,,,,,,,,,,,,,,,,,,,,,,,,,,,,,,,,,,,,,,,,,,,,,,,,,,,,,,,,,,,,,,,,,,,,
  ,,,,,,,,,,,,,,,,,,,,,,,,,,,,,,,,,,,,,,,,,,,,,,,,,,,,,,,,,,,,,,,,,,,,,,,,,,,,,,,,,,,,,,,,,,,
  ,,,,,,,,,,,,,,,,,,,,,,,,,,,,,,,,,,,,,,,,,,,,,,,,,,,,,,,,,,,,,,,,,,,,,,,,,,,,,,,,,,,,,,,,,,,
  ,,,,,,,,,,,,,,,,,,,,,,,,,,,,,,,,,,,,,,,,,,,,,,,,,,,,,,,,,,,,,,,,,,,,,,,,,,,,,,,,,,,,,,,,,,,
  ,,,,,,,,,,,,,,,,,,,,,,,,,,,,,,,,,,,,,,,,,,,,,,,,,,,,,,,,,,,,,,,,,,,,,,,,,,,,,,,,,,,,,,,,,,,
  ,,,,,,,,,,,,,,,,,,,,,,,,,,,,,,,,,,,,,,,,,,,,,,,,,,,,,,,,,,,,,,,,,,,,,,,,,,,,,,,,,,,,,,,,,,,
  ,,,,,,,,,,,,,,,,,,,,,,,,,,,,,,,,,,,,,,,,,,,,,,,,,,,,,,,,,,,,,,,,,,,,,,,,,,,,,,,,,,,,,,,,,,,
  ,,,,,,,,,,,,,,,,,,,,,,,,,,,,,,,,,,,,,,,,,,,,,,,,,,,,,,,,,,,,,,,,,,,,,,,,,,,,,,,,,,,,,,,,,,,
  ,,,,,,,,,,,,,,,,,,,,,,,,,,,,,,,,,,,,,,,,,,,,,,,,,,,,,,,,,,,,,,,,,,,,,,,,,,,,,,,,,,,,,,,,,,,
  ,,,,,,,,,,,,,,,,,,,,,,,,,,,,,,,,,,,,,,,,,,,,,,,,,,,,,,,,,,,,,,,,,,,,,,,,,,,,,,,,,,,,,,,,,,,
  ,,,,,,,,,,,,,,,,,,,,,,,,,,,,,,,,,,,,,,,,,,,,,,,,,,,,,,,,,,,,,,,,,,,,,,,,,,,,,,,,,,,,,,,,,,,
  ,,,,,,,,,,,,,,,,,,,,,,,,,,,,,,,,,,,,,,,,,,,,,,,,,,,,,,,,,,,,,,,,,,,,,,,,,,,,,,,,,,,,,,,,,,,
  ,,,,,,,,,,,,,,,,,,,,,,,,,,,,,,,,,,,,,,,,,,,,,,,,,,,,,,,,,,,,,,,,,,,,,,,,,,,,,,,,,,,,,,,,,,,
  ,,,,,,,,,,,,,,,,,,,,,,,,,,,,,,,,,,,,,,,,,,,,,,,,,,,,,,,,,,,,,,,,,,,,,,,,,,,,,,,,,,,,,,,,,,,
  ,,,,,,,,,,,,,,,,,,,,,,,,,,,,,,,,,,,,,,,,,,,,,,,,,,,,,,,,,,,,,,,,,,,,,,,,,,,,,,,,,,,,,,,,,,,
  ,,,,,,,,,,,,,,,,,,,,,,,,,,,,,,,,,,,,,,,,,,,,,,,,,,,,,,,,,,,,,,,,,,,,,,,,,,,,,,,,,,,,,,,,,,,
  ,,,,,,,,,,,,,,,,,,,,,,,,,,,,,,,,,,,,,,,,,,,,,,,,,,,,,,,,,,,,,,,,,,,,,,,,,,,,,,,,,,,,,,,,,,,
  ,,,,,,,,,,,,,,,,,,,,,,,,,,,,,,,,,,,,,,,,,,,,,,,,,,,,,,,,,,,,,,,,,,,,,,,,,,,,,,,,,,,,,,,,,,,
  ,,,,,,,,,,,,,,,,,,,,,,,,,,,,,,,,,,,,,,,,,,,,,,,,,,,,,,,,,,,,,,,,,,,,,,,,,,,,,,,,,,,,,,,,,,,
  ,,,,,,,,,,,,,,,,,,,,,,,,,,,,,,,,,,,,,,,,,,,,,,,,,,,,,,,,,,,,,,,,,,,,,,,,,,,,,,,,,,,,,,,,,,,
  ,,,,,,,,,,,,,,,,,,,,,,,,,,,,,,,,,,,,,,,,,,,,,,,,,,,,,,,,,,,,,,,,,,,,,,,,,,,,,,,,,,,,,,,,,,,
  ,,,,,,,,,,,,,,,,,,,,,,,,,,,,,,,,,,,,,,,,,,,,,,,,,,,,,,,,,,,,,,,,,,,,,,,,,,,,,,,,,,,,,,,,,,,
  ,,,,,,,,,,,,,,,,,,,,,,,,,,,,,,,,,,,,,,,,,,,,,,,,,,,,,,,,,,,,,,,,,,,,,,,,,,,,,,,,,,,,,,,,,,,
  ,,,,,,,,,,,,,,,,,,,,,,,,,,,,,,,,,,,,,,,,,,,,,,,,,,,,,,,,,,,,,,,,,,,,,,,,,,,,,,,,,,,,,,,,,,,
  ,,,,,,,,,,,,,,,,,,,,,,,,,,,,,,,,,,,,,,,,,,,,,,,,,,,,,,,,,,,,,,,,,,,,,,,,,,,,,,,,,,,,,,,,,,,
  ,,,,,,,,,,,,,,,,,,,,,,,,,,,,,,,,,,,,,,,,,,,,,,,,,,,,,,,,,,,,,,,,,,,,,,,,,,,,,,,,,,,,,,,,,,,
  ,,,,,,,,,,,,,,,,,,,,,,,,,,,,,,,,,,,,,,,,,,,,,,,,,,,,,,,,,,,,,,,,,,,,,,,,,,,,,,,,,,,,,,,,,,,
  ,,,,,,,,,,,,,,,,,,,,,,,,,,,,,,,,,,,,,,,,,,,,,,,,,,,,,,,,,,,,,,,,,,,,,,,,,,,,,,,,,,,,,,,,,,,
  ,,,,,,,,,,,,,,,,,,,,,,,,,,,,,,,,,,,,,,,,,,,,,,,,,,,,,,,,,,,,,,,,,,,,,,,,,,,,,,,,,,,,,,,,,,,
  ,,,,,,,,,,,,,,,,,,,,,,,,,,,,,,,,,,,,,,,,,,,,,,,,,,,,,,,,,,,,,,,,,,,,,,,,,,,,,,,,,,,,,,,,,,,
  ,,,,,,,,,,,,,,,,,,,,,,,,,,,,,,,,,,,,,,,,,,,,,,,,,,,,,,,,,,,,,,,,,,,,,,,,,,,,,,,,,,,,,,,,,,,
  ,,,,,,,,,,,,,,,,,,,,,,,,,,,,,,,,,,,,,,,,,,,,,,,,,,,,,,,,,,,,,,,,,,,,,,,,,,,,,,,,,,,,,,,,,,,
  ,,,,,,,,,,,,,,,,,,,,,,,,,,,,,,,,,,,,,,,,,,,,,,,,,,,,,,,,,,,,,,,,,,,,,,,,,,,,,,,,,,,,,,,,,,,
  ,,,,,,,,,,,,,,,,,,,,,,,,,,,,,,,,,,,,,,,,,,,,,,,,,,,,,,,,,,,,,,,,,,,,,,,,,,,,,,,,,,,,,,,,,,,
  ,,,,,,,,,,,,,,,,,,,,,,,,,,,,,,,,,,,,,,,,,,,,,,,,,,,,,,,,,,,,,,,,,,,,,,,,,,,,,,,,,,,,,,,,,,,
  ,,,,,,,,,,,,,,,,,,,,,,,,,,,,,,,,,,,,,,,,,,,,,,,,,,,,,,,,,,,,,,,,,,,,,,,,,,,,,,,,,,,,,,,,,,,
  ,,,,,,,,,,,,,,,,,,,,,,,,,,,,,,,,,,,,,,,,,,,,,,,,,,,,,,,,,,,,,,,,,,,,,,,,,,,,,,,,,,,,,,,,,,,
  ,,,,,,,,,,,,,,,,,,,,,,,,,,,,,,,,,,,,,,,,,,,,,,,,,,,,,,,,,,,,,,,,,,,,,,,,,,,,,,,,,,,,,,,,,,,
  ,,,,,,,,,,,,,,,,,,,,,,,,,,,,,,,,,,,,,,,,,,,,,,,,,,,,,,,,,,,,,,,,,,,,,,,,,,,,,,,,,,,,,,,,,,,
  ,,,,,,,,,,,,,,,,,,,,,,,,,,,,,,,,,,,,,,,,,,,,,,,,,,,,,,,,,,,,,,,,,,,,,,,,,,,,,,,,,,,,,,,,,,,
  ,,,,,,,,,,,,,,,,,,,,,,,,,,,,,,,,,,,,,,,,,,,,,,,,,,,,,,,,,,,,,,,,,,,,,,,,,,,,,,,,,,,,,,,,,,,
  ,,,,,,,,,,,,,,,,,,,,,,,,,,,,,,,,,,,,,,,,,,,,,,,,,,,,,,,,,,,,,,,,,,,,,,,,,,,,,,,,,,,,,,,,,,,
  ,,,,,,,,,,,,,,,,,,,,,,,,,,,,,,,,,,,,,,,,,,,,,,,,,,,,,,,,,,,,,,,,,,,,,,,,,,,,,,,,,,,,,,,,,,,
  ,,,,,,,,,,,,,,,,,,,,,,,,,,,,,,,,,,,,,,,,,,,,,,,,,,,,,,,,,,,,,,,,,,,,,,,,,,,,,,,,,,,,,,,,,,,
  ,,,,,,,,,,,,,,,,,,,,,,,,,,,,,,,,,,,,,,,,,,,,,,,,,,,,,,,,,,,,,,,,,,,,,,,,,,,,,,,,,,,,,,,,,,,
  ,,,,,,,,,,,,,,,,,,,,,,,,,,,,,,,,,,,,,,,,,,,,,,,,,,,,,,,,,,,,,,,,,,,,,,,,,,,,,,,,,,,,,,,,,,,
  ,,,,,,,,,,,,,,,,,,,,,,,,,,,,,,,,,,,,,,,,,,,,,,,,,,,,,,,,,,,,,,,,,,,,,,,,,,,,,,,,,,,,,,,,,,,
  ,,,,,,,,,,,,,,,,,,,,,,,,,,,,,,,,,,,,,,,,,,,,,,,,,,,,,,,,,,,,,,,,,,,,,,,,,,,,,,,,,,,,,,,,,,,
  ,,,,,,,,,,,,,,,,,,,,,,,,,,,,,,,,,,,,,,,,,,,,,,,,,,,,,,,,,,,,,,,,,,,,,,,,,,,,,,,,,,,,,,,,,,,
  ,,,,,,,,,,,,,,,,,,,,,,,,,,,,,,,,,,,,,,,,,,,,,,,,,,,,,,,,,,,,,,,,,,,,,,,,,,,,,,,,,,,,,,,,,,,
  ,,,,,,,,,,,,,,,,,,,,,,,,,,,,,,,,,,,,,,,,,,,,,,,,,,,,,,,,,,,,,,,,,,,,,,,,,,,,,,,,,,,,,,,,,,,
  ,,,,,,,,,,,,,,,,,,,,,,,,,,,,,,,,,,,,,,,,,,,,,,,,,,,,,,,,,,,,,,,,,,,,,,,,,,,,,,,,,,,,,,,,,,,
  ,,,,,,,,,,,,,,,,,,,,,,,,,,,,,,,,,,,,,,,,,,,,,,,,,,,,,,,,,,,,,,,,,,,,,,,,,,,,,,,,,,,,,,,,,,,
  ,,,,,,,,,,,,,,,,,,,,,,,,,,,,,,,,,,,,,,,,,,,,,,,,,,,,,,,,,,,,,,,,,,,,,,,,,,,,,,,,,,,,,,,,,,,
  ,,,,,,,,,,,,,,,,,,,,,,,,,,,,,,,,,,,,,,,,,,,,,,,,,,,,,,,,,,,,,,,,,,,,,,,,,,,,,,,,,,,,,,,,,,,
  ,,,,,,,,,,,,,,,,,,,,,,,,,,,,,,,,,,,,,,,,,,,,,,,,,,,,,,,,,,,,,,,,,,,,,,,,,,,,,,,,,,,,,,,,,,,
  ,,,,,,,,,,,,,,,,,,,,,,,,,,,,,,,,,,,,,,,,,,,,,,,,,,,,,,,,,,,,,,,,,,,,,,,,,,,,,,,,,,,,,,,,,,,
  ,,,,,,,,,,,,,,,,,,,,,,,,,,,,,,,,,,,,,,,,,,,,,,,,,,,,,,,,,,,,,,,,,,,,,,,,,,,,,,,,,,,,,,,,,,,
  ,,,,,,,,,,,,,,,,,,,,,,,,,,,,,,,,,,,,,,,,,,,,,,,,,,,,,,,,,,,,,,,,,,,,,,,,,,,,,,,,,,,,,,,,,,,
  ,,,,,,,,,,,,,,,,,,,,,,,,,,,,,,,,,,,,,,,,,,,,,,,,,,,,,,,,,,,,,,,,,,,,,,,,,,,,,,,,,,,,,,,,,,,
  ,,,,,,,,,,,,,,,,,,,,,,,,,,,,,,,,,,,,,,,,,,,,,,,,,,,,,,,,,,,,,,,,,,,,,,,,,,,,,,,,,,,,,,,,,,,
  ,,,,,,,,,,,,,,,,,,,,,,,,,,,,,,,,,,,,,,,,,,,,,,,,,,,,,,,,,,,,,,,,,,,,,,,,,,,,,,,,,,,,,,,,,,,
  ,,,,,,,,,,,,,,,,,,,,,,,,,,,,,,,,,,,,,,,,,,,,,,,,,,,,,,,,,,,,,,,,,,,,,,,,,,,,,,,,,,,,,,,,,,,
  ,,,,,,,,,,,,,,,,,,,,,,,,,,,,,,,,,,,,,,,,,,,,,,,,,,,,,,,,,,,,,,,,,,,,,,,,,,,,,,,,,,,,,,,,,,,
  ,,,,,,,,,,,,,,,,,,,,,,,,,,,,,,,,,,,,,,,,,,,,,,,,,,,,,,,,,,,,,,,,,,,,,,,,,,,,,,,,,,,,,,,,,,,
  ,,,,,,,,,,,,,,,,,,,,,,,,,,,,,,,,,,,,,,,,,,,,,,,,,,,,,,,,,,,,,,,,,,,,,,,,,,,,,,,,,,,,,,,,,,,
  ,,,,,,,,,,,,,,,,,,,,,,,,,,,,,,,,,,,,,,,,,,,,,,,,,,,,,,,,,,,,,,,,,,,,,,,,,,,,,,,,,,,,,,,,,,,
  ,,,,,,,,,,,,,,,,,,,,,,,,,,,,,,,,,,,,,,,,,,,,,,,,,,,,,,,,,,,,,,,,,,,,,,,,,,,,,,,,,,,,,,,,,,,
  ,,,,,,,,,,,,,,,,,,,,,,,,,,,,,,,,,,,,,,,,,,,,,,,,,,,,,,,,,,,,,,,,,,,,,,,,,,,,,,,,,,,,,,,,,,,
  ,,,,,,,,,,,,,,,,,,,,,,,,,,,,,,,,,,,,,,,,,,,,,,,,,,,,,,,,,,,,,,,,,,,,,,,,,,,,,,,,,,,,,,,,,,,
  ,,,,,,,,,,,,,,,,,,,,,,,,,,,,,,,,,,,,,,,,,,,,,,,,,,,,,,,,,,,,,,,,,,,,,,,,,,,,,,,,,,,,,,,,,,,
  ,,,,,,,,,,,,,,,,,,,,,,,,,,,,,,,,,,,,,,,,,,,,,,,,,,,,,,,,,,,,,,,,,,,,,,,,,,,,,,,,,,,,,,,,,,,
  ,,,,,,,,,,,,,,,,,,,,,,,,,,,,,,,,,,,,,,,,,,,,,,,,,,,,,,,,,,,,,,,,,,,,,,,,,,,,,,,,,,,,,,,,,,,
  ,,,,,,,,,,,,,,,,,,,,,,,,,,,,,,,,,,,,,,,,,,,,,,,,,,,,,,,,,,,,,,,,,,,,,,,,,,,,,,,,,,,,,,,,,,,
  ,,,,,,,,,,,,,,,,,,,,,,,,,,,,,,,,,,,,,,,,,,,,,,,,,,,,,,,,,,,,,,,,,,,,,,,,,,,,,,,,,,,,,,,,,,,
  ,,,,,,,,,,,,,,,,,,,,,,,,,,,,,,,,,,,,,,,,,,,,,,,,,,,,,,,,,,,,,,,,,,,,,,,,,,,,,,,,,,,,,,,,,,,
  ,,,,,,,,,,,,,,,,,,,,,,,,,,,,,,,,,, [ 1366294529 ] ]);
