BRENTFACTORS[7566]:=MakeImmutable([ ,,,,,,,,,,,, [ 8490994075481633 ],,,,,, 
  [ 107897551588143559453 ],,,, [ 1112519477, 4809844292184931614333683 ],, 
  [ 1102390427233762087423320551 ],, [ 6510812188713990967 ],, 
  [ 54269176528307207, 5360680917739178917 ],, 
  [ 11349196688650017751, 7562769385075313164822042256341912479028290073 ],, 
  [ 549770196301407195167505211 ], [ 1064193924251422830570977 ],, [ 9354475282081020589 ], 
  [ 60681940105280956457, 73757914372977228309041279047 ],, [ 13118809347313040827 ], 
  [ 16498061266407117825761 ], 
  [ 58310565353461, 70340516183015201, 4378633134475901495561, 35569168661669827948593751, 
      78714570725920290271387533073 ], [ 1541649061, 51283060123 ], [ 12443511680597 ], 
  [ 96941255797, 666882294276353, 27102831438716994269 ], 
  [ 1143846811, 1379986033706141131, 36087122674276236275923481049631 ], 
  [ 672150266941789921 ], 
  [ 1367945291615834209, 731663041413101262610753, 384107303310080252567485409 ],,,, 
  [ 112883433329419, 146060381959855483 ], 
  [ 3176629471592134722594587821, 4309316703538429312525551512849 ],,,, 
  [ 53799402028144529 ], [ 2213929413166168447, 13294703805268752508507 ], 
  [ 87843118155458796510940001311, 5374508378611146661480450678357 ],,, [ 16630962319429 ], 
  [ 5199975619764878277577328101 ], [ 182997569033531911 ], [ 3156566593, 954620624641 ], 
  [ 176393804731, 2875320708346741981, 10596673784514777545754611, 
      339287483273958457778647511, 50428536118644131880191946551, 
      83056796389909492342856784121 ],, [ 67179640133, 1360431777409263320477 ],, 
  [ 108592124929 ],, [ 3924392231, 1042018855291069 ],, 
  [ 511068120973, 1731055643788693, 8738803877478905003, 247685717997676737847 ], 
  [ 6380377459, 31030410123028552381 ],, [ 1939328285137, 11172516183109 ],, 
  [ 2531936820937473987701248663211765795437 ], [ 229423016908571344231 ], 
  [ 118795017484195201, 28623048265081040081, 4568110757569462036961, 
      7448070462975894905067076961 ], [ 1683461071 ], 
  [ 1643754860422993256273129960729858645789 ],,, [ 390038012070241 ], 
  [ 220306303165159364696471711730545010341, 
      68456521199216717960069184235987000408967745523453 ],, 
  [ 1311825329, 1599819623591835018209 ], [ 39927399119 ], [ 980097012176808351809958364801 ]
   ,, [ 59741102857610955509 ],, [ 1387929553, 17141473589 ],, 
  [ 102255558817, 67779340377472513, 73000153983755554742341427814107439240545796481 ], 
  [ 458689462951, 160772464137782368813, 382777519027424288191 ],,, [ 46669357236788209601 ],
  [ 21092875158101 ],,, [ 393319923349517030021689 ],, [ 440480294708199653 ],, 
  [ 198062582401, 848560800573383217396212860157881 ], [ 308129131148980556080007 ], 
  [ 1547018351276018275931, 3769764448548172787048491 ], [ 16542629219124691 ],,, 
  [ 7638689473, 143531526178354223983 ], [ 501825663301 ], [ 184835038697 ],, 
  [ 81446105303903 ], [ 11027708581, 70704527052274866437 ], 
  [ 46871434921, 300191844420654468643793878724417428801 ],,, 
  [ 41129294977, 748560522919177, 4564697851078204537 ],,,,,, 
  [ 351423117607, 1677308674297, 3962249798331953047 ],,, [ 787247876572784948109097 ], 
  [ 65258901608419, 1758463144016206626777409 ], [ 131474238956434358339 ], 
  [ 4754289267631, 9931747090824721 ], [ 894962096242379259377 ],, [ 42062011083671983 ], 
  [ 1365657252207839, 1133890402114108417 ],,, [ 4708403879033, 2290538057565108577321 ], 
  [ 87338485807, 37565961968107 ], [ 2414146753 ],, [ 1992407981, 99762627529 ],,,,, 
  [ 4027241544103, 51095587590446369 ],,,,, [ 322862757156116212621 ],, [ 627120478891 ], 
  [ 605441847728449 ], [ 236928677201227841 ], [ 1030729930552813 ], [ 4959942970393 ], 
  [ 130932695210489 ], [ 1560318416341 ],,,, [ 282729735889980493969 ], 
  [ 11224071826900764952303 ],,,, [ 743777158592381, 428717727173509427 ], 
  [ 10370943918259 ], [ 92742435451 ], [ 1334687729 ],, 
  [ 1961762743, 4263152867, 1984927237192499, 1445662279840117907 ], 
  [ 18680894303, 1100815876873, 5428185950195638465657 ], [ 2593136341 ], 
  [ 165032543284870493 ],, [ 57172614781, 56774849459197, 63326515507964684497 ],, 
  [ 2903948701, 9797009358641 ], [ 25059979579, 8392381288426268083537 ], [ 15401164417 ], 
  [ 79101450377689, 5847682435943669 ],,, [ 8330301887 ],, [ 16795562521 ],, 
  [ 4601556961, 157646991841 ],, [ 12031771710174467 ], [ 171396353929009407810877 ],, 
  [ 2746517401, 435515581010199634601 ], [ 8674657903 ], [ 39360171623137 ],, 
  [ 59137774289418709 ],,,, [ 7982860913 ],,, [ 4143758527 ], 
  [ 4352860093487163696308987569 ],, [ 2284733123, 806536440419467 ], [ 3271824851 ],,,, 
  [ 3063944029, 40485516469, 1969256311514719 ], [ 65817710775481501 ],,, 
  [ 751311779128019 ], [ 5595344155073, 1515053215667248666081 ], [ 25934837987394436501 ], 
  [ 4400448700113079 ],,, [ 2198520103631, 4938013566581 ], [ 156414203890073081 ],, 
  [ 1520719575857, 166300565619577, 1389220532948009 ], [ 258720123469 ],, [ 80828179031 ],, 
  [ 19372361508479797 ],, [ 14028686927239, 22996226957187859, 2250280379879169739 ], 
  [ 1689273601, 1158196823541841, 107974682906112039361 ],, [ 620891967392379859441 ],,,,, 
  [ 830752795872595831 ],, [ 1061159044093 ],,, [ 1982944277096990761 ], [ 6628086917 ], 
  [ 3798871118558291 ],,,, [ 342418524673 ],, [ 1918509581, 601984060861 ], 
  [ 102104584939081, 9672486371660800837 ], [ 5084745613, 836139409150588463 ],, 
  [ 59934037153, 4333165167614669497 ], [ 3236955705881, 44233435537359074921 ],, 
  [ 1076028284161, 1509463337159209 ], [ 2318951535592381 ],,, [ 2184957958168859 ],, 
  [ 3119996990717881 ],,, [ 1531751713533200569849 ], [ 197121082067687 ], [ 286525307573 ], 
  [ 83179051322203 ], [ 3744511534338961 ], [ 66236041624783 ], 
  [ 5140408686550375213, 128109361024371111691, 4033749084786079783138591 ], 
  [ 504581110563044159358499 ], [ 2289536032981 ],, 
  [ 116242538567112052796273, 283586136157596093970721 ],,,, 
  [ 372615495042811, 3499545967487384029809751, 108169705746616304289215771 ],, 
  [ 45683400557367492313049 ], [ 1745853979 ],, [ 1090738534979535411401 ], [ 40841079817 ], 
  [ 671058245952219907 ],,, [ 50189585140501, 1213178304953701 ], 
  [ 3699765581, 12184991701, 26900156291 ], [ 7097467799 ], 
  [ 198189940843, 320701621783, 3144536125243 ], [ 16619814977, 1185576104689 ],, 
  [ 5429567735344311976728127, 567168164707168906257149749 ],, [ 13799028629 ], 
  [ 11318876374303 ], [ 3393162105721 ],, 
  [ 9594888252769, 6750018136836001, 401708889708084558543217 ],,,, [ 212449317263774233 ], 
  [ 7647351113 ], [ 1494240661, 15475578757 ],, [ 106098620889601 ],, 
  [ 1875637459067, 197758249531443612677 ],, [ 7159454685289, 954167563787149 ], 
  [ 8809922551 ],, [ 33896570173, 41138393269, 101240700931 ], 
  [ 172164205033, 4455612978809 ],, 
  [ 48493541160901, 41873127954805291, 811015389580596189331 ], 
  [ 118200052337, 60531756237529 ], [ 54882107597, 433938664441, 863799919919737224493 ], 
  [ 1754697839707 ], [ 322131299222489, 2150633049590023639 ], [ 47277971605752011 ], 
  [ 4375186033, 814835059607642977 ], [ 1277196975349 ], [ 24571726609 ], [ 160508971489 ], 
  [ 108293944588289081 ],,, [ 37628500127 ], 
  [ 369892591729, 1919496519407273, 105584477082757969, 1693085883576721273 ], 
  [ 68085113240401 ], [ 12524536775035333 ], [ 10255065889 ], 
  [ 75294837997, 30204255406606837 ],,, [ 179898701594977 ],,,, [ 2037406061 ],, 
  [ 7206976771 ],,, [ 6776736501109396903963578001 ], [ 348004815139 ], [ 1983630043 ], 
  [ 41182785943399 ], [ 3984231161, 221480654156581 ],, [ 36207816700422061819 ],,,,,,, 
  [ 120928395510847 ],,, [ 1236234777577 ], [ 22359843293880580812013 ], [ 4577344799707 ],,
  , [ 15717957130699 ], [ 37999422971675951, 37522993541232760207 ],, [ 2787837313 ],,, 
  [ 52716036277 ], [ 19246053241, 58706497881469, 920982020952046518709 ],,,, 
  [ 63100161934557153001 ], [ 4559046011354371 ], 
  [ 6782184011, 301342976267, 3349789603187, 44246611694147 ],, 
  [ 106280799546241, 46808835995775211620373, 783632398793555188739269, 
      20965538205871956004923649 ],,, [ 181053023242057 ],,,,, [ 30833054810401 ],,,, 
  [ 136094597670961, 192983956356451753 ], [ 955451749673479781 ], [ 14832886111 ],, 
  [ 31013893693, 50653901771477, 32395899161652640297 ],, [ 5991523921, 7571931402493 ],, 
  [ 6630335713, 64737992537089 ], [ 11235483033133 ],,, [ 27337206121, 1542625948921 ],, 
  [ 754721019149 ],, [ 52045361881, 80344168101102020849449 ],,,, [ 2082585572894129 ],, 
  [ 20940796181, 90764377211, 5073821525921 ], [ 83670567889 ], [ 28874983032785376433 ],, 
  [ 17072342197, 135725086391371, 42609435288884213 ],,, [ 53641928297 ],,, 
  [ 3004174093387519361 ],, [ 102346586153839, 1545620433699596512020673 ], 
  [ 80135063857, 11961857202343 ],,,,,,, [ 1579996365170401, 19957209316320003456601 ],, 
  [ 32175735408709, 2901568937070769129 ], [ 2064796651, 790141723849 ], [ 1275307339 ],, 
  [ 146761710829849 ], [ 6744362129 ], [ 4256609232419, 20404144054919 ],, 
  [ 22364429352584261 ], [ 22405125541 ],,,,, [ 1627163227129519, 33072849534208065587 ],, 
  [ 47195093043541 ], [ 16688172803 ],,, [ 2647245052605271177 ], [ 4123638721819 ], 
  [ 2274837391 ],,,,,, [ 299642891222401 ], [ 1014087491, 12471993301 ],, [ 487974128167 ], 
  [ 52972202068193 ],, [ 2183635947853 ], [ 50027079871, 1149656180971 ], [ 639405749219089 ]
   ,, [ 13510567827961 ], [ 45987679809923 ], [ 7856896394682337 ],,,,, [ 2351893614071 ], 
  [ 5928534382471, 8551194800209 ], [ 1107272322391997 ], [ 3811039593331501 ],,,,,,, 
  [ 355583662123 ], [ 384256267301, 5800003911766793 ],,,, [ 94876082177 ],, 
  [ 854119527506653680443 ],, [ 1422279697 ],,,, [ 74195022349241 ],, 
  [ 2617171134733, 26588018886741391843 ],, [ 10174542061 ], [ 41309564279551 ], 
  [ 53326569587 ],,,,,, [ 8469316606772477, 51022668076738831397 ], [ 3049615999 ], 
  [ 23927858083 ],, [ 4862858393 ],,, [ 354205597439 ], [ 675060429781, 76028533614776161 ],,
  ,, [ 8843540353, 84902985647767361 ],,,,,,,,, [ 9735856928701 ], [ 980892540763 ], 
  [ 2022235044031 ],,, [ 12281574421, 7034191445881 ],,, [ 177876859323769 ],,,,,, 
  [ 2423652224563459 ], [ 212253191897 ], [ 229668305897 ], 
  [ 163905366223321, 129158019254995536187411 ],, [ 28160255155033, 11716217210765634997 ], 
  [ 1794527131 ],,,,,,,,, [ 2478780487 ],, [ 1976053421659732577 ], [ 18252057331 ],,,,,,,, 
  [ 169858807331 ], [ 940575049327 ],,,, [ 24647642003729246269 ], [ 5111171161 ], 
  [ 269723310001 ], [ 4147306277 ], [ 411259095634690493 ],, [ 19045847441 ],, 
  [ 68298300397 ],,, [ 6849579885496069 ],, [ 4720401479 ],,, [ 3583732766639 ],, 
  [ 11502717343657 ],,,,, [ 1638066349 ],,, [ 8762695405733048833 ],,,,,,,,,,,,,,,,,, 
  [ 23739617917, 6128970771691 ],, [ 2548365317, 6467274689 ],,,,,,,,,, [ 411559406767 ],,,,,
  , [ 481910713021 ],, [ 15717160309 ],,,,,, [ 75099104413 ],,,, [ 7809707137 ],,,,,,,, 
  [ 26952329776441 ],,,, [ 3936463093, 145991480421817 ],,, [ 2983025449 ], 
  [ 1054567359761 ], [ 15442500503 ], [ 25335261184771 ],, [ 92177941657 ],,,, 
  [ 217092379806889 ],, [ 1191298783139 ],,,, [ 154163576269, 418638508548157 ],,,,,,,, 
  [ 5453700281, 111121515204241 ],, [ 1081525153 ],, [ 118305128384897371 ], [ 2676194951 ],,
  , [ 2511532409, 582923450519, 5243589937337 ],, [ 53869322538721, 169359439926961 ],, 
  [ 414883366123, 1322467178947 ],,,, [ 23551710829219 ],, [ 2855351878289 ],, 
  [ 375755357911, 15376740132671 ],,,, [ 2209486067 ], [ 100410640261 ],, 
  [ 1494702331, 3375865351 ],,,,, [ 419714485933, 564509224427 ],, [ 22317379779313 ],,,,,,,
  , [ 21295372129 ],, [ 50990778378359 ],,,,,, [ 24115199761 ],,,,,,,,,, [ 9862126891 ],,,,,,
  ,,,,, [ 3129398273 ], [ 168474723587 ],, [ 2433652033 ],,,,,, [ 17530125281 ],,,, 
  [ 177834965053860941 ],,, [ 27683409253 ],,, [ 40600023544001 ],, 
  [ 5996278050247, 367114527931891 ],,,,,, [ 588619642049 ],,,, 
  [ 532532683537, 245939848052053, 23627014615217161 ],,,,,,,,,, [ 4553345701 ],,,,,,,, 
  [ 978693480421361 ],, [ 7361610049 ],, 
  [ 2498823544201, 40174113548293, 150219158390803, 565130677646767 ],,,, [ 80992613687 ],, 
  [ 4481858895361, 239095954519621081 ],,,,,,,, [ 1535957809 ],,, [ 44360294857 ],,, 
  [ 3674387245159 ],, [ 1110778101427193 ],,,, [ 11417786245491121 ],,, [ 36058081751 ],,,,, 
  [ 34606990741, 6577954385017 ],,,,,,, [ 3033093001 ], [ 555988105369 ], [ 47852933197 ],,, 
  [ 5419546759441 ], [ 276826789231 ], [ 1920207493 ],,,, [ 1881872265555919883 ],, 
  [ 2183973681937 ],,,,,, [ 68936896320335971 ],, [ 7831282817, 734467637826049 ],,,,,, 
  [ 5010190571 ],, [ 1094308273, 5567352526978024615177 ],,,,,,,,,,,,,, [ 160203242638027 ],,
  ,,,,,, [ 1415351183 ], [ 6547070989 ],,, [ 1575691561 ],,,,,,, [ 220581731759 ], 
  [ 3050108452862381 ],, [ 34521519446193601 ],,,, [ 5972479131624833 ],,,,,, 
  [ 1563618810151, 306272483382451 ],,,,,,,,,,,, [ 61564084661, 171003834769 ],, 
  [ 124849879373 ],,,,,, [ 5779810389641, 594807938084620441 ], [ 26512861759 ], 
  [ 6882221701 ],,,, [ 76012248353 ],, [ 449128037317 ],,, [ 865106186437 ], 
  [ 818361162887 ], [ 4850310737 ],,, [ 24361440918767 ], [ 14802058741 ],,, 
  [ 161471880901, 1127491730351911 ], [ 1494806563 ],,,,, [ 3189347377 ],,,,,,,,,,,, 
  [ 3403787914801, 5720160306673 ],,,,,,,,,,,,,,,,,,,,,,,, [ 2876070481 ], [ 4927947161 ],,,,
  ,,,,,,,,,,,,, [ 1659561751 ],,,,, [ 1577923411 ], [ 26718990578017 ],,,,,, 
  [ 711089287201 ], [ 7679029087 ],,,,,, [ 5412575767 ],,,,,,,,,,, 
  [ 2164599165961, 2568540113641 ],, [ 30496809463 ],,, [ 21700772521 ],, [ 39417928829 ],,,,
  , [ 45301648393, 21874518009709 ], [ 19483868279 ],,,,,,,,,,,,,,,,,,,,,,,,,, 
  [ 1897356259 ], [ 4369698893281 ],, [ 42634967761 ],,,,,,, [ 1735011073 ], [ 1656776621 ],
  , [ 1855869853 ],,,,,,,, [ 1708546501, 985323833281 ],,,,,,,,,,,, [ 27803681281 ],,,,,,,,,,
  ,,, [ 1826319241 ],,, [ 7061002673 ],,,,,,,,,,,,,,, [ 4516334369, 14661288097 ],,, 
  [ 14384972653 ],,, [ 1459923163 ],, [ 10105439677 ],,, [ 258262477009 ], 
  [ 10758496531248541 ],,,,,,,,,,,,,,,, [ 26891901961 ],,,,,,,,,,,,,,,,,,,,,,, 
  [ 141521577523 ],, [ 7914689340241 ],,, [ 89779612651 ],,, [ 1450352257723 ],,,,,, 
  [ 1615828033 ],,,,,,, [ 1579153951 ],, [ 1708255459 ], [ 74397145051 ],, 
  [ 55493984701, 884779113261961 ],,,,,,,,, [ 4078946701 ],,,, [ 4798527673 ],,,,, 
  [ 5530961629 ],,,,,,,,, [ 1474613713 ], [ 2368868993 ],,,,,,,,,,,,, [ 93587338727 ],,,,,,, 
  [ 39427968757 ],,,, [ 1287124481 ],,,,, [ 9343488109 ],,, [ 10904733841 ],,,,,,,,,,,, 
  [ 28500474997 ],, [ 192661521287 ], [ 115052780431 ],,,,,,,,, [ 22264143553 ],,,,,,,,,,,, 
  [ 1421313097 ],, [ 11038849291 ],,,,,,,,, [ 18899805719 ],,,,,,,,, [ 5840532449 ],, 
  [ 198864969042767 ],,,,,, [ 17187905642329 ],, [ 13443121693 ],,, 
  [ 18253157359, 84229076677 ],,,,,, [ 4716408511 ],,, [ 44616480787 ],,,,,,,, 
  [ 20133031460023 ],,,,,,,,,,,, [ 1127397917 ],,,,,, [ 3027372737 ],,,,, [ 27479515669 ],,,
  , [ 3152886601 ],,,,,, [ 2280743051 ],,, [ 2028135509 ],,,,,,, [ 35086445353 ],,, 
  [ 1383843121 ], [ 1306826360503 ],,,,,,,, [ 5633298752617 ],, [ 2660939513 ],, 
  [ 1916700521 ],,,,,,,,,,,,, [ 1975416467 ],,,,,,, [ 4011534451 ],,,,,,,,,,,,,, 
  [ 1432132609, 15687049991 ],,,,,,,,, [ 1814606561 ],,, [ 1261941871 ],, [ 295633636607 ], 
  [ 5843404121 ],, [ 9460867849 ],, [ 2267551969 ],,,, [ 27155008043 ],,,,,, [ 55550722681 ],
  ,,,,, [ 307786136503 ],, [ 2983014913 ],,,,,,,,,,, [ 4142408089 ], [ 12401145649 ],,,,, 
  [ 3620996543 ],,,,,,, [ 62993216521 ],,, [ 1095265999 ],,,,,,,,,,,,,,,,,,,,,,,,, 
  [ 1801536773 ],,,,,,,,,,,, [ 2179147712963201 ],,,,, [ 47551948111 ],, [ 2271983895781 ],,,
  , [ 2284475329 ],,,,,,,,,, [ 559059327419 ],,,,,,,,,,,, [ 4965751226521 ], [ 43515544201 ],
  ,,, [ 19018513333 ],,, [ 236391908371 ],,,,, [ 2512365517 ],,,,,,,,,, [ 2956938697 ],,,,,,,
  ,,,,,,,,,,, [ 147448461133 ],,,,, [ 3824849309 ],,,, [ 612469651861 ],,, [ 16749855307 ],,,
  ,,,,,,, [ 11409539809 ],,, [ 14239458319 ],,,,,, [ 3432195691 ],,,,,,,,,,, [ 2031915601 ],
  , [ 1131079661 ],,,,,,,,,,,,,,,,,,,,,,,,,, [ 35846254481 ],,,,, [ 2962715053 ],, 
  [ 16454783870219 ],,,,,,,,,,,,,, [ 1069364081 ],,,,,,,,,, [ 1492664951 ],,,,,,,,,,,,,,,,, 
  [ 3146519041 ],,,,,,,,,,,, [ 20070780841 ],,,,,,,,,,,,,,,,,, [ 20072463841 ],,,,,,,,,,, 
  [ 1224872923 ],, [ 10829292871 ],,,,, [ 22281121201, 40558842161 ],, [ 165981321391 ], 
  [ 17561331439 ], [ 32397251709037 ],,,,,,,,,, [ 1676857717 ],,,,,,,,,,,,,, 
  [ 11160057781, 302254424317 ],,,,,,,,,,,,,,,,,,,,,,,,,,,,,,, [ 52142141917 ],,,,,, 
  [ 8281038811 ],,,,, [ 58497357991 ],,,,,, [ 4579912517 ],, [ 301895695319 ],,,,,,,,,,,,,,,,
  ,,,,,, [ 12419059381 ],,,,, [ 150887657891 ],,,,,,,,,,,,,,,,,,,, 
  [ 4687389601, 24920542651 ],, [ 7365266273 ], [ 17594106961 ],,,,,,,,,,,, [ 8737656841 ],,,
  ,,,,, [ 14701546273 ],,,, [ 1698146137 ],,,, [ 101373516661 ],, [ 5814903277 ],,,,,,,,,,,,,
  ,,,,,,,,,,, [ 1659253201 ],, [ 63314662753 ],,,,,, [ 22121569751 ],,,,, [ 145207827931 ],,,
  ,,,,,,,,,,,,, [ 9981421213 ],,,,,,,,,,,,,,,,,,,,,,,,,,,, [ 62607488329 ],,, 
  [ 153362103767077 ],,,,,, [ 10300876561 ],,,,,,,,,,,, [ 6393809101 ],,, [ 105620727109 ],,,
  , [ 4151009129, 39315355801 ],,,,, [ 11420183809, 999026424001 ],,,,,, [ 95522655673 ],,,, 
  [ 4331146297 ],,,,,,,,,,,, [ 888679630961 ],, [ 1533658681 ],,,,,, [ 30685562233453 ],,,,,,
  ,,,, [ 10491581041 ],,,,,, [ 417282675629 ],,,,,,,,,,,,,,,,,, [ 19848958215937 ],, 
  [ 1434400309 ],,,,,,,,,,,,,, [ 1699413761 ],,,,,,,,,,,,, [ 7612669891 ],,, [ 2090543233 ],,
  ,,,,,,,,,,,,,,, [ 23169196451 ],,,, [ 3000866594659 ],,,,,,,,,,,,,,,,, [ 47176495559 ],,,,,
  ,,,,,,, [ 3033702031 ],,,,,,,,,,,, [ 16827807371 ],,,,,,,,,,,,,,,,,,, [ 203558096449 ],,,,,
  ,,,, [ 4602687181 ],,,,,,,,,,,,,,,,,, [ 3860600617 ],,,,,,,,,, [ 10542578719 ],,,,,,,,,, 
  [ 37605191969 ],,,,,,,,,,,,,,,,,,, [ 111173280991 ],,,,,, [ 7237036363 ],,,,,,, 
  [ 22781088257 ],,,, [ 1848466393 ], [ 2183757997, 3823743043 ],,,,, [ 26808363977 ],,,,,,,,
  ,,,,,,,,,,,,,,,, [ 20565164969 ],,,,,,,, [ 64791379901 ],,,,,,,,,,,,,,,,,,,,,,,,,,,,,,,,,,,
  ,,,,,,,,, [ 2214482239 ],,,,,,,,,,,, [ 2123637823 ],,,,,,,,,,,,,,,,,, [ 138284026633 ], 
  [ 1418368421 ],,,,, [ 1937220001 ],,, [ 3596915359, 47913824593 ],,,,,,,,,,,,,,,,,,,,,,,, 
  [ 1091129569, 3180194263 ],,,,,,,,,,, [ 57044853409 ],, [ 8133173291 ],,,, [ 1014258841 ],,
  ,,,,,,,,,,,,,,,,,,,,,,,,,,,,,,,,,, [ 14705483461 ],, [ 1080774977 ],,,, [ 3529609441 ],,,,,
  ,,, [ 2355708769, 18146463001 ],,,,,,,,,,,, [ 119415408113 ],,,,,, [ 583554008467 ],,,,,,,,
  ,,,, [ 1670800837 ],,,, [ 1303591213, 4306911071 ],,,,,,,, [ 11807507011 ],,,,,,,,,,, 
  [ 163591405507 ],,,,,,,,,,,,,,,,,,,,,,,,,,, [ 5639775913 ],, [ 69241717243 ],,,,,,,,,,,,,,,
  ,,,,,,,,,,,,,, [ 182299475051 ],,,,,,,,,,,,,,,,,,,,, [ 1174061617 ],,,, [ 16328606081 ],, 
  [ 1471064071 ],,,,,,,,,,,,,,,,,, [ 1901486021 ],,,,,,,, [ 1215248617081 ],,,,,, 
  [ 3381545719 ],,,,,, [ 18097337190902881 ],,,,,,,,,,,, [ 14648409469 ],,,,,,,,,, 
  [ 1919824817 ],,,, [ 97215608953 ],,,,,, [ 37497104441 ], [ 2589136840837 ], 
  [ 10089413401 ],,,,,,,,,,,,,,,,,,,,,,,,,,,,,,,,,,,,,,,,,,,,,,,, [ 476942396603 ],,,,,,,, 
  [ 1120394851 ],, [ 13105427693 ],,,,,,,,,,,,,,,,,,,,,, [ 2447897887 ],,,,,,,,,,,, 
  [ 489696655282139293 ],,,,,,,,, [ 6818004170641 ],,,,,,,,,,,,,,,,,,,,,,,,,,,,,,,,,,,,,,,,, 
  [ 8680668617 ],,,, [ 4276838581 ],,,,,,,,,,,,,,,,,,,, [ 1260782401 ],,,,,,,,,,,,,, 
  [ 43588406940341 ],,,,,,,, [ 1846648231 ],, [ 25118342201 ],,,,,, [ 88925679701 ],,,,,,,,,
  , [ 7720122001 ],, [ 447928636408177 ],,,,,,,,,,,,,,,,,,,,,,,,,, [ 1652261509 ],,,,,, 
  [ 1677155759 ],,,,,,,,,,,,,,,,,,,,,,,,,,,,,,,,,,,,,,,,,,,,,,,,,,,,,,,,,,,,,,,,,,,,,,,,,,,,,
  ,,,,,,,,,,,,,,,,,,,,,,,, [ 1748314261 ],,, [ 2409243433 ],,,,,, [ 729828379061833 ],,,, 
  [ 1076417677, 1186226213 ],,,,,,,,,,,,,,,,,,,,,,,, [ 1791396517 ],,,,,,,,,,,,,,,, 
  [ 6357919337701 ],,,,,,,, [ 71693828953 ],,,,,,,,,,,, [ 897213154489 ],,,,,,,,,,,,,,,, 
  [ 2135181049 ],,,,,,,, [ 8063487713 ],,,,,,,, [ 15087694975201 ],,,,,,,,,,,,,,,,,,,, 
  [ 5999658361, 73677000821, 3083746000561 ],,,,,,,,,, [ 742398891001 ],,,,,, 
  [ 36672236946073 ],,,, [ 8885539681 ],, [ 5940482358001 ],,,, [ 3654025429 ],,,,,,,,,,,,,,,
  ,,,,, [ 1057889287261 ],,,,,,,,,,,,,,,,,,,, [ 16417841113 ],,,,,,,,,,,,,,,,,,,,,,,,,,,,,,,,
  ,,,, [ 3013360601 ],,,,,,,,,,,,,,,, [ 5117707159 ],,,,,,,,,,,,,, [ 7860366401 ],,,,,,,,,,,,
  ,,,,,,,,,, [ 46987127809 ],,,,,,,,,,,,,, [ 1263457961 ],,,,,,,,,,,,,, [ 1030070131 ],, 
  [ 10500633669121 ],, [ 2008787119, 874677400621 ],,,,,, [ 1154110613 ],, [ 6493658161 ],, 
  [ 1160376193 ],,,,,,,, [ 7147042577 ], [ 1403449741 ],,,,,,,,,,,,,,,,,,, 
  [ 3533741069, 84388186793 ],,,,,, [ 13588796621 ],,,, [ 1188204581 ],,,,,, [ 1000566001 ],,
  ,,,,,, [ 7588817813 ],,,,,,,,,,,,,,,,,, [ 211495625819 ],,,,,,,,,,,,,, [ 617116578181 ],,,
  , [ 2871717377 ],, [ 7286820787 ],, [ 95588271697 ],,,,,,,,,,,, [ 617311187641 ],,,, 
  [ 91314060157 ],, [ 2132496529 ],, [ 11418035297 ],,,,,,,,,,,,,,,,,,,,,,,,,,,,,, 
  [ 15878841119, 293075935531 ],,,,,, [ 573760036393 ],,,,,,,,,,,,,,,, [ 351802912501 ],,,,,,
  ,,,,,,,,,,,,,, [ 12104350441 ],,,,,,,,,,,,,,,,,,,,,,,,,,,,,,,, [ 6476666257 ],,,,,,,, 
  [ 19437307361 ],,,, [ 1142795221 ],,,,,,,, [ 2931071417 ],,,, [ 3278392657 ],,,,,,,,,,,,,,,
  ,,,,,,,,,,,,,,,,,,,,,,,,,,,,,,,,,,,,,,,,,,,,,,,,,,,,,,, [ 49611065827 ],, [ 1889101873 ],,,
  ,,,,,,,,, [ 30221927821 ],,,,,,,,,,,, [ 291543559201 ],,, [ 2381081671 ],,,,,,,,,,,,,,,,,,,
  ,,,,,,,,,,,,,,,,,,,,,,,,,,,,,,,,,,,,,,,,,,,,,,,,,,,,,,,,,, [ 42437344577 ],,,,,,,,,, 
  [ 6893364451 ],,,,,, [ 977514676993 ],,,,,, [ 2580667648879 ],,,,,,,,,,,,,,,,,,,,,,,,,,,,,,
  ,,,,,,,,,,,,,,,,,,,,,,,,,,,,,,,,,,,, [ 6123944505567241 ],, [ 556193147231 ],,,,,,,,,,,,,,,
  ,,,,,,, [ 2072731777, 3506095297 ],,,,,,,,,,,,,,,,,,,, [ 11222122913 ],,,,,,,,,,,,,,,,,,,,,
  , [ 18647429527 ],,,,,, [ 6305556097, 6646832641 ],,,,,,,,,,,,,,,,,,,,,,,,,,,,,,,,,,,,,,,,,
  ,,,,,,,,,,,,, [ 254808324919 ],,,,,,,,,,,,,,,,,,,,,,,,,,,,,,,,,,,,,,,,,,,,,,,,,,,,,, 
  [ 1112972761 ],,,, [ 1031159809 ],,,,,,,,,,,,,,,,,,,,,,,,,,,,,,,,,,,,,,,,,,,,,,,,,,,,,,,,,,
  ,,,,,,,,,, [ 4114403749 ],,,,,,,,,,,,,,,,,,,,,,,,,,,,,,,,,,,,,,,,,,,,,,,,,,,,,,,,,,,,,,,,,,
  ,,,,,, [ 1245468084841 ],,,,,,,,,,,, [ 4136738689 ],,,, [ 8959927201, 12195358630201 ],,,,,
  ,,,,,,,,,,,,,,,,,,,,,,,,, [ 179110029991 ],,,,,,,, [ 1810030501, 142525471519 ],,,,,,,,,,,,
  ,,,,,,,,,,,,,,,,,, [ 214597900609 ],,,,,,,,,,,,,,,,,,,,,,,,,,,,,, [ 35823214117 ],,,,,,,,,,
  ,,,,,,,,,,,, [ 5015183941 ],, [ 9897665317 ],,,,,,,,,,,, [ 12347355367 ],,,,,,,,,,,,,,,,,,,
  ,,,,,,, [ 2487248341 ],,,,,, [ 50444724947 ],,,,,,,,,,,,,, [ 3499605761, 44255559041 ],,,,,
  ,,,,,,,,,,,,,,,,,,,,, [ 404156392147 ],,,,,,,,,,,, [ 2050074127 ],,,, [ 28130706311 ],,,,,,
  ,,,,,,,,,,,,,,,,,,,,,,,,,,,,,,,,,,,,,, [ 1782319837, 2689693621 ],,,,,,,,,,,,,,,,,,,,,,,,,,
  ,,,,,,,,,, [ 12959811853 ],,,,,,,,,,,,,,,,,,,,,,,,,,,,,,,,,,,, [ 17177445217 ],,,,,,,,,,,,,
  ,,,,,,,,,,,,,,,,, [ 56127061057 ],,,,,,,,,,,,,,,,,, [ 1386826387 ],,,, [ 27668697211 ],,,,,
  ,,, [ 1359793819 ],,,,,,,,,,,,,,,,,,,,,,,,,,,,,,,, [ 3622986071 ],,,,,,,,,,,,,,,, 
  [ 26334201391 ],,,,,,,,,,,,,,,,,,,,,,,,,,,,,, [ 91503780409 ],,,,,,,,,,,,,,,,,,,,,,,,,,,,,,
  ,,,, [ 22781237441 ],,,,,,,,,,,,,,,,,,,, [ 1076814691 ],,,,,, [ 7249961941 ],,,,,, 
  [ 979886967121 ],,,,,,,,,,,,,,,,,,,,,,,,,,,,,,,,,,,,,,,,,,,,,,,,,,,,,, 
  [ 8832579841, 10341512353 ],,,,,,,,,,,,,,,,,,,,,,,,,,,,,,,,,,,, [ 9460858321 ],,,,,,,,,,,,,
  ,,,,,,,,,,,,,,,,,,,,,,,,,,,,, [ 1080467203 ],,,,,,,,,,,,,,,,,,,,,,,,,,,,,,,,,,,,,,,,,,,,,,,
  ,,,,,,,,,,,,,,,,,,,,,,,,,,,,,,,,,,,,,,,,,,,,,,,,, [ 2830175401 ],,,,,,,,,,,,,,,,,,,,,,,,,,,
  ,,, [ 16364324101 ],,,,,,,,,,,,,,,,,,,,,,,,,,,,,,,,,,,,,,,,,,,,,,,,,,,,,, [ 162509872051 ],
  ,,,,, [ 1758853081 ],,,,,,,,,,,,,,,,,,,, [ 66337009560361 ],,,, 
  [ 9332703361, 482552738497 ],,,,,,,,,,,,,,,,,,,,,,,,,,,,,,,,,,,,,,,,,,,,,,,,,,,,,,,,,,,,,,,
  ,,,,,,,,,,,,,,,,,,,,,,,,,,,,,,,,,,,,,,,,,,,,,,,,,,,,,,,,,,,,,,,,,,,,, [ 16392195375253 ],,,
  ,,,,,,,,, [ 63948808513, 1343260509553 ],,,,,,,,,,,,,,,,,,,,,,,,,,,,,,,,,,,,,,,,,,,,,,,,,,,
  ,,,,,,,,,,, [ 302703693601 ],,,, [ 413602248559 ],,,,,,,,,,,,,,,,,,,,,,,, [ 31919588947 ],,
  ,,,,,,,,,,,,,,,,,,,,,,,,,,,,,,,,,,,,,,,,,,,,,,,,,,,,,,,,,, [ 2519134993 ],,,,,,,,,,,,,,,,,,
  ,,,,,, [ 239834738431 ],,,,,,,,,,,,,,,,,, [ 55957787073841 ],,,,,,,,,,,,,,,,,,,,,,,,,,,,,,,
  ,,,,,,,,,,,,,,,,,,,,,,,,,,,,,,,,,,,,,,,,,,,,,,,,,,,,,,,,,,,,,,,,,,,,,,,,,,,,,,,,,,,,,,,,,,,
  ,,,,,,,,,,,,,,,,,,,,,,,,,,,,,,,,,,,,,,,,,,,,,,,,,,,,,,,,,,,,,,,,,,,,,,,,,,,,,,,,,,,,,,,,,,,
  ,,,,,,,,,,,,,,,,,,,,,,,,,,,,,,,,,,,,,,,,,,,,,,,,,,,,,,,,,,,,,,,,,,,,,,,,,,, 
  [ 818304145297 ],,,,,,,,,,,, [ 1436556421, 1502764741 ],,,,,,,,,,,,,,,,,,,,,,,,,,,,,, 
  [ 3691186201 ],,,,,,,,,,,,,,,,,,,,,,,,,,,,,,,,,,,,,,,,,,,,,,,,,,,,,,,,,,,,,,,,,,,,,,,,,,,,,
  , [ 3618119233 ],,,,,,,,,,,, [ 8867558701 ],,,,,,,,,,,,,,,,,,,,,,,,,,,,,,,,,,,,,,,,,,,,,,,,
  ,,,,,,,,,,,,,,,,,,,,,,,,,,,,,,,,,,,,,,,,,,,,,,,,,,,,,,,,,,,,,,,,,,,,,,,, [ 19762266001 ],,,
  ,,,,,,,,,,,,,,,,,,,,,,,,,,,,,,,,,,,,,,,,,,,,,,,,,,,,,,,,,,,,,,,,,,,,, 
  [ 2522459521, 507896562097 ],,,,,,,,,,,,,,,,,, [ 1151526001 ],,,,,,,,,,,,,,,,,,,,,,,, 
  [ 18641929951 ],,,,,,,,,,,,,,,,,,,,,,,,,,,,,,,,,,,,,,,,,,,,,,,,,,,,,,,,,,,,,,,,,,,,,,,,,,,,
  ,,,,,,,,,,,,,,,,,,,, [ 46065514441 ],,,,,,,,,,,,,,,,,,,,,,,,,,,,,,,,,,,,,,,,,,,,,,,,,,,,,,,
  ,,,,,,,,,,,,,,,,,,,,,,,,,,,,,,,,,,,,,,,,,,,,,,,,,,,,,,,,,,,,,,,,,,,,,,,,,,,,,,,,,,,,,,,,,,,
  ,,,,,,,,,,,,,,,,,,,,,,,,,,,,,,,,,,,,,,,,,,,,,,,,,,,,,,,,,,,,,,,,,,,,,,,,,,,,,,,,,,,,,,,,,,,
  ,,,,,,,,,,,,,,,,,,,,,,,,,,,,,,,,,,,,,,,,,,,,,,,,,,,,,,,,,,,,,,,,,,,,,,,,,,,,,,,,,,,,,,,,,,,
  ,,,,,,,,,,,,,,,,,,,,,,,,,,,,,,,, [ 390204095191 ],,,,,,,,,,,,,,,,,,,,,,,,,,,,,,,,,,,,,,,,,,
  ,,,,,,,,,,,,,,,,,,,,,,,,,,,,,,,,,,,,,,,,,,,,,,,,,,,,,,,,,,,,,,,,,,,,,,,,,,,,,,,,,,,,,,,,,,,
  ,,,,,,,,,,,,,,,,,,,,,,,,,,,,,,,,,,,,,,,,,,,,,,,,,,,,,,,,,,,,,,,,,,,,,,,,,,,,,,,,,,,,,,,,,,,
  ,,,,,,,,,,,,,,,,,,,,,,,,,,,,,,,,,,,,,,,,,,,,,,,,,,,,,,,,,,,,,,,,,,,,,,,,,,,, 
  [ 11834194681 ],,,,,,,,,,,,,,,,,,,,,,,,,,,,,,,,,,,,,,,,,,,,,,,,,,,,,,,,,,,,,,,,,,,,,,,,,,,,
  ,,,,,,,,,,,,,, [ 1287274584961 ],,,,,,,,,,,,,,,,,,,,,,,,,,,,,,,,,,,,,,,,,,,,,,,,,,,,,,,,,,,
  ,,,,,,,,,,,,,,,,,,,,,,,,,,,,,,,,,,,,,,,,,,,,,,,,,,,,,,,,,,,,,,,,,,,,,,,,,,,,,,,,,,,,,,,,,,,
  ,,,,,,,,,,,,,,,,,,,,,,,,,,,,,,,,,,,,,,,,,,,,,,,,,,,,,,,,,,,,,,,,,,,,,,,,,,,,,,,,,,,,,,,,,,,
  ,,,,,,,,,,,,,,,,,,,,,,,,,,,,,,,,,,,,,,,,,,,,,,,,,,,,,,,,,,,,,,,,,,,,,,,,,,,,,,,,,,,,,,,,,,,
  ,,,,,,,,,,,,,,,,,,,,,,,,,,,,,,,,,,,,,,,,,,,,,,,,,,,,,,,,,,,,,,,,,,,,,,,,,,,,,,,,,,,,,,,,,,,
  ,,,,,,,,,,,,,,,,,,,,,,,,,,,,,,,,,,,,,,,,,,,,,,,,,,,,,,,,,,,,,,,,,,,,,,,,,,,,,,,,,,,,,,,,,,,
  ,,,,,,,,,,,,,,,,,,,,,,,,,,,,,,,,,,,,,,,,,,,,,,,,,,,,,,,,,,,,,,,,,,,,,,,,,,,,,,,,,,,,,,,,,,,
  ,,,,,,,,,,,,,,,,,,,,,,,,,,,,,,,,,,,,,,,,,,,,,,,,,,,,,,,,,,,,,,,,,,,,,,,,,,,,,,,,,,,,,,,,,,,
  ,,,,,,,,,,,,,,,,,,,,,,,,,,,,,,,,,,,,,,,,,,,,,,,,,,,,,,,,,,,,,,,,,,,,,,,,,,,,,,,,,,,,,,,,,,,
  ,,,,,,,,,,,,,,,,,,,,,,,,,,,,,,,,,,,,,,,,,,,,,,,,,,,,,,,,,,,,,,,,,,,,,,,,,,,,,,,,,,,,,,,,,,,
  ,,,,,,,,,,,,,,,,,,,,,,,,,,,,,,,,,,,,,,,,,,,,,,,,,,,,,,,,,,,,,,,,,,,,,,,,,,,,,,,,,,,,,,,,,,,
  ,,,,,,,,,,,,,,,,,,,,,,,,,,,,,,,,,,,,,,,,,,,,,,,,,,,,,,,,,,,,,,,,,,,,,,,,,,,,,,,,,,,,,,,,,,,
  ,,,,,,,,,,,,,,,,,,,,,,,,,,,,,,,,,,,,,,,,,,,,,,,,,,,,,,,,,,,,,,,,,,,,,,,,,,,,,,,,,,,,,,,,,,,
  ,,,,,,,,,,,,,,,,,,, [ 2069932411, 3287924641 ] ]);
