BRENTFACTORS[1679]:=MakeImmutable([ ,,,,,,,,,,,, [ 80955944473 ],,,,,,, [ 6680016401 ],,, 
  [ 1849405064938977390121 ],, [ 23174763151 ],,,, [ 92661578872576277 ],,, 
  [ 904363848705948481 ],, [ 12737438531, 314868399106023923 ], [ 8535627731, 13652752051 ],
  , [ 10876500705136906105759, 14134865434976687990356424729680409 ], 
  [ 172328848183, 1105552951171 ],,, 
  [ 37424965029019, 939164054787799, 26124927353221745870793300988416913 ],,, 
  [ 697484784886033 ], [ 78791221437652303471 ],, [ 747550515246171209 ], [ 3071439697 ],,,, 
  [ 82129447124297 ], [ 3106443103 ], [ 3178026037, 944622323842753 ], 
  [ 1320470590819404421 ], [ 396734207359729, 19790367933572919854641 ], 
  [ 16657780756661566487840657051702356460966983491781 ], [ 19080896278660171969955429 ], 
  [ 52769092333439, 12655752930431071357157372264191 ],, [ 3251365278216701 ], 
  [ 19914391817 ], [ 6482343736537327, 47566729866856159, 11573174330499325441213, 
      28698709626085723912549 ], 
  [ 91828640641, 619361055809, 272091914991041, 26746041578643649 ], 
  [ 64501033741, 2242930886821 ], [ 25692728689, 177113046793, 242628534872527 ], 
  [ 46602941524873 ], [ 2118526775148181, 1914066471658513291283601222148201 ],, 
  [ 37825619667753191 ],, [ 71643514897 ],, [ 501480351855453865226278989435854548713425353 ]
    , [ 3869111895134153293676251, 114342615137323449414981540655651 ], 
  [ 243234941769573432070309765129 ], 
  [ 479782456531687, 9742910075743424633593, 9123078453769430650592308679 ],, 
  [ 58470079788131447131933 ], [ 82998794188268767901298958260791912520350433121 ], 
  [ 2245486523041 ], 
  [ 30501549677, 240241035305447887849, 1288460077087537235352529126233946643773 ],, 
  [ 1568305789 ], [ 7857120686431, 143344588077210654130091 ], 
  [ 10261670508999589246353981863 ], 
  [ 50187332257, 165903089757577428685721287, 1819687888695062461029736336932763 ], 
  [ 8881339897 ], [ 193224543588727568183839 ], [ 3709803151 ], [ 2750105723, 3933922357 ], 
  [ 56285220172937691759193, 229682621522570796602399869861009611937 ],, 
  [ 16599880191187, 46749931535168819, 361930307178378209164850293 ], [ 24316059454835521 ],
  , [ 1327358676209, 147693369208901, 836418720623214557, 2026805861215659263, 
      30474737776239696809450896831, 999134576821814175425789468041 ], 
  [ 831545850863354369, 4757561268988701586784430134069 ], [ 3188505053053 ],,, 
  [ 8513566681181467290097, 53948738792551415444741395603 ],, [ 44008687959906766721 ], 
  [ 379041057151 ], [ 15007057276877 ], [ 32234022209 ], [ 2073508442461 ],, 
  [ 15902191620826177481 ], [ 49125686052199, 2912085486916430833 ], [ 1240482097 ], 
  [ 4353457403487690851 ],,, [ 162845525892043970867669 ],,,, 
  [ 285248350313830729345856052481 ],, [ 1525392109 ], 
  [ 260080519711, 11027744955600499593816823 ], [ 45872960017412420739697 ], 
  [ 27899137604501 ], [ 299195644413828322063 ], [ 4655151834967 ], 
  [ 2989916622313355393, 32506506569362800641 ], [ 902767096177 ], 
  [ 495475820971, 83137966923181 ],,, [ 2402716982261, 107446765214153 ],, 
  [ 3922648098841, 20364838606021112846091181 ],,,, [ 249675369754119323871949 ], 
  [ 442232182922041 ], [ 124551948207529 ], [ 12003442221217 ], 
  [ 303364175231967253300623298573 ], 
  [ 5949079391089, 75543595997191663859003293057, 
      13077696847391917533868166400750948575785566687038304673 ], 
  [ 820211349171292811, 812129348153518391322644821 ], [ 4534880888277873559177 ],,, 
  [ 45945342299, 403160531388806578403 ],, [ 1097648242661, 1451272293913257602073467 ],,, 
  [ 19487809794089561 ], [ 29968062587034336577410181 ], [ 1211902447836067848121 ], 
  [ 2069799090901, 1812839627887689061 ],, 
  [ 8128633003, 15640930043568102515689, 9165889330919900118955627 ],, 
  [ 66552866277673567582337 ], [ 1038156384367, 1437920306214499, 7225995124449009541 ],, 
  [ 358950814393, 28882411493258619972444446393 ], [ 468917734561 ], 
  [ 509218919320029349, 15542372713538779480573, 916433340073488617988379417 ], 
  [ 529940922214139 ],, [ 47346156131 ],, [ 18706871611, 24782264541810572526523 ],, 
  [ 13584122174699 ], [ 86247623799553, 195794435421959851, 9046071555092179832967738803917 ]
    , [ 27930232751, 17349434378851 ], [ 25872488753, 1490215007256586979633 ], 
  [ 381480105500361530053 ], [ 4316453899, 19290163238063385167792785429613 ],,,, 
  [ 134862145261689604669 ], [ 1168590936427 ], 
  [ 3928722296726497, 601066720334115012448593951481 ],,, [ 6747557279 ], 
  [ 8626278642277513521051046121 ],, [ 54441273026406680671985011 ], [ 4731089483 ], 
  [ 38983897153 ], [ 619459122642559, 61572120892823921 ], [ 498047495799475050619 ],, 
  [ 7877290430017, 146621443777201 ], [ 464146352633, 1099354887106681 ],,, 
  [ 7898175107965801, 39310903351926530201 ], 
  [ 264819389563471695217, 334657298030212961748727 ], [ 51451091818025412674573 ], 
  [ 1083868969, 4786612095413639 ],, [ 83839064021, 346667064661, 220093207837981781 ],, 
  [ 124657619869, 373715998113749619859651, 1201926859735076825918383 ], 
  [ 1027465355216391313 ], [ 446811044654701 ], [ 180859680961 ], 
  [ 109474597717, 96515245193527 ],, [ 12890668411 ], [ 12228025675155929 ],, 
  [ 673741077552793 ],,, [ 2811407438911, 229097536510757779, 1090206649826049009391 ], 
  [ 2878943981 ], [ 430014810832053071 ], [ 1018731694777, 6173966279019191465677 ], 
  [ 42383600771 ], [ 22930891873, 12632508266036581116769 ], [ 19731993301, 25061937301 ], 
  [ 1746245544523, 49481752592471565539 ], [ 795423074617, 95198256488314907 ],, 
  [ 1067809334884583 ],,,,, [ 151049226043, 3563421667417 ], [ 671366768033649361 ],, 
  [ 87802455079, 33015386118956569 ], [ 243069319782101, 18747086440610974022459190379 ],,,,,
  ,, [ 1600777081 ], [ 4062107719, 3266032350913 ],,,,,, [ 2699750089 ], 
  [ 973807159469, 298892778031717 ], [ 86594368826032072962163183 ], [ 958281855301 ], 
  [ 2118903118081 ], [ 3691339540870889 ], [ 4798875454751255989 ],,, [ 4122323350153273 ],, 
  [ 184829529389 ], [ 38865887287921, 1008853120052663067638017 ], [ 1195785202351 ],,,, 
  [ 6572180598688373 ], [ 96347326533546294128411371 ], [ 4559435707, 656952806348037270923 ]
    , [ 803602056281137 ],, [ 79374612011, 4084949820058511, 45527894204376283075457 ],, 
  [ 1011902113, 304981899709, 34099692976610773, 2052034003538201387797, 
      200374537499123265232069 ],, [ 93918819719, 1705157902230639027545710709833 ], 
  [ 8884035706753 ], [ 150805049755800047149081 ], [ 2079200925551 ], 
  [ 2376676085892637, 53764070219194841134801 ], [ 2994037528417933 ],,,, [ 363854968303 ], 
  [ 374678306050568833, 690746335830017569 ], [ 8121719527724788927 ], 
  [ 456556166611, 18213458224691 ], [ 257585857296676813 ],, [ 3870161993, 11221570669 ], 
  [ 3866518995571 ], [ 4819478475151 ], [ 38186990489 ],,,, 
  [ 3374432401, 3334232917930317360343408801 ], [ 3339432201901867121 ],, 
  [ 2091036425749, 3902657892074251 ],,,, [ 192536499041 ], 
  [ 12990370933, 33075890104454429 ], [ 138226212171634753 ], [ 14950410301 ],, 
  [ 197915920457737 ],,,,,, [ 72217697381571567361 ],, 
  [ 6957657453748481, 1673194484969536961 ], [ 440684753059, 80048474048017 ],,, 
  [ 1113588649, 3586281662459411938333, 202970411341298792604001 ], [ 429476335601 ],,, 
  [ 17950629945617 ], [ 103042640725837 ], [ 83068106221 ],,,, [ 185135646381641 ], 
  [ 83014541809439731 ], [ 13738554514359657361 ],,, [ 781468683424206329611 ], 
  [ 41735482121, 18436153192360018441 ],,,, [ 3114888614319953 ],, 
  [ 543868536173, 27865423733694919 ], [ 20815236384001 ], [ 392293702545817 ], 
  [ 7408850503, 724184168231 ], [ 4904141743201 ], [ 2935279621, 63413346536047 ], 
  [ 16071003521, 142558682382937921 ], [ 1432274203 ], 
  [ 4181139342997883483941, 66346975340066330376721 ],,,, [ 2285461145083, 133569328234403 ],
  ,,, [ 16968723648211 ], [ 11127476779 ],,, [ 1418976511 ],,, [ 24095703691 ],, 
  [ 7292638669 ],,, [ 170054535575953891523 ], [ 1358742751 ], [ 7689049422036569 ],, 
  [ 1597279508371 ],,, [ 73831332689593 ],,,,,,,,,, [ 2302995344707249 ],, [ 11582241945151 ]
   ,, [ 16490034191 ], [ 89544783637 ],,, [ 71555322643816202967889 ], [ 530308770001 ], 
  [ 24760535773 ], [ 229152716974933 ], [ 6880363387 ], [ 3010837069 ], 
  [ 85632761791, 360079510051 ], [ 538348208351689 ], [ 2541724769 ],, [ 103667151463 ],, 
  [ 56502525853, 124200475519 ],, [ 1634377291 ],,,,, 
  [ 52422208477, 1373195656104361, 4070242581630457 ], [ 1101476559822283 ], 
  [ 4502400906635101 ],, [ 6634630829, 182566169301097 ],, 
  [ 54070460929, 474449535697, 5552446727586137, 15532662471306083993 ], 
  [ 160620092307665951 ], [ 80467090529047, 2308674224781343, 50741718715260432919 ],, 
  [ 5231498357, 3016736487437 ], [ 479837978955193 ], 
  [ 1624036471, 10840929091, 203288634811, 743190107411 ],, 
  [ 1309410445742929, 14751553078063297 ],,,,,,,, [ 8839682706126361, 12808727397270266881 ],
  ,,, [ 66020931868669, 21178597209549738373 ],,,,,, 
  [ 68932072351, 114832349101, 253072716751 ],,,, [ 268051813639 ],, [ 5346381116353 ], 
  [ 35268371458381 ],,,, [ 360216427097 ], [ 3331776436938643 ],, 
  [ 3125841793, 5093766447254593 ], [ 107578833451 ],,, 
  [ 11248980074749, 165040441401889, 75864003463278543241, 263360483127929469350186001602317 
     ],, [ 198620788811 ],, [ 90208642361, 710234498977 ],,, [ 29808215626001 ],, 
  [ 48643298029, 2925455025709 ],, [ 29301944599 ],, [ 2479881739453 ],,,,, 
  [ 682595289703, 1848386025037, 96207365541610369 ],,,, [ 2101057771 ], [ 4779475507 ],, 
  [ 7935379895824453 ],, [ 387823821223411 ],, 
  [ 1446712331, 133203477863, 233664480421, 4097217185391023 ], 
  [ 405813142843, 4429969278588992137 ],, [ 985328229001, 77955607501047136501 ],,,, 
  [ 2632308841, 1967857085958121, 10062213435583516873 ], [ 2090733331 ],,,,,,, 
  [ 20524019713 ], [ 72803187073, 175011156577 ],, [ 75455557691 ],,, 
  [ 91695363806623344853 ], [ 310032699276877 ],,, 
  [ 63459894961, 4548755579257, 5065324143157, 1051897601162647 ],, [ 169657659317 ], 
  [ 9491241530401 ],,,,, [ 3324176431 ], [ 13379292649, 1704320755851187 ], 
  [ 930458965147741 ],,,, [ 42435844673 ],,,,,, [ 2039296102771 ],, [ 100220799863617 ],, 
  [ 154930134659119, 749134557350751516673 ], [ 3934563343 ],, [ 30425723144342893 ],,, 
  [ 66893737063801 ],, [ 376551594527 ],,,, [ 48711912373, 3716353754326479583 ],, 
  [ 21550524745681 ],, [ 12386718058528657 ],, [ 1211503021, 26276603951526277 ],, 
  [ 2348394563, 729330247007, 2854742977297639 ], [ 1542347851372021 ],,,,,, 
  [ 8228447133787, 4648754976432732049 ], [ 13811349217, 177018915977 ],, 
  [ 2301029212033, 4545510386280769 ], [ 1305032059, 14962957873 ],,, [ 9145777990361 ], 
  [ 2244415783 ], [ 1198075519, 24064509811 ],,,, [ 27289106899492103 ],, 
  [ 10259634636301, 183285370773709 ],, [ 2903455655201 ],, [ 111508989137809 ],,,,, 
  [ 39710898547, 1356030838681, 3949487417959 ], [ 25388634736172891 ],,,,,, [ 686822665273 ]
   ,, [ 94811686369, 974345256809893, 19731845321848016647, 43610624875485531949 ],,, 
  [ 3491648150383 ], [ 1665742001731, 21238153991071, 154664141516986261 ], [ 6503989909 ],, 
  [ 22642620071 ],,, [ 15649474945721 ],,,,, [ 668214848593 ],,, 
  [ 24555370321, 972236750161 ],, [ 15471168077, 19464850261, 2346208478743 ],, 
  [ 2955536933 ],, [ 15295548025171 ],, [ 3073757541649, 176201219801441 ],,,,, 
  [ 1239931967 ], [ 18330179883137 ],, [ 652583023847681 ],, [ 14756651197 ],, 
  [ 187176861283721 ],,,, [ 723059822922121, 1480689641580337, 18116133681962089 ],,,, 
  [ 7987960397 ],, [ 8881022431 ],,,,,, 
  [ 46420983181, 2357753079001, 39086563944349347762601 ],, [ 100421777537 ],,,,,,,, 
  [ 3357262801, 405258467951, 2899743069130151 ],, [ 1911402873409, 6454411071844513 ],,,,,, 
  [ 8435419198009, 77641565105857 ], [ 3734202599 ],,,,,, [ 54415962971 ],,,,, 
  [ 27823221901 ],,,,,,, [ 32667787793 ],,,,, [ 82606395457 ],,,, [ 99240155819171 ],, 
  [ 84409392269929 ],,,,,,,,, [ 151777046557 ],, [ 1197076043 ],,, [ 17916223450963 ],, 
  [ 33912136538057, 40811856073249 ],,,,,, [ 13615109906971, 20791682306321 ],,,,, 
  [ 2009203182421 ],,,, [ 20478451171 ],,, [ 1962010998109 ],,,, [ 457451905769 ],,,, 
  [ 32949211682251 ],,,,,,, [ 4783360367 ], [ 837074589400899229 ],, [ 665968125241 ],, 
  [ 83347621723, 112866951559 ],, [ 1241262397 ], [ 14481498806897491 ],,, [ 77571148033 ],,
  , [ 1746401353 ],,,,, [ 1905191593457 ],, [ 14489763751 ],,,,,,,, 
  [ 1382959927, 58465400347 ],,, [ 1380712129 ], [ 4562939671 ],, [ 20348404561 ],, 
  [ 134902278517 ],,,,, [ 9975636449 ],,, [ 1053936271, 42334357989628619 ],, 
  [ 1714885369, 1007636041837 ],, [ 538768000568981 ],,, [ 14030372123 ],, [ 10426001897 ], 
  [ 4179652261, 46485481561 ],, [ 14772496421 ],,, [ 1883376179, 3238994867 ],,, 
  [ 191572231861, 802312783707881 ],,,, [ 15287963343329 ],,, [ 869429646847 ],,,,,,,,, 
  [ 38246166509 ], [ 119812753369 ],,, [ 554853133476601 ],,,, [ 10882538289773 ],, 
  [ 28564826221 ],, [ 278323254659777 ],, [ 31451153073451 ],,,, 
  [ 15445245019, 10633122767513 ],,,,, [ 20421936439 ],,, [ 1054041299261 ],,, 
  [ 2481017221 ],,, [ 1469255789 ],,,, [ 43555832329 ], [ 2964481021 ],,, 
  [ 111063880521174001 ],,, [ 17665085443 ],,,, [ 1638470077 ], [ 11642726053141 ],,,,, 
  [ 21602986259 ], [ 1671593483251 ], [ 7447665853 ],,,, [ 4518917651 ], [ 2288528257 ], 
  [ 439473524881, 523557267949 ],, [ 304099783703 ], [ 1239498678601 ],, [ 23262055939 ],,,,,
  ,,,,,,,,, [ 4048041251276453933 ],,,, [ 956585390681 ],, [ 10610291177 ],,,,,,,,,,,, 
  [ 316908354739 ],,,, [ 1223070303256943 ],, [ 2846871033641 ], [ 1160271821 ],,, 
  [ 4446816040129 ],, [ 258262313761, 1770542774309 ],,,, [ 215947985551 ],,,, 
  [ 4070152141579 ],,,, [ 126229664837 ], [ 18752264903 ],,, [ 202676434139141 ],, 
  [ 34794429949 ], [ 1481261491, 16018859111 ], [ 23238136573, 1001656196017 ],,,,,, 
  [ 208103812957 ],,,,,, [ 1151958500107 ],, [ 4045913341 ], [ 9399306313 ], 
  [ 60758822222023 ], [ 1436510983, 175934658377 ],,, [ 23892151838563 ],,,,,, 
  [ 2486594310730753 ],,,, [ 41404559629, 3582005438989 ], [ 374519008163 ], 
  [ 107419725387953579 ],,,,, [ 6195805823 ],,,,,,, [ 3283792801, 3004387197901 ],,,, 
  [ 79538661931, 50929099768171 ],,,,,,,, [ 101841411883 ], [ 45263214019 ],,, 
  [ 182768516954497 ],,,,,, [ 17678745355561 ],, [ 466636098611 ],,,, [ 4612912252603 ],,, 
  [ 45956643913, 169086810973 ],,,,,,,,, [ 1455857551, 1783410301 ],,,,,,,,,,,, 
  [ 53310954777653647 ],,,,,,,,,,,,,,,,, [ 4985804357 ],,,, [ 73803785821 ],, 
  [ 153116295851 ], [ 497397091993 ], [ 1152585233 ],,,,,, [ 1102196503 ],,,,, 
  [ 230146330012219 ], [ 192660634601 ],,,,,,,,,,,,,,,, [ 1439554201 ],,,,,,, 
  [ 1458174304586407 ],,,,,,,,,,,,, [ 7574726681 ],,,, [ 1804442527 ], [ 8951195641 ],, 
  [ 140936810057 ],,,,,,,,,, [ 12243647056897 ],,,,,, [ 7361989633 ], [ 78708049291 ],,,,,,,
  , [ 59915817583 ],,,,,,,,,,, [ 18398593001, 49000099781 ],,,, [ 11627908308979 ],,,,,,,,,,,
  ,,,,,,, [ 48884539201, 3840730380001 ],,,,,, [ 14124312185077 ],,,,,,,,,, [ 897417397249 ],
  , [ 31133444871313 ], [ 1668820753 ],,,,,,,,,,, [ 29342217266161 ],,,, [ 6299715613 ],,,,, 
  [ 90572520613 ],,, [ 3984647743 ], [ 15862708577, 831836111987 ],,,,, [ 1867937496673 ],,,
  , [ 5038835509 ],, [ 8435755813 ], [ 3545402611 ],,, [ 4993212175319 ],, 
  [ 5041616581, 7241993545929661 ], [ 1119177853 ],,,,,,,,, [ 2295156701 ],,,,,,,,,,,,,,,, 
  [ 8469516412033 ],,,,, [ 23765461289 ],,,,, [ 69632772337 ], [ 1047885211 ],,, 
  [ 21889526101 ],, [ 1073226883 ],, [ 538916376721 ],,,,,,,,,,,,,, [ 1293386351 ],, 
  [ 4033746578401 ],, [ 4810999927 ],,,,,,,,, [ 4513977359 ],,,,,,,,,, [ 12816502903 ],,, 
  [ 150650245511809 ],,, [ 178669377457 ],,,,,, [ 3612195056779 ],,,,,,,,,,,,,,,,,,, 
  [ 4601870477 ],,,,,,,,,,,,,, [ 2145939643, 23084760273499, 121384426607774947 ],, 
  [ 22597551917 ], [ 8478203203 ],, [ 5454202807 ],,,,,, [ 3194827241 ],,,, [ 87633833317 ],
  , [ 396332465453 ],, [ 24659964281 ],,,,, [ 28319427838951, 1803209196654571 ],,, 
  [ 5971925809 ],,,,, [ 5428770461 ],,,,,,, [ 4167198274051 ],,, [ 2046595315717 ], 
  [ 52269316093 ],,,,,,,,,,,,,,,,, [ 55488991981 ],,,,,,, [ 1801231793 ], [ 4623895595219 ],,
  ,, [ 7143829669 ],, [ 1719005461 ],,, [ 1148311627 ],,, [ 67914426169 ],,,, 
  [ 229859501761 ],,,,,,,,,,,,,,,,,,,,,,,,,,,,,, [ 78292470087001 ],,,,,, [ 3037647181 ], 
  [ 67816534127 ],,,,,,,,,,,,,,,,,,,, [ 6222201277, 94347496861 ],,,,,,, [ 1288509379 ], 
  [ 22478914541 ],,,,,,,, [ 16616514539 ],, [ 24368243671 ],, [ 1974618647 ],,, 
  [ 1147827106351 ],,,,,,,,,,,,,, [ 1124794149581, 3625981405213 ],,,,,,,,,,,,,,,, 
  [ 2060841401, 2783435441 ],,,,,,,,,,, [ 1589291267 ],,, [ 64710709421, 187983405563 ],,,,,,
  , [ 7423721729 ],,,,,,, [ 1315996849 ],,,,,,,,,,, [ 3374705123 ],,,,,,, [ 9681927571 ], 
  [ 42387980443 ],,,,,,,,,,,,,,,,, [ 67295290501 ],,,,,, [ 360381641401 ],,,,,, 
  [ 1918601857 ],,,,,,,, [ 15540460417 ],,,,,,,,,,, [ 4868511451 ], [ 2093166457 ],,,, 
  [ 18001127761 ],,,,,,,,,,,,, [ 21287663491 ],,,,,,,,,,,, [ 1509954821 ],,, 
  [ 6812808913, 13914985477 ],,,,,,,,,,,,,,,,, [ 1344558151 ],,,,, [ 6178352461 ],,,,,,,,,,,,
  , [ 1900873769299 ],,,,,,,,,,, [ 28309165351, 59416846471 ],,, [ 119558588027467 ],,,,, 
  [ 1246255553, 6063702751, 14085251801 ],,,,,,, [ 1867292717 ],,,,, [ 1585643777 ],,,,,,,,,,
  , [ 25521069631 ],,,,, [ 1634024771 ],,,,,,,,,,,,,,,,,,,,, [ 2213451287 ],,,,,, 
  [ 1253864459 ],,,, [ 3018740899 ],,,,,, [ 7176694766977 ], [ 49896428093 ], [ 1103055269 ],
  ,,,,,,,,,,,,,,,,,, [ 207483948673 ],,,,, [ 5174383909 ], [ 11479746211543, 64753348899871 ]
   ,,,,,,,,,, [ 4782722033 ],,,,,,, [ 3780894349 ],,,,, [ 1298685389 ],,,,,,,, 
  [ 19466286817 ],,,,,, [ 1017243165331 ],,,,,,, [ 1171363217417 ],,,,,,,,,,,, 
  [ 28003369171 ],,,, [ 1998049152587 ],,, [ 2470777801 ],,,,,,,,,,,,,,,,,,,,,,,,,, 
  [ 30593129989 ],,, [ 2063041116401 ],,,,,,, [ 139151002049 ],, [ 1029748231 ],,,, 
  [ 6932071873 ], [ 815248843909 ],,,,,, [ 1804809271 ], [ 5163032527 ],,,,,,,,,,, 
  [ 2775530071 ],,, [ 114291454861 ],,,,,, [ 16486004461 ],,,,,,,,,,,,, [ 620947918727 ],,,,,
  ,,,,,,, [ 101772860947, 1072563354883 ],,, [ 13355577167 ],,,,,,,, [ 60634642099 ],,,,,,,,,
  ,,,,,,,, [ 5799592949 ],,, [ 11028337627 ],,,,,, [ 2924179457 ],,, [ 18514184207 ],,,,,,,,,
  ,,,, [ 1112704628965201 ],, [ 35708677889 ],,, [ 55909035251 ],,,, [ 121087093399 ],,,,,,,,
  ,,,,, [ 3483809827 ], [ 379062469493 ],, [ 19806501357271 ], [ 6540285071 ],, 
  [ 44349448141 ],,,, [ 7901549009 ],,,,,, [ 3505490687 ], [ 3806312233 ], [ 27252501841 ],,,
  ,,,, [ 48396511571 ],,,,,,,,,, [ 38002364233 ],,,,,,,,,,,,,, [ 9659611081 ],, 
  [ 1132067203 ],,,,,, [ 1089124033 ],,,, [ 1105082371 ],,,,,,,,,,,,,,, [ 2561535439 ],,,,,,,
  ,,,,,,,,,,,,,,,,,,,,,, [ 6136982237 ],,,,, [ 24178590253 ],,,,,,,,,,,,,,,,,,,,,,, 
  [ 5611877629 ], [ 2991858481 ],,,,,,,, [ 27301292617 ],,,,,,, [ 2906617501 ],,,,,,,,,,,,, 
  [ 1253179073 ], [ 1965162707 ], [ 9254994751 ],,,,, [ 5531176751 ],,,,,,,,,,,,,,,,, 
  [ 87434571073 ],,,,,,,,,,,,,,,,,,,,,,, [ 1478471131 ],,,,, [ 5096326201 ],, [ 1734752671 ],
  ,, [ 1488988511, 4480721771, 15050566651 ],, [ 5426573745493 ],,,,,, [ 2042092189 ],,,, 
  [ 4087427225617 ],,,,,,, [ 16225015297 ],,,, [ 1501099057, 3610206529 ],,,,,, 
  [ 1624937803 ],,,,,,,,, [ 2169411817 ],,,,,,,,, [ 22853770129 ],,,, [ 3085919429 ],, 
  [ 41665303513 ], [ 159170953691 ],,,,,,,,,,,,,, [ 352630006891 ],,,,, [ 12547383833 ], 
  [ 8499258223 ],,,,,,, [ 410514981599 ],,,,,,,,,,, [ 56434646803 ],,, [ 1256997601 ],,,,, 
  [ 68758363181 ],,,,,,,,,, [ 1060803241 ],,,,,,,,,,,,,,,,,,,,,,,, [ 4291888789 ],,,,,,, 
  [ 10348972189 ],,,,, [ 6985679561461 ],,,,, [ 6323084202361 ], [ 1984577869 ],,,,,,, 
  [ 37193062369 ], [ 281244810971 ], [ 2624282677 ],,,,,,,,, [ 153982441801 ],,,,,, 
  [ 1605509683, 11289264529 ],,, [ 12771692173 ],,, [ 5139012451 ],,,,,,, [ 48426319727 ],, 
  [ 208022997313 ],,,,,,,,,,,, [ 7209032821 ],,,,,,,, [ 1563427329161 ],, [ 5435792933 ],, 
  [ 7451347681 ],,, [ 5080020133 ],,, [ 67934577704809 ],,,,,,,,,, [ 1154425241 ],, 
  [ 1627073731 ],, [ 4622490121 ],,,,,, [ 506685488929 ],,,,,,,,,, [ 3664325053 ],,,,,,,,,,,,
  ,, [ 59085592711 ],,,,,,,,,,,,,, [ 2792844049 ], [ 87428815583671 ],,,,, [ 24315300731 ],,,
  , [ 33854518404347 ],,,, [ 3808943389 ],,,, [ 1206414474229 ],,,,,,,,,,, [ 7829075827 ],,, 
  [ 12351522087601 ],,,,,,,,,,,,,,,,,, [ 1466239807, 2123591383 ], [ 44244237571 ],,,,, 
  [ 41261283361 ],,,,,,,,,,,,,,,,,,,,,, [ 2932776973589 ],,, [ 81446802581 ],,,,, 
  [ 3241339951 ],,,,,,,,,, [ 1233065321 ],, [ 2951591959 ],,, [ 51092113201, 151107751021 ],,
  ,,,,,,,,,,,,,,,,,,,,, [ 57856593313 ], [ 4265493877 ],,,,,,,,,,,, [ 2942973739 ],,, 
  [ 63002479888837 ],,,,,,,,,,,, [ 77131342081, 988317966673 ],,,,,,,,,,,, [ 947079582301 ],,
  ,,,,,,,,,, [ 5332146121 ],,,,,, [ 5649726493 ],,, [ 190787528023 ],,, [ 3710984509 ],,,,,,,
  ,,,,,,,,,,,,,,,,,,,,,,,,,,, [ 26849042641 ],,,,,, [ 56173763341 ],,,,,,,,,,,, 
  [ 7889202649 ],,,,,,,,,,,,,,,,,,,,,,, [ 1495517713 ],,, [ 1203639086401 ],,, 
  [ 1958333437 ],,,,,,,,,,,,,,,,,,,,,,, [ 5915357866997 ], [ 1167101083 ],,,,,,,,,,, 
  [ 6125266057 ],,,,,, [ 1785305707 ],,,,,,, [ 1817801413 ],,, [ 1052337923473 ],,,,,, 
  [ 28324380241 ],, [ 8184374017 ],,,, [ 1890229933 ],,,,,,,,,,,, [ 9285595681 ],,,,,,,,,,,,,
  ,,,,,,, [ 19042095997 ],,,, [ 7546044097 ],,,,,, [ 17053627249 ],,,,,,,,,,,,,,,,,, 
  [ 12931455073 ],,,,,, [ 1976740963 ],,, [ 318875412991 ],,,,,,,,,,,,,,,,,,,,,,,, 
  [ 29669528359, 82064739847 ], [ 1164707461 ],,,,,,,,,,,,,,,,,,,,,, [ 1880249321 ],,,,,,,,,,
  ,,,,,,,,,,,,,,,,,,,,,,,,,, [ 618975623813 ],,,,,,,, [ 1336278997 ],,,,,,,,,,,,,,,,, 
  [ 2333885011 ],,,,,, [ 4102270261 ], [ 2724912401 ],,,,,,,, [ 1228729153, 421346319913 ],, 
  [ 3822600521 ],,,,,,,,,,,, [ 2217522161219 ],,,,,,,,,,,, [ 7407506731 ],,,,,, 
  [ 2290183909621 ],, [ 4012255451 ],, [ 134098497937 ],,,, [ 2148116501 ],,,,, 
  [ 4233861013 ],,,,,,,,, [ 1291515739 ],, [ 1777962341 ],,,,,,,,,,,,,,,,,,,,,,,,, 
  [ 149635890769 ],,,,,, [ 1053500131 ],,,,,,,,, [ 3208299769, 10102881637 ],,,,,,,,,,,,,,,,,
  ,,, [ 7104177497 ],,,,,,,,,, [ 10087214677 ],,,,,,,,,,,, [ 1080911509 ],,, [ 6913196209 ],,
  ,,,,,,,,,,,,,,,,,,,,,,,,,,,,,,,,,,,,,,,,, [ 1546179977 ],,,,,,,,,,,,,,,,,,,,,,,,,,,,,, 
  [ 4338060277 ],,,,,,,,,,,,,, [ 6566782561 ],,,,,,,,,,,,,,,,,,,,,,,,,,, [ 2651927281 ], 
  [ 3199729153 ],, [ 2266304239 ],,,,,,,,,,,,,,, [ 1846357339 ],,,,,,,,,,,,,,,,, 
  [ 110508291463 ],,,,,,,, [ 13719017183 ],,,, [ 2207848831 ],, [ 2546409721 ],,,,,, 
  [ 1149852799 ],, [ 105712606981 ],, [ 3612605401 ],,,,,,,,,,,,, [ 6584805691 ],,,,,,,,, 
  [ 3133929793 ],,,, [ 9488247193289 ],,,, [ 156410089308269 ],,,,,,,,,,,,,,,, 
  [ 14658975901 ],,,, [ 126537539969 ],,,,,,,,,,,,,, [ 536494340257 ],,,, [ 2057211911 ],,,, 
  [ 1612320277 ],,,,,,,,,,,,,,,,,,,,,,,, [ 1380389323 ], [ 3728203290199 ],,,,,,,,,,,, 
  [ 1079292523 ],,,,,,,,,,,,, [ 39662979224641 ],,,, [ 9306613333 ],, [ 5798179501 ],,,,,,,,,
  ,,,,,,,,,,,,, [ 4522716377 ],,,,,,,,,,,,,,,,,,,,,,,,,,,,,,,, [ 8145479689 ],,,, 
  [ 21535830889 ],,,, [ 264348702493 ],,,,,,,,,,,, [ 3613196857 ],,,,,,,,,,,, [ 2719938889 ],
  ,,,,,,,,,,,,,,, [ 2543764081 ],,,,,,,,,,,,,,,,,,,,,,,,,,,,,,,,,,,,,,,,,,,,,,,,,,,,,,,,,,,,,
  ,,,,,,,,,,,,, [ 12977922547 ],,,, [ 99369811001 ],, [ 6402716233 ],,,,,,,,,,,,,,,, 
  [ 1222200313, 38584651789 ],,,,,, [ 256859825627 ],,,, [ 7729698671 ],, [ 2644847921 ],,,,,
  ,,,,,,,,,,,,, [ 6916686841 ],,,, [ 3049952299 ],,,, [ 2257243489, 35869143259 ],,,, 
  [ 2353783291 ],,,,,,,,,,,,,,,,,,,,,,,,,,,, [ 1203334333 ],,,,,,,,,,,,,,,,,, 
  [ 18134202829, 78260522257 ],,,,,,,,,,,,,,,,,,,,,,,,,,,,,, [ 55921168091 ],,,, 
  [ 3553151491 ],,,, [ 4848504701 ],, [ 1505748481 ],,,,,, [ 16622025241 ],,, 
  [ 33883081891 ],,,,,,,,,,,,,,,,, [ 127414632047 ],,,,,,,,,, [ 4259019069073 ],,,,,,,,,,,,,,
  ,,,,,,,,,,,, [ 9701396893 ],,,, [ 23595325867 ],,,,,, [ 225180216493 ],,,,,,,,,,,,,, 
  [ 1068963449 ],,,, [ 27833610097 ],,,, [ 10553212801 ],,,, [ 7478956729 ],,,, 
  [ 14338187839 ],,,,,,,, [ 80372141489 ],,,,,,,,,,,,,, [ 5656896001 ],,,, [ 405170605841 ],,
  ,,,,,, [ 3472269653 ],,,,,, [ 55183248163, 3046924416061 ],,,,,,,,,,,,,,,, [ 11893781057 ],
  ,,,,,,,,, [ 3812440561 ],,,,,,,,,, [ 5043780047 ],,,,,,,,,,,,,, [ 1038442429 ],,,,,, 
  [ 1669191133 ],, [ 4719726757 ],,,,,,,,,,,,,,,,,,,,,,,,,,,,,, [ 3952291891 ],,,,,,,,,,,,,, 
  [ 8241413979881 ],,,, [ 10029497893 ],, [ 30429237623 ],,,,,,,,,,,,,,,,,,,, 
  [ 1466486987611 ],,,,,, [ 13313653729 ],,,,,,,,,,,,,,,,,,,,,,,,,,,,,,,,,, [ 11320250033 ],,
  ,,,,,,,, [ 274053436117 ],,,,,,,,,,,, [ 782725985617 ],,,,,,,,,, [ 73773807013 ],,,,,,,,,, 
  [ 22421950741 ],,,, [ 15563450849 ],, [ 38963575531 ],,,,,,,, [ 4664083243 ],,,, 
  [ 2517143443 ],,,,,,,, [ 89749586023 ],, [ 6696573409 ],,,,,, 
  [ 1299309059, 262263510987157 ],,,,,,,,,,,,,, [ 4604679017 ],,,,,,,,,,,,,,,,,,,,,,,,,,,,,,,
  ,,, [ 16093299803701 ],,,,,,,,,,,,,,,,,,,,,,,,,,,,,,,,,,,,,,,,,, [ 32474972161 ],,,,,,,,,,,
  ,,,,,,,,,,,,,,,,,,,,,,,,,,,,, [ 8505898561 ],, [ 8146999663739 ],,,,,,,,,,,,,,,,,,,,,,,,,,,
  , [ 1832056711, 9487462909 ],,,,,, [ 42855654097 ],, [ 4509496351, 20961851851 ],,,,,,,, 
  [ 5555430707 ],,,,,,,,,,,,,,,,,,,,,,,,,,,,,,,,,,,,,,,,,, [ 6245662081 ],,,,,,,,,, 
  [ 133696547861 ],,,,,,,, [ 3468187399 ],,,,,,,, [ 10362970897 ],,,, [ 88439995051 ],,,,,,,,
  ,,,,,,,,,,,,,,,,,,,,,,,, [ 341320085803 ],,,,,, [ 5384290789 ],,,,,,,,,,,,,,,,,,,,,, 
  [ 11534017351 ],,,,,,,,,,,,,,,,,,,,,,,,,,,,,, [ 2615389801 ],, [ 1122888001, 8352303259 ],,
  ,,,,,, [ 223920866161 ],,,,,,,,,,,,,,,, [ 13500388873, 15251436271 ],, [ 1445935297 ],,,,,,
  ,,,,,,,,,,,,,,,,,,,,,,,,,,,,,,,,,,,, [ 14931900031 ],,,, [ 3847197934771 ],,,,,,,,,,,,,,,,,
  ,,,,,,,,,,,,,,,,,,,,,,,,,,,,,,,,,,,,,,,,,,,,,,,,,,,,,,,,,,,,,,,,,,,,,,,,, [ 989258058301 ],
  ,,,,,,,,,,, [ 19846429201, 44768151217 ],,,,,,,, [ 2322139249 ],,,,,, [ 4513741541 ],,,,,,,
  ,,,,,,,,,,,,,,,,,,,,,,, [ 1744391741 ],,,,,,,,,,,,,,,,,,,, [ 2145015401 ],,,,,,,,,,,,,,,,,,
  ,, [ 2268900721 ],,,,,, [ 26809674673 ],,,,,,,,,,,,,,,,,, [ 933653518117 ],,,,,,,,,,,,,,,,,
  ,,,,,,,,,,,,,,,,,,,,,,,,,,,,,,, [ 5588740189 ],,,,,,,,,, [ 24809250187 ],,,,,,,,,,,,,,,,,,,
  ,,,,,,,,,,,,,,,,,,,,,,,,,,,,,,,,,,,,,,,,,,,,,,,,,,,,,,,,,,,,,,,,,,,,,,,,,,,,,,,,,,,,,,,,,,,
  ,, [ 4428153073 ],,,,,, [ 1076079841 ],,,, [ 2755752841 ],,,,,,,,,,,, [ 8773618098313 ],,,,
  ,, [ 10904645599 ],,,,,, [ 2814152449 ],,,,,,,,,,,,,,,,,,,,,,,,,,,,,, 
  [ 1459766197, 30950490841 ],, [ 15695626241 ],,,,,,,,,,,,,,,,,,,,,, [ 1381804519 ],,,,,,,,,
  ,,,,,,,,,,,,,,,,,,,,,,,,,,, [ 2405408833 ],,,,,,,,,,,,,,,,,,,,,,,,,,,,,,,,,,,,,,,,,,,,,,,, 
  [ 4493837401 ],,,,,,,,,, [ 919616440513 ],,,,,,,,,,,,,,,,,,,,,,,,,, [ 9497983669 ],,,,,,,,,
  ,,,,,,, [ 5513747149 ],,,,,,,,,,,,,,,,,,,,,,,,,,,,,,,,,,,,,,,,,,,, [ 154190027113 ],,,,,,,
  , [ 2044220231 ],,,,,,,,,,,,,,,,,,,, [ 5470321501 ],, [ 25576371471697 ],,,,,,,, 
  [ 18728635241761 ],,,,,,,,,,,,,,,,,,,,,,,,,,,,,,,,,,,,,,,, [ 6075545401 ],,,,,,,,,,,,,,,,,,
  ,,,,,,,,,,,,,,,,,,,,,,,,,,,,,, [ 84283692601, 364038552529 ],,,,,, [ 44880513319 ],,,,,,,,,
  ,,,,,,,,,,, [ 1613773519 ],,,,,,,,,,,,,,,,,,,,,,,,,,,,,,,,,,,,,,,,,,,,,,,,,,,,,,,,,,,,,,,, 
  [ 1722201703 ],,,,,,,,,,,, [ 1051275451 ],,,,,, [ 112270564261 ],,,,,,,,,,,, 
  [ 2724678529 ],,,,,,,,,,,, [ 1424652121 ],,,,,, [ 59931004183, 126373251061 ],,,,,,,,,,,,,,
  ,,,,,,,,,, [ 766929422821 ],,,,,,,,,,,,,,,,,,,,,,,,,,,,,,,,,,,,,,,,,, [ 1158993469 ],,,,,,,
  ,,,,,,,,,,,,,,,,,,,,,,, [ 8775047839 ],,,,,,,,,,,,,,,,,,,,,,,, [ 1015542469 ],,,,,, 
  [ 6443101729 ],,,,,,,,,,,,,,,,,,,,,,,, [ 876444584329 ],,,,,, [ 1657278916129 ],,,,,,,,,,,
  , [ 1079847427 ],,,,,,,,,,,, [ 1242561469 ],,,,,,,,,,,,,,,,,,,,,,,, [ 5334031711 ],,,,,,,,,
  ,,,,,,,,,,,,,,,,,,,,,,,,,,,,,,,,,,,,,,,,,,,,,,,,,,, [ 20458456201 ],,,,,,,,,,,,,,,,,,,,,,,,
  ,,,,,,,,,,,,,,,,,,,,,,,,,,,,,,,,,,,,,,,,,,,,,,,, [ 3340215271 ],,,,,,,,,,,, 
  [ 27977013914683 ],,,,,,,,,,,,,,,,,,,,,,,,,,,,,, [ 1215331993 ],,,,,, [ 42976746451 ],,,,,,
  ,,,,,,,,,,,,,,,,,,,,,,,,,,,,,,,,,,,,,,,,,,,,,,,,,,,,,,,,,,,,,,,,,,,,,,,,,,,,,,,,,,,, 
  [ 9534567661 ],,,,,,,,,,,,,,,,,,,,,,,,,,,,,,,,,,,,,,,,,,,,,,,,,,,,,,,,,,,,,,,,,,,,,,,,,,,,,
  ,,,,,,, [ 2555842561 ],,,,,,,,,,,,,,,,,,,,,,,,,,,,,,,,,,,,,,,,,,,,,,,,,,,,,,,,,,,,,,,,,,,,,
  ,,,,,,,,,,,,,,,,,,,,,,,,,,,,,,,,,,,,,,,,,,,,,,,,,,,,,,,,,,,,,,,,,,,,,,,,,,,,,,,,, 
  [ 29436490423 ],,,,,,,,,,,,,,,,,,,,,,,,,,,,,,,,,,,,,,,,,,,,,,,,,,,,,,,,,,,, [ 2172369061 ],
  ,,,,,,,,,,,,,,, [ 6096956321 ],,,,,,,,,,,,,,,,,,,, [ 2290035421 ],,,,,, [ 13398193693 ],,,,
  ,,,,,,,,,,,,,,,,,,,,,,,,,,,,,,,,,,,,,,,,,,,, [ 7088999293 ],,,,,,,,,,,,,,,,,,,,,,,,,,,,,,,,
  ,,,,,,,,,,,,,,,,,,,,,,,,,,,,,,,,,,,,,,,,,,,,,,,,,,,,,,,,,,,,,,,, [ 639236617081 ],,,,,,,,,,
  ,,,,,,,,,,,,,,,,,,,,,,,,,,,,,,,,,,,,,,,,,,,,,,,,,,,,,,,,,,,,,,,,,,,,,,,,,,,,,,,,,,,,,,,,,,,
  ,,,,,,,,,,,,,,,,,,,,,,,,,,,,,,,,,,,,,,,,,,,,,,,,,,,,,,,,,,,,,,,,,,,,,,,,,,,,,,,,,,,,,,,,,,,
  ,,,,,,,,,,,,,,,,,,,,,,,,,,,,,,,,,,,,,,,,,,,,,,,,,,,,,,,,,,,,,,,,,,,,,,,,,,,,,,,,,,,,,,,,,,,
  ,,,,,,,,,,,,,,,,,,,,,,,,,,,,,,,,,,,,,,,,,,,,,,,,,,,,,,,,,,,,,,,,,,,,,,,,,,,,,,,,,,,,,,,,,,,
  ,,,,,,,,,,,,,,,,,,,,,,,,,,,,,,,,,,,,,,,,,,,,,,,,,,,,,,,,,,,,,,,,,,,,,,,,,,,,,,,,,,,,,,,,,,,
  ,,,,,,,,,,,,,,, [ 1682243821441 ],,,,,,,,,,,,,,,,,,,,,,,,,,,,,,,,,,,,,,,,,,,,,,,,,,,,,,,,,,
  ,,,,,,,,,,,,,,,,,,,, [ 37999178491 ],,,,,,,,,,,,,,,,,,,,,,,,,,,,,,,,,,,,,,,,,,,,,,,,,,,,,,,
  ,,,,,,,,,,,,,,,,,,,,,,, [ 14740745449 ],,,,,,,,,,,,,,,,,,,,,,,,,,,,,,,,,,,,,,,,,,,,,,,,,,,,
  ,, [ 20314886216881 ],,,,,,,,,,,,,,,,,,,,,,,,,,,,,,,,,,,,,,,,,,,,,,,,,,,,,,,,,,,,,,,,,,,,,,
  ,,,,,,,, [ 2235268729 ],,,,,,,,,,,,,,,,,,,,,,,,,,,,,,,,,,,,,,,,,,,,,,,,,,,,,,,,,,,,,,,,,,,,
  ,,,,,,,,,,,,,,,,,,,,,,,,,,,,,,,,,, [ 30118308091 ],,,,,,,,,,,,,,,,,,,,,,,, [ 59698551151 ],
  ,,,,,,,,,,,,,,,,,,,,,,,,,,,,,,,,,,,,,,,,,,,,,,,,,,,,,,,,,,,,,,,,,,,,,,,,,,,,,,,,,,,,,,,,,,,
  ,,,,,,,,,,,,,,,,,,,,,,,,,,,,,,,,,, [ 9731141281, 122970030121 ],,,,,,,,,,,,,,,,,,,,,,,,,,,,
  ,,,,,,,,,,,,,,,,,,,,,,,,,,,,,,,,,,,,,,,,,,,,,,,,,,,,,,,,,,,,,,,,,,,,,,,,,,,,,,,,,,,,,,,,,,,
  ,,,,,,,,,,,,,,,,,,,,,,,,,,,,,,,,,,,,,,,,,,,,,,,,,,,,,,,,,,,,,,,,,,,,,,,,,,,,,,,,,,,,,,,,,,,
  ,,,,,,,,,,,,,,,,,,,,,,,,,,,,,, [ 1654614001 ],,,,,,,,,,,,,,,,,,,,,,,,,,,,,,,,,,,,,,,,,,,,,,
  ,,,,,,,,,,,,,,,,,,,,,,,,,,,,,,,,,,,,,,,,,,,,,,,,,,,,,,,,,,,,,,,,,,,,,,,,,,,,,,,,,,,,,,,,,,,
  ,,,,,,,,,,,,, [ 1150722751 ],,,,,,,,,,,,,,,,,,,,,,,,,,,,,,,,,,,,,,,,,,,,,,,,,,,,,,,,,,,,,,,
  ,,,,,,,,,,,,,,,,,,,,,,,,,,,,,,,,,,,,,,,,,,,,,,,,,,,,,,,,,,,,,,,,,,,,,,,,,,,,,,,,,,,,,,,,,,,
  ,,,,,,,,,,,,,,,,,,,,,,,,,,,,,,,,,,,,,,,,,,,,,,,,,,,,,,,, [ 347064473761 ],,,,,,,,,,,,,,,,,,
  ,,,,,,,,,,,,,, [ 134227722241 ],,,,,,,,,,,,,,,,,,,,,,,,,,,,,,,,,,,,,,,,,,,,,,,,,,,,,,,,,,,,
  ,,,,,,,,,,,,,,,,,,,,,,,,,,,, [ 10158342841 ],,,,,,,,,,,,,,,,,,,,,,,,,,,,,,,,,,,,,,,,,,,,,,,
  ,,,,,,,,,,,,,,,,,,,,,,,,,,,,,,,,,,,,,,,,,,,,,,,,,,,,,,,,,,,,,,,,,,,,,,,,,,,,,,,,,,,,,,,,,,,
  ,,,,,,,,,,,,,,,,,,,,,,,,,,,,,,,,,,,,,,,,,,,,,,,,,,,,,,,,,,,,,,,,,,,,,,,,,,,,,,,,,,,,,,,,,,,
  ,,,,,,,,,,,,,,,,,,,,,,,,,,,,,,,,,,,,,,,,,,,,,,,,,,,,,,,,,,,,,,,,,,,,,,,,,,,,,,,,,,,,,,,,,,,
  ,,,,,,,,,,,,,,,,,,,,,,,,,,,,,,,,,,,,,,,,,,,,,,,,,,,,,,,,,,,,,,,,,,,,,,,,,,,,,,,,,,,,,,,,,,,
  ,,,,,,,,,,,,,,,,,,,,,,,,,,,,,,,,,,,,,,,,,,,,,,,,,,,,,,,,,,,,,,,,,,,,,,,,,,,,,,,,,,,,,,,,,,,
  ,,,,,,,,,,,,,,,,,,,,,,,,,,,,,,,,,,,,,, [ 5531507101 ] ]);
