BRENTFACTORS[9080]:=MakeImmutable([ ,,,,,,,,,,,, [ 4656496880919391 ],,,, 
  [ 1283464811, 54846681095827 ],, [ 379454777934976667619741511 ],, 
  [ 2942504160589718795953 ],, [ 270611561593833144071869 ],, 
  [ 510238768705901, 409508615500001822344751 ],,,,,,, [ 274350304043627969 ], 
  [ 4071185649542617 ], [ 461520378106295923 ], 
  [ 153695945028816979951, 89206828511892696363750881 ], [ 336238597998181 ], 
  [ 18024177245203, 1496261910959452303840046543, 241638337164635359945425264356555077 ], 
  [ 3954362081, 406301696467 ], [ 398459519989525123863854575183 ], [ 3786788801 ], 
  [ 1222146287, 365860210057140902045711 ],, [ 76240635938568974100671 ],, 
  [ 7358035141, 836237105911, 9784227394441, 75561880322162275610761 ], 
  [ 191843604665863844373503 ], [ 100384403080795766407571 ], [ 91387199521 ],, 
  [ 630016069859153871916870438121501 ], [ 15826397011 ], 
  [ 457086047269789549, 2359731011632077644419561 ], 
  [ 3776763253, 53174748527, 463660974009703 ], [ 44870302837, 816705156760129617548023 ], 
  [ 326681732411 ], [ 2937084263272031209, 6196431478425221366929 ], 
  [ 9776817965588087946533761, 706913016494096749844235542326739118127 ], 
  [ 1906783409, 197430706393270079, 247868304651424042791538766222486785938517 ],, 
  [ 879093589326343042921 ], [ 3772552687, 3707894224421 ], 
  [ 2560438057, 13833028501768067414159 ], 
  [ 15995351273900041, 1035209459055493549289286261991 ], 
  [ 1247396937553341841641423617, 2570597071909788929728173232666561 ], 
  [ 2148983981, 23338289559131, 9006725467831261 ],, [ 38471033163189034043 ],,, 
  [ 48838576829281, 55367314521620011 ],, 
  [ 102753094537, 732329150042521, 327010980106256632102153 ], [ 6597888337 ], 
  [ 106337024089, 1437128997143360303, 3631475285751238245037, 215527853061371023403101 ], 
  [ 14766768647251, 364768607372611708138404017159701, 5785354806078915272171384072701201 ], 
  [ 882290989140203335665044581725693018774613118625676241 ], [ 903636643051408267 ], 
  [ 43226108670499, 56208885602680855669, 718288809687091656547 ],, [ 31453267666832801 ],, 
  [ 1017749444627, 1213451811323, 19258609376311, 2820280110080327086480390777369 ], 
  [ 71771980890269743507954879 ], [ 61471195671397 ],,, [ 6625390505565570445843 ],, 
  [ 58837159699, 951230909670791, 70750194309497501, 434899099618609075437281647 ], 
  [ 17143234371770581, 129276581677966495988307991 ], [ 21913238435803856597 ], 
  [ 83478096673, 15622689794843869 ], [ 329495824904257639 ], 
  [ 3393882500027, 13828859254587688771711 ], [ 2353520244603216607811 ],, 
  [ 9574645349, 369854315731 ],, [ 13559412182779, 17500182630662795604949 ], 
  [ 849052626316901 ], [ 3312476238241297247, 677985668895080391557 ], 
  [ 53303917657, 111712115836963, 147030385782332665123539616081330879658509 ], 
  [ 371966376739, 180378195450086987 ], [ 4510049010935417 ], 
  [ 1803574291, 9046944796891, 1242710736800509831 ], [ 2797008211476912379 ],, 
  [ 6313281913, 4879765627262573941, 1551436704673488009109 ],, 
  [ 106935072164640657622908054653581, 1194861630821520235624488155547281, 
      2525752970498742285147720275654518708751 ],, 
  [ 6535729313, 3646210248689, 1475815455029329, 12907061432767236337 ],, 
  [ 1770682882080241, 13430037834213414299533 ], [ 300688974985001 ], 
  [ 37493305981, 1721087811494304903707815049 ], [ 7396934551460299 ],, [ 3474192863 ],, 
  [ 1098421061, 15010136447025502333 ], [ 5681427057161417, 40110375092914531 ], 
  [ 100599754120564014289, 296373530058787973317 ], [ 61884478739506985537187829 ],, 
  [ 4145003227, 8640766639, 1970437053691, 32974981564267, 3250287165947347, 
      1348671462459971156329103778399008718151 ],,, 
  [ 1515779469859597, 1066879186821985536313 ], 
  [ 1264432846059371, 59763214460800111, 387297128378597310121 ],, 
  [ 356363117881, 1275585434318581, 649596959358359387044511557, 
      495011938146830358768831542332575839884139754073 ],,, 
  [ 195440071511468341, 24673738473223509331, 1786731188301655869251161 ],, 
  [ 299397659012616917, 644566351423832413 ], [ 46728086144148843728996887 ],, 
  [ 176783791381, 144226171462104186905849263901 ],, [ 28620197974725127847 ],,, 
  [ 6766512581, 815952958391 ], [ 45142284199527797 ], [ 6166245751, 718676951132842423 ], 
  [ 13999298837 ],, [ 3030317594378551 ],,,, [ 21243803824468934405390233 ], [ 48110510761 ],
  ,,, [ 1287337647529 ], [ 49412049121, 3938262776857574912641 ], [ 4241495314749239 ], 
  [ 75892248968608873657 ],,,, [ 78563160654534737620037 ], [ 1279015717919 ], 
  [ 12191662878697, 44945689753441, 1085413778126947773040993 ],,, 
  [ 17298017351634664881469 ], [ 256891960693 ], [ 10149530385409 ], 
  [ 6203234709757, 176544777465379590275959 ], [ 11113560851, 475239087751 ], 
  [ 116792229109601, 266078601403588513 ],,, [ 283497207079547 ], [ 285662464690501 ], 
  [ 85350061663, 85404585017, 280219053747248437 ], [ 93763041565019990983 ], 
  [ 26676417812530707937 ], [ 3014434214720849, 24096740090048003824599264833 ],,,, 
  [ 495422929801 ], [ 204608222911 ],,, [ 3205549799041 ],,, [ 371704319386409491 ], 
  [ 3766880551309 ], [ 1389107019101531 ],,,,, [ 36724705547 ],,, [ 19883404691 ], 
  [ 1048278881044531 ], [ 18898503427, 88359866108570809 ], [ 12167998961 ], 
  [ 1365716023453 ], [ 259838999803321 ], [ 2535090337651 ], [ 88057034441 ], 
  [ 20055087847 ],, [ 53662236728671 ],, [ 21596697099489779 ],, [ 2241568807 ], 
  [ 34831237102609201, 8549960650110917743421 ],, 
  [ 417257435966479, 82332322561677913, 337229811553519993, 1571011464712869320796253 ], 
  [ 153384523701967, 442715002290404393659 ], 
  [ 6246705977569, 13758816336238509761, 264937179034465758017, 3797124704340750251195551777 
     ],, [ 304110866113384863263 ],, [ 1843526149, 8918984827501596077653 ],,, 
  [ 134141282122849 ],,, [ 41047828849, 71016850682934868297 ],, 
  [ 10193382915169, 247334243718406894957 ],, [ 334678107973435102493 ],, 
  [ 11518392961, 247197595574161 ],, [ 142655501155115495939602849 ], [ 3579177270856494187 ]
   ,, [ 4635756665611 ], [ 5603905093 ],, [ 4093607041 ], [ 4732916437407229 ], 
  [ 5597263501, 26980736167501, 328428730269751 ],,, [ 1341365794253, 1801852804842179 ],, 
  [ 762102516601, 1559558644528771 ], [ 154692325889 ], [ 46730681132159, 12899392109945111 ]
    , [ 5991303349, 27516989372775828756577 ], [ 1756296613 ], [ 19339447804918800758093441 ]
   ,,,,, [ 92968154114526791 ],, [ 90705269371, 14573819642857 ], [ 154499772009511541 ],, 
  [ 4418804122111, 1484234068040821, 891499048898484251521 ], 
  [ 13451322397, 284056437889957721 ], [ 26792211617, 288348105852859004726017 ], 
  [ 627679618076239 ], [ 4945940299, 34328043913592488600279 ],,,, 
  [ 124466073037153, 89230393739973169206264719 ], [ 2896628563567231397551 ],,, 
  [ 1691202780984349 ],, [ 6614783729, 523528180709 ],, 
  [ 5126823512085419, 4683183043560623603 ], [ 849355998443 ],,,, [ 327793310697788038669 ], 
  [ 1229594647585517, 4055178022904201, 2576748762304383530788480109 ],, 
  [ 1699199461, 28107614747540047235548271619997 ],, [ 52546315457 ], [ 18749406630439 ],, 
  [ 9202663510171 ], [ 28775452201, 87363760380250801 ], [ 44154664639 ], 
  [ 1464100237965397 ],, [ 246826571027233, 1283282248454929 ], [ 1265857361 ],, 
  [ 33454865729, 15913279946087 ],, [ 61605454305265309 ], [ 421298718479371 ], 
  [ 4146043631 ], [ 2694558308833, 31975620527366850439561 ], [ 274054718755059911 ], 
  [ 72129076277 ], [ 1837444771 ], [ 354259418129, 1110790435813, 2880498776978933389 ], 
  [ 7245882659 ],, [ 4281583141306559947 ], [ 520107377281 ],, 
  [ 46127228687, 1322449951733569 ],, [ 696640194880453, 1663745135561329969 ],,, 
  [ 200142825391 ], [ 4530759449 ],, [ 2557595701 ],,, [ 10060128469, 579952481653 ],, 
  [ 1656242011 ],,,,, [ 7871633925241 ],, [ 30388194541, 599474508552093259 ], 
  [ 156188416507271 ], [ 32156950814953 ],,,, [ 117696564961 ],,,, 
  [ 6581929715681, 405528344096833 ],, [ 2525920981 ], [ 257112483181 ], 
  [ 389784847493, 8899928275812073 ],, [ 2479726451959 ],, [ 5722822934915136267241 ], 
  [ 8521465649, 2051463122131 ],,,, [ 9855911771, 11123295313931 ],,,, 
  [ 578335537621, 1170217869661, 106618512419103151 ], [ 2538375751 ], 
  [ 685188350771, 2343413459689 ], [ 220939307953597, 384429603891341928649 ], 
  [ 40549527511, 1197555949973, 3963324057419 ], [ 5101212271, 27395533964623001 ],,,, 
  [ 5193693541, 2709738992134693, 31479429312987464134243, 47956481051636878991173 ], 
  [ 1261813039 ], [ 6460075621, 10497721378217116601 ], [ 42960260029 ], [ 17641581632723 ],,
  ,,,, [ 114262447666001 ],, [ 3411814789111 ],,,,, [ 1196232221 ],,, 
  [ 11463891978380382907 ], [ 213438685951 ], [ 152449329941474801 ],,,,,, [ 2568505176581 ],
  ,,, [ 212532180247159351 ],, [ 1633282537 ], [ 2031323981 ], [ 6113973221227 ],,,, 
  [ 28992424930824499 ],,, [ 1904694937 ],, [ 20441983039921 ],,, [ 26718557811151 ],, 
  [ 185510423821757, 1571374638481362258077 ],, [ 22158605860974931 ],,, [ 13213269827699 ],,
  , [ 24867838573 ],,,, [ 7619310246241 ],,,, [ 18980001873493304608609 ],, 
  [ 1147193168879, 8071927584533, 7145693321360617 ], [ 59329569769 ], 
  [ 3166248961, 12975218997889, 2207538950197057, 118792582434458689 ],, 
  [ 2802572995951, 5916607504249051 ],, [ 1690779859513, 7715779010471549629 ],, 
  [ 684260276296643 ],,, [ 20636449045309, 41291710944391 ], [ 117797007907219 ],,,, 
  [ 1993091872112845813, 284229568308748414507 ], [ 3639020729 ], [ 312576155129935201 ],, 
  [ 13014603211536623 ],, [ 42995357433757 ],,, [ 595653026070127 ],,, 
  [ 2573848299223, 2797917144091 ],, [ 18569858609 ], 
  [ 355519165447, 79744735210123, 184562480189207647 ], [ 284231195497 ], 
  [ 1505534088400949 ],,, [ 179186916507581 ],,,,,, [ 281360457233, 478772116177 ],, 
  [ 124221977775911 ],,,, [ 4631046967 ], [ 15333495211 ],,, [ 147690919569626809 ],, 
  [ 10111512001 ],,, [ 42496908689 ], [ 3577013954784649, 184958562165785857 ], 
  [ 16191967511 ],,, [ 2636705143649, 3117650322473, 1197766413405776219794973 ], 
  [ 1452578093 ],,, [ 1310502925705217, 89099214102464513 ],,,,,, 
  [ 38083012423, 17763656907137, 2914874812727230697 ],, [ 756068480441, 5392625149081 ],,,, 
  [ 16021260701 ], [ 2622593805042751 ],,,,,,,,,,, [ 10793068065649 ],,,,, [ 332349116291 ], 
  [ 500268143069 ],,, [ 25679755811 ], [ 2365297296727, 113024215641247 ],, 
  [ 313317453809233 ],, [ 7563601651, 105921598201, 8558840339815151 ],, [ 8062761161449777 ]
   ,, [ 8356367464584069013 ], [ 425690097121 ],,, [ 700339568759922547 ],,,,,, 
  [ 539788843189 ],, [ 68857689977204801 ],,,,,,,,,,,,,, [ 8021524577621 ],, 
  [ 23922246108301, 12592928599366627610269 ],,,, [ 686296545107034581 ],,, [ 66854973923 ], 
  [ 11785408121 ],, [ 7546769233 ],, [ 7142322636703 ],,,, [ 609131259907 ],,, 
  [ 146319385477 ], [ 8000332618740698709103 ],,,, [ 1095671422823110441543 ],,,, 
  [ 1330356931, 21052663713960491 ],,,, [ 2661111613 ], [ 6441842101 ],,,, [ 6693627067 ],,,,
  , [ 1067338273, 19669843131121, 419484453257377 ],,,,,, [ 1058260771, 241040039311 ],, 
  [ 293715072017, 105148440350729 ],,,,,,,, [ 5546668801 ],, [ 45150051487 ],, 
  [ 7832569907009 ],,,, [ 3916914925753 ],, [ 136849665551 ],,,,,,,,,, 
  [ 2966743561, 3590433079263680761 ],, [ 5912936999, 651246518341 ], [ 48191038117 ],,, 
  [ 593053423597 ], [ 57530895073 ], [ 70444306454113 ],,, [ 43236127903 ], [ 144333645121 ],
  , [ 546430252611589 ],,,,,,,,,, [ 110743681429 ],, [ 571518992591 ],, [ 11846339009 ],,,, 
  [ 390903840369853 ],,,,, [ 9893834149 ],,, [ 2589044501, 130759091251601 ],, 
  [ 2553457609, 168521168791 ], [ 1351007123, 2967260363 ], [ 31766689153 ],,,,,,,,,,,, 
  [ 1476827023696421 ],, [ 10135940663, 52822003501, 18240247105841 ],,, [ 570025391713 ], 
  [ 742001329907 ], [ 236402588083 ],,, [ 7492821667 ],,, [ 6779895373, 72157411441 ], 
  [ 34793896561 ],, [ 2460065341 ],,,, [ 3941699521, 446527216769 ],,,, [ 4117641192824221 ],
  ,, [ 3079044011 ],,,, [ 1494986041 ], [ 1570160461, 1744755629, 6363080417, 23857230917521 
     ], [ 62279550733 ], [ 235277481001 ],, [ 27265058221969, 24520299602689361 ],, 
  [ 31356443431 ],,,,,, [ 13336682921, 76143742601 ],,,,,,,, [ 317402871553 ],,,,,,,,,,,, 
  [ 9564369361, 624867130681 ],, [ 5415959179 ],,, [ 5580621521, 307465945741 ], 
  [ 13660146307 ], [ 172207546661 ], [ 262756916833 ],, [ 5140463505701 ],, [ 13082271049 ], 
  [ 1319586893 ],,, [ 3973725929, 7310702801, 1258487428969 ],,,,,, 
  [ 221607558103, 519279369064111 ],, [ 223032500058553 ],,,,,, [ 10836598101751 ],,,, 
  [ 456906779561 ],,,, [ 11454674038729 ],,,,,,,, [ 279536797499 ], [ 1032253459147 ], 
  [ 7244791531484869 ],,, [ 1044620822209 ],,, [ 121693908139 ], [ 2824501061 ],,,,,,,,,,, 
  [ 1511408454283549 ],, [ 6060496577 ], [ 1533760951 ], [ 47556609982001 ],, 
  [ 5307502730749, 17655196492573, 732481895416153 ],, [ 46127541446197 ],, 
  [ 41844037177, 50697599809, 79755387793 ],,,, [ 2537886661 ],, [ 5157617302433 ],,,,,, 
  [ 23692125101 ],, [ 138806095922041 ],, [ 2278095641, 3998576929 ],,,, [ 40250665249 ], 
  [ 206130065969 ],,,,, [ 23387510332369 ],,, [ 45783652131871 ],, [ 124926020221 ], 
  [ 14178782597761 ],,,,, [ 6286755721 ],,,,,,,,, [ 16869947249 ],, [ 6426778273 ],,,, 
  [ 6058181050023601 ], [ 231256961083 ],,, [ 7602928129 ],, [ 30524885237201 ],, 
  [ 709077459261077 ], [ 932842422121 ],,,,,,,, [ 92989382351 ],,,, [ 2243904743 ], 
  [ 965268768511 ],,,, [ 2290564951, 1679372477693, 3286334608493 ],,,,,, 
  [ 4379533321, 152340850901, 62660406395761 ], [ 3049523167 ],,,,, [ 1449602296847 ], 
  [ 2655800893 ],,, [ 8844943439989201 ],,,,,, [ 1724143133 ],, [ 16468900403 ], 
  [ 1088915731 ],,,,, [ 1360097979281 ],, [ 4205097180187 ],, [ 2486628409 ],, 
  [ 1045438841 ],,,,,, [ 1054234552529 ],,,,,,,,,, [ 24052672327 ],, [ 4052376917161 ],, 
  [ 14823404641 ],,,,,, [ 116619506041117 ],, [ 165184387457413 ],,,,,,,,, [ 1546862771 ], 
  [ 84774421873 ],,,, [ 5943413257 ],, [ 7044894793 ],,, [ 698137476108211 ],,,,,,,,,,,,,,,, 
  [ 4286536801 ],,, [ 1805971777 ],,,,,,, [ 8521189013 ],,,,,, [ 1893035891 ],,, 
  [ 271058736593 ],,,,, [ 16954309597 ],,,, [ 283715045597 ], [ 122391274303 ],, 
  [ 1855011649 ],, [ 1395879031 ],,,,,, [ 2103643489 ],,,,,,, [ 126419290082203 ], 
  [ 108051712649204761 ],,,,,,,, [ 1598984641 ],,,,, [ 329592899609 ], [ 1246144769 ], 
  [ 878134413421 ],,,, [ 4261557133 ],,,,,,,,,,, [ 8185262101 ],,, [ 165838462483 ],,, 
  [ 7760893897 ],,,,,, [ 2459542933, 7517005195129 ],,,,,, [ 1085831977 ],,,,,, 
  [ 279397333153 ], [ 2552095171, 2224198007971 ],,,,,,,, [ 7362671077 ],,, 
  [ 20872811236021 ], [ 3272065253 ],,,,,,,,, [ 6518287493 ],,,,,,,,, [ 6842906340421 ], 
  [ 69522164669 ],, [ 80042723473 ],, [ 546734597281471 ],,,,,,,,,,,,,,, [ 48779418211 ],, 
  [ 284299103567 ],,, [ 12278900761 ], [ 3589683529 ],,,, 
  [ 1089309421, 5551917421, 95938469411 ],,,, [ 1089986921 ],,,,,,,,,,,,,,,,,,,,, 
  [ 165964118861 ],,,,,,,,,,,,,,,,,,, [ 1020499873 ], [ 1617150961 ],,, [ 73801877029 ],,, 
  [ 5879010523 ],,,,, [ 100556841169 ],,,,,,,,, [ 38343948535621 ],,,,, [ 4098584821 ],, 
  [ 14424275531 ],,, [ 2633582491 ],,, [ 6564293243 ], [ 7179810457 ], [ 365105580451 ],, 
  [ 6488327179 ],,,, [ 36844334647 ],,,, [ 1291630601 ],,,,, [ 1107085741 ],,,,,,,,,,,,,,,,,,
  ,,,,,,,,, [ 2596584031 ],,, [ 6457922155081, 24762177999241 ],,,,,,,,,,,,,,,,, 
  [ 2196736459 ], [ 4145189563 ],, [ 7267487321 ], [ 14554717831, 154822918213 ], 
  [ 445852795543 ],,, [ 281180779991 ],,,,, [ 2349541351 ],,,,,,,,,, [ 6556341041 ], 
  [ 77647916267 ],,,,,,,, [ 9558212887 ],, [ 10270398799951 ],,,,,,,,,,,, 
  [ 1536098101, 4797508063 ],, [ 48232256565071 ],,, [ 4391444621 ],,,,,,,,,,,,,,, 
  [ 15689880883 ],,,,,,,,, [ 3059144597 ], [ 25838556031 ],,,,,,,,, [ 1023363631 ],,,, 
  [ 1593680392459 ], [ 7805084953 ],,,,,,, [ 130753492339 ],,,,, [ 18814119161 ],,,, 
  [ 6786059593, 10356751549 ],, [ 2009562410351 ],,,,,,,,,,,,, [ 117245677987 ],,,,, 
  [ 1129986089 ],, [ 13982085991 ],,,, [ 136576070723 ],,,,,,,,, [ 10782067643 ],,, 
  [ 1553592697 ],,, [ 916544711321 ], [ 8466552271 ],, [ 141887841847, 17737699642903 ], 
  [ 2204507713 ],,,,,,,,,,,,,, [ 1091387747 ],,,,,,,,,,,,,,,,,, [ 4540461389521 ], 
  [ 3528470557 ],,,,,, [ 9605480503 ], [ 6145924657 ],,,,,,,,,,, [ 35003727019 ],,,,, 
  [ 46066282201 ],,,,,, [ 10140515401 ],,,, [ 4456247293 ],,,,,, [ 1219871641 ],, 
  [ 2571080117 ],,,,,,,,,,, [ 3870718853 ],,,,, [ 9371625229 ],,,,,,,,,,,,,, 
  [ 133299901649 ], [ 1474487173 ],,,,, [ 4110297299, 328187877319 ],,,,,,,,,,,,,,,,,,,,,, 
  [ 1926857161 ], [ 2155777627 ],, [ 5187280039 ],,,,, [ 45403401077 ], [ 73839347839 ],,, 
  [ 1835674244641 ],,,, [ 38060550221 ],,,,,,,, [ 1422623893, 401375420653 ],,,,,, 
  [ 360245902501 ],,,,,,, [ 96039550987 ],,,,,, [ 1336619621 ],,,, [ 37062751069 ],,,,,, 
  [ 14125758011 ],,, [ 2271871633 ],,,, [ 2978268721 ],, [ 9773471251 ],,,,,,,,,, 
  [ 69324448033 ],,, [ 5066724511 ], [ 9133753729 ],,,,,,,,,,, [ 3959717659 ],,,,, 
  [ 10059337073 ], [ 21139762993 ],,,, [ 950391848281, 4880930298763 ], [ 1936553653 ],,,,,,
  , [ 1200951901 ], [ 3010846483 ], [ 2003525920573 ],,,, [ 1235726281 ],,,,,,,,,,,,,,,,,,,,,
  ,,,,,,,,,,, [ 1336004927 ],,, [ 294203294513 ],, [ 64434938569 ],, [ 10112241871 ],,,,,,,, 
  [ 29086963417 ],, [ 6423343601 ],,,,,,, [ 504345167257 ],, [ 4211277377 ],,, 
  [ 2933658113 ],,,,,,,, [ 2380015801 ],,,,,,, [ 8379781801, 14470990873 ],,,,,,,,,,,, 
  [ 1741896229 ],,,,,,,,,,, [ 3133737751 ],,,,,,,,,,, [ 2657413543 ],, [ 20716433173 ],,,,,,,
  , [ 24613098691 ], [ 19106945101 ],, [ 3440768793193 ],, [ 16864803841 ],,,,,,,,,,,,,, 
  [ 3494109961 ],,,, [ 78025253077 ],, [ 1581379829 ],,,,,,,,,,,, [ 1656013889 ],,,,,,,,,,,, 
  [ 114144018101 ],, [ 25968593719 ],,,,,,,,,,,, [ 135568375009 ],,, [ 27755004619 ],,,,,,,,,
  ,,,,,, [ 69260065141 ],, [ 1697235853 ],,,,,,, [ 1253299819 ],,,,,,,,, [ 427725725701 ],,,,
  ,, [ 2773201153 ],,, [ 2230055077 ],,,,,,,,,,, [ 2920985981 ],,,,,,,,,, [ 153734474521 ],, 
  [ 1025572027 ],,,, [ 143885036677 ],,,, [ 41663718581 ],,,,, [ 3647369949931 ],,,,,, 
  [ 454629032917 ],,, [ 80261087773 ],,,, [ 1776937433 ], [ 170658217633 ],,,,,,,,,,,,, 
  [ 3203288797, 53370942517471 ],,,,,,,,, [ 2020572269197 ],,,, [ 4757854421 ],,,,,,,,, 
  [ 2190027449 ], [ 1275887771, 1436252581 ],,,,,,,,,, [ 2501070631 ],,,,,, [ 13242131101 ],,
  ,, [ 2237076451, 3769210365551 ],,,,,,,,,, [ 9264858401 ],,,,,,,,,,,,,,,,,,,,,,,,,,,,, 
  [ 49618688809 ],,,,, [ 1980810763 ],,,,,, [ 2896623257761 ],,,,,, [ 212188937773 ],,,,,,,,
  , [ 2392011301 ],,,,,,,,,,,,,, [ 141204596833 ],,,, [ 1366491013 ],,,, 
  [ 8968384681, 410070697297 ],,,,,, [ 103702131079 ],,,,,,,,,,, [ 30330970651 ],,,,,, 
  [ 6271455901 ],,, [ 372411365239 ],,,,,,,,,,,,,,,,,,,,,,,,,,, [ 5801866561 ], 
  [ 1272502423 ],,,,, [ 1192374613, 1587360919 ],,,,,,,,,,,,,,,,,,,,,, [ 10432915417 ],, 
  [ 39564814831 ],,,,,,,,,,,,, [ 9628294153, 4367909241001 ],, [ 2877930001 ],,,,,,,,,,, 
  [ 17626756001 ],,, [ 7511788993 ],, [ 5539758181 ],, [ 1729520680609 ],,,, [ 3423342817 ],,
  ,,, [ 1510661989, 2048065867 ],,,,,,,,, [ 72960424057 ],,,,,, [ 2122463053, 91451645749 ],
  , [ 5658965371 ],,,,,,,,,,,,, [ 188087158459 ],,, [ 1342876921 ],,,,,,,,,,,,,,,,,,,,,,,,,,,
  , [ 1520024983 ],, [ 2757706381 ],,,,,,,,,,,,,,,,,,,,,, [ 111496842403 ],, [ 1407967669 ],,
  ,,,,,,, [ 413379945931 ],,,,,,, [ 2863332781 ],,,,,,,,,,,,,,,,,,,,,,,,,, 
  [ 7221532009, 23570463211 ],,,, [ 66755725111 ],,,,,,,,,,,,,,,,, [ 7098198361 ],,,,, 
  [ 35469817729 ],,,,,,,,,,,,,, [ 5656233133 ],,,,,,,,,,,,,,,,, [ 15973171232749 ],,,,,,,,,,,
  , [ 1005465091951 ],,, [ 13689193099 ],,,,,, [ 49701814489 ],,,, [ 6631326113 ],,,,,,,,,,, 
  [ 5028757693 ],,,,,,,,,,,,, [ 1284737281 ],,,,,,,,,,,,,,,, [ 2552076673 ], [ 14614848217 ],
  ,,,,,, [ 2435543969, 20466047489 ],,,,,,,,,, [ 12124133473 ],,,, [ 22981102351 ],, 
  [ 2631502457 ], [ 1720517761 ], [ 2324507777 ],,,,,,,,,,,,,,,,,,,,,,,,,,,,, 
  [ 166508657407 ],,,,,, [ 1072762507, 84554019178477 ], 
  [ 3592990451, 31727639861, 817958881601 ],, [ 37802153089 ],,,,,,,,,,,,,,,,,,,,,,,,,,,,,,,,
  ,, [ 6520455163 ],,,,,, [ 101118900121 ],, [ 40669268179 ],,,,,,,,,, [ 1726241161 ],,,,,,,,
  ,, [ 1737706501, 14872479893 ],,,,,, [ 57109593521 ],,,,,,,,,,,,,,,,,,, [ 6213506503 ],,,,,
  , [ 1920736231 ],,,,,,,,,,,,, [ 128320754329 ],,,,,, [ 11409195409 ],,,,,,,, 
  [ 2077050289 ],,,,,,,,,,,,,, [ 5161675549 ],,,, [ 106741102651 ],,,,,,,,,,,,,, 
  [ 165652033849 ],,,,,,, [ 38561235698125729 ],,,,,,,,,,,,,,,,, [ 8180491841 ],,,,,,,,,,,, 
  [ 23796552581 ],,,, [ 2588435137 ],,,,,,,, [ 1711415033 ], [ 689590945891 ],,,,,,,,,,, 
  [ 3134695349 ],,,,,,,,,,,,,,,, [ 9563590081 ],,,,,,,,,,,,,,,,,,,,,,,,,,,,,,,,,,,,,,,,,, 
  [ 378708225661 ],,,, [ 533229253619 ],,,, [ 2123239859231 ], [ 4607627707 ],,,,,,, 
  [ 156209902477 ],,,,,,,, [ 5252216971 ],,,,,,,,,,,,,,,,,,,,,,,,,,,,,,,,,,,,,,, 
  [ 28742571001 ],,,,,,,,,,, [ 3959659889 ],, [ 21879142039 ],,,,,,,,,,,, [ 9969286051 ],, 
  [ 1206920095993 ],,,,,,,,,, [ 2585635724083 ],,,,,,,,,,,,,,,, [ 2148287509 ],,,,,,,, 
  [ 1257204539 ],,,,,,,,,,,,,,,,,,,,,,,,,,,,,,,,,, [ 4344034441 ],,,,,,,,,,,,,,,, 
  [ 1911080029 ],,,, [ 3289688107841 ],,,,,,,,,,,,,,,,,,,,,,,,,,,,,,,,,,,,,,,,,,,,,,,,,,,,,,,
  ,,,,,,,,,,,,,,,,,,,,,,,,,,,,,,, [ 1314486127 ],,,,,,,,,,,,,,,,,, [ 161120203297 ],,,,,,,,,,
  ,,,,,, [ 2139086161 ],,,,,,,, [ 5025664513 ],,,,,,,,,,,, [ 155741104201 ],,,,,,,,,,,, 
  [ 58477902841 ],,,,,, [ 244706217367 ],,,,,,,,,,,,,,, [ 2589241033 ],,,,,,,,,,,,,,,,,,,,,,,
  ,,,,,,,,,,,,,,,,,,,,,,,, [ 45312780761 ],,,,,,,,,,,,,, [ 19447687687, 405699716963 ],, 
  [ 9593592373 ],,,,,,,,,, [ 9333721987 ],,,,,,,,,,,,,,,, [ 251173276927 ],, [ 1542703681 ],,
  ,,,,,,,,, [ 231406850221 ],,,,, [ 87874978441 ],,,, [ 11173466449 ],,,,,,,,,,,,,,,,,,,,,,,,
  ,,,,,, [ 1734078373 ],,,,,,,,,,,,,,,, [ 1189111241 ],,,,,,,,,,,,,,,, 
  [ 7857270563, 8755644083 ],,,,,, [ 2675623169 ],,,,,,,,,,,,,,,,,, [ 34386876481 ],,,,,,,,,,
  ,,,,,,,,,,,,,, [ 85596103777 ],, [ 23596510097 ],, [ 17436263941 ],, [ 90493475921 ],, 
  [ 6442683971 ],,,,,,,,,,,,,,,,,,,,,,,,,,,,,,,, [ 13696304059, 16896177667 ],,,,,, 
  [ 5248121881 ],,,,,,,,,,,, [ 2212471837 ],,,,,,,,,,,,,,,,,,,,,,,,,,,,,,,,,,,, 
  [ 2699604433 ],,,,,, [ 5720005177 ],,,, [ 24907962251 ],,,,,,,,,, [ 7905784877 ],, 
  [ 36859536401 ],,,,,, [ 1402941569 ],,,,,,,, [ 2099527453 ],,,,,,,,,,,,,,,,,,,,,,,,,,,,,,,,
  ,,,,,,,,,,,,,,,,,,,,,,,,,,,,,,,,,, [ 1390253701 ],,,,,, [ 31604988277 ],,,, 
  [ 36616489001 ],,,,,,,, [ 1614420656257 ],, [ 662392666951 ],,,,,,,,,,,,,,,,,,,,,,,, 
  [ 13373991929 ],,,,,,,,,, [ 11758296481 ],,,,,,,,,,,,,,,,,, [ 29035041439 ],,,,,,,, 
  [ 1030144571 ],,,,,,,,,,,,,,,,,,,,,,,,,,,,,,,,,,,,,,,,,,,,,,,,,,,,,,,,,, [ 4261253809 ],, 
  [ 20449113361 ],,,,,,,,,, [ 1359129241 ],,,,,,,,,,,,,,,, [ 1174922737 ],,,,,,,, 
  [ 242985482167273 ],,,,,,,,,,,,,,,,,,,,,,,,,, [ 7507014481 ],,,,,,,,,,,,,,,,,,,,,,,,,,,,,,,
  ,,,,,,,,,,,,,,, [ 231738132961 ],,,,,,,,,,,,,,,,,,,,,,,,,,,,,,,,,,,,,,,,,,,,,,,, 
  [ 98381756612233 ],,,,,, [ 4136816251 ],,,,,,,,,, [ 7254087661 ],,,,,,,,,, 
  [ 24065115066301 ],,,,,,,,,,,, [ 1083848683, 50746150230973 ],,,, [ 4727682199 ],,,,,,,,,, 
  [ 9432117689 ],, [ 25433000893 ],,,,,,,,,,,, [ 8724845221 ],,,,,,,,,,,,,,,,,,,,,,,,,,,,,,,,
  ,,,,,,,, [ 2036246161, 2099396261 ],,,,,,,,,,,,,,,,,,,,,,,,,, [ 21133025983057 ],,,,,,,,,,,
  ,,,,,,,,,,,,,,,,,,,,,,,,,,,,,,,,, [ 1393241501 ],,,,,,,,,,,,,,,,,,,,,,,,,,,,,,,,,, 
  [ 21913209553 ],,,,,,,,,,,, [ 4038315943 ],,,, [ 11245338001 ],,,,,,,, [ 1071533152999 ],,,
  ,,, [ 4271960029 ],,,,,,,,,,,,,,,,,,,,,,,,,,,,,,,,,,,,,,,,,,,,,, [ 1611600631 ],,,,,,,,,,,,
  ,,,,,,,,,,,,,,,,,, [ 22196315201 ],,,,,,,,,,,,,,,,,,,,,,,,,,,,,,,, [ 285187796497 ],,,,,,,,
  ,,,,,,,,,,,,,,,,,,,,,,,,,,,,,,,,,, [ 9470856379 ],,,,,,,,,,,,,,,,,,,,,,,,,,,,,,,,,,,,,,,,,,
  ,,,,,,,,,,,,,,,,,,,,,,,,,,,,,,,,,,,,,,,,,,,, [ 1105918001 ],,,,,,,,,,,,,,,,,,,,,,,,,,,,,,,,
  ,,,,,,,,,,,,,,,,,,,,,,,,,,,,,,,,,, [ 31631976839 ],,,,,,,,,,,,,,,,,,,,,,,,,,,, 
  [ 1517160919 ],,,,,,,,,,,,,,,, [ 82154858445661 ],,,,,,,, [ 1474901101 ],,,,,,,,,,,,,,,,,,,
  ,,, [ 441501507121, 12842306816681 ],,,,,,,,,,,,,,,,,,,,,,,,,,,,,,,, [ 48280713193 ],,,,,,,
  ,,,,, [ 26057280433 ],,,,,,,,,,,,,,,,,,,,,,,,,,,,,,,,,,,, [ 1096150441 ],,,,,, 
  [ 10310521321 ],,,,,,,,,,,,,,,,,, [ 531356678415397 ],,,,,, [ 77769701551 ],,,,,,,,,,,, 
  [ 886793173813, 2951998493221 ],,,,,,,,,,,,,,,,,,,,,,,,,,,,,,,,,,,,,,,,,,,,,,,, 
  [ 9349990561 ],,,,,, [ 1431777601 ],,,,,,,,,,,,,, [ 5524649461 ],,,,,,,,,,,,,,,,,,,,,,,,,,,
  ,,,,,,,,,,,,,,,,,,, [ 1385149849, 25459790953 ],,,,,,,,,,,,,,,,,,,,,,,,,,,,,,,,,,,,,,,,,,,,
  ,,,,,,,,,,,,,,,,,,,,,,,,,,,, [ 474321411601 ],,,,,, [ 27025683757 ],,,,,,,,,,,,,,,,,,,,,,,
  , [ 6893765209 ],,,,,,,,,,,, [ 4658160211 ],,,,,,,,,,,,,,,,,, [ 2116424982073 ],,,,,,,,,,,,
  ,,,,,,,,,,,,,,,,,,,,,,,,,,,,,,,,,,,,,,,,,,,,,,,,,,,,,,,,,,,,,,,,,,,,,,,, [ 11126718721 ],,,
  ,,,,,,,,,,,,,,,,,,,,,,,,,,,,,,,,,,,,,,,,,,,,,,,,,,, [ 39766224133 ],,,,,,,,,,,,,,,,,,,,,,,,
  ,,,,,, [ 11735925193 ],,,,,,,,,,,,,,,,,,,,,,,, [ 1855503450601 ],,,,,,,,,, [ 1069379921 ],,
  ,,,,,,,,,,,,,,,,,, [ 5504934935161 ],,,,,,,,,,,,,,,,,,,,,,,, [ 10087872661 ],,,,,,,,,,,,,,,
  ,,,,,,,,,,, [ 10374514361 ],,,,,,,,,,,,,,,,,,,,,, [ 9555085621 ],,,,,,,,,,,,,,,,,,,,,,,,,,,
  ,,, [ 12976118641 ],,,,,,,,,,,,,,,,,,,,,,,, [ 1272020329 ],,,,,,,,,,,,,,,,,,,,,,,,,,,,,,,,,
  ,,,,,,,,,,,,,,,,,,,,,,,,,,,,,,,,,,,,,,,,,,,,,,,,,,,,,,,,,,,,,,,,,,,,,,,,,,,,,,,,,,,,,,,,,,,
  ,,,,,,,,,, [ 1152576041 ],,,,,,,,,,,,,,,,,,,,,,,,,,,,,,,,,,,,,,,,,,,,,,,,,,,,,,,,,,,,,,,,,,
  ,,,,,,,,,,,,,,,,,,,,,,,,,,,,,,,,,,,,,,,,,,,,,,,,,,,,,,,,,,,,,,,,,,,,,,,,,,,,,,,,,,,,,,,,,,,
  ,,, [ 2887759351 ],,,,,,,,,,,,,,,,,,,,,,,,,,,,,,,,,,,, [ 1472497531 ],,,,,,,,,,,,,,,,,,,,,,
  ,,,,,,,,,,,,,,,,,,,,,,,,,,,,,,,,,,,,,,,,,,,,,,,,,,,,,,,,,,,,,,,,,,,, [ 8400428917 ],,,,,,,,
  ,,,,,,,,,,,,,,,, [ 2707864801 ],,,,,,,,,,,,,,,,,,,,,,,,,,,,,,,,,,,,,,,,,, [ 26702246539 ],,
  ,,,,,,,,,, [ 17299705963 ],,,,,,,,,,,,,,,,,,,,,,,,,,,,,,,,,,,,,,,,,,,,,,,,,,,,,,,,,,,,,,,,,
  ,,,,,,,,,,,,,,,,,,,,,,,,,,,,,,, [ 44592724801 ],,,,,,,,,,,,,,,,,,,,,,,,,,,,,,,,,,,,,,,,,,,,
  ,,,,,,,,,,,,,,,, [ 3900949245541 ],,,,,,,,,,,,,,,,,, [ 16184637457 ],,,,,,,,,,,,,,,,,,,,,,,
  ,,,,,,,,,,,,, [ 8058789397 ],,,,,,,,,,,,,,,,,,,,,,,,,,,,,,,,,,,,,,,,,,,,,,,,,,,,,,,,,,,,,,,
  ,,,,,,,,,,,,,,,,,,,,,,,,,,,,,,,,,,,,,,,,,,,,,,,,,,,,,,,,,,,,,,,,,,,,,,,,,,,,,,,,,,,,,,,,,,,
  ,,,,,,,,,,,,,, [ 2424181957 ],,,,,,,,,,,,,,,,,,,,,,,,,,,,,,,,,,,,,,,,,,,,,,,,,,,,,,,,,,,,,,
  ,,,,,,,,,,,,,,,, [ 1000375111 ],,,,,,,,,,,,,,,,,,,,,,,,,,,,,,,,,,,,,,,,,,,,,,,,,,,,,,,,,,,,
  ,,,,,,,,,,,,,,,,,,,,,,,,,,,,,,,,,,,,,,,,,,,,,,,,,,,,,,,,,,,,,,,,,,,,,,,,,,,,,,,,,,,,,,,,,,,
  ,,,,,,,,,,,,,,,,,,,,,,,,,,,,,,,,,,,,,,,,,,,,,,,,,,,,,,,,,,,,,,,,,,,,,,,,,,,,,,,,,,,,,,,,,,,
  ,,,,,,,,,,,,,,,,,,,,,,,,,,,,,,,,,,,,,,,,,,,,,,,,,,,,,,,,,,,,,,,,,,,,,,,,,,,,,,,,,,,,,,,,,,,
  ,,,,,,,,,,,,,,,,,,,,,,,,,,,,,,,,,,,,,,,,,,,,,,,,,,,,,,,,, [ 97557721801 ],,,,,,,,,,,,,,,,,,
  ,,,,,,,,,,,,,,,,,,,,,,,,,,,,,,,,,,,,,,,,,,,,,,,,,,,,,,,,,,,,,,,,,,,,,,,,,,,,,,,,,,,,,,,,,,,
  ,,,,,,,,,,, [ 31242335041 ] ]);
