BRENTFACTORS[3679]:=MakeImmutable([ ,,,,,,,,,, [ 14341964636539 ],,,,,, 
  [ 61246272743, 965702455567 ],, [ 39649191060664298110583 ],, [ 29954841253 ],, 
  [ 2881562423084212860593 ],, [ 1520882401, 3819246451 ],, [ 10569432806753207123733769 ],, 
  [ 791035462519275313012314638447580593 ],,,,, [ 1152646963759 ],,, [ 1183444359413821 ],, 
  [ 181251148419775882423 ],, 
  [ 73709500373, 453352122277, 2338743554767, 18891830260404682098671, 
      3671316037683512465913625943 ],, 
  [ 3918677515174489, 463175680942739354176453479535646443 ],, [ 331327825484817151 ], 
  [ 12112488989, 3683809392055927 ], [ 47865804042531077733043 ], 
  [ 88383946618753, 1495573284750049 ], [ 2433352153, 209573364659 ],, [ 9083344189 ], 
  [ 36965929460357, 32785579082115569361002261 ], [ 2066605760396119671770475899407 ], 
  [ 3309679819, 129071131831 ],, [ 5028421553 ], [ 3186369345471875047 ], 
  [ 3069098535522484783, 3471747605449943268029104339 ], [ 266187399691707955217 ], 
  [ 2111813581, 3816819121 ],, [ 437393362266790879, 373817343163691918905189183 ], 
  [ 191915050166407 ], [ 31388059880167185111937, 5778439097570104769996994837006401 ], 
  [ 1433229461 ], [ 249519817947495547 ],, [ 129920009302474961, 135041582075351561 ], 
  [ 1735813129, 68148248075330943920947 ], 
  [ 1570473871, 4535780222450051, 897202811876800051211401 ], 
  [ 1164542116686746159, 47089700909939673413, 70986737046190385657140904022619 ], 
  [ 8293904305417 ], [ 10049198948845061 ], 
  [ 3710339585200168253, 29175507538151545347392352887 ], 
  [ 178241446345305751, 634224578148826801, 37151878007003548166101, 
      3454686818105444239122002851 ], 
  [ 1542181619459669, 7621045560311017851015707409440993475538532284956269 ], 
  [ 250844261321576989901297 ],, [ 519936178507, 244770390061903327 ], 
  [ 7774857613942067888344459473886315980481 ], [ 186073927620409, 29413160923539691 ], 
  [ 7344827651347163313560097690095801487076401579739 ], [ 1489927616122938731 ], 
  [ 1992207834457, 1508630587719317581 ],, [ 2338095906186499 ], 
  [ 486917228274099592183408603 ],, [ 2654227777 ],,, 
  [ 1176453037, 26557968901, 30828202756157, 517621841822329, 
      527087409028727157915753594908937899908213 ], 
  [ 9421886317351762110949, 46614275255390788543148254807 ],, 
  [ 3998140605101, 16970558851811 ], [ 439306089121, 87296151907502569583731681 ], 
  [ 97661065283 ],,,,, [ 2018318400499, 9075769640362387 ], 
  [ 3181734179713, 85753826502273511, 107885087938265794309 ], 
  [ 24433351489, 48108850819689075988507501697 ], 
  [ 3369098178601, 42997506324909571, 
      37677405093517887939267174541324841190117297712617879031 ], [ 61214960163694801 ], 
  [ 57332120257 ], [ 265563463681, 12422042314163581423133402896264021 ], [ 12387483107 ],, 
  [ 4090272251003289622801 ], [ 428095033717821206409523649, 8221126700261944572332334835073 
     ],, [ 52853697563353120750591999639 ], [ 78167759492448761 ], 
  [ 591084355409, 50889195478973005877 ], [ 2180956667760689951809 ], 
  [ 490967226037073, 8978386628199959 ], [ 13199425962399643 ], 
  [ 110009666692668509328879841, 2228248012106319076788894029138853387481 ], 
  [ 2444626457202491 ],, [ 352777193227, 48313243785487, 14589227260774483 ],,, 
  [ 223272587413, 269897070241, 22636944034472478313 ], [ 38879991329 ], [ 186742307624833 ],
  [ 12432112873 ], [ 10944766644249751 ],, 
  [ 122353364736769, 286656767445177808971601, 56519848187886558123411650053 ], 
  [ 132819343441 ], [ 9746118017 ], [ 10794607561 ],, [ 6024086023988933 ],, 
  [ 514371058469, 184684602309019 ],, [ 5137056968587, 39510158534839 ], 
  [ 1259924130127465398685927 ],, [ 39154912561, 20351975483737190017 ],,, 
  [ 104849002441, 2651710818190981, 2218484595125674731344161 ], 
  [ 7980609773, 24467846151157169, 79176191304374091821 ], 
  [ 9163247047751980294444791450191 ], [ 86791364414401, 169965596300353924062767390251 ],, 
  [ 2362875569 ], [ 145412705012959 ], [ 539735797759159 ], 
  [ 692021519123021, 4832020980666628094767541 ],,, [ 532702076852999 ], 
  [ 757296950737, 2804454119768605021 ], 
  [ 241440508720975665601, 282330724324863987472481, 3995852832342233802391681 ], 
  [ 232651367551 ], [ 22507903987661573611211899 ], [ 211391349047, 526345505696231471167 ], 
  [ 2690989080964071403553 ], [ 3851022687567412171 ],,,,, [ 10273615271, 2463160968391 ],,, 
  [ 320648707622999947 ], [ 6213130753 ], [ 29267094851, 78986954061401 ], 
  [ 2718157312606913, 696806542214131444657, 13850777253997978769201 ], 
  [ 1891552959823, 273812223806041859077 ], [ 1245548237 ], [ 750561821917 ], 
  [ 6402927961, 28966563530231401, 651243636615016981, 1589399005638568990640519831761, 
      159851307227366697624660796387821422788501 ],, [ 408823799203, 1190030955569 ], 
  [ 6769923229, 321760771141, 4926200498568224023 ], [ 303652368241 ], 
  [ 25400819681, 635434394351 ], 
  [ 51424864983933751080725382451, 71108209244174940805574712481 ],,,, [ 1868978424311 ],, 
  [ 63308816257 ],,,, [ 12139263137, 1343859580792312664018233 ], 
  [ 3224018867, 4106777837, 122835567889364633 ], 
  [ 867576376541359, 2748541446581041, 15586169265518474117253553939, 
      2871075323158215458213940459823 ], [ 2009474539, 2590980324769, 3026400697973960539 ], 
  [ 90284534773611401, 728074644489908630351302001 ],, 
  [ 1650663641581985115840071, 13103980798841038235635859 ],, 
  [ 13128187441, 19113989311540904856125881, 13067630656969058162263302153589 ],, 
  [ 165157207799637247, 87010318659984412883 ], [ 2266698681636320061253 ],,, 
  [ 201790526491, 10599546279826771 ], [ 25900150831, 1698336590404232507 ], 
  [ 740684925356429 ],, [ 2542475395459 ], [ 156748724311, 24856866998413875721 ], 
  [ 1466444616128852977 ],,, [ 15266051722948585008301 ],, [ 889813087894383843529 ],,,,,,, 
  [ 5943202508077, 37292591246631913 ],,, 
  [ 75046254823, 399317523903658298863, 2410519443065663816483059 ],, 
  [ 398967831172362882691 ],, [ 6348613361 ], [ 421096831145228908105949 ],, 
  [ 8955654222929 ],,, [ 2849747399, 14824367419, 2439804022223, 3548557347869 ],, 
  [ 54729469909, 184636793893843, 188539962671081744299 ], [ 2165829988529 ],,, 
  [ 101564863661, 1666878798521, 187609440762366159161 ], [ 4626070392457 ], 
  [ 1812293051911145257 ], [ 75175462321839251 ], [ 32829408927881 ],, 
  [ 48181447513, 392441304240320189009 ], [ 4065405637, 96329574178920918236353 ], 
  [ 126381875468071 ],, [ 38039069440203018193 ],, [ 224019816819121 ],, 
  [ 7855856925045573331 ], [ 41557513307 ],, [ 12846110129999371633 ],,, 
  [ 7895806243775269087 ],, [ 44449712908747, 14446833669800219 ], [ 9487072081 ],,,,, 
  [ 3902938167151, 655881721773301 ],,,, [ 125516639909010601, 1943549241893295787 ],,, 
  [ 104342807838361723789 ],, [ 12588352181952397, 67429698334697474953 ],, 
  [ 58656988248431, 4534000344111196531 ], [ 188601368150875961 ],, [ 5734071236239 ], 
  [ 752396667923348291 ], [ 333451678297 ], [ 98449288121732256779249 ], 
  [ 3327248311799, 11739631369450147 ],, [ 1088050861, 53657702221 ],,,, 
  [ 1254074718368911427 ], [ 57799191024301, 518105878774501 ],,, [ 142126504717 ], 
  [ 3279669320897, 39282783428321, 51398531639901709449233 ], [ 894039449621 ],,,,, 
  [ 4732475675461 ],, [ 5995560481 ], [ 37358345369, 786697367193791 ], [ 3104714542021 ], 
  [ 240729116041 ], [ 2983575255653, 3816946579227010589053, 493021552417851917949121 ],, 
  [ 140188192933, 23372374379521, 12468420723845308064601877 ],, 
  [ 344937336641, 69419812267509540818561 ], [ 167861417376560531077 ], 
  [ 5735693739827773, 3597040150931909156707 ], [ 4149711260087 ], [ 2914872481 ],, 
  [ 228178057267 ],, [ 909985753584881, 221138153662057913 ],, 
  [ 1871387123101, 145490343949779511, 26955377418543482926553911 ],, 
  [ 2771702328747397, 351927705071811833 ],, [ 1722369847301 ],, [ 112594657252373521 ], 
  [ 9743515871 ], [ 1732486022021, 8736800887907 ], [ 2650691851 ],, [ 15229274999819 ], 
  [ 1245232017633493, 32574061984098915919 ],,, [ 1768993711, 20328904687554691 ], 
  [ 1599106683829, 19488984183971261, 67784721977071493 ], 
  [ 754227563009, 132285587513971277 ], [ 1244103815821, 2178009441089953 ], 
  [ 1691741903, 1806257427187 ], [ 75503428001, 305491932901 ],,,, [ 75834235648933 ],, 
  [ 8011563336919134341 ],,,, [ 3713907688270243201 ], [ 1722332893337423 ],,, 
  [ 29136107511008730961 ], [ 494478159661 ], [ 57066296982852005143 ], 
  [ 1175433473, 383669182573 ],, [ 6823382486527, 68905379337103 ], [ 11140650407791 ], 
  [ 3819744769, 10630061177 ],, [ 269818673581 ], [ 19533479274541, 164896829680507 ],,, 
  [ 47726155641347 ],,,,, [ 348298008064423 ],, 
  [ 16569616897, 15330414883969, 110880595948417, 15506689345686529 ],, 
  [ 244954917167, 118084651160207269 ],,, [ 32659814489, 312844360573 ], 
  [ 29980550247961, 1770613544500263061 ],, [ 36809535001 ],, 
  [ 230097286296923, 199844008523344933079 ],, 
  [ 100067998503446690113, 116547372426167903881 ], [ 42959177059, 43622009539517 ], 
  [ 7213245153775303 ], [ 1599183095034211 ], [ 813862827601, 43361606947653240401 ], 
  [ 17174704889, 24995152273965719 ], [ 53728172430853, 4144104480198765883 ], 
  [ 230111511319 ], [ 102015522277 ], [ 1369947331 ],,, [ 90548386184249655793 ], 
  [ 9806745149 ],, [ 67098227541703 ],, [ 1468609414765636543 ],, 
  [ 5933941263091, 746694808038031 ],, [ 1252125973393 ], [ 24461174827 ], 
  [ 542582438199181 ], [ 6905868901, 545584053042421, 443826482137771678133581 ], 
  [ 1487093249 ],, [ 1155512938971187 ], [ 1916117029289 ], [ 3544078012320101 ], 
  [ 39884295889380301 ],, [ 706287338305309 ],,, [ 29740640387, 4017760824069211 ], 
  [ 1373114593, 16527708135937 ],, [ 17087827751, 324172205363183339 ],,, [ 849538786909 ],, 
  [ 251928947561, 30549143926753 ], [ 475660138801 ], [ 4432438963 ],, 
  [ 2600322606733, 27172971539309389 ], [ 65743592860849 ],, [ 548471720927707 ], 
  [ 1507920529 ], [ 63765001217 ],, 
  [ 55112720851, 1353351814894801, 242327216457349651, 10624455485308963801 ],, 
  [ 12237296989513 ], [ 211108722511 ], [ 3461111677 ],,, [ 15619009095031 ],,,,, 
  [ 59549800838071699, 180430340289914023, 197942071687560255080719 ], [ 5526569869 ], 
  [ 498037637329 ],, [ 7393365407 ],, [ 13505615301942037 ], [ 270586534331 ], 
  [ 5458772964611 ],, [ 574417371233 ],, 
  [ 3676483295803, 65738253183333043, 163847835788142769 ], 
  [ 1589279701, 117030952201, 2606326664401 ],,, [ 1796610323 ],, 
  [ 488430230401, 6779617055118241 ],, [ 43114569349 ],, 
  [ 3659170681, 110723698770829, 521801763376213, 2685360929455249 ], 
  [ 2504739821, 6623169111211 ],,, 
  [ 26824080953, 146474454649, 15693492924289, 44915759344969, 73156473903841 ],, 
  [ 1514994911643571 ],, [ 7089128230729618272481 ],, [ 1476365089253497 ],,,, 
  [ 33326772043, 1889185658211585229879 ],,,,,, [ 22255042998622393 ], [ 1275729991 ], 
  [ 1394269339, 70326855281, 317399881985759 ],,,,,, [ 13104337921, 3027996659653733377 ],, 
  [ 253852580016967 ],, [ 1978884720529, 5321885471776941493 ],,,,,,,, [ 411686148113 ],, 
  [ 3542897834039, 839586331050937 ],,,,,, [ 1791568434911389, 2790534635140897 ],,, 
  [ 2268281231 ], [ 28597303409, 13202725438535992097 ], [ 7570780065301 ],,,,, 
  [ 7246203961, 1852602781588007 ], [ 171580946319229 ], [ 6311538593, 1585993647457 ],,, 
  [ 1510956221 ], [ 760413049353073, 507202525006036753 ],,,, [ 2659097713 ],, 
  [ 867156902532959 ],, [ 5518851553, 50508129041093, 12651018587596283101 ],,,,, 
  [ 32753051497 ], [ 8876848654533623663, 155364852097098523130543 ], [ 4566344369 ], 
  [ 58484689513 ],,,,,, [ 154594374851456311, 1352985638050890331 ],,,, [ 1113780770159 ],,,,
  ,,,, [ 947067252823 ],, [ 8416441574017, 740746363609201 ],,,,,, [ 33344065351 ],,,, 
  [ 1000822984921, 2782774008433 ], [ 79325937881 ], [ 327059639669783621 ],, 
  [ 4909047082622567 ],, [ 111451262401 ],,,, 
  [ 7409540349641, 15147984570413, 757057409651382757, 197383219570563510097 ],, 
  [ 2121184831 ],, [ 834211843445655137 ],,,, [ 128926639729 ],, [ 26883277147 ], 
  [ 50555613512611 ],,,, [ 2091520531 ], [ 2577631896001 ],,,,,,, [ 8746746504079 ], 
  [ 190503433877 ],,,, [ 57067464473, 2133689572673, 2630821461553 ],, [ 884097959976211 ],,,
  , [ 9947020997 ],,,, [ 26647791229309 ], [ 12426598711 ], [ 26158049317 ], [ 3581379271 ],,
  , [ 137436255577 ],, [ 327896888296048501 ],,,, [ 1154086333 ],, [ 807135956113 ],, 
  [ 173014514737 ],, [ 26057451227281 ],, [ 561514818091, 1028487269099513 ],,,, 
  [ 5109108130981 ],, [ 7397596775561 ],,,, [ 4165362433 ],, [ 61387202185007683 ],, 
  [ 1872257860721 ],, [ 898629314983 ],, [ 525621307481 ],, [ 10986777209 ],, 
  [ 1373295529, 2184120073, 9217139401 ],, [ 52500285209, 161228915053991 ], [ 2016739339 ], 
  [ 513721050550801 ],,,,, [ 12645000523, 3544746777928819 ],,,,,,, [ 243248496401 ],, 
  [ 7125997789 ], [ 32244010307 ],,, [ 11701798211 ],,, [ 2126829841 ], [ 284391124091 ],,,, 
  [ 107014102397077 ],,, [ 5990618173 ],,, [ 38535969601, 169149728370549980881 ],, 
  [ 1278784019, 9415501643, 34399646586863 ],,,,,,,,,,, [ 533176891991 ],,, 
  [ 6643295713, 21203884001 ],,,, [ 19408670863261 ],, [ 434950398529319 ],,,,,, 
  [ 10813697621 ],, [ 158438748751 ],, [ 53613290606849 ],,,, 
  [ 835205576437, 59082709422241 ],, [ 1817882597, 107328171653, 54646808434319 ],,,,,, 
  [ 1535620901 ], [ 6618366901 ],,,,, [ 439039625641 ],,,, [ 135010818505153 ],,,,,, 
  [ 17595969069121 ],, [ 4512138551737 ], [ 1060017571 ],,,,, [ 145911207517 ],,,, 
  [ 99119176993 ],,,,,,,,,,,, [ 1825936261 ],,, [ 2635305307 ],,, 
  [ 6389963641, 30225428641, 1037400520238911 ],,,, [ 1531646431723 ],,,, [ 1087106459 ],,,,,
  , [ 4267182010681 ],, [ 690528835277 ],, [ 1753098733 ],,,, [ 871409548673 ],,,,,, 
  [ 1554805927 ],,,,,,, [ 19905529801 ],,, [ 765619824817 ],,,,,,,,,, [ 1571957000329 ],, 
  [ 14817584499481 ], [ 3151928137 ],,,,,,,,,,, [ 6484933201, 1189005967889 ],,,,,, 
  [ 1739975623, 12842013245329, 5520432252984157 ],,,,, [ 4550694143, 1103375715727 ],, 
  [ 584402027491 ], [ 3648171451, 699005938931 ],, [ 675882475633 ],,,,,, [ 157571248543 ],, 
  [ 175042647809 ],,,, [ 2448914401 ],,, [ 5834900653 ],, [ 8766164851 ], [ 29593222507 ],,,
  , [ 854502083436821, 4733380429107331 ],, [ 2593431601, 46465073738593 ],,,,,,, 
  [ 24764928949 ],,,,,,,,, [ 101218309029889 ],,,, [ 15421966169 ],, [ 1026958775599 ],, 
  [ 2331787537 ],, [ 686120073795451 ],,,,,,,,, [ 7244364389 ], [ 1724752333, 115670814397 ],
  ,,,,, [ 357022618579304803 ],,,, [ 1512212638439 ], [ 2114896127 ],,, 
  [ 2053223415751, 6047576733563 ],, [ 3422854121237 ],,,,,,,,,,,, [ 5615332774529 ], 
  [ 1117228811 ], [ 2649938923, 129881500261, 1716021949261 ], [ 1039257451 ], 
  [ 2099262608045261 ],,,,,,,,,, [ 119103534824671 ],, [ 3278657554273 ],, [ 3466092911 ],,,,
  ,, [ 1218000001 ], [ 9573469907, 141625566083 ],,,,,,, [ 5427804586177 ], [ 1262694889 ],, 
  [ 8112993943 ],,,,,, [ 33032973601, 2043902204123419 ],,,,,,,,, 
  [ 23539805281, 23760157249 ],,,,,, [ 3302409289 ], [ 11018225921 ],,,,,, [ 1745538703 ],,, 
  [ 2229279809 ],, [ 242928382969 ],,,,,,, [ 48372277103 ],,,,,, [ 1407072059, 399052469789 ]
   ,, [ 1702113757 ],, [ 1106598794347 ],,,,,, [ 3427379472187529 ], 
  [ 96651174127537, 293050699350121 ],,,,,, [ 11054316841 ],,,,,, 
  [ 1014531481, 5683823955721 ],,,,,,,,,,,,, [ 1880287901 ],,,,,,,,,,, [ 8354560849 ],,,,,, 
  [ 519953480491 ],, [ 20344167881 ],,,,,, [ 173992714429 ], [ 3484131829 ],,,, 
  [ 36900252721 ],,,,, [ 3843996062777080849 ],,,,,,, [ 6969783031 ],, [ 1160781493 ], 
  [ 438918265875209 ],, [ 2053386595681 ], [ 1469941731091 ],,,,,,,,,,,,, [ 7807131967 ],,, 
  [ 3206914751 ], [ 9256367623 ],,,,,,,,,, [ 3055011457 ],,,,, [ 1492705843 ], 
  [ 1267567801 ],, [ 21860662073713 ],,, [ 10771282693 ],,,,,,,,,,,, [ 5776721593 ],,,,,,,,,,
  ,,, [ 4342614893 ],,,, [ 133744589761 ],,, [ 1441109377, 2902558709 ],,,,,,,,,, 
  [ 7671044833 ],,, [ 1529687881 ],,,, [ 21834559609, 23210903237, 36065011657 ],, 
  [ 7327170271 ],, [ 2861453057 ],,,,,,,,,,,,,,,,, [ 1964463123739 ], [ 26741043751 ], 
  [ 1759769191 ],,,,,,,,,,,,, [ 170898690241 ],,,,,,,,,,,,,,,,,,, [ 1858582027 ],,,,,, 
  [ 1378832989 ], [ 1992893911 ],,,,,,,,,,, [ 13002040483 ], [ 8521845193 ],,, 
  [ 16631682121 ],,, [ 7979184553 ],,,,, [ 29804832149, 5830337314829 ],, [ 13763258141 ],,,,
  ,,,,,,,,,,,,,, [ 8343753541, 392072789293 ],, [ 8676399961 ], [ 4565129369 ],,,,,,,,, 
  [ 2258197205351 ],,,,, [ 1918146162151 ],,, [ 37919546017 ],, [ 1191600551 ],, 
  [ 22423773641 ],, [ 34782474313 ],,,,,,,,,,,,,, [ 1176444067 ], 
  [ 17758187431, 20001735697 ],,, [ 121594222441 ],, [ 76816271071 ],, [ 1539469751 ],, 
  [ 3179713387 ],,, [ 144060804359011 ],,,, [ 5256005611 ],,,,,,,,,,, [ 146333337607 ], 
  [ 4049553431927 ],,,,,,,,,,,, [ 1563429191143 ], [ 14838592771 ], [ 1600358953 ],,,,,,,,,,
  , [ 2571548183 ],,,, [ 3163820797 ],,, [ 673662921091 ], [ 1098214111 ],, [ 3997317271 ],,,
  ,,,,,, [ 81465420391 ],,,,,, [ 28681623169 ],,,,,,,,, [ 20467721713 ],,,, [ 1153693361 ],, 
  [ 2953965871 ],,, [ 15725073062581 ],,,,,,,,,,,,,,,,,,, [ 2413859593 ],,,,,,,,,,,, 
  [ 1517976311 ],,, [ 41868234689 ],,,,,,,,,, [ 1124031451, 2496181763 ],, [ 1001211881 ],,,
  , [ 2689883201, 26380033201 ], [ 15359812417 ],,,,,, [ 2091479983 ],, [ 29710485223 ],,,,,,
  ,,,,,,,,,,,,, [ 178435888777 ], [ 44388930893 ],,,,, [ 16014397351 ],, [ 144063498577 ], 
  [ 14503766401 ],,,,, [ 9448672333 ],,,,,,,,,, [ 14272048093 ],,, [ 2732476951 ],,,,, 
  [ 32860280681 ],, [ 2490430279 ],, [ 3014790769, 130883797441, 369221067073 ],, 
  [ 2374798687 ],,,, [ 11301351121 ],,,,,,,,,,,,,,,,,,,, [ 1106987701 ],,,, [ 16997232523 ],
  , [ 2378470817 ],,,,, [ 23033769040391 ],,,,,,,, [ 1153289647, 20679881329 ], 
  [ 35240283781 ],, [ 2216484481 ], [ 5026609153 ],,, [ 241019433313 ],, [ 2464321861 ],,,,,,
  ,,, [ 3704692627 ], [ 8452798001 ], [ 3883378511 ],,, [ 46468551277, 84971014829 ], 
  [ 1068965347 ],,,,,,,,,,,,, [ 30505612873 ],,,,,,,,,,,,,,,,,,,,,,,,,, [ 14315793733 ],,,,, 
  [ 1036934881, 26070156842203 ],,, [ 1385275601 ],,, [ 20175873563 ],, [ 390791943631 ],,, 
  [ 42238506941 ],,,,,,,,, [ 20241067409, 652159549039 ],,,,,,,, [ 8371283551 ],,,,,,, 
  [ 2464686229 ],,, [ 2048570021 ],,,,,,,,,,,,,,,, [ 2690579597, 1878810981137 ],,,,,,,,,,, 
  [ 45707671981 ],,,,,,,,,,,,,,,,,, [ 3972474061 ],,,,,,,,,,,,,, [ 5415458101 ],,,,,, 
  [ 18121656601 ],,,,, [ 145253584501 ], [ 37938578791 ],, [ 1967333617 ],,,,,,,, 
  [ 10331534537 ],,,,,,,, [ 38589045601 ],,,, [ 116245472221 ],,,,,,,,,,, [ 3684675571 ],,,,,
  ,,,,,,,,,,,,,,,,, [ 22878586867 ],,, [ 118288627297 ],,,,,,,,,,,,,,,,,,,,,,,,,,,,,,,,,,,,,,
  , [ 115003416683 ],,,,,,,, [ 320943406796377 ],,,,, [ 1642149953 ],,,,,,,,,,,,,,,,,,,,,,,, 
  [ 1219982581 ],,,,,,,,,,,, [ 159784626158561 ],,,,,, [ 17341246297 ],, [ 476765319521 ],,,,
  , [ 12335122441 ],,,,, [ 3451943606861 ], [ 14499756109 ],,,,, [ 471466417241 ],,,,,,,,,,,,
  ,,,,,,,,,, [ 1475612911, 4852342801 ],,,,,,,,, [ 18080035417 ],,,,,, 
  [ 3653305129, 38136397729 ], [ 261385272059 ],,,,,, [ 4908321241 ],,,,,,,,,, 
  [ 1272905411 ],,, [ 3989429089 ],,, [ 173299093589 ],,,,,, [ 7149856759 ],,, 
  [ 2117127151, 2589313561 ],,,, [ 138812258857 ],, [ 30889167541 ],,,,,,,,,,,,,,,,,,, 
  [ 1579515673501 ],,,,,,,,, [ 2673880903 ],,,,,,,,,,, [ 1136553683101 ],,,,,, 
  [ 98004183217 ],,,,,,,,,,,,,,,,,,, [ 89803847521 ],,,,,,,,, [ 13026370933 ],,,, 
  [ 375199569137 ],,,, [ 19302437233 ],,,,,,, [ 9613346203 ],,,,,,,,,,,,,,,, 
  [ 1685289252281 ],,,,,,,, [ 14345989351 ], [ 91481546249 ],, [ 4531891477 ],,,,,,,,,,,,,,,,
  ,, [ 15995827633969 ],,,,,,,,,,, [ 1803960751 ],,,,,,,,,,,,,,,,,,, [ 8896731462793 ],,,,,,,
  ,,, [ 3287934913 ], [ 12922136642951 ],,,, [ 21007486897 ],,, [ 3325519297, 7868799937 ],,,
  ,,,,,,,,,,,,,,,,, [ 2446732693 ],,, [ 126538810861 ],,,,,, [ 125500427123 ],,,, 
  [ 462844065991 ],,,,, [ 17288826211 ],,,,,,, [ 52747857163 ],,,,,,,, 
  [ 1367078941, 18036074888141 ],,, [ 2623489441 ], [ 116516486311 ], [ 3181691651 ],,,,,,,,,
  , [ 14568729001 ],,,,,,,, [ 3702694397 ],,,,, [ 4450512691 ],,,,,,,,,,, [ 4558151837 ],, 
  [ 1928905821959 ],,,,,,,,,,,,,,,,,,,,,,,,,,,,, [ 1407423361 ],,,,,,,,,,,, [ 77535804799 ],,
  ,,,, [ 1453984561 ], [ 172801926397 ],,,,,,,, [ 13106702509 ],,,, [ 1148300677 ],,,,,,,,,,,
  ,,,,,,,, [ 354875378651 ],,,,,,,,,,,,, [ 80313168781 ],,,,,, [ 586007267353 ],,,,,,,,,, 
  [ 48998386673 ],, [ 32879593321 ],,, [ 19471400407 ],,,,, [ 1343960489 ],,,,,,,,,,,,,, 
  [ 2016442423 ],,,,, [ 207310330699 ],,,,,,,,,,, [ 18621632243 ],,,,,,,,,,,,,,,, 
  [ 1634286601 ],,,,,,,,,,,,,, [ 31637311337 ],,,,,, [ 2941504141 ], [ 6180474961 ], 
  [ 1785808433 ],, [ 9122878621 ],, [ 599166361429 ],,,,,,, [ 129584675959 ],,,,,,,,,,, 
  [ 7054298707 ],,,,,,, [ 88829594239 ],,,,,,, [ 4291779857 ],,,,,,,,,,,,,, [ 6434755296019 ]
   ,,,,,,,,,,,,,, [ 10571185297, 808031478017 ],, [ 5789033057 ],,,,,,, [ 593445403651 ],,,,,
  ,, [ 588471041953 ],,,,,,,,,,,, [ 3143007169, 3681467497 ],,,,,,,,,,,,,,,,,, 
  [ 2315579537031763 ],,,,,,,, [ 2699792311 ], [ 37807706791 ],,,,,,,,,,,,, [ 2728021033 ],,,
  ,,,,,,,,,,,,,,,,,,,, [ 1227310729, 17764870999, 4480498349629 ],,,,, [ 1404731857 ],,,, 
  [ 99585710317 ],,,,,,,,,,,,,,,,,,,,,,,,,,,,,,,,,,,,,,,,,,,,,,,,,, [ 2633861201 ],,,,,,,,,,,
  ,,,,,,,,, [ 6892177163 ],,,,,,,,,,, [ 9302327533 ],,,,,,,,,,,, [ 97941800581 ],,,,, 
  [ 21335233457 ],,,,,, [ 7308116821 ],,,,,,,,,,,,,,,,,,,, [ 33185807201 ],,,,, 
  [ 178947291931 ],,,,,,,,,,,,,,, [ 1332252601 ],,,, [ 21018820201 ],,,,,,,, [ 10570779841 ],
  , [ 2666296726523 ],, [ 153121547389 ],,,,,,,, [ 31359252241 ],,, [ 2326364719927 ],,, 
  [ 32856347551 ],, [ 36116644241, 104461989353 ], [ 41853806713 ],,,,,,,,,,,,,,,,, 
  [ 5022738211 ], [ 32151425634109 ],,,,,,,,,,,,,,,,,,, [ 16255013081 ],,,,,,,,,,,,,,,,, 
  [ 1394005339, 3766594087 ],,,,,,, [ 2860743737 ],,,,,,,,,,,,,,,,,, [ 2193487841 ],,,,,, 
  [ 2993957149 ],,,,,,,, [ 1764196671799 ],,,,,,,,,, [ 1500767113 ],, [ 85213593679 ],, 
  [ 1643303201, 977337929681 ],,,,,,,,,,,,,,,, [ 1624315435969 ],,,,,,,, [ 13384096409 ], 
  [ 6645821911 ],,,,,,,,,,,,,,,,,,,,,,, [ 1403552279809 ], [ 542924985247 ],,,,,,,,,,,, 
  [ 1598954881 ],,,,,,,,,,,,,,,,,,,,,,,,,,,,,,,,, [ 12963374881 ],,,,,,,, [ 2201679047 ],,,,,
  ,,, [ 9985466651 ],,,,,,,, [ 3717611479 ],,,,,,,,, [ 23295502189, 1073073005700571 ],,, 
  [ 2105875171 ],,,, [ 649153915957 ],,,,,,,,,, [ 5275356641, 3326489955361 ],,,,,,,,,,,,,,,,
  ,,,,,,,,,,,,,,,,,,,,,,,,,,,,,,,,,,,,,,,,,, [ 3443054371 ],,,,,,,, [ 4270148501 ],,,,,,,,,, 
  [ 16961264581 ],, [ 3049485611 ],,,, [ 4816011763 ],, [ 3024165493 ],,,,,,,, 
  [ 215755993069 ],,,, [ 9158025601 ],,,,,,,,,,,,,,,,,,,,,,,,,,,,,,,,,,,,,,,,,,,,,,,,,,,,,,,,
  ,,,,,,,,,,,,,,,,,,,,,,,,,,,,,,,,,, [ 2137091881 ],,,,,,,,,, [ 318854309401 ],, 
  [ 109316603059 ],,,,,, [ 41937302321 ],,,,,,,,,,,,,,,,,,,, [ 179418932993 ],, 
  [ 5041933021 ],,,, [ 40675363447 ],,,,,,,,,, [ 16823078801 ],,,, [ 1279987409269 ],,,,,, 
  [ 1003640899, 1580381323 ],,,, [ 15745990032947 ],,,, [ 5174491183 ],,,,,,,,,,,,, 
  [ 2602017001 ],,, [ 7016450557 ],,,,,,,,,, [ 1896836173 ],, [ 1613850181 ],, 
  [ 3802883137 ],, [ 1978860031429 ],,,,,,,,,,,,,,,,,,,,,,,,,,,, [ 17566590617 ],,,,,,,,,,,,,
  ,,,,,,,,, [ 168915143797 ],, [ 233881432861 ],, [ 1493777041 ],,,, [ 35387370233 ],,,, 
  [ 123143867137 ],, [ 4268952871 ],,,,,, [ 1523474129 ],,,,,,,,,,,, [ 213150968713 ],,,,,,,
  , [ 11845955369 ],,,,,,,,,,,, [ 5661834929 ],, [ 130302917119 ],,,,,,,,,,,,,, 
  [ 1981789993 ],,,,,,,,,,,,,,,,,, [ 28979340851 ],, [ 2529265201 ],, [ 68436051361 ],,,,,,,,
  ,,,,,,, [ 3980884909 ],,,,, [ 3058853167 ],,,,,,,,,,,,,,,, [ 1357953031 ],,,, 
  [ 6300593879 ],, [ 40863130801, 459442960201 ],, [ 2235537979 ],, [ 1417930601 ],,,,,,,,,,,
  ,,,,,,,,,,,,,,,,,,,,,,, [ 1000537598581 ],,,,,, [ 84039313601 ],,,,,,,, 
  [ 11498220401, 35487140509 ],,,,,,,,,,,,,,,,,, [ 6036583759 ],, [ 1019911520833 ],,,,,,,,,,
  ,,,,,,,,,, [ 5071171393 ],,,,,, [ 33674667907 ],,,,,,,,,,,,,,,, [ 5448148471 ],,,,,,,,,,,,,
  ,,,,,,,,,,, [ 64692004453 ],,,,,,,,,, [ 33361815229 ],,,,,,,,,,,, [ 18327067553 ],,,,,,,,,
  , [ 79741768789 ],,,,,,,, [ 19015695547 ],,,,,,,,,,,,,,,,,,,,,,,,,,,,,,,,,,,,,, 
  [ 167322553633 ],,,,,,,,,,,,,,,,,,,,,,,, [ 10720174321 ],,,,,, [ 7605326921011 ],,,, 
  [ 37768886989 ],,,,,,,,,,,,,,,,,, [ 1959878777 ],,,,,,,,,, [ 2951535799 ],,,,,,,,,,,,,,,,,,
  ,,,,,,,,,,,,, [ 1769780671 ],,,,,,,,,,,,,,, [ 4443211501 ],,,, 
  [ 10336343617, 392083244737 ],,,,,,,,,, [ 403594450573 ],,,,,,,,,,,, [ 2485087333 ], 
  [ 70944514411 ],,, [ 1449301471, 1545578611 ],,,,,,,,,,,,,, [ 58407445361 ],,,, 
  [ 34869079477 ],, [ 109108152151 ],,,,,,,,,,,,,,,,,,,, [ 1585546541, 9785712551 ],,,,,,,,,,
  ,,,,,,,,,,,,,,,,,,,,,,,,,,,, [ 12341213161 ],,,,,,,,,,,,,,,,,,,,,, [ 1857971051 ],,,,,,,,,,
  ,, [ 222971594561 ],, [ 13839413197 ],,,,,,,,,,,,,,,,,, [ 14209826509 ],,,,,,,,,,,,,,,,,,,,
  ,,,,,, [ 1419300457 ],,,,,,,, [ 11884699649 ],,,,,,,,,,,,,, [ 110213603821 ],,,,,, 
  [ 3937612561, 33266203489 ],,,,,,,,,,,,,,,,,, [ 24461266597 ],,,,,,,,,,,,,,,,,,,,,,,,,,,,,,
  ,,,,,,,,,,,,,,,,,,,,,, [ 21991833319 ],, [ 2194767469, 2201322948589 ],,,,,,,,,,,, 
  [ 28448666401 ],,,,,,,,,,,, [ 6188080861, 28287598249 ],,,,,,,,,,,,,,,,,,,,,,,,,,,,,,,,,,,,
  ,,,,,,,,,,,,,,,,,,,,,,,,,,,,,,,,,,,,,,,,,,,,,,,,,,,,,, [ 2526607621 ],,,,,,,,,,,,,,,,,,,,,,
  ,,,,,,,, [ 18965517661 ],,,,,,,,,,,,,,,,,,,,,,,,,,,,,, [ 101736426529 ],,,,,,,,,,,, 
  [ 19551460699 ],,,,,,,,,,,,,,,,,,,,,,,,,, [ 1121877134401 ],,,, [ 4431899341 ],,,,,,,,,,,, 
  [ 3610049089 ],,,, [ 19993710881 ],,,,,,,, [ 121272939289 ],,,,,,,,,,,,,,,,,,,,,,,, 
  [ 1614295201 ],,,,,,,,,,,,,,,,,,,,,,,,,,,,,,,,,,,,,,,,,,,,,,,,,,,,,,,,,,,,,,,,,,,,,, 
  [ 34880459491523059 ],,,,,,,, [ 8889096691 ],,,,,,,,,,,,,,,,,,,,,,,, 
  [ 40167773713, 468119955007 ],,,,,,,,,,,,,,,,,,,,,,,,,,,,,,,,,,,,,,,,,,,,,,,,,,,,,,,,,,,,,,
  ,,,, [ 130521084541 ],,,,,,,,,,,, [ 17975564521 ],,,,,,,,,,,,,,,,,,,,,,,,,,,,,,,,,,,,,,,,,
  , [ 2487521497 ],,,,,, [ 4145324138281 ],,,,,, [ 2244973567 ],,,,,,,,,,,,,,,,,,,,,,,, 
  [ 3151512811 ],,,,,, [ 53164995352057 ],,,,,,,,,,,,,,,, [ 11772245941 ],,,,,,,,,,,,,,,,,,,
  , [ 3011603761 ],,,,,,,,,,,,,,,,,,,,,, [ 4417439489 ],,,,,,,, [ 215354759029 ],,,,,, 
  [ 1742204773 ],,,,,,,,,,,,,,,,,,,,,,,,,,,,,, [ 9971438797 ],,,,,,,,,,,,,,,,,,,,,,,,,,,,,,,,
  ,,,,,,,,,,,,,,,,,,,,,,,,,,,,,,,,,,,,,,,,,,,,,,,,,,,,,,,,,,,,,,,, [ 14573690587 ],,,,,,,,,,,
  ,,,,,,,,,,,,,,,,,,,,,,,,,,,,,,,,,,,,,,,,,,,,,,,,,,,,,,, [ 1651104061 ],,,,,,,,,,,,,,,,,,,,,
  ,,,,,,,,, [ 22514950021 ],,,,,,,,,,,,,,,,,,,,,,,,,,,,,,,,,,,,,,,,,,,,,,,,,,,,,,,,,,,,,,,,,,
  ,,,,,, [ 4149915463, 4288831933 ],,,,,,,,,,,, [ 118145483299 ],,,,,, [ 10872343201 ],,,,,, 
  [ 15807292663 ],,,,,,,,,,,,,,,,,,,,,,,,,,,,,,,,,,,,,,,,,,,,,,,,,,,,,, [ 12073203772681 ],,,
  ,,, [ 114324509881 ],,,,,,,,,,,,,,,,,,,,,,,,,,,,,,,,,,,,,,,,,,,,,,,,,,,,,,,,,,,,,,,,,,,,,, 
  [ 32177429593 ],,,,,,,,,,,,,,,,,,,,,,,,,, [ 650232417391 ],,,,,,,, [ 1233023512621 ],,,,,,,
  ,,,,,,,,,,,,,,, [ 1375290253 ],,,,,,,,,,,,,,,,,,,,,,,,,,,,,,,,,,,,,,,,,,,,,,,,,,,,,,,,,,,,,
  ,,,,,,,,,,, [ 1708879213 ],,,,,,,,,,,,,,,,,,,,,,,, [ 4674682681 ],,,,,, [ 4967965699 ],,,,,
  ,,,,,,,,,,,,,,,,,,,,,,,,,,,,,,,,,,,,,,,,,,,,,,,,, [ 1304365804129 ],,,,,,,,,,,,,,,,,,,,,,,
  , [ 87512087233 ],,,,,, [ 21989535613 ],,,,,, [ 79288988161 ],,,,,,,,,,,,,,,,,,,,,,,,,,,,,,
  ,,,,,, [ 1258383361 ],,,,,,,,,,,,,,,,,,,,,,,, [ 5189804929 ],,,,,,,,,,,, [ 3096747721 ],,,,
  ,,,,,,,,,,,,,,,,,,,,,,,,,,,,,,,, [ 5335299241 ],,,,,,,,,,,,,,,,,, [ 213059171821 ],,,,,,,,,
  ,,,,,,,,,,,,,,,,,,,,,,,,,,,,,,,,,,,,,,, [ 2252823229, 3734342239 ],,,,,,,,,,,,,,,,,,,,,,,,,
  ,,,,,,,,,,, [ 6442983067 ],,,,,,,,,,,,,,,,,,,,,,,, [ 1726578691 ],,,,,,,,,,,,,,,,,,,,,,,,,,
  ,,,,,,,,,,,,,,,,,,,,,,,,,,,,,,,,,,,,,,,, [ 26115095473 ],,,,,,,,,,,,,,,,,,,,,,,,,,,,,,,,,,,
  ,,,,,,,,,,,,,,,,,,,,,,,,,,,,,,,,,,,,,,,,,,,,,,,,,,,,,,, [ 5477974921 ],,,,,,,,,,,,,,,,,,,,,
  ,,,,,,,,,,,,,,,,,,,,,,,,,,,,,,,,,,,,,,,,,,,,,,,,,,,,,,, [ 4077445751 ],,,,,,,,,,,,,,,,,,,,,
  ,,,,,,,,,,,,,,,,,,,,,,,,,,,,, [ 42360192001 ],,,,,,,,,,,,,,,,,,,,,,,,,,,,,, [ 3395143261 ],
  ,,,,,,,,,,,,,,,,,,,,,,,,,,,,,,,,,,,,,,,,,,,,,,,,,,,,,,,,,,,,,,,,,,,,,,,,,,,,,,,,,,,,,,,,,,,
  ,,,,,,,,,,,,,,,,,,,,,,,,,,,,,,,,,,,,,,,,,,,,,,,,,,,, [ 8541105427 ],,,,,,,,,,,,,,,,,,,,,,,,
  ,,,,,,,,,,,,,,,,,,,,,,,,,,,,,,,,,,,,,,,,,,,,,,,,,,,,,,,,,,,, [ 18232914547 ],,,,,,,,,,,,,,,
  ,,,,,,,,,,,,,,,,,,,,,,,,,,,,,,,,,,,,,,,,,,,,,,,,,,,,,,,,,,,,,,,,,,,,,,,,,,,,,,,,,,,,,,, 
  [ 2029953001 ],,,,,,,,,,,,,,,,,,,,,,,,,,,,,,,,,,,,,,,,,,,,,,,,,,,,,,,,,,,,,,,,,, 
  [ 7770646927 ],,,,,,,,,,,,,,,,,,,,,,,,,,,,,,,,,,,,,,,,,, [ 851635712929 ],,,,,,,,,,,, 
  [ 2490283441, 101214262801 ],,,,,,,,,,,,,,,,,,,,,,,,,,,,,, [ 159417654691 ],,,,,,,,,,,,,,,,
  ,,,,,,,,,,,,,,,,,,,,,,,,,,,,,,,,,,,,,,,,,,,,,,,,,,,,,,,,,,,,,,,,,,,,,,,,,,,,,,,,,,,,,,,,,,,
  ,,,,,,,,,,,,,,,,,,,,,,,,,,,,,,,,,,,,,,,,,,,,,,,,,,,,,,,,,,,,,,,,,,,,,,,,,,,,,,,,,,,,,,,,,,,
  ,,,,,,,,,,,,,,,,,,,,,,,, [ 2301677533 ],,,,,,,,,,,,,,,,,,,,,,,,,,,,,,,,,,,,,,,,,,,,,,,,,,,,
  ,,,,,,,,,,,,,,,,,,,,,,,,,,,,,,,,,,,,,,,,,,,,,,,,,,,,,,,,,,,,,,,,,,,,,,,,,,,,,,,,,,,,,, 
  [ 15779503771 ],,,,,,,,,,,,,,,,,,,,,,,,,,,,,,,,,,,,,,,,,,,,,,,,,,,,,,,,,,,, 
  [ 58264335361 ],,,,,,,,,,,,,,,,,,,,,,,,,,,,,,,,,,,,,,,,,,,,,,,,,,,,,,,,,,,,,,,,,,,,,,,,,,,,
  ,,,,,,,,,,,,,,,,,,,,,,,,,,,,,,,,,,,,,,,,,,,,,,,,,,,,,,,,,,,,,,,,,,,,,,,,,, 
  [ 1108725833521 ],,,,,,,,,,,,,,,,,,,,,,,,,,,,,,,,,,,,,,,,,,,,,,,,,,,,,,,,,,,,,,,,,,,,,,,,,,
  ,,,,,,,,,,,,,,,,,,,,,,,,,,,,,,,,,,,,,,,,,,,,,,,,,,,,,,,,,,,,,,,,,,,,,,,,,,,,,,,,,,,,,,,,,,,
  ,,,,,,,,,,,,,,,,,,,,,,,,,,,,,,,,,,,,,,,,,,,,,,,,,,,,,,,,,,,,,,,,,,,,,,,,,,,,,,,,,,,,,,,,,,,
  ,,,,,,,,,,,,,,,,,,,,,,,,,,,,,,,,,,,,,,,,,,,,,,,,,,,,,,,,,,,,,,,,,,,,,,,,,,,,,,,,,,,,,,,,,,,
  ,,,,,,,,,,,,,,,,,,,,,,,,,,,,,,,,,,,,,,,,,,,,,,,,,,,,,,,,,,,,,,,,,,,,,,,,,,,,,,,,,,,,,,,,,,,
  ,,,,,,,,,,,,,,,,,,,,,,,,,,,,,,,,,,,,,,,,,,,,,,,,,,,,,,,,,,,,,,,,,,,,,,,,,,,,,,,,,,,,,,,,,,,
  ,,,,,,,,,,,,,,,,,,,,,,,,,,,,,,,,,,,,,,,,,,,,,,,,,,,,,,,,,,,,,,,,,,,,,,,,,,,,,,,,,,,,,,,,,,,
  ,,,,,,,,,,,,,,,,,,,,,,,,,,,,,,,,,,,,,,,,,,,,,,,,,,,,,,,,,,,,,,,,,,,,,,,,,,,,,,,,,,,,,,,,,,,
  ,,,,,,,,,,,,,,,,,,,,,,,,,,,,,,,,,,,,,,,,,,,,,,,,,,,,,,,,,,,,,,,,,,,,,,,,,,,,,,,,,,,,,,,,,,,
  ,,,,,,,,,,,,,,,,,,,,,,,,,,,,,,,,,,,,,,,,,,,,,,,,,,,,,,,,,,,,,,,,,,,,,,,,,,,,,,,,,,,,,,,,,,,
  ,,,,,,,,,,,,,,,,,,,,,,,,,,,,,,,,,,,,,,,,,,,,,,,,,,,,,,,,,,,,,,,,,,,,,,,,,,,,,,,,,,,,,,,,,,,
  ,,,,,,,,,,,,,,,,,,,,,,,,,,,,,,,,,,,,,,,,,,,,,,,,,,,,,,,,,,,,,,,,,,,,,,,,,,,,,,,,,,,,,,,,,,,
  ,,,,,,,,,,,,,,,,,,,,,,,,,,,,,,,,,,,,,,,,,,,,,,,,,,,,,,,,,,,,,,,,,,,,,,,,,,,,,,,,,,,,,,,,,,,
  ,,,,,,,,,,,,,,,,,,,,,,,,,,,,,,,,,,,,,,,,,,,,,,,,,,,,,,,,,,,,,,,,,,,,,,,,,,,,,,,,,,,,,,,,,,,
  ,,,,,,,,,,,,,,,,,,,,,,,,,,,,,,,,,,,,,,,,,,,,,,,,,,,,,,,,,,,,,,,,,,,,,,,,,,,,,,,,,,,,,,,,,,,
  ,,,,,,,,,,,,,,,,,,,,,,,,,,,,,,,,,,,,,,,,,,,,,,,,,,,,,,,,,,,,,,,,,,,,,,,,,,,,,,,,,,,,,,,,,,,
  ,,,,,,,,,,,,,,,,,,,,,,,,,,,,,,,,,,,,,,,,,,,,,,,,,,,,,,,,,,,,, [ 45234532201 ] ]);
