BRENTFACTORS[1433]:=MakeImmutable(
[ ,,,,,,,,,,,,,,,, [ 772035915738905993947, 409830913650732173044919823043 ],, 
  [ 182174605788031347203, 81519914112201484987993987 ],, [ 72691818684577 ],, 
  [ 9412384706337057258453271, 365987557286613676656441677374887174893 ],,,, 
  [ 1205234986075757983 ],,,, 
  [ 151637031184258774130550359089, 471653127228971420361395372581075686747385219868305339553
     ], [ 17709612529153 ],,, [ 40636844105971 ], [ 14620616987491117 ], 
  [ 587619091307099, 148413995858558394759113122274598830377 ], [ 221046673399 ],, 
  [ 196761642020441 ], [ 4398758218008831041, 67218317947669837053776647 ],, 
  [ 150151977070456231034739023 ], [ 2102826434650217 ], [ 1401264573593041 ], 
  [ 281490389617, 287095794069120923 ], [ 205718818963021801 ], [ 4186816043233 ], 
  [ 680105501863735823, 1753747710771097973 ], [ 637054143493117901 ], [ 17507047951 ],, 
  [ 10724050529, 487989397573, 105879544735693, 105157975534072277, 
      1080539585184132548176391, 3248801768041589285421862007, 
      15095269551448824832534863733728602647008315019541 ], [ 19458201403 ],, 
  [ 14269193480519573704000427081 ], [ 528737145555959610271, 572947365727992265519 ], 
  [ 143966980387, 36219236765080753137961 ], [ 10128261079 ], [ 3837218614272234241 ],, 
  [ 1256294322128488005719787696586432893853 ], 
  [ 71341913986001443, 45840534317981619988339, 7536161558385627721391684701 ], 
  [ 34014351350378561588609 ], [ 68694829166908621 ], [ 994883760014167 ], 
  [ 115321406857185300846464105621 ], [ 3355958641391588137 ],,, 
  [ 24569813508712539886712431278043 ],,, [ 14660114626551723773363549327 ], 
  [ 253407059701, 591957852512401, 25023982223344798651 ], 
  [ 20526620897001258357565655575950111682455282090215241829 ],, [ 12039188071 ],,,, 
  [ 1026672283613898146438153532708191 ], [ 6876822729607619136424842067204421 ], 
  [ 17251171393, 739039281053257633 ],, 
  [ 39213360833, 182878660668511, 64292264223049939, 278856341463211389161341, 
      3685699575705486429384287641 ], [ 572204315298419985796339 ], 
  [ 17047491001079203301144464001 ], [ 4635166910498167197774459148117545271 ], 
  [ 3759165256122920758829914845361 ],, [ 230269067893 ],, [ 106926732797 ], 
  [ 4244012711, 489385670375271868382802661 ], 
  [ 10155244513, 5529367761792055669537004794273 ], [ 221959916018240358421 ], 
  [ 19090860307, 35049502835405924776770024648945764387 ], 
  [ 3842825977, 9113511331, 772787050179748975603 ], 
  [ 345406879901, 353170884393833120361875425538709516525806201 ], 
  [ 287747726530544492175677457890914836829375533212501331768953062319641 ], 
  [ 154705770313907281169954764785528049922328398533 ], 
  [ 165781856153, 1738344416154273957641, 391664324023486617262624604936044931 ], 
  [ 13201218436488473, 13783464885046481, 51124414103985428753, 
      16320513941718439908676078971903446099561 ], 
  [ 178056707932776288070432732021, 2345890467413234341428132393527492870038782529905111031 ]
   ,, [ 122299023970107456721299786821 ], [ 575459930445161324335949405481229 ], 
  [ 591072350863 ], [ 479061405059113691, 186790823196844839152335238491 ],,,, 
  [ 2855935145000590317723350388076748293997623 ], [ 6208168692161, 6510386465761 ], 
  [ 103298885393317 ], [ 317156736739519 ],, 
  [ 3212367397, 48452449992367, 933542082504781, 64509070066148051 ], 
  [ 34268337361, 15650070230881 ], [ 8592855899 ], [ 11588509771 ], 
  [ 10256929411, 62283240462331535989 ], 
  [ 19669314489672740977926577, 117220002946498365713562953 ], 
  [ 2343599739001, 887303073552751, 39477967744561501, 1767272539994893889223751 ],, 
  [ 3491843091739, 120831035162886697272257213 ], [ 43686589791238913 ], 
  [ 100688681491889889011191 ], [ 5251357801, 76808458253737996847881 ], 
  [ 382548381151, 4242678740641158507153407 ], 
  [ 13266531301, 21358110525181, 20771228387231521, 985285741856358851314297 ],, 
  [ 52688691680356095383 ], [ 48747599821 ],, [ 5262031125019, 1853754251708083463019633881 ]
    , [ 2165639479859294543089, 8923638080846245475869 ], 
  [ 9235753253, 391347594460103868509233446689 ], 
  [ 588666163487205012524561, 857715896287875609685821821, 
      98981874314739601539215946307193741 ], [ 460560336310829810428314629013649 ], 
  [ 25528640947343, 419916228016150948464509261 ], [ 173751623206563403 ], [ 1495159489 ],,, 
  [ 4035040927 ], [ 6045294480532408827248126069 ], 
  [ 6629156021, 1184437548509, 55090481011034327214730763 ],, 
  [ 122366537424105406423, 20120157749170531158331549062975265835571064531 ],,, 
  [ 1450399721, 11494918667, 398725962139512950889409 ],,,, 
  [ 32711792227861, 467963514132874452089, 98356662701079260914920903821 ],, 
  [ 2236927841, 1969443786817601, 61680109565979021992781121 ], 
  [ 685600179167, 1475996945501238763 ], [ 33258025239553 ], [ 1189844980578043 ], 
  [ 295043604698301089 ],, [ 5934716299, 332242414117, 1314106450303244551 ],, 
  [ 2882196490207747630849 ], [ 31825302601, 5932398854201 ], 
  [ 22819779788011, 1142072678805361 ], [ 3764528025913681633 ], 
  [ 40929893383951729, 24120545371863260657 ], [ 418714094323697 ], 
  [ 3868308841, 6620598272467 ],, [ 42811632165893754593 ], [ 7146098684377013323 ], 
  [ 885842421071 ], [ 1884478854242131645307 ], [ 340263550182821178983221 ], 
  [ 97780270817372315813 ], [ 3998787748743061 ], 
  [ 12959540059995937, 2270908939119633830864827 ], [ 5189163769 ],, [ 19955248399921 ],, 
  [ 6744881990373448648697, 941306215241498148134031461 ], [ 180152050709373751 ],,,, 
  [ 392722428489329 ],, [ 3428274721 ],, 
  [ 12540027121, 2800238080238936783, 57228812145806681747 ], 
  [ 1089444829138560212944054951567 ], [ 77615237869847, 905972211761012629747 ], 
  [ 1894345816801 ], [ 97421416933522319137 ], 
  [ 324489231418511, 2869752773505294056002513931071 ], [ 702277360756693 ], 
  [ 100112081389, 208262450725583720952649 ], [ 9482150411489864761 ],, 
  [ 20708958961, 46180660033 ],, [ 156881156075305531 ], [ 3833430025342289821 ],, 
  [ 6869031921839069 ],,, [ 29053755391 ], [ 67483247839504130731055661772561 ],,, 
  [ 202425747406657141675156451461 ], [ 4059539881, 16463665681 ],, 
  [ 5885192917, 769343254464393997 ], [ 7671876161869 ], [ 36625878857240513 ],, 
  [ 2082015373531 ],, [ 12225759913, 424395633667909642290374326957 ], 
  [ 7199609005187, 156798829987421 ], [ 364782000589451 ], [ 9961485599482106189347 ], 
  [ 3171566441 ], [ 27209312213, 130210966811416509783438534748567 ], 
  [ 4475826031506774659995502197 ],,, [ 1420409694683136427 ], [ 1205243397821 ], 
  [ 4425371801, 248712756509377679 ],,,, [ 23677487461, 3992518168769889307 ], 
  [ 3125031817586408779808855377 ],, 
  [ 9055530950551, 9162436106913633608773, 1134355826643061935622477 ], [ 36203220769 ], 
  [ 11526221849, 1591768179702050352161 ], [ 1860090831199 ], 
  [ 10137337751, 845616606001, 61291939434751, 11966143024359636751 ],, 
  [ 666371185453, 6479252067709, 72457681718173159297 ], [ 2990420259139627007 ], 
  [ 1090710653983 ], [ 488733323699041, 6605410105917483661081 ],, [ 3325251850579 ], 
  [ 153555653748097, 65500042984520071, 147810683693400349 ], [ 12704581866462151 ], 
  [ 1229801821, 112882782343084615681 ],, [ 181971754995482898289 ],,, [ 72092707030901 ],, 
  [ 320761933848229, 81368952250227289 ], [ 766540649055258661 ], 
  [ 3075427325388083681211913, 216975121613438654336608603 ], [ 1401074281 ],, 
  [ 5533668913, 320614574516204976851953 ],, 
  [ 2616088361940892927349, 1753711708716810104682632903 ],, [ 4833128744956349317 ], 
  [ 3846815491243, 93116673836701817439679 ], 
  [ 20723561315201291, 528362025464744708803923196981 ],, [ 1059534189001 ], 
  [ 79139089670520675409123 ], [ 11354433508169743 ], [ 23055444001 ],, 
  [ 20440994046813193633903831, 34910062648581762663105901 ],,, [ 14478789659041 ], 
  [ 277404755020607 ], 
  [ 11435708041, 251114664339661, 33305943343217371, 498195181188988456471 ],, 
  [ 40250480512131022613 ], [ 1786220003, 2925069397, 2022535665301, 329630420102176649333 ],
  [ 114034788196448293798890001 ],,,, [ 3663999615395891, 688541426831675887072979 ], 
  [ 18296642417 ],,,,, 
  [ 3850841569, 3608940826913, 36518752421200657, 40100830339755517702897 ], 
  [ 105889192021801 ],, [ 3688327496814197, 422034713040842004911 ], 
  [ 89939331113633, 222978174544650330037 ], [ 45932092951, 405801422823799 ],,,, 
  [ 700108823154359537 ], [ 8599065841 ], [ 2973756241, 38027375129521 ],, 
  [ 3589380130070599426762087 ], [ 661687701331, 47645208186582801607 ],,, 
  [ 3012926492681731 ],,, [ 948516199199241733, 5955931416200551770750833431153 ], 
  [ 37438211201, 3064247553391051, 28400182675762164151 ],, [ 2908687891 ],,, 
  [ 45906658381 ], [ 40489390033440503 ],, 
  [ 2004720665375899, 8783255960927731, 4705464946656010213 ], [ 5784772313057 ],, 
  [ 1281813679331758609 ], [ 156139294336661 ],,,, [ 26842630673 ], 
  [ 398629256112111236257, 549738719797895368035571 ], [ 47145972889 ],,,,, 
  [ 2395011789529, 1601149006001793543223477, 47664241744320644891981089 ], 
  [ 3161391134508991 ],, [ 3448914769, 13112705737, 139673626218127 ], 
  [ 3086024163543553, 112393140784744513, 916509489170630081, 179201995323115970657 ], 
  [ 6222317587, 142431785414183, 2377190741470974602699 ],,,, [ 6496359703, 53836850756641 ],
  , [ 3288903829 ], [ 16810495561 ],, [ 34396047211, 184292849821213280599 ],, 
  [ 2015742821, 113719208149, 311662692433, 14356831244967125929561 ], 
  [ 4281025775101, 2266373403662111 ], [ 6555203839 ], [ 302134869571722931 ],, 
  [ 63290251963, 221531836387159, 396579199718899 ],, [ 120170710929067 ], 
  [ 4207729573, 17807689649904793 ],,, [ 10019549716404001, 199184405722238838001 ], 
  [ 3145870373755303081 ], [ 347820987931 ], [ 95610230698123, 44065701603692052866530588963 
     ], [ 599336236299539527 ],,, [ 1113451491271907363 ],,,, [ 25206044211779 ], 
  [ 194853637276381 ],,, [ 97515458891761, 1415016319783396591 ], [ 3754354631 ], 
  [ 1295641668205921 ], [ 37389442291 ], [ 103496180041 ],, [ 118699204060842806413 ], 
  [ 344461383463823 ],,, [ 1248312954001, 245256460670401 ], 
  [ 14968379915513, 69095589625957 ], 
  [ 17572968184411, 345198785724151, 44334644532121568854131943 ], [ 16109114971 ], 
  [ 28023334513157 ], [ 2704484376439831 ],,, [ 42214282633, 4698464706259891993 ], 
  [ 35353302329, 4197645159901 ],,,, [ 3958464581 ], [ 729123534613, 9196246584807948739 ], 
  [ 8433308791, 285068890021 ],,, [ 1484566312483 ],, [ 4340384161, 5975184601 ],, 
  [ 754362352153043 ],, [ 6876921122872321 ],, [ 11367608503 ],, 
  [ 250189473661, 2099049299833, 47879007754117 ],,,, [ 72206167393, 7546885236001 ],,,, 
  [ 207489043300529 ],,,, [ 51491952601 ],, [ 145717043970460683709 ], 
  [ 8813017193, 685977307159 ], [ 2248288268158369 ], [ 395006768577181 ],,, 
  [ 5980445399041 ],,,, [ 85418764000150781, 7028092347100516073 ],, [ 8011190549065853 ],, 
  [ 838784857431894481 ],, [ 152163407413 ],,, [ 1767609982093 ], [ 3395742967 ], 
  [ 5663778502147, 8336532890579 ], [ 27818947393, 55457052641 ],,, [ 15176257781 ], 
  [ 1188174313, 167988288055069, 17596428251044969 ],, [ 55364871816701 ],, 
  [ 3461199608578601, 1204982548331732897 ],,, [ 1284501762379301 ],, 
  [ 185426903143, 141720677755471 ], [ 1898938784850493 ], [ 278797834433 ], 
  [ 702056575491472193281 ], [ 2198418197, 2224080770627 ],,,, [ 1426249069239151 ], 
  [ 808893679661530831, 1440427846638663307 ],,,,, [ 547920306500663 ], [ 1543514244011941 ],
  , [ 134587201633, 271005243092162671, 146870553371952538207 ],, [ 10282023953 ],,, 
  [ 6289719353, 718378464799 ], 
  [ 110893807983690001, 5226475922844175001, 7206583641012538501 ], [ 556730945413 ], 
  [ 3078982893619, 23467916083766003 ],,,, [ 21210015095281 ],,,,,,,,,,,,,, [ 1574771586961 ]
   ,, [ 277928123034590191 ],,, [ 48235091101, 95772748051 ], [ 163752150448829 ],,,, 
  [ 1520255379281, 12618821715811 ], [ 17119940203, 178260202238113 ], 
  [ 2776063192141, 93014024872777 ],, [ 776239134259711, 871459712769573853 ],,,,,, 
  [ 379492357299661 ],,, [ 127514136781147 ],,, [ 268294529959 ],,,,,,,,,,,,, 
  [ 38004717349 ],,, [ 55595678029 ],,,,, [ 60464250631 ],,,,, [ 1825723893969792961 ], 
  [ 14867680092763999 ], [ 31151015996689 ],,, [ 28860193283 ], 
  [ 639009682562983, 85015497154013369 ],,,, [ 3110403817306795783 ],,, [ 6868957681 ],,,,,, 
  [ 6464461302073 ], [ 7540523633 ],, [ 7108407991081 ],, [ 918377290657633 ],, 
  [ 78401190661 ],, [ 2299821529286719201 ],, 
  [ 36156961597, 2805206830611767, 175559496021104399 ],, [ 84530969448493 ], [ 4730176771 ],
  ,,, [ 10520537918227 ],, [ 1097479423 ], [ 12683402454781, 811783220019193 ], 
  [ 1377258977 ], [ 210846150550463 ], [ 9826325863681 ],,,,, [ 6493097561 ], 
  [ 2021552479 ], [ 5054865869, 25941599207691697 ],, [ 3536073841, 19098438529 ],, 
  [ 4262092900739, 2391025624464041 ],,, [ 1316447939 ], [ 3582356537691541 ], 
  [ 3288836363 ], [ 50927852441 ], [ 19833764947 ],,,,,, [ 6277106593 ], [ 296932931201 ],, 
  [ 15475160181964429, 95269453564804399 ],,, [ 18051168661 ],,, [ 7701574609 ],, 
  [ 1803410071451 ],,,, [ 5295352981 ], [ 730192577341 ],,, [ 60835528181 ],,, 
  [ 6770481547 ], [ 7601851259 ],, [ 621607690241, 1782639480469321 ],, [ 43884513378847 ],,,
  , [ 1374105011, 289573667681 ], [ 5762672807 ], [ 25255415640001, 123530516351157217 ], 
  [ 5010511921 ],, [ 11638278451 ],,, [ 4586101960799461 ],,,, 
  [ 212953051433, 1227418433424019 ],,,,,, [ 13171922369 ], [ 5659224143 ], 
  [ 5673638380801, 58819836837361, 29351751277928971 ],, [ 994092236701 ],, [ 1971892686727 ]
   ,, [ 12804395521, 17873766465526022017, 28949585711766624399457 ],,,, [ 10455309901 ],, 
  [ 362130852819367711 ],, [ 5001065219641921 ], [ 2700935371, 10603068987031 ], 
  [ 278899174623593819 ], [ 39505164847 ], [ 4531018753 ], [ 6502662983 ],,, [ 639542667097 ]
   ,, [ 1091137120501 ], [ 1066925861 ], [ 7950953029 ],,,, [ 5554508216105521 ],, 
  [ 1538409227567 ],,,, [ 30832078003, 116402810870427818287 ],, [ 3593891393 ],, 
  [ 15682052478371 ],, [ 196726577092537 ],, [ 163520138321 ], [ 29906772211 ], 
  [ 21918239713 ],, [ 1227829051 ],, [ 360487004741 ],, [ 61597267612155493 ],, 
  [ 7478958424657 ],, [ 44607444493, 1061201920296053 ], [ 1738675369 ],,, 
  [ 6770196001, 148407183751 ],,,, [ 8557336763, 539781734077 ],,,,,,,,, [ 2064526927 ],, 
  [ 1049443846831 ],,,,,,,,, [ 6047561539, 37112376619 ],,,, [ 153564907046843 ],,,,,, 
  [ 3138787121 ],,,,,,,, [ 3340988061049 ],,,,,, [ 3708402132017227, 806724557216716741 ],,,
  , [ 988092569647, 57636990104807 ], [ 5792088787 ],,, [ 3693176952401 ],,,,,,,, 
  [ 3116056700791 ],, [ 22471164673 ],, [ 9786203533 ],,,,,,, [ 8113272751 ],, 
  [ 1894140953 ], [ 226168560181 ],, [ 103334192411, 1998960340991 ], [ 369612023773 ], 
  [ 248824950401 ],, [ 42007587541, 609933983809 ],,,,, [ 115559373029 ],,, 
  [ 3500860495717621 ],,,,,,, [ 3400366838293 ],, [ 21002194931 ], 
  [ 67840621837, 152673346868089, 9518891265017749 ],, [ 3579969709 ],, [ 4961427574001 ],,, 
  [ 60190628221 ], [ 5588284301 ],,,, [ 491460668353 ],, [ 1291875419 ], [ 4317642661 ],,, 
  [ 1643723464313604781 ],, [ 17715471939937 ], [ 2398700197 ],,,,, 
  [ 64806936001, 9397620869849257 ],,,, [ 1278067393, 235002579589, 566779762051777 ],,,,,,,
  , [ 1021607861, 114425047709041 ],,,, [ 1209228871 ],, [ 31692841820417 ],, 
  [ 1210268839522313 ],, [ 1530396001, 6525686701 ],,,, [ 237442184737, 549171677777 ],,,, 
  [ 1573188997, 376438783187969 ],, [ 11358455291, 540045715301 ],, [ 46200783388226833 ],, 
  [ 5013401564669 ],,,, [ 23074306276267 ],, [ 520355310161 ],,,, [ 677323536121 ], 
  [ 2380221101 ],, [ 11270082223 ], [ 67236698593, 90319441153 ],, 
  [ 3305441341, 1199448446979331 ],,,, [ 133447026469 ],,,, [ 3814528019 ],, 
  [ 32606504741, 83090510134921 ],,,,,, [ 55544601139633 ], [ 29765397539 ],,, 
  [ 36553279201, 401164076251 ],, [ 868441941361 ], [ 13496654747 ],,,,,,,,,,,,,,, 
  [ 1327031533701157769 ],,,,,, [ 634838803741379 ], [ 1277300701, 73916696101 ], 
  [ 5751477233 ],, [ 1505800785612605971 ],, [ 1416697801 ],,,, [ 4570211617 ], 
  [ 1925665151 ],,, [ 40465861498661 ],,,, [ 3993235489 ],, [ 1363025489953, 6550034443751 ],
  ,,, [ 597352633300469 ],,,, [ 3640527523, 315797210583618919 ],, 
  [ 177598224649, 1144043440997, 28364541189197 ],,,, [ 2053168201729 ], [ 638069254687 ], 
  [ 2677919051, 13942281391, 267394851942611 ], [ 3053575873 ],, [ 5570304661 ], 
  [ 66211227967 ],,, [ 11888249977 ],,, [ 1092569941, 32513902501 ],,,,, [ 1276330001 ],,,,,,
  ,,,,,,,,, [ 306422590241 ], [ 2666892097 ],,, [ 7702932673 ], [ 256393245461 ],,,,,,,, 
  [ 2228880889, 38868704551 ],,, [ 1260052993, 263315071009 ],,,, [ 65387617921 ],,,,,,,,,,, 
  [ 2842419007, 39062508031 ],,,, [ 1310039743651 ],,, 
  [ 1328291119, 310452338197, 1407448895161 ],,,,, [ 6950923597, 65267787757 ],,,,,, 
  [ 1164515617, 4815427321 ],,,,,,,,, [ 9810774937 ],,, [ 1359465371707 ],,,,,, 
  [ 23182712083 ],,,,,, [ 111427672231 ],,, [ 3116358577 ], [ 104188025323 ],,,,,,,,,,, 
  [ 10379220937 ],, [ 27073305011, 465467380681 ],,,,,, [ 221272295201 ],,, [ 9256621109 ], 
  [ 1010706901 ],,,,,,,,,,,, [ 16006054631041 ],,,,, [ 12451615489 ],,,,,,,,,,, 
  [ 2737752289 ],,,,,,, [ 910383906451 ],,, [ 57687332639 ], [ 10465325119 ],,,,,,,,, 
  [ 949739151097441 ],,,,,, [ 9600383269 ], [ 52669828151 ],,, [ 1259108783, 14633227373 ],,
  , [ 42093315757 ],,,, [ 13303665872281 ], [ 12357120008197 ],, [ 5400592313 ],,,,,,, 
  [ 4278160801 ],,,,,,, [ 33128198819 ],,, [ 2188732001 ],,,,,,,,, 
  [ 1527541453, 14026439810303 ],,,,,,,,,,, [ 495646837951 ],,,,,,, [ 1027889497 ],, 
  [ 47884237039 ], [ 25049325611 ],,,,,,,,,,,,,,,,, [ 1031223121 ],,,,,, [ 35715762108883 ],,
  ,,,,,,,,,, [ 1005863882761 ], [ 1559509927 ],,,,,, [ 40789062473 ],,, [ 88420936501 ],, 
  [ 1545186259, 230858547194563 ],,,,,,,,,,,,,,,,,,, [ 21905918431 ],,,, [ 194783236201 ], 
  [ 22473118279 ],,, [ 249163184617 ], [ 45072860771 ],,, [ 2454047669 ],,,,,,,,,, 
  [ 35382734407 ],,,,,,,,,,,,,,,, [ 1959086294119 ],,,,,,,,,,, [ 3181064651 ],,,,, 
  [ 28691368348501 ],,,, [ 28848442813 ],,,,,,,,,,,,, [ 13039930273 ],,,,,,,,,,, 
  [ 74941977367 ],,,,,, [ 45667567985651 ],,,,,,, [ 414530038033 ],,,,,, [ 2249683287877 ],,,
  ,,, [ 63805037372161 ], [ 4346620739 ],, [ 24134009617 ],,, [ 12160169431 ],,,,,,,, 
  [ 7531912081, 23723831587 ], [ 31840236559 ],,,,,, [ 2962636993, 250114924207 ], 
  [ 20029039951 ],,,,,, [ 8866127089 ],,,,,,,,,,,,,, [ 165079538821 ],,,,, [ 2630214101 ],,,,
  ,,,,, [ 8886143029 ],,,,,,,,,, [ 1373683699, 2684998873 ],,,,,, [ 29581207501 ],,,,,, 
  [ 5910681031, 76965193237 ],,,,,,,, [ 363946099681 ], [ 1207264111 ],,,, [ 35432039063 ],,,
  ,,, [ 23678498101 ], [ 2304206948611 ], [ 24169294921 ],,,,,,,,,,,,,,,,,,,, 
  [ 111819948520099 ],,,,, [ 5596283857 ],,,,,,,,,,,,,,,,,,,,, [ 1979611063 ], 
  [ 6761383007 ],,,,,,, [ 10997258929, 1322381044489 ],, [ 1258494499 ],,,,,,,,,,,,,,,, 
  [ 2546736212827 ],,,,,,,,,,,,,,,,,,,,,,,,,,,,,,,, [ 5063181803 ],,,,,, [ 21456777787 ],,,,,
  ,,,,,,,,, [ 2001196913, 8243248183 ],,, [ 1699744679, 76579717033 ], [ 1908529451 ],,,,,, 
  [ 3548208269, 72999757403 ],,, [ 11094774913 ],,,,,,,,,,,,,, [ 96971262587 ],, 
  [ 106550466771841 ],,,, [ 4142922913 ],,,,,,, [ 439339870027 ],,,,, [ 4822046849 ], 
  [ 2091545713 ],, [ 157797554077 ], [ 3803399801 ],, [ 127344176131 ],,,,,,,,,,,,,,,,,,,,,,,
  ,,,,,,,,, [ 8059706563, 8603310361 ],,,,,,,,,,,,,,,,,,,,,,,,,,,,,,,,, [ 7379877673411 ],,,,
  , [ 885261604968581 ], [ 26550065089 ],,,,,,, [ 1068615881, 10083641261 ],,,, 
  [ 45810251329 ],,, [ 101919656530567 ],,,,,, [ 1275156499 ],,,, [ 4196961787 ],,, 
  [ 1597935601 ],,,,,,,,,, [ 2670658621 ],, [ 4971756541 ],,,,,,,, [ 1490618221 ],,,,,,,,, 
  [ 2436184491749 ],,, [ 65430995689 ],,,, [ 24902705341 ],,,,, [ 1548299411 ],,,, 
  [ 1089203131 ], [ 69514318043 ],,,,,,,,, [ 1372540471, 9668760851 ],,,,, [ 20976505261 ],,,
  ,,,,,,,,,,,,,,,,,,,, [ 2077724797 ],, [ 2475860791 ],,,,,,,,,,,, [ 2233121843 ],,,,,,,,,, 
  [ 1418651627 ], [ 3523093381 ],,, [ 1596873164251 ],,, [ 209817403753 ],,,, 
  [ 76810945807 ],,,,,,, [ 3802340851 ],,,,, [ 5342826721 ],,,,,,,,,,,,,,,, [ 1917170011 ],,,
  ,, [ 4589427047 ],,,,, [ 60991162657 ],,,, [ 2671489801 ],,,,,,,,, [ 767290887331 ],, 
  [ 103281988627 ],,,, [ 3608119601 ], [ 3734264561, 467148182530849 ],,,,,,,,,,,,,,,,,,,,,,,
  ,,,,,,,,,,,,,,,,,,,,,,,,,,,,,,,,,, [ 1731411228023 ],,,,,,,,,,,,,,,,,,,,,,,,,,,,,,,, 
  [ 232440612601 ],, [ 1027687597 ],, [ 9843172327 ],,,,,,,,,,, [ 2333560321 ],,,,,,,,,,,,,,
  , [ 115665155311 ], [ 6633028849 ],,,,,,,, [ 46674955057 ],,,,,,,,,,,,, [ 7512648709 ],,,,,
  ,,,,,,,,,, [ 1328532349 ],,,,,, [ 241734716747 ],,,,,,,,,,,,,,,,,,,,,,, [ 18972254075231 ],
  ,,,, [ 14977591093 ],,,,,,, [ 549824672261 ],,,,,,,,, [ 76889977147 ],, [ 4527539017 ],,,,,
  ,,, [ 12879733873 ],,,,,,,,,,,,,,,,,, [ 13437760700261 ],, [ 19559065849, 39184686353 ],,,,
  ,,, [ 1552439029 ],,,,,,, [ 1656896389 ],,,,,,,,,,,, [ 5915904583 ],,,,,,, [ 2320324241 ],,
  ,,,,,,, [ 11319029009 ],, [ 1876046737 ],,,,,,,,,, [ 2308369669 ],, [ 205863286861 ],,,, 
  [ 3418969217 ],,,,,,,,,,,,,,,,,,,, [ 160019404249 ],,,,,,, [ 1552612370717 ],,,, 
  [ 5730172603 ],,,, [ 810371469451 ],,,,, [ 1221124417 ],,, [ 1905726521 ], [ 1362956737 ],,
  , [ 5472543169 ],,,,,,,,,,,,, [ 8425872797 ],, [ 4218630313 ],,,,,,,,,,,, [ 2152940623 ],,,
  ,,,,, [ 2745430183 ],, [ 716402403389 ],,, [ 28350815851 ],,, [ 27334833139 ],,,,,,,,,, 
  [ 4061703689 ], [ 33059292883 ],,,,,,,,,,,,,,, [ 40598201737 ],, [ 1427783611 ],,,,,, 
  [ 19106494681 ],,,,,,,,,,,,,,,,,,,, [ 428915794753 ],,,,, [ 164471191831 ],,,,,,,,,,,,,, 
  [ 916480376431 ],,,,,,,,,,, [ 57181983839 ],,,,,,,,, [ 1489247191, 8528944961 ],, 
  [ 1388091979, 3405131731 ],,,,,, [ 102271089889 ],,,,, [ 57180233137 ],,,,,,,,,,,,,,,,,,,,,
  ,,,,,,,,,,, [ 14408380001 ],,,, [ 1630274273 ],,,,,,,,,, [ 108960644131 ],,,,,,,,,,,,,,,,,,
  ,,, [ 7301854561 ],,,,, [ 74993797181 ], [ 1205215250779 ], [ 11103326359 ],,,,,,,,,, 
  [ 2361927041 ],, [ 2986762531, 7099264411 ],,,,,,,,,,,,,,,, [ 476052716401 ],,,,,,,,,,,,,,,
  ,,,,,,,,,,,,,,,,,,,,,,,,,,,,,,,,, [ 3908346751 ],,,,,,,,,,,,,,,,,,,,,,,,,,,,,,,,,,,,,,,,,,,
  ,,,,,,, [ 5248321517 ],, [ 2216244181 ],,, [ 174795873913 ], [ 37246795783 ], 
  [ 7209456701 ],,,,,,,,,, [ 1680278371 ],,,,,,,,,, [ 1282227101, 26834319821 ],, 
  [ 79492257223 ],,, [ 8048184301 ],,,,, [ 3047880391 ],,,,,,,,,,,, [ 2361442513 ],,,,,,,,,,
  , [ 28175206841 ],, [ 1830931831 ],,,,,, [ 295721120881 ],,,,,, [ 26371503073 ],,,,,,,,,,,,
  , [ 3363485831 ],,,,,,,,,,, [ 15516753823 ],,,, [ 1330912981 ],, [ 3040329601 ],,,,,,,, 
  [ 4177355881 ],, [ 1579975697 ],,,, [ 2646298817 ], [ 7764381337 ],,,,, [ 1296267947993 ],,
  ,,,,,,,,,,,,,,,,,, [ 1111367077 ],,,,,,,,,,, [ 2266332631 ],,,,,,,,,,, [ 2229530473 ],,,,,,
  ,,,,,,,,,, [ 4481018471551 ],,,, [ 21807639467 ],,,,,,,, [ 125300881423 ],,,, 
  [ 1047660569 ],,,,, [ 6409966861, 177187503043 ],,,,,,, [ 18321304831 ],,,,,,,,,,,,,, 
  [ 69868837309 ],,,, [ 16748552641 ],,,,,,,,,,,,,, [ 11613524821 ],,,,,,,,,,,,,,,,,, 
  [ 8962288849 ],,,,,,,,,,,,,,,,,,,,,,,,,,,,,, [ 16665141277 ],,,,,,,,,,,, [ 11962770931 ],,,
  ,,,,,,, [ 33893143241 ],,,,,,,,,,,, [ 53087100881 ],,,,, [ 70220501209 ],,,,,,,,,,,,, 
  [ 22733693221 ],,,,,,,, [ 2215546999, 807487436449 ],,,,,,,,,,,,,,,,,,,,,,,,,,,, 
  [ 3572172133 ],,,, [ 1930869601 ],, [ 1082861809 ],,,, [ 1959797428321 ],,,,,,,, 
  [ 4036651481 ],,,,, [ 1213998193 ],,,,,,,,,,,, [ 6275596471 ],,, [ 1584815173 ],, 
  [ 2215427057, 48447794805547 ], [ 3907181189773 ],,,,,,,,,,,,,,,,,,,,,,,,,,,,,,,,,,,,,,,,,,
  ,,, [ 56501467921 ],,,,,,,, [ 120139737821 ], [ 2363998267 ],,,,,,,,,,,,,,,,, 
  [ 2683065223 ],,,,,,,,,,,,,,,,,, [ 82013009537 ],, [ 2479459711 ],,,, [ 4172842981 ],,,,,,,
  ,,,,,,,,, [ 32236591531 ],,,,,,,,,, [ 1653261428857 ],,,,,,,,,,,,,,,, [ 3263116793 ],,,,,,,
  ,,,,,,,,,,, [ 192598842673 ],, [ 2138266381, 9258287759957 ],,,,,, 
  [ 1037598251, 104601705001 ],,,,,, [ 4102924673 ],,,, [ 1050505661 ],, [ 5012535991 ],,,, 
  [ 23621723857 ],,,,,, [ 11853621641 ],,,,,,,, [ 3715666001 ],,,, [ 2046119189 ],, 
  [ 9782477863 ],,,,,,,, [ 3603863287 ],,,, [ 119111989439, 1139317499311 ],,,,,,,,,,,,,,,,, 
  [ 1243443241 ],,,,,,,,,,,,,,,,,, [ 3279125389 ], [ 47302922027 ],,,,,,,, [ 7345130307817 ],
  ,,, [ 1600147543 ],, [ 31829961637 ],, [ 59858292451 ],, [ 165299757041 ],,,,,, 
  [ 21978768169 ],,,,,,,,,,,,,, [ 133941582517 ],,,,,,,,,,,,,,,,,, [ 11044745431 ],,, 
  [ 1425433231 ],,,,,,,,,,,,,,,,,,,,,,,,,,,,,,,,,,,,, [ 8054693011 ],,,,,,,,,,,, 
  [ 1043762407, 17690569255423 ],,,,,,,,,,,,,,,,,,,,,, [ 10855874633 ],,,, [ 19491318313 ],,,
  ,,,,,,,,,,,,,,,,,,,,,,,, [ 2902092933841 ],,, [ 1504524781 ],,,, [ 31350334747 ],,,,, 
  [ 3372296131 ], [ 2865579961, 1721062191773 ],, [ 351840771361 ],,,,,, [ 5820003157 ],,,,,,
  ,,,,,,,,,,,,,, [ 1295353489 ],,,,,, [ 717232341827 ],,,,,,, [ 6941041927 ],,,,, 
  [ 1178060529377 ],,,,,,,,,,,,,,,,,,,,,, [ 5658544393 ],,,,,,,,, [ 4109965891 ],,,,,,,,, 
  [ 422280052291639 ],,,,,, [ 10673467201, 27969634801 ],,,,,,,,,,,,,,,,,,,,,,,,,,,,,,,, 
  [ 1165436161 ],, [ 1317517311281 ],, [ 117313932889 ],,,,,,,,,,,,,,,,,,,,,,,,,,,,,,,,,,,,,
  , [ 4385885263 ],,,, [ 60505865857 ],, [ 96112127681 ],,,,,,,, [ 3999027481 ],,,, 
  [ 3985764668341 ],,,,,,,,,,,, [ 477387386965553 ],,,, [ 867208262689, 4767334181641 ],, 
  [ 39214748231 ],,,,,, [ 78193131061 ], [ 43782654511 ],,,,,,,,,,,,,,, [ 619266303781 ],,,,,
  ,,,,,,,,,,,,, [ 1707150001 ],, [ 7738837681 ],,,,,, [ 1984099987 ],,,,,,,,,,,,,,,,,,,,,, 
  [ 126632827441 ],,,,,,,,,,,,,, [ 1520532763 ],,,,,,,,,, [ 6119513821 ],, [ 4910984563 ],,,
  , [ 102046327531 ],,,,,,,, [ 1148725439821 ],,,,,,,,,,,,,,,, [ 7572782611 ],,,,,,,, 
  [ 3380456699 ],,,,,,,,,, [ 67824390457 ],, [ 1527475091 ],,,,,,,,,, [ 42716786617 ],, 
  [ 3762217231 ],,,,,,,,,,,,,,,,,,,, [ 6337747349 ],,,,,,,,,,,, [ 6815921963 ],, 
  [ 56506635901 ],,,,,,,,,,,, [ 1426268257 ],,,,,,,,,,,, [ 6873286249 ],,,,,,,,,,,,,,,,,, 
  [ 10003274389 ],,,,,,,,,,,,,,,,,, [ 6094911241 ],,,,,,,,,,,,,, [ 1254000270101 ],,,,,,,,,,,
  ,,,,,,,,,,,,, [ 1371581867 ],, [ 45926100001, 508573384001 ],,,, [ 6460674221 ],,,,,,,,,,,,
  ,,,,,, [ 56869531531, 11104172645681 ],, [ 1177156817 ],,,,,,,,,,,, [ 3222604741 ],,,,,,,,,
  ,,,,,,,,,,,,,,,,,,,,,,,,, [ 100215797221 ],,,,,, [ 8380508713 ],,,,,,,,,,,,,,,,,,,,,,,,,,,,
  ,,,,,,,,,,,,,,,,,,,,,,,,,,,,,,,,,, [ 1305443827 ],,,,,,,,,,,,,, [ 1378538737, 17013314089 ]
   ,,,,,,,,,,,,,,,,,,,,,,,,,,,, [ 6378307981 ],,,,,,,,,,,,,, [ 1791798427 ],,,,,,,,,,,,,,,,,
  , [ 41726139603409 ],,,,,, [ 1758163633 ],,,, [ 1430107205239 ],,,,,,,,,, 
  [ 353400498491137 ],,,,,,,,,,,,,,,,,,,,,,,,,,,,,,,,,,,,,, [ 15580576691 ],,,,,,,,,,,,,,,, 
  [ 371470384471 ],,,,,,,,,, [ 22553935561 ],,,,,,,,,,,,,, [ 1183987171 ],,,,,,,, 
  [ 1994462611, 8598416129 ],,,,,, [ 1110649669 ],,,,,, [ 2302906171 ],,,,,,,,,,,,,,,,,,,,,,,
  ,,,,,,,,, [ 41755860043 ],,,, [ 6389007931 ],,,,,,,,,,,,,,,,,, [ 3409826977 ],, 
  [ 501353269567 ],,,,,,,, [ 100050281501 ],,,, [ 14919163879 ],,,,,,,,,, [ 13632771473 ],,,,
  ,,,,,,,,,,,, [ 1293436160297 ],,,, [ 152316650989 ],, [ 20737339451 ],,,, [ 5469250321 ],,,
  ,,,,,,, [ 1258331933 ],,,,,,,, [ 16855553045857 ],,, [ 1117358551 ],,,,,,,,,,,,,,,,,,,,,,,,
  ,,,,, [ 123133164493 ],,,,,,,,,,,,,,,,,,,,,,,, [ 17262547513 ],,,,,,, [ 913160619211 ],,,,,
  ,, [ 1058509696693 ],,,,,,,,,,,,,, [ 11617752889 ],,,, [ 6955597801, 47050675949941 ],,,,,,
  ,,,,,,,,,,,, [ 47470658401 ],, [ 7097886241 ],,,,,,,,,,,,,,,,,,,,,,,,,,,,,,,,,,,, 
  [ 352729202809 ],,,,,,,,,,,,,,,,,, [ 2213608027 ],,,,,,,,,,,,,, [ 81867880693 ],,,,,,,,,,,,
  ,,,,,,,,,, [ 4968813301 ],,,,,,,,,,,,,,,,,,,,,,,,,,,,,,,,,,,,,,,,,,,,,,,,,,,,,, 
  [ 78735424993 ],,,,,,,,,,,,,,,,,,,,,,,, [ 122275848049 ],,,,,, [ 1459175023 ],,,,,, 
  [ 2090671801 ],,,,,, [ 3432079393 ],,,,,,,,,,,,,,,,,,,,,,,,,,,,,,,,,,,,,,,,,, 
  [ 2417264893 ],,,,,, [ 2118818563 ],,,,,,,,,,,,,,,,,,,,,,,,,,,,,,,,,,,,,,,,,,,,,,,,,,,,,,,,
  ,,,,,,,,,,,,,,,,,,,,,, [ 2159248203169, 3425379451201 ],,,,,,,, [ 3088849681 ],,,,,,,,,, 
  [ 32434289311 ],,,,,,,,,,,,,,,,,,,,,,,,,,,,,,,,,,,,,,,,,,,,,,,, [ 1684993741 ],,,,,,,,,,,,,
  ,,,,,,,,,,,,,,,,,,,,,,,,,,,,,,,,,,,,,,,,, [ 162850446721 ],,,,,,,,,,,,,,,,,, 
  [ 2093448541 ],,,,,,,,,,,,,,,,,, [ 30858721501 ],, [ 46947178051 ],,,,,,,,,,,,,,,,,,,,,,,,,
  ,,,,, [ 134448283421 ],,,,,,,,,,,,,,,,,,,,,,,,,,,,,,,,,,,, [ 8436073552817 ],,,,,,,,,, 
  [ 1987107127 ],,,,,,,,,,,,,, [ 1119206401 ],,,,,,,,,,,,,,,,,,,,,,,,,,,, [ 70572897253 ],,,,
  ,,,,,,,,,,,,,,,,,,,,,,,,,, [ 1892149939, 4159389019 ],,,,,,,,,,,,,,,,,,,,,,,,,,,,,,,,,,,,,,
  ,,,,,,,,,,,,,,,, [ 9175007857 ],,,,,, [ 4241166697 ],,,,,,,,,,,,,,,,,,,,,,,,,,,,,,,,,,,,,,,
  , [ 1833709151 ],,,,,,,,,,,,,,,,,,,,,,,,,,,,,,,, [ 2453904991 ],,,,,,,,,,,,,,,,,,,, 
  [ 69651954971 ],,,,,,,,,,,,,,,,,,,,,,,,,,,,,,,,,,,,,,,,,,,,,, [ 1184316673 ],,,, 
  [ 351845387981 ],,,,,,,,,,,,,,,,,,,,,,,,,,,,,,,,,,,,,,,,,,,,,,,,,, [ 4426933622611 ],,,,,, 
  [ 35520264541 ],,,,,,,,,,,,,,,,,, [ 85633957567 ],,,,,,,,,,,,,,,,,,,,,,,,,,,,,,,,,,,,,,,,,,
  ,,,, [ 6161001001 ],,,,,,,,,,,,,,,,,,,,,,,,,, [ 25616712421 ],,,,,, [ 15664886953 ],,,,,,,,
  ,,,,,,,,,,,,,,,,,,,,,,,,,,,,,,,,,,,,,,,,,,,,,,,,,,,,,,,,,, [ 1867284112159 ],,,,,,,,,,,,,,,
  ,,, [ 2628546337 ],,,,,, [ 881453564226553 ],,,,,,,,,,,,,,,,,,,,,,,, [ 11126408467 ],,,,,,,
  ,,,,,,,,,,,,,,,,,,,,,,,,,,,,,,,,,,, [ 246733102729 ],,,,,,,,,,,, [ 72939280501 ],,,,,,,,,,,
  , [ 1073416177, 4430518513 ],,,,,, [ 8112841351 ],,,,,,,,,,,,,,,,,,,,,,,,,,,,,,,,,,,,,,,,,,
  ,,,,,,,,,,,,,,,,,,,,,,,,,,,,,,,,,,,,,,,,,,,,,,,,,,,,,,,,,,,,,,,,,,,,,, [ 15275512925531 ],,
  ,,,,,,,,,,,,,,,,,,,,,,,,,,,,,,,,,,,,,,,,,, [ 2967997099 ],,,,,,,,,,,,,,,,,,,,,,,,,,,,,,,,,,
  ,,,,,,,,,,,,,,,,,,,,,,,,,, [ 1729863719717779 ],,,,,, [ 2303490421 ],,,,,,,,,,,,,,,,,,,,,,,
  ,,,,,,,,,,,,,,,,,,,,,,,,,,,,,,,,,,,,,,,,,,,,,,,,,,,,,,,,,,,,,,,,,,,,,,,,,,,,,,,,,,,,,,,,,,,
  ,,,,,,,,,,,,,,,,,,,,,,,,,,,,,,,,,,,,,,,,,, [ 2094908689 ],,,,,, [ 9103756861 ],,,,,,,,,,,,,
  ,,,,, [ 9281567521 ],,,,,, [ 423474685189 ],,,,,,,,,,,,,,,,,,,,,,,,,,,,,,,,,,,,,,,,,,,,,,,,
  ,,,,,,,,,,,,,,,,,,,,,,,,,,,,,,,,,,,,,,,,,,,,,,,,,,,,,, [ 4178595637 ],, [ 8193409421 ],,,, 
  [ 673236640753 ],,,,,, [ 2478652801 ],,,,,,,,,,,,,,,,,,,,,,,,,,,,,,,,,,,,,,,,,,,,,,,,,,,,,,
  ,,,,,,,,,,,,,,,,,,,,,,,, [ 2514096469 ],,,,,,,,,,,,,,,,,, [ 2246035969 ],,,,,,,,,,,,,,,,,,,
  ,,,,,,,,,,,,,,,,,,,,,,,,,,,,,,,,,,,,,,,,, [ 1458096121 ],,,,,,,,,,,,,,,,,, [ 167246544463 ]
   ,,,,,,,,,,,,,,,,,,,,,,,,,,,,,,,,,,,,,,,,,,,,,,,,,,,,,,,,,,,,,,,,,, [ 77147607601 ],,,,,,,,
  ,,,,,,,,,,,,,,,,,,,,,,,,,,,,,,,,,, [ 5882022229 ],,,,,,,,,,,,,,,,,,,,,,,,,,,,,,,,,,,,,,,,,
  , [ 24221737633 ],,,,,,,,,,,, [ 4011491521 ],,,,,,,,,,,,,,,,,,,,,,,, [ 1764265801 ],,,,,,,,
  ,,,,,,,,,,,,,,,, [ 15277679713 ],,,,,,,,,,,,,,,,,,,,,,,,,,,,,,,,,,,,,,,,,,,,,,,,,,,,,, 
  [ 1275531391 ],,,,,,,,,,,,,,,,,,,,,,,,,,,,,,,,,,,,,,,,,,,,,,,,,,,,,,,,,,,,,,,,,,,,,,,,,,,,,
  ,,,,,,, [ 176293035157 ],,,,,,,,,,,,,,,,,,,,,,,, [ 3067631902297 ],,,,,,,,,,,,,,,,,,,,,,,,,
  ,,,,,,,,,,,,,,,,,,,,,,,,,,,,,,,,,,, [ 82904840929 ],,,,,,,,,,,,,,,,,,,,,,,,,,,,,,,,,,,, 
  [ 5927438060347 ],,,,,,,,,,,,,,,,,, [ 166731034201 ],,,,,,,,,,,,,,,,,,,,,,,,,,,,,,,,,,,,,,,
  ,,,,,,,,,,,,,,,,,,,,,,,,,,,,,,,,,,,,,,,,,,,,,,,,,,, [ 7375966831 ],,,,,,,,,,,,,,,,,,,,,,,,,
  ,,,,,,,,,,,,,,,,,,,,,,,,,,,,,,,,,,,,,,,,,,,,,,,,,,,,,,,,,,,,,,,,,,,,,,,,,,,,,,,,,,,,,,,,,,,
  ,,,,,,,,,,,,,,,,,,,,,,,,,,,,,,,,,,,,,,,,,,,,,,,,,,,,,,,,,,,,,,,,,,,,,,,,,,,,,,,,,,,,,,,,,,,
  ,,,,,,,,,,,,,,,,,,,,,,,,,,,,,,,,,,,,,,,,,,,,,,,,,,,,,,,,,,,,,,, [ 53947898401 ],,,,,, 
  [ 1175369959 ],,,,,,,,,,,,,,,,,,,,,,,,,,,,,,,,,,,,,,,,,,,,,,,,,,,,,,,,,,,,,,,,,,,,,,,,,,,,,
  ,,,,,,,,,,,,,,,,,,,,,,,,,,,,,,,,,,,,,,,,,,,,,,,,,,,,,,,,,,,,,,,,,,, [ 156831138361 ],,,,,,,
  ,,,,,,,,,,,,,,,,,,,,,,,,,,,,,,,,,,,,,,,,,,,,,,,,,,,,,,,,,,,,,,,,,,,,,,,,,,,,,,,,,,, 
  [ 1695144240001 ],,,,,,,,,,,,,,,,,,,,,,,,,,,,,,,,,,,,,,,,,,,,,,,,,,,,,,,,,,,,,,,,,,,,,,,,,,
  ,,,,,,,,,,,,,,,,,,,,,,,,,,,,,,,,,,,,,,,,,,,,,, [ 10142928661 ],,,,,,,,,,,,,,,,,,,,,,,,,,,,,
  ,,,,,,,,,,,,,,,,,,,,,,,,,,,,,,, [ 12195294721 ],,,,,,,,,,,,,,,,,,,,,,,,,,,,,,,,,,,,,,,,,,,,
  ,,,,,,,,,,,,,,,,,,,,,,,,,,,,,,,,,,,,,,,,,,,,,,,,,,,,,,,,,,,,,,,,,,,,,,,,,,,,,,,,,,,,,,,,,,,
  ,,,,,,,,,,,,,,,,,,,,,,,,,,,,,,,,,,,,,,,,,,,,,,,,,,,,,,,,,,,,,,,,,,,,,,,,,,,,,,,,,,,,,,,,,,,
  ,,,,,,,,,,,,,,,,,,,,,,,,,,,,,,,,,,,,,,,,,,,,,,,,,,,,,,,,,,,,,,,,,,,,,,,,,,,,,,,,,,,,,,,,,,,
  ,,,,,,,,,,,,,,,,,,,,,,,,,,,,,,,,,,,,,,,,,,,,,,,,,,,,,,,,,,,,,,,,,,,,,,,,,,,,,,,,,,,,,,,,,,,
  ,,,,,,,,,,,,,,,,,,,,,,,,,,,,,,,,,,,,,,,,,,,,,,,,,,,,,,,,,,,,,,,,,,,,,,,,,,,,,,,,,,,,,,,,,,,
  ,,,,,,,,,,,,,,,,,,,,,,,,,,,,,,,,,,,,,,,,,,,,,,,,,,,,,,,,,,,,,,,,,,,,,,,,,,,,,,,,,,,,,,,,,,,
  ,,,,,,,,,,,,,,,,,,,,,,,,,,,,,,,,,,,,,,,,,,,,,,,,,,,,,,,,,,,,,,,,,,,,,,,,,,,,,,,,,,,,,,,,,,,
  ,,,,,,,,,,,,,,,,,,,,,,,,,,,,,,,,,,,,,,, [ 21320972401 ],,,,,,,,,,,,,,,,,,,,,,,,,,,,,,,,,,,,
  ,,,,,,,,,,,,,,,,,,,,,,,,,,,,,,,,,,,,,,,,,,,,,,,,,,,,,,,,,,,,,,,,,,,,,,,,,,,,,,,,,,,,,,,,,,,
  ,,,,,,,,,,,,,,,,,,,,,,,,,,,,,,,,,,,,,,,,,,,,,,,,,,,,,,,,,,,,,,,,,,,,,,,,,,,,,,,,,,,,,,,,,,,
  ,,,,,,,,,,,,,,,,,,,,,,,,,,,,,,,,,,,,,,,,,,,,,,,,,,,, [ 1994047981 ],,,,,,,,,,,,,,,,,,,,,,,,
  ,,,,,,,,,,,,,,,,,,,,,,,,,,,,,,,,,,,,,,,,,,,,,,,,,,,,,,,,,,,,,,,,,,,,,,,,,,,,,,,,,,,,,,,,,,,
  ,,,,,,,,,,,,,,,,,,,,,,,,,,,,,,,,,,,,,,,,,,,,,,,,,,,,,,,,,,,,,,,,,,,,,,,,,,,,,,,,,,,,,,,,,,,
  ,,,,,,,,,,,,,,,,,,,,,,,,,,,,,,,,,,,,,,,,,,,,,,,,,,,,,,,,,,,,,,,,,,,,,,,,,,,,,,,,,,,,,,,,,,,
  ,,,,,,,,,,,,,,,,,,,,,,,,,,,,,,,,,,,,,,,,,,,,,,,,,,,,,,,,,,,,,,,,,,,,,,,,,,,,,,,,,,,,,,,,,,,
  ,,,,,,,,,,,,,,,,,,,,,,,,,,,,,,,,,,,,,,,,,,,,,,,,,,,,,,,,,,,,,,,,,,,,,,,,,,,,,,,,,,,,,,,,,,,
  ,,,,,,,,,,,,,,,,,,,,,,,,,,,,,,,,,,,,,,,,,,,,,,,,,,,,,,,,,,,,,,,,,,,,,,,,,,,,,,,,,,,,,,,,,,
  , [ 56417250295561 ],,,,,,,,,,,,,,,,,,,,,,,,,,,,,,,,,,,,,,,,,,,,,,,,,,,,,,,,,,,,,,,,,,,,,,,
  ,,,,,,,,,,,,,,,,,,,,,,,,,,,,,,,,,,,,,,,,,,,,,,,,,,,,,,,,,,,,,,,,,,,,,,,,,,,,,,,,,,,,,,,,,,,
  ,,,,,,,,,,,,,,,,,,,,,,,,,,,,,,,,,,,,,,,,,,,,,,,,,,,,,,,,,,,,,,,,,,,,,,,,,,,,,,,,,,,,,,,,,,,
  ,,,,,,,,,,,,,,,,,,,,,,,,,,,,,,,,,,,,,,,,,,,,,,,,,,,,,,,,,,,,,,,,,,,,,,,,,,,,,,,,,,,,,,,,,,,
  ,,,,,,,,,,,,,,,,,,,,,,,,,,,,,,,,,,,,,,,,,,,,,,,,,,,,,,,,,,,,,,,,,,,,,,,,,,,,,,,,,,,,,,,,,,,
  ,,,,,,,,,,,,,,,,,,,,,,,,,,,,,,,,,,,,,,,,,,,,,,,,,,,,,,,,,,,,,,,,,,,,,,,,,,,,,,,,,,,,,,,,,,,
  ,,,,,,,,,,,,,,,,,,,,,,,,,,,,,,,,,,,,,,,,,,,,,,,,,,,,,,,,,,,,,,,,,,,,,,,,,,,,,,,,,,,,,,,,,,,
  ,,,,,,,,,,,,,,,,,,,,,,,,,,,,,,,,,,,,,,,,,,,,,,,,,,,,,,,,,,,,,,,,,,,,,,,,,,,,,,,,,,,,,,,,,,,
  ,,,,,,,,,,,,,,,,,,,,,,,,,,,,,,,,,,,,,,,,,,,,,,,,,,,,,,,,,,,,,,,,,,,,,,,,,,,,,,,,,,,,,,,,,,,
  ,,,,,,,,,,,,,,,,,,,,,,,,,,,,,,,,,,,,,,,,,,,,,,,,,,,,,,,,,,,,,,,,,,,,,,,,,,,,,,,,,,,,,,,,,,,
  ,,,,,,,,,,,,,,,,,,,,,,,,,,,,,,,,,,,,,,,,,,,,,,,,,,,,,,,,,,,,,,,,,,,,,,,,,,,,,,,,,,,,,,,,,,,
  ,,,,,,,,,,,,,,,,,,,,,,,,,,,,,,,,,,,,,,,,,,,,,,,,,,,,,,,,,,,,,,,,,,,,,,,,,,,,,,,,,,,,,,,,,,,
  ,,,,,,,,,,,,,,,,,,,,,,,,,,,,,,,,,,,,,,,,,,,,,,,,,,,,,,,,,,,,,,,,,,,,,,,,,,,,,,,,,,,,,,,,,,,
  ,,,,,,,,,,,,,,,,,,,,,,,,,,,,,,,,,,,,,,,,,,,,,,,,,,,,,,,,,,,,,,,,,,,,,,,,,,,,,,,,,,,,,,,,,,,
  ,,,,,,,,,,,,,,,,,,,,,,,,,,,,,,,,,,,,,,,,,,,,,,,,,,,,,,,,,,,,,,,,,,,,,,,,,,,,,,,,,,,,,,,,,,,
  ,,,,,,,,,,,,,,,,,,,,,,,,,,,,,,,,,,,,,,,,,,,,,,,,,,,,,,,,,,,,,,,,,,,,,,,,,,,,,,,,,,,,,,,,,,,
  ,,,,,,,,,,,,,,,,,,,,,,,,,,,,,,,,,,,,,,,,,,,,,,,,,,,,,,,,,,,,,,,,,,,,,,,,,,,,,,,,,,,,,,,,,,,
  ,,,,,,,,,,,,,,,,,,,,,,,,,,,,,,,,,,,,,,,,,,,,,,,,,,,,,,,,,,,,,,,,,,,,,,,,,,,,,,,,,,,,,,,,,,,
  ,,,,,,,,,,,,,,,,,,,,,,,,,,,,,,,,,,,,,,,,,,,,,,,,,,,,,,,,,,,,,,,,,,,,,,,,,,,,,,,,,,,,,,,,,,,
  ,,,,,,,,,,,,,,,,,,,,,,,,,,,,,,,,,,,,,,,,,,,,,,,,,,,,,,,,,,,,,,,,,,,,,,,,,,,,,,,,,,,,,,,,,,,
  ,,,,,,,,,,,,,,,,,,,,,,,,,,,,,,,,,,,,,,,,,,,,,,,,,,,,,,,,,,,,,,,,,,,,,,,,,,,,,,,,,,,,,,,,,,,
  ,,,,,,,,,,,,,,,,,,,,,,,,,,,,,,,,,,,,,,,,,,,,,,,,,,,,,,,,,,,,,,,,,,,,,,,,,,,,,,,,,,,,,,,,,,,
  ,,,,,,,,,,,,,,,,,,,,,,,,,,,,,,,,,,,,,,,,,,,,,,,,,,,,,,,,,,,,,,,,,,,,,,,,,,,,,,,,,,,,,,,,,,,
  ,,,,,,,,,,,,,,,,,,,,,,,,,,,,,,,,,,,,,,,,,,,,,,,,,,,,,,,,,,,,,,,,,,,,,,,,,,,,,,,,,,,,,,,,,,,
  ,,,,,,,,,,,,,,,,,,,,,,,,,,,,,,,,,,,,,,,,,,,,,,,,,,,,,,,,,,,,,,,,,,,,,,,,,,,,,,,,,,,,,,,,,,,
  ,,,,,,,,,,,,,,,,,,,,,,,,,,,,,,,,,,,,,,,,,,,,,,,,,,,,,,,,,,,,,,,,,,,,,,,,,,,,,,,,,,,,,,,,,,,
  ,,,,,,,,,,,,,,,,,,,,,,,,,,,,,,,,,,,,,,,,,,,,,,,,,,,,,,,,,,,,,,,,,,,,,,,,,,,,,,,,,,,,,,,,,,,
  ,,,,,,,,,,,,,,,,,,,,,,,,,,,,,,,,,,,,,,,,,,,,,,,,,,,,,,,,,,,,,,,,,,,,,,,,,,,,,,,,,,,,,,,,,,,
  ,,,,,,,,,,,,,,,,,,,,,,,,,,,,,,,,,,,,,,,,,,,,,,,,,,,,,,,,,,,,,,,,,,,,,,,,,,,,,,,,,,,,,,,,,,,
  ,,,,,,,,,,,,,,,,,,,,,,,,,,,,,,,,,,,,,,,,,,,,,,,,,,,,,,,,,,,,,,,,,,,,,,,,,,,,,,,,,,,,,,,,,,,
  ,,,,,,,,,,,,,,,,,,,,,,,,,,,,,,,,,,,,,,,,,,,,,,,,,,,,,,,,,,,,,,,,,,,,,,,,,,,,,,,,,,,,,,,,,,,
  ,,,,,,,,,,,,,,,,,,,,,,,,,,,,,,,,,,,,,,,,,,,,,,,,,,,,,,,,,,,,,,,,,,,,,,,,,,,,,,,,,,,,,,,,,,,
  ,,,,,,,,,,,,,,,,,,,,,,,,,,,,,,,,,,,,,,,,,,,,,,,,,,,,,,,,,,,,,,,,,,,,,,,,,,,,,,,,,,,,,,,,,,,
  ,,,,,,,,,,,,,,,,,,,,,,,,,,,,,,,,,,,,,,,,,,,,,,,,,,,,,,,,,,,,,,,,,,,,,,,,,,,,,,,,,,,,,,,,,,,
  ,,,,,,,,,,,,,,,,,,,,,,,,,,,,,,,,,,,,,,,,,,,,,,,,,,,,,,,,,,,,,,,,,,,,,,,,,,,,,,,,,,,,,,,,,,,
  ,,,,,,,,,,,,,,,,,,,,,,,,,,,,,,,,,,,,,,,,,,,,,,,,,,,,,,,,,,,,,,,,,,,,,,,,,,,,,,,,,,,,,,,,,,,
  ,,,,,,,,,,,,,,,,,,,,,,,,,,,,,,,,,,,,,,,,,,,,,,,,,,,,,,,,,,,,,,,,,,,,,,,,,,,,,,,,,,,,,,,,,,,
  ,,,,,,,,,,,,,,,,,,,,,,,,,,,,,,,,,,,,,,,,,,,,,,,,,,,,,,,,,,,,,,,,,,,,,,,,,,,,,,,,,,,,,,,,,,,
  ,,,,,,,,,,,,,,,,,,,,,,,,,,,,,,,,,,,,,,,,,,,,,,,,,,,,,,,,,,,,,,,,,,,,,,,,,,,,,,,,,,,,,,,,,,,
  ,,,,,,,,,,,,,,,,,,,,,,,,,,,,,,,,,,,,,,,,,,,,,,,,,,,,,,,,,,,,,,,,,,,,,,,,,,,,,,,,,,,,,,,,,,,
  ,,,,,,,,,,,,,,,,,,,,,,,,,,,,,,,,,,,,,,,,,,,,,,,,,,,,,,,,,,,,,,,,,,,,,,,,,,,,,,,,,,,,,,,,,,,
  ,,,,,,,,,,,,,,,,,,,,,,,,,,,,,,,,,,,,,,,,,,,,,,,,,,,,,,,,,,,,,,,,,,,,,,,,,,,,,,,,,,,,,,,,,,,
  ,,,,,,,,,,,,,,,,,,,,,,,,,,,,,,,,,,,,,,,,,,,,,,,,,,,,,,,,,,,,,,,,,,,,,,,,,,,,,,,,,,,,,,,,,,,
  ,,,,,,,,,,,,,,,,,,,,,,,,,,,,,,,,,,,,,,,,,,,,,,,,,,,,,,,,,,,,,,,,,,,,,,,,,,,,,,,,,,,,,,,,,,,
  ,,,,,,,,,,,,,,,,,,,,,,,,,,,,,,,,,,,,,,,,,,,,,,,,,,,,,,,,,,,,,,,,,,,,,,,,,,,,,,,,,,,,,,,,,,,
  ,,,,,,,,,,,,,,,,,,,,,,,,,,,,,,,,,,,,,,,,,,,,,,,,,,,,,,,,,,,,,,,,,,,,,,,,,,,,,,,,,,,,,,,,,,,
  ,,,,,,,,,,,,,,,,,,,,,,,,,,,,,,,,,,,,,,,,,,,,,,,,,,,,,,,,,,,,,,,,,,,,,,,,,,,,,,,,,,,,,,,,,,,
  ,,,,,,,,,,,,,,,,,,,,,,,,,,,,,,,,,,,,,,,,,,,,,,,,,,,,,,,,,,,,,,,,,,,,,,,,,,,,,,,,,,,,,,,,,,,
  ,,,,,,,,,,,,,,,,,,,,,,,,,,,,,,,,,,,,,,,,,,,,,,,,,,,,,,,,,,,,,,,,,,,,,,,,,,,,,,,,,,,,,,,,,,,
  ,,,,,,,,,,,,,,,,,,,,,,,,,,,,,,,,,,,,,,,,,,,,,,,,,,,,,,,,,,,,,,,,,,,,,,,,,,,,,,,,,,,,,,,,,,,
  ,,,,,,,,,,,,,,,,,,,,,,,,,,,,,,,,,,,,,,,,,,,,,,,,,,,,,,,,,,,,,,,,,,,,,,,,,,,,,,,,,,,,,,,,,,,
  ,,,,,,,,,,,,,,,,,,,,,,,,,,,,,,,,,,,,,,,,,,,,,,,,,,,,,,,,,,,,,,,,,,,,,,,,,,,,,,,,,,,,,,,,,,,
  ,,,,,,,,,,,,,,,,,,,,,,,,,,,,,,,,,,,,,,,,,,,,,,,,,,,,,,,,,,,,,,,,,,,,,,,,,,,,,,,,,,,,,,,,,,,
  ,,,,,,,,,,,,,,,,,,,,,,,,,,,,,,,,,,,,,,,,,,,,,,,,,,,,,,,,,,,,,,,,,,,,,,,,,,,,,,,,,,,,,,,,,,,
  ,,,,,,,,,,,,,,,,,,,,,,,,,,,,,,,,,,,,,,,,,,,,,,,,,,,,,,,,,,,,,,,,,,,,,,,,,,,,,,,,,,,,,,,,,,,
  ,,,,,,,,,,,,,,,,,,,,,,,,,,,,,,,,,,,,,,,,,,,,,,,,,,,,,,,,,,,,,,,,,,,,,,,,,,,,,,,,,,,,,,,,,,,
  ,,,,,,,,,,,,,,,,,,,,,,,,,,,,,,,,,,,,,,,,,,,,,,,,,,,,,,,,,,,,,,,,,,,,,,,,,,,,,,,,,,,,,,,,,,,
  ,,,,,,,,,,,,,,,,,,,,,,,,,,,,,,,,,,,,,,,,,,,,,,,,,,,,,,,,,,,,,,,,,,,,,,,,,,,,,,,,,,,,,,,,,,,
  ,,,,,,,,,,,,,,,,,,,,,,,,,,,,,,,,,,,,,,,,,,,,,,,,,,,,,,,,,,,,,,,,,,,,,,,,,,,,,,,,,,,,,,,,,,,
  ,,,,,,,,,,,,,,,,,,,,,,,,,,,,,,,,,,,,,,,,,,,,,,,,,,,,,,,,,,,,,,,,,,,,,,,,,,,,,,,,,,,,,,,,,,,
  ,,,,,,,,,,,,,,,,,,,,,,,,,,,,,,,,,,,,,,,,,,,,,,,,,,,,,,,,,,,,,,,,,,,,,,,,,,,,,,,,,,,,,,,,,,,
  ,,,,,,,,,,,,,,,,,,,,,,,,,,,,,,,,,,,,,,,,,,,,,,,,,,,,,,,,,,,,,,,,,,,,,,,,,,,,,,,,,,,,,,,,,,,
  ,,,,,,,,,,,,,,,,,,,,,,,,,,,,,,,,,,,,,,,,,,,,,,,,,,,,,,,,,,,,,,,,,,,,,,,,,,,,,,,,,,,,,,,,,,,
  ,,,,,,,,,,,,,,,,,,,,,,,,,,,,,,,,,,,,,,,,,,,,,,,,,,,,,,,,,,,,,,,,,,,,,,,,,,,,,,,,,,,,,,,,,,,
  ,,,,,,,,,,,,,,,,,,,,,,,,,,,,,,,,,,,,,,,,,,,,,,,,,,,,,,,,,,,,,,,,,,,,,,,,,,,,,,,,,,,,,,,,,,,
  ,,,,,,,,,,,,,,,,,,,,,,,,,,,,,,,,,,,,,,,,,,,,,,,,,,,,,,,,,,,,,,,,,,,,,,,,,,,,,,,,,,,,,,,,,,,
  ,,,,,,,,,,,,,,,,,,,,,,,,,,,,,,,,,,,,,,,,,,,,,,,,,,,,,,,,,,,,,,,,,,,,,,,,,,,,,,,,,,,,,,,,,,,
  ,,,,,,,,,,,,,,,,,,,,,,,,,,,,,,,,,,,,,,,,,,,,,,,,,,,,,,,,,,,,,,,,,,,,,,,,,,,,,,,,,,,,,,,,,,,
  ,,,,,,,,,,,,,,,,,,,,,,,,,,,,,,,,,,,,,,,,,,,,,,,,,,,,,,,,,,,,,,,,,,,,,,,,,,,,,,,,,,,,,,,,,,,
  ,,,,,,,,,,,,,,,,,,,,,,,,,,,,,,,,,,,,,,,,,,,,,,,,,,,,,,,,,,,,,,,,,,,,,,,,,,,,,,,,,,,,,,,,,,,
  ,,,,,,,,,,,,,,,,,,,,,,,,,,,,,,,,,,,,,,,,,,,,,,,,,,,,,,,,,,,,,,,,,,,,,,,,,,,,,,,,,,,,,,,,,,,
  ,,,,,,,,,,,,,,,,,,,,,,,,,,,,,,,,,,,,,,,,,,,,,,,,,,,,,,,,,,,,,,,,,,,,,,,,,,,,,,,,,,,,,,,,,,,
  ,,,,,,,,,,,,,,,,,,,,,,,,,,,,,,,,,,,,,,,,,,,,,,,,,,,,,,,,,,,,,,,,,,,,,,,,,,,,,,,,,,,,,,,,,,,
  ,,,,,,,,,,,,,,,,,,,,,,,,,,,,,,,,,,,,,,,,,,,,,,,,,,,,,,,,,,,,,,,,,,,,,,,,,,,,,,,,,,,,,,,,,,,
  ,,,,,,,,,,,,,,,,,,,,,,,,,,,,,,,,,,,,,,,,,,,,,,,,,,,,,,,,,,,,,,,,,,,,,,,,,,,,,,,,,,,,,,,,,,,
  ,,,,,,,,,,,,,,,,,,,,,,,,,,,,,,,,,,,,,,,,,,,,,,,,,,,,,,,,,,,,,,,,,,,,,,,,,,,,,,,,,,,,,,,,,,,
  ,,,,,,,,,,,,,,,,,,,,,,,,,,,,,,,,,,,,,,,,,,,,,,,,,,,,,,,,,,,,,,,,,,,,,,,,,,,,,,,,,,,,,,,,,,,
  ,,,,,,,,,,,,,,,,,,,,,,,,,,,,,,,,,,,,,,,,,,,,,,,,,,,,,,,,,,,,,,,,,,,,,,,,,,,,,,,,,,,,,,,,,,,
  ,,,,,,,,,,,,,,,,,,,,,,,,,,,,,,,,,,,,,,,,,,,,,,,,,,,,,,,,,,,,,,,,,, [ 1514930177 ] ]);
