BRENTFACTORS[7938]:=MakeImmutable([ ,,,,,,,,,,,, [ 13025035205039345879 ],,, 
  [ 3764290506686113 ], [ 56414531694499563974161255199 ],,,, [ 57984310399, 21358399524169 ]
   ,, [ 12969196728031703 ],, [ 7948570860351546933751 ], [ 25499242081, 89844819377 ], 
  [ 435891930255175966734661065330553 ],, [ 11824138217, 135719003596114934183 ], 
  [ 144064526161 ], [ 986230652685682727399 ], [ 1260993473 ], 
  [ 26888195083339349839624177346407 ], [ 1450708873 ], 
  [ 87696218411331601, 2096710629842167367774319841 ],,, [ 6154722522341965194145127849 ], 
  [ 47995811510028666750328591 ], [ 1973082961 ], 
  [ 54694099631, 1360033529248084452500603925975813752176395017883504121 ],, 
  [ 94586629360271 ], [ 2687290981 ], [ 467986517494834231, 94604549729139198631 ], 
  [ 164325800369 ],, [ 1166968321, 84703721090465788082872033 ], 
  [ 76825720022801, 868010366607497, 6447962105906161 ],, 
  [ 22530882919, 3321089577889, 49816293642102833644780760336088657614594441623 ],,,,,,, 
  [ 1045451910195353625148361605371528817 ], [ 15682176401 ],, 
  [ 258495491707601, 4704906534260370711761 ], 
  [ 79448327929, 29284386865760082914070769, 53534426779567282273169917067929 ], 
  [ 10782230383 ], [ 2645014298887902209, 20744389171504322684753217226844385793 ],, 
  [ 4296701707, 917730149689 ],, [ 22964382953 ], [ 2144746183 ], 
  [ 765635042922325655536218521276266961 ], [ 747762509999, 50187676369177 ], 
  [ 1116526321, 1207006518097, 1481405534993809 ],, 
  [ 197073431799499, 346823106877832504010672262703451779 ], [ 143381652137401 ], 
  [ 9882833813, 85770679882178280793 ], [ 1975773071824346419241 ], 
  [ 124842863176035681581590978435716636263539 ], [ 18347436098132719 ], 
  [ 59184743521, 5636619836342885742910246561 ],, 
  [ 73138179941391268633, 36381399524678612415527349636514618418072801087291609873 ], 
  [ 6359664067003801 ], [ 4767072997, 6902721679141 ],, [ 482595669068833 ],,,,, 
  [ 3502986943 ], 
  [ 11614864596579124066432133, 8166058156762765188355000457, 239430907697424662181028014449 
     ], [ 432928753399, 4669068551570119, 224387589549207001 ], [ 16775761495650926297 ], 
  [ 3531366162576604915991 ], 
  [ 206198381669960625347675521, 742396676201528059044993594859143795062264641 ],, 
  [ 11587631915707 ],, [ 539916416831801, 809152629548060100479347421137514801 ], 
  [ 1374521619143 ], [ 2734407433, 288726711506125153 ], [ 21768203753, 19829760404423 ], 
  [ 2284898929, 351862182257, 1509683569894531286737 ],, [ 111210048885640273 ],, 
  [ 4441283461, 2597905709052821656309 ], [ 15171328937 ], 
  [ 58417255782622030301213639291, 3784720222191418727607792837601, 
      704113598319914935880670479503578371 ], [ 1764672673, 10189881615574951 ], 
  [ 342302165115414337, 599940810865390177 ], [ 7770652204937 ], [ 3694872883873 ], 
  [ 806522174682461664551 ], 
  [ 375485078776727402402607417772813, 2335699446303068530382596550313597626047427220961 ], 
  [ 898524743689, 1769782179002527 ], [ 288021282233, 491186649787 ],, 
  [ 5459147041, 2614676602801, 30924346574876852588324401 ], [ 2536984204272281388493727 ],, 
  [ 98007480679, 118446143107783 ], 
  [ 2175859284935137, 274897376093486366278185470904163940445574733489 ], 
  [ 30647217001, 44834585530999779001 ],,, [ 9153352193, 40613654443548710401 ], 
  [ 345814796167, 5919117814295377 ], [ 37151674369021850041 ],, [ 2022600361 ], 
  [ 4271090123609 ], [ 1268503199057, 33493474992209 ],, [ 117728824833810896490006769 ], 
  [ 75251532073, 13311964991887 ], [ 673316472337 ], [ 8492180968403981444767 ], 
  [ 6324279781, 2855970802713841, 103893308130980666201 ],, [ 2225038754409783272123 ], 
  [ 41290498393 ], [ 91932250976333281, 5756565062228457313, 855901982419390386969454081, 
      19087778862596898756274669057, 755521149674540139957554665537 ], 
  [ 4557236391654326071 ],, [ 6125147956141631316528553, 7416570521935850637540319 ], 
  [ 33803879706133 ], [ 4934525977, 794577620463375313 ], [ 17780109617212664530864651 ],,, 
  [ 179664231673, 77370911387983, 178323873053744441791, 1619294395866830951136925249 ], 
  [ 59130446761, 62419136612449, 148189451565748170777739 ], [ 81590052738927468431 ], 
  [ 821564654081369173, 127524526654815391814077, 6584557871733319115044369 ], 
  [ 12389007060939150569, 1841259015163859414359 ], [ 3632168275675153563809 ], 
  [ 269836066303, 145842374332609 ], [ 77333281955521 ], 
  [ 6661799719, 9323412113, 1510176505657, 30542620583833 ], 
  [ 158477313403, 32560275872714573619353929795651 ], [ 1477777129749113 ], 
  [ 2378326051716743747413012837, 917352310100953363386903867517, 
      278299530380865956070561423134929 ], [ 76508113389511, 2215079047312897921 ],, 
  [ 151236831291071, 350531232901695343 ], [ 1039485217 ], [ 69247680125598001 ],,, 
  [ 144296249821, 2042814243553776556943446541 ], [ 50444327831 ], 
  [ 356493377548057, 14669588112347608868631451, 9816152218816541289949989120787, 
      14797606762238390577706467575323267, 139623328656896672584127785731616963 ], 
  [ 1179587139063551, 139367780647884782813401 ], [ 20374942898113 ], [ 8843533129 ], 
  [ 125776816332145219 ],, 
  [ 5374298341, 111723614572576141, 45299973591012522400561, 597780473166172327672615515841 ]
    , [ 14870525239 ],,, [ 3287184289, 39940045589221884770129 ], [ 575396560801 ], 
  [ 10100795659 ], [ 194620809937363319423 ], [ 28682375218473841 ],, 
  [ 7012581947214574367411 ],, [ 5676785528142721 ], 
  [ 68058615217, 1232268227711, 74901011671183, 70216068837832129 ], [ 1457753698081 ],, 
  [ 211684516429, 229925008327373595656420449 ], [ 4348366817, 15079053349153 ],, 
  [ 125344361239, 161006948657 ],, [ 3183043459513 ], [ 152388948585128083 ],, 
  [ 178586829133, 5326785253663273, 37088364844770121680216327099769, 
      6337580106047524814816309806116337 ], [ 23801488511 ], [ 230026961827795367808641 ], 
  [ 8337587576542849 ], [ 4933023774433, 10979288392801, 65578945830033793 ],, 
  [ 234364302528657624030121, 1859432149260438618973801 ], [ 15650674543735969 ], 
  [ 20260246189, 20523037447981, 3130952720211984527077, 122107491956844439735845041 ], 
  [ 39216194544401143 ],, [ 8434892020425051521 ], 
  [ 14851688352908401, 116821745693629777, 3367696893908473665937 ],,, [ 588813669998431 ], 
  [ 4039826284121, 172058709352861, 259668458179681, 257945116501762169681037761 ],, 
  [ 1063540790573664863947 ],, [ 923100451763393 ],,,, 
  [ 142400201168749486540207573, 
      399294393065136002671978053110606317008892608561293674681580242889137 ], 
  [ 31359539839, 11350867123319 ], [ 751565410313681 ], [ 86089885462497841 ],,, 
  [ 144927656567929 ], [ 1186247355918761 ], [ 4814499593, 359020302555533401 ], 
  [ 8038864413337, 108832220916031 ],,, 
  [ 1161626760001, 1323290573394721, 32781275572253086561 ], [ 13951019087 ],, 
  [ 13952661967, 14893719734286703 ], [ 3378418877 ], [ 229277538071 ], [ 2148771379 ], 
  [ 682759282549033, 3897452619187297 ], [ 8655960489521 ], [ 273457391047 ],,, 
  [ 123390913717, 18539353565811037, 1753471465580119498603795278441037 ], 
  [ 3377050776353, 13029310595599 ],,, [ 448742803969 ],,,, 
  [ 2688490741, 3330792401, 21593937041, 277304306501, 83708289880915523981 ],,,, 
  [ 8421149214533480833, 4255026372162289695313 ], [ 11687143773511, 8264201357913401 ], 
  [ 55581487628129, 6470984343057556099 ],, [ 12748773899821 ],,,, [ 188170323940211713 ],, 
  [ 23572855681, 11090948498473 ], [ 28924425603631801 ], [ 32952079117, 4968959561473 ],, 
  [ 79277945827 ], [ 1436930425530687151 ], [ 136698445329248130743521 ], 
  [ 24635799659579617 ], [ 19391111577328984189387 ], [ 43119986087 ], 
  [ 7854145075873, 66798177394705957 ], [ 42752604013551421921 ], 
  [ 164704470624409, 359705381682103564923026641 ],, [ 2671961473 ],, [ 11564525706211 ],, 
  [ 403355482757, 306793156860733861650565829 ], 
  [ 4358866049249, 483898312886231, 2299932557124456391 ], [ 296881821350324942110891 ], 
  [ 951529637231, 1477599532921 ], [ 2506230060017, 3163249138817 ],, [ 72935079523 ], 
  [ 11413643281, 207551047472159 ], [ 499296844201 ], [ 1447230039823, 945029114582911 ], 
  [ 5825247499 ], [ 62404139569 ], 
  [ 3462357440897857, 113957310116566672417, 1110936012522058621889, 
      117994665632240247425441 ], [ 476893683031 ],, [ 4720173743301791 ], 
  [ 2039628815255177609 ],, [ 247946420236121 ], [ 179814445879 ], [ 2102039473 ], 
  [ 190225908432463, 319690826693127017 ], [ 5244369283 ],, 
  [ 21791030413, 17749534707713, 53049314873941, 332887671607891717 ],, 
  [ 11896870963733299, 58142886244733947, 2070548790097598311273, 71533904079349077282883 ], 
  [ 2461696171463, 548489861642449 ],,, [ 2782934267, 8892842729 ],, 
  [ 40475423629, 169546521711218433373 ],,,,,, [ 25336671146579205601 ], 
  [ 40212028461215654503 ], [ 1679749705913 ],, [ 2266088263267 ], [ 246511191841 ], 
  [ 54537148591306875478148641 ],, [ 49403576120497 ], [ 1341930823 ],,,,, 
  [ 3564290641, 327103607837857 ], [ 3826576471, 1388381655631 ], [ 44992692489116377 ], 
  [ 214251410729 ], [ 7323448417, 14016921829, 409327240456081, 3408331384712208697, 
      5007130794433338013 ], [ 15181987903, 148686278519 ],, [ 296730893161 ],, 
  [ 126807523537, 11993128700521 ],,, [ 36895650059761, 10182668112222488761 ], 
  [ 57565529307679 ], [ 3349061003, 117190324451, 16056677906233, 3482051979273019883 ],, 
  [ 17746023601 ],, [ 1747145579, 12616205353, 10696420331969 ], [ 140698376017 ], 
  [ 59160196075796302397, 3763453894181842102061 ],,, [ 1784785234543 ], [ 1352043041 ],,, 
  [ 20671253294287 ], [ 27093077689, 4808326079363910267421, 5731408205440548204073 ], 
  [ 1049522783 ],,,,, [ 7175356666472696059, 417301551446154709766923 ], [ 6628230835607 ], 
  [ 115555248041 ], [ 93391606207 ], [ 765675483707, 930145741353002461459 ],, 
  [ 8737344001 ],,, [ 2202652297 ], 
  [ 1409690137, 57358611913, 9920699304709, 7985427119009263392602737 ], [ 893694512023 ], 
  [ 416415589201 ], [ 18933012167 ],,, [ 1741621841 ], [ 391940484841 ], 
  [ 81012273478489, 37969648033283625810493 ], [ 1271704543 ], 
  [ 41235539833, 9930232282067, 268882378075777 ], [ 1663343752725649 ],, [ 176926187639 ],,
  , [ 46738454173 ], [ 3501651146682151 ],,, [ 8935845668977 ],, 
  [ 15085271041, 12817492860691 ],, 
  [ 9358516553, 110601725085652553, 5599759250067639817, 10948290861167631454733 ], 
  [ 117232966743943, 26148823687866223 ],, [ 171216232111 ], [ 288375076903918662529 ], 
  [ 594082185007 ],,, [ 294296057581, 1452634438921, 14081708340841, 64878076962301 ],,, 
  [ 2159273719 ],, [ 270886011624001 ],, [ 2337904423 ], [ 6762446200033 ], [ 75594339679 ], 
  [ 517744302176199481 ],,, [ 9924128938833521 ], [ 783416986577, 68789426509979827 ],, 
  [ 3366165469, 52599053081, 674478668429 ],, [ 13191960085554409, 129626675608215591163 ],,
  , [ 30182358601754479 ], [ 1293659227976051 ],, 
  [ 1519446589, 1654298429297209, 11976657346991461, 12386607782519557801, 
      48786994733743648489 ],,,, [ 529883143553 ],, [ 1467025060520251 ], [ 7971188518151 ], 
  [ 109127035884641 ],, [ 9774612708344137 ], [ 1296087521 ],, [ 2735205682289 ],, 
  [ 3524187313 ],, [ 1808668039, 520466428543 ], [ 2098664208855523 ],, [ 79139540257 ],, 
  [ 111885022646387, 29707843442695739 ], [ 33946061881 ], 
  [ 1788798961, 14526466252273, 27310867803181, 11844944611273801, 1112629633106331133, 
      59574530227989211360001389 ], [ 371598182721319 ],,, [ 2259901073, 61478528761777 ],,,
  , [ 3049172684230597, 52604224397927861 ], [ 3407294953 ], [ 612033922211 ], 
  [ 1393592635018121 ], [ 86873466241 ],, [ 5330649223867570963 ],, 
  [ 115381995401773, 25005394317456257 ],, [ 5206859463601 ], [ 33760495801 ],, 
  [ 15974902816903 ], [ 57728033371 ], [ 1712062991 ], 
  [ 4097674153, 27930562893301, 131870200118627161 ],, [ 792199476337628374003 ], 
  [ 562290814801 ], [ 135103113370206497 ],, [ 977057032177 ], [ 2381396663, 3137496931999 ],
  ,,,, [ 2173828501993694034228769 ],, [ 2315655840699714283 ],, [ 12873243749 ], 
  [ 1144028401 ], [ 5491559131, 114611162646741721, 11008523692753639441 ],,, 
  [ 449669886319 ],,, [ 4481783017, 59752182293821, 228844283891383790057773 ], 
  [ 18201517511 ], [ 773963898041027 ],, [ 29390990093921, 181900853628289201121 ], 
  [ 8985586969 ], [ 20383317001, 130901399731 ],, [ 11331428737, 5458821011401 ],, 
  [ 7765487734843, 21900546052954347209 ],,,,,, 
  [ 14288404397, 43029867721, 941326637699221817, 34897209338639477117 ],,,, 
  [ 1663710848770913 ],, [ 59976202619761 ], [ 2146156783 ], [ 27552112372430101 ],, 
  [ 5044019302368229507 ],,,,,, 
  [ 47896076646013, 98250698595397, 18500129170678933, 445651811460631913 ],, 
  [ 67207243139851 ],,,,,, 
  [ 1635913241, 191928530953693, 106451807229382193, 99471478655135625893 ], [ 19304381233 ],
  [ 1767227892237811 ],,,,, [ 7026506863 ],,,, [ 448077153309880753 ],,,,, [ 603794976929 ], 
  [ 13412434471, 420695965253521 ],, [ 2111676852151 ], [ 64146301057 ],,, [ 1203810481 ], 
  [ 19341806626898434218601 ],,, [ 3249679313 ], [ 950269215377 ],, [ 20693222165246525057 ],
  , [ 1994849399173, 155762368561284369925741 ],, [ 1124454451 ],,,, [ 1142409907 ],, 
  [ 1672301929717, 4652532473488233053, 829671478219629718794461 ],,,, [ 7736076001 ],, 
  [ 750717374480081 ],, [ 5120548921 ],, [ 730978014889 ],,,,,, 
  [ 564345079241653, 1214866122530733109 ],,, [ 3518262481, 1002666013831 ],, [ 2788858511 ],
  ,, [ 257311979641, 214274983311041 ],,,, [ 325839698497, 3265685082817, 44821350931969 ],, 
  [ 3985323833, 1121006179697 ],, [ 21952236121, 560863230549453401 ],, [ 1469449171 ],,,, 
  [ 2808749964929 ],,,,, [ 2017559431 ], [ 1909167217921 ],, [ 15826777243 ],, 
  [ 160877880901895811473 ], [ 740636239801, 9449196924241 ],,, [ 390109843873 ],,,,,,, 
  [ 7658258350711 ],,,,,,,,, [ 8185082849 ],, [ 1876599523 ],, 
  [ 446450810717, 2704771110733, 1036930185929333, 890307251639850673 ],,,, 
  [ 608146787211000577 ],,,, [ 109753715969, 141078282721045489 ], [ 8036841324793 ],, 
  [ 68379739303 ],,,,,, [ 593171031721 ],,, [ 7505330081 ],,, [ 23102630039 ], 
  [ 228607118886857, 6068209940415006773, 23851479322672199326147561 ],, [ 5154700963 ],, 
  [ 395679248536849 ], [ 4223405983 ],,, [ 56665552301, 1506462099410663021201 ], 
  [ 11393218409 ],,, [ 797568706177, 1145663622401 ],,,,,, [ 43794262601 ],, [ 105034143169 ]
   ,, [ 1836368679566611, 855607363190923520059 ],, [ 36711773017 ],, [ 10521460770313 ],, 
  [ 1340179925761 ],,,,,,,,,,,, [ 897447083589073, 48300024710777424702876942776953 ],,,,,, 
  [ 532910964166219 ],, [ 2201685001 ],,,,,,,, [ 7451783197 ],,, [ 5045920937 ],, 
  [ 25163013049 ],,,,, [ 3458471267 ],,, [ 2078776519 ],, [ 2514286433 ],,, [ 8482497097 ],, 
  [ 172781078017 ], [ 8297775592607 ],, [ 90249233839 ],,, [ 5045101507 ],,,, 
  [ 36694600289 ],, [ 1814494501, 13274449338117241 ],,,,,,,,,,,, [ 23938329889 ],, 
  [ 6720114281 ],,,,,,, [ 1252217719 ], [ 4194152033 ],, [ 2486734213, 74902271317 ],, 
  [ 53101823737 ],, [ 43852928209 ], [ 1116664319 ],,,,,,, [ 1316176993, 237617654497 ], 
  [ 1593958831 ], [ 7587546341633 ],, 
  [ 724786164941, 888913438781, 2550270377321, 5898501046244458921 ],,,, [ 2209477817233 ],,,
  , [ 13647479524575697, 4892175475010129881 ],, [ 5360086051 ], [ 8740991503 ],,,,,,,, 
  [ 2026547449 ], [ 84652552321 ],,,, [ 3278495823901 ],, [ 22818312001, 38036477251 ],,,,,, 
  [ 40196651137, 87233382968716081, 185230802996516269 ],,,, [ 193049655089 ],,, 
  [ 2561970937 ], [ 11812921301, 62261523020261, 94456020535586641 ], 
  [ 11328409471, 121739784559 ], [ 210352873553923 ],, 
  [ 11190496897, 142317262353601, 306044655542209 ],, [ 76971203203 ],,,, 
  [ 130724147822251, 137176879776721 ], [ 4223941612489 ],,,,, [ 45803208844440116533 ],,,, 
  [ 668407009601 ],,,, [ 2595939373 ],,,, [ 500474056081 ],, [ 2165451881 ],, 
  [ 37819876781, 9739699367269 ], [ 1508075183, 2091827497 ],,, [ 29225280001, 52732669697 ],
  ,,, [ 219110827396501, 2578671000600301, 1499980260543077944597786201 ],,,, 
  [ 72240981361 ],, [ 3356059561, 3380691889 ],, [ 32624035033 ], 
  [ 10522409473, 353398640239 ],, [ 219471247417 ], [ 5750035926049 ],,,,,, [ 1866258663427 ]
   ,,,,,, [ 2081587439215712737, 1020054882260401924510729 ],,,, [ 184325632589569 ], 
  [ 100671974983 ],,, [ 99303839489, 450097311029 ],, [ 20126825777 ],, [ 34349633137 ],,,, 
  [ 8647578881 ],,,, [ 5112439681, 20675034881, 938476939201 ],, [ 589024152817 ],,,,,,, 
  [ 3217730167 ],,, [ 27583440562384141 ], [ 45221685631 ],,,,, [ 10295036363 ], 
  [ 34825009447 ],, [ 1455982351 ], [ 1410382219 ], [ 7717897862503 ],,,,, [ 7363608589 ],, 
  [ 22503794689, 123698961578579 ],,, [ 261214735471 ], [ 265364112222241 ],,, 
  [ 1670305537, 3181383001 ],,,,, [ 2472360491, 9138635711963 ],, 
  [ 1724730853, 849636958856921 ],,,,,, [ 111074605313659387 ], [ 20805863921 ], 
  [ 2553476058065029 ],,,,,,,,,,,,, [ 1052913308527 ],,, [ 1400446081 ],,, [ 36984716161 ],,,
  ,, [ 5656281690246469312441 ],,,,,, [ 14413015423206091 ],,, [ 17964907633 ],,,,, 
  [ 1774116521, 11547649961, 21382281434273 ],, [ 7281593689346053141 ],,,, [ 19912070881 ],,
  ,, [ 13159582417, 48396754981, 83144859164713, 26395412456796193, 136853194607810137 ],,,, 
  [ 4542681761 ],, [ 4098390451, 343236668251 ], [ 2764157327 ],,,,,, 
  [ 37418339071, 1379025110527 ],,, [ 43601946721, 67389929984761 ],,, [ 47234549569 ],,,,,,,
  ,,,,,, [ 1041675601, 30458932409 ],,,, [ 93028523761 ],,,,, [ 2157081991 ],,,,,,, 
  [ 402463122517 ], [ 13222604663 ],,, [ 5573002177 ],,, [ 1025129617 ], 
  [ 24935961601, 158686248601 ],,,,,,, [ 71141381569 ],,,,,,,, [ 226175165431 ], 
  [ 5818260360877669 ],,,,,, [ 2106982483, 1740100325833 ],,,,,,,,,, [ 2137098329302973 ],, 
  [ 10755966139507 ], [ 105157143911 ], [ 10677300353 ],,, [ 2500651721 ],,,, [ 8982135199 ],
  ,,,, [ 298467746392649 ],,,,, [ 26062880119 ],,,,, [ 29415709387 ],,, 
  [ 40803584167, 545114900359 ],,, [ 491459061997, 652216421720713, 11016115432824983137 ],,,
  ,,,,, [ 292508320217 ],,,,,,,,,, [ 1361677818763 ],,,, [ 1629318499 ],, 
  [ 6869273797, 426305074141 ],,,,,, [ 625239715483 ], [ 1611168311 ], 
  [ 5426588077, 796055753377, 1251960135557 ],,,, [ 7617242834401 ],,,, 
  [ 184966101776317, 1202012119434029 ], [ 2238559831, 18198939071 ],,,,,,, [ 272664049657 ],
  , [ 1169761841 ],,,,,, [ 3989096831221 ],,,,,,, [ 1816659391 ],,,, [ 17822440159 ],,,,, 
  [ 139825071899701 ],,,,,, [ 59003809507 ], [ 4049328559 ], 
  [ 14212178343529, 34699670666873, 40713750359137 ], [ 47839652339671 ],,,,,, 
  [ 2649550447 ], [ 2648464080793, 2779489486672193 ],,,,,,,, 
  [ 7780110604405021, 910693300545136081 ],,,,,,,, [ 1060221296293 ],,,,,,, [ 76474737151 ], 
  [ 1092167957, 5776111309, 371294457707977 ],,,,,,,, 
  [ 3134337733, 10138145569, 6256289209057 ],, [ 1081135769731 ],,,, [ 1858895161 ],,,,,,,,,
  , [ 6695794965225601 ],,, [ 130989445967 ],,,,,, [ 28117749353 ],,,,,,, 
  [ 65406867373, 2366280204793 ], [ 10675496641 ],,, [ 1183195201 ], [ 36472598641 ],,, 
  [ 66236511397907129 ],,, [ 7082721839 ],,,, [ 1217747873 ], 
  [ 285610796641, 22374653935681, 142170116179393 ], [ 10289363017 ],,,,, [ 67486437062923 ],
  , [ 17140120901, 24481759801, 15810794348592961 ],,,,,, [ 238201535203 ],,,,,,,,,,,,,,,,,, 
  [ 6411364697 ],,,, [ 1819894177, 2841275809 ],,,, [ 383584360937, 8111703956497 ],,,, 
  [ 2642162177, 5488893388609 ], [ 2131262767 ],,, [ 182986579981 ], 
  [ 16548862727, 79273032031 ],,,,,, [ 3353666793439 ],,,,,,,,, [ 4698219853 ], 
  [ 358508377217 ], [ 262550573569 ],,,,, [ 136123538377 ], 
  [ 669565558196497, 18286313806007677 ],,, [ 12851563327 ],,,,, [ 252198645869 ],,, 
  [ 1939455601 ],,,,,,,,,, [ 4341142801, 99672423001 ],, [ 2880804769 ], 
  [ 4094711461, 17423577781, 1699102796176297 ],,,, [ 93668374433 ],,,,,,,,,,,,,,,,,,,,,,,,,
  , [ 3941498881 ],, [ 616685996741 ],,,,,, [ 1263042563 ],,,,,, [ 1055982887803009 ],, 
  [ 2771722437067 ],, [ 43720079401, 4920689508481, 7282794334789621 ],,,,,,, 
  [ 1004690977, 1034232337 ],,,, [ 1445045783 ], [ 246208652353 ],,,,,,,,, [ 2767603384633 ],
  ,,,,,,,, [ 1839628699 ],,,,,, [ 10214328097 ],,,,,,, [ 742877619457 ],, [ 73539242713 ], 
  [ 45172370987 ],,,, [ 5339223737, 139157630809 ],,,,, [ 1956082151 ],,,,,,,,, 
  [ 13613904602761 ],, [ 4229982019 ],,,,,, [ 1052107489 ],,,,,,,,,,,,,,,,,,,,, 
  [ 11492485681, 145727841361 ],,,,,,,,,,,, [ 1107645439, 10574799919 ],, [ 3910367759 ],,,,
  , [ 334533874613 ],,,, [ 26125092529 ],,,, [ 8657358361 ],,,,,,,,,,, [ 4157668969 ],, 
  [ 130891892561 ],,,,,,,,,,, [ 54429104489761 ],,,, [ 5404646017 ],,, [ 8117207129 ],,,,,,,
  , [ 2133975841 ],,,,,,,,, [ 506430956389 ],,,, [ 6137666177, 983604851393 ],,,,,,,,,,,,, 
  [ 3578730285769 ],,, [ 8760993281 ], [ 5482721791, 45750067471 ],,,,,,,,,,,, 
  [ 1122449641 ],,,,,, [ 4334549671 ],,,,, [ 393183098689 ],,,,,, [ 9289811977601 ],,,,,, 
  [ 156380723701 ],,,,,,,, [ 210629828977 ],,,,,, [ 6709735811 ],, 
  [ 1025383789, 10811748949, 67417075441, 145668197533 ],,,,,,, [ 1017607247 ],,,,, 
  [ 11497973761 ],, [ 6793095851 ],,,,,, [ 3921200417 ], [ 1702954801 ],,,,,,,, 
  [ 1570123081 ],,,,,,,,, [ 31319459081 ],,, [ 222518807113 ],, [ 47030597599 ], 
  [ 1399168321 ],, [ 9539651249 ],, [ 2660944609 ],,, [ 2484887373697 ],,,,,,, 
  [ 4381948531 ],, [ 63307879842241 ],,,,,,,,,,,, [ 15964259413573 ], [ 4739157607 ],,,,,,, 
  [ 1973099969 ],,, [ 6068260871 ], [ 82509706801 ],,,,,, [ 3839604763 ],, [ 3663644417 ],,,,
  ,,,,,,,,, [ 80559040543 ],,,,,, [ 484885102087 ], [ 76155726697 ],,,,,,,, 
  [ 1419638808673, 1604987779063452219217 ],, [ 2361308009 ],,,,,,,,,,,,,, [ 5478277117 ],,,
  , [ 24479266561 ],,,,,,,,,,,, [ 26912699576473 ],,,,,,, [ 55384740001 ],,,,,,,,, 
  [ 7368428362297 ], [ 56576733071 ],,, [ 1314772993 ],,,,,,,,,,,, [ 24352510901 ],,,,, 
  [ 8410281631 ],,, [ 453003282548389 ],,,,,,,, [ 2030697509 ],,,, [ 3902580481 ],,, 
  [ 142120564951 ],,, [ 539096667913 ],,,,,,,, [ 197118515339 ],,,,, [ 195784417151 ], 
  [ 1308857861 ],,,, [ 6158288737 ],, [ 431867842267 ], [ 145871876239 ], [ 3262426637 ],,,,
  , [ 2064399121 ], [ 5139479332643 ],, [ 3505063489122241, 28600920841993837 ],, 
  [ 13041094529 ],,,, [ 2976638491 ],, [ 4227861557 ], [ 8133873841 ],,,,,,,,,, 
  [ 2324894951 ],,, [ 57496931249 ],, [ 12934387748701 ],,,,,, [ 20080789579 ],,,,,,,,,,,, 
  [ 14657951377 ],,,,,, [ 1927150609, 15161809983781 ],,,, [ 1331677489 ],,,,,,, 
  [ 5046547351 ],,,,,,,,,, [ 2764266751 ],,,,,,,,,,,,,,,,,,,, [ 5365834601 ],,,,,,, 
  [ 1358655188581, 1515164290954021 ],,,, [ 19036022897 ], [ 3152443009 ],,,,,,,,,,,,,,,, 
  [ 1236254281 ], [ 1060994107 ],,,,, [ 32353830433 ],,,,,,,,,,, [ 77062473731 ],, 
  [ 13437344861 ],,,, [ 7399571681 ],, [ 7050236689 ],, [ 910483392001 ],, [ 1121938297 ], 
  [ 1464142249 ],,,,, [ 2591294837 ], [ 27354202417 ],,, [ 13119883393 ],,,,,, 
  [ 1068437809 ],,,,,, [ 9493196761 ],,,,,,,,, [ 2102933233 ],,,,,,, [ 178953810641 ],,,,, 
  [ 672146728111 ], [ 16759481003 ],, [ 19065222697 ],,,,,, [ 120227284897 ],,,,,, 
  [ 7297776001 ],,,,,,,,,,,, [ 4957715977 ],,,,,,,,,,,,,,,,,,,,,,, [ 35592860071 ], 
  [ 11471864473 ],, [ 65616206027 ], [ 1371138073 ], [ 1106239201 ],,,, [ 20450916001 ],,,,,,
  ,,,,,,,,,,,,,,,,,, [ 2517860573 ],,,,,,,,,,,,,,,, [ 4308293749 ],,,,,,,,,,,,,,, 
  [ 110519242830991 ],,,,, [ 9896284215809 ],,,, [ 2284640317 ],,,, [ 1495621249 ],,, 
  [ 1975741951, 10419955001 ],,,,,,,,, [ 4253120909, 30021300269 ],,,,,,,, [ 28809635509 ],, 
  [ 1880765723 ],,,,,, [ 1095416401 ],,,,,, [ 26278104743089 ],,,, [ 1772488411 ],,, 
  [ 4877390719 ],,,,,,,,, [ 101887532587 ],,,,,,,,,,,,,,,,,,,, [ 17524221097 ],,,,,, 
  [ 75686890109 ],,,,,,, [ 3173353081, 9444760471 ], [ 7785328367933 ],,,,,, [ 29172929729 ],
  ,,, [ 94137629587 ],,,, [ 17652660601 ],,,,,,,,,, [ 1886219021 ],,,,,,,, [ 9485947921 ],,,,
  ,,,,,,,,,,,,,,,,,,,,,,,,,,,,,,,,,,,,,,,,,, [ 2059370891 ],, [ 25071698766157 ],,,, 
  [ 66854609201 ],,,, [ 25205382593 ], [ 7743799111, 2358795906391 ],,,,,,,,,,, 
  [ 1510483888721 ],,,, [ 1022048821 ],,,,,,,,,,,,,,, [ 1371942001 ], [ 77846920649 ],,,, 
  [ 13103238721 ],,,,,, [ 1475945659 ],,,,,,,,,,,,,,,,,, [ 9128387089 ], [ 1103787984631 ],,,
  ,,,, [ 1612161409, 2359838113, 25433020321 ],,,,,,,, [ 313025711041 ],,,,,,,,,,,,,,,,,,,,,
  , [ 161850807553 ],,,,,,,,,,,,,,,,, [ 1889442769 ],,,,, [ 1082838737 ],,,,,,,,,,,,,,,, 
  [ 1049107981, 32622508141 ],,,,,,,,, [ 10052527777 ],,,,,,,,, [ 1621567681 ],,,, 
  [ 1788513323, 3378304099 ],,,,,,,,,,,,,,,,,, [ 1005490501, 65618581201 ],,,,,,,,,,,,,,,,,,,
  ,,, [ 30532716857 ],,,,,,,,,,,,,,,,,,,,,,,,,,,,,,,,,,,,,,,,,, [ 219901212389 ],,,, 
  [ 1107133441 ],,,,,,,,,,,, [ 16281383401, 92163919501 ],,,,,,,,,,,, [ 39649163377 ],,,,,,,,
  ,, [ 5224500643 ],,,,,,,,,,,,,,,,,,,,,,,,,,,,, [ 49693755889 ], [ 1701770753 ],, 
  [ 3910426633 ],,,,,,,, [ 1754590883 ],,,,,,,,,, [ 2455709257 ],,,,,, [ 1012480993 ],,,,,,,,
  ,, [ 4078869303889 ],,,,,, [ 1070381401 ],,,,,,,,,,,,,,,, [ 49572603761 ],, 
  [ 11185351453 ],, [ 19312763401 ],,,,,, [ 1031553181 ],,,,,, [ 92648050291 ],,, 
  [ 15084901303 ],,,,,,,,, [ 1593783907 ],,,,,, [ 16263960049 ],,,, [ 174667958351489 ],,,,,,
  ,, [ 109654600609 ],,,,,,,,,,,,,,,,,,,,, [ 877196839681 ], [ 1387987451 ],,,,,,,, 
  [ 1748555251 ],,,,,,,,, [ 52049905591 ],,,,,,,,,,,,,,,,,,,,,,,,,,,,,,,,,,,,,,,,,,,,, 
  [ 6805743407401, 159581085910681, 422470938490441 ],,,,,,,,,,,,,,,, [ 2438915789 ],,,, 
  [ 12997673761 ],, [ 1244469491 ],, [ 4396773889 ],,,,,, [ 3085283521 ],,,,,, 
  [ 3331433435329 ],, [ 3504108371 ],,,,,,,,,,,,,,,,,,,, [ 21866005939 ],,,,, [ 7514737231 ],
  ,, [ 1341493633 ],, [ 1481307649 ],,,,,,, [ 10456122511 ],,,,,,,,,,,,,,,,,,, 
  [ 7651095691 ],, [ 51629903293 ],,,, [ 10959023681 ],,,,,,,, [ 2455318753057 ],,,, 
  [ 2455724657, 15838079321, 120079978621 ],,,,,, [ 2992072579 ],, [ 6609725461 ],,,,,,,,,,,,
  ,,,, [ 122624389337 ],,,,,,,, [ 34495573141 ],,,, [ 5200346401 ],,,, [ 2063424557 ],,,,,,,,
  ,,,, [ 57473353601 ],,,,,, [ 5780631641, 1335544827961 ],,,,,,,,,,,,,,,,,,,, 
  [ 1206417811 ],,,,,,,,,,,, [ 116019443417 ],,,,,,,, [ 9422128801 ],,,,,, [ 4604944849 ],,,,
  ,, [ 5780768401 ],, [ 37211446469 ], [ 21850064911 ],,,,,,,,,,,,,,, [ 5049099061 ],,,, 
  [ 35853521153 ],,,,,,,,,, [ 422070759497 ],,,,,,,,,, [ 1363055293 ],,,,,,,,,,,,,,,,,, 
  [ 2431382419 ],, [ 523962996961 ],,,,,,,,,,,,,, [ 1333625347 ],,,,,, [ 13542947393 ],,,,,,,
  ,,,,, [ 17904874241 ],, [ 4394721442123 ],, [ 1062949081, 72809371381 ],,,, 
  [ 1245712129, 5490211201 ],,,,,,,,,,,, [ 1635710077, 9091728829 ],,,,,,,,,,,,,,,, 
  [ 3974658749, 3787045755349 ],,,,,,,,,,,,,, [ 13711638307 ],,,,,, 
  [ 3315689569, 28750292929 ],,, [ 387236527081 ], [ 6159463369 ],,,, [ 1781964396481 ],, 
  [ 4729548011 ],, [ 3955171093, 146994692521 ],, [ 1935492529, 3837109747 ],,,,,, 
  [ 4959845269, 1907957788157 ],,,,,, [ 1783042771 ],, [ 30546400861 ],,,,,,,,,,,,,,,,,,,, 
  [ 1722779540161 ],,,, [ 27855094037 ],,,,,,,,,,,, [ 9006891169 ],,,, [ 1395334981 ],,,,,,,,
  ,,,,,, [ 18887990129 ],,,,,,,,,,,,,,,,,, [ 189375881153 ],,,, [ 5288275441 ],,,,,,,,,,,,,, 
  [ 201413095171 ],, [ 5760783601 ],,,,,,,,,,,,,,,,,,,, [ 1007063337793 ],, [ 9427910603 ],,,
  ,,,,,,,,,,,,,,,,,,,,, [ 95585303609 ],,,,,,,,,,,,,, [ 4314331081, 27064993933 ],,,,,,,, 
  [ 122501764001 ],, [ 1085028163 ],,,,,, [ 43754635021 ],,,,,,,,,,,,,,,, [ 4466553709 ],, 
  [ 105029780033 ],,,,,,,, [ 1995307751209 ],,,, [ 105966270049 ],,,,,,,,,,,,,, 
  [ 519844818817 ],,,,,,,, [ 1639358641 ],, [ 615484908091 ],,,,,,,, [ 1931782235041 ],,,,,,,
  , [ 6866614939 ],,,,,,,,,,,,,,,, [ 147370981651 ],,,,,,,,,, 
  [ 3022621114817, 6192533042453 ],,,,,,,, [ 12262523281 ],,,,,,,, 
  [ 12973985881, 130005722461 ],,,,,,,,,,,,,,,, [ 3848371489 ],,,, [ 1886204321, 2020673201 ]
   ,,,,,,,,,,,,,,,,,,,,,,,,,, [ 75625448419 ],,,,,,,, [ 4511084161 ],,,,,,,,,,,,,,,,,, 
  [ 1370499937, 140993322809 ],,,,,,,,,,,,,, [ 39213278651 ],,,,,,,,,,,,,,,,,,,,,,,,,, 
  [ 12253465933 ],,,,,,,,,,,,,,,,,,,,,,,, [ 3069763777, 11544449113, 22672816057 ],,,,,, 
  [ 8607685483 ],,,,,,,,,, [ 3155274229, 246565421653 ],, [ 4530913441 ],,,,,,,,,,,,,,,,,,,,,
  ,,,,,,,,, [ 3926100793, 4214443993 ],,,,,,,,,,,, [ 287102659537 ],,,,,,,,,,,,,,,,,, 
  [ 30200559859 ],,,,,,,,,,,,,,,,,,,,,,,,,, [ 38090715461 ],,,,,,,,,,,,,,,,,,,,,, 
  [ 1059417211 ],, [ 1061252509 ],,,,,,,, [ 3946698169, 7277456201 ],,,,,,,, 
  [ 13357143415201 ],,,,,,,,,,,,,,,,,,,,,,,, [ 17786499229 ],,,,,,,,,,,,,,,,,,,,,,,,,,,,,,,, 
  [ 20267766889 ],,,,,,,, [ 1739553833 ],,,,,,,,,,,,,,,,,,,,,,,,,,,,,,,, 
  [ 32268702997, 14076636013261 ],,,, [ 1080504001 ],,,, [ 106354848601 ],,,,,,,,,,,,,,,,,,,,
  ,,,, [ 2305611089, 8763095261 ],,,,,,,,,,,,,,,,,, [ 1842354193 ],,,,,,,,,,,,,, 
  [ 5052848641 ],,,,,,,, [ 38716445557 ],,,,,,,,,,,,,,,, [ 1484133769 ],,,,,,,, 
  [ 21355530109 ],,,,,, [ 9902144929 ],, [ 1008841901 ],,,,,,,,,,,,,,,, [ 1366285621 ],,,,,,,
  ,,,,,,, [ 11150537441 ],,,,,,,,,, [ 174564060481 ],,,, [ 746138098721 ],,,,,,,, 
  [ 2579430001 ],,,,,,,,,,,,,,,,,,,, [ 2031430241 ],,,,,,,,,, [ 5729256361 ],,,,,,,,,,,,,,,,,
  ,,,,,,, [ 9725735689, 197512561291 ],,,,,,,, [ 35720084779 ],,,,,,,,,, [ 2756852737 ],,,,,,
  ,,,,,,,,,, [ 288310375201 ],,,,,,,,,,,,,,,,,,,, [ 2372922241 ],,,,,,,,,,,, [ 980180957377 ]
   ,,,,,, [ 196971350803 ],,,,,, [ 1734587317, 3386673361 ],,,,,,,,,,,,,,,,,,,,,,,,,,,, 
  [ 13505986033 ],,,,,,,, [ 6502057921 ],,,, [ 8746837993 ],,,,,,,,,,,,,,,,,,,,,,,,,, 
  [ 1944641401 ],,,,,,,,,,,,,,,,,,,,,,,,,,,,,,,,,,,,,,,,,,,,,,,, [ 7176247387 ],,,,,,,,,,,,,,
  ,,,, [ 1637744257 ],,,,,, [ 16623978361 ],,,,,,,,,,,, [ 1164266419, 1393216009 ],,,,,,,,,,,
  , [ 28348600205251 ],,,,,,,,,,,,,, [ 23233977521 ],,,,,, [ 242286578227 ],, 
  [ 4251029729017 ],,,,,,,,,,,,,, [ 29070162361 ],, [ 208156010365937 ],,,,,,,,,,,,,,,,,,,,,,
  ,,,,,,,,,,,, [ 73151710579 ],,,, [ 22770571699 ],, [ 11539344181 ],,,,,,,, [ 17563149649 ],
  ,,,,,,, [ 6924162841 ],,,,,,,,,,,,,,,,,,,,,,,, [ 21896999461 ],,,,,,,,,,,,,,,, 
  [ 13730858321 ],,,,,,,,,,,,,,,,,,,, [ 1583154401, 2318317201, 3304796401 ],,,, 
  [ 1285178977, 17833612417 ],,,,,,,,,,,,,,,,,,,,,,,,,,,,,,,,,,,,,,,,,,,,,, [ 4556832601 ],, 
  [ 1538942077, 12336783013 ],,,, [ 1250955457 ],,,,,,,,,,,,,,,,,,,,,,,, [ 148337077253041 ],
  ,,, [ 537574946717 ],,,,,,,, [ 8707132081 ],,,,,,,,,,,,,,,,,,,,,,,,,,,,,,,,,,,,,, 
  [ 1502475041 ],, [ 17924569937 ],,,,,,,,,,,,,,,, [ 28297030693 ],,,,,,,, 
  [ 5658365393, 9792770461 ],,,, [ 1693350961, 2121408241 ],,,, [ 1498025509 ],,,,,,,,,,,,,,,
  ,,,,,,,,,,,,,,,,,,,,, [ 29406297601, 159150268801 ],,,,,,,,,, [ 12686856001 ],,,,,,,, 
  [ 23975158153 ],,,,,, [ 1127641134097 ],,,,,,,,,,,,,,,, [ 30367273201 ],, [ 29095016329 ],,
  ,,,,,,,,,,,,,,,,,,,,,,,,,,,,,,,,,,,,,,,, [ 1345029181 ],,,,,, [ 18020456851 ],, 
  [ 4938356593 ],,,,,,,, [ 3316721801, 8769098801 ],,,,,,,,,,,,,, [ 74675193139 ],,,,,,,,,, 
  [ 36130736321 ],,,,,,,,,,,,,,,,,,,,,,,, [ 2855441321 ],,,,,,,,,,,,,,,,,,,,,,,,,,,,,,,,,,,,,
  ,,,,,,,,,,,,,,,,,,,,,,,,,,, [ 10089977969 ],,,,,,,,,,,,,,,,,,,,,,,, [ 123699393901 ],,,, 
  [ 109199865601 ],,,,,,,,,,,,,,,,,,,,,,,,,,,,,,,,,,,, [ 1352682937 ],,,,,, [ 24639594211 ],
  , [ 3648913901 ],,,,,,,,,,,,,,,, [ 26681221201 ],,,,,,,,,,,,,,,, [ 5628715289 ],,,,,,,, 
  [ 2165627857 ],,,,,,,, [ 151450698337 ],,,,,,,,,,,,,,,,,,,,,,,,,,,,,,,,,,,,,,,,,,,,,,,,,,,,
  ,,,,,,,,,,,,,,,,,,,,,,,,,,,,,, [ 5312518531 ],,,,,,,,,,,,,, [ 52934488093 ],,,,,,,,,, 
  [ 2359635193 ],,,,,,,,,,,,,,,,,,,,,,,,,,,,,, [ 17351417053, 16957855618813 ],,,,,, 
  [ 139629297673 ],,,,,,,,,,,,,,,,,,,,,,,,,, [ 3597931501 ],,,, [ 70499505649 ],,,, 
  [ 3646521689 ],,,,,,,,,,,, [ 1102133761 ],,,,,,,,,,,,,,,,,,,,,,,,,,,,,,,,,,,, 
  [ 19424958697 ],,,,,,,,,,,,,,,,,,,,,,,, [ 2260589921 ],, [ 7655292217 ],,,,,,,,,,,,,,,,,,,,
  ,,,,,,,,,,,,,,,,,, [ 65439833401 ],,,,,,,,,,,,,,,,,,,,,,,, [ 1496223517, 199011947357 ],,,,
  ,,,,,,,,,,,,,,,,,,,,,,,,,,,,,,,,,,,,,,,,,,,,,,,,,,,,,,,,,,,,,,,,,,,,,,,,,,,,,,,,,,,, 
  [ 27720149437 ],,,,,,,,,,,, [ 1020883249 ],,,, [ 1473959353 ],,,,,,,, [ 316664747821 ],,,,,
  ,,, [ 1047406309 ],,,,,,,,,,,,,,,, [ 59971535461 ],,,,,,,,,,,,,,,, [ 2182356061 ],,,,,,,, 
  [ 7675703533 ],,,,,,,,,,,,,,,,,,,,,,,,,,,,,,,,,,,,,,,, [ 6251226673 ],,,,,,,,,,,,,, 
  [ 1108860499 ],,,,,,,,,,,,,,,,,, [ 9000745381, 98859005521 ],,,,,,,,,,,,,,,,,,,,,,,,,,,,,,,
  ,,,,,,,,,,,,,,,,,,,,,,,,,,,,,,,,, [ 1227699901 ],, [ 476030151433 ],,,,,,,,,,,,,,,,,,,,,,,,
  ,,,,,,,,,,,,,,,,,,,,,,,, [ 21987889771 ],,,,,,,,,,,,,,,,,,,,,, [ 9145269181 ],,,,,,,,,,,,,,
  ,,,,,,,,,,,,,,,,,,,,,,,,,,,,,,,,,, [ 8802206381 ],,,,,,,,,,,,,,,, [ 1683450497 ],,,,,,,,,,,
  ,,,,,,,,,,,,, [ 12946747601 ],,,,,,,,,, [ 7858426531 ],,,,,,,,,,,,,,,,,,,,,,,,,,,,,, 
  [ 99503856541 ],,,,,,,,,,,,,,,, [ 5771560549 ],,,,,,,,,,,,,,,,,,,,,,,,,,,,,,,,,,,,,,,,,,,, 
  [ 1983012001 ],,,,,,,,,,,,,,,,,,,, [ 1909008221 ],,,,,,,,,,,,,,,,,,,,,,,,,,,,,,,,,,,,,,,,,,
  ,,,,,,,,,,,,,, [ 5222127569 ],,,,,,,,,,,,,, [ 6209022961 ],,,,,,,,,, [ 1664439901 ],,,,,,,,
  ,,,,,,,, [ 71203450561 ],,,,,,,, [ 1406125517 ],,,,,,,,,,,,,,,,,,,,,,,,,,,,,,,,,,,,,,,, 
  [ 4430923597, 4912880593 ],,,,,,,, [ 1198242516853 ],,,,,,,,,,,,,,,,,,,,,,,,,,,,,,,,,,,,,,,
  ,,,,,,,,,,,,,,,,, [ 648858145069 ],,,,,,,,,,,,,,,,,,,,,,,,,,,,,,,,,,,,,,,,,,,,,,,,,,,,,,,,,
  ,,,,,,,,,,,,,,, [ 1012869901, 70114703401 ],,,,,,,,,,,,,,,,,,,,,,,,,,,,,,,,,,,,,,,,,,,,,,,,
  ,,,,,,,, [ 4966184329 ],,,,,,,,,,,,,,,,,,,,,,,,,,,,,,,,,,,,,,,,,,,,,,,, [ 1120533497 ],,,,,
  ,,, [ 93330109657 ],,,,,,,,,,,,,,,, [ 42592969337 ],,,,,,,,,,,,,,,,,,,,,,,, 
  [ 2609633989, 158498696449 ],,,,,,,,,,,,,,,, [ 4554603901 ],,,,,,,, [ 4473167389337 ],,,, 
  [ 35472828961 ],,,,,,,,,,,,,,,,,,,, [ 6498310001, 15202804501 ],,,,,,,,,, [ 51812198131 ],,
  ,,,,,,,,,,,, [ 4376553637 ],,,,,,,, [ 2173294381 ],,,,,,,,,,,,,,,,,,,,,,,,,,,,,,,, 
  [ 4775736661 ],,,,,,,,,,,,,,,,,,,,,,,,,,,,,,,,,,,,,,,, [ 55151344613 ],,,,,,,,,,,,,,,,,,,,,
  ,,,,,,,,,,,,,,,,,,,,,,,,,,, [ 8646655417 ],,,,,,,,,,,,,,,,,,,,,,,, [ 5059219673 ],,,,,,,,,,
  ,,,,,,,,,,,,,,,,,,,,,, [ 126114330889 ],,,,,,,, [ 2058561457, 45173508433 ],,,,,,,,,,,,,,,,
  ,,,,,,,, [ 1051621981 ],,,,,,,,,,,,,,,,,,,,,,,, [ 9500470897 ],,,,,,,,,,,,,,,, 
  [ 48075474841 ],,,,,,,,,,,,,,,,,,,,,,,,,,,,,,,,,,,,,,,,,,,,,,,, [ 356344204621 ],,,,,,,,,,,
  ,,,,,,,,,,,,, [ 3716579617 ],,,,,,,, [ 27927912910661 ],,,,,,,,,,,,,,,,,,,,,,,,,,,,,,,,,,,,
  ,,,,,,,,,,,,,,,,,,,,,,,,,,,,,,,,,, [ 1350407521 ],,,,,,,,,,,,,,,,,,,,,,,,,,,,,,,,,,,,,,,,,,
  ,,,,,,,,,,,,,,,, [ 32788387813 ],,,,,,,,,,,,,,,, [ 78905859313 ],,,,,,,,,,,,,,,,,,,,,,,,,,,
  ,,,,,,,,,,,,,,,,,,,,, [ 1536108953 ],,,,,,,, [ 2234348801 ],,,,,,,,,,,,,,,,,,,,,,,,,,,,,,,
  , [ 3316148281 ],,,,,,,, [ 8549457901 ],,,,,,,,,,,,,,,, [ 1650312747409 ],,,,,,,,,,,,,,,,,,
  ,,,,,, [ 3911073330361 ],,,,,,,,,,,,,,,,,,,,,,,,,,,,,,,,,,,,,,,,,,,,,,,,,,,,,,,,,,,,,,,,,,,
  ,,,,,,,,,,,,,,,,,,,,,,,,,,,,,,,,,,,,,,,,,,,,, [ 28617102697 ],,,,,,,, [ 2543040061 ],,,,,,,
  ,,,,,,,,,,,,,,,,,,,,,,,,,,,,,,,,,,,,,,,,,,,,,,,,, [ 16848974797 ],,,,,,,,,,,,,,,, 
  [ 106018696369 ],,,,,,,,,,,,,,,,,,,,,,,,,,,,,,,, [ 24802614761 ],,,,,,,,,,,,,,,,,,,,,,,,,,,
  ,,,,,,,,,,,,,,,,,,,,,,,,,,,,,,,,,,,,,,,,,,,,,,,,,,,,,,,,,,,,,,,,,,,,,,,,,,,,,,,,,,,,,,,,,,,
  ,,,,,,,,,,,,,,,,,, [ 19504305001 ],,,,,,,,,,,,,,,,,,,,,,,,,,,,,,,,,,,,,,,,,,,,,,,,,,,,,,,,,
  ,,, [ 14856715441 ],,,,,,,,,,,, [ 44603721637 ],,,,,,,,,,,,,,,, [ 5718051221 ],,,,,,,, 
  [ 1224908173 ],,,,,,,,,,,,,,,, [ 4888601477 ],,,,,,,, [ 1710072781, 44424760021 ],,,,,,,,,,
  ,,,,,,,,,,,,,,,,,,,,,,,,,,,,,,,,,,,,,,,,,,,,,,,,,,,,,,,,,,,,,,,,,,,,,,,,,,,,,,,,,,,,,, 
  [ 57310173337 ],,,,,,,,,,,,,,,,,,,,,,,,,,,,,,,,,,,,,,,, [ 40627279987141 ],,,,,,,, 
  [ 2453307541 ],,,,,,,,,,,,,,,,,,,,,,,,,,,,,,,,,,,,,,,,,,,,,,,,,,,,,,,,,,,,,,,,,,,,,,,,,,,,,
  ,,,,,,,,,,,,,,,,,,,,,,,,,,,,,,,,,,,,,,,,,,,,,,,,,,,,,,,,,,, [ 260808482801 ],,,,,,,, 
  [ 818791465213 ],,,,,,,,,,,,,,,,,,,,,,,,,,,,,,,,,,,,,,,,,,,,,,,,,,,,,,,,,,,,,,,,,,,,,,,,,,,
  ,,,,,,,,,,,,,,,,,,,,,,,,,,,,,,,,,,,,,,,,,,,,,,,,,,,,,,,,,,,,,,,,,,,,,,,,,,,,,,,,,,,,,,,,,,,
  ,,,,,,,,,,,,,,,,,,,,,,,,,,,,,,,,,,,,,,,,,,,,,,,,,,,,,,,,,,,,,,,,,,,,,,,,,,,,,,,,,,,,,,,,,,,
  ,,,,,,,,,,,,,,, [ 5371683301 ],,,,,,,,,,,,,,,,,,,,,,,,,,,,,,,,,,,,,,,,,,,,,,,, 
  [ 1067352617 ],,,,,,,,,,,,,,,,,,,,,,,,,,,,,,,,,,,,,,,,,,,,,,,,,,,,,,,,,,,,,,,,,,,,,,,, 
  [ 14668980101 ],,,,,,,,,,,,,,,,,,,,,,,,,,,,,,,,,,,,,,,,,,,,,,,,,,,,,,,,,,,,,,,,,,,,,,,,,,,,
  ,,,,,,,,,,,, [ 1361967949 ],,,,,,,,,,,,,,,,,,,,,,,,,,,,,,,,,,,,,,,, [ 53215628985989 ],,,,,
  ,,,,,,,,,,,,,,,,,,,,,,,,,,, [ 2167942681 ],,,,,,,,,,,,,,,,,,,,,,,,,,,,,,,,,,,,,,,,,,,,,,,,,
  ,,,,,,,,,,,,,,,,,,,,,,,,,,,,,,,,,,,,,,,,,,,,,,, [ 30617568997 ],,,,,,,,,,,,,,,,,,,,,,,,,,,,
  ,,,,,,,,,,,,,,,,,,,, [ 47548173349 ],,,,,,,,,,,,,,,,,,,,,,,,,,,,,,,,,,,,,,,,,,,,,,,,,,,,,,,
  ,,,,,,,,,,,,,,,,,,,,,,,,,,,,,,,,,,,,,,,,, [ 142333223289601 ],,,,,,,,,,,,,,,,,,,,,,,,,,,,,,
  ,,,,,,,,,,,,,,,,,,,,,,,,,,,,,,,,,,,,,,,,,,,,,,,,,,,,,,,,,,,,,,,,,,,,,,,,,,,,,,,,,,,,,,,,,,,
  ,,,,,,,,,,,,,,,,,,,,,,, [ 734293741897 ],,,,,,,,,,,,,,,,,,,,,,,, 
  [ 1195353193, 1211714653, 3290914801 ],,,,,,,,,,,,,,,,,,,,,,,, [ 154418009617 ],,,,,,,,,,,,
  ,,,,,,,,,,,,,,,,,,,,,,,,,,,,,,,,,,,,,,,,,,,,,,,,,,,,,,,,,,,,,,,,,,,,,,,,,,,,,,,,,,,,,,,,,,,
  ,,,,,,,,,,,,,,,,,,,,,,,,,,,,,,,,,,,,,,,,, [ 46499680693 ],,,,,,,,,,,,,,,,,,,,,,,, 
  [ 38058949021 ],,,,,,,,,,,,,,,,,,,,,,,,,,,,,,,,,,,,,,,,,,,,,,,,,,,,,,,,,,,,,,,,,,,,,,,,,,,,
  ,,,,,,,,,,,,,,,,,,,,,,,,,,,,,,,,,,,,,,,,,,,, [ 79942184821 ],,,,,,,,,,,,,,,,,,,,,,,,,,,,,,,
  ,,,,,,,,,,,,,,,,,,,,,,,,,,,,,,,,,,,,,,,,,,,,,,,,,,,,,,,,,,,,,,,,,,,,,,,,,,,,,,,,,,,,,,,,,,,
  ,,,,,,,,,,,,,,,,,,,,,,,,,,,,,,,,,,,,,,,,,,,,,,,,,,,,,,,,,,,,,,,,,,,,,, [ 16946722189 ],,,,,
  ,,,,,,,,,,,,,,,,,,,,,,,,,,,,,,,,,,,,,,,,,,, [ 15856054861 ],,,,,,,,,,,,,,,,,,,,,,,,,,,,,,,,
  ,,,,,,,,,,,,,,,, [ 8883644509 ],,,,,,,,,,,,,,,,,,,,,,,,,,,,,,,,,,,,,,,,,,,,,,,, 
  [ 2267501029 ],,,,,,,,,,,,,,,,,,,,,,,,,,,,,,,,,,,,,,,,,,,,,,,,,,,,,,,,,,,,,,,,,,,,,,,,,,,,,
  ,,,,,,,,,,,,,,,,,,,,,,,,,,,,,,,,,,,,,,,,,,, [ 1144785709, 2165083933 ],,,,,,,,,,,,,,,,,,,,,
  ,,, [ 5332860961 ],,,,,,,,,,,,,,,,,,,,,,,,,,,,,,,,,,,,,,,,,,,,,,,,,,,,,,,,,,,,,,,,,,,,,,,, 
  [ 1256109241 ],,,,,,,,,,,,,,,,,,,,,,,,,,,,,,,,,,,,,,,,,,,,,,,,,,,,,,,,,,,,,,,,,,,,,,,, 
  [ 1160626933, 8193673393 ],,,,,,,,,,,,,,,,,,,,,,,,,,,,,,,,,,,,,,,,,,,,,,,, [ 15085362697 ],
  ,,,,,,,,,,,,,,,,,,,,,,,,,,,,,,,,,,,,,,,,,,,,,,,,,,,,,,,,,,,,,,,,,,,,,,,,,,,,,,,,,,,,,,, 
  [ 19397472641 ],,,,,,,,,,,,,,,,,,,,,,,,,,,,,,,,,,,,,,,,,,,,,,,,,,,,,,,,,,,,,,,,,,,,,,,,,,,,
  ,,,,,,,,,,,,,,,,,,,,,,,,,,,, [ 8570866609 ],,,,,,,,,,,,,,,,,,,,,,,,,,,,,,,,,,,,,,,,,,,,,,,,
  ,,,,,,,,,,,,,,,,,,,,,,,,,,,,,,,,,,,,,,,,,,,,,,,,,,,,,,,,,,,,,,,,,,,,,,,,,,,,,,,,,,,,,,,,,,,
  ,,,,,,,,,,,,,,,,,,,,,,,,,,,,, [ 3038611237, 7611578167969 ],,,,,,,,,,,,,,,,,,,,,,,, 
  [ 1057081957 ],,,,,,,,,,,,,,,,,,,,,,,,,,,,,,,,,,,,,,,,,,,,,,,,,,,,,,,,,,,,,,,,,,,,,,,,,,,,,
  ,,,,,,,,,,,,,,,,,,,,,,,,,,,,,,,,,,,,,,,,,,,,,,,,,,,,,,,,,,,,,,,,,,,,,,,,,,,,,,,,,,,,,,,,,,,
  ,,,,,,,,,,,,,,,,,,,,,,,,,,,,,,,,,,,,,,,,,,,,,,,,,,,,,,,,,,,,,,,,,,,,,,,,,,,,,,,,,,,,,,,,,,,
  ,,,,,,,,,,,,,,,,,,,,,,,,,,,,, [ 1463856829 ],,,,,,,,,,,,,,,,,,,,,,,,,,,,,,,,,,,,,,,,,,,,,,,
  ,,,,,,,,,,,,,,,,,,,,,,,,,,,,,,,,,,,,,,,,,,,,,,,,, [ 8677432081 ],,,,,,,,,,,,,,,,,,,,,,,,,,,
  ,,,,,,,,,,,,,,,,,,,,, [ 76741346137 ],,,,,,,,,,,,,,,,,,,,,,,,,,,,,,,,,,,,,,,,,,,,,,,,,,,,,,
  ,,,,,,,,,,,,,,,,,,,,,,,,,,,,,,,,,,,,,,,,,, [ 1137970081, 1633695337 ],,,,,,,,,,,,,,,, 
  [ 14211877681, 101530082501 ],,,,,,,,,,,,,,,,,,,,,,,,,,,,,,,, [ 1023442297, 1471069909 ],,,
  ,,,,,,,,,,,,,,,,,,,,,,,,,,,,,,,,,,,,,,,,,,,,, [ 10654876321 ],,,,,,,,,,,,,,,,,,,,,,,,,,,,,,
  ,,,,,,,,,,,,,,,,,,,,,,,,,,,,,,,,,,,,,,,,,,,,,,,,,,,,,,,,,,,,,,,,,,,,,,,,,,,,,,,,,,,,,,,,,, 
  [ 19875721501 ],,,,,,,,,,,,,,,,,,,,,,,, [ 1811467477, 42755425777 ],,,,,,,,,,,,,,,,,,,,,,,,
  ,,,,,,,,,,,,,,,,,,,,,,,,,,,,,,,,,,,,,,,,,,,,,,,,,,,,,,,,,,,,,,,,,,,,,,,,,,,,,,,,,,,,,,,,,,,
  ,,,,,,,,,,,,,,,,,,,,,,,,,,,,,,,,,,,,,,,,,,,,,,,,,,,,, [ 5978450017 ],,,,,,,,,,,,,,,,,,,,,,,
  ,,,,,,,,,,,,,,,,,,,,,,,,, [ 2839063921, 67804591801 ],,,,,,,,,,,,,,,,,,,,,,,,,,,,,,,,,,,,,,
  ,,,,,,,,,,,,,,,,,,,,,,,,,,,,,,,,,,,,,,,,,,,,,,,,,,,,,,,,,,,,,,,,,,,,,,,,,,,,,,,,,, 
  [ 34815659761 ],,,,,,,,,,,,,,,,,,,,,,,,,,,,,,,,,,,,,,,,,,,,,,,,,,,,,,,,,,,,,,,,,,,,,,,,,,,,
  ,,,,,,,,,,,,,,,,,,,,,,,,,,,,,,,,,,,,,,,,,,,,,,,,,,,,,,,,,,,,,,,,,,,,,,,,,,,,,,,,,,,,,,,,,,,
  ,,,,,,,,,,,,,,,,,,,,,,,,,,,,,,,,,,,,,,,,,,,,,,,,,,,,,,,,,,,,,,,,,,,,,,,,,,,,,,,,,,,,,,,,,,,
  ,,,,,,,,,,,,,,,,,,,,,,,,,,,,,,,,,,,,,,,,,,,,,,,,,,,,,,,,,,,,,,,,,,,,,,,,,,,,,,,,,,,,,,,,,,,
  ,,,,,,,,,,,,,,,,,,,,,,,,,,,,,,,,,,,,,,,,,,,,,,,,,,,,,,,,,,,,,,,,,,,,,,,,,,,,,,,,,,,,,,,,,,,
  ,,,,,,,,,,,,,,,,,,,,,,,,,,,,,,,,,,,,,,,,,,,,,,,,,,,,,,,,,,,,,,,, [ 10326191401 ],,,,,,,,,,,
  ,,,,,,,,,,,,,,,,,,,,,,,,,,,,,,,,,,,,,,,,,,,,,,,,,,,,,,,,,,,,,,,,,,,,,,,,,,,,,,,,,,,,, 
  [ 2547613418521 ],,,,,,,,,,,,,,,,,,,,,,,,,,,,,,,,,,,,,,,,,,,,,,,,,,,,,,,,,,,,,,,,,,,,,,,, 
  [ 15905497609 ],,,,,,,,,,,,,,,,,,,,,,,,,,,,,,,,,,,,,,,,,,,,,,,,,,,,,,,,,,,,,,,,,,,,,,,,,,,,
  ,,,,,,,,,,,,,,,,,,,,,,,,,,,,,,,,,,,,,,,,,,,,,,,,,,,,,,,,,,,,,,,,,,,,,,,,,,,,,,,,,,,,,,,,,,,
  , [ 40872121501, 187676467861 ],,,,,,,,,,,,,,,,,,,,,,,,,,,,,,,,,,,,,,,,,,,,,,,,,,,,,,,,,,,,
  ,,,,,,,,,,,,,,,,,,,,,,,,,,,,,,,,,,,,,,,,,,,,,,,,,,,,,,,,,,,,,,,,,,,,,,,,,,,,,,,,,,,,,,,,,,,
  ,,,,,,,,,,,,,,,,,,,,,,,,,,,,,,,,,,,,,,,,,,,,,,,,,,,,,,,,,,,,,,,,,,,,,,,,,,,,,,,,,,,,,,,,,,,
  ,,,,,,,,,,,,,,,,,,,,,,,,,,,,,,,,,,,,,,,,,,,,,,,,,,,,,,,,,,,,,,,,,,,,,,,,,,,,,,,,,,,,,,,,,,,
  ,,,,,,,,,,,,,,,,,,,,,,,,,,, [ 18598326091621 ],,,,,,,,,,,,,,,,,,,,,,,,,,,,,,,,,,,,,,,,,,,,,
  ,,,,,,,,,,,,,,,,,,,,,,,,,,,,,,,,,,,,,,,,,,,,,,,,,,,,,,,,,,,,,,,,,,,,,,,,,,,,,,,,,,,,,,,,,,,
  ,,,,,,,,,,,,,,,,,,,,,,,,,,,,,,,,,,,,,,,,,,,,,,,,,,,,,,,,,,,,,,,,,,,,,,,,,,,,,,,,,,,,,,,,,,,
  ,,,,,,,,,,,,, [ 48696745861 ],,,,,,,,,,,,,,,,,,,,,,,,,,,,,,,,,,,,,,,,,,,,,,,,,,,,,,,,,,,,,,
  ,,,,,,,,,, [ 1633180753 ],,,,,,,,,,,,,,,,,,,,,,,,,,,,,,,,,,,,,,,,,,,,,,,, [ 249193453801 ],
  ,,,,,,,,,,,,,,,,,,,,,,,,,,,,,,,,,,,,,,,,,,,,,,,,,,,,,,,,,,,,,,,,,,,,,,,,,,,,,,,,,,,,,,,,,,,
  ,,,,,,,,,,,,,,,,,,,,,,,,,,,,,,,,,,,,,,,,,,,,,,,,,,,,,,,,,,,,,,,,,,,,,,,,,,,,,,,,,,,,,,,,,,,
  ,,,,,,,,,,,,,,,,,,,,,,,,,,,,,,,,,,,,,,,,,,,,,,,,,,,,,,,,,,,,,,,,,,,,,,,,,,,,,,,,,,,,,,,,,,,
  ,,,,,,,,,,,,,,,,,,,,,,,,,,,,,,,,,,,,,,,,,,,,,,,,,,,,,,,,,,,,,,,,,,,,,,,,,,,,,,,,,,,,,,,,,,,
  ,,,,,,,,,,,,,,,,,,,,,,,,,,,,,,,,,,,,,,,,,,,,,,,,,,,,,,,,,,,,,,,,,,,,,,,,,,,,,,,,,,,,,,,,,,,
  ,,,,,,,,,,,,,,,,,,,,,,,,,,,,,,,,,,,,,,,,,,,,,,,,,,,,,,,,,,,,,,,,,,,,,,,,,,,,,,,,,,,,,,,,,,,
  ,,,,,,,,,,,,,,,,,,,,,,,,,,,,,,,,,,,,,,,,,,,,,,,,,,,,,,,,,,,,,,,,,,,,,,,,,,,,,,,,,,,,,,,,,,,
  ,,,,,,,,,,,,,,,,,,,,,,,,,,,,,,,,,,,,,,,,,,,,,,,,,,,,,,,,,,,,,,,,,,,,,,,,,,,,,,,,,,,,,,,,,,,
  ,,,,,,,,,,,,,,,,,,,,,,,,,,,,,,,,,,,,,,,,,,,,,,,,,,,,,,,,,,,,,,,,,,,,,,,,,,,,,,,,,,,,,,,,,,,
  ,,,,,,,,,,,,,,,,,,,,,,,,,,,,,,,,,,,,,,,,,,,,,,,,,,,,,,,,,,,,,,,,,,,,,,,,,,,,,,,,,,,,,,,,,,,
  ,,,,,,,,,,,,,,,,,,,,,,,,,,,,,,,,,,,,,,,,,,,,,,,,,,,,,,,,,,,,,,,,,,,,,,,,,,,,,,,,,,,,,,,,,,,
  ,,,,,,,,,,,,,,,,,,,,,,,,,,,,,,,,,,,,,,,,,,,,,,,,,,,,,,,,,,,,,,,,,,,,,,,,,,,,,,,,,,,,,,,,,,,
  ,,,,,,,,,,,,,,,,,,,,,,,,,,,,,,,,,,,,,,,,,,,,,,,,,,,,,,,,,,,,,,,,,,,,,,,,,,,,,,,,,,,,,,,,,,,
  ,,,,,,,,,,,,,,,,,,,,,,,,,,,,,,,,,,,,,,,,,,,,,,,,,,,,,,,,,,,,,,,,,,,,,,,,,,,,,,,,,,,,,,,,,,,
  ,,,,,,,,,,,,,,,,,,,,,,,,,,,,,,,,,,,,,,,,,,,,,,,,,,,,,,,,,,,,,,,,,,,,,,,,,,,,,,,,,,,,,,,,,,,
  ,,,,,,,,,,,,,,,,,,,,,,,,,,,,,,,,,,,,,,,,,,,,,,,,,,,,,,,,,,,,,,,,,,,,,,,,,,,,,,,,,,,,,,,,,,,
  ,,,,,,,,,,,,,,,,,,,,,,,,,,,,,,,,,,,,,,,,,,,,,,,,,,,,,,,,,,,,,,,,,,,,,,,,,,,,,,,,,,,,,,,,,,,
  ,,,,,,,,,,,,,,,,,,,,,,,,,,,,,,,,,,,,,,,,,,,,,,,,,,,,,,,,,,,,,,,,,,,,,,,,,,,,,,,,,,,,,,,,,,,
  ,,,,,,,,,,,,,,,,,,,,,,,,,,,,,,,,,,,,,,,,,,,,,,,,,,,,,,,,,,,,,,,,,,,,,,,,,,,,,,,,,,,,,,,,,,,
  ,,,,,,,,,,,,,,,,,,,,,,,,,,,,,,,,,,,,,,,,,,,,,,,,,,,,,,,,,,,,,,,,,,,,,,,,,,,,,,,,,,,,,,,,,,,
  ,,,,,,,,,,,,,,,,,,,,,,,,,,,,,,,,,,,,,,,,,,,,,,,,,,,,,,,,,,,,,,,,,,,,,,,,,,,,,,,,,,,,,,,,,,,
  ,,,,,,,,,,,,,,,,,,,,,,,,,,,,,,,,,,,,,,,,,,,,,,,,,,,,,,,,,,,,,,,,,,,,,,,,,,,,,,,,,,,,,,,,,,,
  ,,,,,,,,,,,,,,,,,,,,,,,,,,,,,,,,,,,,,,,,,,,,,,,,,,,,,,,,,,,,,,,,,,,,,,,,,,,,,,,,,,,,,,,,,,,
  ,,,,,,,,,,,,,,,,,,,,,,,,,,,,,,,,,,,,,,,,,,,,,,,,,,,,,,,,,,,,,,,,,,,,,,,,,,,,,,,,,,,,,,,,,,,
  ,,,,,,,,,,,,,,,,,,,,,,,,,,,,,,,,,,,,,,,,,,,,,,,,,,,,,,,,,,,,,,,,,,,,,,,,,,,,,,,,,,,,,,,,,,,
  ,,,, [ 9800936641, 72425556061 ],,,,,,,,,,,,,,,,,,,,,,,,,,,,,,,,,,,,,,,,,,,,,,,,,,,,,,,,,,,
  ,,,,,,,,,,,,,,,,,,,,,,,,,,,,,,,,,,,,,,,,,,,,,,,,,,,,,,,,,,,,,,,,,,,,,,,,,,,,,,,,,,,,,,,,,,,
  ,,,,,,,,,,,,,,,,,,,,,,,,,,,,,,,,,,,,,,,,,,,,,,,,,,,,,,,,,,,,,,,,,,,,,,,,,,,,,,,,,,,,,,,,,,,
  ,,,,,,,,,,,,,,,,,,,,,,,,,,,,,,,,,,,,,,,,,,,,,,,,,,,,,,,,,,,,,,,,,,,,,,,,,,,,,,,,,,,,,,,,,,,
  ,,,,,,,,,,,,,,,,,,,,,,,,,,,, [ 1383666061 ],,,,,,,,,,,,,,,,,,,,,,,,,,,,,,,,,,,,,,,,,,,,,,,,
  ,,,,,,,,,,,,,,,,,,,,,,,,,,,,,,,,,,,,,,,,,,,,,,,,,,,,,,,,,,,,,,,,,,,,,,,,,,,,,,,,,,,,,,,,,,,
  ,,,,,,,,,,,,,,,,,,,,,,,,,,,,,,,,,,,,,,,,,,,,,,,,,,,,,,,,,,,,,,,,,,,,,,,,,,,,,,,,,,,,,,,,,,,
  ,,,,,,,,,,,,,,,,,,,,,,,,,,,,,,,,,,,,,,,,,,,,,,,,,,,,,,,,,,,,,,,,,,,,,,,,,,,,,,,,,,,,,,,,,,,
  ,,,,,,,,,,,,,,,,,,,,,,,,,,,,,,,,,,,,,,,,,,,,,,,,,,,,,,,,,,,,,,,,,,,,,,,,,,,,,,,,,,,,,,,,,,,
  ,,,,,,,,,,,,,,,,,,,,,,,,,,,,,,,,,,,,,,,,,,,,,,,,,,,,,,,,,,,,,,,,,,,,,,,,,,,,,,,,,,,,,,,,,,,
  ,,,,,,,,,,,,,,,,,,,,,,,,,,,,,,,,,,,,,,,,,,,,,,,,,,,,,,,,,,,,,,,,,,,,,,,,,,,,,,,,,,,,,,,,,,,
  ,,,,,,,,,,,,,,,,,,,,,,,,,,,,,,,,,,,,,,,,,,,,,,,,,,,,,,,,,,,,,,,,,,,,,,,,,,,,,,,,,,,,,,,,,,,
  ,,,,,,,,,,,,,,,,,,,,,,,,,,,,,,,,,,,,,,,,,,,,,,,,,,,,,,,,,,,,,,,,,,,,,,,,,,,,,,,,,,,,,,,,,,,
  ,,,,,,,,,,,,,,,,,,,,,,,,,,,,,,,,,,,,,,,,,,,,,,,,,,,,,,,,,,,,,,,, [ 213335888221 ] ]);
