BRENTFACTORS[8421]:=MakeImmutable([ ,,,,,,,,,, [ 178438120037 ],,,, [ 15281541511 ],, 
  [ 2504187094661408152971703 ],, [ 3381727124046519641 ],, [ 29877054607 ],,,, 
  [ 52525562909836510634795899850101 ],, [ 8238853333, 2937102697582245864811 ],, 
  [ 4916196162465541 ],, [ 46551228757805924461 ],, [ 45412995359029 ], [ 14893181243981 ],,,
  , [ 1863783789035171, 37798914724054823 ], 
  [ 569885034967, 55889738241187689683729282204663611 ], [ 115558124629609001 ], 
  [ 2243299629511, 98389837634855442659861, 
      771162987986174322846900728634408898397112131327269 ], [ 4439057366437 ], 
  [ 3653134996863377, 31145283422773522303486051, 6345953525332989927627850263469 ], 
  [ 1446611893, 422287141579602096792721 ], [ 670065021786636245603368210434931 ], 
  [ 1938758311169 ], [ 459696221584467173609, 50079486911411834944408538293 ], 
  [ 2872773601, 19816779089904335082178849 ], [ 143761158764948658923180563 ], 
  [ 1042526754195640640551 ],, [ 15113453992894481742598393, 28293798872178148496216849 ], 
  [ 1357588853 ], [ 3745654556041 ],, 
  [ 6758681464081, 1146283431486313, 45354487400918688765971459017 ], 
  [ 139451761010251182988423 ], 
  [ 2609828751604681, 660877248323841274373, 836036170810991244417881 ], [ 675448938047333 ],
  [ 1513415521 ], [ 35396571383221 ], [ 1592634091008694867473258987858752289872689 ], 
  [ 78974793895647763 ], [ 250532404664746375937 ],,,, 
  [ 12946460271840932947082029, 3362372389485522213698796637147763171729 ], 
  [ 1264583901648076067075659 ], [ 1394027542634861 ], [ 17594773306505203541809 ], 
  [ 23693393754059078809, 7148637714525093379560072586385449 ], [ 130068193314651433827731 ],
  [ 662262339329, 29455590251754965746952243381 ], 
  [ 2537998201, 7903837315199512801, 4410648063789215274984292986901 ], 
  [ 1431984097, 192343090707155329691502513256965864557886989 ], 
  [ 2541907061, 15674804839, 174969939782023, 201354169095591359 ], 
  [ 120011071207, 181958327851, 438311491489, 3000270721625893 ], [ 41092206828307 ], 
  [ 124397204401, 4578532245361, 834496237345691049658608823117554644942801 ], 
  [ 1908204643, 2428022586043 ], 
  [ 864250896085303, 120824215096359624442615901, 
      2624488400017119673465902253113907115254739 ],, 
  [ 4281732825576697, 107928878585589453273056916332173 ], [ 16796172723372906761 ],, 
  [ 332281469514079 ], [ 3637835609, 327340873601809 ],,, [ 1029693211 ],, 
  [ 231601891561, 18513057319711 ],,, 
  [ 89388466053623329, 3642098071834378768387296952730011568871937 ], [ 80380655810363 ],,, 
  [ 62990895001 ],,, [ 158622617849, 382452429553 ],, [ 24341414735191 ], 
  [ 765897568072512226092003803 ],,,, [ 85640500441, 1827962209535242771 ], 
  [ 13325010763, 4341774077079571869949 ], [ 79987146961 ], [ 391809057093721 ],, 
  [ 5813400421 ],, [ 4789967131, 304931195431201 ], [ 6146223521, 50863431516501236921 ], 
  [ 10029676793417 ], [ 106744283861521, 4034121849022160757316735331939805509175262801 ], 
  [ 301678876514613661933 ], [ 6351201453943, 5885513766159944641, 1530227249629859457514793 
     ],, [ 7514120471513 ], [ 1572917455751 ], 
  [ 36332878234086199081, 1152735839816659122907, 5109844180720373532240283466740189 ],, 
  [ 15570685057, 1649638010964353 ],, [ 213078180391189900411, 74039666180353126150747721 ],
  , [ 200065815459380673986437 ],,, [ 16416399216871, 47207481397567651 ], 
  [ 134898806326994233 ], [ 14549054213, 64009418933, 39799958206666680307 ], 
  [ 6510957358403953430611 ],, [ 1309363380253369959622021 ],, [ 19440149868121 ], 
  [ 3699766025099 ],,, [ 172339950532703 ],, [ 257414033658637 ], [ 120538043802019795999 ], 
  [ 169901055451, 1245481551751, 2795249359817803504801 ],,, [ 11266583193757 ], 
  [ 39652769927, 6277911129029 ], [ 19248092649794501, 604167488856589642351 ], 
  [ 24799515313, 13378841206008721, 3316945887996992279653 ],,, [ 207043729048564183 ],,, 
  [ 4757138651760173372601765636193 ], [ 117061665013 ], [ 117253813429, 483850010058157 ],,,
  , [ 4615727761, 1988565799921 ], [ 2184598781, 95341564631 ], [ 92262501489760465411 ],, 
  [ 240971483127942236357 ], [ 4266691043 ], [ 163707806737 ], [ 187400945551 ], 
  [ 50660778662209 ], [ 55606396819, 1863175573785536959723, 137288609172400383096379 ], 
  [ 23068979445189943283999 ], [ 26562633689337806713 ], 
  [ 150837960339541, 16969358408708321883361 ],, [ 168419426373552173 ],, 
  [ 22964581072648597419180625921 ],, [ 6792588379519, 65060188557699739 ], 
  [ 825806013958601083 ], [ 2402223606425372497 ],, [ 34484105219521725851 ], 
  [ 82163659931, 752877733557994613 ], 
  [ 7586282497, 2741440174709961118833409, 31165804547225998674164353 ], [ 376426852601 ],, 
  [ 495420227641, 229895074017781698241 ], [ 9541580668117, 9112512631085249 ], 
  [ 2844173317 ], [ 65820494536124516497, 31234837945161912688441 ],,, 
  [ 302631507391, 1083548314756807 ],,, [ 284913808058857 ], [ 6387611047802541691 ],, 
  [ 307838846503 ], [ 12124403617, 26470622626033 ], [ 214095020587036711 ], 
  [ 9267811986593371 ],, [ 19905933769 ],,, [ 30611970901, 26196684205441 ], 
  [ 28420134002929, 2095919855132193289, 1800365658209362477801 ],, [ 4888494278280113 ],, 
  [ 40747615261, 106746767161, 538788991621, 4494818682190627781, 117989803040369576581 ], 
  [ 740242121402644548221 ], [ 3032458951, 205377502623085873 ], 
  [ 235627160921, 2213535041830188983 ],,, 
  [ 1573506731743, 1960362462216349, 915143860719267260821321 ],,,, 
  [ 364552955264477471, 36143745476070446881, 4564256692764161349301, 
      383575680471081939864571 ],, [ 332063712361, 62907172748099260249 ], 
  [ 717821529522247 ], [ 7026734507074309 ],,,,,,,, 
  [ 4529708212019, 10895902503449715118049 ], [ 7603342183, 605430173629 ], 
  [ 3451407682778441 ],, 
  [ 2696280787, 230085036375830646961, 48708990860490060458851, 59152581028066481636893 ],,,
  , [ 112518243825867251 ], [ 25602005596799, 829228327335281, 1334398738319239 ], 
  [ 135886530277 ],, [ 1464028061, 2840138047171 ],,, [ 37737659526383 ], 
  [ 51615617788213042243 ], [ 3222692971 ],,, [ 63055739039824719499 ], 
  [ 1624467893, 2528717123 ],,,, [ 97693531393, 12097517663269939 ],, [ 5196232711871 ], 
  [ 7451808550168271698531 ],, [ 2595657913834141073 ],,, [ 79935563401 ], 
  [ 7208796875349453503000281 ], [ 90791638184219881 ], [ 19096198568834204062499 ],, 
  [ 183914795958476801, 336942386675172203550732241 ],, [ 55521647179752049 ], 
  [ 2930059806065092241 ], [ 1913500664332098031047663269 ], [ 42627639811 ], 
  [ 2492757996662902541 ], [ 11992897127, 2487133429455613 ], 
  [ 1938414529, 1953142645493436193 ], [ 2990087059, 12703619785680553 ], 
  [ 1281557756312311, 32951183915509921 ],,, [ 1515849954277 ],,,, [ 5816088037 ], 
  [ 7241660453, 2829647361169939229 ], [ 21406254386177363 ], [ 14125295713872778720104901 ],
  [ 323985025211 ],, [ 34075614320203, 36337458195634969 ],, 
  [ 196644157342331, 563518672773271 ],,,, [ 11744752995949, 47018753408827 ],, 
  [ 32959788709 ],, [ 1147811862151 ], [ 40014875741, 280733442701 ],,,, [ 50140303275697 ],
  , [ 23542905601, 183842713099645121 ], [ 51245941954507 ],, 
  [ 5507174549, 75716610251, 19893440911759 ], 
  [ 614758178017, 10318441827997, 47504399896914574919187078397 ], [ 39564265001 ], 
  [ 1544622883 ],,,, [ 461832238888217011, 113827754916028020451, 292245723075811411831 ], 
  [ 44570456863469, 94929112537507 ],,, 
  [ 919145575207603, 88155952729135631, 559189458216949319927 ], 
  [ 629018706971, 5601910495474021 ], 
  [ 803221233595201, 2018500895715383965201, 1016902828292303794165969 ],, 
  [ 6655814213753329 ],, [ 2921497063217521 ],,, [ 2255878073, 10951786259 ],, 
  [ 934102833226921 ], [ 1238669505213435359 ],, [ 67012735954993 ],, [ 153058479811651 ], 
  [ 27285021449947 ],, [ 66817711375139 ], [ 4712341801 ],, [ 143329080063097589021 ], 
  [ 2306287831, 3903547243 ], [ 7983235679, 8391570479 ],,,,,,,,,,,,, [ 249339767867 ],, 
  [ 4084308971, 26042164269211 ], [ 145153861334437297 ],, 
  [ 2043360721, 2212288121, 13642009346377, 21925703911348628441 ], [ 8262313151 ], 
  [ 806562491412359292913 ], [ 977195327653 ],,,,, [ 2014070664656257, 30904331203160449 ],, 
  [ 18440901914713, 1297217687709641 ],, [ 11181046441, 32992850050169 ], 
  [ 3334543789, 332416068559 ], [ 1286407981, 17138916214681, 18018635981581 ], 
  [ 614635875943 ], [ 2027378699047633 ],, [ 15227304317646859351 ], 
  [ 5601736741, 41945108461 ], [ 20156883405517 ],, [ 626270551597021 ],, 
  [ 262383496564801, 5428087141229201 ], [ 26048566617397 ],,, [ 7811664186720101153 ],, 
  [ 10690248241125549184271 ],,,,,,, [ 83980679490583 ], 
  [ 14246933977, 10712682054983493361243 ], [ 1360199021 ],,,, [ 864903706757 ], 
  [ 875980710093862381 ],,, [ 88693591807 ], [ 20720820641 ], [ 87667509101 ], 
  [ 8930070157, 17499463336809758851 ], [ 1713794919481 ], [ 929040015075241 ],,,,,,, 
  [ 14881558801 ], [ 842726830073 ],,,, [ 14109634338361 ], [ 5882255569 ],,,,, 
  [ 12496113280236679 ],, [ 1014958603724353 ], [ 98008851481 ],,, [ 2648559541 ],,, 
  [ 13287470561 ], [ 8608591634257 ],,, [ 3626913349, 32069390887 ], [ 447831824701 ], 
  [ 216772718177 ],, [ 794591638996976179 ], [ 85900030001 ], [ 1631653381, 667818400861 ], 
  [ 1536756161 ], [ 200413792531 ],,, [ 75270648458455381 ],, 
  [ 40097462473, 4031937655057474597609 ],, [ 665990840833 ], [ 3699011955251 ],,, 
  [ 37793342336677, 34156284430293471459017 ],, [ 208076575724352001 ],,, [ 12280042766839 ],
  , [ 36634782491 ], [ 2665623224701 ],, [ 7908643599881 ],,, [ 2772917936647 ],, 
  [ 303129678487 ], [ 1759737449785225873 ], [ 2795336281, 759823304131 ], [ 1446664778561 ],
  [ 6487225053877 ], [ 93388427254635589 ],,, [ 36133227211 ],,, [ 1056797395921 ],,,, 
  [ 215164325069, 248842356773, 19121235037109, 1178193745399256413 ], [ 65868908177 ], 
  [ 397871464261 ],, [ 35505510401 ],,, [ 27896495281 ],,, [ 312954542783 ],,,,,,, 
  [ 553676134201 ],,, [ 179490359663391384961 ], [ 2421155767 ], [ 6187119190910101 ],,,, 
  [ 3586356283 ], [ 47618429351 ],,, [ 1194103150112901089 ],,, [ 413649188609 ], 
  [ 7989074535556001 ], [ 1013199991 ], [ 19823983431242273, 53326376300707297 ],, 
  [ 380514671484403, 307204536191510959 ],,,,,,,,,, [ 225151400704409 ],, 
  [ 790257032744523121 ],,, [ 24282264803281 ], [ 4134733666423181 ],, 
  [ 1023816229, 39427245573049 ],, [ 725700379648009 ],, [ 280553952521 ],, 
  [ 4982608261, 187235791814238091 ],, [ 4318641757, 60971627861 ], [ 7785081691 ], 
  [ 36172545529 ],,,,,, [ 6543792409561475369501 ],, [ 133111614650509051 ],, 
  [ 1097008625369 ],,,,,, [ 12036778801, 78506803810354406905031 ],,,, 
  [ 10835662297097219473 ],, [ 1183501637, 67890837192251441 ],, [ 2208692181827 ],,,,,,,, 
  [ 232020021467119 ],, [ 68216515193633, 6962934327718650049 ], [ 17749423471207 ],,,,,,,,,,
  ,,,, [ 1021629043 ],,, [ 20174359913, 1749257591201 ],,,,, [ 305426955781 ],,,,, 
  [ 2473346719933 ], [ 20454005027 ], [ 5516090935367 ], [ 7339874648923 ],, [ 54006820411 ],
  ,,, [ 21650155141 ],,,,,, [ 2002891339 ], [ 32483102921 ], [ 1979546622799 ],,, 
  [ 127046359537 ], [ 100341424819 ],,,,, [ 119282401153 ],,,, [ 29563045363 ],,,, 
  [ 9201062921111 ],,,,,, [ 1535915041597 ],,,,,,,,,, [ 1513896322387 ],,,, [ 112797709291 ],
  [ 10063447601 ],,, [ 45971356804807927 ],,,, [ 2216308443581431 ],,,, [ 1980461341 ],, 
  [ 111390134593 ],, [ 182138659621 ],, [ 5748935203009, 133223467178017 ],,, 
  [ 4082958739 ], [ 1908189193, 13660028297, 3508082469205753 ],, [ 1652506591, 4951673539 ],
  , [ 47526623055277, 7823825847826229 ],,,,,, [ 107940853898173 ], [ 58416459469 ],,, 
  [ 4346461668274507 ],, [ 179842171161017 ],, [ 3883564961 ],, [ 29650394929 ],,,, 
  [ 1730818460513 ],,,, [ 59102069845553741 ],,,, [ 9696000697 ],, 
  [ 45345278777, 1214601601627 ],, [ 190850230517, 5387983830373 ],, [ 11155846501 ],, 
  [ 138280070897 ], [ 194216201227 ],, [ 919699844951 ], [ 7258009753 ],,,, [ 3254745601 ],,,
  ,,,, [ 1696073237, 1708667734957 ],,,,, [ 2280410029 ],,,, [ 884359050624737 ],,,, 
  [ 31747029028261 ],, [ 194797610014817 ],,,,,,, [ 6515238511 ], [ 1283462441 ],,,,,,,,,,,, 
  [ 732712020853279 ],,,,, [ 1271302653193 ],,, [ 7742787569191 ],, [ 3461680719953 ],,,, 
  [ 2913966193 ],,,,,,, [ 102568885151 ], [ 867725162009 ],,,, [ 1232367049, 98807836609 ],,
  , [ 2524235629, 16102021081 ],,, [ 17991211378099 ], [ 1460219611 ],,,,,,, 
  [ 57857420393, 33976974692471 ],,,, [ 77305057903 ], [ 1803403603 ],, [ 10700920972801 ],,,
  ,,,,,, [ 22648295671, 2392355556868993 ],,,, [ 345632510465387 ],, [ 289410105980161 ],, 
  [ 301311609321439 ],,, [ 29939613551 ],,, [ 168680535433 ],, [ 55727974891 ],, 
  [ 15746119273 ],,, [ 222320363011 ],,,,,,, [ 754510854883 ],,,,,,,,,, [ 214805411969 ],, 
  [ 24188439997 ],,,, [ 63805974616121 ],,,, [ 5265226746301 ],,,,,, [ 35442382714177 ],, 
  [ 59242175891, 2320416968053 ],, [ 20678831131813 ],, [ 1959223141 ],,,,,,,, 
  [ 205441688651 ],,, [ 1822441597 ], [ 7085116500695011 ],, [ 106813931349497 ], 
  [ 28388758603 ],,,,,, [ 24274543477 ],,,,,, [ 30896722081 ], [ 2332462181479 ],,, 
  [ 12470860247 ], [ 100844082701 ],,,,,,,, [ 9758653589, 11087774167, 6098396054789 ],, 
  [ 48634618561 ],, [ 2236664824421 ],, [ 191227854817 ],, [ 579398659519 ],, 
  [ 3584600801, 36287492473, 865409510001961 ],,,,,,,, [ 8282542913 ], [ 3038942869 ],,, 
  [ 216612031301 ],,,, [ 40064192713 ],,,,,,,, [ 1443824257, 146040842273 ],, 
  [ 30640112623 ],,,,,,,, [ 521246205589 ],, [ 15884417533, 96715665377 ],,,,,,,,,,,,,,,, 
  [ 6106718581 ],, [ 1712853819643 ],,,,,,,,,,,,,,,,,, [ 2364153940721 ],, [ 3048963899 ],,,,
  , [ 2518097821 ],,, [ 2189420292151 ],,,,,, [ 23240926091329 ], [ 197486766079 ],,,,,,,, 
  [ 3863681551 ],, [ 11354964919 ],,,,,,, [ 10153167816607 ],,,,,,,,, [ 27411265003 ],,,,, 
  [ 23420202049 ],,,,, [ 1772695281859 ],,,,,,,,,,,,,,,,, [ 4041200311 ],, [ 28340347489 ],,,
  ,,,, [ 1907223601 ],,, [ 13550067302773 ],, [ 15756607417 ],,,,, [ 11190410911 ], 
  [ 8265921751 ],,,, [ 2954388316069 ],, [ 53738439143761 ],,,,,, [ 13772992789 ],,,,,, 
  [ 654354736421 ],,,,,,,,,,,, [ 1417883081 ],,,,,,,,,, [ 3773399761, 11621423971 ], 
  [ 1761127793 ],,,,,,,,,,,,, [ 2869042753 ],,, [ 5881796287 ], [ 1116083233 ],,, 
  [ 920842037539 ], [ 10870153153, 7826120930057 ],,,,,,,,,,,,,,,,, 
  [ 2953526551, 13477675693 ],,,,,,,,,,,,,, [ 1139725931 ],,,,,,,, [ 4194147487 ], 
  [ 4860264641, 35768777969 ],,,,,, [ 10208039183 ],, [ 3404830441 ],, [ 2303989489 ],, 
  [ 5540754853 ],,,,,,, [ 499447275931 ],, [ 33827619407 ], [ 8202545671 ],,,,, 
  [ 17783566369 ],,,,,,, [ 8539880227 ],,, [ 7219962811, 1709962200937 ],,,,,,,,,,,,,,,,,, 
  [ 29529975619 ],, [ 2436869969 ],,,,,,, [ 6160932577, 2699274725569 ],, [ 8956628341 ],,,,,
  , [ 3406217131409 ],,,,,,,,,,, [ 180007791011 ],,,,,,, [ 8169214393 ],,,, [ 104667886909 ],
  ,, [ 24873340729 ], [ 11160769861711 ],,,,,,,, [ 19400236003 ],,,, [ 245254641413 ],,,,,,,,
  ,,,,,,,,, [ 11328151069 ],,,,,,,,, [ 2210217409 ],,,,,, [ 3545480593 ], [ 20659905751 ], 
  [ 3881361098113 ],,, [ 12827227527731 ],, [ 311861507761 ],,,,,, [ 3606602231 ],,, 
  [ 30065649961 ],,,,,,,,,,,,,,,,,,,,,,, [ 12398571973 ], [ 4296458797 ],,,,,,, 
  [ 5878267753 ],,,,,,,,,,,,,,,,,,,,,,, [ 648425027533 ],,,,,,,,,,,, [ 1294002529 ],,,,,,,,,
  , [ 135300753691 ],,,,,,,,,,,,, [ 675552941407 ],,,, [ 1783147337 ],, [ 82755595891 ],,,,, 
  [ 24115353491 ],,,,,,,,, [ 6210716761, 12205037881 ],,,,,,, [ 498903285493 ],,,, 
  [ 1850604661 ],,,,,, [ 8767836029 ],,,,,,, [ 28015621553 ],,,,,,, [ 34612216921 ],,,,,, 
  [ 8696808961 ],, [ 182859085813 ],,, [ 1332314699 ], [ 2285384323 ],,, [ 131418466321 ], 
  [ 91367978509 ],,,, [ 2078520551 ], [ 2105743069 ],,,,,,, [ 43066745467 ],,,,,,,,,,,,, 
  [ 1007868767 ],,,,,,,,, [ 1217691781 ],, [ 76777249067 ],,,, [ 1208211629 ], 
  [ 2375653303, 23762039911 ],,,, [ 70351811693 ], [ 611923599041 ],,, [ 64788415121 ],,, 
  [ 50752591861 ],,,,,,,,,,,,,,, [ 26149772119 ], [ 25306543531 ],,,,,, [ 12662809381 ],,,,,,
  ,,,,,,, [ 1157055619 ], [ 17276295073 ], [ 4343776441 ],,,,,, [ 1185409171 ],,,,, 
  [ 105094989829 ],, [ 46738242433 ],,,,,, [ 17151927073 ],,,,,,,,, [ 237926747053 ],,,, 
  [ 1162762507 ], [ 172410174553 ],, [ 2066118991 ],,, [ 6133308343 ],,,,,,,,,,,,, 
  [ 3866244157 ],,,,,,,,, [ 771261991681 ],,,, [ 21777561131 ],,,,,,,,, [ 1122490769 ],,, 
  [ 1288020269 ],,,,,,,,, [ 17083758961 ], [ 4097060789 ],,, [ 4486916881, 91767916601 ], 
  [ 9380857051 ],,,, [ 1358015387 ],,,,, [ 1929368047 ],, [ 2310451081 ],, [ 2963701907 ], 
  [ 9826650773 ], [ 6688532161 ],,, [ 29414317213 ],,,,, [ 54997035581 ], [ 2170858801 ],, 
  [ 15500352787 ],,, [ 396362205689 ],, [ 2764862389 ],,,,, [ 25407144481 ],,,,,,,,,,,,,, 
  [ 26838979801 ],,,,, [ 7387299041 ],,,, [ 40897959161, 489814023121 ],, [ 5769205032281 ],,
  ,, [ 3583920101, 7100348251 ],,,,,,,,,,,,,,, [ 1295785894211 ],,,,,,,,,,,,,, 
  [ 122143690286749 ],,,,,, [ 2294265901 ],,,,,,,,,,,,,,,,,,,,,,, [ 392842713649 ],,, 
  [ 25925676109 ], [ 13853091493 ],,,, [ 387667489921 ],,, [ 18691616659 ], [ 3069647281 ],,,
  ,,,,,,,,,,,,, [ 5188916573 ],,,,,,,,,,,,,,,,,,, [ 13844225701, 75088480561 ],,,,, 
  [ 2861058001 ],,,,, [ 7674696361 ],,,,,,,,,,,,,,,,,,,, [ 5816291251 ],,, [ 17895453073 ],,,
  ,,,,, [ 1415092097, 2238834929 ],,,,,,,,,,,,,,,,,,,,,,,,,,,,,,,,,, [ 682742442961 ],,,,,,,,
  ,,,, [ 38925851707 ],,,,,,,,,, [ 57952698241 ],,,,,,,,,,,,, [ 3231398351 ],,,,,,,,,,,,,,,,
  , [ 2680435993 ], [ 38698695281 ],,,,,,,, [ 19980730219 ],,,,, [ 5651365921 ],,,,,,,,,,,,,,
  , [ 1864912771, 4788760943 ],,,,,,,,,,,,, [ 23187966721 ],,,,,,,,,,,,,,,,,,,,,,,,,,,, 
  [ 21080789029 ], [ 6948554887, 112763292643 ],,,,, [ 11079164557 ],,,,,,,,,,,,,, 
  [ 13326177217 ],, [ 6073784137 ],,,,,,,,,, [ 2934550261 ],,,,,,,, [ 1802614529 ],,,,,,,,,,,
  ,,,,,,,,,,,,,,, [ 3541750603 ],,,,,,,,,, [ 16476192961 ], [ 65138453641 ],,,,, 
  [ 71659040161 ],,,,,,,,,,, [ 8737382371 ],,, [ 1382774429 ],, [ 16941656041 ],, 
  [ 1636141681 ], [ 2975528191 ],,,,,,,,,,,,, [ 190147714201 ],,,, [ 6692381671 ],,,,,,,,,,,
  , [ 18233300933 ],, [ 115435334449 ],, [ 2335846423 ],,, [ 2558874169 ],,,,, 
  [ 1145592967 ],,,,,,,,,,,,,,,, [ 1223248501 ],,,, [ 15111571091 ],,,,, [ 369779039767 ],,,,
  , [ 4789134289 ],,,,,,,, [ 4710176353 ],, [ 1303768339 ],,,,,,,,, [ 21467144887 ],,,,,,,,,,
  ,,,,,,,,,,,,,,,,,,, [ 11560716721 ],,,,,,,,,,,, [ 5040865229, 88358705429 ],, 
  [ 6221367009643 ],,,,,,,,,,,,,,,,,,,,,,,,,, [ 9198413281 ],,,,,, [ 9562843063 ],,,, 
  [ 18023793709 ],,,,,,,, [ 30040629271 ],,,,,,,,, [ 5770188373 ],,,,,, [ 1350687511 ],,,,, 
  [ 2347570934671 ],,,,,,,,,,,, [ 3631735127 ],,, [ 14273814491 ],,,,,,,,,,,,,,,,,,,,,,,,,,,,
  , [ 41875976929 ],,,,,, [ 3266149841 ],,,,,,,, [ 9520999057 ],, [ 2222125501 ],, 
  [ 19526688353 ],, [ 5111897953 ],,,,,,,,,,,,,,,,,,,,,,,, [ 1416900577 ],,,,,,,,,,,,,,, 
  [ 12554030017, 33371208253 ],,, [ 15536304577 ],,,,,,,,,,,,,,,,,, [ 35102373613 ],,,,,,,,,,
  ,,,,,,,,,, [ 1736175169 ],,,,,, [ 5781713101 ], [ 2464902133 ],,,,,, [ 47598794461 ],,,,,,,
  ,, [ 1560292309 ],,,,,,,,,,,,,,,,,,,,,,,,,, [ 40875874381 ],, [ 1167172129 ],,,,,,,,,,,,,, 
  [ 1010125783 ],,,,,,,,, [ 3005052403 ],,, [ 3074238091 ],,,,,,,, [ 63529262413 ],,,,,,,, 
  [ 110639028527 ],,,,,,,,,,,,,,,,,, [ 22017735497 ],,,,,,,, [ 702052471537 ],,,,,,,,,, 
  [ 67842012349 ],,,,,,,,,,, [ 1240394959, 3561617467 ],,,,,,,,,,,,,,,,,,,,, [ 9783188263 ],,
  ,,,,,,,,,,,,,,,,,,,,,,,,,,,,,, [ 11182937951 ],,,,,,,,,, [ 27542026081 ],, [ 3053242369 ], 
  [ 39526109107 ],,, [ 1944911569 ],,,,,,,,,,,,,,,,,,,,,,,, [ 3340027981 ],, 
  [ 221473813889 ], [ 16456344217 ],,, [ 28050985117 ],,,,,,,,,, [ 36486319481 ],,,,,,,,,,,,,
  ,,,,, [ 64862288401 ],,,,,,,,,,,,,, [ 122112762996463 ],,,,,, [ 9583722061 ],,,, 
  [ 6498710233 ],,,,,,,,,, [ 18213594367489 ],,,,,,,,,, [ 2959986853, 4794238873 ],,,,,,,,,,,
  ,,,,,,,,,, [ 18644743861 ],,,,,,,,,,,,, [ 341015788511 ],, [ 1109057886721 ],,,,,, 
  [ 13392151111 ],,,,,,,,,,,, [ 4187118293443 ],,,,,,,,,,,,,,,,,,,,,,,,,,,,,,,,,, 
  [ 6793634581 ],,,,,,,,,, [ 59151716669 ],,,,,,,,,,,,,,,, [ 1453647458239 ],, 
  [ 61714843030721 ],,,,,,,,,,,,,,,,,, [ 2008637177 ],,,, [ 7465529443 ],,,, [ 6856157587 ],,
  ,,,,,,,, [ 2309502553 ],,,,,,,,,,,, [ 2285909647937 ],,,,,, [ 2388269489 ],,,,,,,,,,,,,,,, 
  [ 251028670381 ],,,, [ 8678747899 ],,,,,,,, [ 706732999831 ],,,,,,,,,,,,,,,,,,,,,,,,,, 
  [ 447663386187317 ],,,, [ 1592844289, 780668491777 ],,,,,,,,,,,,,,,,,,,,,,,,,,,,,,,,,, 
  [ 32323676101 ],,,,,,,,,, [ 16064104877 ],,,, [ 69318812161 ],,,,,,,, [ 28648272841 ],,,, 
  [ 172451064529 ],,, [ 1117709011 ],,,,,,,,,,,,,,,,,,, [ 219128679355319 ],,,,,,,,,,,,,,,,,,
  ,,,,,,,,,,,, [ 54826581485873 ],,,,,,,, [ 31940425609 ],, [ 2425568317 ],,,,,,,,,,,,,,,,,,
  , [ 36845483147677 ],,,,,,,,,,,, [ 23290530751 ], [ 6941635829 ],,,,,,,,,,,,,,,,,,,,,,,,,,,
  ,,,,, [ 10802472409 ],,,,,,,,,, [ 1040625973 ],,,,,,,,,,,, [ 9296743441 ],,,,,,,,,,,,,, 
  [ 1687367971 ],,,,,,,, [ 4408761059 ],,,,,,,,,,,,,,,,,,,,,,,,,,,,,,,,,,,,,,,,,,,, 
  [ 3681781139 ],,,,,,,,,,,,,, [ 4302480001 ],, [ 1190521183 ],,,, [ 12264121981 ],,,, 
  [ 1123686061 ],, [ 20322464017 ],,,, [ 12506662081 ],,,,,, [ 2499578707 ],, 
  [ 13671657793 ],, [ 1264427209 ],, [ 4700595901 ],,,, [ 5819511937, 53125558273 ],,,,,, 
  [ 4631317693 ],,,,,,,,,,,,,,,,,,,,,,,,,,,,,,,,,, [ 8608842576049 ],, [ 5878722979 ],,,,,,,,
  ,,,,,,,, [ 14201828401 ],,,,,,,, [ 50179864463 ],,,,,,,,,,,,,, [ 4781051633 ],,,, 
  [ 8528487661 ],,,,,,,, [ 4113018781 ],,,,,,,,,,,,,,,,,,,,,, [ 5048089559 ],,,,,, 
  [ 5431810217 ],, [ 16386077177 ],,,,,,,,,,,,,,,,,,,,,,,,,,,,,,,,,, [ 22446535537 ],,,,,,,,,
  , [ 43334210372756839 ],,,, [ 31111134913 ],,,,,,,,,, [ 1072989509 ],,,, [ 33377329081 ],,,
  ,,,,,,, [ 13205330249 ],,,,,,,,,,,,,,,,,,,,,,,,,,,,,,,, [ 5370403627 ],,,,,,,,,,,,,,,,,,,, 
  [ 6117497217331 ],,,,,,,,,,,, [ 16885438225351 ],, [ 2954186797 ],,,,,,,,,,,,,,,, 
  [ 1355160941 ],,,, [ 910926883441 ],,,,,, [ 708003543031 ],,,,,,,,,,,,,,,,,,,,,,,,,,,,,,,,,
  ,,,,,,,,, [ 3815001361 ],,,,,,,,,,,,,,,,,,,,,,,,,,,,,,,,,,,,,,,,,,,,,,,,,,,,,,,,,,,,,,,,,, 
  [ 20485591681 ],,,,,,,,,,,,,, [ 68181527477801 ],,,,,,,,,,,,,,,,,,,,,,,,,,,, 
  [ 1736147293, 11327920957 ],,,,,, [ 6058538509159 ],,,,,,,,,,,,,,,,,,,,,,,,,,,,,,,,,,,,,,,,
  ,,,, [ 113147711839 ],,,,,,,,,,,,,,,,,,,,,,,,,,,,,,,, [ 9667213499201 ],,,,,,,,,,,,,,,,,,,,
  ,,,,,,,,,,,,,,,,,,,,,,,,,,,,,,,,,,,,,,,,,,,,,,,,,,,,,, [ 1446582433 ],,,,,,,,,,,, 
  [ 1384606009 ],,,,,,,,,,,,,,,,,, [ 8886422559961 ],,,,,,,,,,,,,,,,,,,,,,,, [ 3176294839 ],,
  ,,,,,,,,,,,,,,,, [ 185146308673 ],,,,,,,,,,,,,,,,,,,,,,,,,,,,,,,,,,,,,,,, [ 111842697217 ],
  , [ 10565857009, 21566868343 ],,,, [ 14748868163 ],,,,,,,, [ 6844785781 ],,,,,,,,,,,,,,,,,
  , [ 1301686369 ],,,,,,,,,,,,,,,, [ 84456406609 ],,,,,,,,,,,,,,,, [ 14471853761 ],,,,,,,,,,,
  ,,,,,,,,,,,,,,,,,,,,,,,,,,,,,,,,,,,,,,, [ 1611622370441 ],,,,,,,,,,,,,, 
  [ 1230742657, 2779472257 ],,,,,,,,,,,,,,,, [ 95628035681 ],,,,,,,,,,,,,,,,,,,,,,,,,,,,,,,,,
  ,,,,,,,,,,,,,,,,,,,,,,, [ 3171977377 ],,,,,,,,,,,, [ 11888343877 ],,,,,,,,,,,, 
  [ 1372896001, 3694908961 ],,,,,,,,,,,,,,,,,,,,,,,,,,,,,,,,,,,, [ 2086075333 ],,,,,,,,,,,,,,
  ,,,,,,,,,, [ 147390355081 ],,,,,,,,,,,,,,,,,,,,,,,,,,,,,, [ 296904449521 ],,,,,,,,,,,,,,,,,
  ,,,,,,,,,,,,,,,,,,,,,,,,, [ 67362843098377 ],,,,,,,,,,,,,,,,,,,,,,,,,,,,,,,,,,,,,,,,,,,,,,,
  ,,,,,,,,,,,,,,,,,,, [ 8360337619 ],,,,,,,,,,,,,,,,,,,,,,,,,,,,,,,,,,,,,,,,,,,,,,,, 
  [ 36899042293 ],,,,,,,,,,,,,,,,,,,,,,,,,,,,,,,,,,,,,,,,,,,,,,,, [ 239557809553 ],,,,,,,,,,,
  ,,,,,,,,,,,,,,,,,,,,,,,,,,,,,,,,,,,,,,,,,,,,,,,,,,,,,,,,,,,,,,,,,,, [ 1793957278513 ],,,,,,
  ,,,,,,,,,,,,,,,,,,,,,,,,,,,,,, [ 35749055737 ],,,,,,,,,,,, [ 14278420501 ],,,,,, 
  [ 1374992137 ],,,,,,,,,,,, [ 4090238491 ],,,,,,,,,,,,,,,,,,,,,,,,,,,,,,,,,,,,,,,,,,,,,,,,,,
  ,, [ 7487313341 ],,,,,,,,,,,,,,,,,,,,,,,,,,,,,,,,,,,,,,,,,,,,,,,,,,,,,,,,,,,,,, 
  [ 92611462274017 ],,,,,, [ 35254627939 ],,,,,,,,,,,,,,,,,,,,,, [ 236896997401 ],,,,,,,,,,,,
  ,, [ 12784188691 ],,,,,,,,,,,,,,,,,,,,,,,,,,,,,,,,,,,,,,,,,, [ 3276188581 ],,,,,,,,,,,,,,,,
  ,, [ 87243353173 ],,,,,, [ 4481223121 ],,,,,,,,,,,, [ 39959003137 ],,,,,,,,,,,,,,,,,,,,,,,,
  ,,,,,, [ 1838157463 ],,,,,, [ 1368727189 ],,,,,,,,,,,,,,,,,,,,,,,, [ 207027266989 ],,,,,,,,
  ,,,,,,,,,,,,,,,,,,,,,,,,,,,, [ 1078533889 ],,,,,,,,,,,, [ 23623944601 ],,,,,,,,,,,,,,,,,,,,
  ,,,,,,,,,,,,,,,,,,,,,,,,,,,,,,,,,, [ 1634611717 ],,,,,,,,,,,,,,,,,, [ 1408402837 ],,,,,,,,,
  ,,,,,,,,,,,,,,, [ 4737780349 ],,,,,,,,,,,,,,,,,,,,,,,,,,,,,,,,,,,,,,,,,,,,,,,,,,,,,,,,,,,, 
  [ 1573977529, 3175737462577 ],,,,,,,,,,,,,,,,,,,,,,,,,,,,,,,,,,,,,,,,,,,,,,,, 
  [ 3596287033 ],,,,,,,,,,,,,,,,,,,,,,,,,,,,,,,,,,,,,,,,,,,,,,,,,,,,,,,,,,,,,,,,,,,,,,,,,,,,,
  ,,,,,,,,,,,,,,,,,,,,,,,,,,,,,,, [ 42682214257 ],,,,,, [ 11186782993 ],,,,,,,,,,,, 
  [ 1267590061 ],,,,,,,,,,,,,,,,,,,,,,,,,,,,,,,,,,,,,,,,,, [ 7603349473 ],,,,,,,,,,,,,,,,,,,,
  ,,,,,,,,,, [ 1719644599 ],,,,,,,,,,,,,,,,,,,,,,,,,,,,,,,,,,,, [ 1892168461 ],,,,,,,,,,,,,,,
  ,,,,,,,,,,,,,,,,,,,,,,,,,,,,,,,,,,,,,,,,,,,,,,,,,,,,,,,,,,,,,,,,,,,,,,,,,,,,,,,,,,,,,,, 
  [ 1935642361 ],,,,,,,,,,,,,,,,,,,,,,,,,,,,,,,,,,,,,,,,,,,,,,,,,,,,,,,,,,,,,,,,,,,,,,,,,,,,,
  ,,,,,,,,,,,,,,,,,,,,,,,,,,,,,,,,,,,,,,,,,,,,,,,,,,,,,,,,,,,,,,,,,,,,,,,,,,,,,,,,,,,,,,,,,,,
  ,,,,,,,,,,,, [ 37198163341 ],,,,,,,,,,,,,,,,,,,,,,,,,,,,,,,,,,,,,,,,,,,,,,,,,,,,,,,,,,,,,,,
  ,,,,,,,,,,,,,,,,,,,,,,,,,,,,,,,,,,,,,,,,,,,,,,,,,,,,,,,,,,,,,,,,,,,,,,,,,,,,,,,,,,,,,,,,,,,
  ,,,,,,,,,,,,,,,,,,,,,,,,,,,,,,,, [ 71478469063 ],,,,,,,,,,,,,,,,,,,,,,,,,,,,,,,,,,,,,,,,,,,
  ,,,,,,,,,,, [ 1795299241, 828748062361 ],,,,,,,,,,,,,,,,,,,,,,,,,,,,,, [ 61471855409161 ],,
  ,,,,,,,,,,,,,,,,,,,,,,,,,,,,,,,,,,,,,,,,,,,,,,,,,,,,,,,,,,,,,,,,,,,,,,,,,,,,,,,,,,,,,,,,,,,
  ,,,,,,,,,,,,,,,,,,,,,,,,,,,,,,,,,,,,,,,,,,,,,,,,,,,,,,,,,,,,,,,,,,,,,,,,,,,,,,,,,,,,,,,,,,,
  ,,,,,,,,,,,,,,,,,,,,,,,,,,,,,,,,,,,,,,,,,,,,,,,,,,,,,,,,,,,,,,,,,,,,,,,,,,,,,,,,,,,,,,,,,,,
  ,,,,,,,,,,,,,,,,,,,,,,,,, [ 5728481641 ],,,,,,,,,,,,,,,,,,,,,,,,,,,,,, [ 76087175701 ],,,,,
  ,,,,,,,,,,,,,,,,,,,,,,,,,,,,,,,,,,,,,,,,,,,,,,,,,,,,,,,,,,,,,,,,,,,,,,,,,,,,,,,,,,,,,,,,,,,
  ,,,,,,,,,,,,,,,,,,,,,,,, [ 132834515521 ],,,,,,,,,,,, [ 2701081657 ],,,,,,,,,,,,,,,,,,,,,,,
  ,,,,,,,,,,,,,,,,,,,,,,,,,,,,,,,,,,,,,,,,,,,,,,,,,,,,,,,,,,,,,,,,,,,,,,,,,,,,,,,,,,,,, 
  [ 2823487021 ],,,,,,,,,,,,,,,,,,,,,,,,,,,,,,,,,,,,,,,,,,,,,,,,,,,,,,,,,,,,,,,,,,,,,,,,,,,,,
  ,,,,,,,,,,,,,,,,,,,,,,,,,,,,,,,,,,,,,,,,,,,,,,,,,,,,,,,,,,,,,,,,,,,,,,,,,,,,,,,,,,,,,,,,,,,
  ,,,,,,,,,,,,,,,,,,,,,,,,,,,,,,,,,,,,,,,,,,,,,,,,,,,,,,,,,,,,,,,,,,,,,,,,,,,,,,,,,,,,,,,,,,,
  ,,,,,,,,,,,,,,,,,,,,,,,,,,,,,,,,,,,,,,,,,,,,,,,,,,,,,,,,,,,,,,,,,,,,,,,,,,,,,,,,,,,,,,,,,,,
  ,,,,,,,,,,,,,,,,,,,,,,,,,,,,,,,,,,,,,,,,,,,,,,,,,,,,,,,,,,,,,,,,,,,,,,,,,,,,,,,,,,,,,,,,,,,
  ,,,,,,,,,,,,,,,,,,,,,,,,,,,,,,,,,,,,,,, [ 158645730601 ],,,,,,,,,,,,,,,,,,,,,,,,,,,,,,,,,,,
  ,,,,,,,,,,,,,,,,,,,,,,,,,,,,,,,,,,,,,,,,,,,,,,,,,,,,,,,,,,,,,,,,,,,,,,,,,,,,,,,,,,,,,,,,,,,
  ,,,,,,,,,,,,,,,,,,,,,,,,,,,,,,,,,,,,,,,,,,,,,,,,,,,,,,,,,,,,,,,,,,,,,,,,,,,,,,,,,,,,,,,,,,,
  ,,,,,,,,,,,,,,,,,,,,,,,,,,,,,,,,,,,,,,,,,,,,,,,,,,,,,,,,,,,,,,,,,,,,,,,,,,,,,,,,,,,,,,,,,,,
  ,,,,,,,,,,,,,,,,,,,,,,,,,,,,,,,,,,,,,,,,,,,,,,,,,,,,,,,,,,,,,,,,,,,,,,,,,,,,,,,,,,,,,,,,,,,
  ,,,,,,,,,,,,,,,,,,,,,,,,,,,,,,,,,,,,,,,,,,,,,,,,,,,,,,,,,,,,,,,,,,,,,,,,,,,,,,,,,,,,,,,,,,,
  ,,,,,,,,,,,,,,,,,,,,,,,,,,,,,,,,,,,,,,,,,,,,,,,,,,,,,,,,,,,,,,,,,,,,,,,,,,,,,,,,,,,,,,,,,,,
  ,,,,,,,,,,,,,,,,,,,,,,,,,,,,,,,,,,,,,,,,,,,,,,,,,,,,,,,,,,,,,,,,,,,,,,,,,,,,,,,,,,,,,,,,,,,
  ,,,,,,,,,,,,,,,,,,,,,,,,,,,,,,,,,,,,,,,,,,,,,,,,,,,,,,,,,,,,,,,,,,,,,,,,,,,,,,,,,,,,,,,,,,,
  ,,,,,,,,,,,,,,,,,,,,,,,,,,,,,,,,,,,,,,,,,,,,,,,,,,,,,,,,,,,,,,,,,,,,,,,,,,,,,,,,,,,,,,,,,,,
  ,,,,,,,,,,,,,,,,,,,,,,,,,,,,,,,,,,,,,,,,,,,,,,,,,,,,,,,,,,,,,,,,,,,,,,,,,,,,,,,,,,,,,,,,,,,
  ,,,,,,,,,,,,,,,,,,,,,,,,,,,,,,,,,,,,,,,,,,,,,,,,,,,,,,,,,,,,,,,,,,,,,,,,,,,,,,,,,,,,,,,,,,,
  ,,,,,,,,,,,,,, [ 3944107441 ] ]);
