BRENTFACTORS[8824]:=MakeImmutable([ ,,,,,,,, [ 1154980171 ],, [ 1845255575549 ],,,,, 
  [ 12164054207537 ], [ 6767840127193 ],,,, [ 3134169973663 ],,,, 
  [ 13127399447462551, 287761540647001495901 ],, [ 5293617031 ], [ 3705916757929 ], 
  [ 213487258187983112560494343, 21810235233745405887061667475835160812057 ],, 
  [ 3015402799, 75722278487435618084013878861130991 ], 
  [ 2846944673, 126574094620830519352769 ], [ 892770327556454695466872711 ],, 
  [ 87499763929916663711 ], [ 238883690197, 389416439017 ], 
  [ 336774469531, 32429610471901, 614933219957738089151, 235984885654849936573583, 
      8243082567303646511810130196894421 ], [ 4610321578914487 ],, 
  [ 16940752481, 718167021041 ], 
  [ 10754271094929317, 51158795581407961, 140123614833375308879, 
      1224027832216700867702526332070427178523533 ], [ 1650314401, 931869857610346201 ], 
  [ 62030533046205467069 ], [ 62823480427621, 152878576822775101, 104388443312665822706309 ],
  [ 1683604046084917070919691, 11833090867543294778339052001 ], 
  [ 21142156831, 678245885743, 272899479909472607, 2829630441039927229 ], 
  [ 343144598677, 770238167032291 ], [ 1504099623492336529 ], [ 2047983127, 971302241477 ], 
  [ 2510656226304301 ], [ 126692466586967437522132951, 16009178722473820424489701513 ], 
  [ 244655967532703805989 ], [ 7730984577124523777 ], [ 99695257381199956141 ], 
  [ 5560075181, 15587372681 ], [ 60968999764637827248694849901380682593 ], 
  [ 2485636370289930798037 ],, [ 97689724488035000369 ], [ 1511006272847012272621 ],, 
  [ 841491283622050779197, 156314164697263058148934571031035802407891 ], 
  [ 1134919177853077, 2542900240784611, 123699800872299403135289802460036465012439413 ], 
  [ 1600980845908776065147929729, 344938705564186238444416825729 ],,,, 
  [ 8479415019193, 16156394517969908155207668483061 ],,, 
  [ 642919739743, 1067694902871296168494234243 ],, [ 3759551198113 ], 
  [ 4828310012823729527835067305651404088803915812875802201 ],, 
  [ 31998333852487133, 1788353401922026410835447446787381, 
      591044044716840677406622239379963693 ], [ 2851492597493 ], 
  [ 230911098757, 4001927266471365092161890261127 ],, [ 350936043361, 1007457128401 ],, 
  [ 1263936559221720547970698414057 ], [ 93867810864291963913 ], 
  [ 73922854807453, 1426821497692218584379678993780337 ],, [ 76419911149, 16943298728339177 ]
   ,,,, [ 7422109957115248321, 20053329516023957095882839481 ], 
  [ 309039081079, 5398211064461935903 ], [ 2066997089089, 73867036341433176387149 ], 
  [ 55013734505761, 21627700727785021 ], [ 7997283749601821771350077773 ],, 
  [ 9631885283764321, 4475959031867089057 ],, 
  [ 36562346579249, 2561818227940178686237855139 ], [ 1480973171174157938113 ], 
  [ 2179620301, 606262516150201 ], [ 25130658739260617 ], 
  [ 350674541299, 133435221960589, 189649574552371 ],, 
  [ 4192273073, 18213443473681, 776909324580793 ], [ 1581006841 ],, 
  [ 6047296531, 225938021469692714245459559 ], [ 163526731633 ], 
  [ 150621859330632298217909 ], [ 2937182491, 6921939977185753476221 ],, 
  [ 565091946161, 84547867877952114540581140775809 ],, [ 7380761281 ], 
  [ 944911787371, 150702326165411 ], [ 11292512277915925873, 131511740016050938719961 ],, 
  [ 48417318318305335051 ],, [ 26153688601, 8942849370795813961, 251086630275832694154961 ],
  , [ 10014409813237, 49363455278947, 213098789891467 ],, [ 5161434653 ],, 
  [ 143869852385659, 3078317783939640486168866329459 ], [ 8288404393441, 1399033916718799 ],,
  , [ 1700062789599177605998631 ], [ 35229684314920961, 1407643113803916569 ], 
  [ 540574879077286813, 2118608757238170406451971988953 ], [ 3431945219137, 673592366587981 ]
    , [ 84265933265099 ],,,, [ 1046296286610873667 ], [ 2210257627, 22804924405574629 ], 
  [ 3214462021, 493168201541 ],,,, [ 19686305927089 ],,, [ 3154781701 ], 
  [ 6653376245933463433 ],,, [ 76283049017933453, 1419106787077237713671 ],, [ 79022226727 ],
  [ 110408118957874277 ],, [ 775705945160173, 101014726978994557 ], [ 8525646361 ], 
  [ 53007837498727, 313038612998229663191 ],, [ 4741049441 ], [ 41432053061992624963 ],,,,, 
  [ 210134599340299999 ], [ 2093052399301, 43124754614724319157 ],,, 
  [ 18651408221, 116219085108351331, 1673178986883262335795091 ], 
  [ 129676675970773, 201916245284806015229275081 ], [ 5366446957 ], 
  [ 1493388593, 2289941336107, 11359063786058349359 ],,, [ 628388340494082433 ], 
  [ 17424396841, 467326811361626199289 ],, [ 1035957109264283 ], 
  [ 2008680075471801548434745341 ], [ 2897047959593 ], [ 1540871977373 ],, 
  [ 1435628001830041195937 ], [ 5320910431, 37796732101 ], [ 51954970987 ], [ 2390278133 ], 
  [ 4664061989072657208493 ],, [ 10364503991 ], 
  [ 99244415189, 3571946688299644987, 87810841935833525684837 ], 
  [ 1658315713, 155396355047809 ],,, [ 23707091305171, 32785397056739731 ], 
  [ 22031013378277, 158414962497289, 114797472585026281 ], 
  [ 234622445906873, 9508608511578139199 ],,, [ 9454036601, 18532488704201 ],, 
  [ 16069680160652354801 ],, [ 2565930419990191847317 ],, 
  [ 1672359644819, 396856149990031746662267 ],,,, [ 19245165705224625805175473861 ], 
  [ 473042135216856794441 ], [ 5135708594846549 ],, [ 182619462437, 15103146339377 ],,, 
  [ 170158460291 ],, [ 1522313677, 140260453549, 7824425138293 ],, 
  [ 137024035019, 9830785778971 ], [ 89628733667437 ],, [ 3917512481, 135373059666920799809 ]
    , [ 36389741851, 631459437751 ],, [ 13246370127703 ], [ 806051487692401275062989 ],, 
  [ 341587628517731 ], [ 47646157440883, 40643661583779518377807 ], [ 503177920969 ], 
  [ 420525470153, 7970709309391, 677225416438097383, 44042713413521911643 ], 
  [ 3543787837614961, 20687046856098881461478029 ],, 
  [ 18535086738209, 1455754694939866114012001 ], [ 3208133592941401 ],, [ 3264193439027 ], 
  [ 693537559921, 1145260578961, 12075032941201 ], [ 59648911832624579 ], 
  [ 426499152675799910081 ], [ 3501118589977 ], [ 4785684217553 ],, 
  [ 655739161853699881, 9321616615337988061 ], [ 4362573370781393 ], [ 137113722240977 ], 
  [ 212897446599301 ], [ 624488771992793961251 ],, [ 2022465663037, 61490759875156076473 ],,,
  ,,,,,, [ 61790220303891608107 ], [ 6557404369816739, 4167784093179602530417 ],, 
  [ 686892281675462635873 ], [ 6422834681, 3216224509520101 ], [ 493655852768657112451 ], 
  [ 185536797220981602703 ], [ 33042673119221, 1940849592428649437, 17171428710687881717 ], 
  [ 1159994713 ], [ 2133646651, 8931526291 ], [ 830410991117211494561 ], 
  [ 472197459529057, 39381112206475613713 ],, [ 2766872645188061514367 ], [ 27728382551 ], 
  [ 2272363201, 1393637074341393757, 7591595938053312269437, 4048137721658967482257213 ], 
  [ 6671641397, 18722740666027 ],, [ 20114526534782401 ], 
  [ 1357745452124041, 27008165261093247739481 ],, [ 784533583366177 ],, [ 767717180880613 ], 
  [ 7937974589131 ], [ 240363270136168039442185080907 ], [ 727394359441 ],, 
  [ 4189832989, 10417279675427 ],, [ 35061759205477 ],, [ 107983604719 ], 
  [ 252009419595697, 244311715804166599 ], [ 3785090335321 ], [ 1285672505453947801 ], 
  [ 15243795271, 1197211652803, 1309678112675197 ], [ 189821768401 ],, 
  [ 1079230126421639032201, 27938927718387394888054201 ],,,, [ 4839714961 ], 
  [ 209477407651541 ],,, [ 2262654940393, 55216147867808539087269641 ],, 
  [ 1289575636868036961851, 1447859720154755959351 ], [ 37294432691 ],,,,, 
  [ 1970138341, 75903159362717 ], [ 14268650681683 ],, [ 50071640589917 ], 
  [ 2197606525042940161 ],,,, [ 73045658737, 692446719493, 131318210003581, 534612432923929 ]
    , [ 596066664549090151 ], [ 13475067764347953251, 624754153129713499729 ], 
  [ 15739530967249 ], [ 187826672085505393 ],, [ 2550998578591 ], 
  [ 28774415209, 37198291727, 13069425173925271 ], [ 27016896602221 ], [ 295762476799 ],,,,, 
  [ 1903893161, 6270836261 ],, 
  [ 50338126081, 25605479194501, 2683358815933801, 362554255403355241 ],, 
  [ 92129155633, 517341559364209 ],, [ 1183345604977 ], [ 22798887038975821 ], 
  [ 8486485937, 52197482497 ], [ 7797556105272421 ],, [ 10220349114551 ],,, [ 2877530657 ],, 
  [ 71317342233253, 72236968221342013 ], [ 102689222681, 215993944946281 ],, 
  [ 51858255321517 ],,, [ 4377173092386841, 350963912548837239121 ],,,,, [ 302799295151 ],, 
  [ 698835695353 ], [ 29462880458881 ],,, [ 778859261257211 ],, [ 885367711049 ], 
  [ 1259143546277 ], [ 27250110751 ],, [ 1907732347 ], [ 1467965647 ],, 
  [ 1578387761, 6157062481 ],,, [ 32937626959 ], [ 6229387777 ],, [ 150859027247561 ],,, 
  [ 53831859139 ], [ 3920903221, 1296338386272151, 767856719216709398774941 ],, 
  [ 508025688519329, 27018557492893961 ], [ 20151504943 ], [ 2637460429 ], 
  [ 66493476861871 ], [ 3068634673788949, 276255669838631473 ], [ 1507042576147 ],, 
  [ 1376934383833 ], [ 3656729201, 1063953133601 ],, [ 435382383109 ],, 
  [ 1029549212143637197 ], [ 2701458361801 ],, [ 150721867187, 1764117189077 ], 
  [ 182161637006449, 92588194632975001 ],, [ 1392056940301 ],,, [ 50958531989, 371007644323 ]
   ,,,,, [ 1576507901 ], [ 12042593361023 ], [ 670349604961, 2817126900421 ],, 
  [ 288701632403 ], [ 7582409984597653 ], [ 17385690913 ], [ 193997119123351 ], 
  [ 9009214567 ], [ 14479591351 ], [ 379147222384113974509 ],, [ 3849868730864621 ], 
  [ 2245348627567 ],,,, [ 40793890890331 ],, [ 62026055599 ],, [ 1289184961 ],,,, 
  [ 17772524058129016361 ], [ 84553086183649 ], [ 104020291481 ],,, [ 1266882536805761 ],, 
  [ 6158674038182401 ], [ 1364457943914209 ],, [ 10656349994167, 7195117142871121 ],,,, 
  [ 17627191039, 1715321433803, 2413916573207 ], [ 9186782467 ], [ 661268323336519 ], 
  [ 9517337441, 13071153721838441, 3628163038511562878221 ],,, [ 60290871959 ], 
  [ 1351515073 ],,,, [ 7238260693, 116384086922221, 552605439854711748493 ],,,, 
  [ 4031172169 ], [ 3461266356242506879 ], [ 713079916741 ],, [ 1605239530306777 ],, 
  [ 21950235133 ],, [ 43913658721, 570447471872213281, 327151383935793365281 ],, 
  [ 363811866247, 345070153208743, 644321724365519 ], [ 94330532276947 ], [ 1093921313 ],,, 
  [ 52348106287, 258857337539 ],, [ 404168775847 ], [ 29256129287392001 ], 
  [ 2863954883, 628530403169749123 ],,, [ 15018179815211 ],,,, [ 1571182284546843649 ],,,,,,
  , [ 2646837311 ], [ 4569433306572751 ],, [ 539598260528524077217 ],,,, [ 7959204353 ], 
  [ 557009668769131 ],,,,,,,,,,,,, [ 175197311901331, 56843635581146053907879 ],,, 
  [ 150549606013 ],,, [ 19370197141 ],,,,,, [ 160789241419 ], [ 123438621461 ], 
  [ 3395192761 ],,,,,, [ 134324187271 ], [ 11210414921 ],, [ 328112980399 ],,, 
  [ 18863876501881 ],,, [ 1587755101 ],,, [ 2891315982439 ],, 
  [ 21119116441361, 14744648334126481 ],, [ 1171312573589 ],, [ 2050217741197 ], 
  [ 64269348901 ], [ 3520607731 ],,,, [ 34328898661, 5675665678466521 ], [ 39359148769 ],,,,,
  ,,,, [ 54054407550841 ],,,, [ 201145484193809, 337248879264097 ],,,, 
  [ 3345301385749, 1335973823284154618089 ],, [ 203422673426568481451 ],, [ 12665668043537 ],
  ,,,,,,, [ 102687474601 ],,,, [ 8258194800593, 1205582892097901 ],, 
  [ 1683889963137649, 67590563270564266879 ],, [ 1795610657, 3560134273 ], 
  [ 14278249819, 154424423539 ], [ 681379486111 ],,,,, [ 803898454791151 ],,,,,,, 
  [ 6657491853799, 12665453285981 ],, [ 784633426513 ],,,, [ 42606093457984097 ],,,,,,,,,, 
  [ 2125666709, 17750537443, 1644521468767 ], [ 1450255231 ],,, [ 693782406548893 ],, 
  [ 212971407293, 789994993765470641 ], [ 18250971601 ],,, [ 39877936973713 ], 
  [ 396804571521689 ],,, [ 25117542516181 ],,,,,,, [ 7939683403, 30895236683 ], 
  [ 41554330831861 ],, [ 2629672531 ],, [ 437456711737 ],,,,,,,, [ 1512803076289 ],, 
  [ 2982555077797875263 ],,,,, [ 1143048971 ],,, [ 469309499473 ],,,,, [ 22505801233 ],,, 
  [ 61873951537771, 10219363093804981 ],, [ 8347132361, 120084139800253 ], [ 2183411539 ],,,,
  , [ 27345639533, 1268164096189, 3519751919149 ],, [ 20746609801 ],,,,,, 
  [ 1179529027, 19082481767, 3212847111717151 ],, [ 131526795481 ],,,,,, 
  [ 10348796683, 5777435875177, 359459083196683 ],, [ 5516641813, 65304445417 ],, 
  [ 24233464993 ],,,,,,,, [ 16195664629, 196336712419 ],, [ 1828160153, 15415225941760009 ],,
  ,, [ 28169520335497, 45213152726953 ],,,,,, [ 21601285831 ],, 
  [ 29770440024181, 140180599373790361 ],,,, [ 5181242041, 26207237809, 278256000104161 ],,,,
  ,,,,,,, [ 6146054851 ],,, [ 15347021341 ],,,,,,,,,,,,, [ 4387969171 ], [ 2962316857 ],, 
  [ 15002232247 ],,,,,, [ 310212677581 ],,,,,, [ 136962989576401 ], [ 1552596672449 ],,, 
  [ 1595999081, 9170442451, 64659060004421, 270336614793461 ],, 
  [ 13331707819839289, 30607504936587217 ],,,,, [ 6903693701 ], [ 34015919071 ], 
  [ 1756581264527 ],,,, [ 1812852764669 ], [ 28590805185469 ],, [ 1035977749171 ],,,, 
  [ 6095311561, 3677526932671 ],, [ 1527636713, 85234387883009 ],, 
  [ 21444246247481597, 100225695602929447 ],,,, [ 5618854981661 ],, [ 17981043205133501 ],,,,
  ,, [ 1221727241793353 ], [ 42731435687 ],,,, [ 1200086048971 ],,,,,,,,, 
  [ 5056954583321994361 ],,,, [ 1736887452815293 ], [ 1654569151 ],,,,,, [ 1933331496497 ],,,
  ,, [ 1368364793, 3129908525209 ],,, [ 1291403351281 ],,,, [ 1127066135477 ], 
  [ 14075461411201 ],, [ 1273004413 ],,,, [ 966757216543231 ],,,, [ 2052981572833 ],,,,,, 
  [ 82753533520241 ],, [ 10145062117 ],,,,,,,,,,,,,, [ 11073968641 ],, [ 293152965673 ], 
  [ 2276383073 ], [ 2118218643001 ],, [ 909182099233, 1070715788759, 3378899863568351 ],,,,,
  , [ 6013856521 ], [ 36816994297 ],,, [ 14534279521 ],, [ 5992547773, 933119126497399 ],,, 
  [ 1603794487 ],,, [ 110153150201 ],, 
  [ 1383330077, 16393689229, 7391785879169, 1553011575605600549 ],, [ 101350099621 ],,,,, 
  [ 3472185809, 4585723926863 ], [ 82324607191 ],,, [ 9011871259 ], [ 7617295843 ],,,,,,, 
  [ 94480645793 ], [ 133626974797 ], [ 12795287873 ], [ 552502142657393 ],, [ 33490861493 ],
  , [ 483074567893 ],, [ 25353459519701 ],,,, [ 41049443719 ],, [ 14173462763294581 ],,,,,,,
  , [ 8038304087189 ],,,,,, [ 1577744771, 3883762459660241 ],,,, [ 105637228063 ],,,, 
  [ 116679871417, 40441564748623, 157180674502867 ],,,, [ 869795011583, 20916476432651941 ], 
  [ 23938607767 ],,,,,, [ 1533785950273, 204352003817831 ],,,,, 
  [ 47881759299977, 654791573512567 ],,,,,, [ 5067839370223001 ], [ 97197542443 ],,, 
  [ 3434751014993 ],,,, [ 4939532732737 ], [ 8989279883 ],,,,, [ 18015430759 ],,,, 
  [ 111353070809 ],, [ 2474129083842301 ],,,, [ 38208609281 ],, [ 14834128421737 ],, 
  [ 2768727821 ],, [ 1791221501, 10431843091 ],, [ 3006094295209 ],,,,,,,,,, [ 11480203741 ],
  , [ 5632840496917 ],,,,,, [ 1561018859414701 ],,,,,, [ 54612743329 ], [ 2087983003 ], 
  [ 56891279609 ],, [ 1079393761 ],,,,,,,,,,,,, [ 2259506233 ],,,,,,,,,,,, [ 58397403821 ],,,
  ,, [ 2501224091 ],,,,,,,,,,,,, [ 1076781691 ],,,,,,,, [ 2394047239 ],,,,,,, 
  [ 16448632019 ],,,, [ 18149748013 ],,,,,, [ 3956639353 ], [ 2387160506047 ],,,, 
  [ 2499824009 ],,, [ 39031468433 ], [ 7716111787 ], [ 1780340687, 23279592593 ],,, 
  [ 2614471427, 11778556693 ],,,,,,,, [ 637034842051 ], [ 1391736901 ],,,,,,,,,,,,,,,,,,,,,,,
  ,,,,,,,,,,,,,,, [ 2488680613 ],,,,,,,,,,,, 
  [ 6449658032401, 59692978670401, 155783954769601 ],,,,,,,, [ 81879847849 ], [ 1131624001 ],
  ,,,,,,,, [ 54181142947, 1116240952702009 ],,,,,, [ 21999407329 ],,,,,,,,,,,,, 
  [ 31572594241 ],, [ 35291812291 ],,,,,, [ 42701338681 ],,,,,,,,,,,,,,,,,,,,,,, 
  [ 1574932081 ],,, [ 2252911051, 2017636847539 ],,,,,,, [ 50106030967 ],,,,,, 
  [ 1803740089, 10458402133 ],,,,,,,, [ 50791316248469 ],,,,, [ 4261047071 ],,,,,,, 
  [ 1281946753 ],,,,,,,,,,, [ 19925232421 ],,,, [ 1291741547 ],,, [ 465325195873 ],,,,, 
  [ 444158052109 ],,,,,,,, [ 1269384751 ], [ 3970272697 ],,,,,, [ 8650891657 ],,,,, 
  [ 3349819279, 5843374903 ],,,,,,,,,,,,,,,,,,,,,,,,,,, [ 63714083761 ],,,, [ 1620631351 ],,,
  , [ 4235771957 ], [ 17758820869, 21895932601 ],,,,,,,,,,,,,,, [ 18132208189 ],,,,, 
  [ 2923296413 ],,,,, [ 26782749313 ],, [ 20366149981 ], [ 37776762263 ],,,,,,,,,,, 
  [ 36799740343, 643645523827 ], [ 1953579781 ],, [ 5455361701 ],, 
  [ 2764518539, 95282473861 ],,,, [ 11987776063 ],,,,,,,,,,,,,,,,,,,,,,,,,, [ 8722444147 ],,,
  ,,,,,,, [ 110502000919 ],,,, [ 237240452851, 1033353275573, 3246865435487 ],,,, 
  [ 63272933401 ],,,, [ 6216035857 ],,,,, [ 11072663662537 ],,, [ 6603297109 ],,,,, 
  [ 2645235433 ],,,,,,,, [ 107844525001 ],,,,,,,,,,,,,,,,,,,,,,,,,,, [ 1438204951 ],,,,, 
  [ 7826246513 ],,,,,,, [ 31683497653 ],, [ 1063579709 ], [ 1084061467 ],,,,,,, 
  [ 13503094603 ], [ 175679132801 ],,,,,,,,,,,,,,,, [ 290053940581 ],,,,,, 
  [ 40213967089, 137179044157 ],,,,,,,,,,,,,,,,,,,,,, [ 1071700397 ],,,,,,,,,,,,,,,,,,,,,,,,,
  ,,,,,,,, [ 12778269269 ],,,,,, [ 21268126681 ], [ 29225575307 ],, [ 12587336557 ],, 
  [ 1371304117 ],,,,,,,,, [ 3722878801 ],,,,, [ 9186137633 ],,, [ 1315499569141 ],,, 
  [ 90763786231 ],,,,,,,, [ 131185031657 ],,,, [ 47601538051 ],,,,,,,,,, [ 24458407681 ],,,,,
  ,,,, [ 9090170977 ],,, [ 5615930737 ],,,,,,,,, [ 1137513133 ],,, [ 12098519281 ],,, 
  [ 52028120719 ],,,,,,,, [ 203398029311 ], [ 25163726017 ],,, [ 47117845009 ],,,,,,,,, 
  [ 25134077953 ],,, [ 6029370733 ], [ 111960238441 ],,,, [ 5077862497 ],,,, [ 252299210041 ]
   ,,,,,,,,,,,,,,,,,,,,,,,,,,, [ 231084948643 ],, [ 1654535087 ],,,,,,, [ 2962822657 ],,,,,,,
  ,,, [ 40036379797 ],, [ 1051026156181 ],,, [ 7757386957 ], [ 14592227329 ],, 
  [ 6295711111 ],,,, [ 87137551003 ],,,,,, [ 5227391269 ],,,,,,,,,,,,,,,,, [ 2682169111 ], 
  [ 6008380249 ],,, [ 388748279701 ],,,,,,,,,,,,, [ 1069054321 ],,,,,,,,,,,,, 
  [ 2262164569849 ],, [ 2712428813 ],,,,,,,,,,, [ 1576448265473 ],,,, 
  [ 2536112617, 10677267577 ],,,,,,,,,,,,,,,, [ 68587057681 ], [ 18245514431 ],, 
  [ 144390594427 ],,,,,,, [ 2297359499 ],,,, [ 2882380619 ], [ 1351696807 ],,,,,,,,,,,,, 
  [ 9565321097 ],,,,, [ 1091558971 ],,, [ 3225692161, 5770195201 ],,,, [ 16665607193 ],,,,,,,
  ,,, [ 55689978689 ],,,,,,,,,,,,,,,, [ 1263280201 ],,,, [ 1931376589 ],, [ 1553871829 ],, 
  [ 2726205637, 1024375874633 ],, [ 2248188601 ],,,,,,,, [ 1196606977, 1715464273 ],,,,,,,,,,
  ,, [ 14451107221 ],,, [ 116525688493 ],,,,, [ 7989229277 ], 
  [ 1068944293, 3677032477, 5613688436383 ],,,,,, [ 1817233531 ],,,,,, [ 2546276503 ],,,, 
  [ 10261577971 ],,,, [ 10255330247 ],,,,,, [ 7351614661 ],,,, [ 1097072107 ],,,,,,,,,,,,, 
  [ 2964249089 ],,,,,,,,,,,, [ 9896281501 ], [ 16104203221 ],,,,, [ 3303739001 ],,,,,, 
  [ 38796561689 ],,,,,,,,,,, [ 61916902321 ],,,,, [ 163885235753 ],,, [ 78421744901 ],,,,,,,,
  ,,,,,,,,,,,,,,,,,,,,, [ 2767694177 ],,,,,,,,,,,,,,,,,,,,,,,, [ 80448965521 ],,,,,,,,,,,,,,,
  ,,,,,,, [ 6754865701 ],,,,,,, [ 16082113147 ],,,,,,,,,,,,,,,,,,, [ 35009526913 ],, 
  [ 5657592403, 103106441593 ],,,,,,,,,,,,,, [ 251464837121 ],,,,,,,,,, [ 1048081537 ],, 
  [ 23366686781 ],,,,,,,,,,,,,,,, [ 39646105321 ],,,,,,,,,,,,, [ 4078967509 ],,,,,,,,, 
  [ 81246468139 ],,,,,,,,,,, [ 1633965721 ],,,,,,,,,,, [ 8268743809 ],, [ 9331542089 ],,,,, 
  [ 11048392291 ],,, [ 2660905183 ],,,, [ 13189168957 ],,,,,,,,,,,,,,,, [ 130733396851 ],, 
  [ 1157053129 ],,,, [ 9517450601 ],,,,,,, [ 1262339647 ],,, [ 18362973091 ],,,, 
  [ 6591417431 ],,,,,,,,,,,,,, [ 12281391937 ],,,, [ 14341331269 ],,,, [ 79902693121 ],,,,,,,
  ,, [ 6098247541 ], [ 18596885107 ],,,, [ 182398081751 ],,,,,,,,,, [ 9359474441 ],,,,,,,, 
  [ 35209690177 ],,,, [ 8600867257 ],,,,,,,, [ 1285871161, 14675437001 ],,,,,,,,,,,,,, 
  [ 1040444371 ],,,,,, [ 22410055201 ],,,,,,,,,,,,,,,,,,,,,,,,,,,, [ 920401563673 ],,,,,,,,,,
  , [ 6490149733 ],,,,,,, [ 2205789364123 ],, [ 31541926753 ],, [ 1817528305601 ],,,,,,,,,,,,
  ,,,,,,, [ 4027047637 ],,,,, [ 26415882653, 259880436887 ],,,,,, [ 4242933045521 ],, 
  [ 10144281481 ],, [ 1201553029 ], [ 6738139485841 ],,,,,,,,, [ 4862589211 ],,,,,,,, 
  [ 1442863369 ],,,,,,,, [ 1219084411 ],, [ 7395167233 ],,,,,,,,,,,,,, [ 316337502133 ],, 
  [ 10250799841 ],,,,,,,,,,,,,,,,,,,, [ 73774070917, 482404393381 ],,,, [ 1516704641 ], 
  [ 4662212011, 45092597377 ],,,,,,, [ 7319411201, 94644482561 ],,,, [ 757125882199417 ],,,,,
  ,,,,,,, [ 7676279942689 ],,,,,,,,,,,,,,,,,,,,,,,,,,,,,,,,,,,,,,,,,,,,,,,, 
  [ 2889819073, 6363472897 ],,,,,, [ 28895547001 ],,,, [ 5341951362193 ],,,,,,,,,,,,,,,,,,,, 
  [ 159799139413 ],,,,,,,,,,,,,, [ 1092706081 ],, [ 2298757861 ],, [ 18468212033 ],, 
  [ 1322049667 ],,,,,,,, [ 1461558583 ],, [ 47378483329 ], [ 2669262994831 ],,,,,,,,,,,, 
  [ 52156554811 ],,, [ 1092006901 ],,,, [ 3250032241 ],, [ 6663744187 ],,,,,,,,,,,,,,,,,,,,,,
  ,,,,,,,,,, [ 99078053807 ],,,,,,,,,,,, [ 1060760251 ],,,,,,,,,,,, [ 4726359259 ],,,,,,,, 
  [ 13552366271 ],,,,, [ 17826699901 ], [ 1848252473 ],,,,,,,,,, [ 282984654163 ],,,,,,,, 
  [ 1771739675971 ],,,,,,,,,,,,,,,,,,,,,,,, [ 5068739419 ],, [ 5329396741 ],,,,,,,,,,,,,,,, 
  [ 3313902869, 471271222321 ],,,,,, [ 10577423809 ],,,,, [ 69979026547 ],,,,,,,,,,,,,,,,,, 
  [ 8673225961 ],,,,,,,,,,,,,,,,,,,,,,,,,,,,,,,,,,,,,,,,,,,,,,, [ 1491380801 ],,,, 
  [ 32367168433 ],,,,,,,, [ 1681080701 ],,,,,,,,,,,,,,,,,,,, [ 3331424513 ],,,, 
  [ 6420581861, 144013785697 ],, [ 17559231901 ],, [ 2610521497 ],,,,,,,,,, [ 26981257871 ],,
  ,,,,,, [ 1782588241171 ],,,,,,,,,,,,,,,,,,,,,,,,,,,,,, [ 3074922001 ],,,,,,,,,,,,,,,,,,,,,,
  ,,,,,, [ 6385346477 ],,,,,,,, [ 59049872464166893 ],,,,,,,,,, [ 36777967511 ],,,,,,,,,,,,,,
  ,,,,,, [ 440167089097 ],,,,,,,,,,,,,,,, [ 7912135057, 26791517801 ],,,,,,,,,,,,,, 
  [ 2192438593 ],, [ 263382331417 ],,,,,,,,,,,,,,,, [ 50598940699 ],,,,,,,,,,,,,,,,,,,,,, 
  [ 3028786433 ],,,, [ 12700069121 ],,,,,,,, [ 2856328357 ],,,,,,,,,,,,,,,,, [ 15548163781 ],
  [ 1492594871 ],,,,,,,,,,,,,,,, [ 200003068187357 ],,,,,,,, [ 996211212041 ],, 
  [ 76266835849 ],,, [ 179450945101 ], [ 108228455513 ],,,,,,,,,,,,,,,, [ 7966405613 ],,,,,, 
  [ 17300698487 ],,,,,,,,,,,,,,,,,,,, [ 34875235181 ],,,,,,,, [ 47319360271 ],, 
  [ 1127630897 ],,,,,,,,,, [ 142808386411 ],,,,,,,,,,,, [ 2114146561 ],,,,,,,,,, 
  [ 4733148241 ],,,, [ 843283463777 ],,,,,,,, [ 3264689569 ],,,,,,,,,, [ 1537886689 ],,,,,,,,
  ,,,,,,,,,, [ 2617697161 ],,,, [ 3499723261 ],,,, [ 252509227777 ],,,,,,,,,,,,,,,,,,,,,, 
  [ 3092452001 ],,,,,,,,,, [ 125056075201 ],,,,,,,,,,,,,,,,,,,,,,,,,,,,,,,,,,,,,,,,,,,, 
  [ 4161073429 ],,,,,,,,,,,,,,,,,,,,,,,,,,,,,, [ 1159242853 ],,,, [ 5635662427 ],,,,,,,,,,,,,
  ,,,,, [ 275374601857 ],,,,,,,,, [ 4582490221 ],,,,,,,,,,,,,,,,,,,,,,,,,,,,,,, 
  [ 79873293793, 179545952849 ],,,,,,,,,,,,,, [ 4136664871 ],,,, [ 28098362167 ],,,,,,,,,,,,,
  ,,,,,,,,,,,,,,, [ 1186941911 ],,,,,,,,,,,, [ 2460626117 ],,,, [ 1871710807 ],,,,,,,,,,,,,,,
  , [ 1534168093 ],,,,,,,,,,,,,,,,,, [ 11944774608113 ],,,,,,,,,,,,,,,,,,,, [ 1004482753 ],,,
  ,,,,,,,,,,,,,,, [ 2730921601, 21534365161 ],,,, [ 1168294661 ],,,, [ 3240264737 ],,,,,,,,,,
  ,, [ 104993932651 ],,,,,,,,,,,,,,,,,,,,,,,,,,,,,,,,,,,, [ 1164573878191 ],,,, 
  [ 295253903521 ],,,,,,,,,,,,,,,,,,,,,,,,,,,, [ 87667409831 ],,,,,,,,,,,,,,,,,,,,,,,,,,,,,,,
  ,,,,,,,,,,,,,,,,,,,,,,,,,,,,,,,,,,, [ 2955277513 ],, [ 5521089727 ],,,,,,,,,,,,,,,,,,,, 
  [ 16943843863 ],,,,,,,,,,,,,,,,,,,,,,,,,,,, [ 2679352561 ],,,,,,,,,,,,,,,,,,,,,,,,,, 
  [ 146104664795941 ],,,,,,,,,,,,,,,,,,,,,, [ 5196089931007 ],,, [ 6955704001 ],,, 
  [ 1412914753 ],,,,,,,,,,,,,,,,,,,,,, [ 1424347530961 ],,,,,,,, [ 31024843639 ],,,,,,,,,,,,,
  ,,,,, [ 9549546817 ],,,,,,,,,,,,,,,,,,,,,,,, [ 4138053481 ],,,,,,,,,,,,,,,,,,,,,,,,,,,,,,,,
  ,,,,,,,,,, [ 10316259553 ],,,,,,,,,,,, [ 2183704309 ],,,,,,,,,,,,,,,,,, [ 7913610433 ],,,,,
  ,,,,,,,,,,,,,,,,,,,,,,,,,,,,,,,,,,,,,,,,,,,,,,,,, [ 1422258967 ],, [ 2695255193 ],, 
  [ 17566615441, 5571916239811 ],,,,, [ 5143696741 ],,,,,,,,, [ 2240053489 ],,,,,,,,,,,,,,,,,
  ,,,,,,,,,,,,,,,,,,,,,,, [ 1294908833 ],,,,,,,,,,,,,,,, [ 1517218561 ],,,,,,,,,,,,,,,,,,,,,,
  ,,,,,,,,,,,, [ 89503499737 ],,,,,,,,,,,,,,,,,,,,,,,,,,,,,,,,,,,,,,,,,,,,,,,,,,,,,,,, 
  [ 1132093751 ],,,,,,,,,,,,,,,,,,,,,, [ 36697069537 ],,,,,,,,,,,,,,,,,,,,,,,,,,,, 
  [ 1891552801, 7373953901 ],,,,,,,,,,,,,,,,,,,,,,,,,,,,,, [ 134265302491 ],,,,,,,,,,,,,,,,,,
  ,,,,,,,,,,,,,,,,,,,,,,,,,, [ 48480488713 ],,,,,, [ 9116229781 ],,,,,,,,,,,,,,,,,,,,,,,,,,,,
  ,,,,,,,,,,,,,,,,,,,,,,,,,, [ 40621993453, 100595275369 ],,,,,,,,,,,, [ 8498555677 ],,,,,,,,
  ,,,,,,,,,,,,,,,,,,,,,,,,,,,,,,,,,,,,,,,,,,,,,,,,,,,,,,,,,,,,,,,,,,,,,,,,,,,,,,,,,, 
  [ 11898417889, 57774333457 ],,,,,,,,,,,,,,,,,,,,,,,,,,,,,, [ 9209357173 ],,,,,,,,,,,,,,,,,,
  ,,,,,, [ 10667219671 ],,,,,,,,,,,,,,,,,,,,,,,,,,,,,,,,,,,,,,,,,, [ 6794754913 ],,,,,,,,,,,,
  ,,,,,,,,,,,,,,,,,,,,,,,,,,,,,,,,,,,,,,,,,,,,,,,,,,,,,,,,,,,,,,,,,,,,,,,,,,,,,,,,,,,,,,,,,,,
  ,,,,, [ 916721725921 ],,,,,,,,,,,, [ 30442362193 ],,,,,,,,,,,, [ 649240849861 ],,,,,,,,,,,,
  ,,,,,,,,,,,,,,,,,,,,,,,,,,,,,, [ 2672693497 ],,,, [ 1295712991 ],, [ 1489867381 ],,,,,, 
  [ 2478461107, 3738185023 ],,,,,,,,,,,, [ 30855788461, 64537817611 ],,,,,, [ 2579551417 ],,,
  ,,,,,,,,,,,,,,,,,,,,,,,,,,,,,,,,,,,,,,,,,,,,,,,,,,,,,,,,,,,,,,,,,,,,,,,,,,,,,,,,,,,,,,,,,,,
  ,,,,,,,,,,,,,,,,,,,,,,,,,,,,,,,,,,,,,, [ 2303944777 ],,,,,,,,,,,,,,,,,,,,,,,,,,,,,,,,,,,,,,
  ,,,,,,,,,,,,,,,,,,,,,,,,,,,,,,,,,,,,,,,,,,,,,,,,,,,,,,,,,,,,,,,,,,,,,,,,,,,, 
  [ 1577071651 ],,,,,,,,,,,, [ 5926562876071 ],,,,,,,,,,,,,,,,,,,,,,,,,,,,,,,,,,,, 
  [ 24245595811 ],,,,,,,,,,,,,,,,,,,,,,,, [ 30120486247 ],,,,,,,,,,,, [ 10507721491 ],,,,,,,,
  ,,,,,, [ 4120244521 ],,,,,,,,,,,,,,,,,,,,,, [ 182161680049 ],,,,,,,,,,,,,,,,,, 
  [ 13513452481, 16426050661 ],,,,,,,,,,,,,,,,,,,,,,,, [ 65688515017 ],,,,,,,,,,,,,,,,,,,,,,,
  ,,,,,,,,,,,,, [ 2040223681 ],,,,,,,,,,,,,,,,,,,,,,,,,,,,,,,,,,,,,,,,,,,,,,,,,,,,,,,,,,,,,,,
  ,,,,,,,,,,,,,,,,,,,,,,,,,,,,,,,,,,,,,,,,,,,,,,,,,,,,,,,,,,,,,,, [ 5429299861 ],,,,,,,,,,,,,
  ,,,,,,,,,,,,,,,,,,,,,,,,,,,,,,,,,,,,,,,,,,,,,,,,,,,,, [ 1535558113 ],,,,,,,,,,,,,,,,,, 
  [ 4955493601 ],,,,,,,,,,,,,,,,,,,,,,,,,,,,,,,,,,,,,,,,,,,,,,,,,,,,,,,,,,,,,,,,,,,,,,,,,,,,,
  ,,,,,,,,,,,,,,,,,,,,,,,,,,,,,,,,,,,,,,,,,,, [ 2977041871 ],,,,,, [ 1074284641 ],,,,,,,,,,,,
  ,,,,,,,,,,,,,,,,,,,,,,,,,,,,,,,,,,,,,,,,,,,,,,,,,,,,,,,,,,,,,,,,,,,,,,,,,,,,,,,,,,,,,,,,,,,
  ,,,,,,,,,,, [ 4390515091 ],,,,,,,,,,,, [ 214218539569 ],,,,,,,,,,,,,,,,,,,,,,,,,,,,,,,,,,,,
  ,,,,,,,,,,,,,,,,,,,,,,,,,,,,,,,,,,,,,,,,,,,,,,,,,,,,,,,,,,,,,,,,,,,,,,,,,,,,,,,,,,,,,,,,,,,
  ,,,,,,,,,,,,,,,,,,,,,,,,,,,,,,,,,,,,,,,,,,,,,,,,,,,,,,,,,,,,,,,,,,,,,,,,,,,,,,,,,,,,,,,,,,,
  ,,,,,,,,,,,,,,,,,,,,,,,,,,,,,,,,,,,,,,,,,,,,,,,,,,,,,,,,,,,,,,,,,,,,,,,,,,,,,,,,,,,,,,,,,,,
  ,,,,,,,,,,,,,,,,,,,,,,,,,,,,,,,,,,,,,,,,,,,,,,,,,,,,,,,,,,,,,,,,,,,,, [ 41699183041 ],,,,,,
  ,,,,,,,,,,,,,,,,,,,,,,,, [ 1200299159251 ],,,,,,,,,,,,,,,,,,,,,,,,,,,,,,,,,,,,,,,,,,,,,,,,,
  ,,,,,,,,,,,,,,,,,,,,,,,,,,,,,,,,,,,,,,,,,,,,,,,,,,,,,,,,,,,,,,,,,,,,,,,,,,,,,,,,,,,,,,,,,,,
  ,,,,,,,,,, [ 108475164001 ],,,,,,,,,,,,,,,,,,,,,,,,,,,,,, [ 1591254391 ],,,,,,,,,,,,,,,,,,,
  ,,,,,,,,,,,,,,,,,,,,,,,,,,,,,,,,,,,,,,,,,,,,,,,,,,,,,,,,,,,,,,,,,,,,,,,,,,,,, 
  [ 50919945301 ],,,,,,,,,,,,,,,,,,,,,,,,,,,,,,,,,,,,,,,,,,,,,,,,,,,,,,,,,,,,,,,,,,,,,,,,,,,,
  ,,,,,,,,,,,,,,,,,,,,,,,,,,,,,,,,,,,,,,,,,,,,,,,,,,,,,,,,,,,,,,,,,,,,,,,,,,,,,,,,,,,,,,,,,,,
  ,,,,,,, [ 1028962578601 ],,,,,,,,,,,,,,,,,,,,,,,,,,,,,, [ 5694003121 ],,,,,,,,,,,,,,,,,,,,,
  ,,,,,,,,,,,,,,,,,,,,,,,,,,,,,,,,,,,,,,,,,,,,,,,,,,,,,,,,,,,,,,,,,,,,,,,,,,,,,,,,,,,,,,,,,,,
  ,,,,,,,,,,,,,,,,,,,,,,,,,,,,,,,,,,,,,,,,,,,,,,,,,,,,,,,,,,,,,,,,,,,,,,,,,,,,,,,,,,,,,,,,,,,
  ,,,,,,,,,,,,,,,,,,,,,,,,,,,,,,,,,,,,,,,,,,,,,,,,,,,,,,,,,,,,,,,,,,,,,,,,,,,,,,,,,,,,,,,,,,,
  ,,,,,,,,,,,,,,,,,,,,,,,,,,,,,,,,,,,,,,,,,,,,,,,,,,,,,,,,,,,,,,,,,,,,,,,,,,,,,,,,,,,,,,,,,,,
  ,,,,,,,,,,,,,,,,,,,,,,,,,,,,,,,,,,,,,,,,,,,,,,,,,,,,,,,,,,,,,,,,,,,,,,,,,,,,,,,,,,,,,,,,,,,
  ,,,,,,,,,,,,,,,,,,,,,,,,,,,,,,,,,,,,,,,,,,,,,,,,,,,,,,,,,,,,,,,,,,,,,,,,,,,,,,,,,,,,,,,,,,,
  ,,,,,,,,,,,,,,,,,,,,,,,,,,,,,,,,,,,,,,,,,,,,,,,,,,,,,,,,,,,,,,,,,,,,,,,,,,,,,,,,,,,,,,,,,,,
  ,,,,,,,,,,,,,,,,,,,,,,,,,,,,,,,,,,,,,,,,,,,,,,,,,,,,,,,,,,,,,,,,,,,,,,,,,,,,,,,,,,,,,,,,,,,
  ,,,,,,,,,,,,,,,,,,,,,,,,,,,,,,,,,,,,,,,,,,,,,,,,,,,,,,,,,,,,,,,,,,,,,,,,,,,,,,,,,,,,,,,,,,,
  ,,,,,,,,,,,,,,,,,,,,,,,,,,,,,,,,,,,,,,,,,,,,,,,,,,,,,,,,,,,,,,,,,,,,,,,,,,,,,,,,,,,,,,,,,,,
  ,,,,,,,,,,,,,,,,,,,,,,,,,,,,,,,,,,,,,,,,,,,,,,,,,,,,,,,,,,,,,,,,,,,,,,,,,,,,,,,,,,,,,,,,,,,
  ,,,,,,,,,,,,,,,,,,,,,,,,,,,,,,,,,,,,,,,,,,,,,,,,,,,,,,,,,,,,,,,,,,,,,,,,,,,,,,,,,,,,,,,,,,,
  ,,,,,,,,,,,,,,,,,,,,,,,,,,, [ 3868038091 ],,,,,,,,,,,,,,,,,,,,,,,,,,,,,,,,,,,,,,,,,,,,,,,,,
  ,,,,,,,,,,,,,,,,,,,,,,,,,,,,,,,,,,,,,,,,,,,,,,,,,,,,,,,,,,,,,,,,,,,,,,,,,,,,,,,,,,,,,,,,,,,
  ,,,,,,,,,,,,,,,,,,,,,,,,,,,,,,,,,,,,,,,,,,,,,,,,,,,,,,,,,,,,,,,,,,,,,,,,,,,,,,,,,,,,,,,,,,,
  ,,,,,,,,,,,,,,,,,,,,,,,,,,,,,,,,,,,,,,,,,,,,,,,,,,,,,,,,,,,,,,,,,,,,,,,,,,,,,,,,,,,,,,,,,,,
  ,,,,,,,,,,,,,,,,,,,,,,,,,,,,,,,,,,,,,,,,,,,,,,,,,,,,,,,,,,,,,,,,,,,,,,,,,,,,,,,,,,,,,,,,,,,
  ,,,,,,,,, [ 15438266369 ],,,,,,,,,,,,,,,,,,,,,,,,,,,,,,,,,,,,,,,,,,,,,,,,,,,,,,,,,,,,,,,,,,
  ,,,,,,,,,,,,,,,,,,,,,,,,,,,,,,,,,,,,,,,,,,,,,,,,,,,,,,,,,,,,,,,,,,,,,,,,,,,,,,,,,,,,,,,,,,,
  ,,,,,,,,,,,,,,,,,,,,,,,,,,,,,,,,,,,,,,,,,,,,,,,,,,,,,,,,,,,,,,,,,,,,,,,,,,,,,,,,,,,,,,,,,,,
  ,,,,,,,,,,,,,,,,,,,,,,,,,,,,,,,,,,,,,,,,,,,,,,,,,,,,,,,,,,,,,,,,,,,,,,,,,,,,,,,,,,,,,,,,,,,
  ,,,,,,,,,,,,,,,,,,,,,,,,,,,,,,,,,,,,,,,,,,,,,,,,,,,,,,,,,,,,,,,,,,,,,,,,,,,,,,,,,,,,,,,,,,,
  ,,,,,,,,,,,,,,,,,,,,,,,,,,,,,,,,,,,,,,,,,,,,,,,,,,,,,,,,,,,,,,,,,,,,,,,,,,,,,,,,,,,,,,,,,,,
  ,,,,,,,,,,,,,,,,,,,,,,,,,,,,,,,,,,,,,,,,,,,,,,,,,,,,,,,,,,,,,,,,,,,,,,,,,,,,,,,,,,,,,,,,,,,
  ,,,,,,,,,,,,,,,,,,,,,,,,,,,,,,,,,,,,,,,,,,,,,,,,,,,,,,,,,,,,,,,,,,,,,,,,,,,,,,,,,,,,,,,,,,,
  ,,,,,,,,,,,,,,,,,,,,,,,,,,,,,,,,,,,,,,,,,,,,,,,,,,,,,,,,,,,,,,,,,,,,,,,,,,,,,,,,,,,,,,,,,,,
  ,,,,,,,,,,,,,,,,,,,,,,,,,,,,,,,,,,,,,,,,,,,,,,,,,,,,,,,,,,,,,,,,,,,,,,,,,,,,,,,,,,,,,,,,,,,
  ,,,,,,,,,,,,,,,,,,,,,,,,,,,,,,,,,,,,,,,,,,,,,,,,,,,,,,,,,,,,,,,,,,,,,,,,,,,,,,,,,,,,,,,,,,,
  ,,,,,,,,,,,,,,,,,,,,,,,,,,,,,,,,,,,,,,,,,,,,,,,,,,,,,,,,,,,,,,,,,,,,,,,,,,,,,,,,,,,,,,,,,,,
  ,,,,,,,,,,,,,,,,,,,,,,,,,,,,,,,,,,,,,,,,,,,,,,,,,,,,,,,,,,,,,,,,,,,,,,,,,,,,,,,,,,,,,,,,,,,
  ,,,,,,,,,,,,,,,,,,,,,,,,,,,,,,,,,,,,,,,,,,,,,,,,,,,,,,,,,,,,,,,,,,,,,,,,,,,,,,,,,,,,,,,,,,,
  ,,,,,,,,,,,,,,,,,,,,,,,,,,,,,,,,,,,,,,,,,,,,,,,,,,,,,,,,,,,,,,,,,,,,,,,,,,,,,,,,,,,,,,,,,,,
  ,,,,,,,,,,,,,,,,,,,,,,,,,,,,,,,,,,,,,,,,,,,,,,,,,,,,,,,,,,,,,,,,,,,,,,,,,,,,,,,,,,,,,,,,,,,
  ,,,,,,,,,,,,,,,,,,,,,,,,,,,,,,,,,,,,,,,,,,,,,,,,,,,,,,,,,,,,,,,,,,,,,,,,,,,,,,,,,,,,,,,,,,,
  ,,,,,,,,,,,,,,,,,,,,,,,,,,,,,,,,,,,,,,,,,,,,,,,,,,,,,,,,,,,,,,,,,,,,,,,,,,,,,,,,,,,,,,,,,,,
  ,,,,,,,,,,,,,,,,,,,,,,,,,,,,,,,,,,,,,,,,,,,,,,,,,,,,,,,,,,,,,,,,,,,,,,,,,,,,,,,,,,,,,,,,,,,
  ,,,,,,,,,,,,,,,,,,,,,,,,,,,,,,,,,,,,,,,,,,,,,,,,,,,,,,,,,,,,,,,,,,,,,,,,,,,,,,,,,,,,,,,,,,,
  ,,,,,,,,,,,,,,,,,,,,,,,,,,,,,,,,,,,,,,,,,,,,,,,,,,,,,,,,,,,,,,,,,,,,,,,,,,,,,,,,,,,,,,,,,,,
  ,,,,,,,,,,,,,,,,,,,,,,,,,,,,,,,,,,,,,,,,,,,,,,,,,,,,,,,,,,,,,,,,,,,,,,,,,,,,,,,,,,,,,,,,,,,
  ,,,,,,,,,,,,,,,,,,,,,,,,,,,,,,,,,,,,,,,,,,,,,,,,,,,,,,,,,,,,,,,,,,,,,,,,,,,,,,,,,,,,,,,,,,,
  ,,,,,,,,,,,,,,,,,,,,,,,,,,,,,,,,,,,,,,,,,,,,,,,,,,,,,,,,,,,,,,,,,,,,,,,,,,,,,,,,,,,,,,,,,,,
  ,,,,,,,,,,,,,,,,,,,,,,,,,,,,,,,,,,,,,,,,,,,,,,,,,,,,,,,,,,,,,,,,,,,,,,,,,,,,,,,,,,,,,,,,,,,
  ,,,,,,,,,,,,,,,,,,,,,,,,,,,,,,,,,,,,,,,,,,,,,,,,,,,,,,,,,,,,,,,,,,,,,,,,,,,,,,,,,,,,,,,,,,,
  ,,,,,,,,,,,,,,,,,,,,,,,,,,,,,,,,,,,,,,,,,,,,,,,,,,,,,,,,,,,,,,,,,,,,,,,,,,,,,,,,,,,,,,,,,,,
  ,,,,,,,,,,,,,,,,,,,,,,,,,,,,,,,,,,,,,,,,,,,,,,,,,,,,,,,,,,,,,,,,,,,,,,,,,,,,,,,,,,,,,,,,,,,
  ,,,,,,,,,,,,,,,,,,,,,,,,,,,,,,,,,,,,,,,,,,,,,,,,,,,,,,,,,,,,,,,,,,,,,,,,,,,,,,,,,,,,,,,,,,,
  ,,,,,,,,,,,,,,,,,,,,,,,,,,,,,,,,,,,,,,,,,,,,,,,,,,,,,,,,,,,,,,,,,,,,,,,,,,,,,,,,,,,,,,,,,,,
  ,,,,,,,,,,,,,,,,,,,,,,,,,,,,,,,,,,,,,,,,,,,,,,,,,,,,,,,,,,,,,,,,,,,,,,,,,,,,,,,,,,,,,,,,,,,
  ,,,,,,,,,,,,,,,,,,,,,,,,,,,,,,,,,,,,,,,,,,,,,,,,,,,,,,,,,,,,,,,,,,,,,,,,,,,,,,,,,,,,,,,,,,,
  ,,,,,,,,,,,,,,,,,,,,,,,,,,,,,,,,,,,,,,,,,,,,,,,,,,,,,,,,,,,,,,,,,,,,,,,,,,,,,,,,,,,,,,,,,,,
  ,,,,,,,,,,,,,,,,,,,,,,,,,,,,,,,,,,,,,,,,,,,,,,,,,,,,,,,,,,,,,,,,,,,,,,,,,,,,,,,,,,,,,,,,,,,
  ,,,,,,,,,,,,,,,,,,,,,,,,,,,,,,,,,,,,,,,,,,,,,,,,,,,,,,,,,,,,,,,,,,,,,,,,,,,,,,,,,,,,,,,,,,,
  ,,,,,,,,,,,,,,,,,,,,,,,,,,,,,,,,,,,,,,,,,,,,,,,,,,,,,,,,,,,,,,,,,,,,,,,,,,,,,,,,,,,,,,,,,,,
  ,,,,,,,,,,,,,,,,,,,,,,,,,,,,,,,,,,,,,,,,,,,,,,,,,,,,,,,,,,,,,,,,,,,,,,,,,,,,,,,,,,,,,,,,,,,
  ,,,,,,,,,,,,,,,,,,,,,,,,,,,,,,,,,,,,,,,,,,,,,,,,,,,,,,,,,,,,,,,,,,,,,,,,,,,,,,,,,,,,,,,,,,,
  ,,,,,,,,,,,,,,,,,,,,,,,,,,,,,,,,,,,,,,,,,,,,,,,,,,,,,,,,,,,,,,,,,,,,,,,,,,,,,,,,,,,,,,,,,,,
  ,,,,,,,,,,,,,,,,,,,,,,,,,,,,,,,,,,,,,,,,,,,,,,,,,,,,,,,,,,,,,,,,,,,,,,,,,,,,,,,,,,,,,,,,,,,
  ,,,,,,,,,,,,,,,,,,,,,,,,,,,,,,,,,,,,,,,,,,,,,,,,,,,,,,,,,,,,,,,,,,,,,,,,,,,,,,,,,,,,,,,,,,,
  ,,,,,,,,,,,,,,,,,,,,,,,,,,,,,,,,,,,,,,,,,,,,,,,,,,,,,,,,,,,,,,,,,,,,,,,,,,,,,,,,,,,,,,,,,,,
  ,,,,,,,,,,,,,,,,,,,,,,,,,,,,,,,,,,,,,,,,,,,,,,,,,,,,,,,,,,,,,,,,,,,,,,,,,,,,,,,,,,,,,,,,,,,
  ,,,,,,,,,,,,,,,,,,,,,,,,,,,,,,,,,,,,,,,,,,,,,,,,,,,,,,,,,,,,,,,,,,,,,,,,,,,,,,,,,,,,,,,,,,,
  ,,,,,,,,,,,,,,,,,,,,,,,,,,,,,,,,,,,,,,,,,,,,,,,,,,,,,,,,,,,,,,,,,,,,,,,,,,,,,,,,,,,,,,,,,,,
  ,,,,,,,,,,,,,,,,,,,,,,,,,,,,,,,,,,,,,,,,,,,,,,,,,,,,,,,,,,,,,,,,,,,,,,,,,,,,,,,,,,,,,,,,,,,
  ,,,,,,,,,,,,,,,,,,,,,,,,,,,,,,,,,,,,,,,,,,,,,,,,,,,,,,,,,,,,,,,,,,,,,,,,,,,,,,,,,,,,,,,,,,,
  ,,,,,,,,,,,,,,,,,,,,,,,,,,,,,,,,,,,,,,,,,,,,,,,,,,,,,,,,,,,,,,,,,,,,,,,,,,,,,,,,,,,,,,,,,,,
  ,,,,,,,,,,,,,,,,,,,,,,,,,,,,,,,,,,,,,,,,,,,,,,,,,,,,,,,,,,,,,,,,,,,,,,,,,,,,,,,,,,,,,,,,,,,
  ,,,,,,,,,,,,,,,,,,,,,,,,,,,,,,,,,,,,,,,,,,,,,,,,,,,,,,,,,,,,,,,,,,,,,,,,,,,,,,,,,,,,,,,,,,,
  ,,,,,,,,,,,,,,,,,,,,,,,,,,,,,,,,,,,,,,,,,,,,,,,,,,,,,,,,,,,,,,,,,,,,,,,,,,,,,,,,,,,,,,,,,,,
  ,,,,,,,,,,,,,,,,,,,,,,,,,,,,,,,,,,,,,,,,,,,,,,,,,,,,,,,,,,,,,,,,,,,,,,,,,,,,,,,,,,,,,,,,,,,
  ,,,,,,,,,,,,,,,,,,,,,,,,,,,,,,,,,,,,,,,,,,,,,,,,,,,,,,,,,,,,,,,,,,,,,,,,,,,,,,,,,,,,,,,,,,,
  ,,,,,,,,,,,,,,,,,,,,,,,,,,,,,,,,,,,,,,,,,,,,,,,,,,,,,,,,,,,,,,,,,,,,,,,,,,,,,,,,,,,,,,,,,,,
  ,,,,,,,,,,,,,,,,,,,,,,,,,,,,,,,,,,,,,,,,,,,,,,,,,,,,,,,,,,,,,,,,,,,,,,,,,,,,,,,,,,,,,,,,,,,
  ,,,,,,,,,,,,,,,,,,,,,,,,,,,,,,,,,,,,,,,,,,,,,,,,,,,,,,,,,,,,,,,,,,,,,,,,,,,,,,,,,,,,,,,,,,,
  ,,,,,,,,,,,,,,,,,,,,,,,,,,,,,,,,,,,,,,,,,,,,,,,,,,,,,,,,,,,,,,,,,,,,,,,,,,,,,,,,,,,,,,,,,,,
  ,,,,,,,,,,,,,,,,,,,,,,,,,,,,,,,,,,,,,,,,,,,,,,,,,,,,,,,,,,,,,,,,,,,,,,,,,,,,,,,,,,,,,,,,,,,
  ,,,,,,,,,,,,,,,,,,,,,,,,,,,,,,,,,,,,,,,,,,,,,,,,,,,,,,,,,,,,,,,,,,,,,,,,,,,,,,,,,,,,,,,,,,,
  ,,,,,,,,,,,,,,,,,,,,,,,,,,,,,,,,,,,,,,,,,,,,,,,,,,,,,,,,,,,,,,,,,,,,,,,,,,,,,,,,,,,,,,,,,,,
  ,,,,,,,,,,,,,,,,,,,,,,,,,,,,,,,,,,,,,,,,,,,,,,,,,,,,,,,,,,,,,,,,,,,,,,,,,,,,,,,,,,,,,,,,,,,
  ,,,,,,,,,,,,,,,,,,,,,,,,,,,,,,,,,,,,,,,,,,,,,,,,,,,,,,,,,,,,,,,,,,,,,,,,,,,,,,,,,,,,,,,,,,,
  ,,,,,,,,,,,,,,,,,,,,,,,,,,,,,,,,,,,,,,,,,,,,,,,,,,,,,,,,,,,,,,,,,,,,,,,,,,,,,,,,,,,,,,,,,,,
  ,,,,,,,,,,,,,,,,,,,,,,,,,,,,,,,,,,,,,,,,,,,,,,,,,,,,,,,,,,,,,,,,,,,,,,,,,,,,,,,,,,,,,,,,,,,
  ,,,,,,,,,,,,,,,,,,,,,,,,,,,,,,,,,,,,,,,,,,,,,,,,,,,,,,,,,,,,,,,,,,,,,,,,,,,,,,,,,,,,,,,,,,,
  ,,,,,,,,,,,,,,,,,,,,,,,,,,,,,,,,,,,,,,,,,,,,,,,,,,,,,,,,,,,,,,,,,,,,,,,,,,,,,,,,,,,,,,,,,,,
  ,,,,,,,,,,,,,,,,,,,,,,,,,,,,,,,,,,,,,,,,,,,,,,,,,,,,,,,,,,,,,,,,,,,,,,,,,,,,,,,,,,,,,,,,,,,
  ,,,,,,,,,,,,,,,,,,,,,,,,,,,,,,,,,,,,,,,,,,,,,,,,,,,,,,,,,,,,,,,,,,,,,,,,,,,,,,,,,,,,,,,,,,,
  ,,,,,,,,,,,,,,,,,,,,,,,,,,,,,,,,,,,,,,,,,,,,,,,,,,,,,,,,,,,,,,,,,,,,,,,,,,,,,,,,,,,,,,,,,,,
  ,,,,,,,,,,,,,,,,,,,,,,,,,,,,,,,,,,,,,,,,,,,,,,,,,,,,,,,,,,,,,,,,,,,,,,,,,,,,,,,,,,,,,,,,,,,
  ,,,,,,,,,,,,,,,,,,,,,,,,,,,,,,,,,,,,,,,,,,,,,,,,,,,,,,,,,,,,,,,,,,,,,,,,,,,,,,,,,,,,,,,,,,,
  ,,,,,,,,,,,,,,,,,,,,,,,,,,,,,,,,,,,,,,,,,,,,,,,,,,,,,,,,,,,,,,,,,,,,,,,,,,,,,,,,,,,,,,,,,,,
  ,,,,,,,,,,,,,,,,,,,,,,,,,,,,,,,,,,,,,,,,,,,,,,,,,,,,,,,,,,,,,,,,,,,,,,,,,,,,,,,,,,,,,,,,,,,
  ,,,,,,,,,,,,,,,,,,,,,,,,,,,,,,,,,,,,,,,,,,,,,,,,,,,,,,,,,,,,,,,,,,,,,,,,,,,,,,,,,,,,,,,,,,,
  ,,,,,,,,,,,,,,,,,,,,,,,,,,,,,,,,,,,,,,,,,,,,,,,,,,,,,,,,,,,,,,,,,,,,,,,,,,,,,,,,,,,,,,,,,,,
  ,,,,,,,,,,,,,,,,,,,,,,,,,,,,,,,,,,,,,,,,,,,,,,,,,,,,,,,,,,,,,,,,,,,,,,,,,,,,,,,,,,,,,,,,,,,
  ,,,,,,,,,,,,,,,,,,,,,,,,,,,,,,,,,,,,,,,,,,,,,,,,,,,,,,,,,,,,,,,,,,,,,,,,,,,,,,,,,,,,,,,,,,,
  ,,,,,,,,,,,,,,,,,,,,,,,,,,,,,,,,,,,,,,,,,,,,,,,,,,,,,,,,,,,,,,,,,,,,,,,,,,,,,,,,,,,,,,,,,,,
  ,,,,,,,,,,,,,,,,,,,,,,,,,,,,,,,,,,,,,,,,,,,,,,,,,,,,,,,,,,,,,,,,,,,,,,,,,,,,,,,,,,,,,,,,,,,
  ,,,,,,,,,,,,,,,,,,,,,,,,,,,,,,,,,,,,,,,,,,,,,,,,,,,,,,,,,,,,,,,,,,,,,,,,,,,,,,,,,,,,,,,,,,,
  ,,,,,,,,,,,,,,,,,,,,,,,,,,,,,,,,,,,,,,,,,,,,,,,,,,,,,,,,,,,,,,,,,,,,,,,,,,,,,,,,,,,,,,,,,,,
  ,,,,,,,,,,,,,,,,,,,,,,,,,,,,,,,,,,,,,,,,,,,,,,,,,,,,,,,,,,,,,,,,,,,,,,,,,,,,,,,,,,,,,,,,,,,
  ,,,,,,,,,,,,,,,,,,,,,,,,,,,,,,,,,,,,,,,,,,,,,,,,,,,,,,,,,,,,,,,,,,,,,,,,,,,,,,,,,,,,,,,,,,,
  ,,,,,,,,,,,,,,,,,,,,,,,,,,,,,,,,,,,,,,,,,,,,,,,,,,,,,,,,,,,,,,,,,,,,,,,,,,,,,,,,,,,,,,,,,,,
  ,,,,,,,,,,,,,,,,,,,,,,,,,,,,,,,,,,,,,,,,,,,,,,,,,,,,,,,,,,,,,,,,,,,,,,,,,,,,,,,,,,,,,,,,,,,
  ,,,,,,,,,,,,,,,,,,,,,,,,,,,,,,,,,,,,,,,,,,,,,,,,,,,,,,,,,,,,,,,,,,,,,,,,,,,,,,,,,,,,,,,,,,,
  ,,,,,,,,,,,,,,,,,,,,,,,,,,,,,,,,,,,,,,,,,,,,,,,,,,,,,,,,,,,,,,,,,,,,,,,,,,,,,,,,,,,,,,,,,,,
  ,,,,,,,,,,,,,,,,,,,,,,,,,,,,,,,,,,,,,,,,,,,,,,,,,,,,,,,,,,,,,,,,,,,,,,,,,,,,,,,,,,,,,,,,,,,
  ,,,,,,,,,,,,,,,,,,,,,,,,,,,,,,,,,,,,,,,,,,,,,,,,,,,,,,,,,,,,,,,,,,,,,,,,,,,,,,,,,,,,,,,,,,,
  ,,,,,,,,,,,,,,,,,,,,,,,,,,,,,,,,,,,,,,,,,,,,,,,,,,,,,,,,,,,,,,,,,,,,,,,,,,,,,,,,,,,,,,,,,,,
  ,,,,,,,,,,,,,,,,,,,,,,,,,,, [ 18342830571521 ] ]);
