BRENTFACTORS[4608]:=MakeImmutable([ ,,,,,,,,,,,,,,,, [ 76265653574271439 ],,,, 
  [ 1420852273 ], [ 57257988336741523 ],,, [ 23072674201, 211420606662751, 1224327328777151 ]
    , [ 34386219011, 258439372049 ], [ 201503080351 ],, [ 44754733207049 ],, 
  [ 430059826432254888488943987407, 1693239597058353187705004718769 ],, 
  [ 176512674742801, 210732571567155762311023 ], [ 4826416723, 41357217749710882753 ], 
  [ 5032367831, 6414373045081, 11964616400139183585801431 ],, 
  [ 175037804130990891689617073600795325909376239672337 ], [ 1974619813643353 ], 
  [ 1421603496457, 3497645684521, 393059232707045998520967073 ], 
  [ 34922641361, 132934369497259572481 ], 
  [ 61599571300506887, 2556723242513510282648449058146109936469953 ], [ 24642527171347 ], 
  [ 9528853063 ], [ 3786831401, 107023073135775457 ], [ 1001600641, 13995691165164056051071 ]
    , [ 71107430024419 ],,, [ 1502477593 ],, [ 123086666796494761614697 ], [ 1077468433757 ],
  , [ 57674094161403386521 ],, [ 46145913960253409, 1554602408562685578769 ], 
  [ 509420753025197641, 301548363037549075785762196634491937977 ], 
  [ 4209466523, 14477253506357827038355744338174163 ],, [ 2911827781 ], 
  [ 1088675297, 470132264057, 972142684493168368328311, 2323904378778071708162417 ], 
  [ 23619162409896161 ], [ 1749975836701619143 ],,, 
  [ 32506288664587, 834451886260409635908535297 ], [ 31232949958312943 ], 
  [ 23213579097274915898859421 ], [ 12626480738606503 ], 
  [ 2733374461780481, 5169610980967338158079557921 ], [ 71756582098049 ],, 
  [ 143737451332721 ], 
  [ 21503228982522428978562170680986327977, 162467420239013867690214962772715832419 ], 
  [ 35114401951 ], [ 11224287771886358146657 ],, [ 541196694178866480457 ],, 
  [ 18600671681, 393632850025125825412984041155212158996961 ], [ 9724536837182769751 ], 
  [ 155221496908755091259 ], [ 104813750051108831 ], [ 2729834521, 852602729497 ],, 
  [ 56237740921, 10995469120088718021859027 ], [ 37835343001, 192409076949231143761 ],, 
  [ 16680618343, 15066685152047, 112987493915758601407 ], [ 14797520782803001 ], 
  [ 715268963137, 1418191066111 ], [ 10245135762269, 46826875350650504268389 ], 
  [ 3632011399 ], [ 3282179287609 ], 
  [ 21892186185868001, 91767111191971175729921, 16047120320823412433980321 ], 
  [ 1201875647233, 6417420327741889 ],,,, 
  [ 63028909201, 47155362806801, 98982860100401, 14577849877997801 ],, 
  [ 52129976770771, 33709558644762364961015563, 10922991031059280636510915670898313 ], 
  [ 25152259772873 ], [ 2989134458910289 ], [ 245678640271 ], 
  [ 837331129363, 16097938272883 ], [ 2141781337, 4119093124712113 ], 
  [ 95417437111665811585575961393 ],, 
  [ 73625542651, 1205594841133211, 979890037342531433512434371 ], 
  [ 7926828781837141508511679 ], 
  [ 562117747195946047965377, 894229843433770055285683457, 8674470038708390783041062914657, 
      9653787027626177128696752143137 ], [ 29743355289569 ],, 
  [ 1611649340010751, 141317884798406441 ],, 
  [ 320107534347221479, 7384942701510664310013708937 ], [ 37815665779236738514379 ], 
  [ 7313721199 ], 
  [ 1570960368697899935658589201, 5434190055540600690179809602312951321078001 ],, 
  [ 76583549587 ], [ 30921672823 ], 
  [ 3734442653, 5738660435609, 330600528773486987979780009101 ], [ 1145742001, 958210498001 ]
   ,, [ 46415159504169258263 ],,, [ 15249173470441 ],, [ 2168031757, 2297107645801 ], 
  [ 46838843765057 ],,,,, 
  [ 413653690658209, 67207218604074091, 4023587621140961195469860788116807244009 ],, 
  [ 23859021890267269263416915014698881, 472837564156691638627488085751140270758401 ], 
  [ 766932112159 ], [ 5051164787, 615628652249137 ], 
  [ 5490636806943289, 261196378146235247, 1276967055506588167151 ], [ 430729402177 ],, 
  [ 27145018788531780977923, 851420541172000642161352193 ], [ 1230444997480441 ], 
  [ 4450285409, 4153932055085726011181, 41434672166537800727879622821, 
      3900916285290715477247467135117, 181544038113539336576714830124873476250736544009 ], 
  [ 91033260013103 ],, [ 13396121614535585959807 ], 
  [ 18918232513, 20754675841, 4855086725841361, 35001060020570561 ], [ 73894019239 ],, 
  [ 703484370116189951 ], [ 304144920018109, 35639964542397697, 2328515153425192993 ], 
  [ 2203070473, 25173341895473 ],, [ 4781256781045667069593 ], 
  [ 9123439681, 74214569181121, 164422889157688517316761049133121 ],, 
  [ 27854287522147, 70613312199049, 2601194065037150329, 1048157671055365918653211 ], 
  [ 42412418325698969, 47180237054231689 ], [ 6913966145236742119698073 ],, 
  [ 1804623683, 388679475854794307, 241598555623411201856824873 ],,,, [ 75426836411 ],, 
  [ 2097566833, 22723415315453, 9723868639914173, 15780443776970101, 10019552743496702933, 
      684643938850814133654493, 770745603642766909506443379452737 ], [ 477008324497 ],, 
  [ 1685778151, 1643885712756368072951 ], [ 54938425538248067201 ],,,, 
  [ 14180716091177821, 594956686216635268190281, 10893474910810258552145695109581 ],, 
  [ 4515359973506747, 12127906452266142721 ], [ 2643118022083899023529841 ], [ 18191238017 ],
  ,, [ 33014209195517686753 ], [ 212807516411641 ],, [ 5675239961 ],,, [ 15673429735729 ], 
  [ 360595778053367809 ], [ 46209473127481, 41912485033954471 ], 
  [ 10321619168449, 13915276759609, 3109654049781786708973094933, 
      4217750649679625233821634745054621, 13713089449869216008341065509512393 ], 
  [ 6058728968165351 ],,, [ 8717597201 ], [ 528498841246824120241 ], 
  [ 2786427952579065164707 ],, 
  [ 132115835343361, 1673262938824180999477987873, 63371199387391931942443195189, 
      854659065301185779197749985047111229 ], [ 3477650715151, 47081187768629401 ], 
  [ 124473290606947, 126157851757010971, 2064318589054865081 ], 
  [ 4074614497, 11050550086753 ], [ 34131236053716257 ], [ 69322083073, 228813202927 ],, 
  [ 319281765343, 3745486627217, 25972676138544263, 12259873334980117079 ], 
  [ 1216806096576047930569, 6460752534709119987620391193 ], [ 140665566361 ], 
  [ 3066144279713 ], [ 95634804437236231, 10507384537570457431 ], 
  [ 1141886783377, 11392432474177 ], [ 63414116844507199 ], [ 1719327778299491213683 ], 
  [ 2707844772001 ], [ 3916851318161 ],, [ 42956558469676800624649 ], 
  [ 7752667107599473, 269283195646466831, 17180311800387755790815281 ],, 
  [ 3601107548257973131801 ],, [ 358455164472497, 4184842921676449 ], 
  [ 2670288760869241, 59575734540888840061, 4083887265961051963810745383192393162033 ], 
  [ 114000244585281799 ], [ 42970739761392654811 ], 
  [ 157145558223193, 16359685727310328535287 ],,,,, [ 8011217597037353 ], [ 998166095257 ],, 
  [ 1011542326052087 ],, [ 2068416241, 8321576181103639, 477302822113556606303 ], 
  [ 1941075279419, 33482237379378652495643 ],, [ 164833396149809, 10234233779937500989 ],,,,
  , [ 971394719887 ],,, [ 933142034413, 95824276494919057, 186750826301953959863833 ], 
  [ 69185960383, 1686237765396317739343 ],, [ 911980176241 ], [ 1334592585068033 ], 
  [ 8507745991, 63656509143878759 ], [ 8937929124426207043 ],,,,,, 
  [ 354178433137, 93759531843121, 122693676346449337933658977 ], [ 2707579201 ],,, 
  [ 11229772828829 ],, [ 6134321161 ],,, [ 125212445691607 ],,, 
  [ 8138215213, 5245485455855233 ], [ 12800077766744921 ], [ 1157480907513101729 ],, 
  [ 1238369279281, 11412018794401, 101050711587841, 392948257107281 ],,,,, 
  [ 50935043139373831 ],,, [ 1666896193, 1427299941988325668609, 25134719203249736484097 ],, 
  [ 147754573267175291 ], [ 4805387761, 8460860503 ], [ 4973475115098964302529 ], 
  [ 111922380626671 ], [ 196082141641, 70181838917611 ], 
  [ 57410990033711, 299018239846471711 ], [ 1238776149761 ], [ 461277632977921 ], 
  [ 1071289409005458241 ], [ 577160841583 ], 
  [ 102063783066601, 273290612078609945201715454501, 1144811982114684180221405141721901, 
      79728894071155389573376622988129144155469750639901 ],, [ 263493150553 ], 
  [ 4655013241, 593694041353795303 ],,, [ 881252078870897277067, 4799742168764113240346497 ],
  [ 23597486564274697 ], [ 3028056231817, 3554469255516331769 ],, [ 22660763161 ],, 
  [ 3517137075415393 ],, [ 788093774958803 ], [ 857936643772321 ], 
  [ 1449657901, 10189433273, 33414041293, 1840035016084637 ], [ 1096164429646241 ], 
  [ 1650203761 ],, [ 566910102401 ], [ 9428730831967 ], [ 3742301855867 ], [ 27834530209991 ]
   ,,,,, [ 10361891297 ], [ 592088384777 ], [ 2172975706441, 189339405503491 ],, 
  [ 3344147720869, 8408590059362193578089 ], [ 2895312615841 ], [ 40304375857 ],, 
  [ 98773143263963763841, 128470357188441791041 ],,, [ 10324068721, 238347764929 ], 
  [ 130461692741, 75016702074239573497141 ],,,,,,, [ 3370358951 ], 
  [ 26798008309, 53670894037, 631035879815788820017 ],,,, 
  [ 4436658689, 111086544449, 47776063059649, 317176818720961, 24604029021107602177 ],, 
  [ 21365158925953 ],, [ 3244706113159757927309, 316276792901784067118317 ], 
  [ 970843731085349841217 ], [ 22550425230009731699 ], [ 760429426663 ], [ 13421960707681 ], 
  [ 389120805449 ],,, [ 14645921290208526137 ], [ 8868037081 ],,,,, [ 1523700331 ], 
  [ 2610000583 ], [ 14861192053, 311737089589 ],, [ 212772120487872947 ],, [ 110639557393 ],
  , [ 1168799361057693707833 ],, [ 10079365481, 4929337610529961, 2847775055490114291601 ],,,
  , [ 57248713729, 93357326234113 ], [ 1881944681, 2886824290351 ], 
  [ 11125807697, 275303200871780987 ],, [ 398918811209, 759763324680557006813 ],, 
  [ 6283369065805651 ],, [ 6272392848130417 ], [ 115273483537 ], [ 9361561617370427 ],, 
  [ 32531779338913923460129, 494532304909623237923883361 ],,,,,,,, [ 699213515604293 ],,,,,,
  , [ 1015608441649 ], [ 215211834213457813 ],,,, [ 3573926679233, 17062849542337 ], 
  [ 62342653515409 ],, [ 49972830263 ], 
  [ 22586118841861, 752868554541701658901, 19878702960108687511143601, 
      4583529056750222592752519716601480654400961 ],, [ 1669905907 ], [ 22143248839 ],,, 
  [ 2678819528687689, 3783881663178817 ], [ 323774481913, 18091291708967 ], 
  [ 7767192027473, 405906939132481049 ],, 
  [ 418359906451, 21046406477491, 30203059508660651, 111388483745232041 ], [ 1077034640681 ],
  ,,,,, [ 3325621567, 88764593681 ], [ 463562243707 ], [ 4418036297 ], 
  [ 88612999201, 102014062481, 36280254114721 ],,,, [ 2404810117 ], [ 77876391071 ],,, 
  [ 12901999399333784321 ], [ 188318356254991 ], 
  [ 62195650088851, 3271274963901001, 19320601267355851 ], 
  [ 17001465415463, 501233127960049 ], [ 6620123533 ], [ 9480627000073 ], 
  [ 3860543147, 28228808369 ],,,,, [ 3649398526231273 ], [ 1908319454381, 1086752584030681 ],
  [ 142674819929 ],, [ 3937121137288943 ], [ 246736912444097 ],, [ 203202591992227 ],, 
  [ 266761213513667543421082333 ],, [ 162084309041, 1774328318921 ], [ 2412186937 ],,,,, 
  [ 206345944309 ],, [ 7257326777 ],, [ 3721753921 ],, [ 1276521089, 1283652761 ],, 
  [ 38996207669, 72907115514509, 89387335758293, 13684704628746581, 140240264969404601, 
      25029923735498690373377 ],,,,,,, [ 2358595097, 805862289834359 ], 
  [ 218778287818822117 ],, [ 22524485727904342313, 22809529454328596227 ],, 
  [ 8762186927201 ], [ 1373357119 ],,,,, [ 86380019003, 3856648628435833 ], [ 1248462097 ], 
  [ 1832066209 ],,, [ 1676758513, 16396941991249 ], 
  [ 3131951468369, 3662453449541225880718613 ],,,,, [ 1342460387703889 ], 
  [ 1714331778163, 3175033366295716556563 ],, 
  [ 3554079596497, 23414740401143705542213, 146063673905249181097981 ],, 
  [ 809068812195273852433 ],, [ 44863508472641, 705558247630081 ],, [ 567899067894983731 ],,,
  , [ 198869162430347 ],,, [ 1012854374009 ],, 
  [ 2017282807, 347963782807, 738049520809, 21416552925967 ], [ 454678191373253 ],, 
  [ 413385838123, 17038487502913, 7273336807729969 ],, [ 218957283060721 ],, 
  [ 44172362687000507 ], [ 343555216159 ], [ 6599224981, 4888560593463980401 ],, 
  [ 837201700356187 ],, [ 4559613516737 ],, [ 6213920611726333507 ], [ 1061144993 ], 
  [ 2594371982045573, 941335367064415657, 1351030707881485943850997 ], 
  [ 1466932393, 3060863857, 24702992320177 ],, [ 1657016791 ], [ 220049158561 ],, 
  [ 4236964845691, 105008854963387, 60070190203626329 ],, 
  [ 143204949049, 1506215855595229, 2126683505826877, 104265599779440394177 ],,,,, 
  [ 100837802209 ], [ 474058341161 ],, [ 76972823850613, 97422396417301730068837 ],, 
  [ 49045694998125481 ],, [ 9901102884017, 311269189441744551217 ],,,, 
  [ 2206296468949, 15921813859381, 71511859811783821, 58857741833799890136013 ],, 
  [ 3169263042204787963 ],, [ 2067854977 ],,,, 
  [ 39656488481, 1711024873301, 303138109241798198046312701 ],, [ 2955235369 ], 
  [ 5422431697 ],,,,, 
  [ 41692836867613, 8713752218484349, 1000477042354443529, 37025083544959590697 ],, 
  [ 60875373499091 ],, [ 97213221628222433 ],, [ 60065044777, 49709218960852867747 ],, 
  [ 3214729487400774481, 22203287219310739453 ],, [ 50686645049, 199351729289093083 ], 
  [ 2692812887 ], [ 457945484401 ],,,, [ 33098142397 ],, [ 33039941521146337 ],, 
  [ 2703238529 ],,, [ 88013298673 ], [ 1126095913 ],,,,,,,,,,,,,, 
  [ 701749743481, 118388817953123 ], [ 47763435661657, 206567199533839 ], 
  [ 55304017067461, 797789083584393334177 ],, [ 21479876855011, 5080931065034371 ],, 
  [ 272326212012190561 ],,,, [ 402938649697, 57690241200774325789 ], [ 756318782311 ],,, 
  [ 1488053928217601 ],, [ 177803143527413732899 ],, 
  [ 7084349834294428252229, 623300314221239042875313 ],,,,,,,, [ 834558015010777 ], 
  [ 16963075033 ], [ 1052467092601, 11776822433809, 26081086525531 ],,,, [ 53665772740147 ], 
  [ 2504163097, 11899327079 ], [ 2855843884741, 4217129105641, 10683952443772081 ], 
  [ 6345286687 ],,,,,,, [ 16828964081, 56484434911057 ],, [ 333532283066371 ],, 
  [ 3387659320234922881 ],, [ 22963362513809 ], [ 11964612601 ], 
  [ 132394072721, 21644578520587016177 ],, [ 28455814529083, 490888644449809 ],,,,,, 
  [ 4998725353, 1524001766358457, 12004754421358747953562501 ], [ 6630727391 ],,,, 
  [ 16514023657 ], [ 13866011618281 ],, [ 16660400513221 ],, [ 3731803392549731 ],,, 
  [ 1426246009, 4019803919 ], [ 6930721201, 139911109769 ],,,, [ 654126014881 ],,,,, 
  [ 1685804737 ],,, [ 4173317050691 ],,,,,, [ 8935183097, 987727749337517 ],,,,,, 
  [ 4311615799993 ],,,,,,,,,, [ 1007825471197 ], [ 1648804337, 7082191759 ], [ 54789635521 ],
  ,,,, [ 567763271233 ], [ 522176392021, 1016697371533381, 6159273053706409541 ], 
  [ 26242205263 ],,,,,,,,,,, [ 323854015873 ],,,, 
  [ 1023371497, 142624500914060677, 730632000367926237926017, 1276101237121305933943837 ],,,,
  ,, [ 13857341448331 ],, [ 10608786900894881 ],, [ 6487735172312609, 276113598645988057 ], 
  [ 3610066513 ],,, [ 1516965451, 120889590557891 ], [ 44973158786209 ], [ 149359334081 ],,,
  , [ 2724891409, 1167067847713 ],,,,, [ 9448906633 ], [ 603934082144363, 81412095555516883 ]
   ,, [ 1673629394081 ],, [ 48659661389971 ],, 
  [ 5120376721, 229218573735806929, 569682444220688177 ], [ 1041552617983 ], [ 161471269481 ]
   ,, [ 94240181070289 ],, [ 112035945617993 ],, [ 2232426176786762273 ],, 
  [ 324453246942763 ],, [ 1275143238816001 ],,,, [ 866007284353, 787216733310291721 ],,,,, 
  [ 5039045807 ], [ 7416545491, 765695991331, 2072381747264371 ],,,, 
  [ 5508929779, 8857163983691 ],,,, [ 17030413987 ],, 
  [ 59206196701170941, 166799361991217821 ],,, [ 52507235401 ],,,,, 
  [ 8099847073, 358403002968133 ],,,, [ 11846290684801 ],,,, [ 40334755572409 ],,,,,,,, 
  [ 11807655373 ],, [ 119608271011 ],,,,,, [ 573611225160165883489 ],,,, [ 5630836481 ],,,, 
  [ 2201735636621, 17933376066481 ], [ 5646203809 ], [ 200331588571 ],,,, [ 237420274627 ],, 
  [ 6564127130261, 12730547442817 ],, [ 2558234045611, 625932422668171 ],, 
  [ 742425123794561 ],,,, [ 13035567346393, 4514911315500858253 ],, 
  [ 55088041433, 595802078827 ],,,, [ 1557729902233 ],, 
  [ 40680564860408617, 9491335561432475297 ],,,,,, [ 59456251531, 131917713814171 ],, 
  [ 35352853649 ],, [ 26862971899 ], [ 8112746273521 ], 
  [ 5921410985729, 166678353798570664961 ],, [ 234134681513 ],,,, [ 94993065641 ],,,,,,,, 
  [ 50909913601 ],,,,,, [ 55428110809 ],, [ 24400469377 ],, [ 284591280161 ],, 
  [ 126579838417 ], [ 2404306087 ], [ 5639610901, 6094437889, 116403573133 ],, 
  [ 3936222281, 21375187657 ], [ 56660005009 ], [ 2683852097 ],, [ 3660692111611 ],, 
  [ 235423554161 ],,, [ 2232998791 ], [ 1887096371473 ],, [ 3443106283, 6686122625939 ],,,, 
  [ 10280203744671097 ],,,, [ 42681272221699 ],, [ 1802864689 ],,,,,,, [ 436732518791 ], 
  [ 2063769613657, 1288627738551473 ], [ 9608905879 ], [ 88205063179, 143029874056721 ], 
  [ 43373308679 ],,, [ 19791844026765331 ],,,, [ 536331373271815129 ], [ 8004810529 ],,,,, 
  [ 2551276812277, 35569666653437557 ],,,,, [ 195334267441 ], 
  [ 42288371833, 488617676978371 ],, [ 432067966293181 ],,,, [ 14421175793520721 ], 
  [ 122638520321 ], [ 11616020123208229321 ],, [ 60350219536153 ],,, [ 1857786079 ],, 
  [ 418834187143 ],,, [ 122013951133, 85225338482329, 11186374828852129, 878995301400850393, 
      21761476387690360501 ],, [ 2258868211 ], [ 30589971409 ], [ 17432524001 ],,,,,,,, 
  [ 106334543724193 ], [ 2617475153 ],, [ 168597208999 ],,, [ 2212839019 ], 
  [ 2067240506311 ], [ 804892449649 ],,, [ 1390127953 ], 
  [ 15789009495500135821, 45512004767144396641 ], [ 28459882879 ],,,,,,, [ 53143697713 ],,,, 
  [ 111457772032753 ],,,, [ 113994341744473, 11502028379014769 ],,,,,, [ 39680618737 ],,,,,,,
  ,,, [ 1069377989, 8654335861 ], [ 534771135991 ], [ 150379812577 ], [ 15295508161 ], 
  [ 28903961072449 ], [ 20505028391, 4414394686297 ],,, 
  [ 13270804621, 437737001101, 46300219670141, 254536832561321 ],,, [ 64856887033 ],,,,, 
  [ 3079262941 ],,, [ 4964299201 ],,, [ 1158690961657 ],,,, [ 218852549147 ],,,,, 
  [ 2036783518489 ], [ 1026572933, 36935747713, 9524175232093, 1140914188423157 ], 
  [ 10945642751 ],,, [ 39771115393 ],,,, [ 1047501001, 3088545958681, 124683469893529 ],, 
  [ 5899355617, 10858408387 ], [ 1226032081 ],,, [ 3570197710033 ], [ 129531261161 ], 
  [ 106145215294801, 1300533163680301, 151238808790078901 ],,, [ 6329014001 ], 
  [ 3163314232670935489 ], [ 3834153311 ],,, [ 27969897721, 74858424541, 1762107106159321 ],,
  , [ 3519799097 ],,,,, [ 8846160536053, 65734468792813, 3274911865521469 ],,,,,,,, 
  [ 2936620849, 23339711606022113 ],,,,,, [ 11271124134811 ],,, [ 87636215327 ],,, 
  [ 237341544577 ],,,, [ 8597053501, 158739860776261 ], [ 23572612729 ],,,,,,, 
  [ 1597021844629 ],,,,,,,, [ 6000472321 ], [ 3541595513 ],,,,,,, 
  [ 13614940177, 223645304849173, 911659964458141, 169242603036206269, 592657832731817636857 
     ], [ 6002145241 ],, [ 1681117183 ],,, [ 3401836481161 ], [ 3263448191, 6597666937 ], 
  [ 84482527697 ],,,, [ 16219516657 ], [ 2211893729 ],, [ 19751156782057 ],,,,, 
  [ 1049711288321 ],,,, [ 1872549361 ],,,,,,,, [ 1686670961, 4331453933 ],,,, [ 1830504001 ],
  , [ 69465825337 ],,,,,,,,,, [ 2166486779177473, 9894998683839613 ],,,,, [ 2042807521 ], 
  [ 28080058314043 ],,, [ 25145945551 ],, [ 25204122121 ],,, [ 5328265883 ],,,,,,, 
  [ 28535720959 ],,, [ 20314652509, 618278281693 ],,,, [ 68430312641 ], [ 6401594839271 ],,, 
  [ 106362365737 ],, [ 36961358953 ],,,,,, [ 129580253915729 ],,,,,, [ 97895744707 ],, 
  [ 10824558089919841 ],, [ 11126624921 ], [ 21933096337 ], [ 30656664161 ], 
  [ 15952896895321 ],,, [ 9609172817, 1083044596357 ],,,,, [ 1511132473 ],,, 
  [ 29097761089, 69603433785601 ],,,,,,,, [ 11519556229 ],, [ 2244217891 ],,,,,, 
  [ 4601147983309 ],,,,, [ 964165984487 ],,, [ 83821882301 ],,,,,,, [ 19028521511 ],,,,,,, 
  [ 3905922817 ], [ 27832185401 ],,,,,, [ 2049314857, 10627719769 ], [ 775437307907 ],,,,,,,,
  ,, [ 152666231617, 265173940621 ],,, [ 2202216001 ],,,,,,,,, [ 1223556097, 7661730049 ],,,
  , [ 32759220881417 ],, [ 8460265847851 ],,, [ 3912851647 ], [ 1672890019 ],, 
  [ 60405966589 ],,,,,,,, [ 198539562497 ],,, [ 223643969543 ],,, [ 14184360761 ],, 
  [ 3138648941, 95209768501 ],,,,, [ 8483476681 ],,,, [ 850585508953 ],,,,, [ 13214701963 ],
  , [ 2027504835353, 52447834675529 ],,,,, [ 6766191041 ], [ 33970079321 ],,,,,,,,,, 
  [ 2578978117, 97343517917881 ],,,,,,,,,,,,,,,, [ 154544326039241, 261106424208341 ],,,,,,,
  , [ 2737993980536045533 ],,, [ 19530940537 ],,,,, [ 477799788889, 3051360962173 ],,, 
  [ 1265873911 ], [ 8801444161 ],,,,,,,,, [ 32191120207 ],,, [ 35270561372509 ], 
  [ 1185740993 ],,,,, [ 24891537331 ],, [ 1373563621, 209996469388061 ],,,,,,,,,,,, 
  [ 3458146049 ],,,,,,,,, [ 59933297569 ],,,,,,,,,,,, [ 26590067233 ], [ 1593631873 ],,,,, 
  [ 19473092279 ], [ 643508079565080001 ],, [ 3010128161 ], [ 34293220543 ],,,,,,,,,,,,, 
  [ 3921180997, 21466305313 ],,,,, [ 2472644071 ],,,,, [ 12058706843 ],,, [ 34329364873 ], 
  [ 6133465531 ],,, [ 2398810807, 147857972641 ],,,,,,,, [ 2625688327 ],,,,,,,,,,,,,,, 
  [ 13275608393 ],, [ 3637499993 ],,, [ 2333657537 ], [ 6751057721 ],, [ 986448723970153 ],,,
  ,, [ 14321439751 ],,, [ 816290523733, 360306540475081 ],,,,,,,, [ 1041689379956761 ],, 
  [ 89964447272267 ],,, [ 92284012921 ],,,,, [ 5785499611 ],,,,,, [ 2868915851109001 ],,,,,,,
  , [ 370749528817 ],,,,,,,,,, [ 192983655841 ],,,,,, [ 46713600721, 7714104023341 ],,,,,,,, 
  [ 265853720309 ],,,, [ 3249083521 ],,,,,, [ 138450244843 ],,,,,,,,,,,, [ 167885864851 ],, 
  [ 7053740989, 39500935657 ],,,,,,,, [ 19061428081, 1965830248498621 ],,,,,,,, 
  [ 2679183301, 3341675850517441 ],,, [ 1403683447 ],,, [ 1345333537 ],,,,,,,,,, 
  [ 3067126457 ],,,,,,,,,,,,,,,,, [ 8424603937 ],,,,,,, [ 250401410029 ], [ 1432056551 ],,,,,
  ,,,,,,,,,, [ 5239192901 ],,,,, [ 3177390217 ],,,, [ 175400974823 ],,,,, 
  [ 1116616337, 39084604571 ],, [ 1511332257181 ],,,,,,,,,,,,, [ 17184084017 ],,,,,,,,,, 
  [ 6654263014639 ],,,,,,,,,,,,,,,,, [ 13526149358921 ],,, [ 135433631071 ],,,,,,,, 
  [ 33252436729 ],,,,,,,,,,,,,,,,, [ 5634396961 ],,,, [ 4448757169 ],,, [ 30457297201 ], 
  [ 1329072289 ],, [ 21035250811, 21195714763 ],, [ 6966351119254801 ],,,,, [ 13650572951 ],,
  , [ 32605787393 ],,,,,,,,,,,,,,, [ 13971149009 ],,,,,,,, [ 1844217937 ],,,,,,,,, 
  [ 35605170901, 242187343141, 5859955868881, 127471891457221 ],,,, [ 4570822513 ],,,,,,, 
  [ 7262738791799 ], [ 50669461441 ],, [ 16542901787 ],,,, [ 1244851081 ],, [ 1718079361 ],,,
  , [ 41346928822153 ],,, [ 2887276057 ],,,,,,,,,, [ 1075462417 ],,,,, [ 6535431769 ],,,,,, 
  [ 1022113693, 3782779813, 106660090429201, 1016370621902521 ],,,,,,, [ 1071316111 ],,,,,,,,
  ,,,,,,,,, [ 38472194209, 709177308001 ],,,,,,,, [ 2093184341 ],,,,,,,, [ 1997428553 ],,,,, 
  [ 1742232241 ],,, [ 4229529217, 35199530521 ],,,, [ 2306535640081 ],,, [ 517225247969 ],,,,
  ,,,,, [ 11054294473 ],,,, [ 782923626161 ], [ 1269546367, 40563148903 ],,, 
  [ 16993362165121 ], [ 19111578641 ],,,,, [ 2046131760451 ],,,,,,,,,,,,,,,,,,, 
  [ 197686199041 ],,,,,,,,,,,,,,,,,,,,,,,,, [ 3512320211 ],, [ 2775602273 ],, [ 4976484067 ],
  , [ 12501906788317 ], [ 1470388081 ],,,,,,, [ 1410828077 ],,,,,, [ 5119581851 ],, 
  [ 2415517957 ],,,,,,,, [ 5386300541 ],,,,,,,,,,,,,,,,,,,,,,,, [ 4772889337 ],,,,,,,,,,,,, 
  [ 17302443463 ],,, [ 2691213001, 9771056401 ],,,,,,,,,, [ 104568947731 ],,,,,, 
  [ 1493779621 ],,,,,,,, [ 109368780733, 91066620823741, 629945444695681, 44027700157736353 ]
   ,, [ 47831917442443 ],,,, [ 5031298561 ],, [ 33798578924813 ],,, [ 2672477711 ],,, 
  [ 1159259947 ],,,,,,, [ 29107701481 ],,,,,,,,,,, [ 57011888473 ],, [ 1399762963 ],,,,,,,,,,
  ,,,,,, [ 176341183801 ],,,,,, [ 11822724241 ],, [ 21539063137 ],,,,, [ 94152768823 ],,,,,,
  , [ 34504221833 ], [ 41269516391 ], [ 1671986089, 1067960525726881, 704532922477998121 ],,
  , [ 565155213247 ],,, [ 644190599113 ],,,,,,,,,,,,, [ 2665229761, 8323673191 ],,,,, 
  [ 2986756921, 55830133981, 2789472575020141 ],,,,,,,,,,,, [ 4801701601 ],,,,,,,,,,,,,,,,,,,
  ,,,, [ 5115278081 ],,, [ 15543782977 ],, [ 28291434841 ],,,,, [ 13303090977751 ],,,,,, 
  [ 1431388591, 36818960053009 ], [ 14971112257 ],,, [ 452598150551 ], [ 12149003501 ],,,,,,,
  , [ 2508023857, 46920970289 ],,,,,,,,,,,,,, [ 1033955227 ],,,, [ 9797438611 ],,,, 
  [ 143676058697, 889103619881 ], [ 1324531753 ],,, [ 1653514171, 2066599921 ],,,,,,,,, 
  [ 54045301447 ], [ 1842349121 ],,,, [ 1630153283333 ],,,,,, [ 80581111441 ],,,,,,,, 
  [ 10337710153 ],,,,, [ 416203945543 ],,, [ 30894089257 ],,,,,,,,,,,,,,,,,,,,,,,,,, 
  [ 244176037769 ],,,,,,,,,,,,,,,,,,,,,,,,,,,,,,,,,,,,, [ 331533455287 ],,,,,,,,,,, 
  [ 160640696261, 66067163085881 ],,,,,,,, [ 10557876353 ],,,,,,,, [ 2446287229 ],,,,,, 
  [ 3933866641 ],,,, [ 36198705614947 ],,,,,,,,,, [ 4388429921 ],,,,,, [ 5545605761 ],, 
  [ 7309564417 ],,,,, [ 10101424639 ],,,,,,, [ 5230485111469 ],,,,,,,, [ 18154522657 ],, 
  [ 9358385411 ],,,,,,, [ 123340137913 ],,,,,,,,,,,,,,,,,,,,, [ 1128597451 ],, 
  [ 19243822249 ],,,, [ 2276371441 ],, [ 23185149521 ],, [ 5084363269 ],,,,, [ 334175681863 ]
   ,,,,,,,,,,,,,,,,,,,,,,,,, [ 6110669753 ],, [ 2636337637 ],, [ 8777296097 ],,,,,, 
  [ 44571255541, 51314583233, 216012710429 ], [ 4944642841 ],,,,,,,,,,,,,,,,,,,,,,,,,,,,,, 
  [ 1673089921 ], [ 2151902281 ],,,,,,,, [ 5722258753 ],,, [ 13433959639 ],,,,,,,,,,,,,,,,,,,
  ,,,, [ 2124419321, 17704044881 ],,,,,, [ 1521758733988453 ],,,, [ 332994256321 ],,,,,, 
  [ 93849005377 ],, [ 3014356097 ],,,,,,,,,,,,,, [ 1006957403 ],,,,, [ 13302953329 ],,,,,,,,,
  ,,,,,,,, [ 68045774501 ],,,,,,,,,, [ 6343734217 ],,,,,,,,,,,,,, [ 13746414593 ],,,,,,,,,,,,
  ,, [ 4209083041 ],,,,,,,,,,,,,, [ 3601965889, 6606416737 ],,,,,,,, [ 1055968033 ],,,,,, 
  [ 23953402001 ],,,,,, [ 2853898633 ], [ 1236608239 ], [ 17753728651 ],,,,,,,,,, 
  [ 3145306081 ], [ 74245197001 ],,,,,, [ 4488801151 ],,,,,,,,,,,, [ 6315503647 ],,,,,,,,,,,,
  , [ 10117195201 ],,,, [ 8034761428933 ],,,,,,,,,,,,,, 
  [ 6215448433, 6359448233, 52213606073 ],,,,,,,,,,,,,,,,,,,, [ 4633069057 ],,,, 
  [ 11918157203 ],,,,,,,,,,,,,,,,,, [ 1201091321, 1558153741 ],,,,,, [ 148340047291 ],, 
  [ 74568186421 ],,,,,,,,,, [ 1800258073 ],,,, [ 6356349437593 ],,,,,, [ 4711431217 ],,,,,,,,
  ,, [ 2706627673 ],,,,,,,,,,,,,, [ 2221343489 ],,,, [ 69439600297 ],,,,,,,,,,,,,,,,,,,,, 
  [ 1254116623, 1392509559871 ],,, [ 12914267521, 3115126399888021 ],,,, [ 24637623553 ],, 
  [ 1267561903753 ],,,,,,,,,,,,,,, [ 2634312871, 56906126551 ],,,,,,,,,,,,, [ 4670518621193 ]
   ,,,,,,,,,,, [ 4463195881 ],,,,,,,,,,,,,,,,,,,,,,,,,,,,,,,,,,,,,,, [ 12190288321 ],,,,,,,,,
  , [ 547177009193 ],,,,,,,,,, [ 26889813241 ],,,,,,,,,,,,,,,,,,,,,, [ 8995558153 ],, 
  [ 4027409621 ], [ 12169076041 ],,, [ 45617197057 ],, [ 7039656737 ],,,,,,,,,, 
  [ 90464677453 ],,,,,,,,,,,,,,,,,, [ 1077014401 ],,, [ 1665646201 ],,,,,,,,, [ 5868909091 ],
  ,,,,, [ 9061378561 ],,,,,,,,,,,,,,,,,,,,,,,,,,,, [ 83643940297 ],,,,,, [ 1831288097 ],, 
  [ 47829133796161 ],,,,,,,,,,,,,,,, [ 22637035097 ],,,,,,,,,,,,,,,, [ 20980647441973 ],,,, 
  [ 24579415057 ],,,, [ 71472585853 ],,,,,, [ 105934548539 ],,,,,,,,,,,,,,,, [ 218908791083 ]
   ,,,, [ 1910143369 ],,, [ 1775523751, 14324237401 ],,,,,,,,,,, [ 166397692621 ],,,,,, 
  [ 13460926649 ],,,,,, [ 91778092897 ],,,,,,,,,,,,,, [ 7746068578627 ],,,,,,,,,,,,,, 
  [ 2472249781, 31325318342137 ],,,,,,,,,,,,,,,,,,,,,,,,,,,,,, [ 19191356449 ],,,,,,,,,, 
  [ 5819463941, 40761734357 ],, [ 314839153777 ],,,,,,,,,,,,,,,,,,,,,,,,,,,, [ 156258989657 ]
   ,, [ 92166422401 ],, [ 72397878451 ],,,,,, [ 31091615017 ],,,, [ 2301304321 ],,,,,, 
  [ 1564392259 ],, [ 4666579553 ],,,,,,,,,,,,,,,,,,,,,,,,,,,,,,,,,,,,, [ 1150681259881 ],,,,,
  ,, [ 200805630769 ],,,, [ 1169221649 ],,,,,,,,,,,,,,,,,,, [ 31767381511 ],,,,,,,,, 
  [ 1309525897 ],,,,,,,,,,,,,,,, [ 76490929301 ],,,,,, [ 3293868043 ],,,, [ 271122995161 ],,,
  , [ 975207484747 ],, [ 6352914877 ],,,,,,,,,,,,,,,, [ 1553674609, 235400130397 ],, 
  [ 1089132211 ],,,,,,,,,,,,,,,,,, [ 894254821393 ],,,,,,,,,,,,,,,, [ 1135325323441 ],,,, 
  [ 1500669097, 16491805129 ],,,,,,,, [ 28060256041 ],,,,,,,,,,,,,,,,,,,,,,,, 
  [ 88260635233 ],,,,,,,, [ 355334702810909 ],,,,,,,,,, [ 14706470539 ],,,, [ 22547089753 ],
  , [ 1212345733, 2787861649 ],,,,,,,, [ 1914783697 ],,,,,,,,,,,,,,,, [ 1116046597 ],, 
  [ 1337783539 ],,,,,, [ 36501889901 ],,,,,,,,,,,,,,,, [ 2030978701 ],,,,,, [ 1162530043 ],, 
  [ 5961667813 ],, [ 4321979339 ],,,,,,,,,,,, [ 3638510177 ],, [ 3660490441 ],, 
  [ 4253588777 ],,,, [ 22196530201 ],, [ 1145787833 ],,,,,,,, [ 3892884001 ],, 
  [ 42058238953 ],,,,,,,,,,,,,,,,,,,,,, [ 1527593101 ],,,,,,,,,,,,,,,,,,,,,,,, 
  [ 29086205177 ],,,, [ 155558576609 ],,,,,,,,,,,,,,,,,,,,,,,,,,,, [ 1142034337 ],,,,,,,,,,,,
  ,,,,,,,,,,,,,,,,,,,, [ 1179515017 ],,,, [ 1543555972801, 135514696984801 ],,,,,,,,,,,,,,,,,
  ,,,,,,,,,,,,,,,,,,, [ 877369618621 ],,,,,,,, [ 24597183857 ],,,, [ 235913894401 ],,,,,,,,,,
  ,,,, [ 3000951787 ],,,,,,,,,,,,,,,,,,,, [ 2478374082497 ],,,,,,,,,,,,,,,,,,,,,,,,,,,,,,,,,,
  ,,,, [ 1515305377 ],,,, [ 2158369973, 50695784129 ],,,,,, [ 7470096131 ],,,,,,,,,,,,,,,,,,,
  ,,,,,,,,,,, [ 1807368161 ],,,,,,,,,,,, [ 24209424409 ],, [ 1771897753 ],,,,,,,,,,,,,,,,,,,,
  ,, [ 4671020773 ],,,,,,,, [ 86824500589 ],,,,,,,,,,,,,,,, [ 589912115017 ],,,,,, 
  [ 1040710217 ],,,,,,,, [ 116668552177 ],,,,,,,,,, [ 6271136801 ],,,,,,,,,, [ 616616663209 ]
   ,,,,,, [ 234905181853 ],,,,,,,,,,,,,,,,,,,,,,,,,,,,,,,,,, [ 465786720307 ],,,,,,,,, 
  [ 9139556791 ],,,,,,, [ 22239271937 ],,,,,, [ 41325921313 ],, [ 7453941211 ],,,,,, 
  [ 5710118569 ],,,,,,,, [ 1333305697 ],,,,,,,, [ 119962108193 ],,,,,,,,,,,,,,,,,,,, 
  [ 36387945313 ],,,,,,,, [ 158362713601 ],,,,,,,,,,,, [ 256794125645513 ],,,,,,,,,,,,,,,, 
  [ 1054366365337 ],,,,,,,, [ 4745197657, 122196409460977 ],,,, [ 23378468401 ],,,,,,,,,,,,,,
  ,,,, [ 1289294971 ],,,,,,,,,, [ 216606862333 ],,,,,,,,,,,,,, [ 2238439771 ],,,,,, 
  [ 1841635441 ],,,,,,,,,,,,,,,,,,,,,,,,,,,, [ 15365613581 ],,,,,,,,,,,,,,,,,,,,,,,,,,,,,,,,,
  , [ 42388350041 ],,,,,, [ 1159605617 ],,,,,,,,,,,,,,,, [ 419709679813 ],,,,,,,,,,,, 
  [ 2482291921 ],,,,,,,,,,,, [ 3767627639953 ],,,, [ 29308530401 ],,,,,,,,,,,,,,,,,,,, 
  [ 10991833381 ],,,,,,,, [ 2828811961 ],,,,,,,,,,,,,,,, [ 7853309689 ],,,,,,,, 
  [ 2211576769, 32713726993 ],,,,,,,,,,,,,,,, [ 51377415373 ],,,,,,,, 
  [ 110284882061, 207246797057 ],,,,,,,, [ 8373135937 ],,,,,,,,,,,,,,,,,,,,,,,, 
  [ 11770284737 ],,,,,,,, [ 2057375497 ],,,, [ 45648279041 ],,,,,,,, [ 279423580129 ],,,,,,,,
  ,,,,,,,,,,,,,,,,,,,,,,,, [ 4015224481 ],, [ 3006917467 ],,,,,,,,,,,,,,,,,, [ 271664220361 ]
   ,,,,,,,,,,,,,,,,,,,,,,,, [ 22545657238889 ],,,,,,,,,,,,,, [ 17718530971 ],, 
  [ 9759050261 ],,,,,,,, [ 1470724693 ],,,,,,,, [ 1325762161 ],,,,,,,,,,,, 
  [ 2460930049, 20457455617 ],,,,,,,,,,,,,,,,,,,, [ 18608433637 ],,,,,,,,,,,,,,,,,,,,,, 
  [ 1299477821401 ],, [ 12513172897 ],,,, [ 1612540417 ],,,, [ 2579701441 ],,,,,,,, 
  [ 6239211457 ],,,,,,,,,,,,,,,,,,,,,,,,,,,,,,,,,,,,,,,,,,,,,,,,,,,,,, [ 3108341497 ],,,,,,,,
  ,, [ 2148820129 ],,,,,,,,,,,,,,,,,,,,,,,, [ 6879744241 ],,,,,,,,,,,,,,,,,,,,,,,, 
  [ 1099882781 ],,,,,,,, [ 3866807953 ],,,,,,,,,,,,,,,,,,,,,,,,,,,,,,,,,,,,,,,, 
  [ 27663179893 ],, [ 33446107801 ],,,,,, [ 233618053813 ],,,, [ 3534719761 ],,,,,,,,,,,, 
  [ 2962102333 ],,,,,,,,,,,,,,,,,,,, [ 16088240449, 87749367889 ],,,,,,,,,,,,,,,,,,,,,,,, 
  [ 59696340481 ],,,,,, [ 23775851971 ],,,,,,,,,,,,,,,,,,,,,,,,,,,,,,,,,,,,,,,,,,,,,,,,,,,,,
  , [ 4169066497 ],,,,,,,,,,,,,, [ 76599270161 ],, [ 10170250861 ],,,,,,,,,,,,,,,,,,,,,,,,,,,
  ,,,,,,,,,,,,,,,,,,,,,,,,,,,,, [ 1460161369 ],,,,,, [ 61809752539 ],,,,,, [ 25791907681 ],,,
  ,,,,,,,,,,,,,,,,,,,,,,,,,,,,,,,,, [ 108781131709 ],,,,,,,,,,,,,,,, [ 14032324829 ],, 
  [ 2443632553 ],,,,,,,,,,,,,,,,,,,,,, [ 3360536689 ],,,,,,,,,,,,,,,,,,,, [ 3104819732737 ],,
  ,,,, [ 1373716153 ],,,,,,,,,,,,,,,,,,,,,,,,,,,,,,,,,,,,,, [ 10494084301 ],,,,,,,,,,,,,,,,,,
  ,,,,,, [ 73825739381 ],,,,,,,,,,,,,,,,,,,,,,,,,,,,,,,,,,,,,,,,,,,,,,,,,,,,,,,,,,,,,,,,,,,,,
  ,,, [ 51456036601 ],,,,,,,,,,,,,,,,,,,,,,,,,,,,,,,, [ 4066230557 ],,,,,,,,,,,,,,,,,,,,,,,,,
  , [ 663936202987, 6574653046249 ],,,,,,,,,,,, [ 91324648801 ],, [ 6309313697 ],,,, 
  [ 1176712129 ],,,, [ 47835721441 ],,,,,,,,,,,,,,,,,,,,,,,,,,,,,,,, [ 10701376201 ],,,,,,,, 
  [ 3090127321 ],,,,,,,, [ 3606910609 ],,,,,,,,,,,,,,,,,,,,,,,, [ 117216791521 ],, 
  [ 1247271001 ],,,,,, [ 1976159953, 469547926921 ],,,,,,,, [ 403063318409 ],,,, 
  [ 8309376769 ],,,,,,,,,,,,,,,,,,,,,,,,,,,,,,,,,,,, [ 109129389949 ],,,,,,,, 
  [ 271147207061 ],,,, [ 16056992689 ],,,,,,,,,,,,,,,,,,,,,,,, [ 3057704641 ],,,,,,,,,, 
  [ 9521905226891 ],,,,,,,, [ 471887729977, 10101007105411 ],, [ 397207208081 ],,,,,,,, 
  [ 1586389573 ],,,,,,,,,,,,,,,, [ 1233650081 ],,,,,,,, [ 2332104881 ],,,,,,,,,,,,,,,, 
  [ 571507553453 ],,,,,,,,,,,,,,,, [ 2972182273, 9316593961, 10914344797 ],,,,,, 
  [ 5908098571 ],,,,,,,,,,,,,,,,,, [ 7571072629 ],,,,,,,, [ 4100815597, 7832933230501 ],,,,,,
  ,,,,,,,,,,,,,,,,,,,,,,,,,,,,,,,,,,,,,,,,,,,,,, [ 27505654993 ],,,,,,,,,,,, [ 4035930601 ],,
  ,,,,,,,,,,,,,,,,,,,,,,,,,,,,,,,,,,,,,,,,,,,,,,,,,,,,,,,,,,,,,, [ 1527805841 ],,,,,,,,,,,,,,
  ,,,,,,,,,,,,,,,,,,,,,,,,,, [ 2013454033 ],,,,,,,,,,,,,,,,,,,,,,,,,,,,,,,,,,,,,,,,,,,,,,,,,,
  ,,,,,,,,,,,,,,,,,,,,,, [ 79382809169 ],,,,,,,, [ 2879676673 ],,,,,,,,,,,,,,,,,,,,,,,,,, 
  [ 14299177903771 ],,,,,, [ 1086863857, 2006352241 ],,,,,,,,,,,,,,,,,,,,,,,,,,,,,,,, 
  [ 51609481493 ],,,,,,,, [ 1125957977 ],,,,,,,,,,,,,,,,,,,,,,,,,,,,,,,,,,,,,,,,,,,,,,,,,,,,,
  ,,,,,,,,,,,,,,,,,,,,,,,,,,, [ 158694648961 ],,,,,,,,,,,,,,,,,,,,,,,, [ 1904239861 ],,,,,,,,
  ,,,,,,,,,,,,,,,,,,,,,,,,,,,,,,,, [ 160996964501 ],,,,,,,,,,,,,,,,,,,,,,,,,,,,,,,,,,,,,,,,,,
  ,,,,,,,,,,,,,,,,,,,,,,,,,,,,,,,,,,,,,,,,,,,,,, [ 12198942757 ],,,,,,,, [ 46769830637 ],,,,,
  ,,, [ 1267396549, 466861261417 ],,,,,,,,,,,,,,,,,,,,,,,,,,,,,,,,,,,,,,,,,,,,,,,,,,,,,,,,,,,
  ,,,,,,, [ 13310557921 ],,,,,, [ 228153794053 ],,,,,,,,,,,,,,,,,,,,,,,,,,,,,,,,,,,,,,,,,,,,,
  ,,,,,,,,,,,,,,,,,,,,, [ 35714973001 ],,,,,,,,,,,,,,,,,,,,,,,,,,,,,,,,,,,,,,,,,,,,,,,,,,,,,,
  ,,,,,,,, [ 1584221521 ],,,,,,,, [ 54343822373 ],,,,,,,,,,,,,,,, [ 1821528073 ],,,,,,,,,,,,,
  ,,,,,,,,,,,,,,,,,,, [ 2322311861 ],,,,,,,,,,,,,,,,,,,,,,,,,,,,,,,,,,,,,,,,,,,,,,,,,,,,,,,, 
  [ 2376906481 ],,,,,,,,,,,,,,,,,,,,,,,,,,,,,,,,,,,,,,,,,,,,,,,,,,,,,,,,,,,,,,,,,,,,,,,, 
  [ 981413813197 ],,,,,, [ 10659069121 ],,,,,,,,,,,,,,,,,,,,,,,,,,,,,,,,,,,,,,,,,,,,,,,,,, 
  [ 2511784133 ],,,,,,,,,,,,,,,,,,,,,,,, [ 34077707513 ],,,,,,,,,,,,,,,,,,,,,,,,,,,,,,,,,,,,,
  ,,, [ 10804018837 ],,,,,,,,,,,,,,,, [ 18504569033 ],,,,,,,,,,,,,,,, [ 29563086781441 ],,,,,
  ,,, [ 3274102609 ],,,,,,,,,,,,,, [ 16669364587 ],, [ 1315733281 ],,,,,,,, [ 1204388714689 ]
   ,,,,,,,,,,,,,,,,,,,,,,,,,,,,,,,,,,,,,, [ 1241633251 ],, [ 5178315744421 ],,,,,,,,,,,,,,,,,
  ,,,,,,,,,,,,,,, [ 42678622793 ],,,,,,,, [ 650257527097, 9362202449401 ],,,,,,,,,,,,,,,,,, 
  [ 1723050961 ],,,,,,,,,,,,,,,,,,,,,,,,,,,,,,,,,,,,,,,,,,,,,,,,,,,,,,,,,,,, [ 13163146921 ],
  ,,,,,,,,,,,,,,,,,,,,,,,,,,,,,,,,,,,,,,,,,,,,,,,,,,,,,,,,,,,,,,,,, [ 646101007333 ],,,,,,,, 
  [ 17282706193 ],,,,,,,,,,,,,,,, [ 34375318381 ],,,,,,,, [ 6956996117 ],,,,,,,,,,,,,,,,,,,,,
  ,,,,,,,,,,,,,,,,,,,,,,,,,,,,,,,,,,,,,,,,,,, [ 10214614693 ],,,,,,,,,,,,,,,,,,,,,,,,,,,,,,,,
  ,,,,,,,, [ 5000337917 ],,,,,,,, [ 37396135561 ],,,,,,,, [ 3366808073 ],,,,,,,, 
  [ 1119040969 ],,,,,,,,,,,,,,,,,,,,,,,,,,,,,,,,,,,,,,,,,,,,,,,,,,,,,,,, [ 75351451993 ],,,,,
  ,,, [ 1566624481, 80552276501 ],,,,,,,, [ 11191589449, 9795810909977 ],,,,,,,, 
  [ 2167545775429 ],,,,,,,,,,,,,,,,,,,,,,,, [ 12304211701, 164660263021 ],,,,,,,,,,,,,,,,,,,,
  ,,,,,,,,,,,,,,,,,,,,,,,,,,,, [ 1856759206429 ],,,,,,,,,,,,,,,,,,,,,,,,,,,,,,,,,,,,,,,,,,,,,
  ,,, [ 46148726653 ],,,,,,,,,,,,,,,,,,,,,,,, [ 2306161441 ],,,,,,,,,,,,,,,,,,,,,,,,,,,,,,,,,
  ,,,,,,,,,,,,,,,,,,,,,,, [ 14836916953 ],,,,,,,,,,,,,,,,,,,,,,,,,,,,,,,, 
  [ 4248067249, 47105933473 ],,,,,,,,,,,,,,,,,,,,,,,,,,,,,,,,,,,,,,,, [ 39675958429 ],,,,,,,
  , [ 3933633889 ],,,,,,,,,,,,,,,,,,,,,,,,,,,,,,,,,,,,,,,,,,,,,,,, [ 10454280041 ],,,,,,,,,,,
  ,,,,,,,,,,,,,,,,,,,,,,,,,,,,,,,,,,,,,,,,,,,,,,,,,,,,,,,,,,,,,,,,,,,,,,,,,,,,,,,,,,,,,,,,,,,
  ,, [ 10443601297 ],,,,,,,,,,,,,,,,,,,,,,,, [ 2293177501 ],,,,,,,, [ 1426971701 ],,,,,,,,,,,
  ,,,,,,,,,,,,,,,,,,,,,,,,,,,,,,,,,,,,,,,,,,,,,,,,,,,,, [ 396497534317 ],,,,,,,,,,,,,,,, 
  [ 2006454221, 2756368421 ],,,,,,,,,,,,,,,,,,,,,,,,,,,,,,,, [ 62334361909 ],,,,,,,, 
  [ 3051152861 ],,,,,,,,,,,,,,,,,,,,,,,,,,,,,,,,,,,,,,,,,,,,,,,,,,,,,,,,,,,,,,,,,,,,,,,,,,,,,
  ,,,,,,,,,,,,,,,,,,,,,,,,,,,,,,,,,,, [ 1986656653 ],,,,,,,,,,,,,,,,,,,,,,,, 
  [ 2077526413, 10200713797 ],,,,,,,, [ 15298907713 ],,,,,,,,,,,,,,,,,,,,,,,,,,,,,,,,,,,,,,,,
  ,,,,,,,,,,,,,,,,,,,,,,,, [ 3796256557 ],,,,,,,,,,,,,,,,,,,,,,,, 
  [ 63615719773, 416555927701 ],,,,,,,,,,,,,,,,,,,,,,,,,,,,,,,,,,,,,,,,,,,,,,,, 
  [ 1432112401, 806328885601 ],,,,,,,,,,,,,,,,,,,,,,,, [ 2236439713 ],,,,,,,,,,,,,,,,,,,,,,,,
  ,,,,,,,,,,,,,,,,,,,,,,,,,,,,,,,,,,,,,,,,,,,,,,,,,,,,,,,,,,,,,,,,,,,,,,,, [ 49533095281 ],,,
  ,,,,,,,,,,,,,,,,,,,,,,,,,,,,,,,,,,,,,,,,,,,,, [ 1823011321 ],,,,,,,,,,,,,,,,,,,,,,,,,,,,,,,
  ,,,,,,,,,,,,,,,,,,,,,,,,,,,,,,,,,,,,,,,,,,,,,,,,,,,,,,,,,,,,,,,,, [ 4181782537 ],,,,,,,,,,,
  ,,,,,,,,,,,,, [ 2061569089 ],,,,,,,,,,,,,,,,,,,,,,,,,,,,,,,,,,,,,,,, 
  [ 2670909053, 50057398049 ],,,,,,,,,,,,,,,,,,,,,,,,,,,,,,,,,,,,,,,,,,,,,,,,,,,,,,,,,,,,,,,,
  ,,,,,,,,,,,,,,,,,,,,,,,,,,,,,,,,,,,,,,,, [ 1145600173 ],,,,,,,,,,,,,,,,,,,,,,,,,,,,,,,,,,,,
  ,,,,,,,,,,,,,,,,,,,,,,,,,,,, [ 6271959653 ],,,,,,,,,,,,,,,,,,,,,,,,,,,,,,,,,,,,,,,,,,,,,,,,
  ,,,,,,,,,,,,,,,,,,,,,,,,,,,,,,,,,,,,,,,,,,,,,,,,,,,,,,,, [ 3225316201, 48930627001 ],,,,,,,
  ,,,,,,,,,,,,,,,,,,,,,,,,,,,,,,,,,,,,,,,,, [ 48230770447261 ],,,,,,,,,,,,,,,,,,,,,,,,,,,,,,,
  ,,,,,,,,,,,,,,,,,,,,,,,,,,,,,,,,,,,,,,,,,,,,,,,,,,,,,,,,,,,,,,,,,,,,,,,,,,,,,,,,,,,,,,,,,,,
  ,,,,,,,,,,,,,,,,,,,,,, [ 2104540777 ],,,,,,,,,,,,,,,,,,,,,,,, [ 8563060141 ],,,,,,,,,,,,,,,
  ,,,,,,,,, [ 2149891201, 134144279821 ],,,,,,,,,,,,,,,,,,,,,,,,,,,,,,,,,,,,,,,,,,,,,,,, 
  [ 3853146613 ],,,,,,,,,,,,,,,,,,,,,,,,,,,,,,,,,,,,,,,,,,,,,,,,,,,,,,,, [ 15082968209 ],,,,,
  ,,,,,,,,,,,,,,,,,,,,,,,,,,,,,,,,,,, [ 4925680909 ],,,,,,,,,,,,,,,, [ 68653821601 ],,,,,,,,,
  ,,,,,,,,,,,,,,,,,,,,,,,,,,,,,,, [ 11351249341 ],,,,,,,,,,,,,,,,,,,,,,,,,,,,,,,,,,,,,,,,,,,,
  ,,,,,,,,,,,,,,,,,,,,,,,,,,,,,,,,,,,,,,,,,,,,,,,,,,,,,,,,,,,,,,,,,,,,,,,,,,,, 
  [ 9779550821 ],,,,,,,,,,,,,,,, [ 1778765761 ],,,,,,,,,,,,,,,,,,,,,,,,,,,,,,,,,,,,,,,,,,,,,,
  ,,,,,,,,,,,,,,,,,, [ 26969165941 ],,,,,,,,,,,,,,,,,,,,,,,,,,,,,,,,,,,,,,,,,,,,,,,,,,,,,,,, 
  [ 4397234041, 233088977377 ],,,,,,,,,,,,,,,,,,,,,,,,,,,,,,,,,,,,,,,,,,,,,,,,,,,,,,,,,,,,,,,
  , [ 2581652921 ],,,,,,,,,,,,,,,,,,,,,,,,,,,,,,,, [ 55782443221 ],,,,,,,, [ 4584795001 ],,,,
  ,,,,,,,,,,,, [ 91499442149389 ],,,,,,,,,,,,,,,,,,,,,,,,,,,,,,,,,,,,,,,,,,,,,,,,,,,,,,,,,,,,
  ,,,,,,,,,,,, [ 10669612693 ],,,,,,,,,,,,,,,,,,,,,,,,,,,,,,,,,,,,,,,,,,,,,,,,,,,,,,,,,,,,,,,
  ,,,,,,,,, [ 18067609981 ],,,,,,,,,,,,,,,,,,,,,,,, [ 1543561813 ],,,,,,,,,,,,,,,,,,,,,,,, 
  [ 1320103549 ],,,,,,,,,,,,,,,,,,,,,,,,,,,,,,,,,,,,,,,,,,,,,,,, [ 4423828933, 17809558489 ],
  ,,,,,,,,,,,,,,,,,,,,,,,,,,,,,,,,,,,,,,,,,,,,,,,,,,,,,,,,,,,,,,,,,,,,,,, [ 11836509049 ],,,,
  ,,,,,,,,,,,,,,,,,,,,,,,,,,,,,,,,,,,,,,,,,,,,,,,,,,,,,,,,,,,,,,,,,,,,,,,,,,,,,,,,,,,,,,,,,,,
  ,,,,,,,,,,,,,,,,,,,,,,,,,,,,,,,,,,,,,,,,,,,,,,,,,,,,,,,,,,,,,,,,,,,,,,,,, [ 8054506909 ],,,
  ,,,,,,,,,,,,,,,,,,,,,,,,,,,,,,,,,,,,,,,,,,,,,,,,,,,,,,,,,,,,,,,,,,,,,,,,,,,,,,,,,,,,,,,,,,,
  ,,,,,,,,,,,,,,,,,,,,,,,,,,,,,,,,,,,,,,,,,,,,,,,,,, [ 2055499681 ],,,,,,,,,,,,,,,,,,,,,,,,,,
  ,,,,,,,,,,,,,,,,,,,,,,,,,,,,,,,,,,,,,,,,,,,,,, [ 7267604677 ],,,,,,,,,,,,,,,,,,,,,,,, 
  [ 1829255089 ],,,,,,,,,,,,,,,,,,,,,,,, [ 64000771921 ],,,,,,,,,,,,,,,,,,,,,,,,,,,,,,,,,,,,,
  ,,,,,,,,,,,,,,,,,,,,,,,,,,,,,,,,,,, [ 1199059597, 20334212893 ],,,,,,,,,,,,,,,,,,,,,,,,,,,,
  ,,,,,,,,,,,,,,,,,,,,,,,,,,,,,,,,,,,,,,,,,,,,,,,,,,,,,,,,,,,,,,,,,,,,,,,,,,,,,,,,,,,,,,,,,,,
  , [ 7893026389, 101655817537 ],,,,,,,,,,,,,,,,,,,,,,,, [ 29985549827797 ],,,,,,,,,,,,,,,,,,
  ,,,,,, [ 830069593501 ],,,,,,,,,,,,,,,,,,,,,,,,,,,,,,,,,,,,,,,,,,,,,,,, [ 15485202361 ],,,,
  ,,,,,,,,,,,,,,,,,,,,,,,,,,,,,,,,,,,,,,,,,,,,,,,,,,,,,,,,,,,,,,,,,,,,,,,,,,,,,,,,,,,,,,,,,,,
  ,,,,,,,,,,,,,,,,,,,,,,,,,,,,,,,,,,,,,,,,,,,,,,,,, [ 2121495949 ],,,,,,,,,,,,,,,,,,,,,,,,,,,
  ,,,,,,,,,,,,,,,,,,,,,,,,,,,,,,,,,,,,,,,,,,,,,,,,,,,,,,,,,,,,,,,,,,,,,,,,,,,,,,,,,,,,,,,,,,,
  ,,,,,,,,,,,,,,,,,,,,,,,,,, [ 86566149181 ],,,,,,,,,,,,,,,,,,,,,,,,,,,,,,,,,,,,,,,,,,,,,,,,,
  ,,,,,,,,,,,,,,,,,,,,,,,,,,,,,,,,,,,,,,,,,,,,,,, [ 1088991181, 210222666097 ],,,,,,,,,,,,,,,
  ,,,,,,,,,,,,,,,,,,,,,,,,,,,,,,,,,,,,,,,,,,,,,,,,,,,,,,,,, [ 4793221357 ],,,,,,,,,,,,,,,,,,,
  ,,,,,,,,,,,,,,,,,,,,,,,,,,,,,,,,,,,,,,,,,,,,,,,,,,,,,,,,,,,,,,,,,,,,,,,,,,,,,,,,,,,,,,,,,,,
  ,,,,,,,,,,,,,,,,,,,,,,,,,,,,,,,,,,,,,,,,,,,,,,,,,,,,,,,,,, [ 33225896677 ],,,,,,,,,,,,,,,,,
  ,,,,,,,,,,,,,,,,,,,,,,,,,,,,,,, [ 9066691261 ],,,,,,,,,,,,,,,,,,,,,,,,,,,,,,,,,,,,,,,,,,,,,
  ,,,,,,,,,,,,,,,,,,,,,,,,,,,,,,,,,,,,,,,,,,,,,,,,,,,,,,,,,,,,,,,,,,,,,,,,,,,,,,,,,,,,,,,,,,,
  ,,,,,,,,,,,,,,,,,,,,,,,,,,,,,,,,,,,,,,,,,,,,,,,,,,,,,,,,,,,,,,,,,,,,,,,,,,,,,,,,,,,,,,,,,,,
  ,,,,,,,,,,,,, [ 88225520521 ],,,,,,,,,,,,,,,,,,,,,,,,,,,,,,,,,,,,,,,,,,,,,,,,,,,,,,,,,,,,,,
  ,,,,,,,,,,,,,,,,,,,,,,,,,,,,,,,,,,,,,,,,,,,,,,,,,,,,,,,,,,,,,,,,,,,,,,,,,,,,,,,,,,,,,,,,,,,
  ,,,,,,,,,,,,,,,,,,,,,,,,,,,,,,,,,,,,,,,,,,,,,,,,,,,,,,,,,,,,,,,,,,,,,,,,,,,,,,,,,,,,,,,,,,,
  ,,,,,,,,,,,,,,,,,,,,,,,,,,,,,,,,,,,,,,,,,,,,,,,,,,,,,,,,,,,,,,,,,,,,,,,,,,,,,,,,,,,,,,,,,,,
  ,,,,,,,,,,,,,,,,,,,,,,,,, [ 8008771021, 2242135891947781 ],,,,,,,,,,,,,,,,,,,,,,,,,,,,,,,,,
  ,,,,,,,,,,,,,,, [ 2753281057, 18698057737 ],,,,,,,,,,,,,,,,,,,,,,,,,,,,,,,,,,,,,,,,,,,,,,,,
  ,,,,,,,,,,,,,,,,,,,,,,,,,,,,,,,,,,,,,,,,,,,,,,,,,,,,,,,,,,,,,,,,,,,,,,,,,,,,,,,,,,,,,,,,,,,
  ,,,,,,,,,,,,,,,,,,,,,,,,,,,,,,,,,,,,,,,,,,,,,,,,,,,,, [ 1427059801, 13085030160541 ],,,,,,,
  ,,,,,,,,,,,,,,,,,,,,,,,,,,,,,,,,,,,,,,,,,,,,,,,,,,,,,,,,,,,,,,,,,,,,,,,,,,,,,,,,,,,,,,,,,,,
  ,,,,,,,,,,,,,,,,,,,,,, [ 98212163281 ],,,,,,,,,,,,,,,,,,,,,,,,,,,,,,,,,,,,,,,,,,,,,,,,,,,,,
  ,,,,,,,,,,,,,,,,,,,,,,,,,,,,,,,,,,,,,,,,,,,,,,,,,,,,,,,,,,,,,,,,,,,,,,,,,,,,,,,,,,,,,,,,,,
  , [ 1390627837 ],,,,,,,,,,,,,,,,,,,,,,,,,,,,,,,,,,,,,,,,,,,,,,,,,,,,,,,,,,,,,,,,,,,,,,,,,,,
  ,,,,,,,,,,,,,,,,,,,,,,,,,,,,,,,,,,,,,,,,,,,,,,,,,,,,,,,,,,,,,,,,,,,,,,,,,,,,,,,,,,,,,,,,,,,
  ,,,,,,,,,,,,,,,,,,,,,,,,,,,,,,,,,,,,,,,,,,,,,,,,,, [ 60816767881 ],,,,,,,,,,,,,,,,,,,,,,,,,
  ,,,,,,,,,,,,,,,,,,,,,,,,,,,,,,,,,,,,,,,,,,,,,,,,,,,,,,,,,,,,,,,,,,,,,,,,,,,,,,,,,,,,,,,,,,,
  ,,,,,,,,,,,,,,,,,,,,,,,,,,,,,,,,,,,,,,,,,,,,,,,,,,,,,,,,,,,,,,,,,,,,,,,,,,,,,,,,,,,,,,,,,,,
  ,,,,,,,,,,,,,,,,,,,,,,,,,,,,,,,,,,,,,,,,,,,,,,,,,,,,,,,,,,,,,,,,,,,,,,,,,,,,,,,,,,,,,,,,,,,
  ,,,,,,,,,,,,,, [ 20406701197 ],,,,,,,,,,,,,,,,,,,,,,,,,,,,,,,,,,,,,,,,,,,,,,,,,,,,,,,,,,,,,
  ,,,,,,,,,,,,,,,,,,,,,,,,,,,,,,,,,,,,,,,,,,,,,,,,,,,,,,,,,,,,,,,,,,,,,,,,,,,,,,,,,,,,,,,,,,,
  ,,,,,,,,,,,,,,,, [ 59047835281 ],,,,,,,,,,,,,,,,,,,,,,,,,,,,,,,,,,,,,,,,,,,,,,,,,,,,,,,,,,,
  ,,,,,,,,,,,,,,,,,,,,,,,,,,,,,,,,,,,,,,,,,,,,,,,,,,,,,,,,,,,,,,,,,,,,,,,,,,,,,,,,,,,,,,,,,,,
  ,,,,,,,,,,,,,,,,,,,,,,,,,,,,,,,,,,,,,,,,,,,,,,,,,,,,,,,,,,,,,,,,,,,,,,,,,,,,,,,,,,,,,,,,,, 
  [ 82718651341 ],,,,,,,,,,,,,,,,,,,,,,,,,,,,,,,,,,,,,,,,,,,,,,,,,,,,,,,,,,,,,,,,,,,,,,,,,,,,
  ,,,,,,,,,,,,,,,,,,,, [ 1814359177, 4834818577 ],,,,,,,,,,,,,,,,,,,,,,,,,,,,,,,,,,,,,,,,,,,,
  ,,,,,,,,,,,,,,,,,,,,,,,,,,,,,,,,,,,,,,,,,,,,,,,,,,,,,,,,,,,,,,,,,,,,,,,,,,,,,,,,,,,,,,,,,,,
  ,,,,,,,,,,,,,,,,,,,,,,,,,,,,,,,,,,,,,,,,,,,,,,,,,,,,,,,,,,,,,,,,,,,,,,,,,,,,,,,,,,,,,,,,,,,
  ,,,,,,,,,,,,,,,,,,,,,,,,,,,,,,,,,,,,,,,,,,,,,,,,,,,,,,,,,,,,,,,,,,,,,,,,,,,,,,,,,,,,,,,,,,,
  ,,,,,,,,,,,,,,,,,,,,,,,,,,,,,,,,,,,,,,,,,,,,,,,,,,,,,,,,,,,,,,,,,,, [ 1480924681 ],,,,,,,,,
  ,,,,,,,,,,,,,,,,,,,,,,,,,,,,,,,,,,,,,,,,,,,,,,,,,,,,,,,,,,,,,,,,,,,,,,,,,,,,,,,,,,,,,,,,,,,
  ,,,,,,,,,,,,,,,,,,,,,,,,,,,,,,,,,,,,,,,,,,,,,,,,,,,,,,,,,,,,,,,,,,,,,,,,,,,,,,,,,,,,,,,,,,,
  ,,,,,,,,,,,,,,,,,,,,,,,,,,,,,,,,,,,,,,,,,,,,,,,,,,,,,,,,,,,,,,,,,,,,,,,,,,,,,,,,,,,,,,,,,,,
  ,,,,,,,,,,,,,,,,,,,,,,,,,,,,,,,,,,,,,,,,,,,,,,,,,,,,,,,,,,,,,,,,,,,,,,,,,,,,,,,,,,,,,,,,,,,
  ,,,,,,,,,,,,,,,,,,,,,,,,,,,,,,,,,,,,,,,,,,,,,,,,,,,,,,,,,,,,,,,,,,,,,,,,,,,,,,,,,,,,,,,,,,,
  ,,,,,,,,,,,,,,,,,,,,,,,,,,,,,,,,,,,,,,,,,,,,,,,,,,,,,,,,,,,,,,,,,,,,,,,,,,,,,,,,,,,,,,,,,,,
  ,,,,,,,,,,,,,,,,,,,,,,,,,,,,,,,,,,,,,,,,,,,,,,,,,,,,,,,,,,,,,,,,,,,,,,,,,,,,,,,,,,,,,,,,,,,
  ,,,,,,,,,,,,,,,,,,,,,,,,,,,,,,,,,,,,,,,,,,,,,,,,,,,,,,,,,,,,,,,,,,,,,,,,,,,,,,,,,,,,,,,,,,,
  ,,,,,,,,,,,,,,,,,,,,,,,,,,,,,,,,,,,,,,,,,,,,,,,,,,,,,,,,,,,,,,,,,,,,,,,,,,,,,,,,,,,,,,,,,,,
  ,,,,,,,,,,,,,,,,,,,,,,,,,,,,,,,,,,,,,,,,,,,,,,,,,,,,,,,,,,,,,,,,,,,,,,,,,,,,,,,,,,,,,,,,,,,
  ,,,,,,,,,,,,,,,,,,,,,,,,,,,,,,,,,,,,,,,,, [ 6668744743501 ],,,,,,,,,,,,,,,,,,,,,,,,,,,,,,,,
  ,,,,,,,,,,,,,,,,,,,,,,,,,,,,,,,,,,,,,,,,,,,,,,,,,,,,,,,,,,,,,,,,,,,,,,,,,,,,,,,,,,,,,,,, 
  [ 14927948881, 291219787561 ],,,,,,,,,,,,,,,,,,,,,,,,,,,,,,,,,,,,,,,,,,,,,,,,,,,,,,,,,,,,,,
  ,,,,,,,,,,,,,,,,,,,,,,,,,,,,,,,,,,,,,,,,,,,,,,,,,,,,,,,,,,,,,,,,,,,,,,,,,,,,,,,,,,,,,,,,,,,
  ,,,,,,,,,,,,,,,,,,,,,,,,,,,,,,,,,,,,,,,,,,,,,,,,,,,,,,,,,,,,,,,,,,,,,,,,,,,,,,,,,,,,,,,,,,,
  ,,,,,,,,,,,,,,,,,,,,,,,,,,,,,,,,,,,,,,,,,,,,,,,,,,,,,,,,,,,,,,,,,,,,,,,,,,,,,,,,,,,,,,,,,,,
  ,,,,,,,,,,,,,,,,,,,,,,,,, [ 9232400101 ],,,,,,,,,,,,,,,,,,,,,,,,,,,,,,,,,,,,,,,,,,,,,,,,,,,
  ,,,,,,,,,,,,,,,,,,,,,,,,,,,,,,,,,,,,,,,,,,,,,,,,,,,,,,,,,,,,,,,,,,,,,,,,,,,,,,,,,,,,,,,,,,,
  ,,,,,,,,,,,,,,,,,,,,,,,,,,,,,,,,,,,,,,,,,,,,,,,,,,,,,,,,,,,,,,,,,,,,,,,,,,,,,,,,,,,,,,,,,,,
  ,,,,,,,,,,,,,,,,,,,,,,,,,,,,,,,,,,,,,,,,,,,,,,,,,,,,,,,,,,,,,,,,,,,,,,,,,,,,,,,,,,,,,,,,,,,
  ,,,,,,,,,,,,,,,,,,,,,,,,,,,,,,,,,,,,,,,,,,,,,,,,,,,,,,,,,,,,,,,,,,,,,,,,,,,,,,,,,,,,,,,,,,,
  ,,,,,,,,,,,,,,,,,,,,,,,,,,,,,,,,,,,,,,,,,,,,,,,,,,,,,,,,,,,,,,,,,,,,,,,,,,,,,,,,,,,,,,,,,,,
  ,,,,,,,,,,,,,,,,,,,,,,,,,,,,,,,,,,,,,,,,,,,,,,,,,,,,,,,,,,,,,,,,,,,,,,,,,,,,,,,,,,,,,,,,,,,
  ,,,,,,,,,,,,,,,,,,,,,,,,,,,,,,,,,,,,,,,,,,,,,,,,,,,,,,,,,,,,,,,,,,,,,,,,,,,,,,,,,,,,,,,,,,,
  ,,,,,,,,,,,,,,,,,,,,,,,,,,,,,,,,,,,,,,,,,,,,,,,,,,,,,,,,,,,,,,,,,,,,,,,,,,,,,,,,,,,,,,,,,,,
  ,,,,,,,,,,,,,,,,,,,,,,,,,,,,,,,,,,,,,,,,,,,,,,,,,,,,,,,,,,,,,,,,,,,,,,,,,,,,,,,,,,,,,,,,,,,
  ,,,,,,,,,,,,,,,,,,,,,,,,,,,,,,,,,,,,,,,,,,,,,,,,,,,,,,,,,,,,,,,,,,,,,,,,,,,,,,,,,,,,,,,,,,,
  ,,,,,,,,,,,,,,,,,,,,,,,,,,,,,,,,,,,,,,,,,,,,,,,,,,,,,,,,,,,,,,,,,,,,,,,,,,,,,,,,,,,,,,,,,,,
  ,,,,,,,,,,,,,,,,,,,,,,,,,,,,,,,,,,,,,,,,,,,,,,,,,,,,,,,,,,,,,,,,,,,,,,,,,,,,,,,,,,,,,,,,,,,
  ,,,,,,,,,,,,,,,,,,,,,,,,,,,,,,,,,,,,,,,,,,,,,,,,,,,,,,,,,,,,, [ 35403169793 ] ]);
