BRENTFACTORS[7175]:=MakeImmutable(
[ ,,,,,,,,,,,,,,,, [ 27004019921, 335035470689, 546991806371 ],, [ 26365804709 ],, 
  [ 1669366368328932799 ], [ 1758919207, 2448516467 ], 
  [ 473420727379, 2124624075019772830104019 ], [ 17582756641 ],, 
  [ 992823386803, 5050462208377 ], [ 209973753745460317 ], [ 138118437982956649 ], 
  [ 52941747405998100511, 85798843616323962533 ],, 
  [ 4276685353, 4933217898237126880351890769 ], [ 268577284253569, 2182594128954241 ], 
  [ 2770286641 ], [ 463687693021339 ], [ 171379104506667023288949721863518681 ],, 
  [ 120584223472989277, 215830350407411819717087785813616846238400220017 ], [ 74773889417 ], 
  [ 48602395609 ], [ 42703886359361, 24713580608250761 ], 
  [ 16718833213984307837147, 4983503896279773774965734753 ], [ 25170876539173 ], 
  [ 447651178174876349916353, 11977331672607658955639881099069, 
      3126124800243868185511710971246265234054539 ],, 
  [ 66951118588160916357481, 773685796576174436323609735201111 ], [ 693028794187046615351 ], 
  [ 105154039522748032676207, 102520472771988683592936627853 ],, [ 923134570418310979 ], 
  [ 269649267954300601 ], 
  [ 536286211562066100238945287734395693, 4284300690114575789012633314963254559 ], 
  [ 74332833121, 203678632613 ], [ 401388662333227095419921533 ],, [ 585417593705131111 ], 
  [ 43719394049017 ],, [ 20959103869213, 25877427054709 ], 
  [ 3571376847867791, 12917843255553161369300849 ],, 
  [ 3729283006588914413, 519842463071154241157, 6181879305566562541029943 ], 
  [ 213109955198626399 ], [ 8217231541219 ], 
  [ 772595222977, 36023907862337, 94378163871371787036993383970747073 ], 
  [ 91977118685183552341 ], [ 32616638211897284161 ],, [ 76317047755502417 ], 
  [ 58933757505229, 684608645701741, 353278814012309401, 
      144861617180672587030062024690650033977 ], 
  [ 668334822783087555061, 1754714567037333352448175641 ], [ 1560579149, 31060499363 ], 
  [ 319572453961, 258662365928548838488801 ], [ 3833353079, 255147336271, 686935964977 ], 
  [ 169987093210715007660296898035593 ], [ 178290597103501 ], 
  [ 98465893643424929033, 275041621654373872945337507155697, 
      7275180361989895969889598214316938361 ],, 
  [ 991999187450149633, 1218106280258710811593, 416615153400717567196291 ], [ 24275446271 ], 
  [ 13862742241, 20946038845201, 73913090421438307944001, 95025661602018276971607041 ], 
  [ 6107339737, 4197447645286752243451, 20927280624956442760987 ], 
  [ 3774445733, 69685078892385301422758643755308893817417600303997791632218266199 ],,, 
  [ 20330884322131 ], 
  [ 11726593757949777871, 3953136875455823055139241, 676195071873480678602136267741077 ], 
  [ 2212570777 ], [ 61155479353 ], [ 2931797773, 1903847997500839879, 40571220130616931289 ],
  [ 2144703817520649565471, 6355405623501825325111 ],, [ 49172331786812746876982861 ], 
  [ 221813930047 ], [ 2833846088158049 ], [ 18834666181, 156978895267668241 ], 
  [ 6852628417, 1010467258757767990507773095286716735666202396769 ],, 
  [ 1247170866758206105335736579 ], 
  [ 22062806184511621, 69803421725278107109, 170801906377800997884421 ], 
  [ 11180223794170601, 13909983043832566865838599701, 1443648986616533309878792529201 ],, 
  [ 150575667061, 274052106953039197 ],, [ 22773347177257 ], 
  [ 24129342349853416539122758801 ], [ 12398729924593, 4444441813592413955449301 ],, 
  [ 696103835041, 65893691032632469, 78649603371292249, 336666674975587062049, 
      3582764426056801157749 ], [ 239574267955073 ], [ 243570800208210015861211 ], 
  [ 3111895034179 ],,,, [ 464775184120931 ], 
  [ 1201846537, 1688607709, 6766862974325140921477 ], [ 5519660893943941408249 ], 
  [ 836727779781511358407, 319560488083061693991877 ],, 
  [ 1352640819965161, 451212062234535727057564335045650784954189298801 ], [ 5982075750971 ], 
  [ 2260552793662661 ],,, [ 22171837025698751, 397205894082292501 ],,,, [ 316310836262887 ], 
  [ 6892712711, 12908830800696376618942091 ], [ 203697981643131213421 ], [ 139626523944601 ],
  [ 718148326309, 216696940006677971 ], [ 674569727641123, 7531419890894971 ],,, 
  [ 343668536021 ],, [ 20941832297 ], 
  [ 47630716981, 126064973436753401, 21178354617693597643481 ], [ 298557841620182761 ], 
  [ 51008186077, 617111472023602780070641 ], [ 960467867789 ],, [ 47237287734566191 ],, 
  [ 746954491198770165067 ],, [ 18736160205507599 ], 
  [ 1370237236795051, 474495374726200082402401, 711647913417130292515918166839998601 ], 
  [ 85686309826877, 4709319046551583443636403 ], [ 666301662641 ], 
  [ 1083273032531089, 23424032988940429 ], [ 147964844437018710060658931 ],, 
  [ 61571759653, 619303377733 ],, [ 27978742156481 ], 
  [ 1262380683169, 262444131959711566471 ], [ 16117565123521 ],, [ 338193922013911 ],, 
  [ 2085177181 ],, [ 2004340254911, 15055593331421, 2089667424546869, 3033085101852255187 ], 
  [ 1826183077, 1898206746823 ],,, [ 436894339878901 ],, [ 1000280963715226098161 ], 
  [ 8869034661631, 9606971447301769, 9733283737903007 ], [ 2236137549847 ],, 
  [ 54746680482041857, 1743475328158133681 ],,, [ 99970460011 ], 
  [ 13038876499969112196931381 ],, [ 71572285877, 474162681084198107 ], [ 2221833013 ], 
  [ 400366675481 ],, [ 1971660079 ], [ 22626052260439, 198472416923441 ], [ 5277078973 ], 
  [ 1213540915611430099 ], [ 2399506391, 5168271266171975711 ], 
  [ 6167613903571, 827512271519981 ], 
  [ 1187351041, 1868359727233, 25900907724619564033, 127963720928193693863290740289537 ], 
  [ 2178286009, 120965203031 ], [ 10304974559029 ],,, [ 6143549411 ],, [ 93707286713 ], 
  [ 12207168432326654531066438201 ],, [ 5039955547242841577357 ],, 
  [ 575702527217888173, 35917611615725894760161353 ],, [ 176230559894983106687 ],, 
  [ 1065166337, 4393728457879932043393 ], [ 2066517182121280206869 ], 
  [ 23848675642751593769521 ], [ 2708206418715466241 ], [ 6057999212821, 131572470495339053 ]
   ,, [ 34784084252939261, 37304667061698134903646671 ],, 
  [ 142965430057, 4058672935897, 3054174964053264845981281 ],,,,, [ 3055581112481 ],, 
  [ 75957677978029, 512799553325933, 7395850824880193261 ],,, [ 4431371988709 ],, 
  [ 610824917748349, 20760463640175037 ],,,,, 
  [ 3079192776587, 45512941634317, 357320173515181, 724439966152402879 ],,, 
  [ 88593383343389, 14859801318925524433, 50764314955793606755440482621 ],, 
  [ 571438674012700369, 107044328546665732069 ], [ 3149259937459 ], 
  [ 9671118403773361, 14366799246822481, 577232311467326397121 ],,, 
  [ 55066575700675333, 2259837078911596501543 ], [ 4016597461 ],, 
  [ 5143476241, 7346154557204175883 ], [ 29154764888066208691 ], [ 4272741943958366609 ],, 
  [ 24325493298816599501, 38074217026154418751 ], [ 440613065803248173563237 ],,, 
  [ 243503124119066157889 ],,, [ 27548795293 ],,,, [ 24380189547501825730153 ], 
  [ 8489861101, 20252304851793897037 ], [ 431553352537 ],, [ 284747465186281 ], 
  [ 16329877267022082667 ],, [ 13926751865113 ],,,,, 
  [ 14399580174799, 1288989264982095848839123 ],,, 
  [ 78586462780249, 5858267139964870185683257 ],, [ 3421227393078868069 ], [ 8143377392611 ],
  [ 39289120361 ], [ 10124739327611, 1350454215318937 ], [ 117017999844293803 ], 
  [ 3007234411, 150092600037467 ], [ 10443761473, 799098118917780361783203521 ], 
  [ 8688730591, 236381165431 ], [ 1015292851 ], [ 9518055373, 3495069376961 ], 
  [ 40771349686657 ], [ 207953575217 ], [ 3126464771, 238707989711 ],, [ 495604540820869 ], 
  [ 131895559910183 ], [ 22886394109951 ],,,, [ 327382829159599, 7993424349471022283 ],, 
  [ 397756265278245901, 522226785132439288201 ],, [ 96448225427117 ], [ 3915759497011 ], 
  [ 20721355385569, 105157414198420257198570401 ],,, [ 117425557919 ], 
  [ 632919404447199409 ], [ 12624872530087 ], [ 209859845021, 53567149285542341 ],,,,, 
  [ 215613870039332101 ],,,,, [ 1679067121080641, 7816362175802561 ], 
  [ 443534575088251, 740733586082977 ],,, [ 28493456175577 ],,,,,, [ 8038842424801 ], 
  [ 34953311369 ],, [ 12420667624609 ],, [ 371989107948011 ], [ 271492193617 ], 
  [ 12123072376561231 ],, [ 982837993681 ],, [ 1267210297391809 ], [ 385611627754117 ], 
  [ 55409098081 ], [ 32409871795649 ], [ 4196791974244501 ], [ 20896460000491 ],, 
  [ 7081619880395989, 203404780241959076805483553 ],,, [ 51295365343 ], [ 1569238529 ],, 
  [ 11795515578365462119968433 ], [ 3303720881, 13842187545871 ], [ 520669420699613 ],, 
  [ 6177004731432151 ], [ 115579515091 ], [ 367743110101671082350601 ],,,,,,,,,, 
  [ 45196937030612085871, 410224817839907287315531 ], [ 12458766181 ], 
  [ 318384869330701357 ], [ 33106570323752879 ], [ 297507103213 ],,,, [ 72378115410511 ], 
  [ 416029361201 ], [ 2308773380741 ],,,, 
  [ 9885956737, 11918672257, 370494129409, 2057090155639681, 70246679511619982510593 ],,, 
  [ 52199890507, 394623151019551 ],, [ 47841588233, 90948733709 ],,, [ 1724553433 ],,, 
  [ 15953464886501 ], [ 728985094993 ], [ 78869225293 ], [ 2380147130059 ],,, 
  [ 1487097572628097 ], [ 123801428736553, 19276755270126859 ],,,,, [ 678822287995919 ],,, 
  [ 674762204336019212011 ],,, [ 145583674573, 92968523460667 ], [ 81778597613918497 ], 
  [ 34856914159601 ],, [ 117595421496365563 ],, [ 103247021861, 2038663140473 ], 
  [ 31960625047390979890441, 159193470133345261445963041 ],, [ 293790331776307 ], 
  [ 3280535276113 ],,,, [ 2563720945787 ],, [ 11574814764943, 10443112812768637 ], 
  [ 176945302655699951 ], [ 1864043107 ], [ 91819004615344514881 ],, [ 65454078901 ],, 
  [ 6603684547973, 92951463362281, 271343276728511401 ],,,, [ 107516079492361 ], 
  [ 547968633661 ], [ 2718452491 ], [ 2650606388477 ],,,,, [ 74811903937 ],,, 
  [ 12706299013, 16574873285609, 446581716070960009 ], [ 74676465841 ], 
  [ 315402569137, 708498480619 ],, [ 9059247823031771 ], [ 7474951014361 ],, 
  [ 131206998260579 ], [ 4253953663321561 ],, [ 219713207599, 1505539268990521 ],,,,, 
  [ 48339635142319 ], [ 27515901521 ],, [ 33703573471, 924409923949 ],, 
  [ 1694391042853, 47251688972287 ], [ 81037133503297, 157303955106920016529 ], 
  [ 14860888028999 ],,, [ 613069664334821 ],, 
  [ 10334493962750879, 102114757713602437, 194997983549283323113 ],,,,, 
  [ 6568836709, 31271100841 ], [ 3179820953 ],, [ 2567592919 ],, [ 4871106689 ], 
  [ 120142173647719 ],,,,,,,,,, [ 35974815761839 ],,,,, [ 257312408858157241 ],, 
  [ 91813239541 ], [ 723036799603, 858817189543 ],,,,,, [ 411432454679887 ], 
  [ 3152964044230858591 ],,,, [ 3425489886319691 ], [ 2888974057 ],,, [ 47370657493 ],,,, 
  [ 1812243581 ],, [ 5267534689291980337, 111267126831818454817 ],, [ 1642124441 ], 
  [ 3132802297 ], [ 1196335573504322609 ],, [ 107988295783, 787247676786469903 ],,,, 
  [ 848658017881, 32092917074952905053 ],, [ 54704831859901 ],,,,, [ 1073049255221 ],,, 
  [ 430852581773 ],,, [ 2857340537 ], 
  [ 15214478473, 1260855768216945937, 13385313251462992098601 ],,,, 
  [ 2966099317, 50709063157, 412754401793 ], [ 1094668879427 ], [ 135456160628408064337 ],,,,
  ,,, [ 15155550961 ],,, [ 11795973978329, 7692259972628857 ],, 
  [ 135694364161, 36263087167263091 ],,, [ 6589383109 ], 
  [ 8749580985161759, 77905552321234736393 ],, [ 7279474495681 ],,,, 
  [ 18217235081, 8325170637241, 14423623440661 ],, [ 9222176493979 ],, 
  [ 1587369233, 2808190035049467689 ],,,, [ 3541708259507881 ],,,,,, [ 32849610737411953 ],, 
  [ 662059326182369 ],, [ 4754242222504451, 69762862067806571, 122725076189213597789 ],, 
  [ 17565622801, 168997151662644783601 ],, [ 1648731006049 ], [ 4381496893 ],,,,,, 
  [ 41383883689 ],,,,, [ 33515261839, 275319159610349 ],, [ 23148378793, 15248092393073 ],, 
  [ 19098221479, 1412122009435513 ],, [ 9595439921 ],,, [ 11369041027 ],,,,, [ 410762270773 ]
   ,,,, [ 3137318048465761 ],,, [ 9906468142321 ],, [ 3222980489 ],, [ 13757280211 ],,,,,,, 
  [ 6285043265087 ],, [ 713121579721 ],,,, [ 32073691773689 ],, [ 643856798773 ],,,, 
  [ 1459054111313, 8082883614359 ],,,,,, [ 6735596081, 13282963433 ],, [ 1404896665699 ], 
  [ 15041396941 ], [ 1236628321 ],, [ 6602916457281241 ],,,,,, 
  [ 2230520137, 13216014293, 137977064257397 ],,,, [ 121347492628532801 ],,,,,, 
  [ 5687179753571 ],,, [ 2196034543 ], [ 2527884001286851 ],, [ 4344025849, 149733934736261 ]
   ,,,,,,, [ 1140356989 ],,,,, [ 1336832691446209 ],, [ 116938063662481 ],,,,,,,, 
  [ 19911234463 ],,,, [ 23323006529 ], [ 18138568187 ],,,,,,, [ 14395064113 ],, 
  [ 6000178748929 ],,,,,, [ 16748074361, 66122664332595421 ],,,, [ 55152452023950439 ], 
  [ 21502090240711 ], [ 16741539481, 57289506481 ],, 
  [ 192978235871, 788536410229, 4058503190701 ],,,, [ 48267663932497 ], 
  [ 1036910701, 8101600453 ],, [ 2075481997 ], [ 1253200048501 ],, [ 6576966433 ], 
  [ 8732382871 ], [ 15573933337 ],,,, [ 10679929936141 ],,, [ 26305872067 ],,, 
  [ 2958733633 ],,,,,, [ 103240319491 ],,,, [ 60557587399 ],,, [ 1276409079457 ],, 
  [ 835285641331727 ], [ 65707131533941, 23657390811801656521, 70138642559528358661 ],,, 
  [ 5623343137 ],,, [ 4159357159 ],, [ 334205917914749 ], [ 2711764597 ], 
  [ 4952311711, 119502678271 ],,,,,,,,,,,,,, [ 104143022998933 ], [ 1647748061, 5285056841 ],
  [ 793950523316809 ],, [ 102046730873 ],, [ 808422854671 ], [ 14344893389 ], 
  [ 374794494901 ], [ 192512574043 ], [ 4051002904631 ],, [ 6960502033, 117326975329 ],, 
  [ 241519592051 ], [ 15242752609813 ], [ 747589045561 ], [ 6772205689, 1194033357947 ], 
  [ 30658980661 ],, [ 40878798209, 77045660397815833 ],,, [ 1740835001 ],,,,,, 
  [ 1015430333 ], [ 388154303557 ],, [ 8151701239309 ],,,, [ 229156625861250375961 ],, 
  [ 26913502721269, 67186785615769 ],,, [ 1455429691 ], [ 13703953359781 ],,,, 
  [ 27462565001 ],, [ 63055100569, 856587968029, 23237160790801 ], [ 1362626557 ],,,, 
  [ 9063584009 ],, [ 1243990057 ],,, [ 69778278958309 ],,,,,,,,,,,,,,,,,,, [ 1373170651 ], 
  [ 201341218933 ],,,, [ 95080290829 ],,, [ 1730134463 ], [ 1994616004642501 ],,,,,,,,,, 
  [ 12853920601 ],,,, [ 114729377518493489 ],, [ 3386824652737 ], [ 2381996053 ], 
  [ 3099407153 ], [ 159948725347 ],, [ 2420062391 ],,,,, [ 18960942734989 ],,,, 
  [ 1999305361 ],,,, [ 2279973687358753 ], [ 562487958251 ],,,,,,,,, [ 31809865009062743 ],, 
  [ 580563849529 ],,, [ 13618317001 ], [ 7567613315221 ],,,, [ 2364084689 ],, 
  [ 4371382753, 3845293777080415133 ],,,, [ 1287649001 ], [ 4812223573 ],,,,, 
  [ 31887607529 ],, [ 10510769504971189 ], [ 14276602313 ], [ 508042028161 ],,,,,, 
  [ 130638905414683 ],,,, [ 3369207701, 11153475161, 28072057051, 2107362769861 ],,,, 
  [ 4199417191777 ],, [ 275216961793 ],,,,,, [ 94096892707, 112670289192239 ],,,,,, 
  [ 21478209532313, 52767768978341 ],, [ 1594712181151 ],,,, [ 55298954744555593 ],, 
  [ 77868171421, 49146539142793 ],,,,,,,, [ 137071197831769 ], [ 26444181091, 8048113760971 ]
   ,,,,,, [ 1657540567 ], [ 3508390469 ],,,,, [ 271426011301 ],,,, [ 257671675187 ],,,,,,,,,,
  ,, [ 75863637763 ],,,,,,, [ 2562376961 ], [ 584628673033 ],,, [ 6181015573 ], 
  [ 52565623441 ], [ 5159250653 ],,,,,,,,,,,,,,,,,,,,,,,,,,,, [ 4568827147 ],,,,,,,,,,,,, 
  [ 900388142347 ],,,,,,,, [ 12059800021 ],,,,,,, [ 99471748991 ],, [ 33190086337 ],,,, 
  [ 1468599709 ],, [ 23392082281 ],, [ 3975003017 ],,,,,, [ 5830450015261 ],,,,,,,,,,,, 
  [ 1249854581 ],,,, [ 10613527849, 1119568113104168953 ],,,, [ 3030737533 ],,, 
  [ 5879488567 ],,,,,,, [ 252368756977 ], [ 22043637986779 ],,,,,, [ 1809099601 ],,,, 
  [ 10528597073 ],, [ 60858746929 ],,,,,,, [ 2634268657 ],,,,,,, [ 1767209401 ], 
  [ 25867608817, 26164150153 ],, [ 774372483121 ],,,, [ 293120245123 ],,,,,,,,,,,,,,,,,,,, 
  [ 7174485581 ],,, [ 21992505611 ],,,,,, [ 1111051327 ],,,, [ 2887782841 ],,,,,, 
  [ 29222236957 ], [ 142684723273 ],,, [ 21593687501 ],,,,,,,,,,,,, 
  [ 5583003649, 798916165517 ],, [ 3124096313641 ],, [ 204028411087 ],,,, [ 4114455227 ],, 
  [ 1475833633 ], [ 11364579769531 ],,,,,,, [ 3837583657 ],,,,,,, [ 2756055451 ],,,,,,,,,, 
  [ 26873058007 ],,,,,,,,,, [ 21652127513603 ],,,,,,, [ 1242518971 ],,,, [ 2886965761 ],,,,,
  , [ 107909919001 ],,,,, [ 2114875171 ],,, [ 1435153297, 13967905717 ],, [ 3362887901 ],,,,
  , [ 441250701161 ], [ 7355959661 ],,,, [ 68221581121 ],,, [ 67473822907 ], [ 5772662509 ],,
  ,,,,,, [ 2814557293 ],,, [ 212652593221 ], [ 154696375201 ],,,,,,, [ 141245773063 ],, 
  [ 6316639171 ],,, [ 1190290741 ],,,,,,,,,,, [ 2840174101 ],,,,,,,,,,,,,,,,,,,,, 
  [ 4719173869801 ],,,, [ 2021747201, 639319657897 ],,,,,,,,,,, [ 95340585871 ],,,,, 
  [ 1252255201 ],,,,,,,,,,,,, [ 890705809999 ],,, [ 4795265593 ],,, [ 20628516679 ],,,,, 
  [ 1878384161 ], [ 730494218851 ], [ 21237811577 ],, [ 6369561157 ],,,, [ 9949752233 ],,,,,,
  , [ 168500119433 ], [ 8560192321 ], [ 447799381591 ], [ 2785756541 ], 
  [ 3531785791, 177755449951 ],,,,,,,,,,,,,, [ 1879320193 ],,,,,,, [ 170622398257 ], 
  [ 103155836101 ],,,,,,,,,, [ 4167102151 ], [ 1216271233 ],,, [ 39690089041 ],, 
  [ 1139863499 ], [ 2550477541 ],,, [ 5502759109651 ],,,, [ 4993361501 ], 
  [ 5932430531, 22614570361 ],,,,,,,,,,,,,,,,,,,,, [ 10464125279 ],,,,,,,,,,,,, 
  [ 134269525213 ], [ 19330241201 ],,,,,,,, [ 13988769103 ],, [ 1951663471, 1726069174121 ],,
  , [ 1014613987 ],,, [ 3954979583 ],,,,,, [ 6648447758863 ],, [ 1744846267 ], 
  [ 5618481851 ],, [ 1464783809 ], [ 54332046661 ],,,,, [ 2429451721, 17006280449 ],,,,,,,,,,
  ,,,, [ 2143337113 ],,, [ 1062857251 ],,,,,,,, [ 1946124371 ],,,,, 
  [ 2335776497, 6820633093 ],,, [ 88436221847 ],,, [ 2533455781 ],,, [ 2699964857 ],, 
  [ 3026289787 ], [ 22111201601 ],,,,,,,, [ 1176654001 ],,,,,,,, [ 29928192337 ], 
  [ 12114285877 ],,,,,,,,,,,, [ 47008316899 ],,,,,, [ 11082798451 ], 
  [ 5329422149, 9154570109 ],,,,,,,, [ 24363963277 ],,, [ 5138808142231 ],,,,,,,,,,,,,,, 
  [ 97462959127 ],,,,,,, [ 28988694101, 82285244957 ],, [ 1142138527, 406371609571 ],,,,,,,,,
  , [ 4607910133 ], [ 17915513513, 22514821409 ],,,, [ 5516467237 ],,,,,,,,,,,,,,,,,, 
  [ 5061139009 ],,,,,,,,,,,,,,,,,,,,,,,,,,,,,, [ 10283899693 ],,,,,,,, 
  [ 3457741093, 1368241174691 ],,,,, [ 10961614393 ], [ 134838843647857 ],,,,,,,,,, 
  [ 5522502091 ], [ 23546149901 ],, [ 7102669477 ],,,, [ 2049228541, 232822883231 ],,,,, 
  [ 2311853641 ], [ 650454555367 ],,,,,,,, [ 1570871233, 2777470867 ],,,,,,,,, 
  [ 1016343908941 ],,,,,, [ 40096588031293 ],,, [ 29947005001 ], [ 7908916541 ], 
  [ 1160182297, 278797848211 ],,,, [ 73939082761 ], [ 1612923929 ],,,,,, [ 17262900341 ],,,,,
  ,,,,,,,,,,,,,,,,,,,,,,,, [ 9558172141789 ],,,, [ 7147434137 ],,,,,,,,,,,, [ 2011914451 ],,,
  , [ 9125224359967 ],,,,,,,,, [ 9628747969 ],,,, [ 22394348497 ],,,,,,,,, [ 1891601317 ],,,,
  ,, [ 212476433989 ],,,,,,,,,,,,, [ 3150238001 ],,,,,,,,,, [ 1776853901 ],, [ 5461417681 ],,
  ,,,,,,,,,,,,,,,,,, [ 930895509769 ],,,,,,,, [ 2601685501 ],,,,,,,,,,,,, [ 6507882132949 ],,
  ,,,,,,,,,,,,,, [ 40962504991 ], [ 5549992351 ],,,,,,,, [ 1659599363, 968541439189 ],,,, 
  [ 1081539743 ],,,,,,,,,,,, [ 1383162029 ], [ 7171665901 ],,, [ 114011915959 ],, 
  [ 10254060001 ],,,, [ 3146686813 ],,,, [ 5959711873 ],,,, [ 44429004121 ], [ 2187829051 ],,
  , [ 23539783681 ],,,,,,,,,,,,,,,,,,,,, [ 552201876364447 ],,,,,, [ 1567430461 ],,,,,,,,,,,,
  ,,,,, [ 11091752761 ],,,, [ 1085853889, 1058648892241 ],,,, [ 235975296437 ],,,,,,,,,,, 
  [ 1248726403 ],,,,,,,,,,,,,,,,,, [ 5184610219 ],,,,,,,, [ 232832993291 ],,,,,,,,,,,,,,,,, 
  [ 263411755963 ],,,,,,,,,, [ 174145970701 ],,,,,,,,,,,,,,,,,,,,,,,,,,,,,,,,,,,,,,,,,,,,,,,,
  ,,,,, [ 714281735261 ],, [ 6497835067 ],,,,,,,,,,,,,,,,,,,,,,, [ 5931323971, 14153025641 ],
  ,,,,,,,,,,,,, [ 1076756273 ],,,,,,,,,,,,,,,,,,,,,,,,,,,,, [ 15722168479 ],,, 
  [ 2068409089 ],,,,,,,,,,,,,,,,,,,,,,,,,,,,,,,,,,,,,,,,,,,, [ 15209357201 ],,,,,,,, 
  [ 80797319233 ],,,, [ 168307158769 ],, [ 9046073921 ],,,,,,,,,,,,,,,,,,,,,,,,,, 
  [ 2050923421 ],, [ 5988105229 ], [ 11729104861 ],,,,,,,,,,,,,,,,,, [ 56972951017 ],,,,,,, 
  [ 3389524417, 16264458817 ],, [ 383938336261 ],,,,,,,,,,,, [ 9561738649 ],,, 
  [ 159817256821 ],,,,,,,,,,,,,,,,,,,,,,,,,,,,,,, [ 302175899297 ],,,, [ 21038790301 ],,,,,,,
  , [ 10058781529, 176422095293 ],,,,, [ 2015278231 ],,, [ 9500012677 ],,,,,,,,,,,,,,,, 
  [ 56421795041 ],,,,,,,,,,,,,,,, [ 230073167021 ],,,,,,,,,,,, [ 4472453660321 ],,,,,,,, 
  [ 65602178281 ],,,,, [ 5154840919 ],,, [ 13209942721 ],,,,,,,,,,,,,,, [ 20346838903 ],,, 
  [ 128359516710589 ],,,,,,,,,,,,,, [ 40966659649 ],,,, [ 20475539593 ],,,,,,,,, 
  [ 3664670857, 595635652459 ],,,,,, [ 7340988871 ],,,,,,,,,,,, [ 1958970799 ], 
  [ 7369973761 ],, [ 488010351823 ],,,,,,,,, [ 6338135665111 ],,,,,,,,,,,,,,,,,,, 
  [ 6889585068451 ],,,,,,,,,,,,,,,,,,,,,,,,,, [ 2168106793 ],,,,,,,,,,,,,,,,,,,,,,,,,,,,,,,,,
  , [ 28553808301 ],,,,, [ 4594514671 ],,,,,,,,,,,,,,,,,,,,,,,,,,,,, [ 1672526549 ],, 
  [ 3712218533 ],,,, [ 47277933601 ],,,,, [ 28256616851 ],,,,,,,,,,, [ 630570926035300867 ],,
  ,,,, [ 33492654889 ],,,,,, [ 5813869951 ],,,,,,,,,,,,,,,,,,,,,,,,,,,,,,,,, [ 15596893537 ],
  ,,,, [ 33825856949 ],,,,,,,,,,,,,,,,,, [ 1651442647 ],,,,,, [ 8930597101 ],,,, 
  [ 2829276193, 4057123201 ],,,,,,,, [ 52459373809 ],,,,,,,,,, [ 19504035511 ],,,,,,,,,, 
  [ 1593225773 ],,,,,,,,,,,,,, [ 2697481999 ],,,,,,,,,,,,,, [ 9900257041, 22676335001 ],,,, 
  [ 110401545997 ],,, [ 9921652651 ],,,,,,,,,,,,,,,,,,, [ 634777786921 ],,,,,, 
  [ 884426127553 ],,,,, [ 2089611133 ],,, [ 95411332801 ],,,,,,,,,,,, [ 92984014909 ],,,,,,,,
  ,,,,,, [ 19471057271 ],,,, [ 9524476561 ],,,,,,,,,,,,,, [ 1622372629 ],,,, [ 1288697713 ],,
  ,,,,,,,,,,,,,,,,,,,,,,,,,,,, [ 5179746470077 ],,,,,,,, [ 2553687443 ],,,, 
  [ 1203880591, 2060559271 ],,,, [ 8443913157871 ],,,,,,,,,,,,,,,, [ 1392797425631 ],,,,,,,,,
  ,,,,, [ 43321217765741 ],, [ 324278728624387 ],,,,,,,,,,,,,,,, [ 1535562817 ],,,, 
  [ 1103031469 ],, [ 2160786857 ],,,,,,,,,,,,,,,,,,,,,, [ 3071368301 ],,,,,,,,,,,,,,,,,,,,,,,
  ,, [ 172239950401 ],,,,, [ 49339730441 ],,,,,,,,,,,,,,,,,,,,,,,,,,,,,,,,,,,,,, 
  [ 232962651499 ],,,,,, [ 88708804097 ],,,, [ 4353697417 ],,,,,,,,,,,,,,,,,,,,,,,,,,,,,, 
  [ 6275615497 ],,,,,,,,,,,,,,,,,,,,,,,, [ 8300485651 ],,,,,, [ 7510083181 ],,,,,,, 
  [ 7592904721 ],,, [ 14218330387 ],,,,,,,,,,,,,,,, [ 2793734147 ],,,, [ 4468978193 ],,,,,, 
  [ 40573633777 ], [ 55575883201 ],,,,,,,,,,,,,,, [ 176801554441 ],,,,,,,,,,,, 
  [ 1379973193 ],,,,,,,,,,,, [ 64340601217 ],,,,,,,, [ 2891823049 ],,,,,,,,,,,,,,,,,,,,,,,,,
  , [ 11666097851 ],,,,,,,,,,,,,,,,, [ 207759549661 ],,,,,,,,,,,,,,,,,,, [ 21591747487 ],,,,,
  , [ 7074604301 ],,,,,,,,,,,,,,,,,, [ 2120405743 ],,,,,,,, [ 1425134107 ],,,, 
  [ 2115419771 ],,,,,,,,,, [ 2197997101 ],,,,,,,, [ 135403232581 ],,,,,,,,,,,,,,,,,,,,,,,,,,,
  ,,,,,,,,,,, [ 2175482593 ],,,,,,,,,,,, [ 3614249071 ],,,,,,,,,,,,,,,,,,,,,,,,,,, 
  [ 1332146971 ],,,,,,,,, [ 462456010477 ],,,,,,,,,,,,,,,,,,,,,,,, [ 21434481223 ],,,,,,,, 
  [ 41272232317 ],,,,,, [ 1505994769 ],,,,,, [ 4246792399 ],,,,,,,,,,,, [ 1310883151 ],,,,,,,
  ,,,,,,, [ 7034942777, 360626946217 ],,,, [ 18442919328881 ],,,,,,,, [ 1390317769 ],,,,,,,,,
  ,,, [ 8108294273 ],,,, [ 1831041832090249 ],,,,,,,,,,,,,,,,,,,,,,,,,, [ 1420260588972163 ],
  ,,,,,,,,,,,,,,,,,,,,,,,,,,,,,,, [ 21413290141 ],,,,,,,,,,,,,,,,,,,,,,,,,,,,,,,,,,,,,, 
  [ 1213868153149 ],,,,,,,,,, [ 11359635409, 28378911013 ],,,,,,,,,,,,,,,,,,,,,,,, 
  [ 40035534439 ],,,, [ 2651511110873 ],, [ 126928900261 ],,,,,,,,,,,, [ 1725875401 ],,,,,,,,
  ,,,,,,,,,,,,,,,, [ 58050757441 ],,,,,,,,,,,,,,,, [ 73066200001 ],,,,,,,, [ 13590663553 ],,,
  ,,,,,,,,,,,,,,,,,,,,,,,,,,,,,,,,,,,,,,,,,,,,,,,,,,,,,,,,, [ 30860846017 ],,,,,,,,,,,,,,,,,
  , [ 77580977407 ],,,,,,,,,,,,,, [ 6642075701 ],,,,,,,,,,,, [ 1330322401 ],,,,,,,,,, 
  [ 66396967129, 119617308241 ],,,,,,,,,,,, [ 8981620033 ],,,,,,,,,,,,,,,,,,,,,,,,,,,,,,,,,,,
  , [ 7095127681 ],,,,,,,,,,,,,,,,,,,,,,,,,,,,,, [ 1934812441 ],,,,,, [ 2999688067 ],,,,,,,,,
  ,,,,,,,,, [ 637280747569 ],,,,,,,,,,,,,,,,,,,,,,,,,,,,,,,,,, [ 2110257619, 82881423577 ],,,
  ,,,,,,,,,,,,,,,,,,,,,,,,,,,,,,,,,,,,,,,,,,,,,,,,,,,,,,,,,,, [ 1435813201 ],,,,,,,, 
  [ 9039708553, 26059246249 ],,,, [ 9096998857 ],,,,,, [ 2591821081 ],,,,,,,,,,,,,,,,,,,,,,,,
  ,,,,,,,,,,,,,,,,,,,,,,,,,,,,,,,,,,,,,, [ 9386091521 ],,,,,,,,,,,,,,,,,,,,,, 
  [ 33761909119 ],,,,,,,,,,,,,,,,,,,,,,,, [ 1297858039 ],,,,,,,,,,,,,,,,,,,,,,,,,,,,,,,,,,,,,
  ,,,,,,, [ 1199184251 ],,,,,,,,,,,,,,,,,,,,,,,,,,,,,,,,,,,,,,,,,,,,,,,,,, [ 20623681501 ],,,
  ,,,,,,,,,,,,,,,,,,,,,,,,,,,,,,,,,,,,,,,,,,,,,,,,,,,,,,,,,,,,,,,,,,, [ 1935573511 ],,,,,,,,,
  ,,,,,,,,,,,,,,,,,,,,,,,,,,,,,,, [ 2732127301 ],,,,,,,,,,,,,,,,,,,,,,,,,,,,,, 
  [ 3372135601 ],,,,,, [ 1091061739 ],,,,,,,,,,,,,,,,,,,,,,,,,,,,,,,,,,,, [ 5470505101 ],,,,,
  , [ 1795603921 ],,,,,,,,,,,,,,,,,,,,,,,,,,,,,,,,,,,,,,,,,, [ 61380295021 ],,,,,, 
  [ 5981496193 ],,,,,, [ 2256152203 ],,,,,,,,,,,,,,,,,,,,,,,,,,,,,,,,,,,, 
  [ 51663576931, 54942853267 ],,,,,,,,,,,,,,,,,,,,,,,,,,,,,,,,,,,,,,,,,, [ 79243496641 ],,,,,
  ,,,,,,,,,,,,, [ 35454829237 ],,,,,, [ 27115675129 ],,,,,,,,,,,,,,,,,,,,,,,,,,,,,, 
  [ 1871633191 ],,,,,,,,,,,,,,,,,, [ 155539401181 ],,,,,,,,,,,, [ 3591950881 ],,,,,,,,,,,,,,,
  ,,,,,,,,,,, [ 12867089951 ],,,,,,,,,,,,,,,,,,,,,,,,,,,,,,,,,,,,,,,,,,,,,, [ 1909029289 ],,,
  ,,,,,,,,,,,,,,,,,,,,,,,,,,, [ 9399151873 ],,,,,,,,,,,,,,,,,,,,,,,,,,,,,, [ 16158720241 ],,,
  ,,,,,,,,,,,,,,,,,,,,,,,,,,,,,,,,,,,,,,, [ 1536838291 ],,,,,, [ 3799209877 ],,,,,,,,,,,,,,,,
  ,, [ 1606708933 ],,,,,,,,,,,,,,,,,,,,,,,,,,,,,,,,,,,,,,,,,,,,,,,,,,,,,,,,,,,, 
  [ 103284302911 ],,,,,,,,,,,,,,,,,,,,,,,, [ 454785335533 ],,,,,,,,,,,,,,,,,,,,,,,,,,,,,, 
  [ 2151753649 ],,,,,,,,,,,,,,,,,, [ 43456795339 ],,,,,, [ 12595302721 ],,,,,,,,,,,,,,,,,,,, 
  [ 6527718781 ],,,,,,,,,,,,,,,,,,,,,,,,,,,,,,,,,,,,,,,,,,,,,,,,,, [ 1774754101 ],,,,,,,,,,,,
  ,,,,,,,, [ 296026665391 ],,,,,, [ 114563040769 ],,,,,,,,,,,, [ 9612149977 ],,,,,,,,,,,,,,,,
  ,,,,,,,,,,,,,, [ 1706465444407 ],,,,,,,,,,,,,,,,,,,,,,,,,,,,,,,,,,,,,,,,,, [ 1068909841 ],,
  ,,,,,,,,,,,,,,,,,,,,,,,,,,,,,,,,,,,,,,,,,,,,,,,,,,,,,,,,,, [ 7172378401 ],,,,,, 
  [ 44134072069 ],,,,,,,,,,,,,,,,,,,,,,,,,,,,,,,,,,,,,,,,,,,,,,,, [ 4222255717 ],,,,,,,,,,,, 
  [ 2396830987 ],,,,,,,,,,,,,,,,,,,,,,,,,,,,,,,,,,,, [ 9492152671 ],,,,,,,, [ 363859862521 ],
  ,,,,,,,,,,,,,,,,,,,,,,,,,,,,,,,,,,,,,,,,,,,,,,,,,,,,,,,,,,,,,,,,,,,,, [ 2426615101 ],,,,,,,
  ,,,,,,,,,,,,,,,,,,,,,,,,,,,,,,,,,,,,,,,,,,,,,,,,,,,,,,,,,,,,,,,,,,,,,,,,,,,,,,,,,,, 
  [ 1323808201 ],,,,,,,,,,,,,,,,,,,,,,,,,,,,,,,,,,,,,,,,,,,,,,,,,,,,,,,,,,,, [ 21656412031 ],
  ,,,,, [ 1056105649 ],,,,,,,,,,,,,,,,,,,,,,,, [ 12051004921 ],,,,,,,,,,,,,,,,,, 
  [ 4844911453 ],,,,,,,,,,,,,,,,,,,,,,,,,,,,,,,,,,,,,,,,,,,,,,,,,,,,,,,,,,,,,,,,,,,,,,,, 
  [ 1085090101 ],,,,,,,,,,,, [ 1332477037 ],,,,,,,,,,,,,,,,,, [ 260607484801 ],,,,,,,,,,,, 
  [ 184088318077 ],,,,,,,,,,,,,,,,,,,,,,,,,,,,,,,,,,,,,,,,,,,,,,,,,,,,,,,,,,,,,,,,,,,,,,,,,,,
  ,,,,,,,,,,,,,,,,,,,,,,,,,,,,,,,,, [ 2412011281 ],,,,,,,,,,,,,,,,,,,,,,,,,,,,,, 
  [ 27780150031 ],,,,,,,,,,,,,,,,,,,,,,,,,,,,,,,,,,,,,,,,,,,,,,,,,,,,,, [ 1666771009 ],,,,,,,
  ,,,,,,,,,,,,,,,,,,,,,,,,,,,,,,,,,,,,,,,,,,,,,,,,,,,,,,,,,,,,,,,,,,,,,,,,,,,,,,,,,,,,,,,,,,,
  ,,,,,,,,,,,,,,,,,,,,,,,,,,,, [ 12552226891 ],,,,,,,,,,,,,,,,,,,,,,,,,,,,,,,,,,,,,,,,,,,,,,,
  ,,,,,,,,,,,,,,,,,,,,,,,,,,,,,,,,,,,,, [ 2642465827 ],,,,,,,,,,,,,,,,,,,,,,,,,,,,,,,,,,,, 
  [ 2401034401 ],,,,,,,,,,,,,,,,,,,,,,,,,,,,,,,,,,,,,,,,,,,,,,,,,,,,,,,,,,,,,,,,,,,,,,,,,,,,,
  ,,,,,,,,,,,,, [ 21543568201 ],,,,,,,,,,,,,, [ 4183069199 ],,,,,,,,,,,,,,,, 
  [ 1711263131911 ],,,,,,,,,,,,,,,,,,,,,,,,,,,,,,,,,,,,,,,,,,,,,,,,,,,,,, [ 5833048033 ],,,,,
  ,,,,,,,,,,,,,,,,,,,,,,,,,,,,,,,,,,,,, [ 1296490483 ],,,,,,,,,,,,,,,,,,,,,,,,,,,,,,,,,,,,,,,
  ,,,,,,,,,,,,,,,,,,,,,,,,,,,,,,,,,,,,,,,,,,,,, [ 2279469991 ],,,,,,,,,,,,,,,,,,,,,,,,,,,,,, 
  [ 5403962761, 6688928881 ],,,,,,,,,,,,,,,,,,,,,,,,,,,,,,,,,,,,,,,,,,,,,,,,,,,,,,,,,,,,,,,,,
  ,,,,,,,,,,,,,,,,,,,,,,,,,,,,,,,,,,,,,,,,,,,,,,,,,,,,,,,,,,,,,,,,,,,,,,,,,,,,,,,,,,,,, 
  [ 1712726971 ],,,,,,,,,,,,,,,,,,,,,,,,,,,,,,,,,,,,,,,,,,,,,,,,,,,,,,,,,,,,,,,,,,,,,,,,,,,,,
  ,,,,,,,,,,,,,,,,,,,,,,,,,,,,,,,,,,,,,,,,,,,,,,,,,,,,,,,,,,,,,,,,,,,,,,,,,,,,,,,,,,,,,,,,,,,
  ,,,,,,,,,,,,,,,,,,,,,,,,,,,,,,,,,,,,,,,,,,,,,,,,,,,,,,,,,,,,,,,,,,,,,,,,,,,,,,,,,,,,,,,,,,,
  ,,,,,,,,,,,,,,,,,,,,,,,,,,,,,,,,,,,,,,,,,,,,,,,,,,,,,,,,,,,,,,,,,,,,,,, [ 322025174641 ],,,
  ,,,,,,,,,,,,,,,,,,,,,,,,,,,,,,,,,,,,,,,,,,,,,,,,,,,,,,,,,,,,,,,,,,,,,,,,,,,,,,,,,,,,,,,,,,,
  ,,,,,,,,,,,,,,,,,,,,,,,,,, [ 1366017661 ],,,,,,,,,,,,,,,,,,,,,,,,,,,,,,,,,,,,,,,,,,,,,,,,,,
  ,,,,,,,,,,,,,,,,,,,,,,,,,,,,,,,,,,,,,,,,,,,,,,,,,,,,,,,,,,,,,,,,,,,,,,,,,,,,,,,,,,,,,,,,,,,
  ,,,,,,,,,,,,,,,,,,,,,,,,,,,,,,,,,,,,,,,,,,,,,,,,,,,,,,,,,,,,,,,,,,,,, [ 1112275501 ],,,,,,,
  ,,,,,,,,,,,,,,,,,,,,,,,,,,,,,,,,,,,,,,,,,,,,,,,,,,,,,,,,,,,,,,,,,,,,,,,,,,,,,,,,,,,,,,,,,,,
  ,,,,,,,,,,,,,,,,,,,,,,,,,,,,,,,,,,,,,,,,,,,,,,,,,,,,,,,,,,,,,,,,,,,,,,,,,,,,,,,,,,,,,,,,,,,
  ,,,,,,,,,,,,,,,,,,,,,,,,,,,,,,,,,,,,,,,,,,,,,,,,,,,,,,,,,,,,,,,,,,,,,,,,,,,,,,,,,,,,,,,,,,,
  ,,,,,,,,,,,,,,,,,,,,,,,,,,,,,,,,,,,,,,,,,,,,,,,,,,,,,,,,,,,,,,,,,,,,,,,,,,,,,,,,,,,,,,,,,,,
  ,,,,,,,,,,,,,,,,,,,,,,,,,,,,,,,,,,,,,,,,,,,,,,,,, [ 12404393191 ] ]);
