BRENTFACTORS[1028]:=MakeImmutable([ ,,,,,,,,,,,,,,,, [ 69650075149 ],, 
  [ 528271783499671, 46530618647869789 ],,, [ 14652592365973 ], 
  [ 33939059717, 1311827538023 ],, [ 32145041101, 180755929754201 ], [ 2412731803 ], 
  [ 42729194857288483 ],, [ 5529215227, 1443938279950997 ], [ 2349711961 ], 
  [ 13741045679, 395991575340678815353 ],, [ 149106649944342751 ], [ 97241170157319739 ],,, 
  [ 90032180861599035001018808208943 ], [ 1898458015177, 109423639991557 ], 
  [ 26684193902562850681 ],, [ 136595739471703094246671800314495373029447183085815750452753 ]
   ,, [ 13858452220189, 84424331106640911161, 1998895782530969739607, 
      236034081659379728910561373 ], [ 22612274873 ], [ 1193871717625771, 8897550446678581 ],
  [ 39548505699907 ], [ 8917970433661, 416628107884229 ],, 
  [ 11945535757, 38471039649044933449, 155866308274040278853, 5747796610757257969207 ], 
  [ 134501777466947094251 ], [ 4310562853873, 2283331946691251329 ],, [ 4608999365647 ], 
  [ 12096163422461454283 ], 
  [ 851337588771624077531, 5248576136756749040311, 4729911480691163876698595215840291 ], 
  [ 7037085578657, 37549264278210205022321 ], [ 40835725018687, 12313859460765217 ], 
  [ 43058498317, 35952762848785250093 ], [ 6735275019317599814557 ], 
  [ 703918422841, 97984954526881 ], 
  [ 15555506092723, 168950177780326321, 
      2456104906657096924049381994274033775792008294372025335457 ], 
  [ 384420983963, 4999474288674863 ], 
  [ 87442489094904440281, 885846203409513066337, 50489317327263371833272949 ],, 
  [ 546600773254511 ],, [ 5030392688477911 ], 
  [ 2654911421, 5087959276177, 9105209787173, 53486621340382543373 ],, [ 56493741243031 ], 
  [ 10675945358833389781084161277 ], [ 2451799671983124986449 ], [ 43400526773 ], 
  [ 8422754741, 14623750138435261 ], [ 1067261802974486551, 9336383354143317623212774651 ], 
  [ 3544527977, 7767694609, 7718418336326238470112393840872162330749 ],, [ 45809029589311 ], 
  [ 2838628847671, 4536000924886049669 ], 
  [ 170199164144042801, 537117724143437064788599347827441 ], 
  [ 3387849328837, 20901782035237076415102457, 33000468048736774167939952339, 
      411739422102589301917870633538067163 ],, [ 989139977957, 1999781998993 ], 
  [ 265324589461 ], [ 1800256481, 4649267101, 886876463840817167997431 ],, [ 55175803829989 ]
   ,,, [ 14524788601, 36045361922618551376751121 ],, 
  [ 129471403213, 222331742089313, 1087401815633388821, 8278477865534569949 ],, 
  [ 3298913476211, 45705191127208984409923436323 ], [ 274992360894271 ], 
  [ 41543086989366256321, 283004234890452049661869789249 ], [ 33609107350174221176863 ], 
  [ 2124028129433901948236744324351788277 ], [ 6777962533, 831379532444098265794717 ], 
  [ 2598243305658391444301 ], [ 349175493690030647092943843 ],,, [ 166076610993477798329 ], 
  [ 261497332951 ],,,, 
  [ 1894528804237, 2664957662177, 11913994970453987, 29393091124702308280425814657 ], 
  [ 587221703253243938111, 6724837556827375062870431 ],,, 
  [ 1821661241447, 340108204605984184067, 77229186425240346198762421 ], 
  [ 339050994649, 354105144721 ], [ 70657885541 ],, [ 83483730487 ],, 
  [ 35557002461, 756940459396918441 ], 
  [ 3942101064700570522801, 378902590735359909324935752201 ], 
  [ 1212866796411472045331282712919 ], [ 10833051367, 97297488665784366677 ], 
  [ 468794498001072667, 1278676396245110610006788761 ], 
  [ 1489410253, 917566578331810248081136513 ], [ 860773471001 ], [ 132055511100562943265709 ]
   ,, [ 134171130241, 408352390156673 ],, 
  [ 12916717530059943991, 9236696074371161703305212117277760684498277627681 ], 
  [ 3052964267171347 ], [ 29047106548075729029869866169169845193866077 ], 
  [ 4798998789355836490643, 249929484394078249979650950827 ], 
  [ 1948794161, 716671447095110263 ], [ 217688200921, 77546549587018208635648309771 ], 
  [ 5533915123032008901892097 ], [ 232160874538133, 243185418846371410567188301 ],, 
  [ 851827962625117424558929 ], [ 1055183316881 ], [ 93510097551399454015933 ],, 
  [ 33654447605624385541 ], [ 27631850833, 987053514380497 ], 
  [ 494005613081641, 42584656549436917628856179921 ], [ 45564497747 ], 
  [ 53106708840635578089319 ], 
  [ 34397064209, 37657800209, 84072348557161, 149005798254332008601, 2204491309255982175469 ]
    , [ 22328425993 ],, [ 12211359431, 2073557200846927, 286580763635927576905357 ],,, 
  [ 27095819708297888087, 1037036714757967889056477 ], [ 40094864941 ], [ 482983441513 ],, 
  [ 5162502833472557, 13285928643555177477041, 464804271550037736848087643403 ],, 
  [ 84470367013751627116832854698401 ], [ 19669429079273 ], 
  [ 516096989061067, 2408716663531846411698451351, 2672942628717895061244411234561871 ], 
  [ 22954483151 ],,,,, 
  [ 5155832942401, 2102976802965989638515455041, 
      1002035554648671839206876049368482256986706060531201 ], [ 1168922041769 ], 
  [ 25736940962561, 21196415413102711 ],, [ 24271665293623332818934312881 ],,, 
  [ 44371376507465191793351 ], [ 7026656195329 ], [ 563109492023359 ], 
  [ 2699852203, 563128413061 ],, 
  [ 272637656512137229863601, 1069283540666889706197387365084243881 ],, [ 1045230104898253 ],
  [ 4238995897, 431373835991953004662927 ], 
  [ 190700862689, 189257404372593863554576633, 1121523049111797234236524081 ], 
  [ 1892433577703818660061 ], [ 322244169947473, 2386952482366783, 35746730042497999843 ], 
  [ 11983552043, 369929690909263, 734629232548800161 ],,, 
  [ 2472204001, 208093437609167547565621 ], [ 10441916579593 ], 
  [ 12147882443713, 805850997586480161593103683396429761 ], [ 190691645117 ],, 
  [ 4025058181 ],,, 
  [ 10831531591, 10097573352571, 5214114736254688581573499, 111601224121752022196401237, 
      299616022729414573743718228945737601 ], 
  [ 9598170254273, 133902091333811627, 11617407453208960831 ], [ 525084134229962438518601 ], 
  [ 48988556385121, 44316193575112822507 ], [ 47126896227547, 39192168337410673065224617351 ]
   ,,,,, [ 2036564743141, 734073864216532444293589 ], [ 339581404113953 ], [ 47765876159 ],,
  , [ 575222941596200300454809, 33224056170034870630660226600658377 ], 
  [ 4369107329628981105157 ], [ 4440289115112867263931935984531931133 ], 
  [ 150906060181, 2092305669355535471 ], [ 1080026137 ], [ 1210958953 ], [ 2290282558578577 ]
   ,, [ 17865004301 ], [ 11317514222666790373 ], [ 319172114822461 ], [ 150479713607 ], 
  [ 41725093293020437441, 88257482513891243393 ], [ 17891400278941900651 ],,, 
  [ 13979882441449, 24708260002550589733 ], [ 1443394505162752547 ],, 
  [ 376174461889559844127 ], 
  [ 7051805960273, 1304628015586657, 1954813471636913, 353766234248873657, 
      353419586232712904920201 ],, [ 7553403315054295453, 300471311517272955696485586817 ], 
  [ 627942488561, 1137910557692611, 1203304838664825518551 ], [ 37912742126994269219941 ], 
  [ 4717143247, 2441313458791, 29375321879341, 93675334902577, 1546429982214806112367, 
      8958148324852810259337451 ], [ 121932387053 ],, [ 2604248161 ], [ 7965191698843 ], 
  [ 10015320283, 19751375953 ], [ 4271820287023 ],, [ 267508870301 ],,, [ 3806014337 ], 
  [ 1337569237 ], [ 7051027517748005028001 ],, [ 331123318093 ],, [ 8044144953510023 ], 
  [ 193547785111, 1099264647305191 ], 
  [ 544626835390548160769, 316561376436449848041905334017 ], 
  [ 108771524445761, 147458535179119, 1197397537298789136997 ], 
  [ 7322257472071, 113531970635482958808268303357 ],, [ 12651203467165188901 ],, 
  [ 97097350913, 22584935566790002067, 2880266940237987137269073 ], [ 8255955302891 ],, 
  [ 5037598061 ], [ 14509912487907056609887, 11128778483412404507611619 ],, 
  [ 27254242563522189377, 32144720719563498310002230213 ], [ 16500938821 ], 
  [ 2295757854216091, 16182430217786889451 ],, [ 10410526097 ],, [ 725488935758715493 ],, 
  [ 1039399794661, 118906868644117, 305162337362569, 3388205137579377853390003201 ], 
  [ 7283972611, 902676363773 ], [ 8597467364913936971717 ],, 
  [ 5002200001, 1341464181961, 28669828522707401 ],, [ 213994290479329276663897 ], 
  [ 116128787377, 4788423997312097 ], [ 17420892080610092328893 ], [ 201192871501 ], 
  [ 5681251291, 13998149023, 84692624017 ], [ 1105074559 ],, 
  [ 2860984979, 97135220093, 205745607703 ], [ 85778195501534478371121551 ], 
  [ 32958468955591, 1491286687389259 ], [ 5453613629, 2441760507257 ],,, 
  [ 5551374901, 202600741921, 523820973811, 1784732325371 ],, [ 359298557862839299 ],,,, 
  [ 7813107569, 39288857125939 ], [ 41578027451095217 ], [ 6524377801 ], 
  [ 139965110359812401 ], [ 4345234351, 1113393898587031 ], [ 1003046314991761 ], 
  [ 3103559399, 289650248051 ], [ 9023108204881, 7654749261031489 ],, [ 94951227421 ],, 
  [ 8438015569777, 1676399676467367878209, 294742538458365263626153 ],,, 
  [ 512427285091, 3204729050436271 ], [ 2425311912575269 ],,, 
  [ 21942407983, 789499899331243 ], [ 1862266441435201 ], [ 70656870944609233 ], 
  [ 17573581481 ],, [ 2623900332895284637, 38753109123523483321 ], [ 128605861642890097051 ],
  [ 10235800393417, 241267037753162011 ], [ 210512031797304949, 233641938779618554723 ],,, 
  [ 1085678560869841621 ], [ 27839664498631 ],, [ 32294354200453 ], [ 27740173821750983 ], 
  [ 67977557070011, 500675323881361 ], [ 3140833302097 ],, [ 285025875161 ],, 
  [ 2430086723206280892641 ],,,,, [ 31376832561066331 ],, [ 1104533377313167 ],, 
  [ 357231457463 ], [ 11681568912365101, 42020427447621768519851 ], 
  [ 244455749929, 820418662392031 ],, [ 8620958733143 ], [ 3732240763 ], 
  [ 8236563845873372461 ], [ 620697972637, 7737695383909 ],, [ 1531761713 ],, 
  [ 239119051321, 20608615705681 ],, [ 16027266193 ],, [ 8264465175877 ], 
  [ 89486333141, 350165832791 ], [ 16116098370829, 19636304653261, 9832074566364256082076313 
     ],, [ 438995247780450689 ],,, [ 5756643019 ],,, [ 47868816139 ], 
  [ 105530762251, 1965461780251 ], [ 1048287041546681401 ],,,, 
  [ 1850635017761, 256400532493363569833176141 ], [ 154857748432729, 3263516733498392551 ],,
  , [ 2385192193 ], [ 2371570741, 45579818069941, 1673513923141831 ],,,,, [ 94784516191 ], 
  [ 41512671230497 ], [ 976829854841, 22838365932048720481 ], [ 15815654926681 ], 
  [ 1025459861 ],, [ 8832646022692889403469 ],, [ 3651058189036043 ],, [ 3115736608001 ],,, 
  [ 1010535397, 543126030617 ],, [ 111638235799081, 343113599715661, 438619366108494001 ],,, 
  [ 1161911751078222029761 ],,, [ 143715182959 ], [ 363804301801 ],,, [ 52033716751 ],, 
  [ 17071865743, 23270332219 ], [ 435483830629, 339715659980879381 ],, 
  [ 2130933936955275481, 1725818763067160647042501 ],,, [ 46329249277 ], 
  [ 6541925681, 939708267421142321 ], [ 1062115801 ], [ 233858206051 ],, 
  [ 5470244033, 45441605211357046261 ],,, [ 318141442612117 ],, [ 2436149333535217 ], 
  [ 512478117796877 ], [ 22082963392411 ],,,, [ 68016166481 ],, [ 439902236341 ], 
  [ 96899835917, 9564470684835665327, 10180187103815840723 ], [ 6293018525719 ],,, 
  [ 128114183719, 8647677221110322401 ], [ 4212659315191 ], 
  [ 435343458817, 4717558816337473 ],, [ 12608574888482020340551, 39282625738050915033901 ],
  , [ 41717420909, 17297826236449217861 ],, [ 31502531693857229 ],, 
  [ 141243689651548436332861753 ], [ 12025468303797251 ],,, [ 500511061961, 671214440881 ],, 
  [ 7978716439 ],,,,,,, [ 10396618471 ], [ 66495485321, 290287106741 ],, 
  [ 192681595042793, 666305017993380881 ],, [ 730691040721 ],,, 
  [ 510502247641, 12689521135453 ], [ 262744284809, 9027625911607 ], [ 138579596251781 ],,, 
  [ 1402793521, 4278168859, 11778020262653, 10775690730313351 ],, 
  [ 1649060117, 728246739153781, 12973629296788196093333 ], [ 326427203124431 ],,,,,,,, 
  [ 1762617971, 15627118931, 4657369005323, 7810780040447 ], 
  [ 13442591356637, 146982881677307443 ],,,,,, [ 13858327384501, 3530602095976481501 ],,,,, 
  [ 229695270601 ], [ 31929703081 ],,,, [ 35055573079997306371 ],,, [ 22295417077 ],,,,, 
  [ 144418612317323, 989587750367623163 ],, [ 11846496884041 ],, 
  [ 1292097131778074563, 76257578957701218751 ],, [ 4430698536364229 ], 
  [ 990326536848601, 214680368199249751 ], [ 5385436599806357 ],,,,, [ 28071815896549 ], 
  [ 1036316849 ],,,,, [ 2094599924167 ],, [ 1450523783017 ], 
  [ 1463517689749255081, 1801261479218808781 ],, [ 13489020804379 ], 
  [ 2016021079, 7782986142249403 ],,, [ 201571255440283 ],,, [ 5679482959 ],,,,,, 
  [ 22779870661 ], [ 83469747421, 24656284703459468989 ],, [ 8688419353 ],,, 
  [ 57222973804741009 ], [ 21508724063 ],,,,,,,, [ 1374452103933524568610111 ],,,,, 
  [ 3737536801 ],,, [ 2394948203, 2508783569, 10114239931, 567517007053 ], 
  [ 6275291745001, 8641347165817 ],,,,, [ 6712707709514728897 ], [ 19745443088281 ],,, 
  [ 5980254001, 8951515021, 27587897280479677 ], [ 5381292481 ],, [ 5511096277 ],,,,, 
  [ 2712424111752745289 ],,,, [ 1625242172766804621116401, 677367147779125177042778133001 ], 
  [ 2326027463 ],,,,, [ 408072902569, 1161626825701, 782014333634803 ], [ 344467327147 ], 
  [ 17063969645212577, 2586665674043634881 ],,, [ 5058537433 ],,,,, [ 17258147369 ],,,, 
  [ 8484722941, 1054135361501, 13388418011749719641 ],,,, [ 1730393809 ],,,,, 
  [ 3609590723 ], [ 8507699607961, 189113770907461 ], [ 1281370439 ], [ 18519350009 ], 
  [ 394377412727518483 ],,, [ 119904343513 ],, [ 1714083977, 13462608635269201 ],,,, 
  [ 7049590783 ],, [ 14775296509 ],, [ 771008759107, 268948595328011 ],, 
  [ 315792633121215409 ],, [ 57442605877080615101 ], [ 2048284267 ],,, [ 43354637077 ],, 
  [ 5840387158104113 ],,,,,, [ 30781676663 ], [ 305213444953 ],,,,, [ 43159630390181 ],, 
  [ 11274018916351 ], [ 1149108973 ], [ 3426550690081 ],,, [ 200388240901 ], [ 10896880697 ],
  ,,,, [ 8460261853 ],,, [ 4197009431923813 ],,, [ 4180290577 ],,, 
  [ 2481611660911, 45746768658016471 ],, [ 200442144377 ],,, [ 1109474371 ],,, 
  [ 34270694369 ],, [ 153453203401 ],, [ 2006568027983198863 ], [ 1932871698829 ],, 
  [ 1429488162721 ], [ 116987900147 ],, [ 259664452112812897 ], [ 3916500403 ],,,,,,,, 
  [ 1805524194583 ],,,,, [ 157902305389, 94171778374889 ],,,, [ 93561591091 ],,,, 
  [ 29127436750241 ],, [ 324440721229, 115017099588761869 ], [ 252116730973 ], 
  [ 1515649695975887 ],,,, [ 301366467487 ],, [ 21021282941401, 1543793400960301 ], 
  [ 85640728213 ], [ 6317343692213 ],, [ 1783801386905137657 ],, [ 225158667421 ],, 
  [ 29060951173 ],,,,,,,, [ 3579646086526606741 ],, [ 16760830813, 54976910101427 ],,,,,,,,,
  , [ 33465057793 ],, [ 13221420064979281 ], [ 812621821521469, 808206139250925721 ], 
  [ 24576954762361 ],,,,,,,, [ 3788843761, 726239856360101667481 ], [ 906279061931 ],,,,, 
  [ 390286332643 ],,,, [ 18018081421, 475987563371 ], [ 57634868719 ], 
  [ 49390182900946801, 55646404394458138798681 ],, [ 986098184441, 16816696296853 ], 
  [ 23688490981, 1733530731519422791 ],,, [ 543292217063491393 ],,,,,,, [ 5692773241 ], 
  [ 34636171103 ],, [ 4951672057, 108368767389769 ], [ 32994508409 ],,, [ 88971354809 ], 
  [ 851023362853 ], [ 13434118986707 ],,,,, [ 18324301087, 1429333167490957 ],,,,,,,,, 
  [ 98584308073 ],, [ 392521352766701 ],, [ 102141824513 ],,,,,, [ 15638388119, 69382588777 ]
   ,,,,,,,,,, [ 46427836666721 ], [ 2197236064057 ],,,,,, [ 68126757578101 ], 
  [ 48084770615959657 ], [ 1066231409 ], [ 88044383857 ], [ 592459505293 ],,, 
  [ 6121862078231 ], [ 16241052449 ],,, [ 23032729872491, 91378705113511 ],, 
  [ 249604832750029 ], [ 3339175951 ], [ 39025925706440889691 ], [ 26022541247 ],,,,, 
  [ 7312002835201 ],,,,, [ 24653567459 ], [ 89241054589, 5602829671027 ],, 
  [ 9126314341, 127643662608697 ],,,, [ 66855661417 ],, [ 1240925221 ], 
  [ 2039028553, 4385409337 ], [ 2886082949, 105671106473 ],,,, [ 136441768961 ], 
  [ 1162840303, 6475554229 ],,, [ 1620567987301 ], [ 19705843081 ], [ 454263404431 ],,,,,,,, 
  [ 2889300961, 29695591716701 ],, [ 362278102033 ],,,, [ 5997585190143961 ],, 
  [ 3156084115669 ],,,,, [ 6369194729 ],,, [ 25552618121 ],,,, 
  [ 30605596044425461, 97104019439056741 ],,,,,, [ 243006010577929, 499125800871361 ],,,,,, 
  [ 1474534267 ],,,,,,,,,, [ 2774828395921, 11413238544401 ],, [ 19850468759731 ],, 
  [ 223641239441281 ],, [ 10691089022701 ],, 
  [ 1323504140262721, 22353528088656117121, 555768769766645277162462721 ], [ 56129934241 ],,
  , [ 11318304721 ],, [ 83687950495717, 17283628251569821 ],, 
  [ 5682160238129, 6870449502401 ],,,,, [ 1019863573 ],,,,,,,,, [ 151400563280611 ],, 
  [ 5799546909241 ],,,, [ 204933687869, 711449210473 ],, [ 11238530650381 ],,,, 
  [ 2789137163, 118876893241 ],, [ 3842715574333 ],, [ 4396344691, 43385714681 ], 
  [ 2641683673 ],,,,, [ 335659694418197 ],,,,,,,, [ 1069722035009 ],, [ 24288372421 ], 
  [ 43658404091 ],,,,,,,, [ 2225460799 ], [ 142335044609 ],, [ 83129738563 ],,,,,,,,,, 
  [ 1216207021 ],,, [ 35218737797 ],,, [ 561942195229 ],, [ 5925811861 ],,,,, 
  [ 1954358333 ], [ 56413317451 ],,,, [ 1921788767 ], [ 1477858771, 74706978611 ], 
  [ 60218334529 ],,,,, [ 8671117991, 138421683056117 ], [ 1355769692353 ],,,,,,,,, 
  [ 62245691047 ],,,,, [ 5091301669 ],, [ 154430144179697 ], [ 125316583549 ],, 
  [ 1763035331 ], [ 91101262201 ],,,,,,,,,,,, [ 1071376081 ],,,,,, [ 78038334001 ],,, 
  [ 9080491621 ],,,,,, [ 188639245373 ],, [ 4904420621 ],,,,, [ 73666992601 ], 
  [ 3633560789 ],,,,,,,,, [ 138858616139 ],, [ 47416048513 ],,,,,,,,, [ 427439595841 ], 
  [ 20391139201 ],,,,,,,,,,,, [ 1131161851 ],,,,,,, [ 1490155837 ], [ 5305032650173 ],,,,,,,,
  ,, [ 18827581841 ],, [ 804875075441191 ],, [ 5661071753 ],,,,,,,,,,,,,, [ 329723275681 ],,,
  ,,,, [ 2896949971 ],,,, [ 25787916631 ], [ 5567628329 ],,,,,,,, [ 40027740589 ],, 
  [ 7255134449 ],,, [ 20434585601123 ], [ 74574547211581 ],,,, [ 2031469057 ],, 
  [ 2664837306517 ],,,,,, [ 44438244121, 71776290241 ],,,,,, [ 9318042121 ],,,,,, 
  [ 1456964980469149, 617694817008923593 ],,,,,,,,,,,,,,,, [ 82548621809 ],,, 
  [ 5410016351, 415892130761 ],, [ 27445031293 ],,,,,, [ 64267004779 ], [ 120580768993 ], 
  [ 85279012868831 ],,,,,,,,,, [ 3838803151 ],,,, [ 92618950807003 ],,,,, 
  [ 45531282001, 6089882136797257 ],,,,,, [ 214793009611 ],,,,,, [ 126990520849 ],,,,,, 
  [ 23139676519, 526623830377, 219862149160123 ],, [ 1589939298313 ],,,,,,,,, [ 8822249203 ],
  ,,,,,,,, [ 5608985567 ], [ 75016674559 ],,, [ 2634213049261 ],,,,,,,, [ 7264497101 ], 
  [ 1739021731 ], [ 19635814577 ], [ 2603895743 ],,,,,,,,,,,,, [ 35003194487551 ],,,,,, 
  [ 134547836209 ],,,,,,, [ 1756012873 ],,,, [ 1193948737 ],, [ 93282197909 ],,,,, 
  [ 1842462553 ],,,,,,,, [ 2006974951, 209806136767 ],, [ 1170697921 ],,,,,,,,,,,,,,,,,,, 
  [ 2736952759, 3084947267 ],, [ 447105962021 ],,,,,,, [ 1670877493 ],,,,,,,,,,, 
  [ 2463534599, 15487587969829 ],, [ 115617392101 ],,,,,, [ 20203258681 ], [ 70080645137 ], 
  [ 211053076873 ],,,,,, [ 1117602229 ],, [ 263431460843 ], [ 2923245473 ],,,,,,,,,, 
  [ 191007879307741 ],,,,,,,,,,,,,, [ 1403758039 ],,,,, [ 16444823851 ],,,,,,,,,,, 
  [ 6552776700523 ],, [ 1769022977 ],,,,,,,,,,, [ 28924473631 ],, [ 1063603531 ],, 
  [ 5939808487 ],, [ 28791371461 ],,,,,,,,,,,, [ 74396140589 ],,,,,, [ 10153275497 ],, 
  [ 1716095629 ],, [ 137356159517 ],, [ 2278084651 ], [ 119502642463 ],,,,, [ 501384942493 ],
  ,,,,,,, [ 3167945317 ],, [ 2645382307 ],,,, [ 1277613031 ],,,,, [ 82959627001 ],,,,,, 
  [ 1034274757 ],,,,,,,,,,,,,,, [ 9231409657 ],,,,,,,, [ 17644898671 ],,,,,, [ 1410615131 ],,
  , [ 10533648641 ],, [ 813497532121, 2166722979451 ],,, [ 100882064737 ],,,,,,,,,, 
  [ 3849671827 ],,, [ 405925225399 ],,, [ 39071688109 ],,, [ 31017404393 ],, [ 3915588211 ],,
  ,,,,,, [ 3267259481 ],,,, [ 10839745261 ],,,,, [ 1007119667 ],,,, [ 1141615861 ],,,,,,, 
  [ 38235529901 ],,,,,, [ 152928589153 ],,,,,,,,,,,,,,, [ 3886091749 ], [ 1039371680257 ],,,,
  ,,,,,,, [ 20899554551 ],,,,, [ 1029075601 ],,,,,, [ 9115402837 ],,,,,,, [ 6427433869 ],,, 
  [ 1119080161 ],,,,,,,,,, [ 70066315651 ],,,, [ 25993340641 ], [ 365995167871 ],, 
  [ 15379570951 ],, [ 35373205841 ], [ 14606533985473 ],,,, [ 3328913801 ],,,,,,,,,,,,, 
  [ 6340856371 ],,, [ 8256862153 ],,,,,,, [ 1616451229 ],,,,,,,,,, [ 2996914777 ],,,,,,,,,,,,
  ,,,,,,,,,,,,,,,,,,,,, [ 1105821547 ], [ 1745144887, 5077488877 ],,, 
  [ 5918398721, 314583952751, 4669731255691 ],,,,,,, [ 333675855151 ],,,,,,, [ 13578686353 ],
  ,, [ 1658085131 ],,,,,,,, [ 9966934561 ],, [ 128862548501 ], [ 214462489789 ],,,,, 
  [ 1039332407 ],,,,,,, [ 2522063911 ],,,,,,,,,, [ 75078414863761 ],, [ 3099719443 ],,, 
  [ 145277768611 ],,,,,,,,,,,,,,,,,,,,,,,,,,,,,,,,,, [ 24875987051 ],, [ 6288295861 ],,, 
  [ 27960941377 ], [ 279252706721 ],, [ 1401625861 ],,, [ 41057114225401 ],,,,, 
  [ 14436026621, 16538191811 ],,, [ 46659970787 ], [ 1113125437 ],,, [ 1150755649 ],,,,, 
  [ 1404288103 ],,,,,,,,,, [ 8162018569 ],, [ 16819985107 ],,, [ 12403142657 ],,,,, 
  [ 1214792363 ],, [ 62157322099 ], [ 2598733421 ], [ 2473533761 ],,,,,,,,,,,,,,, 
  [ 2408770662817 ], [ 30105538123 ],,,, [ 15085213943 ],,,,,,,,, 
  [ 2852386271281, 18258449658401 ],,,, [ 2544151853 ], [ 25578966991 ],,,,, [ 88065802411 ],
  ,,,,,,,,, [ 130646484541 ],,,,,,,,,,,,,,,,,,,,,,,,,,,,,,,,, [ 21234070111 ], 
  [ 10891021199 ],, [ 1143054745057 ],,, [ 1434971947 ],,,,,,,,,,,,,,, [ 7708999613761 ],,,,,
  ,,,,,, [ 1102893041, 16757114461 ],,,,,,,, [ 83526633481 ],,,,,,,,,, [ 1854026640821 ],,,,,
  ,, [ 2907695712331 ],,,,,,,,,,, [ 1133108663 ],,,,,, [ 3082970663 ],,,,,,,,,,,,, 
  [ 1787685901 ], [ 1038818441, 1131839076259 ],,,,,,,,,, [ 40249702373 ],,, 
  [ 2819886845623 ],,, [ 787824558959 ],,,,, [ 1469005429 ],,,,,,,, [ 3850279591 ],, 
  [ 7612632197, 9678923957 ],,,,,,,,,, [ 1643916457 ],,,,,,,,, [ 2127601423 ],,,, 
  [ 420193735261 ],,,,,,,,,, [ 1334371771 ], [ 3642904429 ],,,,,,,,,,, [ 3189705569 ],, 
  [ 7050280883, 63460093427 ],, [ 17541852793 ],,,,,,,,,,,,,,,,,,, [ 1663747801 ], 
  [ 3842699489 ],,,, [ 50044653541 ],,,,, [ 2026227451 ], [ 69339900631 ],,,,,,,,, 
  [ 8909737788001 ], [ 44328232723 ],,,,,,, [ 4950056773 ],,,,,,,,,,,,,, [ 5462877379 ],,,, 
  [ 1396383787063 ],,,,, [ 331467353879 ], [ 1049422993 ],, [ 7580265113, 2960457290281 ],,,,
  ,,,,, [ 1320745639, 14433843971 ],, [ 1098443461, 5503098361 ],,, [ 15196473181 ],,,,,,,, 
  [ 3133319129 ],,,,,,,,,,,,,,,,,,, [ 1569302641 ], [ 31521033209 ],,,,,,,, [ 7658090497 ],,,
  ,,,,,, [ 604813495843 ],, [ 717727969201 ],,,,,,,,,, [ 86582195551 ],,,,,,,,,,,,,,,,, 
  [ 195750950389 ],,,,,,,,,,,,,,,,,,,,,,,,,,, [ 565972199161 ],,,,,,, 
  [ 25265763391177, 379082943984097 ],,,,,,,,, [ 91853385751 ],,, [ 24626414773 ],,, 
  [ 5473577623 ],,, [ 223262362009 ],,,, [ 89841930883 ],,,,, [ 2019034243 ], 
  [ 416391065593 ],,,,, [ 1370802907 ],,,, [ 2863610463269 ],,,,,,, [ 45963188261 ],,,,,,,,, 
  [ 1536638839 ],,,,,,,,, [ 2069115973 ], [ 1038389617 ], [ 3738133681 ],,,,,, 
  [ 5939482379, 50693905243 ],,,,,,,, [ 27379651511071 ],,,, [ 4636026427, 8097861337 ],,,,, 
  [ 3481760839, 88712334001 ], [ 25029940321 ],,,, [ 1701666257 ],,,,,,, [ 1781901001 ],,,,,,
  ,, [ 18105618857 ],,,,,,,,, [ 1925067509 ],,, [ 1539499831, 56188058681 ],,,,,,, 
  [ 2171638423 ],,,, [ 1484434402697 ],,,,,,,,,,,,,,,,,,,,,, [ 51790230977 ],,,,,,,,,,,,,,,,,
  ,,,,, [ 56070611251 ],,,,,,,,,,,,,,,,,,,,,,,,,,,,,,,,,, [ 18657350809 ], [ 2910673811 ],,,,
  ,,,,,,, [ 10713998329 ],,,,,,,,,,,,,,,,,,,, [ 1744780441 ],,, [ 1877802049 ],,,,,,,,, 
  [ 127540876609 ],,, [ 212071602403 ], [ 227288073433 ],,, [ 2355813539341 ],,,,,,, 
  [ 5099308349 ],,, [ 2733670981 ],,,,,,,, [ 4447929599, 48565244953 ],,,,,,,,,,,,,,,,,,,, 
  [ 342030135547 ],,, [ 4293409189, 32859481729 ],,,,,,,,,,,,,,,,,,,,,,,,,,,,,, 
  [ 13371536641, 48417408073 ],, [ 1058075177 ],,,,,,,,,, [ 10213686811 ],,,,,,,,,,,,,,,,,,,,
  ,,,,,,,,,,,,,,,,,,,,,, [ 2437096561, 4288548721 ],,,, [ 3570736973 ],, [ 6165640813 ],,,,,,
  ,,,,,,,,,,,,,,,,,,,,,,,, [ 27048534757 ],,,, [ 1091876801 ],,,,,,,,,,, [ 10357995289 ],,,,,
  ,,,,,,, [ 11431320697 ],,,, [ 47819796223 ],,, [ 7433733631 ],,,, [ 1706104843 ],,,,,,,, 
  [ 21845558771 ],,,,,,,,,,,,, [ 1019240711 ],,,,,,,,,, [ 6437167927081 ],,, [ 35234618977 ],
  ,, [ 3316171519 ],,,,, [ 2913623833 ],,,, [ 1166509441 ],,,,,, [ 234708648409 ],,,,,, 
  [ 2746801357 ],,,,,,,,,, [ 2380272637 ],,,,,,,,,,,,,,,, [ 4728680279, 71414615330167 ], 
  [ 1530373321 ],,,,,,,,,,,,,,,,,,,,, [ 3390613838221 ],,,, [ 297875963137 ],,,,, 
  [ 92763366529 ], [ 2908874051 ],,,,,,,,,,,,,, [ 4939156249 ],,,,,,,,,,, [ 16385752601 ],,, 
  [ 1704121787 ],, [ 2484804461 ],, [ 10450636687 ],,,,,, [ 50115494953 ],,,,,,,, 
  [ 11200689809 ],,,,,,,,,,,,,, [ 24871112281, 529723127501 ],, 
  [ 141056149693, 545729991073 ],,,,,,,,,,,, [ 76832606593 ],,,,,,,,,,,,,,,,,,,,,,,, 
  [ 3053361433 ],,, [ 11178211087 ], [ 1493865493 ],,,,,, [ 7529838779 ],,,,,,,,,, 
  [ 14115085661 ],,,,,,,,,,,,, [ 66886778479 ],,,,,,,,,,, [ 29163261649 ],,,,,,, 
  [ 1611765109, 2745410299, 25465406503 ],,,,,,,,,,, [ 53346775441 ], [ 4766941747 ],,,,,,,,,
  ,,,,,,,,,,,,,, [ 80623503889 ],,,,,, [ 8052658741 ],,,, [ 30187505857 ],,,,,,,,,,,,,,,,,, 
  [ 41077535677 ],,,,,,,, [ 7854572111 ],,,,,,,, [ 26878971029 ],,,,,,,,,,,,,,,,,,,,,, 
  [ 1129811201 ],,,,,,,,,, [ 4077614851 ],,,,,,,, [ 61138926811 ],, [ 33521999981 ],, 
  [ 4616011189 ],,,,,,,, [ 7392216761, 87026187161 ],,,,,,,,,, [ 29170636921 ],,,,,,,,,,,, 
  [ 5203785361 ],, [ 11901108013 ],,,, [ 9345709837 ],,,,,,,,,,,,,,,,,,,,,,,, 
  [ 649948943467 ],,,,,,,, [ 193049728411 ],, [ 153877916497 ],,,, [ 23093578913 ], 
  [ 69852899383, 474575982721 ],,,,,,, [ 3910016377 ],,,,,,,, [ 52805203201 ],, 
  [ 36879501031 ],,,, [ 2128049071, 2380585369 ],,, [ 3496595842549 ],,,,,,,,, 
  [ 14087478421 ],,,,,,,, [ 1364427529 ],,,,,,,,,,,,,, [ 118972529297 ],,,,,,,,,,,,,,,, 
  [ 2218808089 ],,,,,,, [ 6446472751 ],,,,, [ 3498411541 ],,,,,,, [ 107515810291 ],,,,, 
  [ 12916142401 ],,,,,,,, [ 9096832601 ],,,,, [ 2329884871 ],,,,,, [ 3512982079 ],,,,,,,,, 
  [ 33332215971601 ],,,,,,,, [ 31733431357 ],,,,,,,,,,,,, [ 41933075608231 ],,,,, 
  [ 2993667708893 ],,,,,,,,,,,, [ 2204782763, 4434113867 ],,,,,,,, [ 1257534121, 2743865833 ]
   ,,,,,,,,,, [ 122561702209 ],,,,,,,, [ 1785612713 ],,,,,,,,,,,,,,,,,,,,,,,,,,,,,,,,,,,,,,,,
  ,,,, [ 26525257417 ],,,,,, [ 25121113873 ],, [ 48378342689 ],,,,,,,,,,,,, [ 3802647031 ],,,
  ,,,,,,,,,,,,,,,,,,,,,,,,,,,,,,,,,,,, [ 113480442349 ],,,,,,,,,, [ 2494471813 ],,,,,,,, 
  [ 8979643171 ],,,,,,,,,,,,,,, [ 1537498327 ],,,,,,,,,,,,, [ 16502066681 ],,,,,,,,,,,,,,,,,,
  ,, [ 20023715377 ],,,,,,,,,,,,,,,,,,,,, [ 3436514551 ],,, [ 6699539527 ],,,,,,,,,,,,,, 
  [ 1452979217, 14171088517 ],, [ 331804555111 ],,,, [ 3143673499 ],, [ 9690300001 ],,,,,,,,,
  ,,,,,,,,,,,,,,, [ 1061842741 ],,,,,,,,,,,,,,,,,, [ 10626722443, 1024751055689 ],,,,,,,,,,,,
  ,,,,,,,, [ 16256215207 ],,,,,,,,,,,,,,,,,, [ 1549456021 ],,,,,,,,,,,,,,,, 
  [ 1901970617, 2827222841 ],,,,,,,,,,,,,,,,,,,,,,,,,, [ 2652020827, 31110766597 ],,,,,,,,,,,
  ,,,,, [ 16767865067 ],,,,,,,,,, [ 1523773369 ],,,,,,,,,,,,,,,,,,,,,,,,,,,,,, 
  [ 10076986879 ],,,,,,,,,,,,,,,,,,,,,, [ 21332742601, 169399670701 ],, [ 16569489794863 ],,,
  ,,,,,,,,,,,,,,,,,,, [ 702624800593 ],, [ 3609179653 ],,,,,, [ 3399996469 ],, 
  [ 22555171997 ],,,,,,,,,,,,,,,,,, [ 1346723041 ],,,, [ 59180359577 ],,,,,,,,,,,,,,,,,,,,,,,
  ,,, [ 8827417061 ],,,,,,,, [ 13287641641 ],,,,,,,,,, [ 4280608001 ],,,, [ 1459910453 ],,,,,
  ,, [ 2124618679 ],,,,,,,,,,, [ 12312190643 ],,,, [ 1759470703, 48197327443 ],,,,,, 
  [ 1143133330753 ],,,,,, [ 27563270899 ],, [ 15754602161 ],,,,,, [ 1851878477 ],,,,,,,,,,,,,
  ,,,,,,,,,,,,,,,,,,,,,,,,,,, [ 2728226287 ],,,,,,,,,,,, [ 2315845369 ],,,,,,,,,,,,,,,, 
  [ 14320459627 ],,,,,,,,,,,,,,,,,,,,,,,,,, [ 5327451361 ],, [ 11653823509 ],,,,,,,, 
  [ 4549653301 ],,,,,,,,,,,,,,,,,,,, [ 7517413291 ],,,,,,,,,,,,,, [ 4023769537 ],,,,,,,,,,,,,
  ,,,,,,, [ 1097109473 ],, [ 144416934199 ],,,,,, [ 86134347001 ],,,,,,,,,,,,,,,,,,,,,,,,,, 
  [ 8948859089 ],,,,,,,,,,,,,,,,,,,,,,,,,,,, [ 935000562799 ],,,,,, [ 4724614129 ],,,, 
  [ 31073995597 ],,,,,, [ 22403929277 ],, [ 3308760253 ],,,,,, [ 1370015791 ],, 
  [ 2100217237 ],, [ 84698029267 ],,,,,,,,,,,,,,,,,, [ 131867087353 ],, [ 155629317553651 ],
  , [ 16295731297 ],,,,,,,,,,,,,,,,,,,,,,,,,,,,,,,,,,,,,,,, [ 57673701361 ],,,,,,,,,,,,,,,,,,
  ,,,, [ 2008342889477 ],,,,,,,,,,,,,,,,,, [ 26584335233 ],,,,,,,,,,,,,,,,,,,,,,,,,,,,,,,,,,,
  ,,,,,,, [ 4829058809 ],, [ 750386591161 ],,,, [ 12195144809 ],, [ 85286799937 ],,,,,,,, 
  [ 1459353101 ],,,,,,,,,, [ 6616081009 ],,,,,,,,,,,,,, [ 1593702289 ],,,,,,,,,,,,,,,,,,,,,,,
  ,,,,,,, [ 31819429489 ],,,,,,,,,,,,,,,,,,,,,,,,,,,, [ 1698119641 ],,,, [ 6830025941 ],,,,,,
  ,, [ 78112873273 ],,,, [ 19233110401 ],,,,,,,,,,,,,,,, [ 2230006241 ],,,, [ 1492410529 ],,,
  ,,,,,,,,,,,,, [ 8004334913 ],,,,,,,,,,,,,,,,,,,,,,,,,,,,,,,,,,,,,,,, [ 64037515673 ],, 
  [ 1771979711 ],, [ 3134909809 ],,,,,,,, [ 2324009827681 ],, [ 42155464231 ],,,,,,,, 
  [ 2507196301 ],,,,,,,,,,,,,, [ 1840796849 ],,,, [ 3395545213 ],,,,,,,,,,,,,,,,,,,,,,,,,,,,,
  ,,,,,,,,,,,,, [ 1856206291 ],, [ 12903015673 ],,,,,,,,,,,,,, [ 1536970817 ],,,, 
  [ 3954043501 ],,,,,,,,,,,,,,,,,,,,,, [ 5979028177 ],,,,,, [ 2043204151 ],,,,,,,,,,,, 
  [ 63629305291 ],,,,,,,,,,,,,,, [ 2509349701 ],,,,,,,,, [ 371984955253 ],,,,,,,,,,,,,,,,,,,,
  ,,,,,,,,,, [ 4117298473 ],, [ 1609649563 ],,,,,,,,,, [ 2478803029 ],,,,,,,,,,,, 
  [ 1499782129 ],,,,,,,,,,,,,,,,,,,,,,,, [ 5304945409 ],,,,,,,, 
  [ 85670727761, 23835925855681 ],,,,,,,, [ 2114156728633 ],,,,,,,,,,,,,,,,,, 
  [ 395463093301 ],,,,,,,,,,,,,,,,,,,,,,,, [ 2164048352131 ],,,,,,,,,,,,,,,,,,,,,,,,,,,,,,,,,
  ,,, [ 71783629321 ],,,,,,,,,,,,,,,,,,,,,,,,,,,,,,,,,,,,,,,,,,,,,, 
  [ 1158629053, 1751799253 ],,,,,,,, [ 1683105601 ],,,,,,,,,,,,,,,,,,,,,,,,,,,,,, 
  [ 9734349701 ],,,,,,,,,, [ 12979507201 ],,,,,,,,,,,,,,,,,,,,,,,,,,,,,,,,,, [ 2668298329 ],
  , [ 62513931481 ],,,,,,,, [ 906982484321 ],,,,,,,,,,,,,,,, [ 15759728641 ],,,,,,,,,,,,,,,,,
  ,,,,,,,,,,,,,,,,,,,,,,,,,,,,,,,,,,,,,,,,,,,,,,,,,,,,,,,,,,,,,,,,, [ 1111693411 ],,,,,,,,,,,
  ,,,,,,,,,,,,,,,,,,, [ 5458393873 ],,,,,,,,,,,, [ 326192028577 ],,,,,,,,,,,,,,,, 
  [ 122999750581 ],,,,,,,,,,,,,,,,,,,,,,,,,,,,,,,,,,,,,,,, [ 1287041401 ],,,,,,,,,,,,,,,,,,,,
  ,,,,,,,,,,,,,,,,,,,, [ 38096179441 ],,,,,,,,,,,,,,,,,, [ 25950958633 ],, [ 11535597780401 ]
   ,,,,,,,,,,,,,,,,,,,,,,,,,,,,,,,,,,,,, [ 206881743811 ],,, [ 5457191401 ],,,,,,,,,, 
  [ 9035165261 ],,,,,,,, [ 2790741367 ],, [ 1222242521 ],,,,,,,,,,,,,,,,,,,,,,,,,,,,,,,,,,,,,
  ,,,,,,,,,,,,,,,,,,,,,,,,,,,,,,,,,,,,,,,,,,,,,,,,,,,,,,,,,,,,,,,,,,,,,,,,,,, [ 1231428733 ],
  ,,,,,,,,,,,,,,,,, [ 6080540256451 ],,,,,, [ 7935245881 ],,,,,,,,,,,, [ 4177041217 ],,,,,,,,
  ,,,, [ 15046712679781 ],,,,,,,,,,,,,,,,,,,,,,,, [ 2068023816709 ],,,,,,,,,,,,,,,,,,,,,,,,,,
  ,,,,,,,,,,,, [ 2051769721 ],,,,,,,,,, [ 1232906983669 ],,,,,,,, [ 119008161821 ],,,,,,,,,,,
  ,,,,, [ 6977989261 ],,,,,,,,,,,,,,,,,,,,,,,, [ 82512105601 ],,,,,,,,,,,,,,,,,,,, 
  [ 7160793641, 103946385401, 240939990721 ],,,, [ 2747937853 ],,,,,, [ 171912703411 ],,,,,,,
  ,,,,,,,,,,,,, [ 16495479251 ],,,,,,,,,,,,,,,,,,,,,, [ 2031934477 ],,,,,,,,,,,, 
  [ 193254105697 ],,,,,,,,,,,,,,,,,,,,,,,,,,,,,,,,,,,,,,,,,, [ 6002690929 ],,,, 
  [ 19167244361 ],, [ 28861401601 ],,,,,,,,,,,,,,,,,, [ 10908126451 ],,,,,,,,,,,,,,,,,,,,,,,,
  ,,,,,,,,,,,,,,,,,,,,,,,,,,,,,,,,,,,,,,,,,,,,,,,,,,,,,,,,,,,, [ 442141052323 ],,,,,,,,,,,,,,
  ,,,,,,,,,,,,,,,,,,,,,,,,,,,,,,,,,,,,,,,,,,,,,, [ 1590370039 ],,,,,,,,,,,,,,,,,,,,,,,, 
  [ 33981924853 ],, [ 1589400401 ],,,,,,,,,,,,,,,,,,,,,, [ 236036409481 ],,,,,, 
  [ 2077252129 ],, [ 20040268051 ],,,,,,,,,,,,,,,,,,,,,,,,,,,,,,,,,, [ 9857521909 ],,,,,,,,,,
  ,,,,,,,,,,,,,,,,,,,,,,,,,,,,,,,,,,,,,,,,,,,, [ 1889859511 ],,,,,, [ 225125246977 ],,,,,,,,,
  ,,,,,,, [ 37573406641 ],, [ 1004332057 ],,,,,,,,,,,,,,,,,,,,,,,, [ 915980419297 ],,,,,,,,,,
  ,,,,,,,,,,,,,, [ 20954198071, 147585934711, 610916487661 ],,,,,,,,,,,,,,,,,,,,,,,,,,,,,,,,,
  ,,,,,,,,,,,,,,,,,,,,,,,,,,,,,,,,,,,,,,,,,,,,,,,,,,,,,,,,, [ 355538036701 ],,,,,,,,,,,,,,,,,
  ,,,,,,,,,,,,,,,,,,,,,,,,, [ 3212730361 ],,,,,,,,,,,,,,,,,,,,,,,,,,,, 
  [ 2959584811, 93311989681 ],,,,,,,,,,,,,,,,,,,,,,,,,, [ 6114556813 ],,,,,,,,,,,,,,,,,,,,,,,
  ,,,,,,,,,,,,, [ 6355993057 ],,,,,, [ 5216608393 ],, [ 174721051121 ],,,,,,,,,,,,,,,,,,,,,,,
  ,,,,,,,,,,,,,,,,,,,,,,,,,,,,,,,,,,,,,,,,,,,,,,, [ 36716621341 ],,,,,,,,,,,,,,,,,,,,,,,,,,,,
  ,,,,,,,, [ 37210488253 ],,,,,,,,,,,,,,,,,,,,,,,,,,,,,,,,,,,,,,,,,,,,,,,,,,,,,,,,,,,,,,,,,,,
  ,,,,,,,,,,,,,,,,,,,,,,,,,,,,,,,,,,, [ 1256418817 ],,,,,,,,,,,,,,,,,,,,,,,,,,,,,,,,,,,,,,,,,
  ,,,,,,,,,,,,,,,,,,,,,,,,,,,,,,,,,,,,,,,,,,,,,,,,, [ 26618469001 ],,,,,,,,,,,,,,,,,, 
  [ 13280742121 ],,,,,,,,,,,, [ 46515550265857 ],,,,,,,,,,,,,,,,,, [ 1740633701041 ],,,,,,,,,
  ,,,,,,,,,,,,,,,,,,,,,,,,,,,,,,,,,,,,,,,,,,,,,,,,,,,,,,,,,,,,,,,,,,,,,,,,,,,,,,,,,,,,,,, 
  [ 1600952779 ],,,,,,,,,,,,,,,,,,,,,,,,,,,,,,,,,,,,,,,,,,,,,,,, [ 846111073501 ],,,,,,,,,,,,
  ,,,,,,,,,,,,,,,,,,,,,,,,,,,,,,,,,,,,,,,,,,,,,,,, [ 38462034631 ],,,,,,,,,,,,,,,,,,,,,,,,,,,
  ,,,,,,,,,,,,,,,,,,,,,,,,,,,,,,,,,,,,,,, [ 207817439761 ],,,,,,,,,,,, [ 336542812933 ],,,,,,
  ,,,,,,,,,,,,,,,,,,,,,,,,,,,,,,,,,,,,,,,,,,,,,,,,,,,,,,,,,,,,,,,,,,,,,,,,,,,,,,,,,,,,,,,,,,,
  ,,,,, [ 2575786651, 43806283711 ],,,,,,,,,,,,,,,,,,,,,,,,,,,,,,,,,,,,,,,,,,,,,,,,,,,,,, 
  [ 8122181593 ],,,,,,,,,,,,,,,,,,,,,,,,,,,,,,,,,,,, [ 58531100101 ],,,,,,,,,,,,,,,,,,,,,,,,,
  ,,,,,,,,,,,,,,,,,,,,,,,,,,,,,,,,,,,,,,,,, [ 3787080586543 ],,,,,,,,,,,,,,,,,,,,,,,,,,,,,,,,
  ,,,,,,,,,,,,,,,,,,,,,,,,,,,,,,,,,,,,,,,,,,,,,,,,,,,,,,,,,,,,,,,,,,,,,,,,,,,,,,,,,, 
  [ 618497072881 ],,,,,,,,,,,,,,,,,,,,,,,,,,,,,, [ 4147388821 ],,,,,,,,,,,,,,,,,,,,,,,,,,,,,,
  ,,,,,,,,,,,,,,,,,,,,,,,,,,,,,,,,,,,,,,,,,,,,,,,,,,,,,,,,,,,,,,,,,,,,,,,,,,,,,,,,,,,,,,,,,,,
  ,,,,,,,,,,, [ 121337217247 ],,,,,,,,,,,,,,,,,,,,,,,,,,,,,,,,,,,,,,,,,,,,,,,,,,,,,,,,,,,,,,,
  ,,,,,,,,,,,,,,,,,,,,,,,,,,,,,,,,,,,,,,,,,,,,,,,,,,,,,,,,,,,,,,,,,,,,,,,,,,,,,,,,,,,,,,,,,,,
  ,,,,,,,,,,,,,, [ 5301754713781 ],,,,,,,,,,,,,,,,,,,,,,,,,,,,,,,,,,,,,,,,,, [ 6508395937 ],,
  ,,,,,,,,,,,,,,,,,,,,,,,,,,,,,,,,,,,,,,,,,,,,,,,,,,,,,,,,,,,,,,,,,,,,,,,,,,,, 
  [ 4232085541, 5225917831 ],,,,,,,,,,,,,,,,,,,,,,,,,,,,,,,,,,,,,,,,,,,,,,,,,,,,,,,,,,,,,,,,,
  ,,,,,,,,,,,,,,,,,,,,,,,,,,,,,,,,,,,,,,,,,,,,,,,,,,,,,,,,,,,,,,,,,,,,,,,,,,,,,,,,,,,,,,,,,,,
  ,,,,,,,,,,,,,,,,,,,,,,,, [ 1700905831, 2692805671 ],,,,,,,,,,,,,,,,,,,,,,,,,,,,,,,,,,,,,,,,
  ,,,,,,,,,,,,,,,,,,,, [ 1198280701 ],,,,,,,,,,,,,,,,,,,,,,,,,,,,,,,,,,,,,,,,,,,,,,,,,,,,,,,,
  ,,,,,,,,,,,,,,,,,,,,,,,,,,,,,,,,,,,,,,,,,,,,,,,,,,,,,,,,,,,,,,,,,,,,,,,,,,,,,,,,,,,,,,,,,,,
  ,,, [ 31608469441 ],,,,,,,,,,,,,,,,,,,,,,,,,,,,,, [ 1360496581 ],,,,,,,,,,,,,,,,,,,,,,,,,,,
  ,,,,,,,,,,,,,,,,,,,,,,,,,,,,,,,,,,,,,,,,,,,,,,,,,,,,,,,,,,,,,,,,,,,,,,,,,,,,,,,,,,,,,,,,,,,
  ,,,,,,,,,,,,,,,,,,,,,,,,,,,,,,,,,,,,,,,,,,,,,,,,,,,,,,,,,,,,,, [ 1507891921 ],,,,,,,,,,,,,,
  ,,,,,,,,,,,,,,,,,,,,,,,,,,,,,,,,,,,,,,,,,,,,,,,,,,,,,,,,,,,,,,,,,,,,,,,,,,,,,,,,,,,,,,,,,,,
  ,,,,,,,,,,,,,,,,,,,,,,,,,,,,,,,,,,,,,,,,,,,,,,,,,,,,,,,,,,,,,,,,,,,,,,,,,,,,,,,,,,,,,,,,,,,
  ,,,,,,,,,,,,,,,,,,,,,,,,,,,,,,,,,,,,,,,,,,,,,,,,,,,,,,,,,,,,,,,,,,,,,,,,,,,,,,,,,,,,,,,,,,,
  ,,,,,,,,,,,,,,,,,,,,,,,,,,,,,,,,,,,,,,,,,,,,,,,,,,,,,,,,,,,,,,,,,,,,,,,,,,,,,,,,,,,,,,,,,,,
  ,,,,,,,,,,,,,,,,,,,,,,,,,,,,,,,,,,,,,,,,,, [ 5364461521 ],,,,,,,,,,,,,,,,,,,,,,,,,,,,,,,,,,
  ,,,,,,,,,,,,,,,,,,,,,,,,,,,,,,,,,,,,,,,,,,,,,,,,,,,,,,,,,,,,,,,,,,,,,,,,,,,,,,,,,,,,,,,,,,,
  ,,,,,,,,,,,,,,,,,,,,,,,,,,,,,,,,,,,,,,,,,,,,,,,,,,,,,,,,,,,,,,,,,,,,,,,,,,,,,,,,,,,,,,,,,,,
  ,,,,,,,,,,,,,,,,,,,,,,,,,,,,,,,,,,,,,,,,,,,,,,,,,,,,,,,,,,,,,,,,,,,,,,,,,,,,,,,,,,,,,,,,,,,
  ,,,,,,,,,,,,,,,,,,,,,,,,,,,,,,,,,,,,,,,,,,,,,,,,,,,,,,,,,,,,,,,,,,,,,,,,,,,,,,,,,,,,,,,,,,,
  ,,,,,,,,,,,,,,,,,,,,,,,,,,,,,,,,,,,,,,,,,,,,,,,,,,,,,,,,,,,,,,,,,,,,,,,,,,,,,,,,,,,,,,,,,,,
  ,,,,,,,,,,,,,,,,,,,,,,,,,,,,,,,,,,,,,,,,,,,,,,,,,,,,,,,,,,,,,,,,,,,,,,,,,,,,,,,,,,,,,,,,,,,
  ,,,,,,,,,,,,,,,,,,,,,,,,,,,,,,,,,,,,,,,,,,,,,,,,,,,,,,,,,,,,,,,,,,,,,,,,,,,,,,,,,,,,,,,,,,,
  ,,,,,,,,,,,,,,,,,,,,,,,,,,,,,,,,,,,,,,,,,,,,,,,,,,,,,,,,,,,,,,,,,,,,,,,,,,,,,,, 
  [ 5577355561 ],,,,,,,,,,,,,,,,,,,,,,,,,,,,,,,,,,,,,,,,,,,,,,,,,,,,,,,,,,,,,,,,,,,,,,,,,,,,,
  ,,,,,,,,,,,,,,,,,,,,,,,,,,,,,,,,,,,,,,,,,,,,,,,,,,,,,,,,,,,,,,,,,,,,,,,,,,,,,,,,,,,,,,,,,,,
  ,,,,,,,,,,,,,,,,,,,,,,,,,,,,,,,,,,,,,,,,,,,,,,,,,,,,,,,,,,,,,,,,,,,,,,,,,,,,,,,,,,,,,,,,,,,
  ,,,,,,,,,,,,,,,,,,,,,,,,,,,,,,,,,,,,,,,,,,,,,,,,,,,,,,,,,,,,,,,,,,,,,,,,,,,,,,,,,,,,,,,,,,,
  ,,,,,,,,,,,,,,,,,,,,,,,,,,,,,,,,,,,,,,,,,,,,,,,,,,,,,,,,,,,,,,,,,,,,,,,,,,,,,,,,,,,,,,,,,,,
  ,,,,,,,,,,,,,,,,,,,,,,,,,,,,,,,,,,,,,,,,,,,,,,,,,,,,,,,,,,,,,,,,,,,,,,,,,,,,,,,,,,,,,,,,,,,
  ,,,,,,,,,,,,,,,,,,,,,,,,,,,,,,,,,,,,,,,,,,,,,,,,,,,,,,,,,,,,,,,,,,,,,,,,,,,,,,,,,,,,,,,,,,,
  ,,,,,,,,,,,,,,,,,,,,,,,,,,,,,,,,,,,,,,,,,,,,,,,,,,,,,,,,,,,,,,,,,,,,,,,,,,,,,,,,,,,,,,,,,,,
  ,,,,,,,,,,,,,,,,,,,,,,,,,,,,,,,,,,,,,,,,,,,,,,,,,,,,,,,,,,,,,,,,,,,,,,,,,,,,,,,,,,,,,,,,,,,
  ,,,,,,,,,,,,,,,,,,,,,,,,,,,,,,,,,,,,,,,,,,,,,,,,,,,,,,,,,,,,,,,,,,,,,,,,,,,,,,,,,,,,,,,,,,,
  ,,,,,,,,,,,,,,,,,,,,,,,,,,,,,,,,,,,,,,,,,,,,,,,,,,,,,,,,,,,,,,,,,,,,,,,,,,,,,,,,,,,,,,,,,,,
  ,,,,,,,,,,,,,,,,,,,,,,,,,,,,,,,,,,,,,,,,,,,,,,,,,,,,,,,,,,,,,,,,,,,,,,,,,,,,,,,,,,,,,,,,,,,
  ,,,,,,,,,,,,,,,,,,,,,,,,,,,,,,,,,,,,,,,,,,,,,,,,,,,,,,,,,,,,,,,,,,,,,,,,,,,,,,,,,,,,,,,,,,,
  ,,,,,,,,,,,,,,,,,,,,,,,,,,,,,,,,,,,,,,,,,,,,,,,,,,,,,,,,,,,,,,,,,,,,,,,,,,,,,,,,,,,,,,,,,,,
  ,,,,,,,,,,,,,,,,,,,,,,,,,,,,,,,,,,,,,,,,,,,,,,,,,,,,,,,,,,,,,,,,,,,,,,,,,,,,,,,,,,,,,,,,,,,
  ,,,,,,,,,,,,,,,,,,,,,,,,,,,,,,,,,,,,,,,,,,,,,,,,,,,,,,,,,,,,,,,,,,,,,,,,,,,,,,,,,,,,,,,,,,,
  ,,,,,,,,,,,,,,,,,,,,,,,,,,,,,,,,,,,,,,,,,,,,,,,,,,,,,,,,,,,,,,,,,,,,,,,,,,,,,,,,,,,,,,,,,,,
  ,,,,,,,,,,,,,,,,,,,,,,,,,,,,,,,,,,,,,,,,,,,,,,,,,,,,,,,,,,,,,,,,,,,,,,,,,,,,,,,,,,,,,,,,,,,
  ,,,,,,,,,,,,,,,,,,,,,,,,,,,,,,,,,,,,,,,,,,,,,,,,,,,,,,,,,,,,,,,,,,,,,,,,,,,,,,,,,,,,,,,,,,,
  ,,,,,,,,,,,,,,,,,,,,,,,,,,,,,,,,,,,,,,,,,,,,,,,,,,,,,,,,,,,,,,,,,,,,,,,,,,,,,,,,,,,,,,,,,,,
  ,,,,,,,,,,,,,,,,,,,,,,,,,,,,,,,,,,,,,,,,,,,,,,,,,,,,,,,,,,,,,,,,,,,,,,,,,,,,,,,,,,,,,,,,,,,
  ,,,,,,,,,,,,,,,,,,,,,,,,,,,,,,,,,,,,,,,,,,,,,,,,,,,,,,,,,,,,,,,,,,,,,,,,,,,,,,,,,,,,,,,,,,,
  ,,,,,,,,,,,,,,,,,,,,,,,,,,,,,,,,,,,,,,,,,,,,,,,,,,,,,,,,,,,,,,,,,,,,,,,,,,,,,,,,,,,,,,,,,,,
  ,,,,,,,,,,,,,,,,,,,,,,,,,,,,,,,,,,,,,,,,,,,,,,,,,,,,,,,,,,,,,,,,,,,,,,,,,,,,,,,,,,,,,,,,,,,
  ,,,,,,,,,,,,,,,,,,,,,,,,,,,,,,,,,,,,,,,,,,,,,,,,,,,,,,,,,,,,,,,,,,,,,,,,,,,,,,,,,,,,,,,,,,,
  ,,,,,,,,,,,,,,,,,,,,,,,,,,,,,,,,,,,,,,,,,,,,,,,,,,,,,,,,,,,,,,,,,,,,,,,,,,,,,,,,,,,,,,,,,,,
  ,,,,,,,,,,,,,,,,,,,,,,,,,,,,,,,,,,,,,,,,,,,,,,,,,,,,,,,,,,,,,,,,,,,,,,,,,,,,,,,,,,,,,,,,,,,
  ,,,,,,,,,,,,,,,,,,,,,,,,,,,,,,,,,,,,,,,,,,,,,,,,,,,,,,,,,,,,,,,,,,,,,,,,,,,,,,,,,,,,,,,,,,,
  ,,,,,,,,,,,,,,,,,,,,,,,,,,,,,,,,,,,,,,,,,,,,,,,,,,,,,,,,,,,,,,,,,,,,,,,,,,,,,,,,,,,,,,,,,,,
  ,,,,,,,,,,,,,,,,,,,,,,,,,,,,,,,,,,,,,,,,,,,,,,,,,,,,,,,,,,,,,,,,,,,,,,,,,,,,,,,,,,,,,,,,,,,
  ,,,,,,,,,,,,,,,,,,,,,,,,,,,,,,,,,,,,,,,,,,,,,,,,,,,,,,,,,,,,,,,,,,,,,,,,,,,,,,,,,,,,,,,,,,,
  ,,,,,,,,,,,,,,,,,,,,,,,,,,,,,,,,,,,,,,,,,,,,,,,,,,,,,,,,,,,,,,,,,,,,,,,,,,,,,,,,,,,,,,,,,,,
  ,,,,,,,,,,,,,,,,,,,,,,,,,,,,,,,,,,,,,,,,,,,,,,,,,,,,,,,,,,,,,,,,,,,,,,,,,,,,,,,,,,,,,,,,,,,
  ,,,,,,,,,,,,,,,,,,,,,,,,,,,,,,,,,,,,,,,,,,,,,,,,,,,,,,,,,,,,,,,,,,,,,,,,,,,,,,,,,,,,,,,,,,,
  ,,,,,,,,,,,,,,,,,,,,,,,,,,,,,,,,,,,,,,,,,,,,,,,,,,,,,,,,,,,,,,,,,,,,,,,,,,,,,,,,,,,,,,,,,,,
  ,,,,,,,,,,,,,,,,,,,,,,,,,,,,,,,,,,,,,,,,,,,,,,,,,,,,,,,,,,,,,,,,,,,,,,,,,,,,,,,,,,,,,,,,,,,
  ,,,,,,,,,,,,,,,,,,,,,,,,,,,,,,,,,,,,,,,,,,,,,,,,,,,,,,,,,,,,,,,,,,,,,,,,,,,,,,,,,,,,,,,,,,,
  ,,,,,,,,,,,,,,,,,,,,,,,,,,,,,,,,,,,,,,,,,,,,,,,,,,,,,,,,,,,,,,,,,,,,,,,,,,,,,,,,,,,,,,,,,,,
  ,,,,,,,,,,,,,,,,,,,,,,,,,,,,,,,,,,,,,,,,,,,,,,,,,,,,,,,,,,,,,,,,,,,,,,,,,,,,,,,,,,,,,,,,,,,
  ,,,,,,,,,,,,,,,,,,,,,,,,,,,,,,,,,,,,,,,,,,,,,,,,,,,,,,,,,,,,,,,,,,,,,,,,,,,,,,,,,,,,,,,,,,,
  ,,,,,,,,,,,,,,,,,,,,,,,,,,,,,,,,,,,,,,,,,,,,,,,,,,,,,,,,,,,,,,,,,,,,,,,,,,,,,,,,,,,,,,,,,,,
  ,,,,,,,,,,,,,,,,,,,,,,,,,,,,,,,,,,,,,,,,,,,,,,,,,,,,,,,,,,,,,,,,,,,,,,,,,,,,,,,,,,,,,,,,,,,
  ,,,,,,,,,,,,,,,,,,,,,,,,,,,,,,,,,,,,,,,,,,,,,,,,,,,,,,,,,,,,,,,,,,,,,,,,,,,,,,,,,,,,,,,,,,,
  ,,,,,,,,,,,,,,,,,,,,,,,,,,,,,,,,,,,,,,,,,,,,,,,,,,,,,,,,,,,,,,,,,,,,,,,,,,,,,,,,,,,,,,,,,,,
  ,,,,,,,,,,,,,,,,,,,,,,,,,,,,,,,,,,,,,,,,,,,,,,,,,,,,,,,,,,,,,,,,,,,,,,,,,,,,,,,,,,,,,,,,,,,
  ,,,,,,,,,,,,,,,,,,,,,,,,,,,,,,,,,,,,,,,,,,,,,,,,,,,,,,,,,,,,,,,,,,,,,,,,,,,,,,,,,,,,,,,,,,,
  ,,,,,,,,,,,,,,,,,,,,,,,,,,,,,,,,,,,,,,,,,,,,,,,,,,,,,,,,,,,,,,,,,,,,,,,,,,,,,,,,,,,,,,,,,,,
  ,,,,,,,,,,,,,,,,,,,,,,,,,,,,,,,,,,,,,,,,,,,,,,,,,,,,,,,,,,,,,,,,,,,,,,,,,,,,,,,,,,,,,,,,,,,
  ,,,,,,,,,,,,,,,,,,,,,,,,,,,,,,,,,,,,,,,,,,,,,,,,,,,,,,,,,,,,,,,,,,,,,,,,,,,,,,,,,,,,,,,,,,,
  ,,,,,,,,,,,,,,,,,,,,,,,,,,,,,,,,,,,,,,,,,,,,,,,,,,,,,,,,,,,,,,,,,,,,,,,,,,,,,,,,,,,,,,,,,,,
  ,,,,,,,,,,,,,,,,,,,,,,,,,,,,,,,,,,,,,,,,,,,,,,,,,,,,,,,,,,,,,,,,,,,,,,,,,,,,,,,,,,,,,,,,,,,
  ,,,,,,,,,,,,,,,,,,,,,,,,,,,,,,,,,,,,,,,,,,,,,,,,,,,,,,,,,,,,,,,,,,,,,,,,,,,,,,,,,,,,,,,,,,,
  ,,,,,,,,,,,,,,,,,,,,,,,,,,,,,,,,,,,,,,,,,,,,,,,,,,,,,,,,,,,,,,,,,,,,,,,,,,,,,,,,,,,,,,,,,,,
  ,,,,,,,,,,,,,,,,,,,,,,,,,,,,,,,,,,,,,,,,,,,,,,,,,,,,,,,,,,,,,,,,,,,,,,,,,,,,,,,,,,,,,,,,,,,
  ,,,,,,,,,,,,,,,,,,,,,,,,,,,,,,,,,,,,,,,,,,,,,,,,,,,,,,,,,,,,,,,,,,,,,,,,,,,,,,,,,,,,,,,,,,,
  ,,,,,,,,,,,,,,,,,,,,,,,,,,,,,,,,,,,,,,,,,,,,,,,,,,,,,,,,,,,,,,,,,,,,,,,,,,,,,,,,,,,,,,,,,,,
  ,,,,,,,,,,,,,,,,,,,,,,,,,,,,,,,,,,,,,,,,,,,,,,,,,,,,,,,,,,,,,,,,,,,,,,,,,,,,,,,,,,,,,,,,,,,
  ,,,,,,,,,,,,,,,,,,,,,,,,,,,,,,,,,,,,,,,,,,,,,,,,,,,,,,,,,,,,,,,,,,,,,,,,,,,,,,,,,,,,,,,,,,,
  ,,,,,,,,,,,,,,,,,,,,,,,,,,,,,,,,,,,,,,,,,,,,,,,,,,,,,,,,,,,,,,,,,,,,,,,,,,,,,,,,,,,,,,,,,,,
  ,,,,,,,,,,,,,,,,,,,,,,,,,,,,,,,,,,,,,,,,,,,,,,,,,,,,,,,,,,,,,,,,,,,,,,,,,,,,,,,,,,,,,,,,,,,
  ,,,,,,,,,,,,,,,,,,,,,,,,,,,,,,,,,,,,,,,,,,,,,,,,,,,,,,,,,,,,,,,,,,,,,,,,,,,,,,,,,,,,,,,,,,,
  ,,,,,,,,,,,,,,,,,,,,,,,,,,,,,,,,,,,,,,,,,,,,,,,,,,,,,,,,,,,,,,,,,,,,,,,,,,,,,,,,,,,,,,,,,,,
  ,,,,,,,,,,,,,,,,,,,,,,,,,,,,,,,,,,,,,,,,,,,,,,,,,,,,,,,,,,,,,,,,,,,,,,,,,,,,,,,,,,,,,,,,,,,
  ,,,,,,,,,,,,,,,,,,,,,,,,,,,,,,,,,,,,,,,,,,,,,,,,,,,,,,,,,,,,,,,,,,,,,,,,,,,,,,,,,,,,,,,,,,,
  ,,,,,,,,,,,,,,,,,,,,,,,,,,,,,,,,,,,,,,,,,,,,,,,,,,,,,,,,,,,,,,,,,,,,,,,,,,,,,,,,,,,,,,,,,,,
  ,,,,,,,,,,,,,,,,,,,,,,,,,,,,,,,,,,,,,,,,,,,,,,,,,,,,,,,,,,,,,,,,,,,,,,,,,,,,,,,,,,,,,,,,,,,
  ,,,,,,,,,,,,,,,,,,,,,,,,,,,,,,,,,,,,,,,,,,,,,,,,,,,,,,,,,,,,,,,,,,,,,,,,,,,,,,,,,,,,,,,,,,,
  ,,,,,,,,,,,,,,,,,,,,,,,,,,,,,,,,,,,,,,,,,,,,,,,,,,,,,,,,,,,,,,,,,,,,,,,,,,,,,,,,,,,,,,,,,,,
  ,,,,,,,,,,,,,,,,,,,,,,,,,,,,,,,,,,,,,,,,,,,,,,,,,,,,,,,,,,,,,,,,,,,,,,,,,,,,,,,,,,,,,,,,,,,
  ,,,,,,,,,,,,,,,,,,,,,,,,,,,,,,,,,,,,,,,,,,,,,,,,,,,,,,,,,,,,,,,,,,,,,,,,,,,,,,,,,,,,,,,,,,,
  ,,,,,,,,,,,,,,,,,,,,,,,,,,,,,,,,,,,,,,,,,,,,,,,,,,,,,,,,,,,,,,,,,,,,,,,,,,,,,,,,,,,,,,,,,,,
  ,,,,,,,,,,,,,,,,,,,,,,,,,,,,,,,,,,,,,,,,,,,,,,,,,,,,,,,,,,,,,,,,,,,,,,,,,,,,,,,,,,,,,,,,,,,
  ,,,,,,,,,,,,,,,,,,,,,,,,,,,,,,,,,,,,,,,,,,,,,,,,,,,,,,,,,,,,,,,,,,,,,,,,,,,,,,,,,,,,,,,,,,,
  ,,,,,,,,,,,,,,,,,,,,,,,,,,,,,,,,,,,,,,,,,,,,,,,,,,,,,,,,,,,,,,,,,,,,,,,,,,,,,,,,,,,,,,,,,,,
  ,,,, [ 11659902977 ] ]);
