BRENTFACTORS[3577]:=MakeImmutable([ ,,,,,,,,,, [ 23729318999 ],, [ 171294717907 ],,,, 
  [ 3415860797, 3407060190664290317 ],, [ 127158611978062499222468287 ], [ 7016844084181 ], 
  [ 1283709799 ], [ 5777249171 ], [ 162792387751098852623179 ],, 
  [ 9914449651, 167486185751, 705021146004401 ],, [ 13608747064827771049 ],, 
  [ 457779922828476447631387 ],, [ 1268944518683697559539561073574596448777037631 ], 
  [ 376552161395088893057 ], [ 31610085588917110507 ], [ 195488201997338408567 ], 
  [ 7815977745549331 ], [ 4049398069985911969 ], 
  [ 3186720623639826667, 2494093204886140589470379, 7034521084361996235823381 ], 
  [ 61611116899575679, 9521110103520051398231 ], [ 1319701880727208225729186317150331 ], 
  [ 692574172481, 143153188084278601 ], [ 2208493609167776316779593846545148004631766939 ],, 
  [ 7040154533, 3294347010397 ],, [ 1438968691, 9664667223403411 ], 
  [ 699520077297226290277 ], [ 17031705841 ],,, [ 330004894477258939753753313801 ], 
  [ 122247937024021 ], [ 592285741316413, 997842978395082302783797140073 ], 
  [ 211475633728866817 ], [ 4419158853817623043 ], [ 856710661291 ], [ 365762107067953 ],, 
  [ 550645176771251, 52395553792698590592907, 4323270866261429861319691 ], [ 16858912757 ],, 
  [ 18673532645879, 42831107326455823, 540068362543142607523157 ], 
  [ 5555868631632810349165120752661208257 ],,, [ 10318182031 ], 
  [ 7935521679680761, 78737918338793209 ], [ 540459695716136838011 ], [ 8481719221 ], 
  [ 3403728187, 119364373603, 13516808203130203 ], [ 1660898444547015031 ], 
  [ 287221096051, 165107952555557653 ], 
  [ 31976479232079754215457, 1641581580094598942846663041 ], 
  [ 3329654950673733480575691922521044234758529 ], [ 34909826828517439 ], 
  [ 286370409520061737703851 ], [ 10038568587019965494082537027073 ], [ 114631499291 ], 
  [ 593876282220008581, 10740662200924966678447 ],, 
  [ 533612101954081921, 4255304418553912249596641 ],,,, 
  [ 1517802894809797, 3417387866821766532829 ], [ 139220360182683620405231 ], 
  [ 5383731285193 ], [ 532263093454759 ], [ 35332421458212737 ],, 
  [ 52811236981, 1481793910748911 ], [ 355181034178615814261 ],, 
  [ 55661392243, 2241703568158267 ], 
  [ 17569417618277509, 224720989400744614055099, 
      701353844156867752022836205162404730242617784771844027 ], [ 1734788326010791 ], 
  [ 3373423393, 122055936178059169729, 113824522880196339556417, 
      490832908232521593185730002689 ],, [ 202354365179 ],, 
  [ 65125874501, 1255655888155942775133301 ], [ 1201574702837 ], 
  [ 1728134899, 46801462027, 4628938013258397495610147 ], [ 1661073173 ], 
  [ 564579769417, 2581374586762927826209 ], [ 6070712341, 175436002106837011 ], 
  [ 14436346913, 14617091471419, 16910334726714199 ], 
  [ 4415095233533, 689943264482829017, 35732937542344858831831 ], 
  [ 118652918149, 179171743142311877028743857 ], [ 38195986431707267 ],, 
  [ 14369385343, 18274671582121, 177862484844964999 ], 
  [ 135060577680001, 45538007372495882867581841 ], [ 72819848801220559, 639816966590950721 ],
  ,, [ 596948426849 ], 
  [ 425651804839, 462249200903023, 4501376480176759, 7740963753904578737314477 ], 
  [ 1950501533 ],, [ 977676633257281, 454323749940675232548940931569688557466881 ], 
  [ 29421383531, 46366863863 ],,, [ 4054556208845316613321 ], 
  [ 15853171868251, 46922829268761450001, 3189056146406688564001 ],, 
  [ 2246756747, 55684427067222123518849 ],,, 
  [ 15192967422436571, 22987482671147731014484121443321 ],,, [ 10719847349, 18384955219 ], 
  [ 7912136328037344868483481 ],,, [ 4791818587, 53659108586651 ],, 
  [ 7185166039, 4128185960213080921 ],, 
  [ 2616854812309, 2818414270677479281, 711414052971027076597 ], 
  [ 1062647423521, 27668265404720072621417 ],,,, [ 97146466485968369, 13585543976261755709 ],
  [ 2553492073273, 6655051599752333285707623397 ], 
  [ 28674273469, 29754864833, 971366238461, 11466925159284084851701997 ],, 
  [ 2265373651, 12599129400301 ], [ 2930727606497, 514327670669569, 1668671028748261920593 ],
  , [ 2717870887 ], [ 73693616921, 27797853045989404256334149 ], [ 93863074171921 ], 
  [ 2495968964737, 31587115414873045224573463621 ], [ 3973042064371 ], 
  [ 1169777491, 32780864516142373 ],, [ 29706460321, 11736442664151521 ], 
  [ 55558871761, 20829471252018655913 ],, [ 4892931355163 ], [ 9772806413, 134594476806677 ],
  [ 55920981931, 286551418269601 ],,, [ 391125053349850659460321 ], [ 58508062334983 ],, 
  [ 16630006891933, 27827096886211815920719 ], [ 32296961161 ], 
  [ 15597890023, 9612917926303, 243777633636812377681 ], 
  [ 55194017335669, 21123421566367542715633, 1777366293579246081829533877 ],, 
  [ 2055748013426683219249 ],, [ 377161367439452402099, 37060028281601420684747 ], 
  [ 36209773961, 56124077706167 ], [ 1925637841 ], [ 29498677721, 275044352571938863 ], 
  [ 232083907329522135045341 ], [ 62230130881 ], [ 43878123821821064969 ], 
  [ 6181715644231, 696456310603842091, 775404001164813841 ], 
  [ 133155784385472169, 2700038082895442617 ], [ 7596508047283 ], [ 8009204953 ], 
  [ 81876229252777, 79074772631144521425433 ],, [ 1081943567 ],, [ 4098571604623751 ], 
  [ 3310073203 ],, [ 248270338793 ], [ 284227702595642593, 8554754402258681791 ], 
  [ 713479597183 ], [ 25932151283 ], [ 80058734365201 ], 
  [ 9264993372391, 344938531728255124028288263 ], [ 4116922207 ], 
  [ 10595415293, 17784672473, 49750373191 ], [ 18145146803646678074761 ], [ 2245235851 ],,,, 
  [ 28655603351, 1659075364343 ],, [ 5595309817, 78752019943 ], [ 49691287381 ],, 
  [ 22847824063, 1472836386553193349733 ],, [ 225556669650318793273 ],,, 
  [ 111522194317, 436675880984989, 861765118100143141, 307983127021568713003, 
      357162105424394327151631 ], [ 1773295921, 190012499381 ], [ 14526881617 ],, 
  [ 85396324825843 ], [ 1795593356776963035732161 ],,,, [ 3365961629941, 2434186542592369 ],
  , [ 84930230371060981 ],, 
  [ 3076117014423945761, 3264831589544170409, 18212459725983055719097 ],, 
  [ 8128657000230036427 ],,, [ 2092919509 ],, 
  [ 60827066407, 60768834319379, 380492501036697193 ],, [ 5061049668599053 ],, 
  [ 11136316267 ], [ 3393277227747339553 ],, 
  [ 1241613065864112391, 329652832444031649367, 414955264333795596667 ],, 
  [ 1032716393, 10099740816505963720313 ],,, [ 127001403689, 7387750654541, 113690499572501 ]
   ,,, [ 56481798899, 790452681983, 64533302254333502815229 ], 
  [ 44948794411, 72589620086613124741, 4015035161652492025171 ], 
  [ 3715777799681, 154200840442678273 ], [ 189716599908629 ],,, [ 7947910528244441 ],, 
  [ 4745637687618159499 ], [ 4959200063 ], [ 90619196293698469321 ],, [ 23068626685021 ],,,, 
  [ 1696820291568086519125891 ],, [ 122706777540289, 3862216707882241, 86675281790498560097 ]
   ,,,,,, [ 1373117023898158837 ],, [ 2101678321, 2023921209371881, 30119119812101280811481 ]
    , [ 23500916837 ], [ 55335357816794683 ], [ 45937024687 ], 
  [ 345540244001, 1895064901240078457484521 ], [ 21743598260551 ], [ 17071913717 ],, 
  [ 3287690745984415297 ],, [ 5188207301, 6064134397325647569469951 ],, 
  [ 291520306023059497, 6595320958773366353 ],, [ 412255569370849 ], 
  [ 8045879571211, 1571771747762158741 ], [ 375800640517543832993 ], 
  [ 3699395767, 852059245951, 23950681795063 ],, [ 1498750657 ], 
  [ 126335573401, 18096172935301276201 ],, [ 1322662153 ], [ 1164058580077 ], 
  [ 8706633500053453053953 ],,, [ 8453893999 ], [ 15091701241, 827746178953 ], 
  [ 9797318224849 ], [ 266124652201, 17249086740871231, 121429766907710155585631 ],, 
  [ 1812529393402636191817 ], [ 84801502945909 ],, [ 20737754091811, 268575063926592781 ],,, 
  [ 1433051419 ],, [ 4401724740005441, 9342509422080641, 1138383419588479394881 ], 
  [ 357323743039 ],,, [ 29285698069, 53570622997 ],,, [ 9982292479987 ],,,, 
  [ 1554591312853, 28653476388115801 ],,,,,,,,,, [ 78911706149 ], 
  [ 14277571591042400617, 133129031246739787843 ],, [ 491659850383561 ],, 
  [ 3384002566826811409 ],, [ 209163994640088173461621 ],,,, [ 454418102540513 ],,, 
  [ 3486895953311 ], [ 35401080410694709 ],,, [ 3212342053 ],, 
  [ 133739934253, 7221032140877 ], [ 2020735536493 ],,,, 
  [ 3363353259965317, 550711782466300471 ],,,,,,,, [ 67315923230746221281977 ], 
  [ 764791655659721136954751 ],,, [ 22402831123 ],, 
  [ 395404202881, 13471215417674081, 2728769218775536121 ], [ 5520979601149 ], 
  [ 51890871774013, 208882678233893 ], [ 20442439854737 ], [ 5460689328001 ], 
  [ 1265895401, 2427548971, 17031546841 ], [ 215360205299, 22876749805634260751 ],,,,, 
  [ 666032322582677 ], [ 21338135712605489 ],, [ 6309768565427, 1115971102516927 ], 
  [ 2752260851051 ], [ 45351280016693641 ],, [ 19366774327 ],, 
  [ 8691438401, 267197990288401 ],,, [ 3778409508329 ], [ 37672843249 ],, [ 78281873783 ], 
  [ 297886851690508543 ], [ 138927240337 ], [ 2570452117 ], 
  [ 80747801371, 113500000291, 279494311631, 75309684553234326311 ], 
  [ 30235861093, 77733973717 ],,, [ 83947469009023 ], [ 1326426665281 ], 
  [ 16081641259841, 657736411968568193 ],, [ 2370577578159517, 29851584565426250309 ], 
  [ 4513493141 ], [ 4878846504324241, 241853054186149141 ],, [ 21292395287, 102820395373 ], 
  [ 6483798171919, 16544223395137 ],,,, [ 1203597272753 ],,,,, 
  [ 3885370491601, 4062873053521 ], [ 68099942732546521 ],, [ 3953917711, 446750755547641 ], 
  [ 47606737726609 ],,,,,, [ 4469047296871 ],,,,,, [ 18935661571009 ],, 
  [ 2045077278071894551, 5172365869164540001 ], [ 12205123459 ], [ 604684101339761 ],,, 
  [ 15353489520461 ],, [ 122399576363453 ],,, [ 23210262923243258830061 ], 
  [ 609142670643019 ],, [ 239537796677 ], [ 1129703100049 ],,,, 
  [ 5678235465135481, 1152417979970212177, 835515121386703591081 ],,, 
  [ 1361667109813, 341899781580156739 ], [ 2499771928379161 ],, 
  [ 8253574398859, 19433829339676303 ], [ 29557269251, 123668689601 ], 
  [ 738199592957, 5470912747124833, 11783857035195281 ],, [ 30821263141 ],, 
  [ 16438691919741121, 209501077885459265108124001 ], [ 375169356433 ],, 
  [ 2243328191539723 ], [ 114531106229, 30103156023011212105889 ],,, 
  [ 24163417639, 316680901014409 ],, [ 294641357797 ], [ 5950023340757365633681 ],,,,, 
  [ 14306024701, 430336509571, 745142444970661 ],, [ 51760308489247 ], 
  [ 253087462987, 621828061549 ],, [ 2457344471277304501 ],,,,,, [ 65316570287 ],, 
  [ 4150007941796901661 ], [ 2684261383 ],, [ 322204134127, 29989235358419 ], 
  [ 246497077249, 1956785907731950081 ],, [ 88341444390684697 ],, [ 92325005881 ],, 
  [ 59877652633, 19781671686323 ],, [ 2708253361627499401 ],, [ 3618498259 ],, 
  [ 251868603901679101 ],,, [ 1933295982803 ],,,, 
  [ 35646392143, 340802587243, 19583714756251 ], [ 714689790053, 290758316583113 ],,,, 
  [ 1630381157884201 ], [ 565151829769 ], [ 2050172203, 17631025037, 11420000302757 ],, 
  [ 1549938781 ],, [ 1655923253712289939151 ], [ 6932168210281 ], [ 6830826238177 ],,,, 
  [ 29275933877, 104173437165704993 ], [ 3023640961335292537 ],,, 
  [ 410239850411257, 9249520318786719553 ], [ 3226855834021 ],,,, [ 35091091349 ], 
  [ 300338286607, 13112480209438369 ],,,, [ 8419619861, 19976205701 ], [ 32982945137 ], 
  [ 157428992317 ], [ 1488151241 ],,,,,,, [ 3316010413, 7517706769 ],, 
  [ 5530640542865476669 ],,,, [ 187362859867 ],,,, [ 1051988281 ],,,,,, [ 2005789216789 ],, 
  [ 1507424091216721 ],, [ 536330015416961, 183504638609543521, 43243430224717450817 ],,,,,,,
  , [ 357713288440201, 183533134749975001 ],, [ 100975062029605155211 ],, [ 14067689939333 ],
  , [ 172114217121823 ],, [ 194734334483086175990081 ],,,,,,,, 
  [ 10369388603113, 49442213808012257, 1144947995072735393 ],, [ 1017658623778141 ],,,,,,,,,
  , [ 24896321218289 ],, [ 109864905054957601291 ],,,,,, 
  [ 17126907184693, 104432690315269, 499038310247017 ],,, [ 22956783013 ],, [ 1684290319 ],,
  , [ 4545555289770181 ], [ 353127284491 ], [ 3474780383 ],,,, [ 25499595551 ],,,,, 
  [ 159540738131 ],, [ 5252889233773, 51727002652099 ], [ 1239181629449 ],, 
  [ 25480885822921 ],,, [ 33951084337 ], [ 1893400432201, 9955316535761 ],, 
  [ 118968800740039 ],, [ 4052347459573381 ],,,, [ 8431177441 ], [ 4425158057 ],, 
  [ 29639928253501 ],, [ 12999567149 ], [ 6927361267 ],, [ 28527586441 ], [ 2803920799 ],,,,,
  ,,, [ 7070608949 ], [ 81842353798951, 3048004722640925851 ],, [ 3011691948541 ],,,, 
  [ 1211647609, 1756853641 ],,,,,,,,, [ 35149231531, 82570974751 ],,, [ 1014386687492341 ],,,
  , [ 52866689929 ],, [ 8826339481 ],, [ 2009595053, 7561828825189 ],, 
  [ 7944782009, 169735528035533 ],, [ 195979370080321, 836424250532388198001 ],, 
  [ 9752048947, 34434714974584583 ],, [ 3138681181 ],,,,,, [ 5084313656441 ], [ 5088928139 ],
  ,,,,,, [ 4245192181603 ],, [ 76427222941, 1947903705701 ], [ 7340159269, 461833134673 ], 
  [ 7404921925591 ],, [ 16118085013441 ],, [ 117407837862059 ],, [ 8006928840109 ],, 
  [ 3683202696534001 ],, [ 473556990833 ],, [ 16488317431 ],, [ 424669694401 ],,,,,,,,,,,, 
  [ 41784867714817, 492936631151617 ],,,, [ 35259396197, 1470131149121 ],,,,,, 
  [ 189350796109 ],,,, [ 633526956487 ],,,,, [ 14977153031 ],,,,, [ 3555661038337 ],,,, 
  [ 4506936161989 ],,,,, [ 214882764121 ], [ 1097624875943, 10107286671171959 ],,, 
  [ 2351842921 ], [ 1543043477 ],,, [ 3010344808057 ], [ 1546437865501 ],,,, 
  [ 4427976851, 10848839783 ],,,,,,,,, [ 60405831407 ], [ 63129686322233 ],, [ 2301744817 ],
  , [ 155238630600349 ],,,,,,, [ 2588738387491 ],,,, [ 11015071591 ], 
  [ 9315007138081, 188609390103961 ],,,, [ 1218841345568257 ],,,, [ 1505102773756529 ],, 
  [ 1579172501 ],, [ 3948418489, 92869727857 ], [ 1892603987 ], 
  [ 29477611087, 3888951344888681, 6159984300606978619 ],, [ 8687505481 ],,,,, 
  [ 43873761751 ],, [ 1375333759 ],,, [ 109015124857 ],,,, [ 27426228001 ],,,, 
  [ 2746767565450331 ],, [ 1879866402164017 ],, [ 1084652235659 ],,,,,,, 
  [ 6650378521, 105977774731 ], [ 14994118574857 ],,,, [ 90777386071 ],,, [ 1638337093 ], 
  [ 60252243031 ],,, [ 3045600247 ], [ 4508488890571 ],,,,,, [ 4719773153, 6907442046361 ],,,
  ,,, [ 24040495571 ],,,,,, [ 4542404310637, 441644840349857 ],,,, [ 174943924092521 ],,,,,, 
  [ 93839003743 ],,,, [ 1165431706072531 ],,,,, [ 1783166551 ], [ 3135115153 ],,,, 
  [ 8193830877461, 472116858475553821 ], [ 4363720003 ], [ 1360881758923909 ],, 
  [ 94164243553 ],, [ 3074990456912394637 ],,,, [ 12960924101, 4132224680501 ],, 
  [ 670257251618137 ], [ 9473469947 ],,,,,, [ 3740798153 ], 
  [ 7587488641, 36221526721, 208321089601, 681388175920321 ],,,, 
  [ 3596222767453, 196523161513361 ], [ 868010021251 ], [ 26233766329 ],,,, 
  [ 1820525141711 ], [ 5582941223 ],,, [ 45592740331 ], [ 1102857601 ], 
  [ 57209521489, 32298171107681 ],,,, [ 6201708835561 ],,,,,, [ 770968389282433 ], 
  [ 15960565783 ],,,,, [ 17975607334721 ],,, [ 1690405501 ], [ 11438191973053 ],,,, 
  [ 177267748001 ],,,,,,,,, [ 2330124687599 ],,,,,, [ 525444217481 ],,,,,,,,,,, 
  [ 882082174591, 16999330868521723 ],,,,,,,,,,,, [ 1637431507 ], [ 4465937857 ],,,,,,,,,,,,,
  ,,,, [ 15659439841 ],,,,, [ 17860324403, 58835694539, 110445034787 ],,,,,,,,,, 
  [ 37503442621, 247389377509 ],,, [ 4101702794251 ],,,,, [ 1338227593 ],,, [ 9286266083 ],,
  , [ 21574504561 ],,,,,,,,, [ 89340577913 ], [ 196462206301 ],,,,,,, [ 1309234284781 ],, 
  [ 3204008632129, 135205184921713 ],,,,, [ 1936666663 ],,,,, [ 1800246281 ],,,,,,,,,,,,, 
  [ 5314873397 ],,,,,,,,,,, [ 110720879261 ],, [ 83099416332421 ],,,, 
  [ 8254221977, 21306940513 ],,, [ 5227792013 ], [ 4141719961 ],,,,,,,,,,,,,,, 
  [ 6504782279 ],,,,,,, [ 1067774761 ],,,, [ 7324495603 ],,,,,,,, [ 18463938079 ],,,,,, 
  [ 331756011577 ], [ 1803800987 ],,,,,,, [ 2247612901 ],,,,,,,,,,,,,, [ 20902612061 ],,, 
  [ 31884233869 ],,, [ 7818712193 ],,,,,,,,,,,,,,,,,,, [ 97210063471 ], [ 3552469177 ], 
  [ 42719013217 ],,,,,,,,,,,,,,, [ 4192019017 ],, [ 3314985367, 8937298129 ],,,,,,,,,,, 
  [ 11967641291 ], [ 108297377233 ],, [ 10296438961 ],, [ 8458840081 ],,,,,,,,,,,, 
  [ 1348158893 ],,, [ 66127842461 ],,,,, [ 82814387796181 ],,,, [ 3215658583, 6534892807 ],,,
  ,,,,,,,, [ 128871221671 ],,,,,,,, [ 9366942001 ], [ 11168668873 ],,,, [ 5739404977 ],,,,,,
  , [ 12551279801 ],, [ 6051486253, 21821467816529 ],,,,,, [ 13836081449 ],,,,,,,, 
  [ 240704468569 ],,,,,,,, [ 3883128877 ],,,,,,,,,,,,,,,,,,,,,,,,, [ 3907157239 ],, 
  [ 11816662817 ],,,,,,,,,,, [ 513231102359, 2504076065927 ],, [ 3304950487 ],,,,,,,,,, 
  [ 3418683139 ],,,,,,, [ 23829935471 ],,,, [ 139207088352961, 2584076090833051 ],,,,, 
  [ 5562631021 ],, [ 6059621959, 85153013791 ],,,, [ 18269436067 ], 
  [ 1525828753, 8626884110353 ],,,,, [ 4378632487, 5749109017 ],,,,,,,,,,,,,, 
  [ 189471545033, 424162704703 ],,,,,,,, [ 23968114759 ],,, [ 260701351021 ],,,,,,,, 
  [ 32063054161 ],,, [ 1688403728243 ],,,,,,,,,,, [ 2484027547 ],,,,,,,,,,, [ 10173889441 ],,
  ,,,,,,, [ 2011197403 ],,,,,,,,,, [ 153620106113 ],, [ 2957213227 ],,,,, [ 759251900639 ],,,
  ,, [ 1411821997, 7840823191361 ],,,,,,,,,,,,,,, [ 1751831488993 ],, [ 3514040713 ],, 
  [ 27303655931 ],,,,,,, [ 723464510029 ],, [ 1479303313 ],, [ 6932724709 ],,,, 
  [ 1848075851 ],,,, [ 6123488827 ],,,,,,,,,, [ 3312745937 ],,,,, [ 15131137891 ],,,,,,,,, 
  [ 4970646349 ], [ 9829792913 ],,,, [ 25368676769 ],,,,,,,,,,,,, [ 1492861693 ],, 
  [ 20989714021 ],,,,, [ 1328742731 ], [ 1016841033577 ],,,,,,,,,, [ 7966376359 ],,, 
  [ 29548369159 ],,,, [ 64927679891 ],,,,,,,,,,,,,,,,,,,,,,, [ 4119844273, 100492021897 ],, 
  [ 70195288019 ],,,,,,,,,,,,,,,,,,,,,,,,,,, [ 251826099911 ],,,,,,,,,,, [ 1374009281 ],,,, 
  [ 1724928377, 24673993961 ],,,,,,,,,,,, [ 1179556901 ],,,, [ 2593760641 ],, [ 2191450831 ],
  ,, [ 2071195207 ],,,,, [ 2287271297 ],, [ 6540582049 ],,,,,,, [ 2324664709 ],,,,,,, 
  [ 3409918231 ],,,,,,,,,, [ 3715136641 ],,,, [ 2439367681 ], [ 7960847051 ],,,,,,,,, 
  [ 1788990547 ],,,,,,,,,,,,,,, [ 3073531361 ],,, [ 6666721177 ],,,,,,,,,,, [ 1667129963 ],,,
  ,,,,,,,,,,,,, [ 1173871916029 ],,, [ 7306601837 ],,,,,,,,,,,, [ 258350808769 ], 
  [ 43254923911 ], [ 9857823673 ],,,,,,,,,,, [ 2413149103 ],, [ 1214755957 ],,,,,,,,,,,,,,,,
  , [ 1753530169 ],,, [ 12128234453 ],, [ 4162936021 ], [ 611411175649 ],,,,, [ 7297831729 ],
  ,, [ 8016149881 ],,,, [ 3622525561 ],,,,,,, [ 13724525917 ],,,, [ 8317387501 ],,,,,,,,,,,,,
  ,,,,, [ 177610429693 ],,,,,,, [ 1303766701 ],,,,,,,,,,,,,,,,, [ 45272358919 ],,,,,,,,,,,,,,
  ,,,,, [ 8551346849 ],,,,,,, [ 2352992431, 14164574923 ],,,,,,,,, [ 6752949857 ],,,,,,,,,,,
  , [ 58899698982413 ],,,,,, [ 4661819821 ],, [ 1543627638193 ],,,, [ 194598548873 ],, 
  [ 5296334339 ],,,,,,,,,,,,,,,,,,,,,,,,,,, [ 1531022011 ],,,, [ 245222658451 ],,,,,,,,,,,,,,
  ,,,,, [ 1043255929 ],,,,,,,,,,,,,,,,,,,, [ 241108740097 ],, [ 15631516501 ], 
  [ 139950415711 ],,,,,,,,, [ 2380422701 ],,,,,,,,,, [ 1479938221 ],,,,,,,,,,,,,,,,,,,,,,,,,,
  ,,,, [ 4242218401 ],, [ 38136005849 ],,,,,,,,,,,,, [ 566116754041 ],,,,,, [ 399266618437 ],
  ,,,,, [ 127303685323 ],,, [ 23961019651 ],,,,,,,,,,,,,,,,,,, [ 19921109657 ],, 
  [ 35025051349 ], [ 2119672657 ],,,,,, [ 120707395511 ],,,,,,,,,,,, [ 3408772711 ],,,,,,,, 
  [ 1986468859 ],, [ 8482994761 ],, [ 5463977400419 ],,,,,,,,,,,,, [ 41048734511 ],,, 
  [ 2035104023 ],,,,,,, [ 13425168961 ],,, [ 4180248770881 ],,,,,,,, [ 59317701857 ],,,, 
  [ 14408443801 ],,,,,,,,, [ 2381307571 ],,,,,,,,,,, [ 2525181121 ],,,, [ 2467085017 ],,,,,,,
  ,, [ 8344742509 ],,,,,,,,,, [ 4905492463409 ],,,,,,,,,,,,, [ 16849753757 ], 
  [ 408822402979 ],,,,,,,,,,,,,,,,,,,,, [ 16465197577 ],,,, [ 3183329909 ], [ 1299430903 ], 
  [ 4613120052481 ], [ 1284041741, 85310142941 ],, [ 3713088817 ], [ 10136895253 ],,,,,,,,,,,
  ,,,,, [ 1586106761, 1664911277 ], [ 18116809201 ],,,,,,,,,,,, [ 1846416961 ],,,,,,,,,,,,,,,
  ,,,,,,,,, [ 9844014787 ],,, [ 2503163953 ],,,,,,,,,,,, [ 75752218873 ],,,,,,,,,,,,,,, 
  [ 2597850193 ],,, [ 6387747409 ],,,, [ 7133522441 ],,,,,,,,,,,,,,,,, [ 1033233601 ],,, 
  [ 226194179641 ],,,,,,,,,,,,,,, [ 2209042351 ],,, [ 13772420509 ],, [ 131133626335249 ], 
  [ 1284328298053 ],,,,, [ 72302824309 ],,,,,,,,,,,, [ 3591988417 ],,,,,,,,,,,,,, 
  [ 5539955591 ],,,,,,,,,,,,,,,,,,,,,,,, [ 8641847171 ],,,,,,,,,,, [ 31874291341 ],,, 
  [ 1368282037 ],,,,,, [ 8637990871 ],,,, [ 2228837917, 2797671743 ],,,,,,,,,, 
  [ 2301453281 ],,,, [ 12219877633 ],, [ 4202405873 ],,,, [ 60052328641 ],, [ 8409961663661 ]
   ,,,,,,, [ 1086616423 ],,,,,,,,,,,,,,,,,, [ 176805803971 ],,,,,,,,,,,, [ 2300426053 ],,, 
  [ 1491885001 ],,,,,,,,, [ 1769503831, 21884294023 ],,,,,,,,,,,,, [ 4419096293 ],,,,,,,, 
  [ 9683366221 ],,, [ 10241460139, 10845240823 ],,,,,,, [ 1015852601 ],,,,,,,,,,,,,,,, 
  [ 1343426857 ],,,,,,,,,,,,, [ 13207076285539 ], [ 34833155551 ],,,,,,,,,,,,,,,,,,,,,,,,,, 
  [ 4758037717 ],,,,,,,,,,,,,,, [ 14263704703 ],,,,,,,,,,,,,,,,, [ 8369098373, 8687412941 ],,
  ,,,,,, [ 17936138081 ],,,,,, [ 2064413797 ],,,,, [ 28006720867 ],,,,,,, [ 13781569073 ],,,,
  ,,,,,,,,,,,, [ 7705186501, 22994612146001 ],,,,,, [ 16206591857 ],,,,,,,,,,,,,,,,,,,,,,,,, 
  [ 1081686637 ],,,,,,,,, [ 4229006671 ],,,, [ 1153949941 ],,,,,,,,,,,, [ 113230916453 ],,,,,
  ,,,,,,,,,,,, [ 4374932959, 17943428389 ],,, [ 40927714561 ],, [ 1085765917601 ],,,,,,, 
  [ 10624944961 ],,,,,,,,, [ 3817651933 ],,,, [ 476473609697 ],,,, [ 59591116441313 ], 
  [ 11145912103 ],,,,,,,,,,,,, [ 6744291263, 429572768719 ],,,, [ 1751067361 ],, 
  [ 1556980129 ],,,,,,,,,,,,,,,, [ 17064802121 ],,,,,,, [ 173435153821 ],,,,, 
  [ 13758194501 ],,,,,, [ 226195911583 ],,,,,,, [ 4747147147 ],,,,,,, 
  [ 2374976161, 1295394157121 ],,,,,,,, [ 2265777169 ],,,,,,,,,,,,,, [ 2948528299 ],,,,,,,,,,
  ,,,,,,,,,,,, [ 12287804413 ],,,, [ 3561154801 ],,,,,,,,,, [ 4462681901 ],,,,,,, 
  [ 140615308411 ],,, [ 80142937813 ],,,,, [ 1437178741 ],,,,,,,,,,,,,,,, [ 306065460031 ],,,
  ,,,,,,,,,,,,,,,,,,,, [ 1080237929, 12891460633 ],, [ 40380249331 ],,,,,,,,,,, 
  [ 4564095691 ],,,,,,,,, [ 62172544069 ],,,,,,,,,,,, [ 9557638084009 ],,,, [ 5076895841 ],,,
  ,,,,,,, [ 2855059551961 ],,,,,,,, [ 96882634081 ],,,,,,,,,,,,,, [ 1247016409, 31779558823 ]
   ,,, [ 852200411401 ],,,,,,,,,,,,,,, [ 1310696262721 ],,,,,,,,,,,, 
  [ 33009638833, 145826906581 ],,, [ 1333697971 ],,,,, [ 13387173341 ],,,,,,,, 
  [ 5014575121 ],,,, [ 3735923761 ],,,,,,,,,,,,,,,,,,, [ 29313332833, 474892822279 ],,,,,,,,,
  ,,,,,,,,,,,,,,,,,,,,,,,,,,,, [ 2417394817 ],,,,,,,,,,,,,,,,,, [ 216584516873 ],,,,,,,,,,,, 
  [ 5455460113 ],,,,,,,,,,,,,,,,, [ 9135932191 ],,,,,,,,,,,,,,,,,,,,,,,,, [ 4906965281 ],,,, 
  [ 1576529696537 ],,,,,,,,,,,,,,,, [ 1022145301 ],,,,,,,,,,,, [ 22504688929 ],,,,,, 
  [ 25569473539 ],,,,,, [ 6878668981 ],,,,,, [ 2639897461, 6240413341 ],,,,,,,,,,,,,, 
  [ 9731672017 ],,,,,,,,,,,,,,,,,,,,,,,, [ 15596551241 ],,,,,,,,,,,,,,,, [ 1578253609 ],,,,,,
  ,,,,,,,,,, [ 2738295401 ],,,, [ 1235120977 ],,,,,,,,,,,, [ 240531422881 ],, [ 1185106051 ],
  ,,,,,,,,,,,,, [ 117848170441 ],,,,,,,,,, [ 362107490323 ],,,,,,,, [ 2635555051 ],, 
  [ 42089517569761 ],,,,,, [ 1067470769 ],, [ 5679136741 ],,,,,,,,,,,,,,,,,,,,,, 
  [ 12681182851 ],,,,,,,,,,,,,, [ 3927986737 ],,,,,,,,,,,,,,,,,,,,,,,,,,,,,,,,,, 
  [ 6585875111 ],,,,,,,,,, [ 10111008181 ],, [ 3933337871 ],,,, [ 1775592127 ],,,,,,,,,,,,,,,
  , [ 2095759693 ],,,,,,,,,,,,,,,,,,,,,,,, [ 2848115953 ],,,,,,,,,,,,,,,,,,,,,,,,,,,,,,,,,,,,
  ,,,,,,,,,,,,,,,,,,,,,,,,,,,, [ 73318032778201 ],,,,,,,,,, [ 3684351627001 ],,,,,,,,,,,,,,,,
  ,,,,,,,,,, [ 433030524371 ],,,,,,,,,,,, [ 1270762231 ],,,,,,,,,,,,,,,, [ 42469013059813 ],,
  ,,,,,, [ 1275242807 ], [ 22418997589 ],,, [ 54450340669, 180628666579 ],,,,,,,,,,,,,,,,,,,,
  ,,,,,, [ 134748104849 ],,,, [ 1557203797 ],,,,,,,,,,,,,,,,,,,,,,,,,,,,,,,,,,,,,,,,,,,, 
  [ 25264379801 ],, [ 12880875643 ],,,,,,,,,,,,,,,,,,,,,,,,,,,,,,,,,,,,,,,, [ 304973968163 ],
  ,,,,, [ 28147639001 ],,,,,,,,,,,, [ 5156222741 ],,,,,,,,, [ 4260210067 ],,,,,,,,,,,,,,,,,,,
  ,,,,,,,,,,,,,,,,,,,,,,,,,,,,,,,,,, [ 3347991769 ],,,,,,,,,,,,,,,,,,,,,, [ 2239123177 ],,,,,
  , [ 13697328101 ],,,,,,,,,,,,,,,,,,,,,,,,,,,, [ 13742031061747 ],,,,,,,,,,,,,,,,,,,,,,,,,,,
  ,,,,, [ 28122391680571 ],,,,, [ 2857363081 ],,,,,,,,,,,,,,,,,,,,,,, [ 63110705563 ],,,,,,,,
  ,,,, [ 62460728101 ],,,,,,,,,,,,,,,, [ 37274050699, 628791652501 ],,,,,,,,,,,,,, 
  [ 974814901681 ],,,,,,,,,,,,,, [ 3029072932727 ],,,,,,,,,,,,,,,,,,,,,,,,,, [ 1979112041 ],,
  ,,,,,, [ 14084641057 ],,,,,,,,,,,,,,,,,,,,,, [ 13019201551 ],,,,,,,, [ 36942827923 ],,,,,,,
  ,,,,,,, [ 5402256049 ],,,, [ 1092452729041 ],,,,,, [ 83430724357 ],,,,,,,,,,,,,,,,,,,,,,,,,
  ,,,,, [ 2668571569 ],,,,,, [ 28564570171 ],,,,,,,,,,,,,,,,,,,,,, [ 106388354321 ],,,,,,,,,
  , [ 724471456001 ],,,,,, [ 9442084961 ],,,,,,,,,,,,,,,,,,,,,, [ 10082771143 ],,,,,,,,,,,,,,
  ,,,,,,,,,,,,,,,, [ 11626223617 ],,,,,, [ 6088175661571 ],,,,,, [ 399719020321 ],,,,,,,,,,,,
  ,,,,,,,,,,,,,,,,,,,,,,,,,,,, [ 2024239001 ],,,,,,,,,,,,,,,,,,,,,, [ 18423619453 ],,,,,,,,,,
  ,,,, [ 4582843189 ],,,, [ 1111356401, 18127678801 ],,,, [ 3727541197, 9848343709 ],,,,,,,,,
  ,,,,,,,,,,, [ 2896158329 ],,,,,,,,,, [ 16821008629, 841485801427 ],,,,,,,,,,,,,,,,,,,,,,,,,
  ,,,,,,,,,,,,,,,,,,,,,,,,,,,,,,,,,,,,,,,,,,,,,,, [ 317973919693 ],,,,,, [ 347644045729 ],,,,
  ,,,,,,,,,,,,,,,,,,,,,,,,,,,,,,,,,,,,,,,,,,,,,,,,,,,,,, [ 1055848231 ],,,,,,,,,,,,,,,,,,,,,,
  ,,,,,,,,,,,,,,,,,,,,,,,,,,,,,,,,,,,,,,,,,,,,,,,,,,,,,,,,,,,,,,,,,,,,,,,,,,,,,,,,,,,,,,,,,,,
  ,,,,,,, [ 3998971418191 ],,,,,,,,,,,,,,,,,,,,,,,,,, [ 814878276661 ],,,, [ 1257762001 ],,,,
  ,,,,,, [ 30578125601 ],,,,,,,,,,,,,,,,,,,,,,,,,,,,,,,,,,,,,,,, [ 365442044761 ],,,,,,,,,,,
  , [ 58091726437 ],,,,,, [ 1363951503181 ],,,,,,,,,,,,,,,,,,,,,,,, [ 1309277833 ],,,,,,,,,,,
  ,,,,,,,,,,,,,,,,,,,,,,,,, [ 27683141713 ],,,,,,,,,,,,,,,,,,,,,,,, [ 68993210497 ],,,,,, 
  [ 1499775247 ],,,,,,,,,,,,,,,,,,,,,, [ 1114789201 ],, [ 44184686809 ],,,,,,,,,,,,,,,,,,,,,,
  ,,,,,,,,,,,,,, [ 50935055209 ],,,,,,,,,,,,,,,,,,,,,,,,,,,,,, [ 741250611927577 ],, 
  [ 5028039661 ],,,,,,,,,,,,,,,,,,,,,,,,,,,,,,,,,,,,,,,,,,,,,,,,,,,, [ 1527355927 ],,,,,,,,,,
  ,,,,,,,,,,,,,,,,,,,,,,,,,,,, [ 8069232601 ],,,,,,,,,, [ 12554749741 ],,,,,,,,,,,, 
  [ 1264848817, 2570709373 ],,,,,,,,,,,,,,,,,,,,,,,,,,,,,,,,,,,,,,,,,, [ 4873000861 ],,,,,,,,
  ,,,,,,,,,,,,,,,,,,,,,,,,,,,,,,,,,,,,,,,,,,,,,,,, [ 9978275441 ],,,,,,,,,,,,,,,,,,,,,,,,,,,,
  ,,,,,,,,,,,,,,,,,,,,,,,,,,,,,,,,,,,,,,,,,,,,,,,,,,,,,,,,,,,,,,,,,,,,,,,,,,,,,,,,,,,, 
  [ 1426373929 ],,,,,,,,,,,,,,,,,, [ 3827203741 ],,,,,,,,,,,,,,,,,,,,,,,,,,,,,,,,,,,, 
  [ 76880056177 ],,,,,,,,,,,,,,,,,,,,,,,,,,,,,,,,,,,,,,,,,,,,,,,,,,,,,, 
  [ 1939444268401, 3735633762001 ],,,,,,,,,,,,,,,,,,,,,,,,,,,,,, [ 10149864601 ],,,,,,,,,,,,,
  ,,,,,,,,,,,,,,,,,,,,,,,,,,,,,,,,,,,,,,,,,,,,,,, [ 46164064982941 ],,,,,,,,,,,,,,,,,,,,,,,,,
  ,,,,,,,,,,,,,,,,,,,,,,,,,,,,, [ 2314159849 ],,,,,,,,,,,,,,,,,,,,,,,,,,,,,,,,,,,, 
  [ 27609694921 ],,,,,, [ 2478011047 ],,,,,, [ 2935906249 ],,,,,,,,,,,,,,,,,, [ 5175808441 ],
  ,,,,,,,,,,,,,,,,, [ 7817719729 ],,,,,,,,,,,, [ 1413158401 ],,,,,, [ 3347400481 ],,,,,,,,,,,
  ,,,,,,,,,,,,,,,,,,,,,,,,,,,,,,,,,,,,,,,,,,,,,,,,,,,,,,, [ 2569095356353 ],,,,,,,,,,,,,,,,,,
  ,,,,,,,,,, [ 1950216661 ],,,,,,,,,,,,,,,,,,,,,,,,,, [ 9721770067 ],,,,,,,,,,,,,,,,,,,,,,,,,
  ,,,,,,,,,,,,,,,,,,,,,,,,,,,,,,,,,,, [ 13164021781 ],,,,,,,,,,,,,,,,,,,,,,,,,,,,,,,,,,,,,,,,
  ,,,,,,,,,,,,,,,,,,,,,,,,,,,,,,,,,,,,,,,,,,,,,,,,,,,,,,,, [ 5950686169 ],,,,,,,,,,,,,,,,,,,,
  ,,,,,,,,,,,,,,,,,,,,,, [ 12886080817 ],,,,,,,,,,,,,,,,,,,,,,,,,,,,,,,,,,,,,,,,,,,,,,,,,,,,,
  ,,,,,,,,,,,,,,,,,,,,,,,,, [ 67315196863 ],,,,,,,,,,,,,,,,,,,,,,,,,,,,,,,,,,,,,,,,,,,,,,,,,,
  ,,,,,,,,,,,,,,,,,,,,,,,,,,,,,,,,,,,,,,,,,,,,,,,,,,,,,,,,,, [ 119371561501 ],,,,,,,,,,,,,,,,
  ,,,,,,,, [ 3617902261 ],,,,,,,,,,,,,,,,,,,,,,,,,,,,,,,,,,,,,,,,,,,,,,,,,,,,,,,,,,,,,,,,,,,,
  ,,,,,,,,,,,,,,,,,,,,,,,,,,,, [ 2173936970701 ],,,,,,,,,,,,,,,,,,,,,,,,,,,,,,,,,,,,,,,,,,,,,
  ,,,,,,,,,,,,,,,,,,,,, [ 2515398337 ],,,,,,,,,,,,,,,,,,,,,,,,,,,,,,,,,,,,,,,,,,,,,,,,,,,,,,,
  ,,,,,,,,,,,,,,,,,,,,,,,,,,,,, [ 2587086661 ],,,,,,,,,,,,,,,,,,,,,,,,,,,,,,,,,,,,,,,,,,,,,,,
  ,,,,,,,,,,,,,,,,,,,,,,,,,,,,,,,,,,,,,,,,,,,,,,,,,,,,,,,,,,,,,,,,,,,,,,,,,,,,,,,,,,,,,,,,,,,
  ,,,,,,,,,,,,,,,,,,,,,,,,,,,,,,,,,,,, [ 18223567447 ],,,,,,,,,,,,,,,,,,,,,,,,,,,,,,,,,,,,,,,
  ,,,,,,,,,,,,,,,,,,,,,,,,,,,,,,,,,,,,,,,,,,,,,,,,,,,,,,,,,,,,,,,,,,,,,,,,,,,,,,,,,,,,,,,,,,,
  ,,,,,,,,,,,,,,,,,,,,,,,,,,,,,,,,,,,,,, [ 1608057697 ],,,,,,,,,,,,,,,,,,,,,,,,,,,,,,,,,,,,,,
  ,,,,,,,,,,,,,,,,,,,,,,,,,,,,,,,,,,,,,,,,,,,,,,,,,,,,,,,,,,,,,,,,,,,,,, [ 99992795041 ],,,,,
  ,,,,,,,,,,,,,,,,,,,,,,,,,,,,,,,,,,,,,,,,,,,,,,,,,,,,,,, [ 10938076381 ],,,,,,,,,,,,,,,,,,,,
  ,,,,,,,,,,,,,,,,,,,,,,,,,,,,,,,,,,,,,,,,,,,,,,,,,,,,,,,,,,,,,,,,,,,,,, 
  [ 2853531721, 36708794461 ],,,,,,,,,,,,,,,,,,,,,,,,,,,,,,,,,,,,,,,,,,,,,,,,,,,,,,,,,,,,,,,,
  ,,,,,,,,,,,,,, [ 547776828691 ],,,,,,,,,,,,,,,,,,,,,,,,,,,,,,,,,,,,,,,,,,,,,,,,,,,,,,,,,,,,
  ,,,,,,,,,,,,,,,,,,,,,,,,,,,,,,,,,,,,,,,,,, [ 121636080001 ],,,,,,,,,,,,,,,,,,,,,,,,,,,,,,,,
  ,,,,,,,,,,,,,,,,,,,,,,,,,,,,,,,,,,,,,,,,,,,,,,,,,,,,,,,,,,,,,,,,,,,,,,,,,,,,,,,,,,,,,,,,,,,
  ,,,,,,,,,,,,,,,,,,,,,,,,,,,,,,,,,,,,,,,,,,,,,,,,,,,,,,,,,,,,,,,,,,,,,,,,,,,,,,,,,,,,,,,,,,,
  ,,,,,,,,,,,,,,,,,,,,,,,,,, [ 1753183921 ],,,,,,,,,,,,,,,,,,,,,,,,,,,,,,,,,,,,,,,,,,,,,,,,,,
  ,,,,,,,,,,,,,,,,,,,,,,,,,,,,,,,,,,,,,,,,,,,,,,,,,,,,,,,,,,,,,,,,,,,,,,,,,,,,,,,,,,,,,,,,,,,
  ,,,,,,,,, [ 529056312511 ],,,,,,,,,,,,,,,,,,,,,,,,,,,,,,,,,,,,,,,,,,,,,,,,,,,,,,,,,,,,,,,,,
  ,,,,,,,,,,,,,,,,,,,,,,,,,,,,,,,,,,,,,,,,,,,,,,,,,,,,,,,,,,,,,,,,,,,,,,,,,,,,,,,,,,,,,,,,,,,
  ,,,,,,,,,,,,,,,,,,,,,,,,,,,,,,,,,,,,,,,,,,,,,,,,,,,,,,,,,,,,,,,,,,,,,,,,,,,,,,,,,,,,,,,,,,,
  ,,,,,,,,,,,,,,,,,,,,,,,,,,,,,,,,,,,,,,,,,,,,,,,,,,,,,,,,,,,,,,,,,,,,,,,,,,,,,,,,,,,,,,,,,,,
  ,,,,,,,,,,,,,,,,,,,,,,,,,,,,,,,,,,,,,,,,,,,,,,,,,,,, [ 210510748141 ] ]);
