BRENTFACTORS[5985]:=MakeImmutable([ ,,,,,,,,,, [ 279537964817 ],,,, [ 722694146221 ], 
  [ 417995838241 ], [ 31638751209011786224412537 ],,,, [ 5784637709761 ], [ 9593824043 ], 
  [ 65511027297733, 9645771807477079 ],, [ 150330086651, 1005552236622562327535648991901 ],, 
  [ 766308678679, 1117353350957464351 ],, 
  [ 1919662153489, 70872905820549776427257669285777213 ], [ 1072761271 ], 
  [ 48482934152041303381, 87875441122683413165699257671595739 ], [ 296468593818735137 ],,,,, 
  [ 465437940038207700877 ],, [ 3213839617, 13237271954865037, 5327429521682189377 ], 
  [ 11274499121 ], 
  [ 24653926727, 31229182253, 3753086289740881, 123002819627207960606145602847437 ], 
  [ 192035335759, 962530916485993 ], 
  [ 16895736646938589471, 408162783106475513457570331, 
      51758810368026349922515445108216477275175047582814699 ], [ 34928041347937 ], 
  [ 5185756531, 50813876089765876684172474611 ], [ 2315941929032383 ], [ 3791270537873257 ],
  , [ 92315536559, 25812597895351 ], [ 19527232951, 52894744272876601 ],, 
  [ 14909667917394041058650434844372009 ], [ 3138043717, 20138701458191587 ], 
  [ 233966538019, 42170372149331719 ], 
  [ 71523379418921, 2933462699914610576681, 3034519099574596964585852005482552309696911 ], 
  [ 190214186532217, 1053909485533117929039693881 ], [ 48320289889, 584199563426207401 ],,, 
  [ 17350129861 ], [ 2472704410260675631, 68432170585347961211 ], 
  [ 4288497221, 165046359855798758101, 165972998106852285063311034611 ], 
  [ 20958745054054093312811527, 8084353020252162617312430220567 ], 
  [ 86561725398529, 2572436163859519962045839489, 10453217254688783332146329729 ],, 
  [ 5578308451 ], [ 110410303889540584740241 ], 
  [ 4324162514173286910984646843425276288893809 ],, [ 93241665765221 ], 
  [ 37800986256746029 ], [ 24365346337 ], [ 4961027871756457 ],, 
  [ 476098006899901, 204163264932686701 ], [ 2463365110397, 87563014870237228080133 ], 
  [ 19997646465400297 ], [ 1197247897, 4459428986461972736025232291 ],, 
  [ 13750009469367983067964241, 829158144836103522249646367231521 ],,, 
  [ 5373246199, 481072377342811 ], [ 1052803249, 2181854364475945153 ], [ 112235429531 ],, 
  [ 126866473326881459869183 ], 
  [ 5571101189937652856257, 15339081671570704313343793, 116382497682534558925262633045665529 
     ],, [ 20489512231, 17637639861754875871 ],, 
  [ 5006897417, 26959146217, 64002027049153, 11755802579867516189017 ], [ 413299905459979 ], 
  [ 2518447153907 ], [ 206403346108871, 42039465792513911 ], 
  [ 1482833418194040481, 5550732539241237697, 4937406732808417070689, 5863080498854003128321 
     ], [ 15486774129833 ], [ 115953377370809912449348337, 63678221875053621279714701771621 ]
    , [ 126835640596742850433 ],, [ 281015304347, 109349865314082673691623 ], 
  [ 1229629303829439872048689, 763362213956217848487861068763370831 ], 
  [ 43281772141, 1597150100981 ], [ 472985122793, 1022200936849, 135702708923541612897617 ], 
  [ 42981123990055861, 85283257394145548431, 509796672957848097586820167771 ], 
  [ 163330768649, 39168439608371407 ], [ 1198254481, 32988846921807481 ],,, [ 3007970461 ],, 
  [ 37466155889, 35812442554561793 ],, [ 5423637900058081893241484461 ],, 
  [ 10425735929100497 ], [ 9785999515871827 ], 
  [ 25159953629, 28707702418607, 100537275292331588863 ], [ 1179808201149057397 ], 
  [ 8481912001, 7727323206123514481751700123463323242427625731763041 ], 
  [ 1903910220624222421693699 ], [ 8124879629, 140813220109987, 10032457075332142793 ], 
  [ 6911695665759683023 ],, [ 31200420001, 363227502751 ], 
  [ 121541743639, 87807370452183904204981391822053035120019 ], 
  [ 9832601370700560577, 239879517660455254097 ], [ 394598954881 ], [ 14362941637035422329 ],
  [ 42095169593733344014853551 ], [ 74140964699057812524383, 150932536619858829876949 ], 
  [ 367198266073, 30318593847301 ], [ 2951141728180029539 ], [ 4657618229668454521 ],, 
  [ 24415308716832641 ], 
  [ 21682098953, 14917542367817, 127371684674605919, 7060172629349123626651 ],,,,, 
  [ 732749907148241 ], [ 255835987361813, 242836922972038975009, 7660927714968234615481, 
      695350976711734826595971 ],, [ 19960747561, 29686475821, 484074196721 ], 
  [ 1717225283 ], [ 2101507980817337863, 1257347261312373540655805383 ], 
  [ 18023394275401, 6680580381542644609 ],, [ 699689831551, 2218482423151 ],, 
  [ 111829148617, 158929939313, 16099514996796409 ], [ 2649578756437 ], 
  [ 33092397647, 147415918189, 64263474735427565607241 ], [ 1127702164690024909083911 ],, 
  [ 1458139086329, 20543335469871239 ],, [ 341854543739605669, 4358098189235640203239 ],,,, 
  [ 9111923416902899 ], [ 399746127961 ], [ 28051041391659894301 ], 
  [ 132289934499195359, 2208342376761149266259, 33201678182613929644979 ],, 
  [ 1674366772699508750725740269113 ], [ 2677626096687881 ], [ 289492468910831731 ],,,, 
  [ 70493891294787469 ],, [ 407102279815138932113 ], 
  [ 112299634077607, 20456895336704568655519, 701217656132619527518303 ], [ 3935707306847 ], 
  [ 1622656481, 269369286293, 480930427357, 704126187509, 693953224432431580559 ], 
  [ 22757612201615521 ],, [ 351848204527, 32813449106029030223513 ],, 
  [ 61570542558015473, 2026614551515274329361 ],, 
  [ 5025947851, 7134802226989, 52474601901979907921780124871, 118342314340986076128663010411 
     ],, [ 1055040397, 473638562717, 4294701416987521300693 ], 
  [ 2053629710497, 32413508676170497, 583076168517980593 ],, [ 1594662821 ],, 
  [ 391202888983 ],,, [ 248247469799226739213 ],, 
  [ 2906885719, 75286105093, 185161338651763 ], [ 30746715842639 ], [ 1751421700201 ], 
  [ 3451845361 ], [ 307319179359548539 ], [ 8661080453737111 ], [ 29924224517791861 ], 
  [ 250833298531, 23212405776703534405591 ], [ 2321336748972679, 2999882163253172107 ], 
  [ 6027860541853 ], [ 3048929729, 5737996577 ],,,, [ 1604906357 ],, [ 1044241507953719 ],,, 
  [ 12340976881197906581753 ], [ 1080961939, 33669251216077172429527 ], 
  [ 1260975114247, 7040901295933, 14159525529367 ],, [ 7516948778286201619 ], 
  [ 81091002971521, 4679129399091108589, 48827758383132792169 ],, [ 12472366997591279521 ], 
  [ 3502813401001 ],, [ 1624635823, 64362197243441887 ],, [ 64133674151454134621 ],, 
  [ 146780318555726373841093 ], [ 245682505599211129 ], [ 38574585281 ], 
  [ 795725678908274023654291 ], [ 327354969849296190611 ], 
  [ 28961624347697, 3681611791627853509 ],,,, 
  [ 59164202673841, 2538267294146401, 2990818893540083761 ],, [ 1275393967, 257607620359 ],,
  , [ 484654687769699021 ], [ 657050216997439 ], [ 46611563392109 ], 
  [ 34771202427243814331369 ],,,,, [ 5718112709, 7643408807 ],, 
  [ 1278990982051, 1225729022211301 ], [ 4209322241, 14482520401505912155649 ], 
  [ 3056359651, 3922891691 ],, [ 1340441254223, 4746886227469 ],, 
  [ 143891168761, 404170636501 ], [ 400968715067 ],,, [ 4346023321 ], 
  [ 61236815207, 1120955139008041 ], 
  [ 1008675219774631, 3789758761901611, 2064080500998155413 ], [ 2514260750111907481057 ], 
  [ 6909230569, 8932938013 ], [ 2403258659316217441, 5065260532984001560865671 ],, 
  [ 345437161681, 698716463905409, 922898842733473 ],, 
  [ 155108306179417, 14675354464428121, 174564219106105025933 ],,, 
  [ 1345080459119, 16490622988907, 96469854875701 ], [ 1761186457909 ],, [ 154687509481 ], 
  [ 103429452103, 92103984702113, 1493666989395704077 ],,, 
  [ 166720329342993337, 1984334924866596485173 ], [ 180940241396052181 ], 
  [ 5720831439388834015963 ],,,, [ 16933232821, 90605758501, 2288665822828668305291 ], 
  [ 258659624976024079 ], [ 2851744515829812641, 73724165133923960333 ],, 
  [ 12886047049, 264766925249947 ], [ 1111351730591, 544528328376835111 ], 
  [ 9711044082165137 ], [ 119583725383 ], [ 60070101221566223 ], [ 103802690213 ],, 
  [ 1872802646303, 873233100596634247 ], [ 20338726607191 ], [ 3456845797 ], 
  [ 6103750113697, 886402136936929 ], [ 348647675261, 5537183421311, 930859466008441 ],,, 
  [ 780815314973, 39626030030685867077, 3352025071659528175913 ],,,, [ 218207933113 ], 
  [ 2054267064907 ], [ 1308425441, 8561484333323, 97719444428450927 ], [ 1632348901 ], 
  [ 207151504344122677 ], [ 11919165053287 ],, [ 593104620109 ],,, [ 144463338822948868409 ],
  , [ 570380502185881805701 ],, [ 337710902470439 ],, [ 1349485522313 ],, 
  [ 3248368674942601677603511 ],, [ 8491003667072764441 ], [ 3421283293, 60898992098617 ],,, 
  [ 8751330338689 ],,,, [ 18185260061, 722971507492639601341, 928587988400209670021 ], 
  [ 248582760383, 2752064327469799 ], [ 45075485463537547 ], [ 9130668919 ],, 
  [ 15866995051 ], [ 31440717295998971 ],, 
  [ 4728158024521, 84356885443693, 680393163351432913 ],, [ 95447849701 ], 
  [ 14124294283883941 ], [ 5386999397288609 ],,,,, [ 29143313316216037 ],,, 
  [ 63722730678121 ],,,,, [ 1496294061161 ],, [ 23946686379817, 1204193982702593 ],, 
  [ 51088213837, 37386631491571 ], [ 42345419746359421 ], [ 6507379327 ],, 
  [ 51014804177, 32407810259131 ],, [ 9447048001 ],,, 
  [ 1507965607, 177421770037, 454574069038783 ],, 
  [ 925083071201581, 8827946003209448007578561 ],,, [ 363574096759 ],, [ 1087296211 ], 
  [ 21743122856636053 ], [ 19785489238175509 ], [ 93359222953 ],, 
  [ 22045573501366351, 12116222943415019521, 20817369139452994307161 ],,,,,,,,,,, 
  [ 1194880721092879 ],, [ 30111347944523 ], [ 68698488536417 ],,, [ 1666265209899181 ],,,,,,
  , [ 3406269457 ],, [ 97140413363137, 968554052793795521 ],,, [ 1299621079582703 ], 
  [ 34460820281221759417021 ], [ 68361395653 ], [ 1977768833, 81393440787240269669 ],, 
  [ 493873257233 ],, [ 180632382484844459808181 ],, [ 22124478169 ], [ 34457925217 ], 
  [ 15338648225491 ],,, [ 188284265987 ], [ 54690770401, 130460004360734861 ], 
  [ 1899384871 ], [ 4416559472874944953 ],, [ 1596872227, 548056810129 ], [ 2892484957 ], 
  [ 21825245332441 ], [ 30450777901237 ],, [ 649274675187053 ], 
  [ 32243040573001, 454720216884169 ],, [ 3694102191487936747 ],, 
  [ 13377665281, 1105245081674980289 ],,, [ 5815130831137 ], [ 4289824714865617 ],,, 
  [ 6674368166315851 ], [ 6885316369, 563910949009, 41087631497329 ],, 
  [ 37658745431, 1317643842419 ], [ 206641875277, 292148621543287, 3779348122011277 ],, 
  [ 1139104799527 ],, [ 41007512747, 387765962806401649517881 ],,,, [ 84314065747 ],,,, 
  [ 179902951819 ], [ 5852802341593, 21490825022041 ],, [ 3669082321 ],,, [ 230295901886623 ]
   ,,,,,,, [ 2762885425350997 ], [ 21715584001, 455750676061186861 ], 
  [ 2822890663, 54091371494465821 ],,,, [ 8519534951967997651 ], [ 1652524331, 59678270941 ],
  ,,, [ 3480075313111 ], [ 1107950219146033 ], [ 18655793153551 ],,,,, [ 81486777360883 ],, 
  [ 3734754409, 293289716445769, 1520369997436699417 ],, [ 753598837597 ], 
  [ 79480220161773289 ], [ 11979888567481 ],,,, [ 1377503233 ], [ 23745638991979 ], 
  [ 416785708908871 ],, [ 5721791389 ],, [ 45413436876706781 ],,,, 
  [ 380450110861, 5594971585663, 93241392248355553, 1801899558680197573, 
      15287153076916366033 ],, [ 500783066297737 ], [ 1497021808801, 2240383257253051 ], 
  [ 86362454051 ], [ 1768067083 ],,, [ 1331851997621471 ],, [ 46485995081 ],,,,,,,,,, 
  [ 15661751783 ],,,, 
  [ 77387711857, 125433134737, 1182805566307, 2779273670069443, 406429369660617577 ],,, 
  [ 1334246779 ], [ 22821079601 ],, [ 4935351409, 836832779977, 25163148353017 ],,, 
  [ 4593804931, 9320405821 ],, [ 19354301801 ], 
  [ 39765500673193, 44227969899517, 3972369014938189 ],,,,, [ 17481941669207 ],, 
  [ 1341046711 ], [ 225029402701, 35843667254189 ], [ 127927089991 ],, [ 1133268197 ], 
  [ 660801255931 ],, [ 44982292105203953501 ], [ 10269401119 ], [ 8836613204251203281 ],, 
  [ 487507007809, 4269309786433, 38351936014917489548929 ],,,, [ 113730928096334427701 ],,,, 
  [ 312655021793 ], [ 2541858756841 ],, [ 137504913187 ], [ 42492628124269 ], [ 9486601277 ],
  ,,,, [ 84937315717, 7770924028297, 1090792089842401 ],,, [ 3338403703 ], 
  [ 82829158761736661 ], [ 1715818729 ], 
  [ 20865493801, 66581521801, 779515204201, 30601447751106601, 2054874601549549201 ],, 
  [ 1807473467843 ],, [ 4921473443361627781 ],, [ 1245323941 ],, [ 23948051137 ],,,, 
  [ 15431204601213481 ],,,,,,,,,, [ 3252222096653843 ],, [ 2639941201, 1233423059233 ],,, 
  [ 1544933017 ], [ 4024569401 ],, [ 15205899871, 206304235341825601 ], [ 15615386027 ], 
  [ 2736873363929 ],,, [ 29940176341 ],,, [ 14485609447 ],,,,,, 
  [ 33059682041, 801934605170161 ],, [ 5432698284883 ], [ 79974154727 ],, [ 5194428559 ],,,,
  , [ 1992182285083, 1795256625096679 ], [ 46437237631 ],,,,,,,,,, 
  [ 10122467741, 11876214109691, 18759219674431531 ], [ 151020871957 ],,,,, 
  [ 14520215911499 ], [ 2410397058049 ],,,,,,,,,,, [ 15510755153 ],,, [ 18007697569 ],,,, 
  [ 24409854691, 347501485291 ],,,,,,,, 
  [ 75650944517, 633765960889, 1546365020171, 276949545070129 ],,,,,,,,,,,,,,,,,,,, 
  [ 4828786223, 209568491183869 ], [ 131119711687 ],,,, [ 2957391013, 5802805231 ], 
  [ 8599939157 ],, [ 35998550400020869 ],,,,,,,,,,,, [ 1984332187 ],,, [ 1181872771 ],,, 
  [ 43219213231561 ],, [ 5605952773 ],,, [ 31176239683 ], 
  [ 321188083282501, 2286140321628576804751 ],,,,,,,, [ 113779519377899 ],,,,,,,, 
  [ 68720724841, 9487778659647083 ],,,,,, [ 14484294109, 23285077897 ], [ 29555144821 ], 
  [ 13462784947 ],, [ 359495104313 ],,,, [ 727453736881 ],, [ 21115747771, 94450710721 ],,,, 
  [ 94480349503 ], [ 2062267393 ], [ 245991543881, 211936436162089 ],,,,,,,, 
  [ 3894851881, 37982249517337 ],,,, [ 5060869601 ],,,,,,,, [ 1490209753, 166036636123129 ], 
  [ 1195224691, 99178390673 ],,,,, [ 11334673241, 2353720198171 ],, 
  [ 7790528080561, 33577381348033 ], [ 6925687759 ],, [ 18305061139 ],,,,,,,,, 
  [ 2183851208881, 3314571493388833 ], [ 4379008463 ],, [ 5603028404383 ],,,,,,, 
  [ 18967494797 ],, [ 27273972601 ],,,,, [ 3868947421 ], 
  [ 1454383981, 13901113297, 6097594175443 ],, [ 647462101393 ], [ 101615307271 ],,,,,,,,,,,,
  ,,, [ 65715152048641 ],,,, [ 14227556393 ],, [ 131274413971 ],,,,,, [ 1558080826192113109 ]
   ,, [ 8871329561 ],, [ 904445358773441 ],,,, [ 92691299049961 ],, [ 4221652108277 ],, 
  [ 4957035908015857 ],,,,,,,,,,,,,,,,,, [ 12928738366183 ],,,,,,,, [ 9567916579411 ],,, 
  [ 3493254647 ], [ 490876659170047 ],,,,,,,, [ 1294817467 ],,,, 
  [ 1291123651, 4663844922091 ],,, [ 4784703901 ],,, [ 45267741793 ],, [ 13982351665604449 ],
  , [ 7279543301, 5719727246237881 ],,,, [ 201884449117889 ],,,, [ 7150396346641 ],, 
  [ 583500220953101 ],,,,,, [ 376526266213, 14034504849269 ], [ 6339434047 ],,,, 
  [ 1095019139 ], [ 76225143593, 362444277287 ],,,,,,,,,, [ 4578670153, 5719081789 ],, 
  [ 13742125093 ],,,,, [ 1990837619 ], [ 29933696038121 ],,,,,, [ 99836820653 ], 
  [ 9483903367 ],,,,, [ 1972878689, 29375446241, 149014364303617 ], [ 2646954703 ], 
  [ 1448688403 ],,,, [ 387976915153, 19597979269447 ],,, [ 3064115814761 ],,,,,,,, 
  [ 19708070521 ],,,,,,,,,,, [ 3091757114846803263121 ],,, [ 3967971152641 ],,, 
  [ 22157981299 ], [ 333976770583 ], [ 1519615301 ],,,, 
  [ 45048134377, 67890440953, 43299065340217 ], [ 3681500437 ],,,, [ 15940324313 ],,,,,,,,,,
  , [ 53397010609 ], [ 27011810843 ],,,,,, [ 4840247161, 113777118551 ],,, [ 4162833844597 ],
  [ 40158110257 ],,,,, [ 1549708553 ],,,,,,,,,,,, [ 2899821077 ],, [ 204076909807 ], 
  [ 4275917309 ],,,,,,,,,,,, [ 1083430643 ],, [ 25885873133 ], [ 2704384411 ],,,,,,,,,, 
  [ 21966166561 ],, [ 2484667711 ],,,,,,,,, [ 7948525031 ],,, [ 1142049299 ],,,,,,, 
  [ 2396007001 ], [ 449168944201 ],,,,, [ 22867374583 ], [ 5481086269, 456612339413 ],, 
  [ 12990972840427 ], [ 397331415821 ],,,,, [ 1138288861 ],,,,,,,,, [ 2215559251 ],,, 
  [ 212990282497 ],,,,,,,,,,,, [ 4427523097 ],,,,,, [ 272880947431 ],,,, [ 1373284153 ],,,,,,
  ,, [ 16086170143 ],,,,,,,,,,,,,,,,,,,, [ 237034116329 ],,,,,,,,,,,,, [ 16936322401 ],,, 
  [ 1342563643 ],,,,,,,,,, [ 1164486613 ], [ 1603727017 ],, [ 10200898157 ],,,,,,,,,,,,,,,,,,
  ,,, [ 1587849001 ], [ 11030585021 ],,,,, [ 1782319897777 ],,,,,,, [ 1588953851 ], 
  [ 3850749157 ],,,,,,,,,,,,,,,,,,, [ 4950835151 ],,,,,,,,,,,,,,,,,,,,,,,, [ 275156250601 ],,
  , [ 1091027713 ],, [ 1556410663 ],,,,,, [ 51405975721, 3804110823481, 145722433569241 ],,,,
  ,, [ 1029129024379 ],,,,, [ 9311526929 ],,,,,,,,,,,,, [ 904381511041 ],,,,,, 
  [ 5463836101 ], [ 3154636756811 ],,,,,,,,, [ 17162271121 ],,,,,,,,,,,,,,,,,,,,,,, 
  [ 73685811271 ],,, [ 3330850447 ],,,,, [ 5480296519361 ],, [ 4660484879 ],,,,,,,,,,,,,,,,, 
  [ 2256858691 ],,,,,,,,, [ 1410438395389 ], [ 19775922521 ],,, [ 4006430887 ],, 
  [ 1420459951 ],,,,, [ 6235665151 ],,, [ 1403356963 ],,,,, [ 2980982629 ],,,,,,,,,,,,,,,,,,,
  ,,,,,,,,,,, [ 7055495729 ],,,, [ 2166179009 ],,,,,,,,,,,, [ 1123885141 ],,,,,,, 
  [ 3312208789, 4518803521 ],,,, [ 1974515150401 ],,,, [ 1062749029 ], [ 10673572501 ],,,,,,,
  ,,,, [ 1996785230761 ],, [ 4191494161 ],,,,,,,,,,,,,,, [ 1482476297, 82046027233 ],,,,, 
  [ 18218592043 ],,,, [ 435256005911 ],,,,,, [ 473551791901 ],,,, [ 33573040411 ],,,,,,,,,,,,
  ,, [ 175445607247 ],,,,,,,,, [ 7655412631 ],, [ 95346226753 ],, [ 28796196211 ],,,,,,, 
  [ 5620774363 ], [ 1215935916469 ], [ 4079555633 ],,, [ 2579697199 ],,,,,,,, 
  [ 199786883111 ],, [ 374169385717 ],,,,,,,,,,,,,,,,,,, [ 15016186021 ],,,,,,,,,,,,, 
  [ 1568066809, 3819066593 ],,, [ 3596012491 ],,,,,,, [ 301118095279 ],, [ 30266142601 ],,,, 
  [ 7197484721437 ],,,,,,,, [ 18574486673 ],, [ 1659726149 ],,,,,,, [ 8236015349 ],,,,,, 
  [ 3196629199 ],,, [ 8799637481 ],,,, [ 34348769173 ], [ 4109253644651 ], [ 1261910681 ],,, 
  [ 1141263313 ],,,,, [ 1809995197 ],,,,,,,,,, [ 1612945489 ],,,,,,,, [ 1970744099 ],,,,,, 
  [ 1611610729 ],,,,,,,,,,, [ 6864902137 ],,,,,,,,,,,,,, [ 3324649589 ],,,,, [ 1291342691 ],,
  ,,,,,, [ 1836620893 ],,,,, [ 1540403729 ],,,, [ 9516294451 ],,,,,, [ 13337074381 ],,,, 
  [ 1046921307221 ],,,,,,,,,, [ 7967694551 ],,,,,,,,,,,,,,,,,,,,, [ 575586570001 ],,,,,,, 
  [ 19522404403 ],,,,,,,,, [ 4970622229 ],,,,,,, [ 6320155519 ],,, [ 1556979169 ],,,,,,, 
  [ 1550318929 ],,,,,,, [ 4124219653 ],,,,,,,,,,,,,,, [ 630533017627 ],,,,,,,,,,,,,, 
  [ 6955670431 ],,,,,,,,,,,,, [ 5804550571 ],,,, [ 49141587049 ],,, [ 1170479441 ],, 
  [ 1135917669277 ], [ 52453728161 ],,,,,,,,,, [ 7175823643 ],,,,,,,,,,,, [ 1226555136241 ], 
  [ 28662305491, 42117022039 ],,, [ 238330235143573 ],, [ 12565760281 ],,,,,,,,,,,,,, 
  [ 11654974711 ],, [ 3614938153 ],,,,, [ 156558083111 ],,, [ 1359136841 ],,,,,,, 
  [ 351711870379 ],,,,, [ 18314122721 ], [ 160031011267 ], [ 19282281079 ],,,,,, 
  [ 26459643281 ],,,,,,,,,, [ 10183938641 ],,,,,,,,,, [ 11315599021 ], [ 1050282619 ],,, 
  [ 1190901953 ],,,,, [ 1064576449 ],,,,, [ 8645458874119 ],,,, [ 56204121619 ],,,,,, 
  [ 8323577929 ],, [ 1873818643 ], [ 1643949757 ],,,,,,,,,,,,,,,,,,,,,,,,,,, [ 66197913121 ],
  , [ 2620142653 ],,,, [ 2548614841 ],,, [ 1129517497 ],, [ 1912528991 ],,,,, [ 2995775701 ],
  ,,, [ 65741010037 ],,,,,,,,,,,,,,,, [ 8205113611 ],,,, [ 2170675363 ],, [ 12018443557 ],, 
  [ 1843138207 ],,,,,,,, [ 56231755469 ],, [ 1716945301305361 ],,,, 
  [ 2661318973, 15121274235521 ],,,, [ 86888822737 ],,,,,, [ 421611924917 ], [ 12167184097 ],
  ,,,,, [ 14293523947 ],,,,,,,,,,,,,,,,, [ 309005240959 ],,,,,, [ 9725194753 ],,,, 
  [ 21489862393 ],,,,,,,,,,,,,,,,,,,,,,,,,,,,, [ 1385396491 ],,,,,,,,,,,,,,,,,,,,,,, 
  [ 71199773641 ],,,,,,,,,,,,,, [ 1887472927 ],,,,,,,,,,,,,,,,,,,, [ 456860509381 ],,,,,,,,,
  , [ 1895456809, 436224387889 ], [ 959328097729 ],,, [ 11899428529 ],,,,,,,, 
  [ 26162923909 ],,,,,,,,,,,,,,,,,,,,, [ 1713585751 ],,,,,,,,,,,,,,,,,,,,,,,, [ 3227540359 ],
  ,, [ 7653677893 ],,,,,,,,, [ 1462060003 ],,,,,,, [ 42228266609 ],,,, [ 403389381313 ],,,,,
  , [ 3282204553 ], [ 410604899611 ], [ 8929160321 ],,,,, [ 1523247001 ],,,,,, 
  [ 9023021281 ],,,,,,,,,,,,,,,,,,,,,,,,,,,,,,,,,,,,,,,,, [ 2435849497 ],,, [ 9221557527001 ]
   ,,, [ 42139779419 ],,,,,,,, [ 6347685769 ],,,, [ 1618089751 ],, [ 15534576097 ],, 
  [ 2704365343 ],,,,,,,,,, [ 344379767261 ],,,,,, [ 58387932781 ],,,,,,,,,,,,,,,,, 
  [ 78554670169 ],,,,,,,,,,,,,,,,,,,,,,,,,,,,,,, [ 2744656877 ],,,,,, [ 4863857153 ],,,,, 
  [ 32318233629013 ],,, [ 4530466537 ],,,,,, [ 1590516691 ],,,,,,, [ 1420935415061 ],,,,,,,,,
  ,,,,,,,, [ 23097220507 ],,,,,,,,,,,,,,,,,,,, [ 1181103041, 14213888599 ],,,,,,,,,, 
  [ 2565635089 ],,,, [ 81367780633 ],,,,, [ 9084156313 ],,, [ 34897841521 ],, [ 2578196717 ],
  ,,,,,,,,,,,,, [ 60836812801 ],,,,,,,, [ 1852175137 ],,, [ 1141076647 ],,,,,,,,,,,, 
  [ 10815759739 ],,,,,,, [ 10108026671 ],,,,, [ 387704713831 ], [ 5845283401 ],,,,,,,,,,, 
  [ 36156769771 ], [ 3082202209 ],,,,,,,, [ 9970604089 ],,,,,,,,,,,,,,, [ 16225445407 ], 
  [ 2988162241, 9459715233361 ],,,,,,,,,,,,,,,, [ 1031786802433 ],,,, 
  [ 1380909661, 1668057613 ],,, [ 2836771921 ],,,,,,,,,,,,, [ 2700072029 ],, 
  [ 18491621886271 ],,,,,,,,,,,, [ 39596702023 ],,, [ 7313021731 ], [ 662552643913 ],, 
  [ 1735114753 ],, [ 31380808321 ],,,,,,,,,,,,,,,, [ 1937406703 ],,,,,,,,,,,,,,,,,,,,,,,,,,,,
  ,, [ 4110446017 ],,,,,,,, [ 39501344560609 ],,,,,,, [ 353554200931 ],,,,,,,,,,,,,,, 
  [ 36015461188261 ],,,,,,,,,,,,,,,, [ 1522694317 ],,,,,,,,,,,, [ 13979248141 ],, 
  [ 7310914621477 ],,,,,, [ 30606495379 ],, [ 29942497177 ], [ 1343822524771 ],,,,,,,,,,,,,,,
  ,,,,,,,,,,,,,,,,,,,,,,,,,, [ 9749081149 ],,,,,, [ 4924037893 ],,,,,,,,,,,,,, 
  [ 22321018459 ],,,, [ 30244834901 ], [ 1724546539 ],,, [ 21756909997, 27571057981 ],,,,,,,,
  ,, [ 3482888557, 6739452329 ],, [ 3327907207 ],, [ 500264489089 ],,,,,,,,,,,,,,,,,, 
  [ 2026810043, 204331757501 ],,,,,,,,,,,,,,,, [ 51613459383601 ],,,,,,,,,,,,,,,,,,,,,,,,,,,,
  ,,,, [ 1033344649 ],,,, [ 3663338059 ],,,,,, [ 1597278853 ],,,,,, [ 1213910281 ],,,,,,,,,,,
  ,,,,,,,,,,,,,,,,,,,,,,, [ 722585731757 ],,,,,,,,,,,,,,,,,,,, [ 1343849095009 ],,,,,,,, 
  [ 2612222633 ],, [ 7000096379 ],,,,,,,,,,,,,, [ 2415375409 ],,,,,,,, [ 17109767777 ],,,,,,,
  ,,,,, [ 12238163029 ],, [ 23072112221 ],,,, [ 1426972319 ], [ 1157202451 ],,, 
  [ 10869867739 ],,,, [ 5563811321 ],,,,,,,,,,,,,,,,,,,,,,, 
  [ 7201109791, 82809685531, 525280357891 ],,, [ 8846639173 ],,,,,,,,,,,,,, [ 124029255001 ],
  ,,, [ 2969671867 ],, [ 5870836849 ],,,,,, [ 70215245437 ],,,, [ 6879813961 ],,,,,, 
  [ 1526569201, 61327382761 ],,,,,,,,,,,,,,,,,,,,,,,,,,,,,,,,,,,,,,,,,,,,,,,, [ 2363806873 ],
  ,,,,,,,,, [ 3921138992333 ],,,,,,,,,,, [ 1079021791 ],,,,,,,,,,, [ 2528228561 ], 
  [ 1174880401 ], [ 499178468267 ],,,,,, [ 1722623681 ],,,, [ 2740264217 ],,,,,,,,,,,,,,,,,,,
  , [ 594423434881 ],,,,,,,,,,,,,, [ 78042935071 ],,,,,,,,,,,,,, 
  [ 5525602573, 1049048161813 ],,,,,,,,,,,,,,,,,,,, [ 1348765489 ],,,,,,,,,,,,,,,, 
  [ 3804610441 ],,,,,,,,,,,,,,,,,, [ 1568990183 ],,,,,,,,,,,,,,,,,,,, 
  [ 1866581239, 2510222531 ],,,,,,,,,,,,,,,,, [ 40248535501 ],,, [ 268555715689 ],,,,,,,,,,,,
  ,,,,,,,,,,,,,,,,,,,,,,,,,,,,,,,,,,,,,,,,,,,,,,,, [ 1085160007 ],,,,,, [ 3541868149 ],,,,,,,
  ,,,,,,,,,,,,,,, [ 4081405631, 4924180861 ],,,,,, [ 2568241873 ],,,,,,,,,,,,,,,,,,,,,,,,,,,,
  ,,,,,, [ 7734639191 ],,,,,,,,,,,,,,,, [ 1986605233 ],,,, [ 133569950389 ],,,, 
  [ 2036668801, 51059176681 ],,,,,,,,,,,,,,,,,,,, [ 3741994651 ],,,,,,,,,, [ 53166253961 ],,,
  , [ 11224793053 ],,,,,,,, [ 14362586933 ],,,,,,,,,,,,,,,,,,,, [ 7211891881 ],,,,,,,,,, 
  [ 48852733739 ],,,,,,,,,,,, [ 4668771199 ],,,,,, [ 7892990081 ],,,,,,,,,,,,,,,,,,,,,,,,,,,,
  ,,,, [ 249299047009 ],,,,,,,,,,,,,,,,,,,,,,,,,,,,,,,,,,,,,,,,,,,,,,,,,,,,,,,,,,,,,, 
  [ 3531215491 ],,,,,,,,,,,,,,,,,,,,,,,,,,,,,,,,,,,,,,,,,, [ 116000221369 ],,,,,,,,,, 
  [ 1495391983 ],,,,,,,,,,,,,,,, [ 330215549749 ],,,,,,,,,,,,,, [ 13900888100527481 ],,,,,,,,
  ,, [ 62236515067 ],,,,,,,,,,,,,,,,,,,,,,,,,,,, [ 111598760773 ],, [ 2802911497 ],,,,,,,,,,,
  ,,,,,,,,,,, [ 24516417169 ],,,,,, [ 20232189937 ],,,,,,,,,, [ 5415212791 ],,,,,,,,,,,,,,,,,
  , [ 3049724497 ],,,,,,,,,,,,,,,,,,,,,,,,,,,, [ 5254905041 ],,,,,,,,,,,,,,,,,,,,,,,,,,,,,,,
  , [ 1667977169 ],,,,,,,,,,,,,,,,,,,,,,,,,,,,,,,,,,,,,,,,,,,,,,,,,,,,,,,,,, [ 40298691491 ],
  ,,,,,,,,, [ 2203896661 ],,,,,,,,,,,, [ 6297859831882753 ],,,,,,,,,,,,,,,,,,,,,,,,,,,, 
  [ 2591696941 ],,,,,,,,,, [ 3253037041 ],,,,,,,,,,,,,,,, [ 12405038797, 17795085697 ],,,,,,,
  ,,,,, [ 499091018749 ],, [ 4880525201 ],,,,,,,,,,,,,,,,,,,,,,,,,,,,,, [ 1329893041 ],,,,,,,
  ,,,,,,,,,,,,,,, [ 1284105649 ],,,,,,,,,,,,,,,,,,,,,,,, [ 1602245331250561 ],,,, 
  [ 1765535861, 2525547641 ],,,,,,,, [ 110469070513 ],, [ 278809810991 ],,,, [ 4230265519 ],,
  ,,,,,,,,,,,,,, [ 1004059741 ],,,,,,,, [ 77198190313 ],,,,,,,,,,,, [ 1050985801 ],,,,,,,,,,,
  , [ 3137917693 ],,,,,, [ 2089353313 ],,,,,, [ 12535746757 ],,,,,,,,,,,,,,,,,,,,,,,,,, 
  [ 2585693521 ],,,,,,,,,,,,,,,,,,,,,,,,,,,,,,,,,,,,,,,, [ 390399704641 ],,,,,,,,,,,,,,,,,, 
  [ 17277412429 ],,,,,,,,,,,, [ 1758937368301 ],,,,,,,,,,,,,,,,,,,, [ 1167720811 ],,,,,,,,,,,
  ,,,,,,,,,,,,,,,,,,, [ 2173261201 ],,,,,,,,,,,,,,,,,,,, [ 28479805901 ],,,,,,,,,,,,,,,,,,,, 
  [ 120509414401 ],,,,,,,,,,,,,,,,,, [ 108800338663 ],,,,,,,,,,,,,,,,,, [ 3187686349 ],,,,,,,
  ,,,,,,,,,,,,,,,,,,,,,,,,,,,,,,,,,,, [ 30416495257 ],,,,,,,,,,,,,,,,,,,,,,,,,,,,,, 
  [ 109253534101 ],,,,,,,,,,,,,,,,,,,,,, [ 101763562661 ],,,,,,,,,,,,,,,,,,,, 
  [ 14533064551 ],,,,,,,,,,,,,,,,,,,,,,,, [ 39106695241 ],,,,,,,,,,,,,,,,,,,,,,,,,,,,,,,,,,,,
  ,,,,,,,,,,,,,,,,,,,,,,,, [ 104955357079 ],,,,,,,,,,,,,,,,,,,,,,,,,,,,,,,,,,,,,,,,,,,,,,,,,,
  ,,,,,,,,,, [ 1838221669, 11075358691 ],,,,,,,,,,,,,,,,,,,,,,,,,,,,,,,,,,,,,,,,,,,,,,,,,,,,,
  ,,,,,,, [ 1869985993 ],,,,,,,,,,,,,,,,,,,,,,,,,,,,,,,,,,,,,,,,,,,,,,,,,,,,,,,,,,,,,,,,,,,,,
  ,,,,,,,,,,,,,,,,,,,,,,,,,,,,,,,,,,,,, [ 20040295306501 ],, [ 14593111843 ],,,,,,,,,,,,,,,,,
  ,,,,,,, [ 14010425138251 ],,,, [ 1369484981 ],,,,,,,,,,,,,, [ 7290585553 ],,,,,,,,,,,,,,,,,
  ,,,,,,, [ 1845835561 ],,,,,,,,,,,,,,,,,,,,,,,,,,,,,,,,,,,,,,,,,,,,,,,,,,,,,, 
  [ 7943925151 ],,,,,,,,,,,,,,,,,, [ 1298178001 ],,,,,,,,,,,,,,,,,,,, 
  [ 2038198361, 1078565089361 ],,,, [ 1946844673 ],,,,,,,,,,,,,,,,,,,,,,,, [ 2375989153 ],,,,
  ,,,,,,,,,,,,,,,,,,,,,,,,,,,,,,,,,,,,,,,,,,,, [ 177371811361 ],,,,,, [ 2521919611 ],,,,,, 
  [ 5422537693 ],,,,,,,,,,,,,,,,,,,,,,,,,,,,,,,,,,,,,,,,,,,,,,,,,,,,,,,,,,,,,,,,,,,,,,,,,,,,,
  ,,,,,,,,,,,,,,,,,,, [ 56243646253 ],,,,,,,,,,,,,,,,,,,,,,,,,,,,,,,,,,,,,,,,,, 
  [ 3253559431 ],,,,,, [ 4414125997 ],,,,,,,,,,,,,,,,,,,,,,,,,,,,,,,,,,,,,,,,,,,,,,,, 
  [ 330562361761 ],,,,,,,,,,,, [ 76589474881 ],,,,,,,,,,,,,,,,,, [ 126806637631 ],,,,,,,,,,,,
  ,,,,,,,, [ 14086910531 ],,,,,,,,,,,,,,,,,,,,,,,,,,,,,,,,,,,,,,,,,,,,,,,,,,,, 
  [ 556080076471 ],,,,,,,,,,,,,,,,,, [ 1041538681 ],,,,,,,,,,,,,,,,,,,,,,,,,,,,,,,,,,,,,,,,,
  , [ 6875271691 ],,,,,,,,,,,,,,,,,,,,,,,,,,,,,,,,,,,,,,,,,,,,,,,,,,,,,,,,,,,,,,,,,,,,,,,,,,,
  ,,,,,,,,,,,,,,,,,,,,,,,,,,,,,,,,, [ 1412557192861 ],,,,,,,,,,,,,,,,,,,,,,,,,,,,,,,,,,,,,,,,
  ,,,,,,,,,,,,,,,,,,,,,,,,,,,,,,,,,,,,,,,,,,,,,,,,,,,,,,,,,,,,,,,,,,,,,,,,,,,,,,,,,,,,,,,,,,,
  ,,,,,,,,,,,,,,,,,,,,,,,,,,,,,,, [ 52002464593, 712061966149 ],,,,,,,,,,,,,,,,,,,,,,,,,,,,,,
  ,,,,,, [ 1239142609 ],,,,,,,,,,,, [ 2341674363541 ],,,,,,,,,,,,,,,,,,,,,,,,,,,,,,,,,,,,,,,,
  ,,,,,,,,,,,,,,,,,,,,,,,,,,,,,,,,,,,,,,,,,,,,,,,,,,,,,,,,,,,,,,,,,,,,,,,,,,,,,,,,,,,,,,,,,,,
  ,,,,,,,,,,,,,,,,,,,,,,,,,,,,,,,,,,,,,,,,,,,,,,,,,,,,,,,,,,,,,,,,,,,,,,,,,,,,,,,,,,,,,,,,,,,
  ,,,,,, [ 1823980033 ],,,,,,,,,,,,,,,,,,,,,,,, [ 1616329969 ],,,,,,,,,,,,,,,,,,,,,,,,,,,,,,,
  ,,,,,,,,,,,,,,,,,,,,,,,,,,,,,,,,,,,,,,,,,,,,,,,,,,,,,,,,,,,,,,,,,,,,,,, [ 1074541483 ],,,,,
  ,,,,,,,,,,,,,,,,,,,,,,,,,,,,,,,,,,,,,,,,,,,,,,,,,,,,,,,,,,,,,,,,,,,,,,,,,,,,,,, 
  [ 5760482743 ],,,,,,,,,,,,,,,,,,,,,,,,,,,,,,,,,,,,,,,,,,,,,,,,,,,,,,,,,,,,,,,,,,,,,,,,,,,,,
  ,,,,,,,,,,,,,,,,,,,,,,,,,,,,,,,,,,,,,,,,,,,,,,,,,,,,,,, [ 2785841911 ],,,,,,,,,,,,,,,,,,,,,
  ,,,,,,,,,,,,,,,,,,,,,,,,,,,,,,,,,,,,,,,,,,,,,,,,,,,,,,,,,,,,,,,,,,,,,,,,,,,,,,,,,,,,,,,,,,,
  ,,,,,,,,,,,,,,,,,,,,,,,,,,,,,,,,,,,,,,,,,,,,,,,,,,,,,,,,,,,,,,,,,,,,,,,,,,,,,,,,,,,,,,,,,,,
  ,,,,,,,,,,,,,,,,,,,,,,,,,,,,,,,,,,,,,,,,,,,,,,,,,,,,,,,,,,,,,,,,,,,,,,,,,,,,,,,,,,,,,,,,,,,
  ,,,,,,,,,,,,,,,,,,,,,,,,,,,,,,,,,,,, [ 1091684161, 1245612481, 30631910401 ],,,,,,,,,,,,,,,
  ,,,,,,,,,,,,,,,,,,,,,,,,,,,,,,,,,,,,,,,,,,,,,,,,,,,,,,,,,,,,,,,,,,,,,,,,,,, [ 1332744241 ],
  ,,,,,,,,,,,,,,,,,,,,,,,,,,,,,,,,,,,,,,,,,,,,,,,,,,,,,,,,,,,,,,,,,,,,,,,,,,,,,,,,,,,,,,,,,,,
  ,,,,,,,,,,,,,,,,,,,,,,,,,,,, [ 2881833571 ],,,,,,,,,,,,,,,,,,,,,,,,,,,,,,,,,,,,,,,,,,,,,,,,
  ,,,,,,,,,,,,,,,,,,,,,,,,,,,,,,,,,,,,,,,,,,,,,,,,,,,,,,,,,,,,,,,,,,,,,,,,,,,,,,,,,,,,,,,,,,,
  ,,,,,,,,,,,,,,,,,,,,,,,,,,,,,,,,,,,,,,,,,,,,,,,,,,,,,,,,,,,,,,,,,,,,,,,,,,,,,,,,,,,,,,,,,,,
  ,,,,,,,,,,,,,,,,,,,,,,,,,,,,,,,,,,,,,,,,,,,,,,,,,,,,,,,,,,,,,,,,,,,,,,,,,,,,,,,,,,,,,,,,,,,
  ,,,,,,,,,,,,,,,,,,,,,,,,,,,,,,,,,,,,,,,,,,,,,,,,,,,,,,,,,,,,,,,,,,,,,,,,,,,,,,,,,,,,,,,,,,,
  ,,,,,,,,,,,,,,,,,,,,,,,,,,,,,,,,,,,,,,,,,,,,,,,,,,,,,,,,,,,,,,,,,,,,,,,,,,,,,,,,,,,,,,,,,,,
  ,,,,,,,,,,,,,,,,,,,,,,,,,,,,,,,,,,,,,,,,,,,,,,,,,,,,,,,,,,,,,,,,,,,,,,,,,,,,,,,,,,,,,,,,,,,
  ,,,,,,,,,,,,,,,,,,,,,,,,,,,,,,,,,,,,,,,,,,,,,,,,,,,,,,,,,,,,,,,,,,,,,,,,,,,,,,,,,,,,,,,,,,,
  ,,,,,,,,,,,,,,,,,,,,,,,,,,,,,,,,,,,,,,,,,,,,,,,,,,,,,,,,,,,,,,,,,,,,,,,,,,,,,,,,,,,,,,,,,,,
  ,,,,,,,,,,,,,,,,,,,,,,,,,,,,,,,,,,,,,,,,,,,,,,,,,,,,,,,,,,,,,,,, [ 3788614983721 ],,,,,,,,,
  ,,,,,,,,,,,,,,,,,,,,,,,,,,,,,,,,,,,,,,,,,,,,,,,,,,,,,,,,,,,,,,,,,,,,,,,,,,,,,,,,,,,,,,,,,,,
  ,,,,,,,,,,,,,,,,,,,,,,,,,,,,,,,,,,,,,,,,,,,,,,,,,,,,,,,,,,,,,,,,,,,,,,,,,,,,,,,,,,,,,,,,,,,
  ,,,,,,,,,,,,,,,,,,,,,,,,,,,,,,,,,,,,,,,,,,,,,,,,,,,,,,,,,,,,,,,,,,,,,,,,,,,,,,,,,,,,,,,,,,,
  ,,,,,,,,,,,,,,,,,,,,,,,,,,,,,,,,,,,,,,,,,,,,,,,,,,,,,,,,,,,,,,,,,,,,,,,,,,,,,,,,,,,,,,,,,,,
  ,,,,,,,,,,,,,,,,,,,,,,,,,,,,,,,,,,,,,,,,,,,,,,,,, [ 1624834049 ],,,,,,,,,,,,,,,,,,,,,,,,,,,
  ,,,,,,,,,,,,,,,,,,,,,,,,,,,,,,,,,,,,,,,,,,,,,,,,,,,,,,,,,,,,,,,,,,,,,,,,,,,,,,,,,,,,,,,,,,,
  ,,,,,,,,,,,,,,,,,,,,,,,,,,,,,,,,,,,,,,,,,,,,,,,,,,,,,,,,,,,,,,,,,,,,,,,,,,,,,,,,,,,,,,,,,,,
  ,,,,,,,,,,,,,,,,,,,,,,,,,,,,,,,,,,,,,,,,,,,,,,,,,,,,,,,,,,,,,,,,,,,,,,,,,,,,,,,,,,,,,,,,,,,
  ,,,,,,,,,,,,,,,,,,,,,,,,,,,,,,,,,,,,,,,,,,,,,,,,,,,,,,,,,,,,,,,,,,,,,,,,,,,,,,,,,,,,,,,,,,,
  ,,,,,,,,,,,,,,,,,,,,,,,,,,,,,,,,,,,,,,,,,,,,,,,,,,,,,,,,,,,,,,,,,,,,,,,,,,,,,,,,,,,,,,,,,,,
  ,,,,,,,,,,,,,,,,,,,,,,,,,,,,,,,,,,,,,,,,,,,,,,,,,,,,,,,,,,,,,,,,,,,,,,,,,,,,,,,,,,,,,,,,,,,
  ,,,,,,,,,,,,,,,,,,,,,,,,,,,,,,,,,,,,,,,,,,,,,,,,,,,,,,,,,,,,,,,,,,,,,,,,,,,,,,,,,,,,,,,,,,,
  ,,,,,,,,,,,,,,,,,,,,,,,,,,,,,,,,,,,,,,,,,,,,,,,,,,,,,,,,,,,,,,,,,,,,,,,,,,,,,,,,,,,,,,,,,,,
  ,,,,,,,,,,,,,,,,,,,,,,,,,,,,,,,,,,,,,,,,,,,,,,,,,,,,,,,,,,,,,,,,,,,,,,,,,,,,,,,,,,,,,,,,,,,
  ,,,,,,,,,,,,,,,,,,,,,,,,,,,,,,,,,,,,,,,,,,,,,,,,,,,,,,,,,,,,,,,,,,,,,,,,,,,,,,,,,,,,,,,,,,,
  ,,,,,,,,,,,,,,,,,,,,,,,,,,,,,,,,,,,,,,,,,,,,,,,,,,,,,,,,,,,,,,,,,,,,,,,,,,,,,,,,,,,,,,,,,,,
  ,,,,,,,,,,,,,,,,,,,,,,,,,,,,,,,,,,,,,,,,,,,,,,,,,,,,,,,,,,,,,,,,,,,,,,,,,,,,,,,,,,,,,,,,,,,
  ,,,,,,,,,,,,,,,,,,,,,,,,,,,,,,,,,,,,,,,,,,,,,,,,,,,,,,,,,,,,,,,,,,,,,,,,,,,,,,,,,,,,,,,,,,,
  ,,,,,,,,,,,,,,,,,,,,,,,,,,,,,,,,,,,,,,,,,,,,,,,,,,,,,,,,,,,,,,,,,,,,,,,,,,,,,,,,,,,,,,,,,,,
  ,,,,,,,,,,,,,,,,,,,,,,,,,,,,,,,,,,,,,,,,,,,,,,,,,,,,,,,,,,,,,,,,,,,,,,,,,,,,,,,,,,,,,,,,,,,
  ,,,,,,,,,,,,,,,,,,,,,,,,,,,,,,,,,,,,,,,,,,,,,,,,,,,,,,,,,,,,,,,,,,,,,,,,,,,,,,,,,,,,,,,,,,,
  ,,,,,,,,,,,,,,,,,,,,,,,,,,,,,,,,,,,,,,,,,,,,,,,,,,,,,,,,,,,,,,,,,,,,,,,,,,,,,,,,,,,,,,,,,,,
  ,,,,,,,,,,,,,,,,,,,,,,,,,,,,,,,,,,,,,,,,,,,,,,,,,,,,,,,,,,,,,,,,,,,,,,,,,,,,,,,,,,,,,,,,,,,
  ,,,,,,,,,,,,,,,,,,,,,,,,,,,,,,,,,,,,,,,,,,,,,,,,,,,,,,,,,,,,,,,,,,,,,,,,,,,,,,,,,,,,,,,,,,,
  ,,,,,,,,,,,,,,,,,,,,,,,,,,,,,,,,,,,,,,,,,,,,,,,,,,,,,,,,,,,,,,,,,,,,,,,,,,,,,,,,,,,,,,,,,,,
  ,,,,,,,,,,,,,,,,,,,,,,,,,,,,,,,,,,,,,,,,,,,,,,,,,,,,,,,,,,,,,,,,,,,,,,,,,,,,,,,,,,,,,,,,,,,
  ,,,,,,,,,,,,,,,,,,,,,,,,,,,,,,,,,,,,,,,,,,,,,,,,,,,,,,,,,,,,,,,,,,,,,,,,,,,,,,,,,,,,,,,,,,,
  ,,,,,,,,,,,,,,,,,,,,,,,,,,,,,,,,,,,,,,,,,,,,,,,,,,,,,,,,,,,,,,,,,,,,,,,,,,,,,,,,,,,,,,,,,,,
  ,,,,,,,,,,,,,,,,,,,,,,,,,,,,,,,,,,,,,,,,,,,,,,,,,,,,,,,,,,,,,,,,,,,,,,,,,,,,,,,,,,,,,,,,,,,
  ,,,,,,,,,,,,,,,,,,,,,,,,,,,,,,,,,,,,,,,,,,,,,,,,,,,,,,,,,,,,,,,,,,,,,,,,,,,,,,,,,,,,,,,,,,,
  ,,,,,,,,,,,,,,,,,,,,,,,,,,,,,,,,,,,,,,,,,,,,,,,,,,,,,,,,,,,,,,,,,,,,,,,,,,,,,,,,,,,,,,,,,,,
  ,,,,,,,,,,,,,,,,,,,,,,,,,,,,,,,,,,,,,,,,,,,,,,,,,,,,,,,,,,,,,,,,,,,,,,,,,,,,,,,,,,,,,,,,,,,
  ,,,,,,,,,,,,,,,,,,,,,,,,,,,,,,,,,,,,,,,,,,,,,,,,,,,,,,,,,,,,,,,,,,,,,,,,,,,,,,,,,,,,,,,,,,,
  ,,,,,,,,,,,,,,,,,,,,,,,,,,,,,,,,,,,,,,,,,,,,,,,,,,,,,,,,,,,,,,,,,,,,,,,,,,,,,,,,,,,,,,,,,,,
  ,,,,,,,,,,,,,,,,,,,,,,,,,,,,,,,,,,,,,,,,,,,,,,,,,,,,,,,,,,,,,,,,,,,,,,,,,,,,,,,,,,,,,,,,,,,
  ,,,,,,,,,,,,,,,,,,,,,,,,,,,,,,,,,,,,,,,,,,,,,,,,,,,,,,,,,,,,,,,,,,,,,,,,,,,,,,,,,,,,,,,,,,,
  ,,,,,,,,,,,,,,,,,,,,,,,,,,,,,,,,,,,,,,,,,,,,,,,,,,,,,,,,,,,,,,,,,,,,,,,,,,,,,,,,,,,,,,,,,,,
  ,,,,,,,,,,,,,,,,,,,,,,,,,,,,,,,,,,,,,,,,,,,,,,,,,,,,,,,,,,,,,,,,,,,,,,,,,,,,,,,,,,,,,,,,,,,
  ,,,,,,,,,,,,,,,,,,,,,,,,,,,,,,,,,,,,,,,,,,,,,,,,,,,,,,,,,,,,,,,,,,,,,,,,,,,,,,,,,,,,,,,,,,,
  ,,,,,,,,,,,,,,,,,,,,,,,,,,,,,,,,,,,,,,,,,,,,,,,,,,,,,,,,,,,,,,,,,,,,,,,,,,,,,,,,,,,,,,,,,,,
  ,,,,,,,,,,,,,,,,,,,,,,,,,,,,,,,,,,,,,,,,,,,,,,,,,,,,,,,,,,,,,,,,,,,,,,,,,,,,,,,,,,,,,,,,,,,
  ,,,,,,,,,,,,,,,,,,,,,,,,,,,,,,,,,,,,,,,,,,,,,,,,,,,,,,,,,,,,,,,,,,,,,,,,,,,,,,,,,,,,,,,,,,,
  ,,,,,,,,,,,,,,,,,,,,,,,,,,,,,,,,,,,,,,,,,,,,,,,,,,,,,,,,,,,,,,,,,,,,,,,,,,,,,,,,,,,,,,,,,,,
  ,,,,,,,,,,,,,,,,,,,,,,,,,,,,,,,,,,,,,,,,,,,,,,,,,,,,,,,,,,,,,,,,,,,,,,,,,,,,,,,,,,,,,,,,,,,
  ,,,,,,,,,,,,,,,,,,,,,,,,,,,,,,,,,,,,,,,,,,,,,,,,,,,,,,,,,,,,,,,,,,,,,,,,,,,,,,,,,,,,,,,,,,,
  ,,,,,,,,,,,,,,,,,,,,,,,,,,,,,,,,,,,,,,,,,,,,,,,,,,,,,,,,,,,,,,,,,,,,,,,,,,,,,,,,,,,,,,,,,,,
  ,,,,,,,,,,,,,,,,,,,,,,,,,,,,,,,,,,,,,,,,,,,,,,,,,,,,,,,,,,,,,,,,,,,,,,,,,,,,,,,,,,,,,,,,,,,
  ,,,,,,,,,,,,,,,,,,,,,,,,,,,,,,,,,,,,,,,,,,,,,,,,,,,,,,,,,,,,,,,,,,,,,,,,,,,,,,,,,,,,,,,,,,,
  ,,,,,,,,,,,,,,,,,,,,,,,,,,,,,,,,,,,,,,,,,,,,,,,,,,,,,,,,,,,,,,,,,,,,,,,,,,,,,,,,,,,,,,,,,,,
  ,,,,,,,,,,,,,,,,,,,,,,,,,,,,,,,,,,,,,,,,,,,,,,,,,,,,,,,,,,,,,,,,,,,,,,,,,,,,,,,,,,,,,,,,,,,
  ,,,,,,,,,,,,,,,,,,,,,,,,,,,,,,,,,,,,,,,,,,,,,,,,,,,,,,,,,,,,,,,,,,,,,,,,,,,,,,,,,,,,,,,,,,,
  ,,,,,,,,,,,,,,,,,,,,,,,,,,,,,,,,,,,,,,,,,,,,,,,,,,,,,,,,,,,,,,,,,,,,,,,,,,,,,,,,,,,,,,,,,,,
  ,,,,,,,,,,,,,,,,,,,,,,,,,,,,,,,,,,,,,,,,,,,,,,,,,,,,,,,,,,,,,,,,,,,,,,,,,,,,,,,,,,,,,,,,,,,
  ,,,,,,,,,,,,,,,,,,,,,,,,,,,,,,,,,,,,,,,,,,,,,,,,,,,,,,,,,,,,,,,,,,,,,,,,,,,,,,,,,,,,,,,,,,,
  ,,,,,,,,,,,,,,,,,,,,,,,,,,,,,,,,,,,,,,,,,,,,,,,,,,,,,,,,,,,,,,,,,,,,,,,,,,,,,,,,,,,,,,,,,,,
  ,,,,,,,,,,,,,,,,,,,,,,,,,,,,,,,,,,,,,,,,,,,,,,,,,,,,,,,,,,,,,,,,,,,,,,,,,,,,,,,,,,,,,,,,,,,
  ,,,,,,,,,,,,,,,,,,,,,,,,,,,,,,,,,,,,,,,,,,,,,,,,,,,,,,,,,,,,,,,,,,,,,,,,,,,,,,,,,,,,,,,,,,,
  ,,,,,,,,,,,,,,,,,,,,,,,,,,,,,,,,,,,,,,,,,,,,,,,,,,,,,,,,,,,,,,,,,,,,,,,,,,,,,,,,,,,,,,,,,,,
  ,,,,,,,,,,,,,,,,,,,,,,,,,,,,,,,,,,,,,,,,,,,,,,,,,,,,,,,,,,,,,,,,,,,,,,,,,,,,,,,,,,,,,,,,,,,
  ,,,,,,,,,,,,,,,,,,,,,,,,,,,,,,,,,,,,,,,,,,,,,,,,,,,,,,,,,,,,,,,,,,,,,,,,,,,,,,,,,,,,,,,,,,,
  ,,,,,,,,,,,,,,,,,,,,,,,,,,,,,,,,,,,,,,,,,,,,,,,,,,,,,,,,,,,,,,,,,,,,,,,,,,,,,,,,,,,,,,,,,,,
  ,,,,,,,,,,,,,,,,,,,,,,,,,,,,,,,,,,,,,,,,,,,,,,,,,,,,,,,,,,,,,,,,,,,,,,,,,,,,,,,,,,,,,,,,,,,
  ,,,,,,,,,,,,,,,,,,,,,,,,,,,,,,,,,,,,,,,,,,,,,,,,,,,,,,,,,,,,,,,,,,,,,,,,,,,,,,,,,,,,,,,,,,,
  ,,,,,,,,,,,,,,,,,,,,,,,,,,,,,,,,,,,,,,,,,,,,,,,,,,,,,,,,,,,,,,,,,,,,,,,,,,,,,,,,,,,,,,,,,,,
  ,,,,,,,,,,,,,,,,,,,,,,,,,,,,,,,,,,,,,,,,,,,,,,,,,,,,,,,,,,,,,,,,,,,,,,,,,,,,,,,,,,,,,,,,,,,
  ,,,,,,,,,,,,,,,,,,,,,,,,,,,,,,,,,,,,,,,,,,,,,,,,,,,,,,,,,,,,,,,,,,,,,,,,,,,,,,,,,,,,,,,,,,,
  ,,,,,,,,,,,,,,,,,,,,,,,,,,,,,,,,,,,,,,,,,,,,,,,,,,,,,,,,,,,,,,,,,,,,,,,,,,,,,,,,,,,,,,,,,,,
  ,,,,,,,,,,,,,,,,,,,,,,,,,,,,,,,,,,,,,,,,,,,,,,,,,,,,,,,,,,,,,,,,,,,,,,,,,,,,,,,,,,,,,,,,,,,
  ,,,,,,,,,,,,,,,,,,,,,,,,,,,,,,,,,,,,,,,,,,,,,,,,,,,,,,,,,,,,,,,,,,,,,,,,,,,,,,,,,,,,,,,,,,,
  ,,,,,,,,,,,,,,,,,,,,,,,,,,,,,,,,,,,,,,,,,,,,,,,,,,,,,,,,,,,,,,,,,,,,,,,,,,,,,,,,,,,,,,,,,,,
  ,,,,,,,,,,,,,,,,,,,,,,,,,,,,,,,,,,,,,,,,,,,,,,,,,,,,,,,,,,,,,,,,,,,,,,,,,,,,,,,,,,,,,,,,,,,
  ,,,,,,,,,,,,,,,,,,,,,,,,,,,,,,,,,,,,,,,,,,,,,,,,,,,,,,,,,,,,,,,,,,,,,,,,,,,,,,,,,,,,,,,,,,,
  ,,,,,,,,,,,,,,,,,,,,,,,,,,,,,,,,,,,,,,,,,,,,,,,,,,,,,,,,,,,,,,,,,,,,,,,,,,,,,,,,,,,,,,,,,,,
  ,,,,,,,,,,,,,,,,,,,,,,,,,,,,,,,,,,,,,,,,,,,,,,,,,,,,,,,,,,,,,,,,,,,,,,,,,,,,,,,,,,,,,,,,,,,
  ,,,,,,,,,,,,,,,,,,,,,,,,,,,,,,,,,,,,,,,,,,,,,,,,,,,,,,,,,,,,,,,,,,,,,,,,,,,,,,,,,,,,,,,,,,,
  ,,,,,,,,,,,,,,,,,,,,,,,,,,,,,,,,,,,,,,,,,,,,,,,,,,,,,,,,,,,,,,,,,,,,,,,,,,,,,,,,,,,,,,,,,,,
  ,,,,,,,,,,,,,,,,,,,,,,,,,,,,,,,,,,,,,,,,,,,,,,,,,,,,,,,,,,,,,,,,,,,,,,,,,,,,,,,,,,,,,,,,,,,
  ,,,,,,,,,,,,,,,,,,,,,,,,,,,,,,,,,,,,,,,,,,,,,,,,,,,,,,,,,,,,,,,,,,,,,,,,,,,,,,,,,,,,,,,,,,,
  ,,,,,,,,,,,,,,,,,,,,,,,,,,,,,,,,,,,,,,,,,,,,,,,,,,,,,,,,,,,,,,,,,,,,,,,,,,,,,,,,,,,,,,,,,,,
  ,,,,,,,,,,,,,,,,,,,,,,,,,,,,,,,,,,,,,,,,,,,,,,,,,,,,,,,,,,,,,,,,,,,,,,,,,,,,,,,,,,,,,,,,,,,
  ,,,,,,,,,,,,,,,,,,,,,,,,,,,,,,,,,,,,,,,,,,,,,,,,,,,,,,,,,,,,,,,,,,,,,,,,,,,,,,,,,,,,,,,,,,,
  ,,,,,,,,,,,,,,,,,,,,,,,,,,,,,,,,,,,,,,,,,,,,,,,,,,,,,,,,,,,,,,,,,,,,,,,,,,,,,,,,,,,,,,,,,,,
  ,,,,,,,,,,,,,,,,,,,,,,,,,,,,,,,,,,,,,,,,,,,,,,,,,,,,,,,,,,,,,,,,,,,,,,,,,,,,,,,,,,,,,,,,,,,
  ,,,,,,,,,,,,,,,,,,,,,,,,,,,,,,,,,,,,,,,,,,,,,,,,,,,,,,,,,,,,,,,,,,,,,,,,,,,,,,,,,,,,,,,,,,,
  ,,,,,,,,,,,,,,,,,,,,,,,,,,,,,,,,,,,,,,,,,,,,,,,,,,,,,,,,,,,,,,,,,,,,,,,,,,,,,,,,,,,,,,,,,,,
  ,,,,,,,,,,,,,,,,,,,,,,,,,,,,,,,,,,,,,,,,,,,,,,,,,,,,,,,,,,,,,,,,,,,,,,,,,,,,,,,,,,,,,,,,,,,
  ,,,,,,,,,,,,,,,,,,,,,,,,,,,,,,,,,,,,,,,,,,,,,,,,,,,,,,,,,,,,,,,,,,,,,,,,,,,,,,,,,,,,,,,,,,,
  ,,,,,,,,,,,,,,,,,,,,,,,,,,,,,,,,,,,,,,,,,,,,,,,,,,,,,,,,,,,,,,,,,,,,,,,,,,,,,,,,,,,,,,,,,,,
  ,,,,,,,,,,,,,,,,,,,,,,,,,,,,,,,,,,,,,,,,,,,,,,,,,,,,,,,,,,,,,,,,,,,,,,,,,,,,,,,,,,,,,,,,,,,
  ,,,,,,,,,,,,,,,,,,,,,,,,,,,,,,,,,,,,,,,,,,,,,,,,,,,,,,,,,,,,,,,,,,,,,,,,,,,,,,,,,,,,,,,,,,,
  ,,,,,,,,,,,,,,,,,,,,,,,,,,,,,,,,,,,,,,,,,,,,,,,,,,,,,,,,,,,,,,,,,,,,,,,,,,,,,,,,,,,,,,,,,,,
  ,,,,,,,,,,,,,,,,,,,,,,,,,,,,,,,,,,,,,,,,,,,,,,,,,,,,,,,,,,,,,,,,,,,,,,,,,,,,,,,,,,,,,,,,,,,
  ,,,,,,,,,,,,,,,,,,,,,,,,,,,,,,,,,,,,,,,,,,,,,,,,,,,,,,,,,,,,,,,,,,,,,,,,,,,,,,,,,,,,,,,,,,,
  ,,,,,,,,,,,,,,,,,,,,,,,,,,,,,,,,,,,,,,,,,,,,,,,,,,,,,,,,,,,,,,,,,,,,,,,,,,,,,,,,,,,,,,,,,,,
  ,,,,,,,,,,,,,,,,,,,,,,,,,,,,,,,,,,,,,,,,,,,,,,,,,,,,,,,,,,,,,,,,,, 
  [ 7265304577, 468113620993 ] ]);
