BRENTFACTORS[3346]:=MakeImmutable([ ,,,,,,,,,,,, [ 141005078189 ],, [ 7588585111 ],, 
  [ 89475059363 ],, [ 15476893350827, 100438234935636511 ], [ 20720684672801 ], 
  [ 23913975566293 ], [ 4269214973 ],,, [ 262818441362636251 ], [ 28220735868582583 ], 
  [ 2801198971, 5769126976331413 ],,,, 
  [ 105699156697, 7577093832949, 1851644143706011807, 1355337259915370913994739 ], 
  [ 1309739777 ],, [ 484648620460228277119349 ],, [ 182235795894562429 ], 
  [ 522307323107, 2502807146881255916600663583773276858312391675443723 ], 
  [ 3840957608792841556424400101 ], [ 1297765890269941 ], [ 155970035501921 ], 
  [ 15078610251697820449, 450064937695589110126237, 308548814325168006622201021 ], 
  [ 175728335161 ], [ 1929043995189688933, 1711998310679332080936274220590523 ],, 
  [ 3601506335446468545301, 31286164445790773354755741 ], [ 7922075210550505176140191199 ],, 
  [ 710778311377 ],, [ 52539980951 ], 
  [ 5534349108487, 62152775289523, 144503355104497, 245318123960654440270283453389 ], 
  [ 565383271129, 83601672689768405069 ], [ 168465216802405189 ], 
  [ 3487191667277893986393973869661 ], 
  [ 125669265491294141, 511045517815719225331681098812448827377354240781 ], 
  [ 3661037801, 1216490364297064484153, 523437779817382621287433 ], [ 32780147479238671 ], 
  [ 4694221497742782370258246881252992057061961 ], [ 37355887879, 5196788538975097 ], 
  [ 302795549355893441761 ],, [ 511019651281, 120534245488112100000569 ], 
  [ 1058214870247518667110266840183401, 1410533826164032462607291623846562984765293 ], 
  [ 62557205785667924246515086053446162578743518920016001 ], [ 3151075981 ], 
  [ 61254405786885698081199649 ], [ 28990537129 ],, 
  [ 54972602085603384640993209632821, 421129904248730437804967000268185341408048753 ], 
  [ 546668836474363258002118717471 ],, [ 506936831339881, 11041427799687261093152713633 ], 
  [ 1757091645611, 26483674766317 ], [ 14500572818244963570738705831781097935669 ], 
  [ 374223385254254981557501, 22651750359811131401049301 ], 
  [ 1101370037, 3715428341, 3813114413701, 310870945532507852038249199318191241 ], 
  [ 3413947425197 ], [ 3357396969216767620794689402521 ], 
  [ 30000226933, 400220130914549279, 8130280417933916027 ], 
  [ 720714860079146960612194225021132869601 ], 
  [ 29043160685659366219, 2713255790772988997715556555489 ], 
  [ 3262706089301, 8011865445518849, 891146389886405287, 442969275676604452837259603 ], 
  [ 1027156062467712393169 ],, [ 1239493009501 ], [ 1233116849 ], [ 27561779108855478253981 ]
   ,, [ 14579004092039 ], [ 1629378338851, 87411039970086541, 13978049944766610691 ],,, 
  [ 967747363382635305396676663 ], [ 10170067553, 16025081033850262853 ], 
  [ 1034919403788161, 1183762013829311511830441 ],, [ 139326542477 ], 
  [ 182289277880599, 806875731418835807, 19290457222714114739, 
      2371321199966704106464154134943552587597223 ], [ 7447853028686429503 ], 
  [ 1316052949801 ], [ 8984484015542785932517 ], [ 5826304736647 ],, [ 2865047849 ],, 
  [ 557989734919, 5190562623628502075093 ], [ 766359464503 ], [ 11632711969 ],, 
  [ 3615330986527405259291, 586089228861316439490991 ], [ 139389342454897 ],,, 
  [ 10551105614507007973, 266604857832429392659694505324931369911240978767899 ], 
  [ 84209402929061, 281335472222681 ], [ 29110515223771963481, 162729600146349550429 ], 
  [ 402828332167 ], [ 1339895757480153421, 22706033496800657130046081 ], 
  [ 1660204939, 7115097823, 63278140997, 289112454732319 ],, [ 14498189532691095642071 ], 
  [ 11278889021, 1856265716990557706910719, 2891965322974560073099930517 ],, 
  [ 51037740569, 2164813592113704893 ],, [ 3086282053, 80418819853 ], 
  [ 6611657593, 307474094700569, 1961713015328887, 3523152039157580284211 ], 
  [ 29148439553, 14581006232680193, 284086214315369748097 ], [ 7023907843 ], [ 1388914931 ], 
  [ 613278906817151 ], 
  [ 731713220961534373, 2406117613018461742899389089, 2542366953442865866434451644553 ],, 
  [ 2290971469, 2633295072579949, 2256075077335239464999 ],,,,, [ 12753139079 ],, 
  [ 173627608444531 ], [ 198308433773 ], 
  [ 11956632689, 373945752759437, 997238873232317, 35693253578162753 ],,, 
  [ 12173802661, 2814550110227 ],,,, 
  [ 5407884451, 59768010449008295731501, 42142521381977682914774551 ], 
  [ 2544398817858986681699 ],, [ 4469697132525820037971 ],,,, [ 329532226604164675067959 ],, 
  [ 1195496833, 168992670139, 564635608333 ],, [ 2222567377911781909, 5515917730951907441 ], 
  [ 357105373538234116141 ],, [ 297089684284281677 ], [ 1260693136561, 80331114691697268961 ]
   ,, [ 536586173518149518293 ], 
  [ 189520720694384163578761, 4889830462615133725381497457, 635060611332184830107110152001 ],
  ,,,, [ 251680187903, 16196951228767 ], [ 2121805729723 ], [ 1023190001 ],,,,,, 
  [ 2404110558017820720001 ], [ 818920817807 ],,, [ 13578835351, 4592265327861061 ],, 
  [ 1401912312115481, 296494193303429683 ], [ 13024754887775540743129 ], 
  [ 858157268851, 1356370614776017 ], [ 1697413451 ], [ 12576523821479 ], 
  [ 5100891457, 2048918128531777 ],, [ 761030564426047 ],,,,, [ 2913865576217 ], 
  [ 1192283639401 ], [ 426069252759696946903 ],,, 
  [ 6858639937, 71118091789, 38257915254613650828952309 ],, [ 20672018875141 ], 
  [ 14264397739, 61667251183, 5166105638290039 ], [ 35658187553 ],, 
  [ 25623740175811, 1187539393580737347207968401 ], [ 20299958576969, 3680664136818042103 ], 
  [ 3688640445197, 978378458615702650654549 ], [ 7213918807105321 ], 
  [ 467173059981384365941 ], [ 439827138731, 850502063681, 148080116609011 ],, 
  [ 122713010485759, 39393828533072581 ], 
  [ 37534442557, 206260627843, 3807318322383208100989, 537603553820517717334733 ],, 
  [ 7797644551621, 1169914275734827921 ], [ 4284262423611613 ],,, 
  [ 3040274273, 18678852693042881256289 ],, [ 21756917593347950428697 ], 
  [ 15291495021684504251 ], [ 9567574033, 1109506441489675237 ],, [ 1506207855479632321 ],, 
  [ 2772126434332481 ], [ 3173229797 ], 
  [ 176107698703, 60002113139371499270851, 76289797654811131444327, 
      7778415315442055581166804533 ],,, [ 5177447017, 41251968413599, 39994688272246363 ], 
  [ 54533109330662299 ], [ 10499322103, 58171697021809187 ], [ 3347587921 ], 
  [ 65951123015137, 53653501748849231 ], [ 5273588497, 10566093804640102466650639 ], 
  [ 472105934979780029833 ], [ 2884447735573 ],, [ 39339846987900157 ],, 
  [ 124507841009, 68320208344907672057 ], [ 822325746961 ],, [ 13514592868477 ], 
  [ 1249115621293, 409642927774669, 322437961654924981069 ],,, [ 397223777011 ], 
  [ 6172351489 ], [ 236196093150225797 ],, [ 4574714929, 181246656011459557 ],,, 
  [ 3474498067, 9155406929047111, 38216559144816037677519293 ],,, [ 3693870511 ],, 
  [ 5556304711 ], [ 82691816741 ], [ 11660830967, 512266594897 ], 
  [ 1543564705591, 2194773184171 ],, [ 276339340153581633329 ],, 
  [ 4805622442961, 449090133975139193, 14991040196720706800881 ], 
  [ 1143489304531751, 3770495015207801 ], [ 2977030303957 ], [ 9178234203092197 ],, 
  [ 187180539860056938337 ],, [ 87288328783 ],,, [ 523194646767061, 233199389038854522101 ], 
  [ 49636404215851 ],,,, [ 552209651893047647 ],, [ 11189009947, 107990272637704939 ], 
  [ 41204322724074469 ],,, [ 10756959228151 ], [ 22171893617, 263965067297, 56739122437201 ],
  ,,,,, [ 18683236436165332561921 ],, [ 1340545457, 10236313537 ],,,,,,,,, [ 5938118939 ], 
  [ 22093857976930609 ],, [ 72087451021 ], [ 277739825791 ],, [ 14027519924749 ], 
  [ 28106045317610109761, 2785194998579308095041 ], 
  [ 86603524922645527, 3448422814239447691 ],, [ 6793374761 ], [ 4999630129444637232016501 ],
  ,, [ 22617472820197, 22846351859497, 1441215026534260189 ], [ 13826710414417 ], 
  [ 4596195143, 260244485747 ],,,, [ 21021637215675097 ], [ 555609068471, 3815165754307 ],, 
  [ 4249337569 ], [ 450580851819732084229 ],,, 
  [ 3429936661, 69242190001, 16590635013531877241, 47207204497048776941 ],,,, 
  [ 169718901257, 284235333842379721 ], [ 3569180941 ],,, [ 3588736469887369 ],, 
  [ 9080706251, 1314060127804589551, 3348976669679026633451 ], [ 75321569467 ],, 
  [ 192560092943 ], [ 63384550653107620537 ], [ 229470550891 ],, 
  [ 263505614283661, 23514498646464673, 831627199146935353 ], [ 6749946443 ],,,,, 
  [ 6425447587747 ], [ 347222484717101449 ],,, [ 26029944761 ], 
  [ 14475361697, 5018522631264826081 ], [ 9852426942643 ], [ 9862801031 ],,,, 
  [ 1922111291 ], [ 52197297001, 38890397371404751 ], [ 310641974089 ],,,, 
  [ 779024283901, 106132589446327001 ],, [ 1359315247397, 3982447210737341 ],,,, 
  [ 49451834161, 502864462224989, 158208925407303497285599 ],,, [ 2484046045499 ], 
  [ 79239300292059181 ],, [ 934921385329, 257933193760201, 249509867408853241 ], 
  [ 1823990029 ], [ 229310324207, 226081737510457 ], [ 665688669941 ],,,, [ 1199123357503 ], 
  [ 30540283848401 ],,,, [ 1788900739773409 ], [ 5502939931, 364941103942143181 ],,, 
  [ 94586354139053106703081, 477179174334979717654065289 ], [ 271893581957, 1226610599281 ],,
  ,, [ 5445601589, 74205010951, 4383657817215097 ], [ 4431413018776631143447 ],, 
  [ 52754840321, 59259482362864577 ],, [ 2135725738949816267 ],,,,,,,, [ 8660696028769 ], 
  [ 5069147581 ], [ 2769683017 ],, [ 23957305463921551 ], 
  [ 986166432271, 2776616699171199413 ], [ 67137471217 ],,, [ 603050218506391 ], 
  [ 12246741825529, 704244349405551793 ],, [ 1913686543243 ],, [ 4692808238801 ],,,, 
  [ 3492977166984734002417 ],, [ 18304300505650927 ], 
  [ 18980759851, 11622666481471, 14478766186177 ],, [ 1595775100589, 1296435543171169 ], 
  [ 1170142201, 30765131843260452301 ], [ 5456263435591 ],,, [ 64566522967032141655387 ],,, 
  [ 677965394387 ],, [ 1486092367 ], [ 14272249768261 ],, [ 254717362747 ],,, 
  [ 59784956071 ], [ 2317579703, 138897310469, 2222245345577 ], [ 13705048067 ], 
  [ 2143816273 ], [ 223071574027 ], [ 1422944601426189617431 ],, [ 222540268649006233 ],, 
  [ 4415252149723 ],, [ 471286905778277 ],, [ 26776726004889109231 ], [ 1072542313 ], 
  [ 82074129601, 55369938570241, 314070416484001 ], [ 13826909639167, 22311475541317 ],, 
  [ 36999469249 ],,, [ 54240084919 ],, [ 6758372513 ], 
  [ 150098921641, 254297451852541, 441326072104903 ], [ 30462345233531 ], 
  [ 2189369084453, 2161667330093906309 ], [ 16569267978934202101 ],,,, [ 25497493057 ],, 
  [ 2932585549 ],, [ 6424025695001 ],, [ 91960748761903687 ],, 
  [ 8903087929, 1951398450267337 ],,,,,,,,, [ 454566181987, 11494041314113 ],,,,,, 
  [ 75710426564809 ], [ 1576336841, 2128636794683881 ],,,, [ 3030933377 ],, 
  [ 1014238103290471 ],, [ 68267117953, 19089240513338161 ],, [ 922169539599911 ], 
  [ 584273131489 ], [ 1793280497, 520389117557 ],,,,,,,, [ 189474846536280713197681 ],,,, 
  [ 20827011713 ],, [ 724584325921 ],, [ 3142033225057 ],, [ 457343617278694301 ],, 
  [ 1290513982176436513 ], [ 1972841879 ], [ 168534386477 ],, [ 20143255057 ],, 
  [ 288581287429 ],, [ 2276644669601 ],, [ 385968073106772017, 713740274065635082619 ],, 
  [ 24650588953 ],,, [ 1514918539 ], [ 841586955641969 ],,,,, [ 16046607151 ],, 
  [ 353063695351 ],,, [ 48087110054609, 1435238847770647715387 ],, [ 232761021535536161 ],,,
  , [ 33353838409, 2383123095934177 ],, [ 123322490497 ],,, [ 5589685321321 ],,, 
  [ 743326449503681 ],, [ 27384321889 ],, [ 58173366721, 1415789501114501 ],,,,,, 
  [ 219004582748911 ],,,, [ 4239323299, 29266534267 ], [ 2595888917 ],,,,,,,,, 
  [ 1553327777 ],, [ 24491708074621 ],,,,,, [ 2550937929073 ], [ 80481483751 ],, 
  [ 401619973578979 ],, [ 2458458047183 ], [ 2332659722401, 10111461898566893131 ],, 
  [ 228512006161 ],,,, [ 313774364713326973 ], [ 74382447959 ],,,,,,, [ 5116107949 ], 
  [ 3648418887574261 ],,,,, [ 38940159701, 2852257014751 ],, [ 249607239229 ],, 
  [ 4794438996412531 ],,,,,, [ 1486453981 ],,,, [ 28276181915153 ], [ 2057662951 ],,,,, 
  [ 55215172351 ],,,,, [ 6382818901 ],, [ 1631671884439 ],, [ 1218862037, 3716477983 ], 
  [ 477117707161 ],, [ 1264202941 ], [ 2168032628033 ],,, [ 3749728823 ],, [ 710212761121 ],
  , [ 4261529011 ],,,,, [ 8384149181 ], [ 33457746601 ],, [ 98634034281997 ],,,,,,,, 
  [ 4885013093 ],, [ 2228668597 ], [ 3075891569 ],,,,, 
  [ 1214424751, 1132179791863, 16972463453653 ],,,,,,,, [ 26065328961799 ],,,,,, 
  [ 2695909464779441 ],, [ 51853069704551 ],, [ 9589720453 ],,,,,,,, [ 64161751061 ],,,,,, 
  [ 39381730159 ],, [ 4590288783857173 ], [ 443962628509 ], [ 10117272001, 330066975001 ],, 
  [ 83464076929 ],, [ 60220240523 ],,,, [ 741486331007, 2282551780452323 ],,,, 
  [ 1389797818209067 ],,,,,,,, [ 17525054471, 75062618149751 ], [ 9265868749 ],, 
  [ 2349040327 ],,,,,, [ 2231498473 ],,, [ 4055820323, 6401325748937879 ],, [ 4595869153 ],, 
  [ 373017050401 ], [ 118317310847 ],, [ 2598341113 ],,,,,,, [ 16218145781 ],,,,,, 
  [ 2558870023 ],, [ 401578850329 ],, [ 192351102061 ],,,, [ 14519220841 ],, [ 6030010253 ],
  , [ 12905281091753623 ],,,,,, [ 14529051101, 92819276801, 537837273481 ], [ 7798892461 ],,,
  ,,,, [ 79872584221117 ],,, [ 2335266229 ],, [ 10299703471, 23459908949 ],,, [ 7930964801 ],
  ,,, [ 5825680606201, 8474774261521 ],,,,,,,, [ 869260474273, 2165439822209 ],,,, 
  [ 1771971709 ],,,, [ 1018933609, 310715674457, 3643020328721 ],, 
  [ 46721027890681, 307285344769216243 ], [ 2401423837 ], [ 2709069661 ],,,,,,,, 
  [ 1478265629 ],,,, [ 1033720588081 ],,,, [ 627093944633641 ],,,, [ 547423942561 ],,,, 
  [ 408596519189 ],, [ 7374381834047 ],,,,,, [ 514768252969 ],, 
  [ 15612397609, 53689257814939 ],,,, [ 156869647993 ],, [ 1064405701, 152714538901 ],,,, 
  [ 6587305169 ],, [ 6685113739946689 ],, [ 4708012283033 ],,,,, 
  [ 1080782011, 2989343677871 ],,,,, [ 232990102552177 ],, [ 26055112081 ],,,, 
  [ 11974200421902181 ],, [ 46346363761583 ],, [ 349476165889 ],, 
  [ 8367546661, 58774630117508821 ],,,,,, [ 1162627129 ],,,,,, [ 14704815811657 ],, 
  [ 22779914161 ],,,, [ 1465906621 ],,,,,,,, [ 3003387324615666893 ],,,,,,,,,, 
  [ 6370361628331 ],, [ 32529813090017 ],,,,,,,,, [ 2134508567, 7514398147 ], 
  [ 6403264827901 ],, [ 6786298121, 8737750561 ],, [ 558076380617941331 ],,, [ 31661755291 ],
  ,, [ 747994400429069 ],, [ 61316761771, 456710970535381 ],, [ 9934379041, 16719126337 ],,,,
  ,,,, [ 140037697001, 16232072896001 ],,,,,,,,,,,,,,,,,,,,,,,,,,,,,,,,,,,, [ 19872617269 ],,
  ,,,,,, [ 1424535913 ],,,,,, [ 941161327732501 ],, [ 47583838873 ],,,,, [ 9908931061 ],,, 
  [ 6831587641 ],,,,, [ 5307099481 ],,, [ 4923911638609 ],,,,,,,,,,,,,,,,,, 
  [ 130851308550799 ],, [ 2767689217 ],, [ 132940834121 ],, [ 94439074549 ],,,,,,,,,, 
  [ 10103423623 ], [ 15335103859, 4441461683707 ], [ 35131227457, 157770797548753 ],,,,,, 
  [ 6771792541, 40840083481 ],,,,, [ 1012096651 ],,,,,,,, [ 4244389027003 ],, 
  [ 83417311516501 ],,, [ 114715256596921 ],, [ 48366576204511 ],, [ 38803629901 ],, 
  [ 34743452311 ],,, [ 38188747956841 ],, [ 38558728739, 343261004057 ],,, [ 43332561901 ],,,
  , [ 5755315141 ],,,,,,, [ 5022251237, 514306402879 ],,,,, [ 155292792139 ],, 
  [ 545346494081 ],,,,,,,,,, [ 3214704508471 ],,,,, [ 2724373801, 27837667601 ],,, 
  [ 30226053443, 1142238571679 ], [ 14112644149 ],,,,,,,,,,,,,,, [ 11670619273 ],,,,,, 
  [ 198916843201 ], [ 20080489409, 48649918243 ], [ 18706330543 ],,,,,, 
  [ 7566701809, 7574593673 ],,,,,, [ 1315676143 ],,,,,,,,,,,,,, [ 6031459537 ],, 
  [ 9691866181 ],,,,,, [ 4511696641 ],,,, [ 1625513521 ],,,,,, [ 28988314601 ], 
  [ 2046194819 ], [ 9438312001, 21436598977 ],,, [ 2327432959 ],,, 
  [ 6769266307, 122513041201 ],,,,,,, [ 1627787071 ],, [ 21146729803 ],,,,,,, 
  [ 69583176811 ],,,, [ 6131195071 ],,,,, [ 6014072873 ],,,,,,,,,,,,,, [ 18013545871 ],,,,,,,
  ,, [ 10857763393 ],,,,,,,,,,,,,,,,,,,,,,,,,,, [ 43252786099 ],, [ 1077401909 ],, 
  [ 101729209339 ], [ 2351407117 ],,,,,, [ 3296077644241 ],,,,, 
  [ 1060201631, 2643705101, 22268597411 ], [ 713674565371 ], [ 6125102647 ], [ 6192350737 ],
  , [ 7788297151 ],,,,, [ 8907559752781 ],,,,, [ 4855310785601 ],,,,,, 
  [ 1910536777, 13220869709128817 ],,,,,, [ 949260210641 ],,,,,,,, [ 49091507281 ], 
  [ 31736424037, 70714778929 ],,,,,,,,,,,,,, [ 14107071421 ],,,,, [ 216978652801 ],,,,,,,,,,,
  ,,,,,, [ 66539168593 ],, [ 38622798919 ],,,,,,, [ 3650845201, 19904966453 ],,,, 
  [ 7445209201 ],, [ 1071608561 ],,,,,,,,,,,,,,,,,,,, [ 159925655473 ],,,,,,,,,, 
  [ 21626885003 ],,, [ 389899726471 ],,,,,,,,,,,, [ 6022966727 ],,,,,, [ 867027576983 ],,,,,,
  ,,,, [ 14378524619 ],,,,,,,,,, [ 37349234371 ],,,, [ 2925228659 ],,, [ 3749105011 ], 
  [ 1368470393 ],, [ 7076543081 ],,,,,,,,,,,,, [ 11170727443 ],,,,,,, [ 570411394561 ],,,,,,,
  ,,, [ 2493352217 ],,,,,,, [ 2195943901 ],,,,,,,,,,, [ 1351954003 ],,, [ 53571554369 ],,, 
  [ 71615134289 ], [ 10945176257, 15495902689, 191195517857 ],,, [ 136346741239 ],, 
  [ 152114187083 ],,,,,,, [ 14919053621 ],,,,,,,, [ 252060740489 ],,,,,,,, 
  [ 1393430893, 290069801617 ],,, [ 29273806297633 ],,,,,,, [ 6778845701 ],,,,,,, 
  [ 19586955793 ],,,,,,,, [ 17054090363 ],,,, [ 3340587251, 11903258251 ],,,,,,,, 
  [ 12960373087 ],,, [ 1691610913 ],, [ 1169705629 ],,,, [ 1874364347 ], 
  [ 2138785109, 3088728277 ],,,,,,,,,,,,,,,,,, [ 4310188697 ],,,,,,,,,,, [ 8973892732201 ],,,
  ,,,,, [ 43689915361 ],,,,,, [ 4307274781 ], [ 8701586489 ],,,,,,,,,,,,,,,,,,,, 
  [ 2735979601 ],,,, [ 246067447891 ],,, [ 1736211727 ], [ 10816950901 ],, [ 3948856187 ],, 
  [ 2916634177 ], [ 9305318681 ],,,,,,,, [ 69605787457 ],,,,,,, [ 1331501461 ],,,,,,,,,,, 
  [ 424811954737 ],,,,,,,,, [ 35117778151 ],,,,,,, [ 9716677627 ],, [ 1297836541 ],,,,,,,,,,,
  ,,,,,,,,,,,,, [ 15195843673 ],,,, [ 1050628097, 2183951617 ], [ 129936784319 ],,,,,,,,,, 
  [ 35307932641 ],,,,,,,, [ 72274416649 ],,,,,,,,,,,, [ 516614526523 ],,,,,,,,,,,,,,,,,,, 
  [ 1383684613 ], [ 1321530523 ],, [ 1796184991 ], [ 193182980693 ],,,,,,,,,,,,,,,,, 
  [ 2477458387, 314531884729 ],,,,,,,, [ 1852731557 ],,,, [ 13858638751 ],,,,,, 
  [ 3186955729 ],,,,,,,,,,,,,,,,,, [ 46636709239 ],,,,,,,,,,,,,, [ 5398528087 ],,,,, 
  [ 19113291961 ],,,,,, [ 1140012329 ],,,,,,,,,,,,,,,,,,,,,,,, [ 1358636497 ], 
  [ 1044437917 ],,,, [ 73072303543 ],,, [ 3240587353 ],,,,,,, [ 1209349668543979 ],,, 
  [ 11188594471 ],,,,,,,,,,,,,,,,,,,,,,,,, [ 21004464647 ],,,,,,,,,, [ 88947031291 ],,,,,,,,
  , [ 2405206029151 ],,,, [ 5324266793 ],,,,,, [ 13559197481 ],,,,,,,,,,, [ 11776928167 ],, 
  [ 2139752831 ],,,,,,,,, [ 5992873853 ],,,, [ 760678853617 ],,,,,,,,,,,,,,,,,, 
  [ 1752150241 ],,,, [ 2178288509 ],,, [ 19376545231 ], [ 1275191681, 101646984601 ], 
  [ 704328209773 ],,,,,, [ 295041260053 ], [ 3576237601 ],,,,,,,,,, [ 12071635181 ], 
  [ 1161437587 ],,,,,,,,,,, [ 4389081101 ],,, [ 1712602741 ], [ 92781127297 ],, 
  [ 13176363877 ],,,,,,,,,,,,, [ 3423336421 ],,, [ 12227230801, 26722487917 ],, 
  [ 6498678139 ],,,, [ 78735703471 ],,,,,, [ 5006363404513 ],,,,,, [ 28821788101 ],,, 
  [ 16029645061 ], [ 3227274977 ],,, [ 1499980511 ], [ 720438888251 ],,,,, [ 3795195260951 ],
  ,,,,,,, [ 614731945549 ],, [ 94757663711 ], [ 29644495477 ],,, [ 46286763661 ],,,,, 
  [ 1295393119 ],,,,,, [ 13893756941, 150436419761 ],, [ 30335865961 ],,,,,,,, 
  [ 1749098251 ],,,, [ 1558692197 ],,,,,, [ 37502784001 ],,,,,,,,,,,, [ 1002071393 ],,,,,,,,,
  ,,,,,,,, [ 4923388453 ],,,,,, [ 13699775156791 ],,,,,,,,,, [ 1420694371 ],,, 
  [ 2103642433 ],,,,, [ 35881102267 ], [ 4958434853 ],,,,,,, [ 1632781151 ], [ 8603051029 ],,
  ,,,,,, [ 5289134051 ],,,, [ 2196386107 ],,, [ 38485649071 ],,,,,,,,, 
  [ 5676634063, 19393146127 ],,,,,,,,,,,,,, [ 167137271701 ],,, [ 1407736387 ],,,,,,,,,,,,,,,
  , [ 659310970891 ],,,,,,,,,,, [ 49551366731, 80014760671 ],,,,,,,,,,,, [ 884442266737 ],,,,
  ,,,,,, [ 245406997921 ],,,,,,,,,, [ 2700710801 ],,,,,, [ 30905589697 ],,,,,,,,,, 
  [ 12398991877 ],,,,,,,,,, [ 287291898121, 2646390774697 ],,, [ 41702903857 ], 
  [ 25046179913 ],,,,,,,,,,,,,,,,, [ 283391849929 ],,,,, [ 23652224747 ], [ 5188303891 ],,,,,
  ,,,, [ 1626545209 ],,, [ 2468757384451 ],,, [ 211337206921 ],,,,,,,,,,,,,,,,,,,,,,,,,,,,,,,
  ,,,,,,,,,,,,,,,,,,,,,,, [ 614676332161 ], [ 3709130881 ],, [ 2362172497, 3342642403 ],,,,,
  , [ 8752080367, 14520752731 ],,,,,,,,,,,,,,,,,,,,,,,,,,,,,, [ 31577878093 ],,,,,,, 
  [ 8873704291 ],, [ 80541572977 ],,,,,,,,,,,,,,,, [ 71655811501 ],,,, [ 5536528273 ],,,,,,,
  , [ 4913909761 ],,,, [ 8993224873 ],,,,,,,,,,,,,, [ 7060185563 ],,,,,,,, [ 299352044749 ],,
  ,,,,,,, [ 9109155841 ],,,,,,, [ 16144884397 ],,,,, [ 559059496711 ], [ 10942818529 ],,,,,,,
  ,,,,,,,,,,,,,,,,,,,,,,,,,,,,,,,,,,,,,,,,, [ 1042368449 ],,,, [ 17696966701 ], 
  [ 4256455771 ],,,,,, [ 3573657319 ],,, [ 5339020111 ],,, [ 1092722401 ],,, [ 5847442669 ],
  , [ 210487213051987 ],,,,,, [ 14238062454658109 ],,,,,, [ 219224525141 ], [ 1368809443 ],,,
  ,,,,,,,,,, [ 2721527329, 174722456273 ],,,,,,,,,,, [ 35490811231 ],,, [ 1449012007 ],,, 
  [ 4951703011 ],,,,,,,,,,,,, [ 4416006013 ],,,, [ 20851228049 ], [ 1283309149 ],,,,, 
  [ 375669567337 ], [ 3221147701 ], [ 3866837567 ],,,,,,,, [ 89722618327 ],,,,,, 
  [ 1353054121 ],,,,,,,, [ 2129793313 ], [ 5445980593 ],,,,,,,,,,,,,,,,,,,,,,,,,,, 
  [ 42331333753 ],,,, [ 3739229201 ],,,, [ 20732366617 ], [ 4467355201 ],,,,,,,,,,,,,,,,,, 
  [ 2278703017 ],,,,,,,,, [ 5669454433 ],, [ 25778943996677 ],,,,,,,,,,,,,,,,,,,,,, 
  [ 256983885313 ],, [ 170873423797 ], [ 1518254797 ],,,,, [ 25520164609 ],,,,,,,,,,,,,,,,,,,
  ,,,,,,,,,,,,,,,,,, [ 320394000007 ],,,,,,, [ 4409356781 ],,,,,,,,,,, [ 3528703207 ],,,,,,,,
  ,,,,,,, [ 9181923661 ],,,,,,,,,,,, [ 1874746021 ],,,,,,,,,, [ 13527043237 ],,,, 
  [ 7191343681 ],,,, [ 8261260801 ],,,, [ 126274358393, 8615629117033 ],,,,,,, 
  [ 4491476369101 ], [ 5902396033 ],,,, [ 1465067481341 ],,,,,,,,,,,,,,,,,,,,,,, 
  [ 954853111213 ],,,,,, [ 14117427607 ], [ 1047657313081 ],,,,,,,,,,,,,, [ 81178424209 ],, 
  [ 148659049423 ],,,,,,,,,,,, [ 1189692953 ],, [ 607579598401 ],,,,, [ 4357504621 ],,,,,,,,,
  ,,,,,, [ 77536960561 ],,,,,,,,, [ 3190593781 ],,,,,,, [ 9174388397 ],,,,,,,,,,,,,,,,,,,,,,,
  ,,, [ 7058585065027 ],,,,,,,, [ 127334064191 ],,,,,,,,,,,,,,,,,, [ 12549720553 ],,,,,,,,,,,
  ,,,,,,, [ 8487193859 ],,,,,,,,,,,,, [ 238405301083 ], [ 4005025081 ],,,,,,,, 
  [ 4254576481 ],,,,,,,,,, [ 5871498011 ],,,,,,,,,,,,,,,,,,,,,,,,,,,,,,,, [ 17910567361 ],,,,
  ,,,,,,,,,,,, [ 15543100273 ],,,, [ 18806610401 ],,,,,,,,,,,,,,,,,,,,,,,,, [ 35584271941 ],,
  , [ 6457997827 ],,,,,, [ 317767542529 ],,,,,,,,,,,,,,,, [ 143344155988961 ],,,,,,,,,,,,,,,,
  , [ 4840873003 ],,,,,,,,,,,,,,,,,, [ 17180391931 ],,,,,,,,, [ 17617997450869 ],,,,,,,,,,,,,
  ,,,,,,,,,,,,,,, [ 49450433633 ],,,,,,,,,,,,,,,,,, [ 20545039871 ],,,,, [ 2312469001 ],,,,,,
  ,,,,,,,,, [ 1988696041 ],,,,,,,,,,,,,,,,,,,,,,,,,,,,,,,,,,,,,, [ 6233183821 ],,,,,,, 
  [ 16012101361 ],,, [ 1541662273549 ],,,, [ 1171023473 ],, [ 260569592557 ],,,,,, 
  [ 4119924167101 ],,,,,,,, [ 4846089613 ],,,,,,,,,, [ 487257093457 ],,,,,, [ 9787557277 ],,,
  , [ 1062963751, 1335318789667 ],,,,,,,,,,,,,,,,,,,,,, [ 38706913001 ],,,,,,,,,, 
  [ 29946277531 ],,,,,,,, [ 1807843913 ],,,, [ 1619373337 ],, [ 1345558349 ],, 
  [ 10858856479, 433437834091 ],,,,,,,, [ 154620126373 ],, [ 5734578721 ],,,,,,,,,,,,,,,,,,,,
  ,,,,,,,, [ 7767449317 ],, [ 2909071481 ],,,,,,,,,,,, [ 2973672223 ],,,,,,,,,,,,,,,,,,,,,,,,
  ,,,,,, [ 132233863873 ],,,,,,, [ 104296769881 ],,, [ 5839035931 ],,,,,,,,,,,,,,,,,,,, 
  [ 81237322171 ],,,,,,, [ 6145010731 ],,,,,,,,,,,,,,,,,,,,,,,,,,,,, [ 157257740707 ],,,,,,,,
  ,,,,,,,,,,,,,,,,,,,,,,,,,,,,,,,,,,,, [ 12384791849 ],,,,,,,,,,,,,,,,,, [ 7810825313 ],,,,,,
  ,,,,,,,, [ 1292632501 ],,,,,,,,,,,,,,,,,,,,,,,,,,,,,,,,,,,,,, [ 75772148117 ],, 
  [ 387157857511 ],, [ 54134573041 ],, [ 5240098277 ], [ 16191746726761 ],,,,,,,,,,,,, 
  [ 2812249889 ],,,,,,,, [ 3891862081 ],, [ 1296073553 ],,,, [ 375379755661 ],,, 
  [ 3501305551 ],,,,,,,,,,,,,,,,,,, [ 1902791533 ],,,,,,,,,, [ 1296712987 ],,,, 
  [ 102705426787 ],,,,,,,, [ 2652261569 ],,,,,,,,,,,,,,,,,, [ 11447192797, 33445714369 ],,,,,
  ,,,,,,,,,,,,,,,,,,, [ 1417662173 ],,,, [ 1536883969 ],,,,,,,,,,,,,,,,,,,,,,,,,,,, 
  [ 90533558488201 ],,,,,,,, [ 55694984773 ],,,, [ 1403754353 ],,,,,,,, [ 609061159081 ],, 
  [ 1276849589 ],,,,,,,, [ 1295784181, 3006703321 ],,,,,,,,,,,,,, [ 1840217569 ],,,,,,,,,,,,,
  ,,,,,,,,,,, [ 15864814297 ],,,,,,,,,,,,,,,,,,,,,,,,,,,,,,,,,, [ 220536766517 ],,,,,,,,,,,,,
  ,,,,,,, [ 8708253709 ],,,, [ 443734050187 ],, [ 12398450401 ],,,,,,,,,,,, [ 11139468961 ],,
  ,,,, [ 1608645943 ],,,,,,,,,,,,,,,,,, [ 117714436921 ],,,, [ 4909824089 ],,,,,,,,,,,,,,,,,,
  ,, [ 8199116161 ],,,,,,,,,,,,,,,, [ 54391355089 ],,,,,, [ 1405061351 ],,,,,,,,,,,,,,,,,,,,,
  ,,,,,,,,, [ 66397837001 ],,,,,,,,,,,,,,,,,,,,,,,,,, [ 4656748609 ],,,, [ 1812284728721 ],,,
  , [ 110227869347 ],,,,,,,,,,,,,,,,,,,,,,,,,,,,,,,, [ 437503347733 ],,,,,,,,,, 
  [ 3392764033 ],,,,,,,,,,,,,,,,,,,,,,,, [ 1768115081 ],,,,,,,,,,,,,,,,,,,,,,,,,,,,,,,,,, 
  [ 404165868991 ],,,,,,,,,,,,,,,,,,,,,,,, [ 2745138457 ],,,,,,,,,,,, [ 1696547851 ],,,,,,,,,
  ,,,,,,,,,,,,,,,,,,,,,,,,,,,,,,,,,,,,,,,,,,,,,,,,,,,,,,,,,,,,,,,,,,,,,,,,,,,,,,,,,,,,,,,,,,,
  ,,,,,,,,,,,,,,,,,,,, [ 578595016471 ],,,,,, [ 477341193793 ],,,,,, [ 1676057347 ],,,,,,,,,,
  ,,,,,,,,,,,,,,,,,,,,,,,,,,,,,,,,,,,,,,,,,,,,,,,,,,,,,,,,,,,,,,,,,,,,,,,,,,,,,,,,,,,,,,,,,,,
  ,,,,,,,,,,,,, [ 58208615761 ],,,,,, [ 68265580189 ],,,,,,,,,,,,,,,,,,,,,,,,,,,,,,,,,,,,,,,,
  ,, [ 1562970709 ],,,,,,,,,,,,,,,,,,,,,,,,,, [ 1972930231 ],,,,,,,,,,,,,,,,,,,,,,,,,,,,,,,,,
  ,,,,,,,,,,,,,,,,,,,,,,,,,,, [ 185393286541 ],,,,,,,,,,,,,,,,,,,,,,,,,,,,,,,,,,,,,,,,,,,, 
  [ 31401543559 ],,,,,,,,,,,,,,,, [ 2815825451 ],,,,,,,,,,,,,,,, [ 1246974373 ],,,,,, 
  [ 328715063113 ],,,,,,,,,,,,,,,,,,,,,,,,,,,,,,,,,,,,,, [ 1116707651 ],,,,,,,,,,,, 
  [ 1143304163 ],,,,,,,,,,,,,,,,,,,,,,,,,,,,,,,,,,,,,,,,,,,,,,,,,,,, [ 7384213747 ],,,,,,,,,,
  ,,,,,,,, [ 4307332609 ],,,,,, [ 3282555253 ],, [ 1302826201 ],,,,,,,,,, [ 57731661901 ],,,,
  ,,,,,,,,,,,,,,,,,,,,,,,,,,,,,,,,,,,,,, [ 2972880769 ],,,,,,,,,,,,,,,,,, [ 39225860131 ],,,,
  ,,,,,,,,,,,,,,,,,,,,,,,,,,,,,,,,,,,,,,,,,,,, [ 1689827221 ],,,,,,,,,,,,,,,,,,,,,,,,,,,,,,,,
  ,,,,,,,,,,,,,,,,,,,,,,,,,,,,,,,,,,,,,,,,,,,,,,,,,,,,,,,,,,,,,,,,,,,,,, [ 372726506041 ],,,,
  ,,,,,,,,,,,,,,,,,,,,,,,,,,,,,,,,,,,,,, [ 82909351153 ],,,,,,,,,,,,,,,,,, 
  [ 9506611801, 20916013907521 ],,,,,,,,,,,,,,,,,,,,,,,,,,,,,,,,,,,, [ 1113672817 ],,,,,,,,,,
  ,,,,,,,,,,,,,,,,,,,, [ 8270639467 ],,,,,,,,,,,,,,,,,, [ 1420342249 ],,,,,,,,,,,,,,,,,,,,,,,
  ,,,,,,,,,,,,,,,,,,,,,,,,,,,,,,,,,,,,,,,,,,,,,,,,,,,,,,,,,,,,,,,,,,,,,,,,,,,,,,,,,,,,,,,,,,,
  ,,,,,, [ 2068301377 ],,,,,, [ 1749730621 ],,,,,, [ 57450159433 ],,,,,,,,,,,,,,,,,,,,,,,,,,,
  ,,,,,,,,,,,,,,,,,,,,,,,,,,,,,,,,,,,,,,, [ 90264579553 ],,,,,, [ 207562535641 ],,,,,, 
  [ 310987780381 ],,,,,,,,,,,, [ 1125832105693 ],,,, [ 7654294201 ],,,,,,,,,,,,,,,,,,,,,,,,,
  , [ 60614826577 ],,,,,,,,,,,, [ 1147459009 ],,,,,,,,,,,,,,,,,,,,,,,, [ 17962583257 ],,,,,, 
  [ 2130990661 ],, [ 2081380001, 2369085601 ],,,,,,,,,,,,,,,,,,,,,,,,,,,,,,,,,,,,,,,, 
  [ 5860524001 ],,,,,,,,,,,,,,,,,,,,,,,,,,,,,,,,,,,,,,,,,,,,,,,,,,,,,,,,,,,,,,,,,,,,,,,,,,,,,
  ,,,,,,,,,,,,,,,,,,,,,,,,,,,,,,,,,,,,,,,,,,,,,,,,, [ 97527225307 ],,,,,,,,,,,, 
  [ 10098435943, 56931523813 ],,,,,,,,,,,,,,,,,,,,,,,, [ 145706177191 ],,,,,,,,,,,,,,,,,,,,,,
  ,,,,,,,,,,,,,,,,,,,, [ 1973022061 ],,,,,, [ 1522450801 ],,,,,,,,,,,,,,,,,,,,,,,,,,,,,,,,,,,
  ,,,,,,,,,,,,,,,,,,,,,,,,,,,,,,,,,,,,,,,,,,, [ 87252335041 ],,,,,,,,,,,, [ 14028159421 ],,,,
  ,,,,,, [ 2608545451 ],,,,,,,,,,,,,, [ 1413342757 ],,,,,,,,,,,,,,,,,,,,,,,,,,,,,,,,,,,,,,,,,
  , [ 43925103223 ],,,,,,,,,,,, [ 951046987141 ],,,,,,,,,,,,,,,,,,,,,,,,,,,,,,,,,,,,,,,,,,,,,
  ,,,,,,,,,,,,,,,,,,,,,,,,,,,,,,,,,,,,,,,,,,,,,,,,,,,,,,,,,,,,,,,,,,,,,,,,,,,,,,,,,,,,,,, 
  [ 6386984101 ],,,,,,,,,,,,,,,,,,,,,,,, [ 110379938887 ],,,,,, [ 5030859901 ],,,,,,,,,,,,,,,
  ,,,,,,,,,,,,,,, [ 1765776241 ],,,,,,,,,,,,,,,,,,,,,,,,,,,,,,,,,,,,,,,,,,,,,,,, 
  [ 78821005663 ],,,,,,,,,,,,,,,,,,,,,,,,,,,,,,,,,,,,,,,,,, [ 17060828401 ],,,,,,,,,,,,,,,,,,
  ,,,,,,,,,,,,,,,,,,,,,,,,,,,,,,,,,,,,,,,,,,,,,,,,,,,,,,,,,,,,,,,,,,,,,,,,,,,,,,,,,,,,,,,,,,,
  ,,,,,,,,,,,,,,,,,,,,,,,,,,,,,,,,,,,,,,,,, [ 106207273801 ],,,,,,,,,,,,,,,,,,,,,,,,,,,,,, 
  [ 935824855681 ],,,,,,,,,,,,,,,,,,,,,,,,,,,,,,,,,,,,,,,,,,,,,,,,,,,,,,,,,,,,,,,,,,,,,,,,,,,
  ,,,,,,,,,,,,,,, [ 721190641051 ],,,,,,,,,,,,,,,,,,,,,,,,,,,,,,,,,,,,,,,,,,,,,,,,,,,,,,,,,,,
  ,,,,,,,,,,,,,,,,,,,,,,,,,,,,,,,,,,,,,,,,,,,,,,,,, [ 1069381531, 133644216259 ],,,,,,,,,,,,,
  ,,,,,,,,,,,,,,,,,,,,,,,,,,,,,,,,,,,,,,,,,,,,,,,,,,,,,,,,,,,,,,,,,,,,,,,,,,,,,,,,,,,,,,,,, 
  [ 9395507041 ],,,,,,,,,,,,,,,,,,,,,,,, [ 1220868937 ],,,,,, [ 32023514251 ],,,,,,,,,,,,,,,,
  ,,,,,,,,,,,,,,,,,,,,,,,,,,,,,,,,,,,,,,,,,,,,,,,,,,,,,,,,,,,,,,,,,,,,,,,,,, [ 1445964001 ],,
  ,,,,,,,,,,,,,,,,,,,,,,,,,,,,,,,,,,,,,,,,,,,,,,,,,,,,,,,,,,,,,,,,,,,,,,,,,,,,,,,,,,,,,,,,,,,
  ,,,,,,,,,,,,,,,,,,,,,,,,,,, [ 122994099541 ],,,,,,,,,,,,,,,,,,,,,,,,,,,,,, [ 2304849451 ],,
  ,,,,,,,,,,,,,,,,,,,,,,,,,,,,,,,,,,,,,,,,,,,,,, [ 30179091853 ],,,,,,,,,,,,,,,,,,,,,,,,,,,,,
  ,,,,,,,,,,,,,,,,,,,,,,,,,,,,,,,,,,,,,,,,,,, [ 2526155911 ],,,,,,,,,,,, [ 526459661029 ],,,,
  ,,,,,,,,,,,,,, [ 1104775201 ],,,,,,,,,,,,,,,,,,,,,,,,,,,,,,,,,,,,,,,,,,,,,,,,,,,,,,,,,,,,,,
  ,,,,,,,,,,,,,,,,,,,,,,,,,,,,,,,,,,,,,,,,,,,,,,,,,,,,,,,,,,,,,,,,,,,,,,,,,,,,,,,,,,,,,,,, 
  [ 263566296001 ],,,,,,,,,,,,,,,,,,,,,,,,,,,,,, [ 4306510441 ],,,,,,,,,,,,,,,,,,,,,,,,,,,,,,
  ,,,,,,,,,,,,,,,,,,,,,,,,,,,,,,,,,,,,,,,,,,,,,,,,,,,,,,,,,,,,,,,,,,,,,,,,,,,,,,,,,,,,,,,,,,,
  ,,,,,,,,,,,,,,,,,,,,,,,,,,,,,,,,,,,,,,,,,,,,,,,,,,,,,,,,,,,,,,,,,,,,,,,,,,,,,,,,,,,,,,,,,,,
  ,,,,,,,,,,,,,,,,,,,,,,,,,,,,,,,,,,,,,,,,,,,,,,,,,,,,,,,,,,,,,,,,,,,,,,,,,,,,,,,,,,,,,,,,,,,
  ,,,,,,,,,,,,,,,,,,,,,,,,,,,,,,,,,,,,,,,,,,,,,,,,,,,,,,,,,,,,,,,,,,,,,,,,,,,,,,,,,,,,,,,,,,,
  ,,,,,,,,,,,,,,,,,,,,,,,,,,,,,,,,,,,,,,,,,,,,,,,,,,,,,,,,,,,,,,,,,,,,,,,,,,,,,,,,,,,,,,,,,,,
  ,,,,,,,,,,,,,,,,,,,,,,,,,,,,,,,,,,,,,,,,,,,,,,,,,,,,,,, [ 169187800321 ],,,,,,,,,,,,,,,,,,,
  ,,,,,,,,,,,,,,,,,,,,,,,,,,,,,,,,,,,,,,,,,,,,,,,,,,,,,,,,,,,,,,,,,,,,,,,,,,,,,,,,,,,,,,,,,,,
  ,,,,,,,,,,,,,,,,,,,,,,,,,,,,,,,,,,,,,,,,,,,,,,,,,,,,,,,,,,,,,,,,,,,,,,,,,,,,,,,,,,,,,,,,,,,
  ,,,,,,,,,,,,,,,,,,,,,,,,,,,,,,,,,,,,,,,,,,,,,,,,,,,,,,,,,,,,,,,,,,,,,,,,,,,,,,,,,,,,,,,,,,,
  ,,,,,,,,,,,,,,,,,,,,,,,,,,,,,,,,,,,,,,,,,,,,,,,,,,,,,,,,,,,,,,,,,,,,,,,,,,,,,,,,,,,,,,,,,,,
  ,,,,,,,,,,,,,,,,,,,,,,,,,,,,,,,,,,,,,,,,,,,,,,,,,,,,,,,,,,,,,,,,,,,,,,,,,,,,,,,,,,,,,,,,,,,
  ,,,,,,,,,,,,,,,,,,,,,,,,,,,,,,,,,,,,,,,,,,,,,,,,,,,,,,,,,,,,,,,,,,,,,,,,,,,,,,,,,,,,,,,,,,,
  ,,,,,,,,,,,,,,,,,,,,,,,,,,,,,,,,,,,,,,,,,,,,,,,,,,,,,,,,,,,,,,,,,,,,,,,,,,,,,,,,,,,,,,,,,,,
  ,,,, [ 67384145401 ] ]);
