BRENTFACTORS[1206]:=MakeImmutable([ ,,,,,,,,,,,, [ 31611469052593 ],,,, 
  [ 176736301608719696729 ],,,,,, [ 24224881093894505837 ],,,, [ 1798318216788237721 ], 
  [ 159901309793 ], [ 65936714544422897700385540515877 ],, [ 842503232576658442420050047 ], 
  [ 2114141769151073 ],,, [ 1396282035611, 13373109645492501031 ],, 
  [ 11499822614838769, 21399168871909527788756863906557660731651 ], [ 344050539993841553 ],, 
  [ 46380044801401 ], [ 11130901319, 148185009366210281, 21140614257611552515225897975039 ], 
  [ 58368194263 ], [ 618398653579189621, 1967573533454345311344825626533978364647817 ], 
  [ 6585828799496079052481 ],, [ 12864665717, 187714717238793378133 ], 
  [ 3572352313, 29292320512203541542072979 ], [ 372007796755249 ], 
  [ 61789927634779, 353537265698412097 ],, [ 72643070889100277471533 ], 
  [ 472141551181, 2878903220035454483531557 ], [ 66688632559 ],,, [ 2776504405349496641 ],, 
  [ 772195819418698348863926009261701 ],, [ 1043768163261961 ], 
  [ 832663039718803, 9747401343389183289071680973 ],, [ 96698446111 ], 
  [ 557276422179457, 1440444444025408302193398593 ], 
  [ 1827151561, 3656007373415671, 1787980218061202584121 ], [ 1755072854819345887484077 ], 
  [ 5856743014817 ], [ 165625198513 ], 
  [ 14099979932426612164797521621701, 1056904456360487921405364958369032005689 ], 
  [ 7325469941143596551, 28151942975070691561 ], [ 16852658643489037 ], 
  [ 8628246001, 12459423481777 ], [ 112655992000217178870778229 ],, [ 2954487551285701 ], 
  [ 912639672905708016229, 3887555768334083844852823574703196208753 ], 
  [ 1568130413610239507838041 ],, [ 22709342364629 ],,, 
  [ 83338740857, 23186176678246773720839650735763787324190609 ],,, [ 125213105645026778851 ],
  [ 20512571175474225695861852323, 620482272941635503219978686234465280949555429 ], 
  [ 157080541079857 ], [ 1515958475952608527151776689160413193 ], 
  [ 6615805210184335492716737 ], [ 2659051587294573249601 ],, [ 5263762489558895444909 ], 
  [ 151163244763, 35348464347013, 171565961432848657826485942249 ], 
  [ 145363415792385969569, 47237721596773684500584674561630472220962639622089 ],, 
  [ 1504042081, 217238587133869674018241 ], [ 92892827840479 ], 
  [ 52513572533838529, 1550057201369623614371772002951249633 ], 
  [ 55875068819472899712333495439 ], [ 1256002901, 1336806294601, 340345794259201 ], 
  [ 21455821425097, 213676587010579577 ], [ 3152469347098207, 235410538123598724659792993257 
     ],,, 
  [ 12030595171464280811401, 94774253934577016102135071, 6871550935751078060280166441, 
      29653453136202649768574272651 ], 
  [ 4308602477717, 434521992127021, 33379814659225597117608262754253939431 ],, 
  [ 14383263692269, 41490181181418198187033 ], [ 200276561910581329 ],,, 
  [ 207181756020202309361, 2076895408442115865617646668337 ],, 
  [ 7775214800470773653798659167721756837 ], [ 162352355694181, 49912274714094859152221 ],,,,
  , [ 22742958823759441 ],,,,, [ 303252355813501 ], 
  [ 1123636123, 15079245855982638190813, 24472662495641806245593709637 ], [ 4950993401 ], 
  [ 727075004978561 ], [ 3101822561287 ],, [ 673979482364676450413631689681 ], 
  [ 1630228977829, 20480264960149257804408190060587596497456171621 ], [ 85169602408750357 ], 
  [ 5534425657, 106166021930217630479342323447 ],, [ 32934155489 ], [ 1434750311 ], 
  [ 6225100948596967858103555179400029 ], 
  [ 1832902029227, 5459582763613592291627, 25643534402902675319351 ], 
  [ 7948977071515025204582141 ],, [ 177382814416418659, 149720698358938094712162251755597 ],
  , 
  [ 1691544097, 226870950852836553347858593, 
      147924684217168773897131292786071578476165731574433 ], 
  [ 15467271511, 54913646223053969365234570271 ],, [ 1633911790671478938664549 ], 
  [ 1086818710717 ], [ 36645304078093 ], [ 21743676326699841551282988078770588592301 ],, 
  [ 315367916467913 ],, [ 532994180457258196517782177237 ], 
  [ 542016674351, 512881610980922645906441 ], 
  [ 1249019617, 3300211049392625162029, 17528664569269464579229 ],, [ 2784919409023 ], 
  [ 77879551501 ],, [ 2583818516961084313, 48087786624542555521 ],,, [ 1307580882870974749 ],
  [ 8990547996927650341 ], [ 1394361636737, 250934802235358327, 1252381350436558262177 ],, 
  [ 939256082356385473, 874495007277267222169, 51446689010636095802809 ], 
  [ 100005077597301553 ], [ 69643902516893351 ],, 
  [ 1403011618616637981342569, 2197250115537546384834521, 1872023787453359694095207939376973 
     ], [ 129775276339 ],, [ 7897217652718188901 ],, [ 148953627841, 23160331475149807 ],, 
  [ 10237891239197 ], [ 1092291128570881724041 ],, 
  [ 371613800306113, 27089968444055609, 325363473193158707399 ], [ 20331552907 ], 
  [ 11552408746129, 13538991701353416235001 ], [ 16588554549181 ],, 
  [ 5947810833956929889227 ], [ 1256166680833, 26331243701488657 ], [ 16224280337791 ],, 
  [ 1059727113737 ], [ 170796042663937 ], [ 1152918311 ], [ 91407308610199 ], 
  [ 254438846949983281, 94245526186841920411 ],,,,, 
  [ 13002623669499834001, 1381025243764622280124439100001 ],, 
  [ 691345807799, 786948110085391, 77284607637302167337, 1233670105456258506406103729 ],,, 
  [ 2390199961, 1370513037097682583871 ], [ 35164982183, 376987348649075179 ], 
  [ 33138961226083 ],,, [ 7019914377211 ],,,, [ 30551952463 ],, 
  [ 1291224889, 451248529642993 ],,,,, [ 57112874676823508745593 ], 
  [ 2729259000592639, 1459609101879615335913307 ],, [ 860180462078227893083713 ], 
  [ 206735030459286751, 17958498156912540151, 23357612429089212151, 52045093470138072751 ], 
  [ 1302838247, 2836725681205627281163 ], [ 2124181484723 ],, 
  [ 6012332451857, 70071308010653 ], [ 3116299441 ],,,,, [ 75373901411 ], [ 22688654377 ], 
  [ 1047308294581 ], [ 308880722081, 13064436361657978364257 ], [ 1183342189451 ], 
  [ 216502702477441, 54841826704231681, 17015353663334010656625896641 ], 
  [ 345938906442907, 1536487195887583, 702961520007074423 ], 
  [ 5385092635253, 2892953484136262723577325387 ],, 
  [ 392699178074623664381, 26568349027610327580193, 642532601855990177419800258569 ],,, 
  [ 4598276489, 121177767257, 11244560394263509 ], [ 218214052991321 ], 
  [ 570513031009, 3031238467039 ], [ 11735623001 ], [ 61680950339 ], 
  [ 8973921518710860529933849189 ],, 
  [ 84869088581, 7592023592149, 8818346252021, 1294400465897447997763 ], 
  [ 92742398911, 126202127191756351 ], [ 958845742018817 ],, 
  [ 1033782573076752781, 30768949597076798539057 ], [ 72249630419, 2388917452803315827219 ],
  , [ 29839638799 ], [ 45427704155077, 8084250515846207 ], [ 19504135643437 ], 
  [ 4904884624698573769, 1885072877764718028107685361 ],,, [ 5955673168273 ], 
  [ 180173580373 ], [ 3352138121, 1290020835085317229 ], [ 9988261201 ],,,, 
  [ 5772954426761 ], [ 5501674528351 ], [ 48276001942969 ], [ 1375623890157109 ], 
  [ 37450231660335928219 ],,, [ 1095914902200611029 ], [ 257108451088203705619 ],, 
  [ 1661536446676657597 ], [ 15206506262911, 4792540690000972147926282091 ], 
  [ 615521023363819, 519951737045423320067 ],, [ 29257786309916900187461377 ],, 
  [ 2030260817881, 4330287780121 ], [ 6322823557, 36955458283 ], 
  [ 1797869989, 36189628180813, 126948443098237001, 314773629357726695701, 
      335413528277336427834848173 ], [ 1155105634651 ], 
  [ 3064065690043, 76172885336345911, 4250943516284469528628580323, 
      5461467275997807156826147233607 ],,, [ 3423079441, 204337262251, 5217695873479 ],,,,, 
  [ 45982059451, 9471322377053 ],, [ 455966353010353, 42112536238452611494481 ],, 
  [ 1077631939, 1118973175932583, 206423400885197900573791 ],, [ 5497318289 ], 
  [ 273070443463 ],, [ 67020007399637 ], [ 16174607593 ],,,, [ 202759191793 ], 
  [ 10747056997 ], [ 11425244557 ],,,,, [ 14141076387397 ], 
  [ 862886348544709, 241586868615777073 ], [ 39007446535525651 ],, [ 325722697310675179 ],, 
  [ 239119691189 ], [ 1283574374941, 176058313860726331 ], [ 185969094148291 ],,,,, 
  [ 7799685937, 94806380762017 ],,,, [ 1257967894481 ], [ 611075675299, 158701360858657 ],, 
  [ 172459447113073 ], [ 140740790287457, 760393010809716619073 ], 
  [ 1013408518737991, 234272259026132881, 322749809051365951 ],,, [ 22124947923577 ],,, 
  [ 2184612769 ],,,,, [ 183642574515284321 ],, [ 114994916546663 ], [ 11491523103941 ],, 
  [ 2360844697, 30959378773 ], [ 4758089267 ], [ 152884776213702527809 ], 
  [ 1299451248032930357, 230960261886502542577 ], [ 6028522501 ],, 
  [ 11354205631, 843529302523 ],, [ 2110463029 ],,, [ 15299452497039147193 ], 
  [ 125857788313 ], [ 290758516313, 15128093031922321903, 7797678631356494560747 ], 
  [ 79924209446572501 ], [ 47615492906895306241 ],, [ 34875528207820777 ], 
  [ 228382458203, 592259486503 ], [ 46635855247146941 ], [ 113004843841 ],,, 
  [ 129579624973813069651201 ], [ 12732637664671, 559671766337531 ], 
  [ 1035883111, 105702626387 ],,, [ 2830528389067, 412864934538347 ], 
  [ 189254388181, 764763218535662971171 ], [ 1646200077017, 3492676113463 ],, 
  [ 8510102959, 45212637094873 ], 
  [ 11012234900957, 389475440627381, 52629325370082569, 1243513189570981369199 ], 
  [ 1974645861563378131 ], [ 695416929769 ],, [ 1114579820381 ], [ 2055581850589 ], 
  [ 5890953766001 ],, [ 105046806904302778729 ], [ 52362999001 ],,,, [ 35611672163 ], 
  [ 1235057618988595739477953 ],,,, [ 25693310862061 ],, [ 3595805281, 2477614226546088793 ],
  , [ 52045084417 ], [ 8826221294437 ],, [ 123047812963, 98782898652839 ],,,, 
  [ 48044545579 ],, [ 5279995151, 691068530851 ],, [ 18908307251, 21052709791 ],,, 
  [ 45793762031, 49068299799072702521 ],, [ 22741397137 ],,, [ 53083172671, 577992673651 ],, 
  [ 17865017977 ], [ 5998482709, 48582308837602901629 ], [ 837736058767 ], [ 12601878521 ],,,
  , [ 24318649897 ],, [ 79612163840551499 ],, [ 627401905423191840257 ],,, 
  [ 1103041369, 337436895709 ],,,, [ 792656467331 ], [ 13384306801, 50509544561267814409 ], 
  [ 3942529861 ], [ 177977804961701111 ], [ 7723672037047 ], 
  [ 1812790081, 403789938388481, 8733157604081441 ],, [ 406219465355551 ],, 
  [ 36947341893718337, 433727266869333170161 ], [ 1290113851494151 ],,, 
  [ 217382029021, 4297435595389 ], [ 11972241793 ], 
  [ 3604320307171, 17903425943451732004681 ],, [ 515834944441 ], [ 3418984157852077 ],,,,,,, 
  [ 6019399681, 384866299681 ], [ 5064549026837 ], [ 46874055848206019 ], 
  [ 13101976819, 95518391053, 3526699980114991 ],, [ 596739885488921 ],,,, [ 2757995209 ], 
  [ 291425677201 ],,,,,, [ 306816216813361 ], [ 2620212827 ],,,, [ 10682458018828645957 ], 
  [ 2200880449 ],, [ 149852076801554886050432449 ],,,, 
  [ 2266683843059621, 1710484595417591293, 14648109039324047113 ],, 
  [ 172069222597236805833151 ],,,,, [ 1002625691 ],,, [ 5756059513, 398250430078103 ], 
  [ 564227034313 ], [ 13689263641 ],, [ 1007243893, 65067876709047811 ],,, 
  [ 1792265660309251, 817311518955489275551 ], [ 12267865588964292719 ],, 
  [ 5146279777, 368359974049 ],, [ 556972796041 ],,,,, [ 9713979060211, 38361879858691 ], 
  [ 16452752818789615633 ], [ 3144272473 ],, [ 232262434749731 ],, [ 4648784869 ], 
  [ 2819112731, 745817960717 ],, [ 3357419900353 ],, [ 15895728753179611330017055033 ],, 
  [ 24890430814477 ],, [ 16893277501, 53692283444214251, 68077193372425995451 ],,,, 
  [ 133703338677011 ],, [ 6202666501, 144128611151694829801 ],, [ 2088279187124761 ],, 
  [ 19371778762561, 274884629785921 ],, [ 1895360737, 90336033599068463 ],,,, 
  [ 189049115509, 4010557489789 ], [ 1262682919 ], [ 5908192722921702121 ], [ 42445675931 ], 
  [ 4265418301, 6325929420301 ],, [ 32730475493, 7703659979172301 ], [ 14689307671 ],,, 
  [ 519247444609 ],,,, [ 7422324344553143340841 ],, [ 7899510042687139, 543003830331266701 ],
  [ 5448421837 ],,, [ 3187446209 ],,,, [ 36918369721, 3335741490763123761961 ], 
  [ 28902959017 ],,, [ 3714289800932469824209, 6314414039498553814387 ], 
  [ 1460140711, 51394072241, 1749958299671 ], 
  [ 1518536010353, 14245040302469, 37844538042397, 8357975075004910813 ],,, [ 13799099507 ],,
  ,,,,, [ 1189187737 ],,, [ 10477382161 ], [ 61359548641 ],, [ 64290626850277 ],, 
  [ 189578985683 ],, [ 2357320314889 ],, 
  [ 43891555691569, 932063926672891, 73913923742735539 ],, [ 65242049441 ],,,,,, 
  [ 1427750892851, 41129988447571 ], [ 11505847519 ],,,,,, [ 5293694179 ],,, 
  [ 10760469373, 17938039106462593 ],, [ 480489478591 ],,,, [ 272024874605905609 ],,, 
  [ 4093683110401, 5251328873041 ],,,,, [ 902365184820812701 ],,,,,,,,,, [ 25798936930801 ],
  , [ 14908387968917 ],, [ 1656967513 ],,,,,,, [ 1306565833 ], [ 1748294243809 ],,, 
  [ 8702662742101 ],,, [ 1866746756843413 ],,,, [ 74194939589 ],, [ 37535081401 ], 
  [ 32917276331 ], [ 5046176899, 30095715004307 ],,,, [ 1274372041, 269773721521 ],, 
  [ 1017841516157 ],,,, [ 34187313033585553 ],, [ 50989499017319 ],, [ 22886320222418801 ],,
  , [ 1109823289 ], [ 14078311902337 ], [ 68341961161 ],,,,,,, 
  [ 4890872537, 62927004555974729 ],,,, [ 368472553237 ],, [ 478405808173, 401563497275533 ],
  , [ 92402542801, 689654792609281 ],, [ 2377010086837 ],, [ 10333794629, 2452818114577 ],,, 
  [ 1685313953 ],,,,,,,, [ 293190362643361 ],,, [ 71438554981, 5594098372111 ],, 
  [ 3687522121 ],, [ 61507606217 ],,,,,,,,,, [ 10613745926177 ],,,, [ 191544769866880737469 ]
   ,,,,,, [ 561354274801 ],,, [ 652626900901 ],,,,,,,,,,, [ 44479366297 ],,,,, 
  [ 5163562757 ],, [ 1762360741 ], [ 14579742241, 4681215330851921 ],,,,,, [ 41109824738071 ]
   ,,, [ 25313701921 ],,,,, [ 10689470017895677 ],,,, [ 10935905987, 87190714543351 ],, 
  [ 11075126533, 25935764053 ],,,,,, [ 24568950186271 ],, [ 15310563705053 ],,,,,, 
  [ 87213097823 ], [ 790848953623 ], [ 12473423143981 ], [ 1060424947, 1875620477 ], 
  [ 1275936349 ],,,, [ 58121238780361 ],,, [ 6110630594099 ], [ 5402567941 ],,,, 
  [ 352498407809269 ],,, [ 200145846907333 ], [ 15874125061 ],,,,,, [ 208044189378617 ], 
  [ 3156710441 ],,,,, [ 9631622851 ], [ 2940153941, 4310229901 ], [ 88858154017 ],,,, 
  [ 2714230481 ],,,,,, [ 3677674729 ],,,,,, [ 2447672333, 812072873837 ],,,,,, 
  [ 11635140733, 1009538901915857, 1048190808566621 ], [ 7354116001 ],,,, [ 3004468087729 ],,
  ,,,,, [ 59908274819, 95661515689 ],, [ 2828852191681 ],,,,,,,,,,,, [ 2881091941201 ],,,,,,
  , [ 16958175373 ],,, [ 25878689201 ],,,,,,, [ 213597341861 ], [ 184334184761131 ],, 
  [ 29755238332121 ],,,,,,,, [ 7341781343681 ],,, [ 4799696021, 12028680133 ],,,,,, 
  [ 2708685223 ], [ 420945550873, 19316331833401 ],, [ 397656996274661 ], [ 7636828985563 ],,
  , [ 4333928708257, 1014478347176689 ],, [ 648626388781691 ],, [ 23204039233010197 ],,, 
  [ 31046810089 ],,, [ 36201590641, 3214535643019 ],, [ 168958621316417 ],, [ 3279654563 ], 
  [ 11997155213 ], [ 171363039361, 375626147521 ],, [ 346411710347 ],,, [ 75728077781 ],,, 
  [ 4228105670713 ],, [ 43726007261 ], [ 57993514877 ], [ 7663907423269 ],,,,, 
  [ 18208081303 ],,, [ 3516003291781 ], [ 49591665037 ],,, [ 36561127275601 ],,,, 
  [ 54174415981921 ],, [ 48009992897174221 ],,,, [ 2160149867, 5159982227, 3323323272557 ],, 
  [ 1059721093, 37192305313, 152420870989 ], [ 33710368589 ],,, [ 1064983001, 15535905001 ], 
  [ 4099000907 ],,,,,,, [ 70902458929, 99437763494161 ],,,,,,,,,,,,,, [ 1235443679 ],,,, 
  [ 1575620028937, 26506340855461 ],, [ 4715614873 ],,, [ 13421205925873 ],, [ 3370451741 ], 
  [ 5909506738147 ],,,,,,,,,, [ 5637007009 ],,,, [ 5521399529 ],, [ 2024467201 ],, 
  [ 2625154489 ],,,,,,, [ 3709670647 ],, [ 7060053151 ],,,,,,,,, [ 43751886026134591 ], 
  [ 174120669577 ],,,, [ 3930614951 ],,,,,,, [ 57466403879 ],,,,,,,,,, [ 566862741637921 ],,
  , [ 3674498071, 12361551361 ],,, [ 77926911229, 10151843021857 ],,,, [ 111109406767 ],,, 
  [ 7764127801 ],,,,,,,,,, [ 144201032201 ],,,,,,,,,,,,, [ 347323028360448073 ], 
  [ 1721989187 ],,,, [ 202141364767 ], [ 9489790633051, 37573136882317 ],,,,,,,,,,,, 
  [ 2968450567, 1170511931521 ],,,,,, [ 6194022888961 ],,,,,,,,, [ 16032622843 ],,, 
  [ 1261178146321, 44714818056781 ],,, [ 2782907557 ],,, [ 8108603745841 ],,, 
  [ 2417705491 ], [ 4214193923 ],, [ 6720079394953, 8390409845108593 ],, [ 6031096129 ],,,,,,
  , [ 2085554971, 7616064445741 ],,, [ 212893259041 ],, [ 15677703360942782041 ], 
  [ 1021032391 ],,,,,, [ 2867808511, 10881934183 ],,,,,,,,,,,,,,,,,, [ 59174961481 ],,,,, 
  [ 1740154321 ],,, [ 2305176443 ], [ 1255334401 ], [ 1286460701 ],,,,,,,,,,,,,,,,,,,,,,,,,,,
  , [ 2368713803 ],,,,,,, [ 13791332521, 2108475274501 ],,,,,, 
  [ 8306624791, 136283244945541 ],,,,, [ 5813740859879 ],, [ 2797799401 ],,, [ 17154417677 ],
  ,,,,,,, [ 259008341329 ],, [ 30635070068557 ],,,, [ 7130030059651 ],,,,,,,,,,,, 
  [ 1911325935110341 ],,,,,,,,,, [ 1188551297 ],,,,,,, [ 3427658921 ],,,,,,, [ 4438556929 ],,
  ,, [ 85989887861921 ],, [ 556265829827981375497 ],,,,, [ 9250697510279 ], [ 1778804101 ],, 
  [ 71069350861, 412271252761, 778086135301 ],,,, [ 8185273696321 ],,,,,,,, 
  [ 9007072673, 30344315041 ], [ 23849717959 ], [ 18378577223 ],,,,,,,,,,,,,,,,,,,,,,,, 
  [ 63860200639 ],,,,,,, [ 18855392771 ], [ 1017147979, 7631417840509 ],, [ 1281469613 ],,,,
  , [ 25637919833, 186555472110827 ],,,,,,,,,,,, [ 4364177281 ],,,,, [ 7643115091 ],,,,,, 
  [ 43150534057 ],,,,,,, [ 2021209279 ], [ 1988586097 ],,,,,, [ 31086136511 ],, 
  [ 7076182177 ],, [ 7047734293 ],,, [ 3532898989 ],,, [ 46679738401, 1610974955521 ],,,, 
  [ 3049004557 ],,,, [ 2074138369 ],,,,,,,, [ 1743488657 ], [ 24674260033 ],,,,,,,,,,,,, 
  [ 126214924711 ],,,,, [ 1113613201 ],, [ 7039051153 ],, [ 1785744601 ],, [ 122438861101 ],,
  ,,, [ 42787344583 ],,,,,,,,, [ 1079267411 ],,,,,,, [ 47623733761 ],, [ 1550834561 ],,,,,,,,
  ,,,,, [ 2079998143 ],,, [ 4462913041 ],,,,,, [ 4193396117 ],,, [ 1190574199 ], 
  [ 187509576871 ],,,,,,, [ 6749664799 ],,, [ 2249058046621 ], [ 613180382537 ],,,,,,,,,,,,, 
  [ 512319773617 ], [ 2990998961, 15976001581 ],, [ 1195262191 ],, 
  [ 1331975303, 5485297849 ], [ 1066039528321 ], [ 2175109889 ],, [ 10716382820497 ],,,,,,,,,
  ,,,,, [ 129525112991, 256074089503 ],,,,,,,,,,, [ 7612219333 ],,,,, [ 6676540183 ],,,,,,,,,
  , [ 9812533669 ], [ 18509096549 ],,,,,, [ 2019186331 ],,,, [ 206046104851 ],, 
  [ 15604388497 ],,,,,,,,,, [ 2129014483 ],,,,,,,,,,, [ 5054278546139 ],,,,, 
  [ 1284394599841 ],,,,,, [ 130164872273 ],,,,,, [ 8104682701 ],,,,,,, [ 257228140621 ], 
  [ 25209262537 ],,,,,,,, [ 51943124922061 ],,,, [ 3562075788787 ],, [ 71131803161 ],,, 
  [ 3246124873 ],,,,, [ 13511105849 ],,,,,,,,,,,,,,,,,,,,,,,,,,,,,,,,,, [ 1435433669 ],,,,,,,
  ,, [ 42535567889 ],,,,,,,,,,,,,,,,,,,,, [ 24187366169 ],,, [ 6070597933 ], [ 17943796537 ],
  [ 4674453882853 ],,,,,,,,, [ 581399820653 ],,,,,,,,,,,,,,,,,,,,,,,,,,,,,, [ 39972817921 ],,
  ,, [ 91367624154773 ],,,,, [ 3775223783 ],,, [ 2446218589 ],,,,,,,,,,,, [ 63636536736481 ],
  ,,,,,,, [ 3313150081, 5151787681 ],, [ 1594052351 ],,, [ 3519350827 ],,,,,,,,,,, 
  [ 1055574881 ],, [ 1286476747 ],,,,,,,,,,,,, [ 758228397011 ],,,,, [ 21448097101 ], 
  [ 1401835471 ],,,,, [ 35108317903 ],,, [ 2540931667 ],,,,,,, [ 24776084369, 425999145937 ],
  ,,,,, [ 199341601853 ],,,,,,,,,,,,,,,,,,, [ 1081155731 ],,,,,, [ 30183793859 ], 
  [ 55246292641 ],,, [ 3036598111, 26696861101 ],,,,,, [ 168062024459557 ],,, 
  [ 17449618561 ],,,,,,,,,,,,,,, [ 1444601341 ],,,,,,, [ 168078022061 ],,,, 
  [ 1224790431607 ], [ 1002521983 ],,, [ 66964019851 ],,, [ 7987918429 ],,,,,,, 
  [ 2636080441 ],,,,,,,,,,,,, [ 35581026757 ],,,,,, [ 1532624677 ], 
  [ 27539002261, 116090019541 ],,,,, [ 2409158771 ],, [ 6370835096409187 ],,,,,,,,, 
  [ 14826377821 ],, [ 5582489923 ],,,, [ 33604430861 ],,,, [ 117225396317 ],,,,, 
  [ 1968538893337 ],,,,,,,,,,,, [ 31361602007 ],,,, [ 372985736251 ],,, [ 2186999491531 ],,, 
  [ 4788617653 ],,,,,,,, [ 6948159973 ],,,,,, [ 393582065423 ], [ 405263902721 ], 
  [ 7788052297 ], [ 1299989051, 2751165601 ],,,,,,, [ 3889556617 ],,,,,, [ 11868946499 ],,,,,
  ,,,,,,,,,,, [ 5513404051 ],,,,,,,,,,,,, [ 15266616857 ],,,,,,,,,,, [ 29765138569 ], 
  [ 1618434673, 57631778394121 ],,,,,,,,,,, [ 1187893981 ],,,,,,,,,,,,,,,, [ 11658735097 ],,
  , [ 75160894843 ],,, [ 20856149803 ],,,,,, [ 1391086370053 ],,,,,,,, [ 2707936921 ],,,,,,,,
  ,,,,,,,,,, [ 38978500357 ],,,,,,, [ 4084184449 ],,,,,,,, [ 15938611417 ],,,,,,,, 
  [ 94363447457 ], [ 6207312817 ],,,, [ 1485211547 ], [ 38072303123 ],,, [ 3669907783 ],,,,,,
  ,,,,, [ 2947830649 ],, [ 3739368228823 ],, [ 79978744057 ], [ 37411733113 ],,,,,, 
  [ 2997026371 ],,,,,,,,,,,,,, [ 43431994783 ],,,,,,, [ 1893529837 ],,,,,,,, [ 4189278497 ],
  , [ 1039071461 ],, [ 9810324289 ], [ 5965088497 ],,, [ 5841719088301 ],,, 
  [ 28498321081, 2394847136827 ],,,,,,,,,,, [ 4515179359 ],,,, [ 53636911817417 ],, 
  [ 145073114521 ],,,,,,,,, [ 1333347079 ], [ 6073418921, 20598481301 ],,,,,,,,,,,,, 
  [ 332301251801 ],,,,,,,,, [ 3032340593 ],,,,,,,,,,,,,,,,,,, [ 560272684483 ],,, 
  [ 38671058719 ],,,,,,,,,,,,,,,,,,,,,,,, [ 1035966079 ],, [ 766676392081 ],,,,,,,,,,,,,,,,,,
  ,,,,,,,,,,,, [ 6384954311 ],,,, [ 3999347735293 ],,,,,,,, [ 834640438571 ],,,, 
  [ 1719828049 ],, [ 3811158457 ], [ 1342641697, 502108308439 ],,, [ 1901056393 ],,,,,,,,,, 
  [ 1184709191 ],,,,,,, [ 1732746583 ],,,,, [ 4322564941 ],,,,,, [ 1245629761 ],,,,,,,,,,, 
  [ 71443738213 ], [ 41582631869 ],,,,,,,,,,,,,,,,,,, [ 34116553381 ],,,,, [ 505537052401 ],
  , [ 6086230669 ],,,,,, [ 2416758121 ],,, [ 4271138983 ],,,,,,,,,,,,, [ 26920117501 ],,,, 
  [ 18568800121 ],,,,,,,, [ 4972632113 ],,,,,,,,,,,, [ 1864862449, 1523745354829 ],,,,,,,,,,,
  , [ 37311130777 ],,,,, [ 81525032359 ],,,,,,,,,,,,,, [ 1220543941, 1507281371, 4481372911 ]
   ,,, [ 368936413471 ], [ 1107872989 ],,,,,,, [ 1284983519 ],,,,,,,,,,, [ 4030067221 ],,,,,
  , [ 1760660623 ],, [ 2158728331 ],,,,,,,,,,,,,,,,,,,,,,,,,,,,,, 
  [ 4706189351, 11430029021 ], [ 3732987529 ],,,,,, [ 24719966911 ],, [ 102996311233 ], 
  [ 1405057501, 1880844001 ],,,,,,,,, [ 19226993629 ], [ 4149360851 ],,,,,,,,,,, 
  [ 18700943689 ],,,,,,,, [ 99116955463 ], [ 13340485447561 ],,,,,,,,,,,,,,,,,,,,,,,, 
  [ 13619066203 ], [ 8965194961 ],, [ 11463849613 ],,, [ 4936700071, 21292039261 ],,,,,,, 
  [ 2770587557 ],,,,,,,,,, [ 1128636209 ],,,,,,,, [ 2916225581 ],,,,,,,,,,, [ 21065182027 ], 
  [ 1030992887, 1731771787, 39191396831 ],,,,,,,,,,, [ 1019108371 ],,,,,,,,,,,,,,,,,, 
  [ 5276874667 ],,,,, [ 566329456109 ], [ 1328978767 ],,,,,,,,,,,,,,,,, [ 14357081113 ], 
  [ 65724581851 ],,,,,,,,,,, [ 3219214643 ], [ 2563449157 ],,,,, [ 3097341497 ],,, 
  [ 2203695391, 16459067431 ],,,,,,,,,,, 
  [ 1515781559, 2351478509, 21805894603, 1068630656351 ],,,,,,,,,,,,,,,,,,,,,,,,,,,,,,,,,, 
  [ 2523880724641 ], [ 31989194077 ],,,,, [ 1700163403 ],,,,,,,,,,,,,,,,,,,,,,,,,,,, 
  [ 2977547347 ],,,, [ 2711438629 ],,,,,,,,,,,,,,,,,,,,,,,, [ 33909521761 ],,,,,,,,,,,, 
  [ 13132086701, 15297625801 ],,,,,, [ 617690473419961 ],,,,, [ 9901821401551 ], 
  [ 2905863269 ],,,,,,,,,,,,,,,, [ 17904129401 ],,, [ 11182883581 ],,,,,,,,,,,,,,,,,,,,,,,,,,
  ,,,,,,,, [ 2842526053 ],,,,,,,,,,,,,,,,,,, [ 15200264731 ],,,,,,,,,,, [ 4301395591 ],,,,,, 
  [ 14030646211 ], [ 4917732769 ],,,,,,,,,,,,,,,,,,,,,,, [ 32289563419 ],,,,,,,,,,,,,,,,,,,,,
  ,,,,,,,,,,,,,, [ 26412896197 ],,,, [ 1444557727 ],,,,,,,,,,,, [ 40408438842661 ],,,,,, 
  [ 13674381841 ],,,,,,,, [ 1097006734273 ],,,,,, [ 1358230301, 1787002891 ],,,,,,,,,,,,,,,,,
  , [ 1057301537 ],,,,,,,,,,,,,,,,,,,,,, [ 38551108051 ],,,,,,,,,,,,,,,,,,,, [ 7482131981 ], 
  [ 1199018521 ],,,,,,,,,,,,,,,,, [ 3146221261 ],,,, [ 2590001569 ],,,,,, [ 10501039147 ],,,,
  ,,,,,,,,,,,,,,,, [ 17159164411 ],, [ 5964985601 ],, [ 9455455189 ],,,, [ 370676974769 ],, 
  [ 29639986657 ],,,,,,,, [ 14455940101 ],,,,,,,, [ 5789258621 ],,,, [ 13953554161 ],, 
  [ 18843555406001 ],,,,,,,,,, [ 4904554263481 ], [ 14548873237 ],,,,,,,,,,, [ 1225249481 ],,
  ,,,,, [ 2955834877 ], [ 1106983601 ],,,,, [ 1264258531 ],,,,,,,,,,,, [ 3652673767 ], 
  [ 37024456129 ],,,,,,,,,,,,,,,,,,,,,,,,,,,,,,,,,,,,,,,,,, [ 117076365361 ],,,, 
  [ 7454097572417 ],,,,,,,, [ 839855030321 ],, [ 11093388541 ],,,,,, [ 5325972961 ],,,,,,,,,,
  ,,,, [ 37771363169 ],,,, [ 4059981043 ],,,,,,,,,,,,,,,,,,,,, [ 6594093991 ],,,,,,,,,,,,, 
  [ 1316465609 ],,,,,,,,,,,,,,,, [ 24543955517 ],,,,,, [ 5645320867 ], [ 1505402491 ],,,,,,,,
  ,,,,,,, [ 184102546651 ],,,, [ 7783658081 ],, [ 5770248193 ],,,, [ 5890304795801 ],,,,,,,,,
  ,,,,,,,,,,,,,,,,,,,,,,,,,,,,, [ 5925828877 ],,,,,,,,,,,,,,,, [ 44283494767, 1501359023053 ]
   ,, [ 785074912081 ],,,,,,,,,,,, [ 157814848801, 1544785398577 ],,,,,, [ 14125334389 ],,,,,
  ,,,,,,,,,,,,,,, [ 4362748241 ],,,,,,,,,,,,,,,,,,,,,,,,,,,,,,, [ 2847479461 ],,,,,,,,,,,,,,,
  ,,,,,,,,,,,,,,,,,,,,,, [ 263019846113 ],,,,,,,,,, [ 25457414401 ],,,, [ 7747374277 ],,,,,,,
  ,,,,, [ 68330217409 ],,,,,, [ 5174349013 ],,,,,, [ 1691096532781 ],,,,,, [ 5179471441 ],,,,
  ,,,,,,,,,,,,,,,,,,,,,, [ 8855147549 ],,,, [ 10490478769 ],,,,,,,,,,,,,,,, [ 1017696769 ],,,
  ,,,,,,,,,,, [ 5829524224633 ],,,,,,,,,,,,,,,, [ 28345055023 ],,,,,,,,,,,, [ 2416408507 ],,,
  ,,,,,,,,,,,,,,,,,,,,, [ 15865831897 ],,,,,,,,,,,, [ 18092209301 ],,,,,,,,,,,, 
  [ 3872405437 ],, [ 975369743989 ],, [ 11082961627 ],,,,,,,,,,,,,,,,,,,, [ 53089851473 ],,,,
  ,,,,,,,,,,,,,,,, [ 3620455177 ],,,,,,,,,,,,,, [ 1533991021 ],,,,,,,, [ 11882205901 ],,,,,,,
  ,,,,,,,,,, [ 2044434631, 7965710761 ],,, [ 38708137460737 ],,,,,, [ 56877493045033 ],, 
  [ 8536174961 ],,,,,,,,,, [ 36150522157 ],,,,,,,,,,,, [ 636341327449 ],,,,,,,,,,,,,,,,,,,,,,
  ,,,, [ 1859801089, 2365816289 ],,,,,,,,,,,,,,,,,, [ 1095092839 ],,,,,,,,,,,,,,,,,,,,,,,,,,,
  ,,,,, [ 2870337625601 ],,,,,,,,,,,,,,,,,,,,,,,,,, [ 112912545961, 87056123936461 ],,,,,,,,,
  ,,,,,,,,,,,,,,,,,,,,,,,,,,,,,,,,,,,,,,,,,,,,,,,,,,,,,,, [ 775403759201 ],,,,,,,,,,,,,,,,,, 
  [ 1849718963 ],,,,,,,,,,,,,,,,,,,,,,,,,,,,,,,, [ 1247529583 ],,,,,,,,,,,,,,,,,,,,,,,, 
  [ 1476193951, 1659237427 ],,,,,,,,,,,, [ 4228651051, 110085593911 ],,,,,,,,,, 
  [ 1060520341 ],,,,,,,,,,,,,,,,,,,,,,,, [ 12265018657 ],, [ 2291323651 ],,,,,,,,,,,,,,,,,,,,
  ,,,,,,,,,, [ 35263878217 ],,,,,, [ 38646779179 ],, [ 329258453621 ],,,,,, [ 300929656501 ],
  ,,,,,,,,,,,,,,,,,,,,,,,,,,,,,,,,,,,,,,,,,,,,,,,,, [ 290034651701 ],,,,, [ 20057425501 ],,,,
  ,,,,,,,,,,,,,,,,,,,,,,,,,,,,, [ 70542526974247 ],,,,,,,,,,,,,,,,,,,,,,,, [ 24737656627 ],,,
  , [ 3422249807 ],,,,,,,,,, [ 22269170809 ],,,,,,,,,,,,,,,,,, [ 1507678069 ],,,,,, 
  [ 4721213201 ],,,,,,,, [ 17525467457, 64793474113 ],,,,,,,,,,,,,,,, [ 1092750121 ],,,,,, 
  [ 172756616971 ],,,,,,,, [ 6613760567 ],,,, [ 9163157491 ],,,,,,,,,,,,,,,,,,,,,,,,,, 
  [ 37705478809 ],, [ 2116585231 ],,,,,,,,,,,,,,,,,,,, [ 2280414264361 ],,,,,,,,,,,,,,,,,,,, 
  [ 6368232751 ],,,, [ 27344588707 ],,,,,,,,,,,,,,,,,,,,,,,,,,,,,,,,,,,,,,,,,,,,,,,,,,,,,,,,,
  ,,,,,,,,,,,,,,,,,,,,,,,,,,,,, [ 1127943001 ],,,,,, [ 2363596537 ],,,,,,,,,,,,,, 
  [ 4560175621 ],,,,,,,,,,,,,,,,,,,,,,,,,,,,,,,,,,,,,,,,,,,,,,,,,,,,,,,,,,,,,,,,,,,,,, 
  [ 1637766761 ],,,,,,,,,,,,,,,,,,,,,, [ 1332440513 ],,,,,, [ 15430686083 ],,,,,,,,,,,,,,,,,,
  ,,,,,,,,,,,,,,,,,,,,,,,, [ 535184454841 ],,,,,,,,,,,,,, [ 1317499877, 47488878053 ],,,,,,,,
  ,,, [ 56519539561 ],,,,,,,,,,, [ 52903131689 ],,,, [ 2504145601 ],,,,,,,,,,,,,,,,,,,,,,,,,,
  ,,,,,,,,,,,,,,,,,,,,,,,, [ 1219459751 ],,,,,,,,,,,,,,,,,,,,,,,,,,,,,,,,,,,,,,,,,,,,,,,,,,,,
  ,,,,,,,,,,,,,,,,,,,,,,,,,,,,,,,,, [ 1905127141 ],,,,,,,,,,,,,,,,,,,,,,,,,,,,,,,,,,,,,,,,,,,
  ,,,,,,,,,,,,,, [ 1011648769, 1788478849 ],,,,,,,,,,,,,,,,,,,, 
  [ 5066545597, 23248031689, 65026078937 ],,,,,,,,,, [ 4852975444939 ],,,,,,,,,,,,,,,,,,,,,,,
  ,,,,,,, [ 7270414033 ],,,,,,,,,,,,,,,, [ 11476085629 ],,,,,,,,,,,,,,,,,,,,,,,,,,,,,,,,,,,,,
  ,,,,,,,,,,,,,,,,,,,,,,,,,,,,,,,,,,,,, [ 7043244217 ],,,,,,,,,,,,,,,,,,,,,,,,,,,,,,,,,,,,,, 
  [ 1516874941 ],,,,,,,,,, [ 78037525081 ],,,,,, [ 3128069941 ],,,,,, [ 4229949079 ],,,,,,,,,
  ,,, [ 1651306987111 ],,,,,,,,,,,,,,,,,,,,,,,,,,,,,, [ 1248806161 ],,,,,, [ 33064111501 ],,,
  ,,,,,,,,,,,,,,,,,,,,,,,,, [ 13542461297 ],,,,,,,,,,,,,,,,,,,,,,,,,,,,,,,,,,,,,,,,,,,,,,,,,,
  ,,,,,,,,,,,,,,,,,,,,,,,,,,,,,, [ 39249771817 ],,,,,, [ 2327568337 ],,,,,, [ 15454666681 ],,
  ,,,,,,,,,,,,,,,,,,,,,,,,,,,,,,,,,,,,,,,,,,,,,,,,,,,,,,,,,,,,,, [ 57404737963 ],,,,,,,, 
  [ 5350373047 ],,,,,,,,,,,,,,,,,,,,,,,,,,,,,, [ 2258967457, 416732827681 ],,,,,,,,,,,, 
  [ 1523394877 ],,,,,,,,,,,,,,,,,,,,,,,,,,,,,,,,,,,,,,,,,,,,,,,, [ 2480593057 ],,,,,,,,,,,,,,
  ,,,,,,,,,,,,,,,, [ 1357600771 ],,,,,,,, [ 6324768421 ],,,,,,,,,,,,,,,,,,,, [ 4180174051 ],,
  ,,,,,,,,,,,, [ 8652514357 ],,,,,,,,,,,,,,,,,,,,,,,, [ 8550260209 ],,,,,, [ 63572241853 ],,,
  ,,,,,,,,,,,,,,,,,,,,,,,,,,,,,,,,,,,,,,,,,,,,,,,,,,,,,,,,,,,,,,,,,,,,,,,,,,,,,,,,,,,,,,, 
  [ 6302850949 ],,,,,,,,,,,,,,,, [ 28258800641 ],,,,,,,, [ 20732541673 ],,,,,,,,,,,,,,,,,,,,,
  ,,, [ 5132029501 ],,,,,,,,,,,,,,,,,,,,,,,,,,,,,,,,,,,, [ 8759590753 ],, [ 69975576091 ],,,,
  ,,,,,,,,,,,,,,,,,,,,,,,, [ 18310840297 ],,,,,,,,,,,,,, [ 1457387933 ],,,,,,,,,,,,,,,,,,,,,,
  ,,,,,,,,,,,,,,,,,,,,,,,, [ 18949448281 ],,,,,,,,,,,,,,,,,,,,,,,,,,,,,, [ 1393222273 ],,,,,,
  ,,,,,,,,,,,,,,,,,, [ 6297001729 ],,,,,,,,,,,, [ 4451201581 ],,,,,,,,,,,,,,,,,,,,,,,,,,,,,,,
  ,,,,,,,,,,,,,,,,,,,,,,,,,,,,,,,,,,, [ 2014050151 ],,,,,,,,,,,,,,,,,,,,,,,,,,,,,,,,,,,,,,,,,
  ,,,,,,,,,,,,,,,,,,,,,,,,,,,,,,,,,,,,,,,,,,,,,,,,, [ 1229024521 ],,,,,,,,,,,,,,,,,,,,,,,,,,,
  ,,,,,,,,,,,,,,,,, [ 2655340249 ],,,,,,,,,,,,,,,,,,,,,,,,,,,,,,,,,,,,,,,,,,,,,, 
  [ 4000724191 ],,,,,,,,,,,, [ 3267327751 ],,,,,,,,,,,,,,,,,,,,,,,, [ 20841065677 ],,,,,,,,,,
  ,,,,,,,, [ 1909004113, 156990209617 ],,,,,,,,,,,,,,,,,,,,,,,,,,,,,,,,,,,,,,,,,, 
  [ 2588142572401 ],,,,,,,,,,,,,,,,,,,,,,,,,,,,,,,,,,,,,,,,,,,,,,,,,,,,,,,,,,,,,,,,,,,,,,,,,,
  ,,,,,,,,,,,,,,,,,,,,,,,,,,,,,,,,,,,,,,,,,,,,,,,,,,,,,,,,,,,,,,,, [ 493282168417 ],,,,,,,,,,
  ,,,,,,,,,,,,,,,,,,,,,,,,,, [ 5437769761 ],,,,,, [ 705416529793 ],,,,,,,,,,,,,,,,,,,,,,,,,,,
  ,,,,,,,,,,,,,,,,,,,,,,,,,,,,,,,,,,,,,,,,,,,,,,,,,,, [ 1442393053 ],,,,,,,,,,,,,,,,,,,,,,,,,
  ,,,,,,,,,,,,,,,,,,,,,,,,,,,,,,,,,,,,,,,,,,,,,,,,,,,,,,,,,,,,,,,,,,,,,,,,,,,,,,,,,,, 
  [ 2475879121, 8266334449 ],,,,,,,,,,,, [ 83804687137 ],,,,,,,,,,,,,,,,,,,,,,,,,,,,,,,,,,,,,
  ,,,,,,,,,,,,,,,,,,,,,,,,,,,,,,,,,,,,,,,,,,,,,,,,,,,,,,,,,,,,,,,,,,,,,,,,,,,,,,,,,,, 
  [ 1817649402157 ],,,,,,,,,,,,,,,,,,,,,,,,,,,,,,,,,,,, [ 17078419801 ],,,,,,,,,,,,,,,,,,,,,,
  ,, [ 1017567409 ],,,,,,,,,,,,,,,,,,,,,,,,,,,,,,,,,,,,,,,,,,,,,,,,,,,,,,,,,,,,,,,,,,,,,,,, 
  [ 355887928681 ],,,,,, [ 686702521715263 ],,,,,,,,,,,,,,,,,,,,,,,,,,,,,,,,,,,,,,,,,,,,,,,,,
  ,,,,,,,,,,,,,,,,,,,,,,,,,,,,,,,,,,,,,,,,,,,,,,,,,,,,,,,,,,,,,,,,,,,,,,,,,,,,,,,,,,,,,,,,, 
  [ 1069887121 ],,,,,,,,,,,,,,,,,,,,,,,,,,,,,, [ 1420983271 ],,,,,,,,,,,,,,,,,,,,,,,,,,,,,,,,
  ,,,,,,,,,,,,,,,,,,,,,,,,,,,, [ 1607994391 ],,,,,,,,,,,,,,,,,,,,,,,,,,,,,, [ 1804492801 ],,,
  ,,,,,,,,,,,,,,,,,,,,,,,,,,,,,,,,,,,,,,,,,,,,,,,,,,,,,,,,,,,,,,,,,,,,,,,,,,,,,,,,,,,,,,,,,,,
  ,,,,,,,,,,,,,,,,,,,,,,,,,, [ 1155945121 ],,,,,,,,,,,,,,,,,,,,,,,,,,,,,,,,,,,,,,,,,,,,,,,,,,
  ,,,,,,,,,,,,,,,,,,,,,,,,,,,,,,,,,,,,,,,, [ 30728351161 ],,,,,,,,,,,,,,,,,,,,,,,,,,,,,,,,,,,
  ,,,,,,,,,,,,,,,,,,,,,,,,, [ 1386223803631 ],,,,,, [ 47259780709 ],,,,,,,,,,,,,,,,,,,,,,,,,,
  ,,,,,,,,,,,,,,,,,,,,,,,,,,,,,,,,,,,,,,,,,,,,,,,,,,,,,,,,,,,,,,,,,,,,,,,,,,,,,,,,,,,,,,,,,,,
  ,,,,,,,,, [ 18549054847 ],,,,,,,,,,,,,,,,,,,,,,,,,,,,,,,,,,,,,,,,,, [ 1067897377 ],,,,,,,,,
  ,,,,,,,,,,,,,,,,,,,,,,,,,,,,,,,,, [ 2189103463 ],,,,,,,,,,,,,,,,,,,,,,,,,,,,,,,,,,,,,,,,,,,
  ,,,,,,,,,,, [ 5917075201 ],,,,,,,,,,,,,,,,,,,,,,,,,,,,,,,,,,,,,,,,,,,,,,,,,,,,,,,,,,,,,,,,,
  ,,,,,,,,,,,,,,,,,,,,,,,,,,,,,,,,,,,,,,,,,,,,,,,,,,,,,,,,,,,,,,,,,,,,,,,,,,,,,,,,,,,,,,,,,,,
  ,,,,,,,,,,,,,,,,,,,,,,,,,,,,,,,,,,,,,,,,,,,,,,,,,,,,,,,,,,,,,,,,,,,,,,,,,,,,,,,,,,,,,,,,,,,
  ,,,,,,,,,,,,,,,,,,,,,,,,,,,,,,,,,,,,,,,,,,,,,,,,,,,,,,,,,,,,,,,,,,,,,,,,,,,,,,,,,,,,,,,,,,,
  ,,,,,,,,,,,,,,,,,,,,,,,,,,,,,,,,,,,,,,,,,,,,,,,,,,,,,,,,,,,,,,,,,,,,,,,,,,,,,,,,,,,,,,,,,,,
  ,,,,,,,,,,,,,,,,,,,,,,,,,,,,,,,,,,,,,,,,,,,,,,,,,,,,,,,,,,,,,,,,,,,,,,,,,,,,,,,,,,,,,,,,,,,
  ,,,,,,,,,,,,,,,,,,,,,,,,,,,,,,,,,,,,,,,,,,,,,,,,,,,,,,,,,,,,,,,,,,,,,,,,,,,,,,,,,,,,,,,,,,,
  ,,,,,,,,,,,,,,,,,,,,,,,,,,,,,,,,,,,,,,,,,,,,,,,,,,,,,,,,,,,,,,,,,,,,,,,,,,,,,,,,,,,,,,,,,,,
  ,,,,,,,,,,,,,,,,,,,,,,,,,,,,,,,,,,,,,,,,,,,,,,,,,,,,,,,,,,,,,,,,,,,,,,,,,,,,,,,,,,,,,,,,,,,
  ,,,,,,,,,,,,,,,,,,,,,,,,,,,,,,,,,,,,,,,,,,,,,,,,,,,,,,,,,,,,,,,,,,,,,,,,,,,,,,,,,,,,,,,,,,,
  ,,,,,,,,,,,,,,,,,,,,,,,,,,,,,,,,,,,,,,,,,,,,,,,,,,,,,,,,,,,,,,,,,,,,,,,,,,,,,,,,,,,,,,,,,,,
  ,,,,,,,,,,,,,,,,,,,,,,,,,,,,,,,,,,,,,,,,,,,,,,,,,,,,,,,,,,,,,,,,,,,,,,,,,,,,,,,,,,,,,,,,,,,
  ,,,,,,,,,,,,,,,,,,,,,,,,,,,,,,,,,,,,,,,,,,,,,,,,,,,,,,,,,,,,,,,,,,,,,,,,,,,,,,,,,,,,,,,,,,,
  ,,,,,,,,,,,,,,,,,,,,,,,,,,,,,,,,,,,,,,,,,,,,,,,,,,,,,,,,,,,,,,,,,,,,,,,,,,,,,,,,,,,,,,,,,,,
  ,,,,,,,,,,,,,,,,,,,,,,,,,,,,,,,,,,,,,,,,,,,,,,,,,,,,,,,,,,,,,,,,,,,,,,,,,,,,,,,,,,,,,,,,,,,
  ,,,,,,,,,,,,,,,,,,,,,,,,,,,,,,,,,,,,,,,,,,,,,,,,,,,,,,,,,,,,,,,,,,,,,,,,,,,,,,,,,,,,,,,,,,,
  ,,,,,,,,,,,,,,,,,,,,,,,,,,,,,,,,,,,,,,,,,,,,,,,,,,,,,,,,,,,,,,,,,,,,,, [ 17178943321 ] ]);
