BRENTFACTORS[4749]:=MakeImmutable([ ,,,,,,,,,,,, [ 36085949771 ],,,, [ 4517771969569949 ],, 
  [ 68954332866571, 35393004415185251617 ],, [ 152836758708781020343 ], [ 916868335373 ], 
  [ 1270315879742382665169860102176232179 ],, 
  [ 54871275601, 67455359551, 218894373767732480551 ], [ 25113744917 ], [ 260002427851 ], 
  [ 346160023553 ],,,,, [ 32716134597038823019 ], [ 654839964437 ], 
  [ 213504833018891, 6876664983988656166638267768390031 ], [ 327481233120577 ], 
  [ 926182620743231, 2198684329074672618151323909946733671825679971823309 ], 
  [ 5836280280981551 ], [ 141379255057 ], [ 43444099804681, 4801583904418790081 ], 
  [ 4337290918230205413466085977740505621242978276354746020082273 ],, 
  [ 881628335783387, 3121408995929699, 30371205335106459258871 ],,, 
  [ 850749939675193070655377342095067 ],, [ 2162223909352849 ],, [ 24855019618851828401 ],,, 
  [ 7719320588099 ],,, [ 87876796001, 1630945951078631288081 ], 
  [ 106935214231, 338601868190886740356328653, 89028415914711662408506168081653919 ], 
  [ 384584322847, 11491252823383, 86351938599119 ], [ 74424827251, 7590491279720448299 ], 
  [ 10750351906141, 21430229679640501 ], [ 19820903634808665326149 ], [ 10704449912281 ], 
  [ 6302374159597993, 18508283023848991609903776138458017 ], [ 249984801484799590918721 ], 
  [ 4709111753037882511361 ], [ 3468306007, 5392141439783341 ],, 
  [ 235109955432899134487659155103547563785241 ], 
  [ 7877187670351, 1915041715573083627536317, 1440224924932162120666121353669 ],, 
  [ 6135703257431513, 160744606422375637751, 2615407844793914860841 ], [ 561267395281 ],, 
  [ 4163688811, 44578283909, 19053443806575860694710651, 
      274168900446747541990492722331474420202731 ], [ 38632353170701 ], 
  [ 1976393232930313765241 ], [ 662678715960619009807 ], 
  [ 10344129979, 1102035328759, 1758387026851336129 ], [ 861903454807 ], 
  [ 54770802128746768927807296064001 ], 
  [ 20278166585221, 41259815192882593, 1302105898391088931534316408080753 ], 
  [ 1859706202017691 ], [ 18583465672243, 1309200310377703 ], 
  [ 1367059316225927386434804081029353 ], 
  [ 71574969273875835725431, 45473974374944429221521328711 ], 
  [ 27250382308997062130395657, 170611855284980055211217723 ],,, 
  [ 148559128589, 9895645814797961457419 ], [ 455250915523343543738447881 ], 
  [ 512728317623768174657 ],, [ 28353881814586580926867891, 370461214503315469350391579 ], 
  [ 60548380794427, 188169857426580487481, 460532830708747948673 ], 
  [ 88811726411, 188452348541, 6144956352684955081 ], 
  [ 18537930049, 1759345985578081, 15531927228865284789980822113 ], 
  [ 2698150151569, 1116060605766331 ], [ 162980052152681 ], 
  [ 73098386597611, 61042584133366745674391353 ],, [ 2047862641656373 ], 
  [ 424724875767949, 76619032559527988659 ],, [ 5899965095362729, 28829942731957537 ], 
  [ 1419175801, 27093066067353991321 ], [ 270478484750835623973997081217 ], [ 106356631471 ],
  [ 3436555789 ],,, [ 632894945651291807932593139 ], [ 5130629057, 13715659730753 ], 
  [ 11986044758036433193 ], [ 8346742347277 ], [ 674044308245963491 ], 
  [ 7035065629095474457 ], [ 32292580153159 ], [ 5899090693, 1494449495566028381 ], 
  [ 47679049185847851173334380519 ], [ 292382502077540940537874594876525793493481 ],, 
  [ 16754929658213977558497824591 ], [ 397667579251 ], [ 1417318883275252791677 ],, 
  [ 80950219590493655298001603 ], [ 12523493623 ], [ 4280793217 ], 
  [ 40391794237, 45041058046424647 ],, [ 3816120391, 77349424333304625343651 ], 
  [ 38257015369, 273188544289, 6396197000429659459407753651400429 ],, 
  [ 8794500195861967246349 ],,, [ 43024706751592696817 ], [ 3050405947213629537877 ],, 
  [ 283186610053414807741 ], [ 1957103292637, 38646964380361 ], [ 644264702973466361 ], 
  [ 113519054495469642484367761 ], [ 444461096881 ], 
  [ 372229181509253051, 27302711523214709201, 1579774796480523060219371 ], [ 33776055809 ],,
  , [ 246529990440300397 ], 
  [ 92841460704856673562451, 27009474025038743685203919475780926451 ], 
  [ 18682921694434104360413387 ], [ 130198746626828795009, 896588913424707182209 ], 
  [ 11327054203, 520279366303 ],,, [ 96432006997 ], [ 15690843761, 1967483139203237 ],, 
  [ 19040404084869144199 ], [ 752817910241 ],,, [ 15583528335509 ], 
  [ 26779526381, 334232583932333, 277333261246247657557 ],,,,,, [ 768978194229719979587531 ],
  ,,,, [ 23977069201, 211089345251, 9924056053801, 329676315423169148701, 
      619396400035232881457551 ], [ 22137038398695213313 ], [ 12458366251 ],, 
  [ 38341153883033, 74032841155589 ],, [ 1920730733, 8698470146273 ], 
  [ 16313036289502790159830327 ],, [ 114302931554898138473 ],, [ 4780664071 ],, 
  [ 1492133926357 ], [ 1702355576041, 311113629657559 ],, [ 1253392043 ], 
  [ 660690566581298708929 ],, [ 221277289297 ], [ 10262450384161 ], [ 18547382650531841 ],, 
  [ 9701727698323 ], [ 7246629801269 ],,,, [ 7465136617 ], [ 9240187555141 ], 
  [ 3725576111, 110221345501 ], [ 247797962487739, 234006407508512464361 ],, 
  [ 4287320753, 5554947599311245194177 ], [ 28774465928825651 ], 
  [ 1430244381931, 8894108208752470023310411 ],,,, 
  [ 149999408984377, 2131554490002997, 162726851362574311 ], 
  [ 9288318631, 15289432083738279641 ], 
  [ 61416647497, 12517586555780851164289, 19647957760164972639217 ], [ 4787484180228499 ], 
  [ 5943656321433586822531 ], [ 142340177048023 ], 
  [ 17975542331131842161, 19324512888512220259695001 ],,,, [ 2136711948673 ],, 
  [ 5071421921 ], [ 3142209022182493 ], [ 1301931654041654449424547397 ],, 
  [ 26993275122689577041 ], [ 1007318467, 30277571479, 91727948930787101628179947 ], 
  [ 921178940393 ], [ 7115744298989357063 ], [ 320138356123, 4097684952212404360393 ], 
  [ 4903854041, 20141422187881031, 518533422301865491 ], [ 5853369233 ], [ 47676884257 ], 
  [ 24011837851, 4916772426889, 98516872390521131 ],,, [ 97048576309 ], [ 1857552071 ],,, 
  [ 18439292203711 ], [ 55266685603217420299837 ], [ 11246062153, 17314697531 ], 
  [ 49092315977 ],, [ 25838199293620751 ],,, [ 3711616777133 ], 
  [ 2236970345615767, 14613218694405713951, 1461011306356003503877 ], 
  [ 182847319539394086481 ], [ 1024238160614218241 ],, [ 3103571375124366277 ],,, 
  [ 1531478274373 ], [ 116709099961 ],,,, 
  [ 124613931767803257011, 3487607237292587129053213091 ], [ 3181606711, 1338684474511 ], 
  [ 7918587688589812399201 ], [ 392727936835957 ], 
  [ 102895915736802655351, 21030376177323441391263301 ], [ 109384277412413 ],, 
  [ 7097536993, 752680559048419, 124201934033842393 ], [ 1409653125563266022597 ], 
  [ 3018953190623701 ],,,, [ 754419640393 ], [ 4875953041 ],,, [ 34714025767 ], 
  [ 151243829344501 ], [ 1327350044480824501 ],, [ 1123680769 ],,, [ 648856380551 ], 
  [ 85266363961, 1029956538469 ], [ 191993429461361348182810549 ],, 
  [ 4098712141669623468237575329 ],, [ 3109674211961041 ],, [ 3032177153014921627 ], 
  [ 2615026234861 ], [ 23872600927020583039486801 ], [ 12758976232759 ],,, 
  [ 208206401021858753 ],, [ 421400919223, 18611020689811327 ],, 
  [ 789865537964926317049, 24272408467757833358669 ], [ 17337610234411351 ], 
  [ 3292960504568951 ],, [ 9926141232099894429577, 10543377300832230939099913 ],, 
  [ 16314990353 ],,, [ 231301166927, 2482371013363 ], [ 59847757494275468710794800731 ],,,, 
  [ 79919405388696407694707 ],, [ 183832385221, 45638545816141826870089 ],, 
  [ 2616673231, 3628605318161, 3200332863760911822769003 ], 
  [ 1027985977, 56020029853, 89296840849, 27076202770873 ], [ 4386989833, 253642935340609 ],
  , [ 2101331230681, 510191426970623070188671 ], [ 787155391747 ], [ 2793780266577077 ],,, 
  [ 702138667201 ], [ 9540529270042149121, 77186583310488040969777 ],,, [ 4367844571819 ], 
  [ 147442508581 ],, [ 4326192271 ],,, [ 16911863431 ], 
  [ 1588100903, 4854596251, 41799432454501 ], [ 2814529493 ], 
  [ 2072709045301, 6152358329885691225109 ],, [ 7693997501, 12067091433251, 713652071574751 ]
    , [ 28311027502213 ], [ 7026492001 ],,,,,,,, [ 911008660806977302081 ],,, 
  [ 3547340334533029 ],, [ 260762201351, 3421153742509201 ], 
  [ 213082711201, 16907301990345300559 ], [ 316268454503 ], 
  [ 102129301527889, 1276608481873454641 ], [ 12745857043 ], [ 1319257599393911 ],, 
  [ 112575362290269349 ], [ 5763566161, 10458040673389 ],, [ 99855104166034501 ],,, 
  [ 2539223856067199113 ],, [ 150285375203148221 ],,, [ 1131539966819 ], 
  [ 830821602433, 83322201880323827713 ], [ 213641825321 ],,,, [ 8194360502939019103 ], 
  [ 536786163149719081, 260168273861942501631421 ],, [ 7225094586975721 ],, 
  [ 286401950971, 582277088813759 ],, [ 731557043628841, 8680548625819093 ], 
  [ 4830551638097 ], [ 373888420697887, 8217402159641249, 304198231569804362069 ],, 
  [ 4525553174400001 ], [ 3222941261, 662323222861 ], [ 2839178467 ],, [ 968097049940341 ], 
  [ 43866601381, 1230086429821 ], [ 10500493711, 12821698429, 11658463704859285189 ],, 
  [ 116330112193 ],,, [ 21031597024586971 ], [ 2817746858220371237 ], [ 745562922301 ], 
  [ 2403694340893, 167750386703749 ],, [ 5073996097, 13800176315316353 ], 
  [ 1935628099, 4371150793 ],, [ 746860583149 ], [ 1907909278381 ],,,, [ 93061850793543193 ],
  , [ 69933892969 ],, [ 1909810457449 ],, [ 480286503215021 ],, [ 1795469317633 ], 
  [ 23714146507 ], [ 303418666769, 250002031111561 ],,,,, [ 2417311357 ], 
  [ 171129558601, 13152718503109583641 ], [ 343242013843 ], [ 28055770163461 ], 
  [ 188815514933 ], [ 7575925662829, 6653779134986329 ],,,,,, 
  [ 1965914072874901, 1496880465029017737709501 ], [ 338160251903, 1552933702981 ],,,, 
  [ 62174033741 ], [ 43968327577 ],, [ 717469264975521586013 ],,,,,, 
  [ 2187859129889, 27959803206161 ], 
  [ 6732449491, 119763646021, 20245865038291, 468197307603451 ], 
  [ 774537452243, 23969908916413 ],,, [ 10212446861 ], [ 129749223661 ], [ 131573496912967 ],
  [ 8774703312169, 2528110557269018809 ],, [ 5180297179 ], [ 2271785373751 ], 
  [ 2380503133 ], [ 40245863761 ],,,,,,,, [ 50932971461, 29131310425331 ],,,,, 
  [ 437403986110561 ],, [ 21106218949, 2174841612891109 ], [ 7143898274897 ],,,,,,,,, 
  [ 39445591753, 7772312561693 ],, [ 14451740353, 58538692548001 ],,,, 
  [ 25288961869, 2081192575876744441, 78082854401992951349 ],, [ 19271262499501176391 ],,, 
  [ 7090184287, 133091703541938511 ],,, [ 216579452538059664253 ],,, [ 9206460037 ], 
  [ 6552213721 ],,,, [ 2675082881 ],,,, [ 3236780082423889 ],,,, [ 24052963817 ],, 
  [ 5417955953689, 17862065621527, 208542996990606433, 217838975423794357 ],, 
  [ 8629315921, 1381131175649 ], [ 2009840641 ], [ 1062826113056173, 71090596559575418411 ],
  , [ 1512782189153168221, 135980531488810650781, 4112642602093260979441 ],, 
  [ 2479365948881650159 ], [ 27018930661 ], [ 6328702337, 2910101940769, 4499805955457 ], 
  [ 18073227871 ], [ 2644066153, 554031802873676401 ],, [ 8067834101, 16966063013 ],,,, 
  [ 3599823289 ],, [ 85845124847 ], [ 16157711671 ], [ 391146281990325821 ], [ 13676257169 ],
  [ 274836101814019 ], [ 38664486043, 233019363539 ],,, [ 16157082502003 ],, 
  [ 418225370581, 1280455561082603798751301 ],, [ 93001401947 ],,,, [ 143986992631 ],, 
  [ 48242413649, 12278478264053 ],,,, [ 849841408998486721 ],, 
  [ 2424442387, 14372008727, 827696676839 ],, [ 97001698191298661, 136177449270311441 ],,,, 
  [ 8906878921, 97739225093537, 351640658758711937281 ],, [ 122154946393174965629 ],,,,,, 
  [ 127043794369, 942499459513884961553 ],, [ 2253666889, 6687026097643 ],, 
  [ 69002910221972761 ],,, [ 394111689403 ], [ 1356898563168873001 ],,,,,, 
  [ 31281277091654494987, 153885374479002448141 ], [ 1583057515073 ], [ 8178925997537 ],, 
  [ 29378251481 ],, [ 777490582907493001 ],,,, [ 3650499796310137 ],, [ 19698750619 ],, 
  [ 1860622368401 ],,,,,,, [ 20743881181 ],,, 
  [ 236944999035361, 1825583119865191, 1196249495918778555031 ],,,, [ 480005967971 ],, 
  [ 189030070513 ],, [ 3413346366013 ],,,,,, [ 2155718596501 ],, [ 529664413639 ],, 
  [ 28884296088001, 1152076513421809, 3111155026982209, 1324685595707248249, 
      1667379592457787601 ],, [ 1367438801 ],,,,,, [ 1404949548181489 ],,,,,,,,,, 
  [ 8693923870171 ], [ 272550065597 ], [ 9844383469, 71688522197 ],,,, 
  [ 1301760182689, 4436644934554320097 ],, [ 8080554997, 12263940893 ],, [ 11581423734557 ],,
  ,,,,,, [ 64559135343097 ],,,,, [ 100273175004601 ], [ 719094193339804801 ],,,, 
  [ 4383972323 ],,,, [ 17617258949 ],,,, [ 21190624691419 ],,,,,,,,, [ 2056203469 ], 
  [ 14238514769 ],, [ 60416493019 ],,,, [ 1621658287 ], [ 22857829661, 74572839361 ],,,,, 
  [ 115762004929 ],, [ 4571078496073 ],, [ 225730317264817 ], [ 1361835662479417 ],,, 
  [ 9770051137141 ],,,, [ 3344213446385857 ],,,, [ 5664502421860361 ], [ 4228517983 ],,, 
  [ 1367973072841 ],, [ 3226145633, 3563043709 ],,,, 
  [ 180589061746008001, 37638918286760915251 ],,,,,,,, [ 10501309261 ],, [ 3360087220961 ],,,
  ,,, [ 17459411900849 ],,,,,,,,,,,,,, [ 330855222361 ], [ 471203633759 ], 
  [ 394908095572723 ],, [ 499779819841, 5397722330067853073 ], [ 11157873821 ],,, 
  [ 2636641697 ], [ 6565519903 ], [ 3155729666851 ],, 
  [ 1261700353, 7269840073, 4244832126217 ],,,,,, [ 1834068428555791 ],,,,, [ 951347813153 ],
  ,, [ 1600435513 ],,,,,, [ 8347143197 ], [ 54078412057 ], [ 30073645460276441 ],, 
  [ 99210704167249, 2981185676171809 ],, [ 2992211281, 6409682116963 ],,,, [ 3207826231 ],, 
  [ 5381355212537, 64027128507817 ],,, [ 54634031533 ], [ 1085563086372181 ],, 
  [ 1339207045951 ],, [ 2348578753, 34804266433 ],, [ 3030065449 ],, [ 110189988217 ],, 
  [ 123907699847 ], [ 1153869989 ],,,, [ 42451780513 ],,,,,, [ 345907623427 ],,, 
  [ 26751676419889 ],, [ 57270011676109 ],,,, [ 53852567610271 ],, 
  [ 1121272362781, 114393786340081 ],, [ 10620950257, 45974362958429 ],, [ 6987374497 ],, 
  [ 2557333507 ],,, [ 17508368681 ], [ 8104931197771 ],, [ 33879893609 ],,,, [ 19296692689 ],
  ,, [ 2329502947 ],,,,,,,,,,, [ 62855819576292731 ], [ 11772000703 ],,,, 
  [ 3324296711, 5272099531 ],, [ 4021256383 ], [ 472129319041 ],,,, [ 2645623203037 ],,,, 
  [ 3321559987, 25914917752069 ],, [ 1010732735333 ],,,,,,,, [ 170404054333, 9993777181769 ],
  , [ 1528904017549 ],,,,,, [ 2110991224189 ],,,,,, [ 5719456291, 3725786490691 ],,,,, 
  [ 705849326711 ], [ 1070693209 ],, 
  [ 2133538219, 2485786297, 1292380025371, 1486676718172933519 ],,, [ 9472745881 ], 
  [ 156102782945017 ], [ 12758143103 ],,, [ 226679234786983859 ],,,,,,,, [ 4077851282722333 ]
   ,,, [ 1275813067 ],,,,, [ 15089324017, 375949254643 ],, [ 1755331213 ],,, [ 1574040053 ], 
  [ 18244047977, 1950734847601 ],,,, [ 1642927861 ], [ 123519767659 ],,, [ 290422658864257 ],
  ,,,, [ 144761106079 ], [ 2302681981 ],, [ 3933429793 ], [ 32622092861 ],,, 
  [ 4346818633, 87136751833613 ], [ 1038794173 ], [ 4289643064081 ],,,, [ 985451668054211 ],,
  ,, [ 3967992113 ], [ 93588851467 ],,,,,,,,,,, [ 53816504681 ],,,,,,,,,,,,,,,,,,,,, 
  [ 1950324143 ], [ 1316151913, 191789170009, 1541366629081 ],,,,,, [ 81919963747 ],,,,,, 
  [ 2789869717 ],,,,,,,,,,,, [ 19824082081, 34286538529, 76394211990494113 ], 
  [ 106409738917231 ],, [ 4059970903 ],,,,,, [ 103257405151 ],, [ 68699723291 ], 
  [ 22090069849 ],,,,, [ 4419232049 ],,,,,,, [ 5075147389681 ],,, [ 1149641323 ],,,,, 
  [ 6394835329 ],, [ 3523825031 ],,,, [ 1746421123 ],,,,,,, [ 2726699167, 2293145351353 ],,,,
  , [ 7207044391 ],,, [ 7181786951411 ],,,,,,,,,,,,,,, [ 1255900277, 16757254037 ],,,, 
  [ 128052064753 ],, [ 415588446181 ],,,,,,,,, [ 1128259496527 ],,,,,,,,,,,,,,, 
  [ 6233324077 ],,,,, [ 372909014941 ],,,,, [ 10179575761 ],,,,,,,,,,,,,, [ 8538723577 ],,, 
  [ 255359825953 ],,,,,, [ 3362673667 ], [ 78408671221, 889206000013 ],,,,,,, [ 6899726851 ],
  ,, [ 1830896213, 2062680461 ],, [ 3383193601, 22100373601 ], [ 17085495659 ],,,,,,,,,,, 
  [ 1795681021, 42862207897 ],,,,,, [ 3244267918081 ], [ 5241824339 ],,,,,,,,,,,, 
  [ 187084950007 ],,,,,, [ 29271348713 ], [ 5559827051 ],,, [ 13658349203 ],,, 
  [ 256181288929 ],,,,,,,,,,,,,,,, [ 246188418841 ],,,,,,, [ 7185559907 ],, [ 2348581447 ],,,
  ,,,,, [ 171050740411 ],,,,, [ 17380673977 ], [ 473521649477 ],,,,, [ 2352955753 ],,, 
  [ 4803379807 ], [ 6691359733 ],,,,,,,,,,,,,,,, [ 163496022373 ],,,,,,,,,,, [ 1006700371 ], 
  [ 1135395361, 2664290641, 3712930321 ], [ 96201333589 ],,,,,,,, [ 272041823929 ],, 
  [ 60357389401 ], [ 14545990972477 ],,,,,,,, [ 10677617141 ],,,,,,, [ 210502783303 ],,,,,,,,
  , [ 2284590157 ],,,, [ 1457575921 ],,,, [ 1984010293 ],,,,,,,,,,, [ 140146921751 ],,,,,,,,
  , [ 24435595369 ], [ 1107739621 ],,,,, [ 2454003301 ],,, [ 5378687819 ],, [ 1103726791 ],,,
  ,, [ 14620733401 ],,,,, [ 2152566781 ],,, [ 1727879297 ],,,, [ 274136085029 ], 
  [ 3022845031 ],,, [ 3157740889 ], [ 4926534913 ],,,,,,, [ 1127469089 ], [ 16318484401 ],,,,
  ,,,,,, [ 2719500071 ],,,, [ 8494636248919 ],, [ 44650050743 ],,,,,,,,,,,, [ 3307277917 ],,,
  ,,, [ 69921232721 ],,,,,,,,,,, [ 1214469901 ],, [ 5707560769 ],,,,,,,,,,,,, [ 3215797201 ],
  , [ 149992461739 ],,,,,,,,,,,,,,,,,,,,,,,,,,, [ 62064293747 ],,,, [ 206437845475621 ],,,,,
  , [ 3021595177 ],,,,,,,,,,,,,,,,,,,,,,,,,,,,,,,, [ 1637467493 ],,,,,,, [ 3893286079 ],,, 
  [ 4424725171 ],,,,,,,,,,,,,,, [ 8864897827 ],,,,,,, [ 22824087389 ],,,, [ 15182383417 ],,,,
  ,, [ 5546945641 ],,, [ 5920763767 ],, [ 7210075993 ], [ 2710195393 ],,,,,, [ 10318660661 ],
  ,,,,,, [ 5329583491 ],,,,,,,,,,,,,,,,,,,, [ 5320786937 ],,,,, [ 1278293717 ],,,,,,,,,,, 
  [ 1072024090261 ], [ 1286577133 ],,,,,,,,,,, [ 2041040251 ], [ 2217682573 ],, 
  [ 219927099373 ],,,,, [ 235238080729 ],, [ 44831599451 ],,,,,,,,, [ 1392861661 ],,,,,,,,,,,
  ,, [ 1836569860033 ],,,,,, [ 1313278669, 12272843207 ],,,, [ 6576125323 ],,,, 
  [ 4694251693 ],,,,,,,,, [ 5828624201 ],,,,,,,,,,,,,,,,,,,,,,,,, [ 19254756945661 ],,,,,, 
  [ 44960577587 ],, [ 13779270683 ],, [ 6345879931 ],,,,,,, [ 1168269433, 13938552967 ],,,, 
  [ 4079523577 ],,,,,,, [ 1199650807 ], [ 50295880321 ],, [ 1120628706433 ],,,,,,,,,,,,,,,,,,
  ,,, [ 467026707493 ],,, [ 102707641801 ],,, [ 2329162279 ],,,, [ 4250992799 ],,,,,,, 
  [ 226697762243 ],,, [ 119996693237 ],,,,,,, [ 1998372577 ], [ 2932034051 ],,,,,,,,, 
  [ 78338152747 ],,,,,,, [ 7654464835417 ],,,,,,,,, [ 1556919053951 ],,,,, [ 386012704211 ],,
  ,,,, [ 321465786479 ], [ 12960709819 ],,,,, [ 3880159963, 5052187883 ],,, 
  [ 1109809471, 22044433291 ],,, [ 2385733751, 2538046111 ],,,,, [ 35384500387 ],,,,,,,,,,,,,
  ,,,,,,, [ 1424984237 ],,,, [ 10124370727, 14316517573 ],,,,,, [ 11613282409 ], 
  [ 26562158167 ],,,,,,,, [ 130824104563 ], [ 5070436309 ],,,,, [ 121044100351 ], 
  [ 3512044589 ],,,,,,,,,,,,,,,,,,,,,,,,,,,,,,,,,,,,, [ 6478069373 ], 
  [ 1678316383, 9252703711 ],,,,,,, [ 4241860019, 4703023447 ],,,,,,, [ 2248668241 ],,,,,,,,,
  ,,,, [ 2710247203 ],,,,, [ 43053261571 ], [ 2543333731 ],,,,,,,,,, [ 3005791741 ],,,,,,,,,,
  ,,,,,,,,,,,,,,,, [ 12125537131 ],,,,,,, [ 2186557973 ],, [ 3457073761 ],,,,,,,, 
  [ 29206253569 ],,,,,,,,,,,,,, [ 11830529111 ],,,,,,,,,,,,,, [ 6615207217 ],,,,,,,,, 
  [ 41135911591 ],,,,,,,, [ 214894660163 ],,,,,,,,,,,,,,,, [ 2538248989 ],,,,,,,,,,,,,,,,,,,,
  , [ 3816723571 ],, [ 427950633449 ],,,,,,,,,,,,,,,, [ 14058342097 ],,,,,,,, 
  [ 56569807141 ],,,,,,,,,,,,, [ 17524886653 ],,, [ 1198566073 ],,,,,,,,,,,,,,,, 
  [ 4687234249 ],,,,,,,,,,,,,,,,,,,,,,,,,, [ 2345290201 ],,,,,,,,,, [ 470521809889 ], 
  [ 20720299151 ],,, [ 10166116693 ],,,, [ 8030356561 ], [ 1300061533 ],,,,, [ 3250464487 ],,
  ,, [ 1926960887 ],, [ 4569102649 ],,,,,,,,, [ 1033032641299 ],,,,,,,,,,,,,,,,,, 
  [ 1383779347, 1718238601 ],,, [ 1713929719 ],,,,,,,,,,,,,,,, [ 11289979381 ],,,,,,,,,,,,,, 
  [ 19130814721 ],,,,,,,, [ 4405647624473 ],,, [ 2216001341 ],,,,,,,,,,,,, [ 186494357281 ],,
  ,,,,, [ 1604168351 ],,, [ 26941056899 ],, [ 47149469641 ],,,,,,,,, [ 2776893841 ],,, 
  [ 17137180033 ],,,,,,,,, [ 4870653283 ],,,, [ 3797215621, 5736330516181 ],,,,,,, 
  [ 37221253217 ],,,, [ 10222516657 ],,, [ 3537473083 ],,,,,,,,,,,,,,, [ 17628451219 ],,,,,, 
  [ 1111932001 ],,,,,,,,, [ 6910356223 ],,,,,,,,,,,,,,,,,,,,,,,,,,, [ 26666112481 ],, 
  [ 972871853843 ],,,,,,,,,,,,,,,,,,,, [ 4442812879 ],,,, [ 37405857823 ],,,,,,,,,,,,,,,,,,,,
  ,,,,,,,,,,,,,,,, [ 17844950111 ], [ 1504315777903 ],,,,,,, [ 3515304031 ],,,, 
  [ 9687646201 ],,,,,,,,,,,,,,,,,,,,,, [ 1198048717 ],, [ 37009460237, 371940018269 ],,,,,,,,
  ,,,, [ 4425256067 ],,,,,,,,,,,,,,,, [ 1689136849, 69445986411187 ],,,,,,,,,, 
  [ 22191848713 ],,,,,,,,,,,,,,,,,,,,,,,,,, [ 3171833704651 ],,,,,,,,,,,,,,,,,,,,,,,,,,,,,, 
  [ 252906378913 ],,,,,,,, [ 1363961297 ],,,,,,,,,,,,,,,,,,,,,,,,, [ 30106569967 ],,,,,,,,,,,
  , [ 698766871177, 1456656798108601 ], [ 7885136659 ],,,, [ 11507778413 ],,,,,,,,,,,,, 
  [ 6681580777 ],,,,,,,,, [ 56045603701 ],,,,,, [ 22566938659 ],,,, [ 2230798831 ],,,,,,,,,,,
  ,,,,,,,,,,,,,,,,, [ 14297567677 ],,,,,,,,,,,,,,,, [ 3591108392959 ],,,,,,,,,,,,,,,,,,,,,,,,
  ,, [ 3131567141 ],,,,,,,,,,,,, [ 3293650837 ],,,,,,, [ 3036434801 ],,,,,,,,,,,,,,,,,,,,,,,,
  ,,,,,,,,,, [ 2658189977 ],,,,,,,,,,,,,,,, [ 4350331201 ],,,,,,,,,, [ 9540877061 ],, 
  [ 409722932611 ],,,,,, [ 30516412665001 ],, [ 6639033241 ],, [ 44128636129 ],,,,,,,,,,,,,,,
  ,,, [ 51110107457571131 ],,,,,,,,,, [ 140578068401 ],,,,,,,,,, [ 3355267831 ],,,,,,,,, 
  [ 83906795113 ],,,,,, [ 11317152601 ],,,,,,,,,,,,,,, [ 1737719341, 20651974141 ],,,,,,,,,,,
  ,,,,,,,,,, [ 161351676613 ], [ 567797399927 ],,,,,,,,,, [ 2686548317 ],,,,,,,,,,,,,,,, 
  [ 37409562793, 101595642373 ],,,,,,,,,,,, [ 2931057001 ],, [ 22388195521 ],,,,,,, 
  [ 402834213979 ],,,,,,,,,,,,,,,,,,,,,,, [ 345128127217 ],,,,,,,,,,,,, [ 7880137231 ],,,,, 
  [ 196966438001 ],,,,,,,,,,,,,,,, [ 29395232077 ],,,,,, [ 5967676417 ],, [ 31412953933 ],,,,
  ,,, [ 16747367053 ],,,,,,,,,,,,,,,,,,,,,,,,,,,,,,,,,,,,,,,,, [ 4474119469 ],,,,,,,,,, 
  [ 1205657137, 10892259757 ],,,,,,,,,,,,,,,,,,,,,,,, [ 2001487861, 149849720401 ],,,,,,,,,,,
  , [ 2833703137, 5044472929 ],,,,,, [ 2803127623 ],,,, [ 45578176841 ],,,,,,,, 
  [ 9221485123, 12433906621 ],,,,,,,,,, [ 4736606233 ],, [ 42539498587 ],, [ 1112841601 ],,,,
  ,,,,,,,,, [ 3103892947 ], [ 21528217283 ],, [ 71156074321 ],,,,,,,,,,,, [ 646745178193 ],,,
  ,,,,,,,,,,,,,,,,,,,,,,,,,,,,,,,,,,,,,,, [ 49660100251 ],,,,,,,,,,,,,,,,,,,,,,,,,,,,,,,,,,,
  , [ 5504400739 ],,,,,,,,,,,,,,,,,,,,,,,,,,,,,,,,,, [ 9791022961 ],, [ 31019454769 ],,,,,,,,
  ,, [ 1317761016841 ],,,,,,,,,,,,,,,,,,,, [ 665519480569 ],,,,,,,,,,,, [ 12947854033 ],,,,,
  , [ 10654654741 ],,,, [ 1082390723 ],,,,,,,,,,,,,,,,,,,,,,,,,,,,,,,,,,,,,, [ 9180702961 ],,
  ,,,,,,,,,,,,,,,,,,,,,, [ 9903883393 ],,,,,, [ 52597788643 ],, [ 3323576369 ],,,,,,,,,,,, 
  [ 13140337885841 ],,,,,,,,,, [ 65591861371 ],,,, [ 3980966221 ],,,, [ 2926164878743 ],,,,,,
  ,,,,,,,,,,,,,,,, [ 76133340337 ],,,,,,,,,, [ 17572988107 ],, [ 45343937521 ],, 
  [ 1191565621 ],,,,,,,,,,,,,,,,,,,,,,,,, [ 22651130431 ],,,,,,,,,,,,,,,,, [ 1407900229 ],,,,
  ,,,,,,,,,,,,,,,,,,,,,,,,,,,, [ 1085827537 ],,,,,, [ 13290608491 ],,,,,,,,,,,,,,,,,,,,,,,,,,
  ,,,,,,,,,,,,,,,,,,,,,,,,,,,,,,,,,,,,,,,, [ 114428406437 ],, [ 1040303911 ],,,, 
  [ 2612633059 ],,,,,, [ 4306374337 ],,,, [ 1373147101 ],, [ 7801317967 ],,,,,,,, 
  [ 8759989065379 ],, [ 249136273753 ],,,,,,,, [ 127334001793 ],,,,,,,,,,,,,,,, 
  [ 2175210494881 ],,,,,,,,,,,,,,,,,,,,,,,,,,,,,,,,,,,,,,,, [ 2291666103289 ],,,,,,,,,,,,,,,,
  ,, [ 1423808593 ],,,,,,,, [ 1230826717 ], [ 17649793591 ],,,,,,,,,,,,,,,,,,,,,,,,, 
  [ 12482820281 ],,,,,,,,,,,,,,,,,,,,,,,,,,,,,,,,,,,,,,,, [ 1070057621 ],,,,,,,,,,,, 
  [ 1133218241 ],, [ 13219792561 ],,,,,,,, [ 13331374183 ],,,,,, [ 3281472001 ],,,,,,,,,,,,,,
  ,,,, [ 1209988963 ],,,, [ 42676515709001 ],,,,,,,,,,,,,, [ 2593089073 ],,,,,,,,,,,,,, 
  [ 1067572111 ],,,,,,,,,,,,,,,,,,,,,,,,,,,,,,,,,,,,,,,,,,,, [ 11348799551 ],,,,,,,,,,,,,,,,,
  ,,,,,,,,,,,,,,,,,,,,,,,,,,,,,,,,,,,,,,,,,,,,,,,,,,,,,,,,, [ 8459416681 ],,,, 
  [ 1765251461 ],,,,,,,,,,,,,,,,,,,,,,,,,,,, [ 189688338617 ],,,, [ 5870956081 ],,,,,,,,,,,, 
  [ 4505802121 ],,,, [ 17868399173 ],, [ 2356505491 ],,,,,,,,,,,,,,,,,, [ 1110308161 ],,,,,,,
  ,,,,,,,,, [ 11109935537 ],,,,,,,,,,,,,,,,,,,,,,,,,,,,,,,,,,,,,,,,,,,,,, [ 4177673021 ],,,,,
  ,,,,,,,,,,,,,,,,, [ 9416549936197 ],,,,,, [ 6561097439341 ],,,,,,,,,,,, [ 4838104801 ],,,,,
  , [ 1818832501 ],,,,,,,,,,,,,,,,,,,,,,,,,,,,,,,,,, [ 1122031563661 ],,,,,,,,,,,,,,,,,,,,,,,
  ,,,,,,,,,,,,,,,,,,,,,,,,,,,,,,,,,,,,, [ 77337372251 ],, [ 3396786181 ],,,,,,,,,,,,,,,,,,,,,
  ,,,,,,,,, [ 3891532129 ],,,,,, [ 6485491871041 ],,,,,,,,,,,,,,,,,,,,,,,,,,,,,,,,,,,, 
  [ 108143822473 ],,,,,,,,,,,,,,,,,,,,,,,,,,,,,,,,,,,,,,,,,,,,,,,,,,,,,, [ 1368962641 ],,,,,,
  ,,,,,,,,,,,,,,,,,,,,,,,, [ 10052913553 ],, [ 65541625561 ],,,,,,,,,,,,,,,,,,,,,, 
  [ 5048494849 ],,,,,,,,,, [ 105296592367 ],,,,,,,,,,,,,,,,,,,,,,,,,,,,,,,,,,,,,,,,,,,,,,,,,,
  ,,,,,,,, [ 13961818561 ],,,, [ 5417302441 ],,,,,,,,,,,,,,,,,,,,,,,,,,,,,,,,,,,,,,,,,,,,,,,,
  ,,,,,,,,,,,,,,,,,,,,,,,, [ 2497608167377 ],,,,,,,,,,,,,,,,,,,,,,,,,,,,,, [ 2876280859 ],,,,
  ,,,,,,,,,,,,,,,,,,,,,,,,,, [ 4772125117 ],,,,,,,,,,,, [ 19669874761 ],,,,,,,,,,,, 
  [ 8362905241 ],,,,,,,,,,,,,,,,,, [ 2362751431 ],,,,,,,,,,,,,,,,,,,,,,,,,,,,,,,,,,,,,,,,,,,,
  ,,,, [ 6948115903 ],,,, [ 10228618921 ],,,,,,,, [ 5633745217 ],,,,,,,,,,,,,,,,,,,,,, 
  [ 77042481121 ],,,,,,,,,,,,,,,,,,,, [ 6572352961 ],,,,,,,,,,,,,,,,,,,,,,,,,,,,,, 
  [ 1477782451 ],,,,,,,,,,,, [ 4732998649 ],,,,,,,,,,,,,,,,,,,,,,,,,,,,,,,,,,,,,, 
  [ 13752989641, 33968788621 ],,,,,,,,,,,,,,,,,,,,,,,,,,,,,,,,,, 
  [ 4955342527, 38589386281, 121564127263 ],,,,,,,,,,,, [ 480100055293 ],,,,,,,,,,,,,,,,,,,,,
  ,,,,,,,,,,,,,,,,,,,,,,,,,,,,,,,,,,,,,,, [ 1012717063 ],,,,,,,,,,,,,,,,,,,,,,,, 
  [ 62300185351 ],,,,,,,,,,,, [ 156816486743071 ],,,,,,,,,,,,,,,,,,,,,,,,,,,,,,,,,,,,,,,,,,,,
  ,,,,,,,,,,,,,,,,,,,,,, [ 3246230989 ],,,,,,,,,,,,,,,,,,,,,,,,,,,,,,,,,,,,,,,,,,,,,,,, 
  [ 181798276717 ],,,,,,,,,,,, [ 21305042641 ],,,,,,,,,,,,,,,,,, [ 5833297783 ],,,,,,,,,,,,,,
  ,,,,,,,,,,,,,,,,,,,,,, [ 4517737459, 11279707393 ],,,,,, [ 28410935089 ],,,,,,,,,,,,,,,,,, 
  [ 5435081059, 289019608981 ],,,,,,,,,,,,,,,,,,,,,,,,,,,,,,,,,,,,,,,,,,,,,,,,,,,,,,,,,,,,,,,
  ,,,,,,,,,,,,,,,,,,,,,,,,,,, [ 9857175553 ],,,,,,,,,,,,,,,,,,,,,,,,,,,,,, 
  [ 6914436181, 16356177361 ],,,,,,,,,,,,,,,,,,,,,,,,,,,,,, [ 5594801869 ],,,,,, 
  [ 6674014381 ],,,,,,,,,,,,,,,,,,,,,,,,,,,,,,,,,,,,,,,,,,,,,,,,,,,,,,,,,,,,,,,,,,,,,,,,,,,,,
  ,,,,,,,,,,,,,,,,,,,,,,,,,,,,,,,,,,,,,,,,,,,,,,,,,,,,,,, [ 8511464557 ],,,,,,,,,,,,,,,,,,,,,
  ,,, [ 29536329943 ],,,,,,,,,,,,,,,,,, [ 1200981601 ],,,,,,,,,,,,,,,,,,,,,,,, 
  [ 3782674681 ],,,,,,,,,,,,,,,,,,,,,,,,,,,,,, [ 21388975021 ],,,,,, [ 153186430849 ],,,,,,,,
  ,,,,,,,,,,,,,,,,,,,,,,,,,,,,,,,,,,,,,,,, [ 1205726257, 4119076261 ],,,,,,,,,,,,,,,,,, 
  [ 53035436522377 ],,,,,,,,,,,,,,,,,,,,,,,,,,,,,,,,,,,,,,,,,,,,,,,,,,,,,, [ 33577590061 ],,,
  ,,,,,,,,,,,,,,,,,,,,, [ 8433692161 ],,,,,,,,,,,,,,,,,,,,,,,,,,,,,, [ 456431595751 ],,,,,,,,
  ,,,,,,,,,,,,,,,,,,,,,,,,,,,,,,,,,,,,,,,,,,,,,,,,,,,,,,,,,,,,,,,, [ 1451470357 ],,,,,,,,,,,,
  ,,,,,,,,,,,,,,,,,,,,,,,,,,,,,,,,,,,,,,,,,,,,,,,,,,,,,,,,,,,,,,,,,,,,,,,,,,,,,,,,,,,,,,,,,,,
  ,,,,, [ 8137949311 ],,,,,,,,,,,,,,,,,,,,,,,,,,,,,,,,,,,,,,,,,,,,,,,,,,,,,,,,,,,,,,,,,,,,,,,
  ,,,,,,,,,,,,,,,,,,,,,,,,,,,,,,,,,,,,,,,,,,,,,,,,,,,,,,,,,,,,,,,,,,,,,,,,,,,,,,, 
  [ 18113641801 ],,,,,,,,,,,,,,,,,,,,,,,,,,,,,,,,,,,,,,,,,,,,,,,,,,,,,,,,,,,,,,,,,,,,,,,,,,,,
  ,,,,,,,,,,,,,,,,,,,,,,,,,,,,,,,,,,,,,,,,,,,,,,,,,,,,,,,,,,,,,,,,,,,,,,,,,, [ 306306965581 ]
   ,,,,,,,,,,,, [ 7099348957 ],,,,,,,,,,,,,,,,,,,,,,,,,,,,,,,,,,,,,,,,,,,,,,,,,,,,,,,,,,,,,,,
  ,,,,,,,,,,,,,,,,,,,,,,,,,,,,,,,,,,,,,,,,,,,,,,,,,,,,,,,,,,,,,,,,,,,,,,,,,,,,,,,,,,,,,,,,,,,
  ,,,,,,,,,,,,,,,,,,,,,,,,,,,,,,,,,,,,,,,,,,,,,,,,,,,,,,,,,,,,,,,,,,,,,,,,,,,,,,,,,,,,,,,,,,,
  ,,,,,,,,,,,,,,,,,,,,,,,,,,,,,,,,,,,,,,,,,,,,,,,,,,,,,,,,,,,,,,,,,,,,,,,,,,,,,,,,,,,,,,,,,,,
  ,,,,,,,,,,,,,,,,,,,,,,,,,,,,,,,,,,,,,,,,,,,,,,,,,,,,,,,,,,,,,,,,,,,,,,,, [ 10816132501 ],,,
  ,,,,,,,,,,,,,,,,,,,,,,,,,,,,,,,,,,,,,,,,,,,,,,,,,,,,,,,,,,,,,,,,,,,,,,,,,,,,,,,,,,,,,,,,,,,
  ,,,,,,,,,,,,,,,,,,,,,,,,,, [ 174844976221 ] ]);
