BRENTFACTORS[3568]:=MakeImmutable([ ,,,,,,,,,, [ 122484327439 ],,,, [ 2673847538281 ],, 
  [ 395589779239 ],, [ 38175497909, 20149567741776955949 ],, [ 57833673409 ],, 
  [ 1833485573, 130712741029740403, 74039820070186904561 ],, 
  [ 478907968922101, 378345526130830481419201 ], [ 197266673632289 ], [ 364702965049 ],, 
  [ 96330693135641, 400548297686682808231 ],, 
  [ 563599178957, 2039578748411804192936134177439 ], [ 81685516481 ],, 
  [ 1145506101495239177 ], [ 3296402965381 ], [ 10187152669, 1119617486209 ], 
  [ 62725945615089451, 2014561678865874378378871299196139, 
      9217142319844499446718159002911619 ], [ 4493090467286863927417357401143 ],, 
  [ 274416712081 ], [ 37492598010247 ],,,, 
  [ 28081820433691, 1354031890502678461, 261532009642276694646181 ], 
  [ 2842223161, 1819458781048090357283 ], 
  [ 1441442750200829, 20247863143459753, 4566631704269601503, 
      28066513417279989650523926510341 ],,,, 
  [ 20767395127, 18194701082812512196808656454609947 ], 
  [ 15045902561, 58722657397, 102264491629, 33226667499716393 ],, [ 45082318459987 ], 
  [ 420940082241233941, 578987794896021555340781, 201651135176509598586774241 ], 
  [ 12912858953, 2374296334727207467688497 ], 
  [ 464060910799243, 22044250517628673859257566935542459 ], 
  [ 358410779330881, 93239795900675842753, 5965781854920134667587 ],,, [ 765869595593 ], 
  [ 4652677504597, 4854568162753, 1418262864095658908589992852536792981 ], 
  [ 370347445305058789, 419464898642322947778903514360745451594546660558040303 ], 
  [ 8213751040961 ], [ 29983159054946501 ],, [ 2831085450996977123 ], 
  [ 12713259305221, 137592372285777380173 ], [ 614912326927 ], 
  [ 85390339098407087813680921 ], [ 14270086119960509 ], 
  [ 383830635348073, 52588086399474608233, 14154876010061215079965129 ],, 
  [ 6135040388675684819251, 25763617253503915939397411543929793762878079 ], 
  [ 6284154153819115158402901, 5774477254774227033451452680327237242994053991637451 ], 
  [ 8735320757, 33447568236859042651195948614923980745273 ],, 
  [ 1630095336745569019, 10392758867751311123593 ], 
  [ 1055690746949, 869265876147581627104171 ],,,,, 
  [ 20923161531776029, 539594118082212243652144033 ],, 
  [ 84284985558412838461, 171329987915639010923475850107310787 ], [ 2963570959 ], 
  [ 1917613799983142081513354993 ],, [ 614967349141 ],,, 
  [ 393567514772629, 30310906381530499 ], 
  [ 56623630513, 372011374986784807, 3145952396005132946489408073206551 ], 
  [ 93494039751131, 2089823106852568111 ], 
  [ 720983918311777, 138504213539462095367306752316981013601 ], [ 31192246219051 ], 
  [ 146581074364353866708129 ], 
  [ 27272120930150977, 17203441044320650747, 61246108008588577463929, 
      112108106697137537257261 ], [ 103497140501 ],, [ 1265297557 ], [ 7441297596191 ],, 
  [ 24873608909132305459259011, 911626963904797543739660941 ],,, 
  [ 290549018916901, 518804943383809, 465677585864322355219320918541, 
      6405986670242629130700223931101 ], [ 31420187353729504755985447 ],, 
  [ 11295318487, 42674323591595182813 ], 
  [ 395945748944424242256964769, 971804973562878244362698273, 
      3098053069944722597287090895822048423755133958468017 ], [ 1020622117198256941747 ], 
  [ 12069899113, 45114911011680890638088382031, 4076000988783536622500851182403 ], 
  [ 38829515563306441 ], [ 60578824073, 754257359341 ],, [ 4096222823477423372944549 ], 
  [ 35269836421, 283596843491809 ], [ 12039977292099746259841 ], [ 4067612920710495152569 ], 
  [ 1522846955957 ], [ 489031301319203051533 ],, [ 27287427001 ],, 
  [ 139942962431, 1791104173475473648003 ], [ 29875441153, 259410567805549265537 ], 
  [ 81243033676101889 ], [ 2788572809795371, 228069152195141141 ], [ 16653490841839613 ], 
  [ 48732093115456213, 170127903511440124273, 17129384751829932983577793, 
      110146973396379523550490183856517881537 ], [ 87574833076222154629 ],, 
  [ 18806800189861, 80479778149285872571 ],,, 
  [ 26087414787346309, 7396316099832404071333058737 ],, [ 4148693018671372882481 ], 
  [ 1072051720009, 4770570970471 ], [ 65888786801269 ], 
  [ 11334023445952488139, 1170662456596320026889551 ], 
  [ 295296045858001, 1062671095160934530833 ], [ 12658111370799031 ], [ 3721598722223 ], 
  [ 1056407269, 70703180337105882417714451 ], [ 10253252392093 ], [ 1121217551 ], 
  [ 609536174851, 13500497857479382031401390388164651 ],,, [ 427033741636423 ], 
  [ 397965582452837939, 168761673171186581179 ], [ 1000608701 ], 
  [ 34860995254707553274452477213 ],, [ 1714543321 ], 
  [ 7540357804738813, 734304020185429657, 6074214214914247807723 ], [ 3118099681 ],,,, 
  [ 103882071217714642904889029 ], [ 5238915041431893691 ], 
  [ 6213023999228807, 49553104327311301, 2237877410145608479561037 ], [ 277681582765553 ],, 
  [ 252444725807 ], [ 2676234615472608074021, 8380527538487367946861 ], [ 2375553201949 ], 
  [ 4759214747477, 712701996058784701 ], [ 13038159276405649 ], 
  [ 12514717363, 22922535639007 ],, [ 38105550398304997169 ],,, 
  [ 261080084616251, 705090595800139, 9602658486445934219 ], 
  [ 10339394581, 87890473957861, 381482492515173029733481, 46650149274034897797597735601 ], 
  [ 66116524791255182449 ], [ 10150192237508051 ], [ 475565302501 ],,, [ 19106477713118437 ],
  [ 7002471191, 957155493632713 ], [ 414826274079643097909 ], 
  [ 2648897371, 23567808602647, 7086838730360404681, 3202196458174336454959, 
      5501193061275019793287 ], 
  [ 40190626475246281, 1828725518194750181, 140522582659268358122971 ], 
  [ 35866371551, 19248725159779 ], [ 4302999937, 1963135247544769 ],, 
  [ 1331750249, 42103092024313 ],, [ 43790369577809, 209112642238361, 3013309272862737584429 
     ], [ 6543921179, 271193594681543, 14735801586087984287 ], [ 431692234118803351 ],, 
  [ 24565117270199924401 ],,, [ 46029979433887, 39767962456812101, 1440696085764048611 ],,,,
  , [ 11859235509178097 ], [ 9707494061, 615692436198045464171 ],,, 
  [ 6051269245897, 21015676254653 ], [ 210393552702139 ],,,,, 
  [ 4604595524678556509, 11195459493029315830091603 ], [ 39798801961081 ], 
  [ 397114132361, 93534779568341, 35905547345190767201 ],,,, 
  [ 2242437492693217, 1121992751110896449 ], [ 474604504456051, 1381026592980094051 ],,, 
  [ 1814778700057 ],, [ 20113096069474663751 ], [ 4700828815453, 75163855919333182387 ], 
  [ 3568193177, 2249066929084171733613254617 ], [ 10738229278190430529 ], 
  [ 1442384191, 43324526701 ],, [ 32454671149, 8875331031209, 92214171269546278251343097 ], 
  [ 594349030932945391 ], [ 62788305343, 666734920741 ],, [ 1110906513361 ], 
  [ 2299255199, 12460738147440449 ], [ 85717659369226699 ],, [ 642663765825822013281509 ], 
  [ 11747789201 ], [ 11042553289 ],, [ 61004667679057 ],, [ 1364751251 ], [ 6825460571 ],, 
  [ 264394627174723 ], [ 31405172915931517891299907 ], [ 41554907501245371329071 ],,,,,,,, 
  [ 31596390779267 ], [ 10580147562073 ], [ 1105811201371 ], 
  [ 28516136321, 438415366013192342531, 312546680507726167415819386307423 ], 
  [ 661222858837, 9280347155604859 ], [ 389143500200246534980577 ],,, 
  [ 4395530632331, 5010361995884963 ], [ 41747350433, 55208776564312801 ], 
  [ 8204808613, 146136383977039 ],,,, [ 49487470457, 211303846182385501 ], 
  [ 2457998717, 494917795476216947 ], [ 8011185756319, 23539659981193171 ],, [ 19431850253 ],
  [ 11032879575799, 30130129863481, 34196763285349993, 1628959188506668420953853 ], 
  [ 4375037369 ],,,, [ 2157431105679376619 ], [ 18741999457 ], [ 30928970163169437923 ], 
  [ 133607143811, 14633769454975171, 35170380985545251, 1186189409390912424581 ],,, 
  [ 2953330764224623 ], [ 3176834641 ], [ 4492757557031 ],, [ 3652106833 ], 
  [ 8648909832089, 2519596523481203117047 ], [ 1263460381 ],, 
  [ 13492423113359, 292554725648597231 ],,,,,, [ 159130674107 ],, 
  [ 529705562557, 21544263004306681, 112836106391481537541 ], [ 4106601931 ],, 
  [ 27740866565083606273 ],, [ 1289192685661 ], [ 98856655949521 ], 
  [ 505699674617, 40421301564828591293 ], [ 617815919407, 1778079842293 ], 
  [ 144312462442211713813, 1247903719177499509921 ],, [ 10924461761 ], 
  [ 128227194787, 117946375583851, 11244074267659443589 ],, [ 1068932971, 250022131190119 ],,
  , [ 4567452341, 39720985382093, 1126396009366721 ], [ 13575382111, 74544404118602347 ], 
  [ 206669049649, 1146834606161, 5691525944033 ],,,, [ 1155183377 ], 
  [ 1039820473, 11607237973171, 62070425375158243 ],,, 
  [ 7727795377, 14000555018513953, 11927419429055813523793 ],,,, 
  [ 373256771860890811841, 707408141642767160723461 ],,,, [ 3270427561561 ],, 
  [ 267389972405543489 ],,, [ 323493133076977 ], [ 7476422801, 10535537951, 1342612213951 ],,
  ,, [ 21025014649753799239, 62711638135174927544689291 ],,, [ 3083809881673879 ], 
  [ 559569281231 ],, [ 138159770761, 70766240119824295865881 ], [ 16278027494864563 ], 
  [ 3561250470480743 ], [ 3727780014817 ],, [ 1049929629911 ],,,,,, 
  [ 147679302079, 61222554857759 ],, [ 46590522119, 24811805382882209 ], [ 14721632971 ],,,, 
  [ 6118909021, 5285259022051 ], [ 755622378280073 ],, [ 1674059137, 3117352576561 ],,, 
  [ 95051260417, 680176342351335937 ], 
  [ 1253784071, 11258676661, 4145087928521, 29501881082521 ],,,,,,, [ 135647477891857 ],, 
  [ 24446592073, 825053177219, 44879710203751159889 ],,, [ 6627549886247 ],, 
  [ 26339758245907 ], [ 2116081601 ], [ 4371545611 ], 
  [ 3264438085099, 148250247953053, 989867812180950731071 ], [ 26710233083 ], 
  [ 878015472097, 18590258082289589 ], [ 37079777431 ],, 
  [ 73202173441, 490300846289, 710490776689 ],, [ 375876666287 ], 
  [ 64985907331, 950443572705516965111 ],,,, [ 985631235555871, 353529601748345729647 ],, 
  [ 2458798971617 ],,,, [ 25028268066363957361 ],, [ 10608684587 ], [ 1667489689 ],,, 
  [ 2667442879, 35962632877, 809584539367 ], [ 78309167119 ], 
  [ 47714152193, 933466275875962253 ], [ 896224761433, 34657786749698113 ], 
  [ 179502508421, 395936142433724941 ], [ 123447961916021 ], [ 45752936401 ],,, 
  [ 625320054211 ],, [ 247984887307 ], [ 137973202219 ],, 
  [ 123403056778321, 15592688561381657881 ], [ 32811777129223 ], [ 1575476293 ],,,, 
  [ 49502537257, 1671436104911 ], [ 74919160543 ], [ 13587270321225217 ],, 
  [ 32092234201, 824673969611101 ], [ 7635831132029 ],,, [ 13698055502227 ], 
  [ 14104678298621 ], [ 4193146644769 ],, [ 4460004001 ], [ 3625967066257 ], 
  [ 31569590908841, 2009947497977649221 ],, [ 24180107904115087 ],,,, [ 1437239801305938611 ]
   ,, [ 3416270833, 1129954676293 ],,,,,, [ 1092104605779049 ],,,, [ 11311111142497 ],, 
  [ 18335932801, 227790957119041 ], [ 40731842658209 ], [ 3961273191226297 ],, 
  [ 1000972501, 1489868467982269, 4669871793172961 ],,,,,,,, [ 417305503239156578317 ],, 
  [ 568459641866847727699 ], [ 271316269621 ], [ 2331498593, 7407926161 ], [ 1273323525503 ],
  ,,, [ 1232140363, 39567366781, 1627159063483 ], [ 211358589056861 ],,,,,,,, 
  [ 431538166806678335431 ],, [ 263004894848165412353 ], [ 468286591681 ],,,, 
  [ 153892726417 ], [ 2683438356187 ], [ 189718419673 ],,,,, [ 145738635509, 12700170384169 ]
    , [ 49065251105851 ], [ 5665476043, 227123167020601561 ],, [ 599701636868401 ],,, 
  [ 122544337177 ], [ 3535212353 ],, [ 16637943733, 6269824391326477 ],, 
  [ 1275957113, 29093989417 ], [ 26133586153 ],,, [ 18809950141, 10913256817381 ],,,,,,,,, 
  [ 178770715183, 609576593357422531 ], [ 2788112280580343201, 204199789753667989051 ],, 
  [ 1094712049 ],,, [ 6992598181 ],,,,,, [ 139160594101, 52019403915926899 ],,,, 
  [ 28466964521 ],, [ 963215516467 ],, [ 50836754209 ],,,,, 
  [ 863915276643007, 246376446694234463041 ],, [ 2519143094158573249 ],,,, [ 1034530921 ],, 
  [ 510740123119 ], [ 4207268473 ], [ 29420775361 ], [ 8415021421 ], [ 62322431393 ],, 
  [ 96024858950413 ],,,,, [ 5969425013 ], [ 2543558800425589 ],,,, [ 236389264799370619 ],, 
  [ 20580221876164801 ],,,,,, [ 186803845021 ],, 
  [ 13903234643763457, 1062852980157911329, 2907069162341680231393 ],, [ 203000406070351 ],,
  , [ 27976783013 ],,,, [ 19065593693 ],,,,, [ 22875505481, 63404719053190313 ],,,, 
  [ 10616308961, 8027994137411, 21903925691633 ],, [ 236513632193 ],, [ 5613649651 ],, 
  [ 1207061857 ],,,,, [ 9140137189 ],,,,, 
  [ 8950825633, 195436448933353, 26036147825120227, 59917465101272481823 ],,, 
  [ 2311848991 ], [ 14908627667 ],,, [ 1754308007 ],,,,, [ 61697840500987 ],, 
  [ 30417962977 ],,,, [ 58318207861 ], [ 7515411361 ], [ 3315775951 ],,,,,,, [ 11089097809 ],
  ,, [ 46804464673, 51801579465746881 ],, [ 6150407717 ],,,,, [ 68084099987 ], 
  [ 24630771056085361 ], [ 2927951329 ],,,,, [ 753766926211698799 ], [ 1389744667 ],,,,,, 
  [ 79819436601829 ], [ 1253557965367 ],,,,, [ 16023101509 ],,,,,,,,, 
  [ 2350637173, 406989432349 ],, [ 264550988461 ],,,, [ 2508973349447014591 ],,,, 
  [ 2110199129, 3176745049 ],,,, [ 1205340013, 32668644461 ],, 
  [ 1427579581, 158747954538473 ],,,, [ 9469259947057, 6369171861093497 ],, [ 241887744751 ],
  ,,, [ 1176083063, 8513264503 ],,,, [ 13750097923 ],,,, [ 7929132947, 73002635103966401 ],, 
  [ 3450331249, 87335483089 ],, [ 9664605311, 3397562896577 ],,,,,,,, 
  [ 888419956217, 4521684373259 ],,,,, [ 117412513747 ], [ 10516163321, 26846471801 ],, 
  [ 2360591419, 48036189679, 25327353952507 ],,,, [ 6361028121547571 ],, 
  [ 878727694849, 755217228231740929 ],, [ 7522756781, 264699559741, 1455085143861384421 ],,,
  ,,, [ 86208453383263889, 86604398822558377 ], [ 235093359313 ],,,,,,, [ 46067427617 ], 
  [ 563326046431 ],, [ 767275714913 ],,, [ 136981000748071 ],, [ 2302935239881 ],,,, 
  [ 1003953909920189 ],,,, [ 7185902401 ],,, [ 2699234542159 ],,,, [ 5035026331 ],,, 
  [ 1135337892391, 3763159141445461 ],, [ 6871953282836069 ],, [ 1740448238387 ],, 
  [ 2249393761, 32641319979553 ],, [ 809111231873622487 ],,,, [ 38630351143, 57381029311 ],, 
  [ 1318568921 ],,,, [ 3376829089, 58413981218689 ],, [ 199680341594715301 ],, 
  [ 755670700097 ],,,, [ 31060225659101 ],,,, [ 15582945108759841, 47606658742181281 ],,,,,,,
  ,,, [ 1168430401 ],, [ 28870310533 ], [ 16177649977 ], [ 2002160171047 ],, [ 13850153617 ],
  [ 200847142183 ],,, [ 15480919805261 ],, [ 12920934837341 ], [ 41672027927 ], 
  [ 5922584291521, 51203728903681 ],,,,,, [ 138867673921, 4407418724581 ],,,,, 
  [ 12729224235001 ], [ 38203011479449 ],, [ 9235903009283, 11928937692323 ],, 
  [ 3964552572641 ],, [ 24689944612243 ],,, [ 14006604721 ],,,,,,, [ 228040743593281 ],,,, 
  [ 307854242142721 ],,,, [ 46539536742901 ],, [ 24715712326999 ],, 
  [ 1238126537, 7729102369 ], [ 194172542881 ],,, [ 1887319769 ],, [ 44884604311 ], 
  [ 6169911481 ],,,,,,,,,,, [ 61556646098203 ],, [ 29548953589 ],, 
  [ 1670953111, 1238421723221 ],, [ 16767251367329 ],, [ 5130071581 ],,,, [ 61905416327 ],,,,
  ,,,, [ 16169117478313, 182554958247901 ],, [ 1945631201 ],, [ 3171675959 ],,,,,, 
  [ 81951187361 ],,,,,,,, [ 12002151361 ],,,,,,, [ 158437325929 ], [ 7095342435281 ],,,, 
  [ 25478709409 ],, [ 3568152306151 ],,, [ 82675701817 ],, [ 25578019721 ], [ 146750260721 ],
  ,,,,, [ 107923280260099 ],, [ 85809535887349 ],,,, [ 38206318529 ], 
  [ 21248148463, 63457353199 ],, [ 1315658651 ], [ 1089190890397 ],,,, 
  [ 79664652009001, 29216759724943001 ],,,,,,,,,,,,,,,,, [ 10020759319 ],, [ 10711791179 ],,,
  , [ 210775149223 ],,,, [ 5830083871 ], [ 2484490961 ],, [ 33680494271 ],, 
  [ 1800131742529, 362006037345049 ],,,,,, [ 910860594913, 5519876452939 ], [ 4491756569621 ]
   ,,,, [ 6489821353 ], [ 14016644338717 ],,,,,,, [ 719882050621 ],,,,,,, [ 13129057387 ],, 
  [ 92420824421 ],, [ 11360163264013 ],, [ 306619916233 ],,, [ 1235393941 ],,,, 
  [ 219530996749 ],,,,,,, [ 5235179797 ],,,,,,,,,, [ 1467784897 ],,,,,,,,, [ 4590308741 ],,,,
  ,,,,,, [ 2943933661 ],,,,, [ 1009343497 ],,,, [ 18786496249 ],,,, [ 1757779726081 ],, 
  [ 2334775411, 3217403443 ],,,,, [ 2570258741 ],,, [ 1279913711 ], [ 1168503961 ],,, 
  [ 72663526576621 ],,,,,, [ 601150808941, 1797808466941 ],, [ 1550041169 ],,,,,, 
  [ 13154884933, 15067415856193 ],, [ 1309997201 ], [ 10849982071 ],,,, [ 37674030241 ],,,,,
  , [ 10051359823 ],,,,,,,, [ 1905486367, 3330507744383 ],,,,,,,,, [ 1088217553, 2275284619 ]
   ,, [ 446683780861 ],,,,,,,,,,,,,,,,,, [ 52695319049 ],,,,,,,,,,, [ 25270921807 ],,,,,,,,,
  , [ 4678721917 ],,, [ 2151894310229 ], [ 1518403421 ],,, [ 17831564357 ],,, 
  [ 3088297567 ], [ 3631218301 ],,,, [ 147570771391 ],,,, [ 67786868273 ],, [ 35732910121 ], 
  [ 4359819151 ],,,,,,,,,,,,,,,, [ 1811150126839 ],,, [ 24127258177261 ],, [ 17067154229 ],,,
  ,,,,,,,,, [ 9106427149 ], [ 11197327951 ],,,,, [ 3477411841 ],,,,,,,,, [ 1193026217 ],,, 
  [ 46089891973 ],,,,,,,,,, [ 151009759237, 10867683935431 ],,,, [ 4826879357 ],,,,,,,,,, 
  [ 86765077561 ],,,,,,,,,,,, [ 490059193457 ],,,,,,,, [ 1407222161 ], [ 794092913582053 ],, 
  [ 1146757093 ],,,,,,,,,,, [ 7283896239782251 ],,,,,, [ 1287755233 ], [ 16299125123 ],,,,,,
  , [ 1274224249 ], [ 1496075491 ],, [ 216131582767 ], [ 4281172417, 14754466873 ],,,,,,,,,,,
  ,,,,,,,,,,,, [ 27133015703 ],,,, [ 1679699971 ],,, [ 11921646313 ],,,,,,,,,, 
  [ 5686365697 ],,,, [ 11866857481 ],,, [ 1296448471 ],,,,,,,,,,,, [ 1341571219 ],,,,,, 
  [ 35294381113513 ],,,,, [ 2076666131 ], [ 4490977979 ],,, [ 2688332137 ], [ 60619090897 ],,
  ,,,,,,,,,,, [ 120179642129 ],,,,,,,,,,,,,, [ 6128975340601 ],, [ 58635666006977 ], 
  [ 2453537803 ],,, [ 1074826270081 ],,,,,,,, [ 1150708441 ],,,,, [ 132698369681 ],,, 
  [ 14802223013 ],,,,,,, [ 35835648631 ],,,, [ 4945690639 ],,,,, [ 12105283009 ], 
  [ 1105825381 ],, [ 2012827277 ],, [ 2718561427 ],, [ 103719251281 ],,,, [ 6750244607 ], 
  [ 88513608241 ], [ 1917841069 ],,,, [ 1939260151 ],, [ 2849488891 ],,, [ 1047312864361 ],,,
  ,,,,,,,,,,, [ 13762091969 ], [ 374874174271 ],,,,,,,,, [ 7453431553 ],,,,,, 
  [ 71973954001 ], [ 1392049849, 7513611253 ],,,,,, [ 950224092733 ],,,, [ 1602470273 ],,,,,,
  ,,,,,,,,,, [ 96015052087 ],,,,,,,,,, [ 3249696973 ],,,,,,,,, [ 3276766769 ], 
  [ 58540419517, 599081931397 ],,,,,, [ 128786297683 ], [ 4345464199 ],,,,,, [ 16162176241 ],
  ,,,,,,,,,, [ 5677723031 ],,,,,,, [ 14231345311 ],,,,,,,,,, [ 3693331153 ],, 
  [ 2728609951 ], [ 6358103363, 264870765407, 1970966864257 ],,,,,,,,,,,, [ 21888974747 ],, 
  [ 20858620501 ], [ 1873551947 ],,,,,,,,,, [ 1078576393 ],,,, [ 9974286001 ],,,,,,,,,,,,,,, 
  [ 11510178871 ], [ 6036939137 ],,,,,,,,,,,,,,,,,,,,,,,,,,,,,,,,, [ 28135674659 ],, 
  [ 332018644021 ],,,,,,,,, [ 36533027821 ],,,, [ 44934979681 ],,,,,,,,, [ 4993921859 ],, 
  [ 188864342551 ],,,,,,,,,,,,,,, [ 1123491571, 2072438131 ],,,,,,,,,,,, [ 1722352897 ],, 
  [ 280919311889 ],, [ 1971690421 ],,,,,,,, [ 7032650431, 21285975049 ],,,,,,,,,,,,, 
  [ 14759377231 ], [ 23658186241 ], [ 132088733479 ],,,,,,, [ 61562666953 ],,,,,,,,, 
  [ 14967598801 ],,,,,,,,,,, [ 5485556737 ],,,, [ 13757479441 ],,,,,,,,,,,,,,,,,,,,,,,,,, 
  [ 1479510349 ],,, [ 11287590007 ],,,,,, [ 3526473751 ],,,,,,,,, [ 15283552477 ],,,,,,,,, 
  [ 351013700959 ],,,,,,,,,,,,,,,,,,,,, [ 3348141061 ],, [ 1197773989 ],,,,,,,,,,,,,, 
  [ 138216639271 ],,,,, [ 9747806311 ], [ 30603538769 ],,,,,,,, [ 58394462977 ],,,,,,,,,,,,,
  , [ 135602711509 ],,,,,,,,,,,, [ 1052941361 ],,,,,,,,,,,,,, [ 3264662081 ],,,,,,, 
  [ 126411078751 ], [ 9249122929 ],,, [ 223835421157531 ],,,,, [ 2873712001 ],,,,, 
  [ 28652941721 ], [ 1126954753 ],,, [ 41163650599 ],,,,,,,,,,,,, [ 9761101879 ],,,,,,,, 
  [ 4839564661 ], [ 602217651157 ],, [ 11814982801 ], [ 3743916679 ],,,,,,,,,,,,,,,,,, 
  [ 5690459222353 ],,,,,, [ 6087979717 ],,,,,,,,,, [ 60605184377 ],,,,,, [ 4248313159 ],,,,,,
  ,,,, [ 1247540753 ],,,,,, [ 226449343121 ],,,,,,,,,,,,,, [ 6678626209 ],,,,,,,,,,,, 
  [ 7690286717, 10719182017 ],,,,,,,,,,,,,,,,,,,, [ 11940342529 ],,,,,,,,, 
  [ 1948633831, 18188208036571 ],,, [ 1276736833, 2232184417, 55608478669 ],,,, 
  [ 6015341417 ],,,,,,,,,, [ 64792934761, 524218527149 ], [ 8626519861 ],,,,,,,,,,, 
  [ 1101080999 ],,,,,,,,,,,,,,,,,,,, [ 1504408249, 4081809749 ], [ 3095020241 ],,,,,,, 
  [ 1004189071 ],,,,,,,, [ 1811373461 ],,,,,, [ 2759356897697 ],,,,,,,,,, [ 9216481429 ],,,, 
  [ 1396316731 ],,,,,,,,,, [ 1867855361 ],, [ 975980099693 ],, [ 1244172337, 240282367777 ],,
  ,,,,,,,,,, [ 1050826753 ],,,,, [ 5375396363 ],,,,,,,,,,,,, [ 1987355479 ],, 
  [ 1051906699369 ],,,,,, [ 875738916571 ], [ 318293992507 ], [ 15443067293 ],,,,,, 
  [ 13604997631 ],,,, [ 54495582683 ],,,,,,, [ 2656108729 ],,,,,,,,,,,,,,,,,,,,,,,,,,,,,,,,,,
  ,,,,,,,,,,,,,,, [ 5467225651, 12469252751 ],,,,,, [ 1653989749 ],,,,, [ 64716143281 ],,,,,,
  ,,,,, [ 2525345057, 3991350169 ],,,,,, [ 47616467989 ],,,, [ 1738326433 ],, [ 1328839217 ],
  ,,,,,,, [ 3614768873 ],,, [ 841728339931 ],,,,,,,, [ 50015830537 ], [ 1221301717 ],,,,, 
  [ 9219676621 ],,, [ 3968121097 ],,, [ 28684375021 ],,,,,,,,, [ 3231148369 ],,,,,,,,, 
  [ 9446224687 ],,,,,,,,,,,,,,,,,,,,,,,, [ 411754856059 ],,,,,, [ 3362019631 ], 
  [ 1604921473 ],,,,,,,,,,,,,,,,,,,,,,, [ 2363977505887 ],,,,,,, [ 9164038397 ],, 
  [ 1701251137 ],,,, [ 1298310001 ],,,,,,,,,,,,,,,,,,,, [ 4633876801 ],,,,,, [ 5254587727 ],,
  ,,,,,,,,,,,,, [ 1179740563 ], [ 11531010908173 ],,,,,, [ 10381479473 ],,,,,,, 
  [ 3921919891 ],,,,,,,,,,,,,,, [ 1272926141 ],,,,,, [ 77216643281 ],,,,,,, [ 10725189427 ],
  , [ 2977206541 ],,, [ 169434199021 ],,,,,,,,,,,, [ 6357670801 ],,,,,,,,,,,,,,,,,,, 
  [ 464421021067 ],,,,, [ 2583267649 ],,,, [ 98152464303253 ],,,,,,,,,,,,,,, [ 17013456169 ],
  ,,,,,, [ 7452576451 ],,,,,,,, [ 26307613477 ],,, [ 8284171981 ],,,, [ 130939034591 ],,,,,,,
  ,,,,,,,,,,,,,,,,,,,,,,,, [ 21501063713 ],,,, [ 1213431301 ],, [ 4367731663 ],,,,,,,,,,,,,,,
  ,,, [ 435062134081 ],,,,,, [ 18749716957 ],, [ 1071656609 ],,,,,,,, [ 12168975601 ],,,,,, 
  [ 1492807867 ],,,,,,,,,,,,,,,, [ 4052208049 ],,,,,, [ 16491046681, 43497985649 ],,,,,,,,,,
  , [ 2697183451 ],,,,,,,,, [ 3883401601 ],, [ 3269306923 ],,,,,, [ 4566763219769 ],,,,,,, 
  [ 7398484741, 12087632647 ], [ 26483150401 ],,,,,,,, [ 1318330729 ],, [ 1602157822061 ],,,,
  ,,,,,,,,,,,,,,,,,,,,,,,,,,,,,,,,,,,, [ 10930516651, 33887115601 ],,,,,,,,,,,,,, 
  [ 17264799169 ],,,,,,,,,,,,,,,,,,,,,,,,,,,,,,,,,,,,, [ 22978809397 ],,,,,,, 
  [ 66075639977 ],,,,,,,,,,,,,,,, [ 4808573557 ],,,,,,,,,,,,,,,, [ 6320285581 ],,,,,,,,,,,,,,
  ,,,,,,, [ 133513361353 ],,, [ 4230256369 ],,,,,,,, [ 23507533297, 95413236601 ],,,,,,,, 
  [ 1506586681 ],,,,,,,,,,,,,,,,,,,,,,,, [ 7628891702189 ],,,,, [ 7502562367 ],,,,, 
  [ 133689894229, 345345316559 ],,,,,,,,,,,,,, [ 16506736249 ],,,,,,,,,,,, [ 1202912801 ],,,
  , [ 9303727261 ], [ 8795994061 ],,,,,,,,,,,,, [ 7075331297 ],,,,,,,,,,,,,, [ 1063498753 ],,
  ,,,, [ 1086500143, 409437351397 ],,,,,, [ 41671538449 ],,,,,, [ 6320523931 ],,,, 
  [ 3734977793 ],,,, [ 25161104051 ],,,,,,, [ 46470448441 ],,,,,,,,, [ 2683349371 ],,,,,,,,,,
  ,,,,,, [ 5044843231 ],, [ 655812088957 ],,, [ 3046204261 ],,,,,,,,,,,,,,,,, 
  [ 281416778897 ],,,,,, [ 5044706047 ],,,,,,,,,,,,,,,,,, [ 71325807649 ],,,,,, 
  [ 18496673257 ],,,,,,,,,,,,,,,,,,,, [ 123672418183 ],, [ 20744754262417 ],,,,,,,,,,,,,,,,,
  , [ 56726754319 ],,, [ 69074146501 ],,,,,,, [ 989472543457 ],,,,,,,, [ 9234081001 ],,,,,,,,
  ,,,,,, [ 3939920423 ],,,,,,,,,,,,,,,,,,,, [ 11329736157907 ],,,,,,,, [ 16266389527 ],, 
  [ 24619060997 ], [ 120394271071 ],,,,,,,,,,,,,,,,,,,,,,,,,,, [ 1170460801, 43620911281 ],, 
  [ 5791112267 ],,,, [ 411242741281 ],,,,,, [ 6323773717 ],,,,,,,, [ 26425772129 ],,,,,,,,,, 
  [ 5666364343 ],,,,,,,,,,,,,,,, [ 5008017103 ],,,,,,,,,,,,,,,,,,,,,,,,,,,,,,,,,,,,,,,,,,,,,,
  ,,,,,,,,,,,,,,,,,, [ 56947418321 ],,,,,,,,,, [ 7990571161 ],, [ 22273470007 ],,,,,,,,,,,, 
  [ 8411317279 ],,,,,,,,,,,, [ 26959532783 ],,,,,,,,,,,,,,,,,, [ 47084297041 ],,,,,,,,,,,,,,,
  ,,,,,,, [ 2496613549 ],,,,,,,, [ 3252270781 ],,,,,,,,,,,,,,,,,,,,,, [ 1149976297 ],,,,,,,,,
  ,,,,,,,,,,,,,,,,,,,,, [ 2435084527 ],,,,,, [ 2967949513 ],,,,,,,,,,,,,,,, [ 2507224361 ],,,
  ,, [ 3170193991 ],,,,, [ 168190681481 ],, [ 39720371921 ],,,,,,,,,,,,,,,,,,,,,,,,,,,,,, 
  [ 16268357881 ],,,, [ 50679155227 ],,,, [ 1558449751 ],, [ 19812752497 ],,,,,, 
  [ 5123835599 ],,,,,,,,,,,, [ 827952166501 ],, [ 22079422289 ],, [ 109659865141 ],,,,,,,,,,,
  ,,,,,,,,,,, [ 59800267381, 127834756381 ],,,,,,,,,,,,,,,,,,,,,,,,,,,,,,,,,,,,,,,,,, 
  [ 1059522179, 64975608127 ],, [ 10631164801 ],,,,,, [ 10382595877 ],,,,,,,,,, 
  [ 2521262017, 44066146153 ],,,,,,,,,, [ 5905711349 ],,,,,,,,,, [ 9861903841 ],,,,,,,,,,,,,,
  ,,,, [ 4477594369, 104830311199 ],,,,,,,,,,,,,,,,,,,,,,,,,,,,,,,, [ 18191884547 ],,,,,,,, 
  [ 67520912533 ],,,,,,,,,, [ 1034919713 ],, [ 1967214421, 22714667399 ],,,,,,,,,,,,,,,,,,,,,
  ,,,,,,,,,,,,,,,,,,,,,,,,, [ 3837938017 ],, [ 31397251393 ],,,,,,,,,, [ 8577596497 ],,,,,,,,
  ,, [ 83483427061 ],,,,,, [ 22081807801 ],,,,,,,,,,,,,,,, [ 81564993401 ],,,,,,,,,,, 
  [ 15344438341 ],,,,,,, [ 11011045697 ],,,, [ 43006512077 ],,,,,,,,,,,,,,,,,,,,,,,,,,,,,,,,,
  ,,,,,,,,,,,,,,,,,,,,,,,,,,,,,,,,,,,,, [ 11485841833 ],,,,,,,,,,,, [ 2641670641 ],,,,,,,,,,,
  ,,,,,,, [ 5144789508583 ],, [ 6495576641 ],,,, [ 72446844601 ],,,,,,,,,,,, 
  [ 17447309881, 583349101609 ],,,,,, [ 17755014187 ],,,, [ 1600930577 ],,,, [ 21667585171 ],
  ,,,,,,,,,,,,,,,,,,,,, [ 1537212997 ],,,,,,,, [ 14552765303201 ],,,,,,,, [ 29901318617 ],,,,
  ,,,,,,,,,,,,,,,, [ 3661469953 ],,,,,,,,,,,, [ 56294262721 ],,,, [ 10015157041 ],,,,,,,,,,,,
  ,,,,,,,, [ 5225799181 ],,,,,,,, [ 1678533277 ],,,,,,,,,,,,,,,,,,,,,,,,,,,,,,,,,,,,,,,,,,,,,
  ,,,,,,,,,,,,,,,,,,,,,,,,,,,,,,,,,,,,,,,,,,,,,,,,,,,,,,,,,,,,,,,,,,,,,,,,, [ 2542665841 ],,,
  ,,, [ 4421146777 ],,,,,,,,, [ 5964413911 ],,,,,,,,,,,,,,, [ 792066794401 ],,,,,,,,,,,,,,,,,
  ,,,,,,,,,,,,,,,,,,,,,,,,,,,,,,,,, [ 657312256481 ],,,,,,,,,,,,,,,,,,,, [ 1119779251 ],, 
  [ 7186743793, 2038811330161 ],,,,,,,,,,,,,,,,,,,,,,,,,,,,,, [ 1466472283 ],,,,,,,,,,,,,,,,,
  ,,,,,,, [ 113334097501 ],,,,,,,,,,,,,, [ 2240409641 ],,,,,,,,,, 
  [ 1541600191, 110864837191 ],,,,,,,,,,,,,,,,,,,,,,,,,,,,,, [ 136944189001 ],,,,,,,, 
  [ 13815870461 ],,,, [ 281744074849 ],,,,,,,,,,,,,,,,,,,,,,,, [ 450417882601 ],,,,,, 
  [ 3727210621 ],,,,,,,,,,,,,,,,,,,,,,,,,,,,,,,,,, [ 54170674273 ],,,, [ 10148057141 ],,,,,,,
  ,,,,,,,,,,,,,,, [ 3803598127213 ],,,,,,,,,,,, [ 6785080789 ],,,,,,,,,,,, [ 140398276573 ],,
  ,,,,,,,,,,,,,,,,,,,,,,,,,,,, [ 2281104769, 4162473313 ],,,,,, [ 83758424401 ],,,,,,,,,,,,,,
  ,,,, [ 1225326961 ],,,,,,,,,,,,,,,,,,,,,,,,,,,,,,,,,,,,,,,, [ 27999436481 ],, 
  [ 1447547989 ],,,,,,,, [ 1067527891 ],,,,,,,,,,,,,,,,,,,,,,,,,,,, [ 27819383671 ],,,,,,,,,,
  ,,,,,,,,,,,,,,,,,,,,,,,,,,,,,,,,,,,,,,,,,,,,,,,,,, [ 368192460967 ],,,,,,,,,,,,,,,,,,,,,,,,
  ,,,,,, [ 31199386417, 1347484835617 ],,,,,,,,,,,,,,,,,,,,,,,,,,,,,,,,,,,, 
  [ 705622215013, 1455540629929 ],,,,,, [ 1480594201 ],,,,,, [ 297459519128353 ],,,,,,,,,,,,,
  ,,,,,,,,,,, [ 2497534681 ],,,,,,,,,,,, [ 117242873813701 ],,,,,,,,,,,,,,,,,,,,,,,,,,,,,, 
  [ 656399127667 ],,,,,,,,,,,,,,,,,, [ 152734373941 ],,,,,,,,,,,,,,,,,,,,,,,,,,,,,,,,,,,,,,,,
  ,,,,,,,, [ 3823487293 ],,,,,,,,,,,,,,,,,,,,,,,, [ 180591893929 ],,,,,,,,,,,, 
  [ 1450086529, 1247260536337 ],,,,,, [ 12766979941 ],,,,,,,,,,,,,,,,,,,,,,,,,,,,,,,,,,,, 
  [ 10641266527 ],,,,,,,,,,,,,,,,,,,,,,,,,,,,,,,,,,,,,,,,,,,,,,,,,,,,,,,,,,,,,,,,,,,,,,,,,,,,
  ,,,,,,,,,,,,,, [ 445040138293 ],,,,,,,,,,,,,,,,,, [ 13524792733 ],,,,,, [ 984944010241 ],,,
  ,,,,,,,,,,,,,,,,,,,,, [ 28252091953 ],,,,,,,,,,,, [ 35835239809 ],,,,,, [ 1090812601 ],,,,,
  ,,,,,,, [ 12651445243 ],,,,,,,,,,,,,,,,,,,,,,,,,,,,,, [ 1306338073 ],,,,,,,,,,,, 
  [ 21108544213 ],,,,,,,,,,,, [ 22040907697 ],,,,,,,,,,,,,,,,,,,,,,,, [ 3355350769 ],,,,,,,,,
  ,,, [ 4958395777, 7446106333 ],,,,,,,,,,,,,,,,,,,,,,,,,,,,,,,,,,,, [ 31374545401 ],,,,,,,,,
  ,,,,,,,,,,,,,,,,,,,,,,,,,,,,,,,,,,,,,,,,,,,,,,,,,,,,,,,,,,,,,,,,,,,,,,,,,,,,,,,,,,,,,,,,,,,
  ,, [ 41012023543 ],,,,,,,,,,,,,,,,,,,,,,,,,,,,,,,,,,,, [ 4877394133 ],,,,,, 
  [ 293830630633, 1108431567937 ],,,,,,,,,,,,,,,,,,,,,,,,,,,,,,,,,,,, [ 73669824600661 ],,,,,
  , [ 11913321986959 ],,,,,,,,,,,,,, [ 137728399201 ],,,,,,,,,, [ 36012906931 ],,,,,,,,,,,,,,
  ,,,,,,,,,,,,,,,,,,,,,,,,,,,,,,,,,,,,,,,,,,,,,, [ 20701827721 ],,,,,,,,,,,,,,,,,,,,,,,,,,,,,
  ,,,,,,, [ 10081429273, 39039453451 ],,,,,,,,,,,,,,,,,,,,,,,,,,,,,,,,,,,,,,,,,,,,,,,,,,,,,,,
  ,,,,,,,,,,,,,,,,,,,,,,,,,,,,,,,,,,,,, [ 9437149489 ],,,,,,,,,, [ 16678398001 ],,,,,,,,,,,,,
  ,,,,,,,,,,,,,,,,,,,,,,,,,,,,, [ 1497213901, 2933932951 ],,,,,,,,,,,,,,,,,,,,,,,,,,,,,, 
  [ 8721774601 ],,,,,,,,,,,,,,,,,,,,,,,,,,,,,,,,,,,,,,,,,,,,,,,,,,,,,,,,,,,,,,,,,,,,,,,,,,,,,
  ,,,,,,,,,,,,,,,,,,,,,,,,,,,,,,,,,,,,,,,,,,,,,,,,,,,,,,,,,,,,,,,,,,,,,,,,, 
  [ 1499244931, 2580016106881261 ],,,,,,,,,,,,,,,,,,,,,,,,,,,,,,,,,,,,,,,,,,,,,,,,,,,,,, 
  [ 872831441197 ],,,,,, [ 166183311001 ],,,,,,,,,,,,,,,,,,,,,,,,,,,,,,,,,,,,,,,,,,,,,,,,,,,,
  ,,,,,,,,,,,,,,,,,,,,,,,,,,,,,,,,,,,,,,,,,,,,,,,,,,,,,,,,,,,,,, [ 4585748641 ],,,,,,,,,,,, 
  [ 3473320537 ],,,,,,,,,,,,,,,,,,,,,,,,,,,,,,,,,,,,,,,,,, [ 8847228727 ],,,,,,,,,,,, 
  [ 83333776951591 ],,,,,,,,,,,,,,,,,,,,,,,,,,,,,, [ 1841086801 ],,,,,,,,,,,,,,,,,,,,,,,,,,,,
  ,,,,,,,,,,,,,,,,,,,,,,,,,,,,,,,,,,,,,,,,,,,,,,,,,,,,,,,,,,,,,,,,,,,,,,,,,,,,,,,,,,,,,,,,,,,
  ,,,,,,,,,,,,,,,,,,,,,,,,,,,,,,, [ 555259485901 ],,,,,,,,,,,,,,,,,,,,,,,,,,,,,, 
  [ 1562204881 ],,,,,,,,,,,,,,,,,,,,,,,,,,,,,,,,,,,,,,,,,,,,,,,,,,,,,,,,,,,,,,,,,,,,,,,,,,,,,
  ,,,,,,,,,,,,,,,,,,,,,,,,,,,,,,,,,,,,,,,,,,,,,,,,,,,,,,,,,,,,,,,,,,,,,,,,,,,,,,,,,,,,,,,,,,,
  ,,,,,,,,,,,,,,,,,,,,,,,,,,,,,,,,,,,,,,,,,,,,,,,,,,,,,,,,,,,,,,,,,,,,,,,,,,,,,,,,,,,,,,,,,,,
  ,,,,,,,,,,,,,,,,,,,,,,,,,,,,,,,,,,,,,,,,,,,,,,,,,,,,,,,,,,,,,,,,,,,,,,,,,,,,,,,,,,,,,,,,,,,
  ,,,,,,,,,,,,,,,,,,,,,,,,,,,,,,,,,,,,,,,,,,,,,,,,,,,,,,,,,,,,,,,,,,,,,,,,,,,,,,,,,,,,,,,,,,,
  ,,,,,,,,,,,,,,,,,,,,,,,,,,,,,,,,,,,,,,,,,,,,,,,,,,,,,,,,,,,,,,,,,,,,,,,,,,,,,,,,,,,,,,,,,,,
  ,,,,,,,,,,,,,,,,,,,,,,,,,,,,,,,,,,,,,, [ 1020917551 ],,,,,,,,,,,,,,,,,,,,,,,,,,,,,,,,,,,,,,
  ,,,,,,,,,,,,,,,,,,,,,, [ 8288219431 ],,,,,,,,,,,,,,,,,,,,,,,,,,,,,, [ 4794788461 ],,,,,,,,,
  ,,,,,,,,,,,,,,,,,,,,,,,,,,,,,,,,,,,,,,,,,,,,,,,,,,,,,,,,,,,,,,,,,,,,,,,,,,,,,,,,,,,,,,,,,,,
  ,,,,,,,,,,,,,,,,,,,, [ 13549642921 ],,,,,,,,,,,,,,,,,,,,,,,,,,,,,,,,,,,,,,,,,,,,,,,,,,,,,,,
  ,,,,,,,,,,,,,,,,,,,,,,,,,,,,,,,,,,,,,,,,,,,,,,,,,,,,,,,,,,,,,,,,,,,,,,,,,,,,,,,,,,,,,,,,,,,
  ,,,,,,,,,,,,,,,,,,,,,,,,,,,,,,,,,,,,,,,,,,,,,,,,,,,,,,,,,,,,,,,,,,,,,,,,,,,,,,,,,,,,,,,,,,,
  ,,,,,,,,,,,,,,,,,,,,,,,,,,,,,,,,,,,,,,,,,,,,,,,,,,,,,,,,,,,,,,,,,,,,,,,,,,,,,,,,,,,,,,,,,,,
  ,, [ 40805805811 ],,,,,,,,,,,,,,,,,,,,,,,,,,,,,,,,,,,,,,,,,,,,,,,,,,,,,,,,,,,,,,,,,,,,,,,,,
  ,,,,,,,,,,,,,,,,,,,,,,,,,,,,,,,,,,,,,,,,,,,,,,,,,,,,,,,,,,,,,,,,,,,,,,,,,,,,,,,,,,,,,,,,,,,
  ,,,,,,,,,,,,,,,, [ 3582917941 ],,,,,,,,,,,,,,,,,,,,,,,,,,,,,,,,,,,,,,,,,,,,,,,,,,,,,,,,,,,,
  ,,,,,,,,,,,,,,,,,,,,,,,,,,,,,,,,,,,,,,,,,,,,,,,,,,,,,,,,,,,,,,,,,,,,,,,,,,,,,,,,,,,,,,,,,,,
  ,,,,,,,,,,,,,,,,,,,,,,,,,,,,,,,,,,,,,,,,,,,,,,,,,,,,,,,,,,, [ 8660031661, 351049113661 ],,,
  ,,,,,,,,,,,,,,,,,,,,,,,,,,,,,,,,,,,,,,,,,,,,,,,,,,,,,,,,,,,,,,,,,,,,,,,,,,,,,,,,,,,,,,,,,,,
  ,,,,,,,,,,,,,,,,,,,,,,,,,,,,,,,,,,,,,,,,,,,,,,,,,,,,,,,,,,,,,,,,,,,,,,,,,,,,,,,,,,,,,,,,,,,
  ,,,,,,,,,,,,,,,,,,,,,,,,,,, [ 4941340673 ] ]);
