BRENTFACTORS[9926]:=MakeImmutable([ ,,,,,,,,,,,,,,, [ 287649318504481 ], [ 25472078174119 ],
  , [ 22999963601 ], [ 9165357241 ],, [ 205306537459 ], [ 7200163387 ],,, 
  [ 9711252515675272927 ],,, 
  [ 11571812161589, 35345099589268093171, 1584347118120839459293281184345523944261 ],, 
  [ 609346367827 ], [ 11558155858998155894270561 ], [ 72323900947 ], 
  [ 848066604383, 143088995321679526783 ], [ 5877395994943998907271, 18692440451313813543101 
     ],, [ 1267492758038402421521488979, 46128468765327452647886250386551082788553249042411 ]
    , [ 237701676182177 ], [ 812090577315747488849120161 ],, [ 856120756963753553 ],, 
  [ 289293234342423761 ],, [ 1303352374361581 ],, 
  [ 11102825337887, 19511776459061, 13250575874467475587, 1238282359129744089971, 
      459756755533663106706437, 741373136051081872093157 ],, [ 164718903550363 ],,, 
  [ 827074976906740225982635201 ], [ 1987442867, 873441893156996491 ], 
  [ 1228842523, 3742033303 ],,,,,,, [ 3430072091 ], 
  [ 6336162918077, 3559997936556481185514703533 ], 
  [ 1017715609, 192556968460713896142223, 13160701324088372631877591063702514094230340186379 
     ], [ 480244157570497, 488025665132541343340417 ], [ 476485864271, 10666241133914731 ], 
  [ 3661067012253775462715726280005629963 ], [ 13548326611 ],,, 
  [ 3498504482761, 286294112770513285047821 ],, 
  [ 1056956063617, 2503632449809, 6943339004708377, 9644922583019106049 ], 
  [ 1496782259565763 ], 
  [ 2720991841, 5363192643202292403602006317415894960297507226477044297 ],, 
  [ 226494463561, 33480469842301 ],, [ 7604943373, 8761619803, 8091753997376703459951601 ], 
  [ 12241956238132225177 ], [ 3176011484469564285457776255487575582713169971408709542407681 ]
    , [ 2264477797 ], [ 1383168047, 479830252183157 ], [ 1553431819, 95992821272663071 ], 
  [ 440693388065411106277, 160073073932606436308980193929 ], [ 28400721097155959990651 ],,, 
  [ 141006188722873, 224663637060017, 963451555250940449, 
      14772783710664582385071631588739004266908561 ],,,, [ 18612314197, 614193652145753 ], 
  [ 46497887180874774174225433 ], 
  [ 746966427783495191, 147387632901045035912018155710167443, 
      73231938048417752711561743599113809777631627029928468399 ], 
  [ 109834561411, 2141349667834261 ], [ 11952985035080089537 ], [ 33671451739069 ], 
  [ 36508148251 ],, [ 1858916468353001 ], [ 80899614625421, 693878269913138707 ], 
  [ 216978527431, 592939014017898502947325777 ], [ 322987926126473, 4237857150361701439 ], 
  [ 4591889537, 38492382497358233809, 3109443563361650870030970529 ], [ 67164918451 ],, 
  [ 41230695643577628869353, 84308820249914546688673 ], 
  [ 239780548297, 1616309351640900480414123929017, 
      205620863897797693677410414142752267580109 ], [ 792104154145617101 ], 
  [ 30975722801, 715667908087991 ],, [ 61513141234273 ], [ 3126439649987 ], 
  [ 91723579658281, 12852199055407507 ], [ 26222085641, 1731730194451, 81387892789333174181 ]
    , [ 925970866136686121 ], [ 95008320109, 260786567341 ],, 
  [ 681324224316030499, 14860358022607695053 ], 
  [ 4412993041, 164378161801606958077431070441 ], [ 40366110135104569956911 ], 
  [ 11623364927, 1272597083668292426599 ],, [ 46066390321621 ],,,,,, 
  [ 2070245547768518148991, 8628802109557092877109468501 ], [ 85240655606111147 ], 
  [ 121637171701, 180349674856225598528351641117, 182957277472779693822174471841, 
      58199493763517106182607552797456727808957 ],, [ 674817866017 ],, [ 36870619216369 ], 
  [ 1755804936827335191004297 ],,, [ 29341320208068640057861, 2049877448116088359265702941 ],
  ,,, [ 3351782449 ], [ 6369334381, 18689746871, 15642972959907869497081 ], 
  [ 146267609040857 ], [ 2085241159, 106188323851 ], [ 1384524491419334390382221 ], 
  [ 182400707193649891 ], 
  [ 2394148964297106451, 234222805499918511633992101, 
      660080860038605147501863487148467797610536501 ],, [ 7682832894029130533089 ], 
  [ 8162845092899292241 ],, [ 35582120063531, 339616248291101 ], 
  [ 52524181321, 208878021301 ], [ 525692146027, 2912863928197 ], [ 2399427659 ],, 
  [ 601732884001, 16191129633121, 23368039799681, 70606604440888961 ],, 
  [ 281050198965343, 7753442116883500762584733 ], [ 80298553733 ],, 
  [ 117236614042396293391 ], [ 48850780293312605123 ], [ 5795881627, 1136605413879767941 ],, 
  [ 25830114776498293 ],, 
  [ 129786439561705441, 190536197600531812591, 20553756598105925101137487, 
      22018484130351868606352797 ],, [ 6638738677, 1163200970537 ],, 
  [ 281964570301, 318753491351, 271833710709420788251 ],, 
  [ 2667126092896633, 1103145435108969623092567 ], 
  [ 79658773876873661, 31041650786858612237 ],, [ 18980353810981 ],, 
  [ 34449074621531021999 ], [ 589950378473779, 50251079998216871461, 779098572476131459801 ],
  , [ 111235555187171, 364922704568541121 ],,,, [ 6634468513 ], [ 689109538715607281 ], 
  [ 3631651081 ], [ 603867851137, 2715025606708801 ], [ 33016352899, 6123381963338766757 ], 
  [ 3720150166964206186087 ], [ 1145013091, 8371940851, 23004934778281 ],,,, 
  [ 3693710641, 109058918833 ],, [ 5716628661714146467 ],,,, [ 10499885154399811 ],,,, 
  [ 1410220498103737 ],,, [ 2395975877 ], [ 4178985450747631 ], 
  [ 2586475477, 46405073396111, 130343280080347, 2216259524397483956132227 ],, 
  [ 959041001161, 1998457236793 ], [ 1846517438163889 ], [ 21093589927185401713 ],, 
  [ 2778036581, 33080200026480421, 12916970867877726149849581 ],, 
  [ 24350410771, 37431685300639351 ], [ 1398283591, 10859172655393, 29939283397061 ], 
  [ 686955804193 ], [ 19163751751 ],,, [ 219442634689, 509201005633, 8981109452438089 ],, 
  [ 517787833961 ], [ 1071375412339, 2242410493093, 14331111808209967, 284968809917822647 ], 
  [ 5098474921, 290600806336289 ], [ 106852653641, 532024555638607, 19980800283223245451 ], 
  [ 2480494537, 135341736661 ], [ 17538336701, 135738584663202701 ], 
  [ 138169778941, 263975359218133905337, 1511204075293368247469 ],, 
  [ 166717906153, 33057611926991, 191678340684294689, 36982943330290142011 ],,,, 
  [ 17878883383769 ],, [ 197081508889, 28282816334557, 66018131934348875989 ],,,, 
  [ 140866029309597769 ],, [ 1225952885787750372251 ],, [ 1284101331500187649 ],, 
  [ 2572676604304523 ],,,, [ 9870001520011 ], [ 19358430344219 ], [ 59091862740301 ], 
  [ 6744597049, 180307893645073, 158686864760819644219 ],, [ 976161756819857 ],, 
  [ 102407365476881, 6102853240669026871 ], [ 324309304108418514607 ], 
  [ 4661372509, 14980680607, 441913522543, 513842868438547 ],, 
  [ 324311498627, 591763467587207 ], [ 536499123585672140821 ], [ 8122640186879 ], 
  [ 12907451009 ],, [ 10726043765347, 21560221242901523461 ], 
  [ 1126252051, 20578069678629101 ], [ 4230269941 ], [ 6581750285059 ], [ 3152582948386511 ],
  [ 1637445421, 71698547950664658733 ],,, [ 12557742057247 ],,,, [ 11982582995848484449 ], 
  [ 4094599153 ],,, [ 7589389438901, 510554640529273668401 ],,,, 
  [ 110703932773105292629, 17651235976473356666053, 43167498152601863489611 ],,, 
  [ 24105544784540381053 ],,,,,, [ 1634687106294828241 ], 
  [ 34387340609, 3677891716751412689 ], [ 7862455921 ], [ 20803973930461 ], 
  [ 1373689591093709 ], [ 20188034000597 ],, [ 16375717591361 ],,, [ 552240458257 ],, 
  [ 1455796402404894531451 ], [ 274814041127077, 2847449901707573 ],,,,, [ 8817504061 ], 
  [ 304057200763, 2483853168553 ],,, [ 1639979876912651 ],,, 
  [ 10083574441, 35432060004782213329 ],, [ 2759581441, 905457272417567886391 ],, 
  [ 445601918142700601 ],, [ 1351641811181 ],, [ 142694696060113 ],,,,,, [ 10722566571571 ],,
  , [ 1639238521, 5994172141 ], [ 258318842501 ], [ 1181825093, 2314104852209 ], 
  [ 464682073265794783813 ],,,, [ 179464010881 ], [ 148508432929 ],,,, 
  [ 2238550651, 53844367207, 282313026300607 ], [ 331706422933 ],, [ 6112753054473601 ],, 
  [ 1357472797873, 2025757484352491 ], [ 110226701839, 762680653773193 ], 
  [ 8859129760149397 ], [ 5133237940351 ], [ 9042498549541, 57290296622893153 ], 
  [ 1860748278133 ], [ 160034838673 ], [ 1880407027 ], 
  [ 191978845358071, 141486549285790451 ], [ 23580203574943 ],, [ 7845709722643505683 ],,, 
  [ 7998609649, 6943514258617 ], [ 3089048652334930281257 ], 
  [ 239753394074659879, 8371371779562083823217 ], [ 48556507487, 5795357740747 ], 
  [ 27055802894381 ],,,,,, [ 65455071080715974534017 ],,,, [ 615800968824211 ],, 
  [ 6538468273, 179968557497 ], [ 16523902723, 2324204688907 ],, [ 165626569434401 ], 
  [ 6003108541, 32474063862320653, 1273974812777602981 ],, 
  [ 35489403229080529, 40307029945054844927 ],, [ 9080131201 ],, [ 31498063162700383 ],, 
  [ 4862656313, 366891094092829, 3822491888656333 ],,, [ 6348855045523 ], 
  [ 192464904436160593, 1523030192644004353 ],,, [ 12746220118399 ], 
  [ 2800034813, 27159487874274845495563229 ],,,, [ 27214723463994977 ],, [ 14850027329479 ],
  , [ 4813927021, 24607510296303901 ],,, [ 6180329955173779 ], [ 554794740906267569 ], 
  [ 8706263023001 ], [ 243444947113 ],,,, [ 20984027343701, 3200323998893881 ], 
  [ 15884446152316612879 ], [ 1221118849 ],, [ 370660210019498045081 ],, 
  [ 102878874205206710753 ], [ 60472116811 ], 
  [ 1364750887867, 270118120031940553, 402174840836981659, 138436002728686936123 ], 
  [ 7735128199 ], [ 4157886041 ], [ 434429927317, 11322995579659, 26230315971259 ],,,, 
  [ 9854767081 ], [ 5864035850471, 77046005587934083 ],, [ 125610067170171505601 ],, 
  [ 7133672497951, 29247239989716751 ], [ 25681846829 ],,, 
  [ 4859106642419, 53271661925531902129 ], [ 1736619853151, 5661847099091 ], 
  [ 9419912238313 ], [ 1663337166479 ], [ 1060643729 ], [ 1386860976073 ],,,,,, 
  [ 9558283321, 202089562651, 2629174309501 ],, [ 892428313801, 12648824782103 ],,, 
  [ 68406540280951 ],, [ 4455487451377 ], [ 608314669799 ], [ 3224953327 ],, 
  [ 54298071627181201 ],,,,, [ 118542737639 ], [ 1653843703 ],, 
  [ 10575336113, 1198467513718481953 ],, [ 8621693355997 ], [ 144863662841 ], 
  [ 643307535523721 ],, [ 366580709060379101 ],,,, [ 900645299964541, 7265874283595149 ],, 
  [ 2698138321 ], [ 13255623179 ], [ 4541656417 ], [ 10446879371, 26925266551 ], 
  [ 30893087850249222001 ], [ 21547192369, 1539408469597 ], [ 2210554993, 45549467609509 ],,,
  , [ 1296472339631503 ],, [ 23373505756593749 ],,,, [ 8938473473 ],, [ 342148075061638357 ],
  [ 201587660251 ],,,,, [ 1586696801 ],,, [ 1210474087, 41543325113 ],, [ 13891793534851 ], 
  [ 27085324313 ],, [ 663870641945976433 ], [ 166017463387 ],,, [ 19904936626930769 ],, 
  [ 714371132167920781 ], [ 1356060221 ],,, [ 34356351283, 76649287711 ],, 
  [ 4616992261714141, 147007454422716361 ], [ 157040771291 ],, [ 2277305077, 10170727747 ],,
  , [ 440256308311 ],,,, [ 4217842201 ],,,, [ 10560165223213 ],, 
  [ 102529938941, 1809533089112521 ],, [ 2208409993 ],, 
  [ 21164786384561, 6331127410885450321 ],,,, [ 1530573613, 98070104464299817 ],, 
  [ 1401702594907117 ],,,,,,,, [ 1151036461, 28107658899937, 457821612668309 ],, 
  [ 10491111361, 15829804451676097 ],, [ 55516911829349, 85563151118773753 ],, 
  [ 323657115870761, 139709071204720481 ],, [ 2203426140596953 ],, [ 39222491021088475601 ],,
  ,,,,,,,, [ 304462512194722993 ],, [ 1057176420738117133 ],, [ 8476261301 ],,,,, 
  [ 27497128033 ], [ 3355979833, 961992954469 ],, [ 556542502609 ],, [ 310375269121 ],,,,,,, 
  [ 156363663267781 ],,,, [ 8791608719 ],, [ 2816513379397 ], [ 862150308839531 ],,, 
  [ 1385152501 ],,,, [ 1170919228459 ], [ 25499819956546438651, 2937984333367677126751 ],,,,,
  , [ 6640982893, 145335576889, 25400619640021 ],,,, [ 11889337034881 ], [ 2348529133 ], 
  [ 1467499651 ],, [ 75274664501, 162957572597 ],,,,,, [ 550120092652651 ],,,,, 
  [ 44400682811 ], [ 1303256177 ],, [ 3147872659 ],,,,,,,,,,, [ 1580045539 ],,,,, 
  [ 48731465099, 304787102143 ],, [ 11674628837 ],, [ 1195665883 ],,,, 
  [ 32869092301, 48707725173977 ], [ 4560616391 ],, [ 906372071981 ],,,,, [ 7451632231 ],,,, 
  [ 26012558095697 ],,, [ 214563743969 ], [ 470953230311 ], [ 4449237192403 ], 
  [ 70648076620801 ],,, [ 47223300911 ],,,,,,,,,,,,,,, [ 180280031611 ],, 
  [ 3636243192261601 ],, [ 416606658827 ],,,, [ 115533763462063 ],, [ 1679603017 ],,,, 
  [ 9853317267004268173 ],, [ 223438124677 ],,,, [ 70249800079, 186065057413 ],,,, 
  [ 2262814331, 8816213239, 8842634440781 ],,,, [ 479836536937 ],,,,,,,, [ 1134209779 ],,,, 
  [ 425005051441 ],,,,,, [ 56588751931735189 ],,,,,, [ 2110277401 ],, [ 1830009017 ],,,,, 
  [ 1151820139 ], [ 80224594211, 4519819195499 ], [ 1375083011 ], [ 4406957881, 75041338321 ]
   ,, [ 1459910329277363 ],,,,,,,, [ 6878833423991 ], [ 3677359001 ], [ 191123690782087009 ],
  ,,,,,,,,, [ 168273019541191, 33679952498394989 ],, [ 1375274161, 9775377796381 ],,,, 
  [ 10292376780601 ],,,,,, [ 38606724783498719 ],,,,, [ 1029858103, 3406728781 ], 
  [ 83878920121 ], [ 41221098043 ],,, [ 4846247233, 25740372522433 ],, 
  [ 4408880076287, 38891613674257 ], [ 50448668887 ], [ 503761092049 ],,,, [ 75476633395073 ]
   ,,,, [ 1487095193, 222909635346113 ],, [ 9610931911649 ],,,,,, [ 507645630891341 ],, 
  [ 129661749142633 ],,,,,,,,,, [ 83746995401 ], [ 4995319309 ], 
  [ 1479867247, 62691868094857 ],,,,,,,, [ 7921199813 ],, [ 2306551157, 196135423629293 ],, 
  [ 3881168410921 ],,,, [ 518989443569 ], [ 17890862032751 ],,, 
  [ 9577036109, 194647398389971 ],, [ 2803740721, 23133765601 ],,,,,,, [ 1323889373497 ], 
  [ 2347307233 ], [ 93484030711 ], [ 1856933908265731 ], [ 5194690381 ],, [ 1732027081 ],,,,
  , [ 139335053941 ],, [ 98570136601 ], [ 2321579671 ], [ 11388708827, 98345658975864631 ],,,
  ,,, [ 50607385955573 ],, [ 1740809981, 66034270378441 ],, [ 1260350257, 70867332097 ],,, 
  [ 2737348771, 13966748491 ], [ 1958994241, 4839965307637 ],,,,,, [ 7109178733 ],, 
  [ 32730350269 ], [ 3596943901 ],,,,, [ 9300274494151 ],,,, [ 58229746189 ],,,,,,,, 
  [ 8187764149 ],,,,,, [ 60066767413 ],, [ 258286927815601 ],,,, [ 78951567979 ],,,,,, 
  [ 1416821761, 12417159790081, 25778801274241 ],,,,,,,, [ 2347263109313 ],, 
  [ 2968539827861 ],,,,,,, [ 1204347901 ], [ 2117906750851 ],,, [ 8357080141 ],,,,, 
  [ 6761327381, 78553108463 ],, [ 7749483277130401 ],,,, [ 4402093249 ],,,,,, 
  [ 1451383589653 ], [ 353210066371 ],,,, [ 2022357997211 ],,,,, [ 94388921871553 ],, 
  [ 3701983301 ],,,,, [ 123156326231 ],,, [ 7018065533 ],,,,, [ 9284713219 ],,, 
  [ 14688817237 ], [ 7231363751, 114466686127 ],, [ 1512671161 ],,,,,,,,,,, [ 52001670241 ],,
  ,,,,, [ 2066170741 ],,,,,,,,,,,,,, [ 1610207772689 ],, [ 7314902689 ],,,,,,,,,,,,,, 
  [ 1651213321 ], [ 26631771167 ],,,,,,,,,,,,,,,,,, [ 24333959729 ],, [ 3138099373 ],,,,,,,,,
  ,,,,, [ 39983704729 ], [ 5026559539 ],,,,, [ 1113672223 ],,,, [ 523657967281021 ],,,,,, 
  [ 1928035129 ],, [ 73337204531 ], [ 6463757743 ],,,,, [ 4847205217 ],,,,,,, 
  [ 1313947081, 79049157676579 ],,,,,,, [ 2239023551 ],,,,,, [ 24566699321 ],,,,, 
  [ 7711350391 ],, [ 2356103093 ],,,,, [ 1348135969 ], [ 14793002953 ], [ 75016613537191 ],,,
  ,,,,,,,,, [ 101140430401 ], [ 13258680709 ],,,,,,,,,, [ 19041692513 ],, [ 352936933231 ], 
  [ 6011087629 ],,,,,,,,,,,, [ 31174387297 ],, [ 2126948891 ],,,,,,,,, [ 10779256177 ],,,,,,,
  ,,,, [ 14079105362521 ],,,,,, [ 177378662821 ],,, [ 30680544217 ],,,,, [ 145500708097 ],, 
  [ 65087745577 ],,,,,,,,,,,,, [ 9116650657 ], [ 2436032686501, 3663799169941 ],,,, 
  [ 956376423089 ],,,,,, [ 1239807426401 ],,,,, [ 17019074851 ],,,,,,,,,,,,,,,,,,,,,,, 
  [ 42330442199 ],,,,, [ 18032760012221 ],,, [ 438518926793 ],,,,,,,,, [ 16622865031 ],,,,,,,
  ,,,,, [ 8622240889 ],,,, [ 1236975499 ], [ 96330898009 ],,,,,,, [ 6536357959 ],,, 
  [ 1076008891 ],, [ 1522985857, 7345739521 ],,,,, [ 259434667117 ],,, [ 2525346721 ],,,, 
  [ 114758098758195313 ],,, [ 58242176479 ],,,,,,,,,,,,,,,, [ 1160706251, 48576330001 ],,,,, 
  [ 30018870901, 52965197641 ],,,,, [ 1663171711 ], [ 1151221303, 412503602743 ], 
  [ 7325964787 ],,,,, [ 19991352769 ],,,,,,, [ 6050563081 ],,,, [ 2897772800297 ],,,,,,,,,,, 
  [ 1388852011 ], [ 52262040161 ],,,,,,, [ 14961048283 ],, [ 2373236977 ],,, [ 5876657131 ],,
  ,,,,,,,,,, [ 76761702299 ],,,,,,,,,,,,,,, [ 13845049069 ],,,,,,,,,,, 
  [ 9166308691, 346530516931 ],,,,,,,, [ 5610957493 ],, [ 321321908951 ],,,,,,,,,,,,,,,,,,,, 
  [ 16831879091 ], [ 3044379449 ],,,,,,,,,,,,,,,, [ 1217033581681 ],,,,,,,, [ 6470401361 ],,,
  ,,,, [ 3868318561 ],,,,,, [ 21126864739 ],,, [ 20070336001 ],, 
  [ 1203532679, 1984027331647 ],,,,,,, [ 6688252471, 906372145711 ],, [ 1441615267 ],,,,,,,,
  , [ 1561216306393 ],,, [ 2551236444293 ],,,, [ 6968467640053 ], [ 1145210849 ],,, 
  [ 692102083039 ],,, [ 2513874581 ],,,,,,,,,, [ 1782742441 ],,, [ 38398552393 ],,,,,, 
  [ 11542416551 ],,, [ 3912321222361 ],,,,,,,,, [ 1449615616315387 ],,,,,,,, 
  [ 696635291633 ], [ 20042423101 ],,,,, [ 18261841831 ],,,, [ 1756984133 ],,,,,, 
  [ 1167123751 ],,,,,,,, [ 1031484451 ],,,,,,,,,,,,,,,,,,, [ 1128940457 ], [ 8704866607 ],,, 
  [ 80350635241 ], [ 27817722629 ],,, [ 1686050381 ],,,,, [ 2058429511 ],,,, [ 3679263769 ],,
  , [ 11414993129 ],,,,,,,,,, [ 33960602657 ],, [ 4619897389 ],,,,,,, [ 6725796929 ],,,,,,,,,
  ,,,,,,,,,,,,,,,,,,, [ 4518082081 ],,,,,,,,,,,,,,,,,,,,,, [ 2063854523 ],,,,,,,,,,, 
  [ 168250369633 ],,,,, [ 3864837761 ],,,,,,,, [ 25470280811 ], [ 22825668323 ],,, 
  [ 887035808431 ], [ 287009503741 ], [ 23588908883 ],, [ 110725410241 ],,,,,,,, 
  [ 8386472537 ],,, [ 31049954473, 72132692621929 ],,, [ 45945732127, 5530799392603 ],,,,, 
  [ 315610435841 ],,, [ 6952131931 ],,, [ 36199664411 ],,,, [ 4278184063 ],, [ 1180524973 ],,
  ,,,,,,, [ 19588634647, 8510955456403 ],,,,,,,,,,, [ 1603549537 ],,,,,, [ 8303204101 ],,, 
  [ 7780693757149 ],, [ 8064351571 ],,,, [ 1770872407 ],,,,, [ 1918652497 ],,,,,,, 
  [ 2030347093 ],,,,,,, [ 1376462141 ],,,,, [ 29710185049 ],,,,, [ 450886872973 ],,,,,,,,,, 
  [ 5760006289 ],,,,, [ 8988963719 ], [ 20994058213 ],,, [ 1223727049 ],,, [ 1702527121 ],,,,
  ,, [ 6233991121 ],,,,,,,,,,,,,,,,,,, [ 2085752891 ],,,,,,,,,,,,,, [ 14171359921 ],,,,,,,,,,
  ,,,,, [ 153869266009 ],,,, [ 10008249341 ],,,, [ 22037170369 ],,,,,,,,,,,,,,, 
  [ 1034021702617 ],,,,,,, [ 1355886212353 ],,,, [ 7930494301 ],,,,,,,,,,,,,,,, 
  [ 2850438953 ],,,,,, [ 2615560001 ],,,,,,,,,,,,,, [ 46482237869 ],,,,,,,,, [ 64181422873 ],
  , [ 35591902201 ],,,,,,,,,,,,,,,,,,,,,,,,,,,,,,,,,,,,, [ 14379610627 ],,,,,,,,,,,, 
  [ 18932681143 ],,,,,,,,,,,, [ 42163383473 ],,,,,,,, [ 1367972509, 1711780087 ],,,,,,,,,,,,,
  ,,,,,,,,,,, [ 1946371822189 ],,,,,,,,,,,,,, [ 3062428253 ], [ 1914260851 ], 
  [ 3861814441 ], [ 1547383951, 1821394121 ],,, [ 23657241527 ],,,, [ 463785803587 ],,, 
  [ 225463541161 ],,,,,,,,,,,,,,,,,, [ 1841729611 ], [ 138210966577 ],,,,,,,,,,,,,, 
  [ 4089748213 ],,,,,,,, [ 29023045453 ], [ 327946694869 ],,,,,,,,, [ 10537846381 ],,,,,,,,,,
  ,,,,,,,,,, [ 182613524201 ],,,,,,,,,,,,,,,,,, [ 1771640191 ],,,,,, [ 489565386241 ],,,,,,, 
  [ 28464717373, 140165239999, 236546945526277 ],,,,,,,,,,, [ 2462816407 ],,,,,, 
  [ 14674202033 ],,,,,,,,,,,, [ 79052788237 ],, [ 3611222281 ],,,,,,,,,,, [ 1490585991343 ],,
  ,,,,,,,,,,, [ 21408372103 ],,,,,,,,,, [ 1009199561 ],,,,,,,, [ 2866116401 ],,,,, 
  [ 106884402451 ],,,,,,,,,,,,,,,,,,,,,,,,,,,,,,,,,,, [ 409207961441 ], [ 496368343447 ],,,,,
  ,,,,,,,,,,,, [ 2854684369 ],,,,,,, [ 7149466801 ],,,,,,,,, [ 1474306597 ],,,, 
  [ 659759106997 ],,,,,,,,,,,,,, [ 3264012469, 13161113470873 ],, [ 7795525373 ],,,, 
  [ 1042194271 ],, [ 1781753011501 ],,,,,,,, [ 55869429101989 ],,,,,,,,,,, 
  [ 371242347256477 ],,,,, [ 89915758195589 ],, [ 10437162719 ],,,,,,,, [ 3651029299 ],,,, 
  [ 11385185621, 230973977104603 ],,,,,,,,,,, [ 1079698639 ],,,,,,,,,,, [ 6576191418241 ],,,,
  ,,, [ 1427839717867 ],,,,, [ 4958073233 ], [ 353365927237 ],,,,,,,,,,,,,,,,,,,,,,,,,,,,,,, 
  [ 5128313681 ],,,,, [ 1952468929 ],,,,,, [ 14355699931 ],,, [ 15345247987 ],,, 
  [ 26035421413 ],,,,,,,,,,,,,,,,,, [ 4582872157 ],,,,,, [ 6555647521 ], [ 575193353981 ],,,,
  ,,,, [ 1981102267 ],,,, [ 129170421889 ],,,,,,,,,, [ 1317706081 ],,,,,,,,,,,,,,,,,,,,,, 
  [ 1722563461 ],,,,,,,,,,,, [ 1630301917 ],, [ 11682370753 ], [ 217665824251 ],,,,,,,,, 
  [ 2467412671 ],,,,,,,, [ 2880091757 ],,,,,,,,,,,,,,,,,,,,,,,, [ 6870961831 ],,,, 
  [ 176794255591 ],,,,,,,,, [ 4536913291 ],,,,,,,,,,,, [ 272807864317 ],,,,,,, 
  [ 23506149631 ],,,,,,,,,,,,,,,,,, [ 253440145001 ],,,,,,,,,, [ 16086973787 ],,,,,,,,,,,,,,,
  ,,,,,,,,,,,,, [ 11783793169 ],,,,,,,,,,,,,,,,,, [ 1658398897, 4173783769 ],, 
  [ 7170199139 ],,,,,,,, [ 1560376507 ],,,, [ 1448831441 ],,,, [ 10230321781 ],,,,,,,, 
  [ 18976724309 ],,,, [ 1211245759 ],,,,,,,,,,,,,,,,,,,,,,,,,, [ 43751959721 ],,,,,, 
  [ 31341837983 ],,,,,,,,,, [ 1405402417 ],,,,,,,, [ 22627755551021 ],,,,,,,, [ 4150088801 ],
  , [ 30667371769 ],,,,,,,,,,,,,,,,,,,,,, [ 1337792429 ],,,,,,,,,,,, [ 1688530177 ],,,, 
  [ 8187775901 ],,,,,, [ 1729973767 ],, [ 2332343953 ],, [ 2708997526351 ],,,,,,,,, 
  [ 3351356443, 5267123025991 ],,, [ 3822724033 ],,,,,,,,,,,,,,,,,, [ 42187888681 ],,,,,,,, 
  [ 1209355093 ],,,,,,, [ 10051267021 ], [ 2308919777 ],,,,,,,,,,,,,,,,,,,, [ 20601502849 ],,
  ,,,,,,,,,,,,,,,,,,,, [ 4068996527 ],,,,, [ 1745715973 ],,,,,,,,,,, [ 6019012253 ],,,,,,,,,,
  ,,,, [ 589341244841 ],,,,,,,,,, [ 4416507691 ],,,,,,,, [ 1255140853 ],,,,,,,,,,,, 
  [ 12426201349 ],,,, [ 11272342693 ],,,,,,,,,,,,,,,,,,,,,,,,,,,,,,,,,,,,,,,, 
  [ 366089078323 ],,,,,, [ 3240584173, 19186069393 ],, [ 1290562921 ],,,,,,,,,, 
  [ 1574242801 ],,,,,, [ 1049732683 ],,,, [ 15826798051 ],,,,,,,,,,,, [ 409898897753 ],,,,,,,
  , [ 9874746001 ],,,,,,,,,,,,,,,,,,,,,, [ 1115934977, 7661363321 ],,,, [ 13461126641 ],,,,,
  , [ 19968481901 ],,,,,,,,,,,,,,,,,,,,,,,, [ 7918701379 ],,,,,, [ 27995679581 ],,,,,,,,,,,,,
  ,,,,,,,,,,,,,,, [ 2136543481 ],, [ 1310170009 ],,,,,,,,,,,,,,,,,,,, [ 1298904042647 ],,,,,,
  ,, [ 1098507451 ],,,,,,,,,,,,,,,,,,,,,, [ 286563690554442589 ],,,,,,,,,,,,,, 
  [ 1586360959, 4411450363 ],,,, [ 1501310081 ],,,,,,,,,,,,,,,, [ 1062114863 ],,,, 
  [ 2108118404701 ],,,,,,,,,,,,,,,,,, [ 46189349497 ],,,, [ 1582194281 ],,,,,,,, 
  [ 8751335041, 19649894881 ],,,, [ 93862587029 ],,,,,,,,,,,,,,,,,,,,,,,,,,,,,,,, 
  [ 24554251621 ],,,, [ 1539200124601 ],,,, [ 1021948263877 ],,,,,,,,,,,,,,,,,,,, 
  [ 2775025313 ],,,,,,,,,,,, [ 1189629101 ],,,, [ 939293345041 ],,,,,,,,,,,,,,,,,,,,,, 
  [ 1056249277 ],,,,,,,,,,,,,,,,,, [ 3127246321 ],, [ 24338278163 ],,,,,,,,,,,,,,,,,,,,,,,,,
  , [ 1135963401481 ],,,, [ 2989365233 ],,,, [ 443320380121 ],,,,,,,,,,,,,,,,,, 
  [ 2696070931 ],,,,,,,,,,,,,,,,,,,,,,,,,,,,,, [ 7110614809 ],,,,,,,, [ 5431058117 ],,,, 
  [ 1053582577 ],,,,,,,,,,,,,, [ 83226607411 ],,,,,,,,,,,,,,,,,,,, [ 1235345611 ],,,,,,,,,,,,
  ,,,,,,,,,,,,,,,,,,,,,,,,,,,,,,,,,,,,,, [ 158184760801 ],,,,,,,,,, [ 5076461441 ],,,,,,,,,,,
  ,,,,,,,,,,,,,,,,,,,,,,,,,,,,, [ 11028594571 ],,,,,,,, [ 40687829331007 ],,,,,,,,,,,,,,,,,,,
  ,,,,,,,,,,,,,,,,,,,,,,,,, [ 5696555833 ],,,,,,,,,,,,,,,,,, [ 1622447045101 ],,,,,, 
  [ 198123598597 ],,,,,, [ 2181473137 ],,,,,,,,,,,,,,,,,,,,,,,,,,,,,, 
  [ 29209187827, 87676099057 ],,,,,,,,,,,,,,,,,,,,,,,,,,,,,,,,,,,,,, [ 1513652124161 ],,,, 
  [ 49929653593 ],,,,,,,,,,,,,, [ 5962304783 ],,,,,,,,,,,,,,,,,,,,,,,,,,,,,,,,,,,,,,,,,,,,,,,
  ,,,,,,,,,,,,,,,,,,,,,,, [ 3294957373, 10104333541 ],, [ 1092202651 ],,,,,,,,,,,,,,,,,,,,,,,
  ,,,,,,, [ 6677345501 ],,,, [ 11133160786897 ],,,,,, [ 1481941861 ],,,,,,,,,, 
  [ 14671828001 ],,,,,,,,,, [ 1173346051 ],,,,,,,,,,,,,,,,,,,,,,,,,,,,,,,,,,,,,,,,,,,,,,,,,,,
  ,,,,,,,,, [ 2062109122261 ],,,, [ 42118006057 ],,,,,,,,,,,,,,,,,, [ 518080480237 ],,,,,,,,,
  ,,,,,,,,,,,,,,, [ 1977426410569 ],,,,,,,,,,,,,,,,,,,,,,,,,,,,,,,,,,,,,,,,,,,, 
  [ 1957184321 ],,,,,,,,,,,,,,,, [ 29493836369281 ],,,,,, [ 17285429669929 ],,,,,,,,,,,,,,,,,
  , [ 19629913380001 ],,,,,,,,,,,,,,,,,, [ 2990022097 ],,,,,,,,,,,,,,,,,, [ 1462279909 ],,,,,
  ,,,,,,,,,,,,,,,,,,,,,,,,,,,,,,,,,,,,,,,,,,, [ 3505438693 ],,,,,,,,,,,,,,,,,, 
  [ 8902335097 ],,,,,, [ 1443864973 ],, [ 1272281831 ],,,,,,,,,,,,,,,,,,,,,,,,,,,,,,,,,,,,,,,
  ,,,,,,, [ 1061722729 ],,,,,, [ 1144710937, 1326048001 ],,,,,,,, [ 1925893961 ],,,,,,,,,,,,,
  ,,,,,,,,, [ 39606463081, 191962765794313 ],,,,,,,,,,,,,,,,,,,,,,,,,,,,,,,,,,,,,,,,,,,,,,,,,
  ,,,,,,,,,,,,,,,,,,,,,,, [ 269584321393 ],,,,,,,,,,,,,,,, [ 1073684442881 ],,,,,,,,,,,,,, 
  [ 6211193353 ],,,,,,,,,,,,,,,, [ 106529149541 ],,,,,,,,,,,,,,,,,,,,,,,,,,,,,,,, 
  [ 28027133227963 ],,,,,,,,,,,,,,,,,,,,,,,,,,,,,,,,,,,,,,,,,,,,,,,,,,,,,,,,,,,,,,,,,,,,,,,,,
  ,,,,,,,,,,,,,,,,,,,,,,,,,,,,,,,,,,, [ 52557062101 ],,,,,,,,,,,,,,,,,,,,,,,,,,,,,,,,,,,,,,,
  , [ 2779265861 ],,,,,,,,,,,,,,,,,,,,,,,,,,,,,,,,,,,,,,,,,,,,,,,,,, [ 984412518841 ],,,,,,,,
  ,,,,,,,,,,,,,,,,,,,,,,,,,,,, [ 76785509569 ],,,,,,,,,,,,,,,,,,,,,,,,,,,,,, [ 12132112609 ],
  ,,,,,,,,,,,,,,,,,,,,,,,,,,,,, [ 1102549969 ],,,,,,,,,,,,,,,,,,,,,,,, [ 2066126941 ],,,,,,,,
  ,,,,,,,,,,,,,,,,,,,,,,,,,,,,,,,,,,,,,,,,,,,,,,,,,,,,,,,,,, [ 42518379847 ],,,,,, 
  [ 1635027049 ],,,,,,,,,,,,,,,,,,,,,,,,,,,,,,,,,,,, [ 9350322481 ],,,,,,,,,,,, 
  [ 3315644161 ],,,,,,,,,,,, [ 1097860609 ],,,,,,,,,,,,,,,,,,,,,,,, [ 1172821547818801 ],,,,,
  ,,,,,,,,,,,,,,,,,,,,,,,,,,,,,,,,,,,,,,,,,,,,,,,,,,,,,,,,,,,,,,,,,,,,,,,,,,,,,,,,,,,,,,,,,,,
  ,,,,,,,,,,,, [ 2471827849 ],,,,,,,,,,,,,,,,,,,,,,,, [ 60451131313 ],,,,,,,,,,,,,,,,,,,,,,,
  , [ 17335282033 ],,,,,,,,,,,,,,,,,,,,,,,,,,,,,, [ 5445718903 ],,,,,, [ 3062205049 ],,,,,,,,
  ,,,,,,,,,,,,,,,,,,,,,,,,,,,,,,,,,,,,,,,,,,,,,,,,,,,,,,,,,,,,,,,, 
  [ 1994873761, 18171975361 ],,,,,,,,,,,, [ 5607561961 ],,,,,,,,,,,,,,,,,,,,,,,,,,,,,,,,,,,,,
  ,,,,,,,,,,,,,,,,,,,,,,,,,,,,,,,,,,,,,,,,,,,,,,,,,,,,,,,,,,,,, [ 8835056231 ],,,,,,,,,,,,,,,
  ,,,,,,,,,,,,,,,,,,,,,,,,,,,,,,,,,,,,,,,,,,,,,,,,,,,,,,,,,,,,,,,,,,,,,,,,,,,,,,,,,,,,,,,,,,,
  ,,,,,,,,,,,,,,,,,,,,,,,,,,,,,,,,,,,,,,,,,, [ 14127105721 ],,,,,,,,,,,,,,,,,,,,,,,,,,,,,,,,,
  ,,,,,,,,,,,,,,, [ 7243126003 ],,,,,,,,,,,,,,,,,,,,,,,, [ 33120071161 ],,,,,,,,,,,,,,,,,,,,,
  ,,,,,,,,,,,,,,,,,,,,,,,,,,,,,,,,,,,,,,,,,,,,,,,,,,,,,,,,,,,,,,,,,,,,,,,,,,,,,,,,,,,,,,,,,,,
  ,,,,,,,,,,,,,,,,,,,,,,,,,,,,,,,, [ 979167812197 ],,,,,,,,,,,,,,,,,,,,,,,,,,,,,,,,,,,,,,,,,,
  ,,,,,,,,,,,,,,,,,,,,,,,,,,,,,,,,,,,,,,,,,,,,,,,,,,,,,,,,,,,,,,,,,,,,,,,,,,,,,,,,,,,,,,,,,,,
  ,,,,,,,,,,,,,,,,,,,,,,,,,,,,,,,,,,,,,,,,,,,,,,,,,,,,,,,,,,,,,,,,,,,,,,,,,,,,,,,,,,,,,,,,,,,
  ,,,,,,,,,,,,,,,,,,,,,,,,,,,,,,,,,,,,,,,,,,,,,,,,,,,, [ 22909157911 ],,,,,,,,,,,,,,,,,,,,,,,
  ,,,,,,, [ 4985004481 ],,,,,,,,,,,,,,,,,,,,,,,,,,,,,,,,,,,,,,,,,,,,,,,,,,,,,,,,,,,,,,,,,,,,,
  ,,,,,,,,,,,,,,,,,,,,, [ 2119302301 ],,,,,,,,,,,,,,,,,,,,,,,,,,,,,,,,,,,,,,,,,,,,,,,,,,,,,,,
  ,,,,,,,,,,,,,,,,,,,,,,,,,,,,,,,,,,,,,,,,,,,,,,,,,,,,,,,,,,,,,,,,,,,,,,,,,,,,,,,,,,,,,,,,,,,
  ,,,,,,,,,,,,,,,,,,,,,,,,,,,,,,,,,,,,,,,,,,,,,,,,,,,,,,,,,,,,,,,,,,,,,,,,,,,,,,,,,,,,,,,,,,,
  ,,,,,,,,,,,,,,,,,,,,,,,,,,,,,,,,, [ 140552218981 ],,,,,,,,,,,,,,,,,,,,,,,,,,,,,,,,,,,,,,,,,
  ,,,,,,, [ 41319248158189 ],,,,,,,,,,,,,,,,,,,,,,,,,,,,,,,,,,,,,,,,,, 
  [ 4517588461, 12149831677411 ],,,,,,,,,,,,,,,,,,,,,,,,,,,,,,,,,,,,,,,,,,,,,,,,,,,,,,,,,,,,,
  ,,,,,,,,,,,,,,,,,,,,,,,,,,,,, [ 228942469801 ] ]);
