BRENTFACTORS[290]:=MakeImmutable([ ,,,,,,,,,,,,,,,, [ 4533228977 ],,,, [ 16451586061 ],,,, 
  [ 2114699651, 13909812751 ],,,, [ 21022874109441772488675694801 ],, 
  [ 427188903100307274063681199 ], [ 1357762891777 ], 
  [ 44954098333, 242750059927, 19720700512987 ],, [ 40741268758582351 ], [ 2691177140629 ], 
  [ 191784835590427763 ], [ 2904220642708094737 ], [ 129129277791754423 ],, [ 1339270003 ],, 
  [ 23632505760496115144742901323768161359 ], [ 6408956141633 ], 
  [ 64261422526700341, 3827307764280843811 ], [ 357335114916054270491 ], 
  [ 111689623352013670949, 1554358037285803221067657, 2474491803692726525874514836863 ], 
  [ 3273719809 ], [ 711988858565027, 120253906289907875872649332708769111023 ],, 
  [ 32598859094588340909259190383 ], [ 48116894370637, 4752120587890261 ], 
  [ 9784833713, 73032454323583, 19464636671326953836173, 
      113373240605874680047184782273108703 ],, 
  [ 33682393041159296660174245541483939027365951 ], [ 3207483497 ],, [ 21548332408423 ], 
  [ 23854007810900680594705217, 39640286791032699213092282163359, 
      2253804672531523425251105007271442145991 ], [ 7191350972770681 ], 
  [ 14279956338236955109009223 ], [ 1847323132066417 ], 
  [ 37617134652358487136423313779875653 ], [ 223210436468993, 9774577743018343736449 ], 
  [ 6279249138241, 471453147677966103166455192428950694928935251 ],, 
  [ 397179405654623938675955133843962863013, 
      2605935914455872044996026122607006517234412338318145602131 ], 
  [ 56776720769, 807077943639694721 ], [ 68503636683337, 31045696938097381 ], 
  [ 42402389681, 232121135044636913741 ], 
  [ 17493993739, 140944568876417809789713859571, 5671716704392524572078419730607503 ],, 
  [ 76781489353, 25473355941026620567636090361706922625266694454645909893 ], 
  [ 17013647984394203, 263888779786927923689 ], [ 3296701501, 10466803360603534036801 ], 
  [ 59903068597, 23122855098102472939001 ], [ 25160546292716197413821 ], [ 28748143256197 ], 
  [ 3294544257023899518539 ], [ 17493297879857399671681 ], [ 264247827374846015049922453 ], 
  [ 25019630819, 1460718645313, 19563511148987737 ], [ 2419832299, 8671535177023 ],, 
  [ 1486854511, 7519175048201, 859969947367184738450241149985255718372962136091 ], 
  [ 1433856883367791 ], 
  [ 595260260983367485211902926319, 127283973019783684893646067090649253 ], 
  [ 1753218519655153, 665199138936727121 ], [ 2033451830008829813506670798571685142561 ], 
  [ 888441975792181 ], [ 2934458086467982255273 ], 
  [ 112107854077625058173, 411106173422365700713031091066202732741 ], 
  [ 722984463470508617383884419567018471666178076941589 ], 
  [ 679371458737, 128664367509752611942920342290648179027750061 ], 
  [ 168297991951, 1143052219023931468151, 12871629983184532364522266391626798392841 ], 
  [ 6987786869761 ], [ 220569274140349, 626994813511127363 ], 
  [ 6789042814429, 303560086177276774980709 ], 
  [ 2592980247727, 5932462808895306423473900616457071241 ],,, [ 1098010213, 3356111917 ],, 
  [ 10218373230775841, 231771675774396437430768224855044697 ], 
  [ 6426476491, 535779886552541821, 291711575622594294931 ], 
  [ 124010739841, 2134073801071824730385480671 ],,, [ 1010083228927 ],, 
  [ 1431356767, 897926084839925437 ], [ 98553704587297 ],, 
  [ 5114379493, 18626584489, 54818819452055563 ], 
  [ 112148947601, 17869709208894875762015264411 ], [ 112085987039717775279384996637141 ], 
  [ 747209643785112240075799 ], [ 1519084034111207 ],,,,, [ 124496739412039 ], 
  [ 528182744516510453, 21410133876153103267673915858325574912261559839228457 ], 
  [ 23131189617751, 616805894127251, 724430692103469062501 ],, [ 64789710110764857576091 ], 
  [ 112217211917441, 178704996414337, 4314847949915521, 145130711110087169 ], 
  [ 195434837021922132403 ], [ 699869026368461 ],, [ 716248230802917056965450114705189 ],, 
  [ 181271983385611, 31216389395947660197374107978349094090887971552695323 ], 
  [ 2950088311, 380897315427213861342136827203341 ],,, [ 158693629986956274787 ], 
  [ 3203662912459 ], [ 1334508797286977335326256381, 15833935526053744306318529881 ], 
  [ 7954181113 ],, [ 18315222635746609, 18683536984132879 ], [ 53886348334369 ], 
  [ 15726186956702339597881 ], 
  [ 64188976408472464160137, 
      891789727687286467922399140717869557668908630291812231281123339821118271269 ],,,,, 
  [ 1105496369 ], 
  [ 63855130841, 5717699642129, 28335488762730291673, 24971377433321939253817, 
      19358642983574305189796303046741081601936930577 ],, 
  [ 629981904553, 549781561855055430671, 5883977488490162395027, 
      8393470267062200018243993634198975237952351907 ],,,, 
  [ 59287158599, 7286984676274491479713728121 ],, 
  [ 151734920641, 884362840961, 48251958171133381440001 ], [ 27342324101 ], 
  [ 4250521692037733709903337491896164167199 ], [ 2093390419, 48705225315293 ], 
  [ 2356185674153 ], [ 405992630253875713858591, 682043016825351295684974361 ], 
  [ 19589957579931707, 2501551404262777811328121, 1056868944503870155787536127791141 ], 
  [ 111078183025447286801 ], [ 203840403649 ],,, [ 5540525595481284317976679 ], 
  [ 2604677701 ], [ 124458109921 ], [ 1714091635240437961 ], 
  [ 138700949280251, 96956673395411907608185901 ],,,, [ 1730382977 ],,, 
  [ 188496142658967053, 102060686754116053752309671611845931 ], 
  [ 337920544783, 36978871347505777 ], [ 1517908519863695833, 10762053428666957113 ], 
  [ 229751631146579107711991 ], [ 40193771776969, 43076182455724687314187 ],, 
  [ 622080369428317, 355389602343838842746581755109 ], 
  [ 173092797381928033, 946944499269887688765738313 ], 
  [ 206900267736781, 1120184231601542011 ], 
  [ 18816664871, 48396878419, 522627291523, 14822373054547, 511262877366371386511 ], 
  [ 5214699143012600346875331575617 ], [ 17354050867, 1807145601028393018697 ], 
  [ 11824228027, 182152832833, 12885901347911273874990888595307164079399009 ],,, 
  [ 475316906279 ], [ 971073623677335498087589299904381416781 ], [ 13407623290823126909 ],, 
  [ 129117520257073 ], [ 30884361795243263632729451 ], [ 243308504214511 ], 
  [ 190082993676469 ],,,, [ 21507881446463841313375175569 ], 
  [ 7609326341, 1689378553416559583095783, 1598446823798640614395928563 ], 
  [ 2216804755955159890004061381845815970495252611 ],, [ 27400689346861 ], 
  [ 645436528573, 75030287124812689 ], [ 5193798304725938408807927 ], 
  [ 34605509041, 273675076007634694391 ], [ 4007376630270612250899293953 ],,,, 
  [ 64844343055276508718721, 641251226212425080635738368421 ], [ 8490366509 ], 
  [ 4908064704541 ], [ 299490202709023, 437946111826119361867 ], 
  [ 4217767681, 855851131297, 997363857953, 4482889214273 ], [ 6676470256524301 ], 
  [ 41615129909426834939903 ], [ 11107282026447067 ], [ 998850747517014174509445870649 ], 
  [ 717427715045252203 ], [ 3910939164534823485605028769497361 ], 
  [ 5793869929, 23143270459, 49197315076141, 4034873530433834089, 
      335825506659279089460294211 ],, [ 1010941500227, 1898656049566788761791565442481 ], 
  [ 2470707721, 1378172415504260553139 ],, [ 111082740965197, 1276441344889336877 ], 
  [ 23541841384019428662949 ], [ 1029028970756587550382389 ],, 
  [ 1075371110641, 534599156255520224161 ], [ 91590312443118329, 927042085467169443902636743 
     ],, [ 1330323913, 42083691589 ],,, 
  [ 960468127813090087, 9440621759238584552526065958379 ], [ 2450222711, 10283104848199 ], 
  [ 7149057390558151769 ], [ 7182323700295339 ], [ 1366802184001, 917396520718330049460251 ],
  [ 3071232487, 471622219487, 2880461135388943, 14456402245547127084232918979 ],, 
  [ 31607085071, 55256382017, 210416774323109663, 7782061698477418347997 ], [ 12557459011 ], 
  [ 474414853531, 251586829657423531, 3283724656776409842631 ],, [ 254344359387033011 ],, 
  [ 2270894923736005540331 ], [ 106924949041, 64008335857599121, 136108735022161201 ],, 
  [ 1677895795613 ], [ 1820821589, 3609249467 ], [ 1010277995375617, 643488502720218856537 ],
  [ 94295388311 ], [ 47369098686421 ], [ 107969992869650161 ], 
  [ 41748780041, 2512262308640076767110377593, 31131671593559345009214492781, 
      64460199090839637179176866401 ], [ 727486844422638308609, 6253098347273223655229807 ], 
  [ 1278865261, 3830708491522110537800334121 ], [ 118250944166539, 54814058836814715329 ], 
  [ 719167263922891249, 149124694549737487837898449 ], [ 5251249339519 ], 
  [ 3680500891, 71958111257, 117706055996329, 20473729425377771 ], 
  [ 3873054901, 9093513551, 651459461578201, 2485495030179374422771651 ], [ 4014120323341 ], 
  [ 3443075612647927710607 ], [ 64125283067281063 ],,,, [ 2394051087940437031275811 ],, 
  [ 24728258857, 548826828433728822060713519777 ], [ 1588900081, 7157501401 ],, 
  [ 1969807505677859 ], [ 25396729816033, 199950479705565151696215937 ], 
  [ 8586781873, 5915457373476853 ], [ 90727964863358479171 ], 
  [ 17258099282101, 3089551503232351837969 ], 
  [ 763953601125137, 107914487108201305926517348829 ], [ 5804777035961 ],,,,, 
  [ 259273929708613337755609 ], 
  [ 172035022673593, 252354571297402757, 4538647896607510291763, 2473811058080327162944969 ],
  [ 66382452959101 ],, [ 1293698843 ], [ 41665775155200211 ], [ 7679932849 ],,, 
  [ 13016012239, 5244125951396644451, 68222992558207156963 ],,,, [ 2066856241, 62036932127 ],
  [ 7596146377, 1960775788297, 1226732328512149369, 2566066914456285430188361819873 ],, 
  [ 45341827337 ], [ 250620483961 ],,, [ 5373731808644203 ],,, [ 179086384069 ],,,,, 
  [ 6751725549618859 ],,,, 
  [ 627643084196319830320441, 2304385159561532971097187033901, 
      95971053041223712470905419729027432051 ],,,, [ 5083615695106339649 ], [ 10090371521 ], 
  [ 14180115601 ], [ 1806454801, 460439472533 ],,, 
  [ 44971428041, 4186416295219130110301, 95883143039351671076248801534636241 ], 
  [ 12075556713617 ], [ 225204087143593 ], [ 109411808052984949 ], 
  [ 6468585496957704710873, 7187920102841246572081 ], [ 1439208026461, 6017757004471 ], 
  [ 841708323191 ], [ 638627454181 ], [ 3657664365448282249 ],, 
  [ 145676125351, 276995022469314734179211401 ], [ 127387918848529 ], 
  [ 39082526209, 11526722085048193 ],,,, 
  [ 16335452277513665512192469, 20708202119956561922230789 ], [ 1763874883 ], 
  [ 200957872196541704063 ], [ 11261206777 ], [ 1533718230819259219201 ], [ 23546713029403 ],
  [ 810366666912877, 1367656587878068339, 20505979637277807892744013 ],, 
  [ 16577813981, 1185275426307361003889 ],, 
  [ 493989848563234996033, 90874917723924931933522566342152723749 ], [ 3111658613765459 ], 
  [ 119875028666139578129, 3615190326529285187865329 ],, [ 244753668001, 20371281691743041 ],
  , [ 201042862717, 1585450734853, 52879562200588813 ],, [ 6612946451 ], 
  [ 88255700251, 47372500529251, 812852604065251, 46035046704846751, 
      973542920867725122548251 ], [ 1582248692647067628599574617 ], 
  [ 943780754957, 4590850600597 ], [ 217788196322584567 ],, [ 248787380883901 ], 
  [ 19446453409531 ], [ 7985347832074072944653718509 ], [ 1178971662703 ], 
  [ 108445079834919169, 61387148650522956673 ], [ 7565547991 ], [ 1347515047861163998507 ], 
  [ 32158566091, 759283478427263851 ],,, [ 35368740009331 ], [ 7361942719 ], 
  [ 1022195912497033, 5657674472494727054265097 ],, [ 37819079745470499131477 ],, 
  [ 64033974973, 77631208381 ], [ 2148957675523 ],,, [ 624679251431887681202801 ],,, 
  [ 401858442857 ], [ 1281730308946375103870995301 ], [ 1314758754604612711 ], 
  [ 28516029232013, 1171134127758841 ], [ 802428702659 ], 
  [ 407658208381283277673, 1015158116517497158081878459073 ],, 
  [ 3926056681, 29966342401, 111473524861 ], [ 1167288562130797 ], 
  [ 19222007767666973392589 ],, 
  [ 2314793529342652339, 2631133782232368607, 13054665832949069750629693 ], [ 1188001411 ], 
  [ 883910203073, 441610766595233, 2659004078560332673, 482349184370324140270686689 ],,,, 
  [ 3340881113276002801, 1833390213756772710161947021 ], [ 5412964559 ],,,,, 
  [ 1608349752974260086313 ], [ 21824537405287 ], [ 1765699717213 ], 
  [ 37009316917, 7698533579881 ],,, [ 4083486481, 4795975450369 ], [ 664358406259 ],,,,,,, 
  [ 1437911201, 65502968126613601 ],,, [ 25621401778429 ], [ 10157772228277 ],, 
  [ 1361916576953 ],, [ 5814971981598977 ],, [ 180263476887678392534870851 ],,,, 
  [ 25407738179132471, 3938515349841552397, 805177828839989236949 ], [ 5608872166171 ],, 
  [ 48406266257 ],,, 
  [ 97394731660996523101, 6851951577191748685081, 121002512413228835808312581 ], 
  [ 40229416649759 ], [ 5786970883 ],,,, [ 837971586406517, 200679147922979951 ], 
  [ 1296923314307 ],, [ 30292575816741869 ], [ 2572575319231, 2347783947472570301 ],, 
  [ 4788635130398346689658137, 5233603957577868836833921 ], 
  [ 1974616073, 93027992069, 12842349262139 ], [ 480770144173872073 ], 
  [ 4527863325901, 770318313983951 ],, [ 3009477907 ], [ 30551119051, 83287550341927 ],, 
  [ 16687247945492851201 ],, [ 339766571801, 1635896095535379323, 211391297800875467021 ],,, 
  [ 2036621520551 ],,,, [ 5023357147, 18246670207 ], 
  [ 84777794721551, 370004324979121988010585165311 ],, [ 19489141393, 13168653608713333 ],, 
  [ 14469063883, 23248611497437, 20994574145755020781248409, 
      282243346388533986262221375451219 ],, [ 32159538290397966204257 ], 
  [ 168461645899, 10136982724471 ],, [ 114859163187259 ], 
  [ 724504638074501, 1669546579357493838344098001 ],, 
  [ 1292494883, 15200192428471747749711435167, 148283003470631797607303837571277 ],, 
  [ 24772548556850977 ], [ 20730401501 ], [ 4634575441, 47223585971 ], 
  [ 20901662107, 1238319436537 ], [ 4454458961, 68737022744833313789 ], 
  [ 57082692919961, 1105035435513721 ], [ 18245122683287733337771 ],,,, 
  [ 11237517751, 276834657079 ], [ 111840579611 ], [ 2217427441, 40447083121, 193687502017 ],
  , [ 240501428178996681142592756149 ], [ 30602546437 ], [ 519962108641, 1600711839481 ],, 
  [ 336046700251, 546194796571, 131415517572025699, 53788523164502055131959453 ], 
  [ 60890044430221 ],, [ 445371927001 ], 
  [ 599459314793, 406300171754964096647, 623782094777561472066464535607 ], 
  [ 1578330623187113 ],,,,,, [ 2374198289269 ], [ 5342576613663031441 ],, 
  [ 24506949168241, 192745886719347731787257, 835553211034408587206177, 
      9781009173082431951900577 ],, [ 91086845561864409211 ],,,, [ 21615607412182553813 ],, 
  [ 22270065880033 ], [ 28250403091 ], [ 1660422732151 ],, 
  [ 953553547282604329, 2372411728969658453401 ],, 
  [ 19259902751, 68028640801436819954870271919906301 ],,, [ 97728043519 ],, 
  [ 37110335851, 248386650604111 ], [ 8791503899201741 ], [ 6163509829391 ],,, 
  [ 361444967291943899911681 ],, [ 935928265171 ],,,, [ 1359282961, 11377297177859 ], 
  [ 3466160587, 10992567349, 47837412379 ], [ 554165384177, 3126655974173135969273 ],, 
  [ 6544488061, 58635841291, 563216119240561, 65987824677270128855281 ], 
  [ 728481637837, 59190160007851517 ],,, 
  [ 47770963472387, 47775741430019, 632596095470134200749 ], [ 13195323101 ], 
  [ 54466267969, 3181621902762817, 3489048832563963649 ],,,, 
  [ 4552397555161, 14954113400041, 13139510587279061 ], [ 2810580284228669 ], 
  [ 1077477553, 11643894827168799457543, 30723031283367825618201521479 ], [ 7595518858423 ], 
  [ 10993293089, 17629949775758380121357369 ],, [ 89763013559237 ],, 
  [ 2752359793, 7192197860197934739953801930977 ], [ 4397600047 ], 
  [ 209875575196891123814922601 ], [ 4202153023, 15184087837 ], [ 91065127749519290417 ], 
  [ 4514390184149 ], [ 175970799973, 11028728566227629976536766961 ], 
  [ 146643765451, 97488157618321, 124526350840571 ], [ 372161053013, 18477211371606817 ],, 
  [ 11160427787177719066631227367 ],, [ 13641369601 ], [ 7203158089, 729680212171 ],, 
  [ 4906667392002829 ],,, [ 6148748707879 ],, [ 21287976104110567630913 ], [ 12739454197 ], 
  [ 19583299453561 ],, [ 34842386346409 ],,,, [ 60810275681 ],, [ 6000110878423 ], 
  [ 9395296199936429 ], [ 174064826823307481, 20798480806099174741 ], [ 1289444920399 ],,, 
  [ 59500614260781852181921, 999451729679579991722920273 ],,,,, [ 3487725005969501197 ],, 
  [ 184402896079 ],,,, [ 1378652311, 2030417581 ],,, [ 2061766543, 96906862876927093 ],, 
  [ 5742974728321 ],,,,,, [ 547700856379 ],,,, [ 17090244405614251 ],,, [ 385616895803 ],,, 
  [ 6780604273 ], [ 4368692404099 ], [ 124660665553187 ], [ 2716419089, 2064367437703 ], 
  [ 438117606764145931261 ],,, [ 7852615981636873390243 ], [ 115133406841 ], [ 20432623751 ],
  [ 5811583933 ],, [ 99593325005201 ], [ 8209014007 ], [ 2949202651 ],, 
  [ 2106328897, 11946043044625229716011361 ], [ 1225936801 ], [ 82147713121, 681900886817 ], 
  [ 249289951510351 ],, [ 265544476081 ],, [ 106375658579 ], [ 810879780052674601 ], 
  [ 1410271152751, 58568839501687, 523610663788213 ], [ 3261435993411498563 ], 
  [ 270183407561 ], [ 1110308473, 6656742721, 159656453713 ],, 
  [ 1685613067966703, 830942497493151541 ], [ 21717874063 ], [ 8956006289, 682204701392369 ],
  [ 1720977311 ],,,, [ 13281555673 ], [ 148616951323 ],,,, [ 65737014100609 ], 
  [ 159207070951 ], [ 4484554901 ], [ 42214035774397, 4863929549446813 ], 
  [ 13611721714651477 ],,,,, [ 2677373651 ],,,,, [ 725715569281 ],, 
  [ 7515846257053, 293740634637409 ], [ 41876260241531 ], 
  [ 4625118709, 13071860209, 38532936917 ],,, [ 2742463007 ], [ 4825036661425921 ],,,,,,, 
  [ 2791050419, 2613637861146821 ], [ 3408621217 ],,,,, [ 154834917821 ], [ 255355065513283 ]
   ,,, [ 33642082211 ], [ 1031225901661 ],, [ 100199535721 ],,,, [ 1111037416687417 ], 
  [ 10890377419661 ],,, [ 1784889569 ], [ 2048127019 ],, [ 10725951727, 292728674687 ],,, 
  [ 389483536157 ], [ 7937462341271 ],,, [ 5367747439, 670163881729 ], [ 59863278150391 ], 
  [ 570846289306361 ], [ 69131734559 ],, [ 62884746484097581 ],,,,, [ 858473016683521 ],, 
  [ 3435007786981, 5219487785051 ],, [ 3523814110601 ],, [ 210878163935191 ],,,, 
  [ 4511002712779 ],, [ 68392763401 ],, [ 96016897124119273 ],,, [ 3031951031 ], 
  [ 125595785504131, 9483100783468051 ], [ 2134721761 ],,, [ 200155824371 ], 
  [ 149064541669 ], [ 1036384273, 2714026362339601, 357029973677692937161 ], 
  [ 208698097618177259 ], [ 8223616007 ],, [ 2923505021 ],,, [ 34102731935273 ],,,, 
  [ 10690814377, 97299351007 ], [ 159815416777 ],, [ 3764666413 ], [ 3074787323416033 ], 
  [ 12216612713521 ],, [ 716956269685021 ],, [ 5520707453327081 ],, [ 18693188568577843 ],,,,
  , [ 168735524756527 ],,, [ 96964868940631 ], [ 5370896768052947 ], [ 541106583529 ], 
  [ 496340197651 ], [ 5558327995249 ],,,,,,,, [ 705318310811599, 4625428449874454617 ],,,,, 
  [ 6416373317, 59145283187 ], [ 635331923381401, 1090460896744801 ],,, [ 154298510059 ],,, 
  [ 1176094819 ],,, [ 15402765232411 ], [ 487507118101 ],,, [ 211424027257 ],, 
  [ 178748172451, 77220771324841 ], [ 5442542316649, 166667247747821017 ], 
  [ 37235191387, 190609169939 ], [ 1277069509, 16338696474602503 ],, [ 8970485455622921 ], 
  [ 1634692879 ],,,, [ 260409521551 ],, [ 2386244101 ],,,, [ 18182983807, 77393504666843 ], 
  [ 165039416593, 3418611946369, 5217085908449 ],, [ 596676359063 ],,,,,, [ 9392671201 ],, 
  [ 21510737263, 2286408491153263, 7095519226416238211413 ],, [ 1682052217, 162133470253 ],,,
  ,, [ 1215683379653 ],,,, [ 4843324997317 ],,,,, [ 808278292261109 ],,,,,,, 
  [ 2135392136411 ],,,, [ 23975774838010837 ],, [ 219268000652237 ],, 
  [ 17836535993, 27704099216531 ],, [ 13052853811, 19469983051 ],,, [ 4560175099 ], 
  [ 311448561467, 11213640374383541 ], [ 12933102401 ], [ 1089590893 ],,, 
  [ 352512366661835689 ], [ 221836646851 ], [ 3445519139, 16594723237403 ], 
  [ 78824040229117 ],, [ 567003347486057 ], [ 5563826173907641 ], 
  [ 37663079917, 146439193632457237 ], [ 5487722249, 534842147381 ], [ 865801318771 ],,,,, 
  [ 41614610129 ],, [ 196786060621 ],,, [ 29084518324357 ],, 
  [ 32277841471, 1241416488691, 6900123247291 ],,,, [ 1358744533099487 ],, 
  [ 43202391283, 175371049393 ],, [ 350176857581 ], [ 11833854841 ],,,, [ 289714625056897 ],,
  , [ 6551837118387101 ],, [ 45629630107759 ],,, [ 447928387810111447 ], [ 453392832131 ],,,,
  ,,, [ 3300704837, 3745787349934633 ],,, [ 262965153577639, 1074524373708623329 ],,,, 
  [ 31225383840602467 ],,,, [ 254933043073661 ],,,, [ 1044955556947 ],,,,,, 
  [ 74483921801998351 ], [ 1694335441 ],,,, [ 6438408378001 ],, 
  [ 46302874909, 12688333816603, 90131700870553 ],, [ 929067213001 ],,,, [ 52121809153 ],,,, 
  [ 1924730897 ],,,,, [ 39227760613 ],, [ 13030556249 ],, [ 1912596419 ], 
  [ 748428148763, 4260059688189314969 ], [ 2596148941, 2021523159811 ], [ 12008011547140097 ]
   ,, [ 64062658189, 45467205379741 ],,, [ 1639219639 ],,,,, [ 6850205848201 ],,, 
  [ 3824491259 ], [ 208065347857 ],, [ 1408704961 ],,,,, [ 2531331234301 ], 
  [ 17929765659607 ],, [ 26300776729, 255995689409, 352670108393 ],,,,,, 
  [ 7452976291, 1743151410523 ],,,, [ 28953217421, 125870596197487 ],,,, 
  [ 16118064481712887 ],, [ 3092147648521 ],,,, [ 76065806221, 2026428278341 ],, 
  [ 1070364871 ],, [ 43060988977 ], [ 148628582197 ], [ 163514962033 ], [ 17112862651 ], 
  [ 3442673837 ],, [ 69652554203 ],, [ 1669821001561, 13293870702121 ],,, [ 2399626927 ], 
  [ 401107878313, 4762161048917 ],,, [ 7705260373 ], [ 103702650124289 ],,,, [ 5669750269 ], 
  [ 2627309681 ], [ 6104710357 ],,,,,, [ 852564575501 ],, [ 123747363167, 1214919213653 ],, 
  [ 3763198177, 225363117937 ],,,,,, [ 674924727742309837363531 ],,,,,, 
  [ 4132598602789, 68793640148449 ],,,,,,,, [ 2113815757 ],, [ 3538001450684971 ],, 
  [ 38166180921268273 ],,,, [ 14751572708329 ],,,,,,,,,,,, [ 49265830778737 ],, 
  [ 23265542397883 ],,,, [ 32977860001 ],, [ 40116987649 ],,,,,, [ 1791196717, 13088276473 ],
  [ 40690841903 ],,,,, [ 7092556969 ],, [ 9616664565509 ], [ 229237215307 ],,, 
  [ 28108260181 ],,,,, [ 54934523551 ],, [ 5752490987 ], [ 1875330059, 5102951107 ], 
  [ 94020368941 ],, [ 251859441157 ], [ 10474030597 ],, [ 22442984033, 3585012624257 ], 
  [ 1643969461, 1835602921 ],,,,, [ 429680573281 ],,,,, [ 6215512871 ], [ 3356498199913 ],,,
  , [ 863990895601, 3425910919201 ],,,,,, [ 3442560769 ],, [ 12278914233317989193 ],, 
  [ 6717211701091 ],, [ 31572316428361 ],,,, [ 30596359681 ],,, [ 8106347563 ],,, 
  [ 394579703857 ],,,, [ 11818343309 ],,,,,, [ 2064186433, 405170439521 ],,,,,, 
  [ 438421796653, 377335136722091, 338888934073489771267 ],, [ 295826164771561 ],, 
  [ 208959493879 ],, [ 10126062138253 ],, [ 1094576747461 ],,, [ 353460490213 ], 
  [ 187563367501, 3946954975001 ],,,, [ 28166048991433 ],, [ 163766295569, 128202442183649 ],
  [ 40348913119 ],,, [ 3207990241 ],,, [ 2448280033 ], [ 290252451457 ],,,,,, 
  [ 1945050891451 ],, [ 81907299493057 ],,,, [ 1296850136112389 ],,,,, [ 1301944351 ],,,, 
  [ 2246470411, 3373879706201 ], [ 1515897593719 ], [ 2745361477, 4677006907 ], 
  [ 23765572089001 ],,, [ 3838747189 ],,,,,,,,,,, [ 2536403299123 ],,,, [ 5218628423 ],,,, 
  [ 8734830806561 ],,,,,,,,,,, [ 674401686169 ],,, [ 1089654649 ],, 
  [ 232238398858363, 1165998850434133 ],,, [ 24100184347 ], [ 24679964527361711 ],,, 
  [ 170931144529 ], [ 181462482050077 ], [ 310339776421, 1637854463461 ],,, [ 6522530569 ],,,
  , [ 13942513069 ],, [ 3470180594497 ],,,,,, [ 3649091988040201 ],,,, 
  [ 6736194683, 3785085918221 ],,,,,, [ 114721682081 ],, [ 374274030199 ],,, [ 2572028551 ], 
  [ 185328706012436149 ],,,,,,,, [ 1372590277 ],, [ 208626276221388929 ],, 
  [ 2176358811719, 33315631239203 ],,,,,,,,,,,,,,, [ 10161703763 ],,,, [ 20280408259 ], 
  [ 6600788413, 20566823791 ],,,,,, [ 19157321176813 ],,,, [ 8766117889 ],, [ 8382314641 ],, 
  [ 23010137685061 ],,,, [ 12102914939209 ],, [ 2848847081 ],,,, [ 2050872579127 ], 
  [ 1695712259 ], [ 110799128849 ],, [ 12284936428033 ],, [ 34236138300421 ],,,,,,, 
  [ 18757338461 ],,,,, [ 870777277921 ],, [ 1844354466739 ],,,, [ 123681795271 ],, 
  [ 1040321253183137, 9955487268017777 ],, [ 3352755251 ],,,,, [ 2906656411, 9856167091 ], 
  [ 257529152609 ],,,, [ 59221274821 ],,,, [ 5623164639193 ], [ 4735682821 ],,,,,,,, 
  [ 49610024287 ], [ 6871207552067 ],,,, [ 2394426511, 16171544299843 ],, [ 10247010881 ],, 
  [ 457455963199 ], [ 7584005647 ],,, [ 3812646547 ],,,, [ 2304334669151 ],, [ 51658952797 ],
  , [ 31509316567569601 ],,, [ 35844712909 ],,,,,,, [ 62540452993 ],, [ 152135589897037 ],, 
  [ 1481753261, 107908990489 ],, [ 673186963004981 ],, [ 891860867353 ],,, [ 2661803491 ],,,
  , [ 905152851233 ], [ 1254612415618241 ],, [ 122215539167 ],, [ 5049253148617 ],,, 
  [ 8024275057 ],,,,, [ 12939899704829 ],, [ 3578998411, 54938158486693 ],,,, 
  [ 79276187146859 ], [ 7096159711 ],,,,,,, [ 66010710888257 ],, [ 1047248317, 131347134361 ]
   ,, [ 140613492101 ], [ 219232407571 ],,,,,,, [ 1763640421 ],, 
  [ 14234218441, 756648617401 ],,,, [ 1974012084311833 ],,,,,, [ 630303194711 ],,,,,, 
  [ 995424998873 ],,,,,,,, [ 2649033916849 ],, [ 5056347868261, 3452514506165531 ],, 
  [ 14980519539169 ],,,, [ 4372388201, 35262007206988481 ],, [ 598908995807 ],, 
  [ 86915718121 ],, [ 10321309370969959 ],, [ 63941093980801 ],,, [ 1111337459 ],,,,,,,,, 
  [ 3070299386701 ],, [ 68068048369 ],,,,,,,,,,,, [ 35634946858351 ],, 
  [ 18827365789, 230827494041 ],,,,,,,, [ 4823544773 ],,,, [ 9399517321 ],,,,,,,,,, 
  [ 1117296547951, 1264074685501 ], [ 1164757387, 4469653241 ],,,,,,,, [ 17502785119 ], 
  [ 2304236041, 333491647781 ],,,, [ 41410051073 ],, [ 4282897823, 4867473899 ],,,,,, 
  [ 11451237073, 4807169791601 ],,,,,, [ 201501137274416809 ],,,,,, 
  [ 1093682221, 5682048711961 ],, [ 19143486367 ],,,,,,,,,,,, [ 2163431989 ],, 
  [ 18897114637901 ],,, [ 649938390037 ],, [ 2596125071 ], [ 1428094307, 5367142356577 ],,,,,
  , [ 1566495752113 ],, [ 261174371683 ], [ 28315696151 ], [ 2398370833, 3262941397 ], 
  [ 1758087811, 11136294293743 ],,,, [ 1680948889 ], [ 1137739177, 460388056591 ],, 
  [ 103088705693 ],,,, [ 716108620609 ], [ 1030646527 ], [ 1131402513161 ],,,,,,,, 
  [ 86672409080753 ], [ 10156539073 ],,,,, [ 35781932273, 4779461866001 ],,,,,,,, 
  [ 7939062797605393 ],,,, [ 24701806529, 8422865773601 ], [ 37218488833 ], 
  [ 6603269509, 888575516593 ],, [ 245580253601 ],, [ 53540440351, 8408400556763 ],, 
  [ 6650214915457 ],,,,,, [ 44882750221 ], [ 2974823083 ],,,,, [ 98842641041377 ],,, 
  [ 3047192173 ],,,, [ 1107260831 ],,, [ 1297816547, 1228283773297202131 ],, 
  [ 7343831424973 ],,,,,, [ 70464477253 ],, [ 11676507431088961 ],,, [ 72180745917211 ], 
  [ 175707822601, 13197988686601 ],,,,,,,, [ 66579594577 ],,,, [ 284537621533897 ],,, 
  [ 1656710221 ],,, [ 1140151429, 83825245729 ],, [ 18152627221 ],, 
  [ 22799125103, 39902378906822153 ],,, [ 80190978151 ], [ 342708427601 ],,,, 
  [ 1052792867671 ],,,, [ 1245943039217003 ],,,,,, [ 11967089521 ],,,, 
  [ 610779904981, 885356105761 ],,, [ 1085515147 ],, [ 117798066733 ], 
  [ 7747994251, 21566751105001 ],, [ 22013105353, 44664263597, 254927231437 ],, 
  [ 2998063580303413 ], [ 4201271547971 ], [ 6990991489 ],,,,,,,,,, [ 21572014291 ],, 
  [ 56977917197, 569188428838406521 ],,,,,,, [ 34497416251 ], [ 8091174869 ], [ 3170954999 ],
  ,, [ 35331012961, 161637344681 ],,,,,, [ 4485645427 ],,,,,,,, [ 60848532319 ],, 
  [ 41030388001 ],, [ 13396169411 ],, [ 3866837711701 ],, [ 105970279969, 708853738123 ],,,,,
  ,,,, [ 31657431079 ], [ 1454301617 ],, [ 84306149401 ],, [ 9215256829, 744506111333 ],, 
  [ 1890563011, 7558059293 ], [ 1610428639 ], [ 59420549761 ],, [ 3204397480027 ],,,, 
  [ 40229105437 ],, [ 2220949961, 35656063753 ], [ 23662236679 ], [ 42390079961 ],,,,,, 
  [ 38300716046561 ],, [ 1379653980393547 ], [ 3200916713, 125642612327 ],, 
  [ 38955221707, 1327360280149 ],,, [ 59230130257, 180434270953 ],,,, 
  [ 42935700473, 590418299249 ],, [ 2506853120851 ], [ 8539011937 ], 
  [ 1649992417, 2634188512474081 ], [ 5306488489 ], [ 5170028027 ],,, [ 59948037341 ],,, 
  [ 12545729779185961 ],,,,,,,,,, [ 340925442001 ],,, [ 1624236737 ], [ 1713784096459 ],,,,,
  , [ 5850250561 ], [ 2800204376131 ],,, [ 216623182849 ],,,, [ 390980290009 ], 
  [ 3887277733, 32121721477 ],,, [ 332186718793, 30993236327377 ],, [ 116221781513 ],,,, 
  [ 9307377307, 6786765145297 ],,,,,,,, [ 242932668151 ],,, [ 622390908133 ],,,, 
  [ 2888083309 ], [ 1035979447 ], [ 145700325811 ], [ 3007874017 ],,, [ 6277478839 ],,,,,,,,,
  ,,,,,,,,,,,,,,,,, [ 17807217871 ],,,,,, [ 1952400227 ],,,,,,,,,,,,,,,,,,,,,,, 
  [ 6250372321, 15377113021 ],,,,,,,,,,,,, [ 214363905127 ], [ 92289468457 ],, 
  [ 4611164911 ],,,,,,,,,,,,,,,,,,, [ 2156962879 ],,,,, [ 15431443189 ], [ 5325240061 ], 
  [ 1321046282609 ],,,,,,,, [ 13757672629 ],,,, [ 594050392433 ],, [ 48281521531 ], 
  [ 25112121677, 26248596763 ],,,,, [ 2504515537 ],,, [ 85902449623 ], [ 2300750381 ],,,,,,, 
  [ 162426733361 ],,,,,, [ 2018230813 ],,,,,,,,, [ 25330305491 ],,,,, [ 18519277349 ],, 
  [ 2076709051 ],,,,,,,,,,,,, [ 277065125383 ],,,,,,,,,, [ 272757609473 ], [ 11399205229 ],, 
  [ 2620382221 ],,,,,, [ 1689553631 ], [ 4537256254021 ],,,,, [ 231552233917 ],,,,, 
  [ 3233326853 ],, [ 2122406821 ],,, [ 2351026519 ],,,,,,,,,,,,,,,, [ 1880034157 ], 
  [ 5650728749 ],,,,,,,,, [ 1201180412749 ],,,,,,,,,,,,,,,,,, [ 16995950567 ],,, 
  [ 1005566921 ], [ 1254406831 ],,,,,,, [ 13345287233 ],,,,,, [ 42763422413 ],,, 
  [ 1226128741, 3494099669 ],,,,,, [ 10005876571 ],,,,,,,, [ 788603934241 ],, [ 5488879043 ],
  ,,,,,,, [ 1767317261 ],,,,, [ 238186784221, 1902747958651 ],, [ 1834812449 ],,,,, 
  [ 5777754613 ],,,,,,,,,, [ 55090733699 ], [ 2425587433 ],,, [ 1617145237 ],, 
  [ 3657724061 ],,,,,, [ 1983355051 ],, [ 8464962361, 8572105079449 ],,,,,,, [ 474286431901 ]
   ,,,,,,,,,,,,,,,, [ 2070811993 ],, [ 4149651689 ],,, [ 142164775003 ], [ 544089557611 ],,, 
  [ 1181549499607 ],,,,,,, [ 4805993501 ],,,,,, [ 14055191113 ],,,,,,, [ 1260019916437 ],,,,,
  ,,,, [ 980897149681 ],,, [ 75301800601 ],,,,, [ 1599601351 ],,,,,,, [ 118523598829 ],,,,, 
  [ 31493629301 ],,,,,, [ 5378835809 ],,,,,,,, [ 4037957449 ], [ 422059584913 ], 
  [ 37234269671 ],,, [ 2445676957 ],,, [ 3229523597, 9605247497 ], [ 2544770671 ],,,,, 
  [ 1198483651, 826136472001 ], [ 11658269737 ],,,,,,,,, [ 3908602981 ],,,,,,,,,, 
  [ 216060039001 ],,, [ 23854350269 ],,,,,,, [ 15822603361 ],,, [ 26702832547, 83292796159 ],
  ,,,,,, [ 190743770761 ], [ 25503685013 ],,,,,, [ 129950656859 ],,,,,, [ 5690470381 ],,,,,,,
  ,,,,, [ 1349584211 ],,,,,,,,,,,,,,,,,,,,,,, [ 1568613439 ], [ 26728901027 ],,, 
  [ 2001475904599 ],,,,,,,, [ 1662107851 ],,,, [ 12030407573, 14907486019 ],,,,,,,,,,,,,,,, 
  [ 22426274891 ],,,,,,, [ 84569527543 ],,,,, [ 2282180743 ],,,,,, [ 178361057297 ],,,,,,,, 
  [ 22723860149 ],,,,,, [ 20387518253 ],,,,, [ 1471010179 ],,,,,,,, [ 7695348781 ],,,,,,,,,, 
  [ 2446158751 ], [ 3995170141 ], [ 1355705383 ],,,,,,,,,,,,,,, [ 7049397611 ],,, 
  [ 16901460071 ],,,,,,,,, [ 5303121949 ],, [ 1422529697 ],,,,,,,,,,,,, [ 2174868951989 ],,, 
  [ 485175122753 ],,,,,, [ 4928521573 ],,,,,,,,,, [ 925124753281 ],,,,,,,,,,,,,,,,,,, 
  [ 1232356337 ],,,,,,,,, [ 1240837193 ],,,,, [ 1588964440977271 ],,,,,,,,,,,,,,,,,, 
  [ 83907413437 ],,,,, [ 1176967457 ],,,,,,, [ 2596311271 ],,,,,,,,,,,, [ 224166732373 ], 
  [ 63134934209 ],,,,,,,,,,,,,,,,, [ 467139186937 ],,,,,,,,,,,,,,,,,,,,, [ 2851310615929 ],,,
  ,, [ 2363690491 ],,,,,,, [ 1853536777 ],,,,,,,, [ 278363773201 ],,,,,,, [ 4052401051 ],,,,,
  , [ 47585548711 ], [ 3411963241 ],,,,,,,,, [ 27243583441 ],,,, [ 4131243733 ],,,,,,,,,,,,,,
  ,,, [ 2649009409 ],,,,,,, [ 1275497081 ],, [ 1054233751 ],,,,, [ 1751448961 ],,,,,,,,, 
  [ 21683402465833 ],,,,,,,,,, [ 5411847403 ],,,,,,,,,,,,,,,, [ 30537650771 ], 
  [ 25289412409 ],, [ 42097443253 ],,,,,,,,,, [ 15561942289 ],,,, [ 2422743853 ],,,,, 
  [ 6533990893 ],,,,,,,,,,, [ 111368149597 ],,,,,, [ 26914954487 ],,,,, [ 27210703609 ],,,,,,
  ,,,,, [ 3396625651 ],,,,,,,,,,,,,,,, [ 1859862947 ],,,,,,,,,,, [ 78089891941 ],,,,,, 
  [ 332414214133 ],,,,,,,,,,,,,, [ 7543465441 ],,, [ 129861872401 ],,,,,,,,, [ 3375299513 ],,
  , [ 8998733441 ],,,, [ 2304254666869 ],,,,,,,,, [ 264967495801 ],,,,, [ 237144783401 ],,,,
  , [ 59127399239351 ],, [ 1671983353 ],,,,,,, [ 30525850681 ],,,,,, [ 13864559011 ],,,,,,,, 
  [ 8841927439 ],,,,,,,,,,,,,,,,,,,,,,,,,,,, [ 2106057467 ],,,,,,,,,,,,,, [ 5963820721 ],, 
  [ 2929513091 ],,,, [ 11111904673 ],,,,,,,,,,,,,, [ 5774070641 ],,,,,,,,,,,,, 
  [ 1911083749 ],,,,,,,,,,,, [ 635609574151 ],,,,,,,,,,,,,,,,,, [ 10187637121 ],,,,,,, 
  [ 3765330752921 ],,,, [ 12315552961 ], [ 1144461781 ],,,, [ 73421253487 ],,, 
  [ 38155698017 ],,,,,,,,,,,,,,,,,,,,,,, [ 3338965051, 49051798501 ],, [ 16643523569 ],,,,, 
  [ 6735530017 ],,,,,,,,, [ 52737389951 ],,,,,,,,,,,,, [ 5824507063 ],, [ 217511531777 ],,,,,
  ,,,,,,,,,,,,,,,,,,, [ 2756049521 ],, [ 2923526833 ],,,,,,,,,,,,, 
  [ 453080213921, 2789292850061 ],,,,,,,,,,,,, [ 1717674451501 ],,, [ 162371194987 ],,,,,,,,,
  ,,,,,,, [ 4663056661, 8751939613423 ],,,,,,,,,,,,,,,,,,,,,,,,,,,,,, [ 3745487112931 ],,,,,,
  ,, [ 40599182641, 55529849161, 150398668271 ], [ 1553833117 ],,,,,,,,, 
  [ 2142348751, 2560146751, 2988717751, 17756799751 ],,,,, [ 43534629841 ],,,,,,,,,,,,,,,,,, 
  [ 1639286947, 75375472391 ],,,, [ 43005141271 ],,,,,,,,,,,,,,,,,,,, [ 2517014459 ],,,,,,,,,
  ,,,, [ 194737548991 ], [ 1719188857 ],,,,,,,,,,,,,,,,,,, [ 5688768061 ],,,,,,,,, 
  [ 1616309329, 3651447433 ],,,,,,, [ 46566956827 ],,, [ 1120649869 ],,,,,,,,,,,, 
  [ 2194524151 ],,, [ 914986865671 ],,,,,,, [ 7747947073 ],,,,,, [ 1662872171 ],,,,,,,,,,, 
  [ 9893767291 ],,,,,,, [ 1841899841 ],,,,,, [ 9959715901 ],,,,,,,, [ 3224375659 ],,, 
  [ 7159934953 ],,,,,,,,,,,,,,,,,,,,,,, [ 63579007586641 ],,,,,,,,,,,,,,, [ 1202622851 ],,,, 
  [ 1549306153 ], [ 877693957801 ],,,,, [ 211581351181 ],,,,,,,,,,,, [ 197518989163 ], 
  [ 1643731909 ],, [ 91692255601 ],, [ 29622974071 ],,, [ 343937808061 ],,, [ 12619817057 ],,
  ,,,,,,,,,, [ 2439948781 ],,,,,,,, [ 4767848669 ],,,,, [ 22533573511, 33190782829 ],,, 
  [ 1851771169 ],,, [ 2004077359 ],,, [ 75738245329 ],,,,,, [ 294277717633 ],,,, 
  [ 115331894701 ],,,,,,,,,,, [ 8529134329 ],,,,,,,,, [ 7297618969 ],,,,,,,,,,,,,,,,,,,,,,,,,
  ,,,,,,, [ 3552061921 ],,,,,,,,,,,,,,,,,,,, [ 30566841509 ],,,, [ 47709970993 ],,,,,,,,,, 
  [ 3508767151 ],,, [ 8746899439 ],,,, [ 10984908901 ],, [ 59092273333 ],,,,,, 
  [ 140578695559 ],,,,,,, [ 314740497041 ],,,,,,,,,,,,,,,,,,,,,, [ 223404267929 ],,,,,, 
  [ 86411992369 ], [ 4079305603 ],,, [ 1896815281 ],,,,,, [ 1233654967 ],, [ 339459289601 ],,
  ,,,,,,,,,,, [ 2821063303 ],,, [ 61117620769 ],,, [ 2545928713 ],,, [ 76935247117 ],,,,,,,,,
  , [ 5190896177 ],,,,,,,,,,,,,,,,, [ 3682445948833 ], [ 3036772201 ],,,,, [ 10266165691 ],,,
  ,,,,,,,,,, [ 2545631369 ],,,,,,,,,,,,,,,,,,,,,,,,,,,, [ 57710610361 ],,,,,,,,,,,,,,,,,, 
  [ 26391620579 ],,,, [ 3468429091 ],,,,,,,,,,,,,,,,,,,, [ 23794754611 ],,,,,,, 
  [ 111136567501 ], [ 82523574013 ],,,, [ 4350182401 ],,,, [ 29376745159 ],,,,,,,,,,,,,,,,,,,
  ,,,,,,,,,,, [ 24208246129 ],, [ 40853155747 ],,,, [ 20730663451 ],,,,,,,,,,,,,,,,,, 
  [ 327551451313 ],,,,,,,, [ 18713760817 ], [ 2741281141 ],,,,,,,,,,,, [ 37377524539 ],,,,,,,
  ,,,,,,,,,, [ 190818949021 ],,,,,,,,,,,,,,,,,, [ 599284141537 ],,,,,,,,,, [ 85767229087 ],,
  , [ 7705888777 ],,, [ 1247011201 ],,,,,,,,,,,,,,,, [ 9762459649 ],,,,, [ 1136373492883 ],,
  , [ 704498791897 ],,,,,,,,,,,,,,,,,,,,,,,,,, [ 3496751231 ],,,, [ 6110399257 ],,,,,,,,,,,,,
  ,,,,,,, [ 64124698241327 ],, [ 237955084021 ],,,,,,,,,, [ 343325084197 ],,,,,,,, 
  [ 274384831363 ],,,, [ 2403920929 ],,,,,,,,,,,, [ 2075516501 ],,,,,,,,,, [ 117695281201 ],,
  , [ 3845602099 ],,, [ 37873999531 ],,,,,,,,,,,,,,,,,,,,,,,,,,,,,,,,,,,,,,, [ 31836761371 ],
  [ 1298490491, 80732692459 ],,,,,,,,,,,,,,,, [ 1776853373 ],,,, [ 387210729403 ],,,,,,,,,, 
  [ 1663218617 ],,,,,,,,,,,,,,,,,,,, [ 215285160169 ],, [ 79459257809 ],,,,,,,, 
  [ 7212743771 ],,,,,,,,,,,,,,,,,,,,,,,,,,,,,,,,,,,,,,,,,,,,,,,,,,,, [ 1128024721 ],,,, 
  [ 203750442013 ],,,,,,,,,, [ 4564765853 ],,,,,,,,,,,, [ 97706708595809 ],,,,,,,,,,,,,, 
  [ 228385422216319 ],,,,,,,,,,,,,, [ 3385142297 ],,,,,,,,,, [ 2580144139 ],,,,,, 
  [ 1204841089 ],,,,,,,, [ 3447384169 ],,,,,,,, [ 2073517073 ],,,,,,,,,,,,,,,,,,,,,,,,,,,,,, 
  [ 3409510129 ],,,,,,,, [ 15401814823 ],,,,,, [ 18195097009 ],, [ 2550328981 ],, 
  [ 12311740981 ],, [ 3234691321, 121416438277 ],, [ 1017952849 ],,,, [ 10668808845001 ],, 
  [ 1189405891 ],,,,,,,,,,,,,,,,,,,,,,,,,, [ 1138610881 ],,,, [ 32492926313 ],,,,,,,,,,,,,,,
  , [ 146620861729 ],,,,,,,,,,,,,, [ 6244196443 ],,,, [ 55649709403 ],,,,,,,,,,,,,,,,,,,,, 
  [ 2773648784479 ],,,,,,,,,,, [ 62169544207 ],,,,,,,,,, [ 9026445313 ],,,,,,,,,,,,,,,, 
  [ 3742145608081 ],,,, [ 2000846381 ],,,,,,, [ 22231436512321 ],,,,,,,,,,,,,,,,,,,,,,,,,,,,
  , [ 3685562761 ],,,,,,,, [ 2070093121 ],,,,,,,, [ 115929135897121 ],,, [ 331051994071 ],,,,
  ,,,,,,, [ 11335864487 ],, [ 1332659057 ],, [ 33285701143 ],,,,,,,,,,,,,,,,,,,,, 
  [ 3911173267 ],,,,,,,,,,,,,,,,, [ 1941765001217 ],,,,,, [ 1712042197 ],,,,,, 
  [ 14825634749 ],,,,,,,,,,,,,,,,,,,,,, [ 179197304131 ],,,,,,,,,,,, [ 3129125611 ],,,,,,,,,,
  ,,,,,,,,,,,,,,,,, [ 45021954181 ],,,,,,,,,,,,, [ 1769336461 ],,,,,,,,,, [ 19333822561 ],,,,
  ,, [ 2641330291 ],,,,,,, [ 2721194251 ],,,,, [ 402513566801 ],, [ 6542645437 ],,,,,,,,,,,,,
  , [ 40170494173 ],,,,,,,, [ 64638524971 ],,,,,,,,,,,,,,,,,,,,,,,,,,,, [ 3064431379 ],, 
  [ 5945452673 ],,,,,,,,,,,,,,,,,,,,,,,,,, [ 4143610771 ],,,, [ 114493790711 ],,,,,,,,,,,,,,,
  ,,, [ 2547477169 ],,,,,,,, [ 10779816001 ],,,, [ 21886782329 ],,,, [ 1901313217 ],,,,,,,, 
  [ 13532172238241 ],,,,,,,,,,,,,,,,,, [ 125813532373 ],,,, [ 60106217893 ],,,,,,,,,,,,,,,,,,
  ,,,,,,,, [ 2497128961 ], [ 9980564551 ],,,,,,,,,,,,,,, [ 2317336561 ],,,, [ 101841900889 ],
  ,,, [ 388318555993 ],,,,,,,, [ 2574166337 ],,,,,,,,,,,,,, [ 2509705771 ],,,,,,,,,,,, 
  [ 7628798563 ],,,,,,,,,,,,,,,,,,,,,, [ 72300507841 ],,,,,,,,,,,,,,,,,,,,,,,, 
  [ 2566717841 ],,,,,, [ 163093595437 ],,,,,,,,,,,,,,,,,,,,,,,,,,,,,, 
  [ 1094096681, 97654364221 ],, [ 2761826266333 ],,,,,, [ 6171152821, 257487218341 ],, 
  [ 277397325193 ],,,, [ 13665311581 ],,,, [ 16628483527 ],,,,,,,, [ 882672771751 ],,,,,, 
  [ 12943958072533 ],,,,,,,,,,,,,,,,,, [ 6629861701, 18896604871 ],,,,,,,,,,,,,,,,,,,,,,,,,,,
  ,,,,,,,,,,,,,,,,,,, [ 14241928661 ],, [ 13873173547 ],,,,,, [ 24733491793 ],,,,,,,,,,,,,,,,
  ,, [ 4787805073 ],,,, [ 8012874091 ],,,, [ 34106129129 ],,,,,,,,,,,,,,,,,,,,,,,,,,,, 
  [ 1052819329 ],,, [ 30706442101 ], [ 1419714539 ],, [ 5306160529 ],,,, [ 9291276601 ],,,, 
  [ 3105434609 ],,,,,,,,,, [ 1494137503 ],,,,,,,,,, [ 32329094513 ],,,,,,,, [ 6628338007021 ]
   ,,,,,,,,,,,,,,,,,,,,,,,,,,,,,,,, [ 2887129801 ],,,,,,,, [ 3683447461 ],,,, 
  [ 5397736367713 ],,,,,,,,,,,,,,,,,,,,,, [ 25834408741 ],,,,,, [ 8142948613 ],,,,,,,,,,,,,,,
  ,,, [ 18949584853 ],,,,,,,,,,,,,,,,,,,,,,,,,,,,,,,,,, [ 169998422833 ],, [ 152859700531 ],,
  ,,,,,,,,,,,,,,,,,,,,,,,,,,,, [ 1467246746401 ],,,,,,,,,,,, [ 3365469649 ],,,,,,,,,,,,,,,,,
  , [ 2951495551 ],, [ 68187665281 ],, [ 1112910521 ],,,,,,,,,,,,,,,,,,,,,,,,,,,, 
  [ 3727843807 ],,,,,,,,,,,,,,,, [ 146103316003 ],,,,,,,,,,,, [ 3144231091 ],,,,,, 
  [ 5792342401 ],, [ 7914722175617 ],,,,,,,,,,,,,,,,,,,,,,,,,,,,,,,,,,,,,, [ 547664857937 ],,
  ,,,,,,,,,,,,,,,,,,,,,, [ 10589019521 ],,,,,,,,,, [ 4361703641, 202645577531 ],,,,,,,,,,,,,,
  ,, [ 35393981347 ],,,,,,,,,,,,,, [ 7843063801 ],,,,,,,,,,,,,,,, [ 2901366313 ],,,,,, 
  [ 7521675481, 1683684257816287 ],,,,,,,,,,,,,,,,,,,,,,,,,,,,,,,,,,,,,,,,,,,, 
  [ 7670361337 ],,,, [ 1287076471 ],,,,,,,,,,,,,,,,,,,,,,,,,,,,,,,, [ 19776367549 ],,,, 
  [ 103448757271 ],,,,,,,,,,,,,,,,,,,,,,,,,, [ 4775196889 ],,,, [ 85172539297 ],,,,,,,,,,,,,,
  ,,,,,,,,,,,, [ 1764717641 ],,,,,,,,,,,,,, [ 13524126881 ],,,,,,,,,,,,,,,,,,,,,,,,,, 
  [ 608263134823 ],,,,,, [ 772741066969 ],,,,,,,,,,,,,,,,,,,,,,,,,, [ 12970860449 ],,,,,, 
  [ 377174737921 ],, [ 1457619571 ],,,,,,,,,,,,,,,,,,,,,,,,,,,,,,,,,,,,,,,,,,,,,,,,,,,,,,,,,
  , [ 1347667301 ],,,,,,,,,,,,,,,,,,,,,,,,,,,,,,,,,,,,,,,,,,,,,,,,,,,,,,,,,,,,,,,,,,,,,, 
  [ 1493285399131 ],,,, [ 758484463067 ],,,,,,,,,,,,,,,,,,,,,, [ 6809010077 ],,,, 
  [ 28018100521 ],,,,,,,,,,,,,,,,,,,,,,,,,,,,,,,,,,,, [ 3173067109 ],,,,,,,,,,,,,, 
  [ 12764273881 ],,,,,,,,,,,,,,,,,,,, [ 5927702624941 ],,,,,,,,,,,,,, [ 13493855101 ],,,,,,,,
  ,,,,,,,, [ 16058292181 ],,,,,,,,,, [ 134010552061 ],,,,,,,,,,,,,,,,,,,,,,,,,,,,,,,,,,,,,,,
  , [ 84000434494681 ],,,,,, [ 14001837589 ],,,,,,,,,,,, [ 13301270497 ],,,,,,,,,,,,,,,,,, 
  [ 13745547643 ],,,,,,,,,,,,,,,,,,,,,,,,,,,,,,,,,, [ 6452693501 ],,,,,,,,,,,,,,,,,,,,,,,,,, 
  [ 1594956739, 309545464069 ],,,, [ 1874499901 ],,,,,,,,,,,,,,,,,,,,,,,,,, [ 6707977693 ],, 
  [ 21649181317 ],,,,,,,,,,,,,,,, [ 1021480813 ],,,,,, [ 4284810721, 8587013221 ],,,,,, 
  [ 1558054387 ],,,,,,,,,,,,,,,,,, [ 60191631901 ],,,,,,,,,, [ 1560101843539 ],,,,,,,,,,,,,,,
  ,,,,,,,,,,,,,,,,,,,,,,,,,,,,,,, [ 404944039324501 ],,,,,,,,,,,,,,,,,,,,,,,,,,,,,,,,,,,,,,,,
  ,,,,,,,,,,,,,,,,,,,,,,,, [ 3894335869 ],, [ 16242182881 ],,,,,,,,,,,, [ 4275430303 ],,,,,,,
  ,,,,,,,,,,,,,,,,,,,,,,,,,,,,,,,,,,,,,,, [ 58370138209 ],,,,,,,,,,,,,,,,,, [ 38215829647 ],,
  ,,,,,,,,,,,,,,,,,,,,,,,,,,,,,,,,,,,,,,,,,,,,,,,,,,,,,,,,,,,,,,,,,,,,,,,,,,,,,,,,,, 
  [ 1175543377 ],,,,,,,,,,,,,,,,,,,,,,,, [ 2444964751 ],,,,,,,,,,,,,,,,,,,,,,,,,, 
  [ 3492517652009 ],,,, [ 5731473001 ],,,,,,,,,, [ 14913915871 ],,,,,,,,,,,,,,,,,,,,,,,,,,,,,
  ,,,,,,,,,,,,,,, [ 7104947599, 30208309699 ],,,,,,,,,,,,,,,,,,,,,,,,,,,,,,,,,,,,,,,,,,,,,,,,
  ,,,,,,,, [ 339924619711 ],,,, [ 1383446557 ],,,,,,,,,,,,,,,,,,,,,,,,,,,,,,,,,,,,,,,,,,,,,, 
  [ 19248652141 ],,,,,,,,,,,,,,,,,,,,,,,,,,,,,, [ 1114154501 ],,,,,,,,,, [ 5504155781 ],,,,,,
  ,,,, [ 1925373768091 ],,,,,,,,,,,,,,,,,, [ 24618956833 ],, [ 86762748971 ],,,, 
  [ 2460363907 ],,,,,, [ 1367615341 ],,,,,,,,,,,,,,,,,, [ 1621935253 ],,,,,,,,,,,,,,,,,,,,,,,
  , [ 2381327587 ],,,,,,,,,,,, [ 2506601161 ],,,,,, [ 472870438801 ],,,,,,,,,,,,,,,,,, 
  [ 23820078829 ],,,,,,,,,,,,,,,,,,,,,,,,,,,,,,,,,,,, [ 406237304623 ],,,,,,,,,,,,,,,,,,,,,,,
  ,,,,,,,,,,,,,,,,,,,,,,,,,,,,,,,,,,,,,,,,,,,,,,,,,,,,, [ 2787414841 ],,,,,,,,,,,,,,,,,,,,,,,
  ,,,,,,,,,,,,,,,,,,,,,,,,,,,,,,,,,,,,,,,,,,,,,,,,,,,,,,,,,,,,,,, [ 2167575937 ],,,,,,,,,,,, 
  [ 4613986189 ],,,,,, [ 24725298817 ],,,,,,,,,,,,,,,,,,,,,,,,,,,,,,,,,,,,,,,,,,,,,,,,,,,,,,,
  ,,,,,,,,,,,,,,,,,,,,,,,,,,,,, [ 4196707849 ],,,,,,,,,,,,,,,,,,,,,,,, [ 4080726931 ],,,,,,,,
  ,,,,,,,,,,,,,,,,,,,,,,,,,,,,,,,,,, [ 1101447553 ],,,,,,,,,,,, [ 8285404093 ],,,,,,,,,,,,,,,
  ,,,,,,,,,,,,,,,,,,,,,,,,,,,,,,,,,,,,,,, [ 1090261171 ],,,,,,,,,,,,,,,,,,,,,,,,,,,,,,,,,,,,,
  ,,,,, [ 2545244509 ],,,,,,,,,,,,,,,,,, [ 34634528611 ],,,,,,,,,,,,,,,,,,,,,,,,,,,,,,,,,,,,,
  ,,,,,,,,,,, [ 3339234307 ],,,,,,,,,,,,,,,,,,,,,,,,,,,,,,,, [ 2750564908391 ],,,,,,,,,,,,,,,
  , [ 1026350011, 2761410709 ],,,,,,,,,,,,,,,,,,,,,,,,,,,,,, [ 3367169809 ],,,,,, 
  [ 7050062449, 199889020189 ],,,,,,,,,,,,,,,,,,,,,,,,,,,,,,,,,,,,,,,,,,,,,,,,,,,,,,,,,,,,,,,
  ,,,,,,,,,,,,,,,,,,,,,,,,, [ 84194916191 ],,,,,,,,,,,,,,,,,,,,,,,,,,,,,,,,,,,,,,,,,,,,,,,,,,
  ,,,,,,,,,,,,,,,,,,,,,,,,,,,,,,,,,,,,,,,,,,,,,,,, [ 2105544541 ],,,,,,,,,,,,,,,,,, 
  [ 132187291681 ],,,,,,,,,,,, [ 4269881953 ],,,,,,,,,,,, [ 91685052451 ],,,,,, 
  [ 4099981393 ],,,,,,,,,,,,,,,,,,,,,,,, [ 5805402121, 730661895181 ],,,,,, [ 2972293369 ],,,
  ,,, [ 12440435113 ],,,,,, [ 14533093819 ],,,,,,,,,,,,,,,,,,,,,,,, [ 33946761577 ],,,,,,,,,,
  ,,,,,,,,,,,,,, [ 2008418383, 523295353747 ],,,,,,,,,,,,,,,,,,,,,,,,,,,,,, [ 69669713761 ],,
  ,,,,,,,,,,,,,,,,,,,,,,,,,,,,,,,,,,,,,,,,,, [ 4729006801 ],,,,,,,,,,,,,,,,,,,,,,,,,,,,,,,,,,
  ,,,,,,,,,,,, [ 7604440513 ],,,,,,,,,,,,,,,,,,,,,,,,,,,,,,,,,,,,,,,,,,,,,,,, [ 5525188171 ],
  ,,,,,,,,,,,,,,,,,,,,,,,,,,,,,,,,,,,,,,,,,,,,,,,,,,,,,,,,,,,,,,,,,,,,,,,,,,,,, 
  [ 35714000557 ],,,,,,,,,,,,,,,,,,,,,,,,,,,,,,,,,,,,,,,,,,,,,,,,,,,,,,,,,,,,,,,,,,,,,,,,,,,,
  ,,,,,,,,,,,,,,,,,,,,,,,,,,,,,,,, [ 27479390401 ],,,,,,,,,,,,,,,,,, [ 41469046231 ],,,,,,,,,
  ,,,,,,,,,,,,,,, [ 3427696819 ],,,,,,,,,,,,,,,,,,,,,,,, [ 70438737007 ],,,,,,,,,,,,,,,,,, 
  [ 41839388977 ],,,,,, [ 21923494976791 ],,,,,,,,,,,,,,,,,,,,,,,,,,,,,,,,,,,,,,,,,,,,,,,,,,,
  ,,,,,,,,,,,,,,,,,,,,,,,,,,,,,,,,,,,,,,, [ 21871260841 ],,,,,,,,,,,,,,,,,,,,,,,,,,,,,, 
  [ 100871238511 ],,,,,,,,,,,,,,,,,,,,,,,,,,,,,, [ 95107167361 ],,,,,,,,,,,, [ 12352105669 ],
  ,,,,, [ 15277820221 ],,,,,,,,,,,,,,,,,,,,,,,,,,,,,,,,,,,,,,,,,,,,,,,,,,,,,,,,,,,,,,,,,,,,,,
  ,, [ 5050392301 ],,,,,,,,,,,, [ 5782177351 ],,,,,,,,,,,,,,,,,,,,,,,,,,,,,, [ 395542120453 ]
   ,,,,,,,,,,,,,,,,,,,,,,,,,,,,,,,,,,,,,,,,,,,,,,,,,,,,,,,,,,,,,,,,,,,,,,,,,,,,,,,,,,,,,,,,,,
  ,,,,,,,,,,,,,,,,,,,,,,,,,,,,,,,,,,,,,,,,,,,,,,,,,,,,,,,,,,,,,,,,,,,,,,,,,,,,,,,,,,,,,,,,,,,
  ,,,,,,,,,,,,,,,,,,,,,,,,,,,,,,,,,,,,,,,,,,,,,,,,,,,,,,,,,,,,,,,,,,,,,,,,,,,,, 
  [ 4160825341 ],,,,,,,,,,,,,,,,,,,,,,,,,,,,,, [ 2793533221 ],,,,,,,,,,,,,,,,,,,,,,,,,,,,,,,,
  ,,,,,,,,,,,,,,,,,,,,,, [ 4869200071 ],,,,,,,,,,,,,,,,,,,,,,,,,,,,,,,,,,,,,,,,,,,,,,,,,,,,,,
  ,,,,,,,,,,,,,,,,,,,,,,,,,,,,,,,,,,,,,,,,,, [ 2071807921 ],,,,,,,,,,,,,,,,,,,,,,,,,,,,,, 
  [ 1174764361, 1229844001 ],,,,,,,,,,,,,,,,,,,,,,,,,,,,,,,,,,,,,,,,,,,,,,,,,,,,,,,,,,,,,,,,,
  , [ 198413328367 ],,,,,,,,,,,,,,,,,,,,,,,,,,,,,,,,,,,,,,,,,,,,,,,,,,,,,,,,,,,,,,,,,, 
  [ 2243891101 ],,,,,,,,,,,,,,,,,,,,,,,,,,,,,,,,,,,,,,,,,,,,,,,,,,,,,,,,,,,,,,,,,,,,,,,,,,,,,
  , [ 248972383801 ],,,,,,,,,,,,,,,,,,,,,,,,,,,,,, [ 2609730241 ],,,,,,,,,,,,,,,,,,,,,,,,,,,,
  ,,,,,,,,,,,,,,,,,,,,,,,,,,,,,,,,,,,,,,,,,,,,,,,,,,,,,,,,,,,,,,,,,,,,,,,,,,,,,,,,,,,,,,,,,,,
  ,,,,,,,,,,,,,,,,,,,,,,,,,,,,,,,,,,,,,,,,,,,,,,,,,,,,,,,,,,,,,,,,,,,,,,,,,,,,,,,,,,,,,,,,,,,
  ,,,,,,,,,,,,,,,,,,,,,,,,,,,,,,,,,,,,,,,,,,,,,,,,,,,,,,,,,,,,,,,,,,,,,,,,,,,,,,,,,,,,,,,,,,,
  ,,,,,,,,,,,,,,,,,,,,,,,,,,,,,,,,,,,,,,,,,,,,,,,,,,,,,,,,,,, [ 12751557601 ],,,,,,,,,,,,,,,,
  ,,,, [ 6116749601 ],,,,,,,,,,,,,,,,,,,,,,,,,,,,,,,,,,,,,,,,,,,,,,,,,,,,,,,,,,,,,,,,,,,,,,,,
  ,,,,,,,,,,,,,,,,,,,,,,,,,,,, [ 26332865521 ],,,,,,,,,,,,,,,,,,,,,,,,,,,,,,,,,,,,,,,,,,,,,,,
  ,,,,,,,,,,,,, [ 17080412641 ],,,,,,,,,,,,,,,,,,,,,,,,,,,,,, [ 1193990712301 ],,,,,,,,,,,,,,
  ,,,,,,,,,,,,,,,,,,,,,,,,,,,,,,,,,,,,,,,,,,,,,,,,,,,,,,,,,,,,,,,,,,,,,,,,,,,,,,,,,,,,,,,,,,,
  ,,,,,,,,,,,,,,,,,,,,,,,,,,,,,,,,,,,,,,,,,,,,,,,,,,,,,,,,,,,,,,,,,,,,,,,,,,,,,,,,,,,,,,,,,,,
  ,,,,,,,,,,,,,,,,,,,,,,,,,,,,,,,,,,,,,,,,,,,,,,,,,,,,,,,,,,,,,,,,,,,,,,,,,, 
  [ 3701402161, 6687019441 ],,,,,,,,,,,,,,,,,,,,,,,,,,,,,,,,,,,,,,,,,,,,,,,,,,,,,,,,,,,,,,,,,
  ,,,,,,,,,,,,,,,,,,,,,,,,, [ 547387166611 ],,,,,,,,,,,,,,,,,,,,,,,,,,,,,,,,,,,,,,,,,,,,,,,,,
  ,,,,,,,,,,,,,,,,,,,,,,,,,,,,,,,,,,,,,,,,,,,,,,,,,,,,,,,,,,,,,,,,,,,,,,,,,,,,,,,,,,,,,,,,,,,
  ,,,,,,,,,,,,,,,,,,,,,,,,,,,,,,,,,,,,,,,,,,,,,,,,,,,,,,,,,,,,,,,,,,,,,,,,,,,,,,,,,,,,,,,,,,,
  ,,,,,,,,,,,,,,,,,,,,,,,,,,,,,,,,,,,,,,,,,,,,,,,,,,,,,,,,,,,,,,,,,,,,, [ 1965199321 ],,,,,,,
  ,,,,,,,,,,,,,,,,,,,,,,,,,,,,,,,,,,,,,,,,,,,,,,,,,,,,,,,,,,,,,,,,,,,,,,,,,,,,,,,,,,,,,,,,,,,
  ,,,,,,,,,,,,,,,,,,,,,,,,,,,,,,,,,,,,,,,,,,,,,,,,,,,,,,,,,,,,,,,,,,,,,,,,,,,,,,,,,,,,,,,,,,,
  ,,,,,,,,,,,,,,,,,,,,,,,,,,,,,,,,,,,,,,,,,,,,,,,,,,,,,,,,,,,,,,,,,,,,,,,,,,,,,,,,,,,,,,,,,,,
  ,,,,,,,,,,,,,,,,,,,,,,,,,,,,,,,,,,,,,,,,,,,,,,,,,,,,,,,,,,,,,,,,,,,,,,,,,,,,,,,,,,,,,,,,,,,
  ,,,,,,,,,,,,,,,,,,,,,,,,,,,,,,,,,,,,,,,,,,,,,,,,, [ 4642630277041 ],,,,,,,,,,,,,,,,,,,,,,,,
  ,,,,,,,,,,,,,,,,,,,,,,,,,,,,,,,,,,,,,,,,,,,,,,,,,,,,,,,,,,,,,,,,,,,,,,,,,,,,,,,,,,,,,,,,,,,
  ,,,,,,,,,,,,,,,,,,,,,,,,,,,,,,,,,,,,,,,,,,,,,,,,,,,,,,,,,,,,,,,,,,,,,,,,,,,,,,,,,,,,,,,,,,,
  ,,,,,,,,,,,,,,,,,,,,,,,,,,,,,,,,,,,,,,,,,,,,,,,,,,,,,,,,,,,,,,,,,,,,,,,,,,,,,,,,,,,,,,,,,,,
  ,,,,,,,,,,,,,,,,,,,,,,,,,,,,,,,,,,,,,,,,,,,,,,,,,,,,,,,,,,,,,,,,,,,,,,,,,,,,,,,,,,,,,,,,,,,
  ,,,,,,,,,,,,,,,,,,,,,,,,,,,,,,,,,,,,,,,,,,,,,,,,,,,,,,,,,,,,,,,,,,,,,,,,,,,,,,,,,,,,,,,,,,,
  ,,,,,,,,,,,,,,,,,,,,,,,,,,,,,,,,,,,,,,,,,,,,,,,,,,,,,,,,,,,,,,,,,,,,,,,,,,,,,,,,,,,,,,,,,,,
  ,,,,,,,,,,,,,,,,,,,,,,,,,,,,,,,,,,,,,,,,,,,,,,,,,,,,,,,,,,,,,,,,,,,,,,,,,,,,,,,,,,,,,,,,,,,
  ,,,,,,,,,,,,,,,,,,,,,,,,,,,,,,,,,,,,,,,,,,,,,,,,,,,,,,,,,,,,,,,,,,,,,,,,,,,,,,,,,,,,,,,,,,,
  ,,,,,,,,,,,,,,,,,,,,,,,,,,,,,,,,,,,,,,,,,,,,,,,,,,,,,,,,,,,,,,,,,,,,,,,,,,,,,,,,,,,,,,,,,,,
  ,,,,,,,,,,,,,,,,,,,,,,,,,,,,,,,,,,,,,,,,,,,,,,,,,,,,,,,,,,,,,,,,,,,,,,,,,,,,,,,,,,,,,,,,,,,
  ,,,,,,,,,,,,,,,,,,,,,,,,,,,,,,,,,,,,,,,,,,,,,,,,,,,,,,,,,,,,,,,,,,,,,,,,,,,,,,,,,,,,,,,,,,,
  ,,,,,,,,,,,,,,,,,,,,,,,,,,,,,,,,,,,,,,,,,,,,,,,,,,,,,,,,,,,,,,,,,,,,,,,,,,,,,,,,,,,,,,,,,,,
  ,,,,,,,,,,,,,,,,,,,,,,,,,,,,,,,,,,,,,,,,,,,,,,,,,,,,,,,,,,,,,,,,,,,,,,,,,,,,,,,,,,,,,,,,,,,
  ,,,,,,,,,,,,,,,,,,,,,,,,,,,,,,,,,,,,,,,,,,,,,,,,,,,,,,,,,,,,,,,,,,,,,,,,,,,,,,,,,,,,,,,,,,,
  ,,,,,,,,,,,,,,,,,,,,,,,,,,,,,,,,,,,,,,,,,,,,,,,,,,,,,,,,,,,,,,,,,,,,,,,,,,,,,,,,,,,,,,,,,,,
  ,,,,,,,,,,,,,,,,,,,,,,,,,,,,,,,,,,,,,,,,,,,,,,,,,,,,,,,,,,,,,,,,,,,,,,,,,,,,,,,,,,,,,,,,,,,
  ,,,,,,,,,,,,,,,,,,,,,,,,,,,,,,,,,,,,,,,,,,,,,,,,,,,,,,,,,,,,,,,,,,,,,,,,,,,,,,,,,,,,,,,,,,,
  ,,,,,,,,,,,,,,,,,,,,,,,,,,,,,,,,,,,,,,,,,,,,,,,,,,,,,,,,,,,,,,,,,,,,,,,,,,,,,,,,,,,,,,,,,,,
  ,,,,,,,,,,,,,,,,,,,,,,,,,,,,,,,,,,,,,,,,,,,,,,,,,,,,,,,,,,,,,,,,,,,,,,,,,,,,,,,,,,,,,,,,,,,
  ,,,,,,,,,,,,,,,,,,,,,,,,,,,,,,,,,,,,,,,,,,,,,,,,,,,,,,,,,,,,,,,,,,,,,,,,,,,,,,,,,,,,,,,,,,,
  ,,,,,,,,,,,,,,,,,,,,,,,,,,,,,,,,,,,,,,,,,,,,,,,,,,,,,,,,,,,,,,,,,,,,,,,,,,,,,,,,,,,,,,,,,,,
  ,,,,,,,,,,,,,,,,,,,,,,,,,,,,,,,,,,,,,,,,,,,,,,,,,,,,,,,,,,,,,,,,,,,,,,,,,,,,,,,,,,,,,,,,,,,
  ,,,,,,,,,,,,,,,,,,,,,,,,,,,,,,,,,,,,,,,,,,,,,,,,,,,,,,,,,,,,,,,,,,,,,,,,,,,,,,,,,,,,,,,,,,,
  ,,,,,,,,,,,,,,,,,,,,,,,,,,,,,,,,,,,,,,,,,,,,,,,,,,,,,,,,,,,,,,,,,,,,,,,,,,,,,,,,,,,,,,,,,,,
  ,,,,,,,,,,,,,,,,,,,,,,,,,,,,,,,,,,,,,,,,,,,,,,,,,,,,,,,,,,,,,,,,,,,,,,,,,,,,,,,,,,,,,,,,,,,
  ,,,,,,,,,,,,,,,,,,,,,,,,,,,,,,,,,,,,,,,,,,,,,,,,,,,,,,,,,,,,,,,,,,,,,,,,,,,,,,,,,,,,,,,,,,,
  ,,,,,,,,,,,,,,,,,,,,,,,,,,,,,,,,,,,,,,,,,,,,,,,,,,,,,,,,,,,,,,,,,,,,,,,,,,,,,,,,,,,,,,,,,,,
  ,,,,,,,,,,,,,,,,,,,,,,,,,,,,,,,,,,,,,,,,,,,,,,,,,,,,,,,,,,,,,,,,,,,,,,,,,,,,,,,,,,,,,,,,,,,
  ,,,,,,,,,,,,,,,,,,,,,,,,,,,,,,,,,,,,,,,,,,,,,,,,,,,,,,,,,,,,,,,,,,,,,,,,,,,,,,,,,,,,,,,,,,,
  ,,,,,,,,,,,,,,,,,,,,,,,,,,,,,,,,,,,,,,,,,,,,,,,,,,,,,,,,,,,,,,,,,,,,,,,,,,,,,,,,,,,,,,,,,,,
  ,,,,,,,,,,,,,,,,,,,,,,,,,,,,,,,,,,,,,,,,,,,,,,,,,,,,,,,,,,,,,,,,,,,,,,,,,,,,,,,,,,,,,,,,,,,
  ,,,,,,,,,,,,,,,,,,,,,,,,,,,,,,,,,,,,,,,,,,,,,,,,,,,,,,,,,,,,,,,,,,,,,,,,,,,,,,,,,,,,,,,,,,,
  ,,,,,,,,,,,,,,,,,,,,,,,,,,,,,,,,,,,,,,,,,,,,,,,,,,,,,,,,,,,,,,,,,,,,,,,,,,,,,,,,,,,,,,,,,,,
  ,,,,,,,,,,,,,,,,,,,,,,,,,,,,,,,,,,,,,,,,,,,,,,,,,,,,,,,,,,,,,,,,,,,,,,,,,,,,,,,,,,,,,,,,,,,
  ,,,,,,,,,,,,,,,,,,,,,,,,,,,,,,,,,,,,,,,,,,,,,,,,,,,,,,,,,,,,,,,,,,,,,,,,,,,,,,,,,,,,,,,,,,,
  ,,,,,,,,,,,,,,,,,,,,,,,,,,,,,,,,,,,,,,,,,,,,,,,,,,,,,,,,,,,,,,,,,,,,,,,,,,,,,,,,,,,,,,,,,,,
  ,,,,,,,,,,,,,,,,,,,,,,,,,,,,,,,,,,,,,,,,,,,,,,,,,,,,,,,,,,,,,,,,,,,,,,,,,,,,,,,,,,,,,,,,,,,
  ,,,,,,,,,,,,,,,,,,,,,,,,,,,,,,,,,,,,,,,,,,,,,,,,,,,,,,,,,,,,,,,,,,,,,,,,,,,,,,,,,,,,,,,,,,,
  ,,,,,,,,,,,,,,,,,,,,,,,,,,,,,,,,,,,,,,,,,,,,,,,,,,,,,,,,,,,,,,,,,,,,,,,,,,,,,,,,,,,,,,,,,,,
  ,,,,,,,,,,,,,,,,,,,,,,,,,,,,,,,,,,,,,,,,,,,,,,,,,,,,,,,,,,,,,,,,,,,,,,,,,,,,,,,,,,,,,,,,,,,
  ,,,,,,,,,,,,,,,,,,,,,,,,,,,,,,,,,,,,,,,,,,,,,,,,,,,,,,,,,,,,,,,,,,,,,,,,,,,,,,,,,,,,,,,,,,,
  ,,,,,,,,,,,,,,,,,,,,,,,,,,,,,,,,,,,,,,,,,,,,,,,,,,,,,,,,,,,,,,,,,,,,,,,,,,,,,,,,,,,,,,,,,,,
  ,,,,,,,,,,,,,,,,,,,,,,,,,,,,,,,,,,,,,,,,,,,,,,,,,,,,,,,,,,,,,,,,,,,,,,,,,,,,,,,,,,,,,,,,,,,
  ,,,,,,,,,,,,,,,,,,,,,,,,,,,,,,,,,,,,,,,,,,,,,,,,,,,,,,,,,,,,,,,,,,,,,,,,,,,,,,,,,,,,,,,,,,,
  ,,,,,,,,,,,,,,,,,,,,,,,,,,,,,,,,,,,,,,,,,,,,,,,,,,,,,,,,,,,,,,,,,,,,,,,,,,,,,,,,,,,,,,,,,,,
  ,,,,,,,,,,,,,,,,,,,,,,,,,,,,,,,,,,,,,,,,,,,,,,,,,,,,,,,,,,,,,,,,,,,,,,,,,,,,,,,,,,,,,,,,,,,
  ,,,,,,,,,,,,,,,,,,,,,,,,,,,,,,,,,,,,,,,,,,,,,,,,,,,,,,,,,,,,,,,,,,,,,,,,,,,,,,,,,,,,,,,,,,,
  ,,,,,,,,,,,,,,,,,,,,,,,,,,,,,,,,,,,,,,,,,,,,,,,,,,,,,,,,,,,,,,,,,,,,,,,,,,,,,,,,,,,,,,,,,,,
  ,,,,,,,,,,,,,,,,,,,,,,,,,,,,,,,,,,,,,,,,,,,,,,,,,,,,,,,,,,,,,,,,,,,,,,,,,,,,,,,,,,,,,,,,,,,
  ,,,,,,,,,,,,,,,,,,,,,,,,,,,,,,,,,,,,,,,,,,,,,,,,,,,,,,,,,,,,,,,,,,,,,,,,,,,,,,,,,,,,,,,,,,,
  ,,,,,,,,,,,,,,,,,,,,,,,,,,,,,,,,,,,,,,,,,,,,,,,,,,,,,,,,,,,,,,,,,,,,,,,,,,,,,,,,,,,,,,,,,,,
  ,,,,,,,,,,,,,,,,,,,,,,,,,,,,,,,,,,,,,,,,,,,,,,,,,,,,,,,,,,,,,,,,,,,,,,,,,,,,,,,,,,,,,,,,,,,
  ,,,,,,,,,,,,,,,,,,,,,,,,,,,,,,,,,,,,,,,,,,,,,,,,,,,,,,,,,,,,,,,,,,,,,,,,,,,,,,,,,,,,,,,,,,,
  ,,,,,,,,,,,,,,,,,,,,,,,,,,,,,,,,,,,,,,,,,,,,,,,,,,,,,,,,,,,,,,,,,,,,,,,,,,,,,,,,,,,,,,,,,,,
  ,,,,,,,,,,,,,,,,,,,,,,,,,,,,,,,,,,,,,,,,,,,,,,,,,,,,,,,,,,,,,,,,,,,,,,,,,,,,,,,,,,,,,,,,,,,
  ,,,,,,,,,,,,,,,,,,,,,,,,,,,,,,,,,,,,,,,,,,,,,,,,,,,,,,,,,,,,,,,,,,,,,,,,,,,,,,,,,,,,,,,,,,,
  ,,,,,,,,,,,,,,,,,,,,,,,,,,,,,,,,,,,,,,,,,,,,,,,,,,,,,,,,,,,,,,,,,,,,,,,,,,,,,,,,,,,,,,,,,,,
  ,,,,,,,,,,,,,,,,,,,,,,,,,,,,,,,,,,,,,,,,,,,,,,,,,,,,,,,,,,,,,,,,,,,,,,,,,,,,,,,,,,,,,,,,,,,
  ,,,,,,,,,,,,,,,,,,,,,,,,,,,,,,,,,,,,,,,,,,,,,,,,,,,,,,,,,,,,,,,,,,,,,,,,,,,,,,,,,,,,,,,,,,,
  ,,,,,,,,,,,,,,,,,,,,,,,,,,,,,,,,,,,,,,,,,,,,,,,,,,,,,,,,,,,,,,,,,,,,,,,,,,,,,,,,,,,,,,,,,,,
  ,,,,,,,,,,,,,,,,,,,,,,,,,,,,,,,,,,,,,,,,,,,,,,,,,,,,,,,,,,,,,,,,,,,,,,,,,,,,,,,,,,,,,,,,,,,
  ,,,,,,,,,,,,,,,,,,,,,,,,,,,,,,,,,,,,,,,,,,,,,,,,,,,,,,,,,,,,,,,,,,,,,,,,,,,,,,,,,,,,,,,,,,,
  ,,,,,,,,,,,,,,,,,,,,,,,,,,,,,,,,,,,,,,,,,,,,,,,,,,,,,,,,,,,,,,,,,,,,,,,,,,,,,,,,,,,,,,,,,,,
  ,,,,,,,,,,,,,,,,,,,,,,,,,,,,,,,,,,,,,,,,,,,,,,,,,,,,,,,,,,,,,,,,,,,,,,,,,,,,,,,,,,,,,,,,,,,
  ,,,,,,,,,,,,,,,,,,,,,,,,,,,,,,,,,,,,,,,,,,,,,,,,,,,,,,,,,,,,,,,,,,,,,,,,,,,,,,,,,,,,,,,,,,,
  ,,,,,,,,,,,,,,,,,,,,,,,,,,,,,,,,,,,,,,,,,,,,,,,,,,,,,,,,,,,,,,,,,,,,,,,,,,,,,,,,,,,,,,,,,,,
  ,,,,,,,,,,,,,,,,,,,,,,,,,,,,,,,,,,,,,,,,,,,,,,,,,,,,,,,,,,,,,,,,,,,,,,,,,,,,,,,,,,,,,,,,,,,
  ,,,,,,,,,,,,,,,,,,,,,,,,,,,,,,,,,,,,,,,,,,,,,,,,,,,,,,,,,,,,,,,,,,,,,,,,,,,,,,,,,,,,,,,,,,,
  ,,,,,,,,,,,,,,,,,,,,,,,,,,,,,,,,,,,,,,,,,,,,,,,,,,,,,,,,,,,,,,,,,,,,,,,,,,,,,,,,,,,,,,,,,,,
  ,,,,,,,,,,,,,,,,,,,,,,,,,,,,,,,,,,,,,,,,,,,,,,,,,,,,,,,,,,,,,,,,,,,,,,,,,,,,,,,,,,,,,,,,,,,
  ,,,,,,,,,,,,,,,,,,,,,,,,,,,,,,,,,,,,,,,,,,,,,,,,,,,,,,,,,,,,,,,,,,,,,,,,,,,,,,,,,,,,,,,,,,,
  ,,,,,,,,,,,,,,,,,,,,,,,,,,,,,,,,,,,,,,,,,,,,,,,,,,,,,,,,,,,,,,,,,,,,,,,,,,,,,,,,,,,,,,,,,,,
  ,,,,,,,,,,,,,,,,,,,,,,,,,,,,,,,,,,,,,,,,,,,,,,,,,,,,,,,,,,,,,,,,,,,,,,,,,,,,,,,,,,,,,,,,,,,
  ,,,,,,,,,,,,,,,,,,,,,,,,,,,,,,,,,,,,,,,,,,,,,,,,,,,,,,,,,,,,,,,,,,,,,,,,,,,,,,,,,,,,,,,,,,,
  ,,,,,,,,,,,,,,,,,,,,,,,,,,,,,,,,,,,,,,,,,,,,,,,,,,,,,,,,,,,,,,,,,,,,,,,,,,,,,,,,,,,,,,,,,,,
  ,,,,,,,,,,,,,,,,,,,,,,,,,,,,,,,,,,,,,,,,,,,,,,,,,,,,,,,,,,,,,,,,,,,,,,,,,,,,,,,,,,,,,,,,,,,
  ,,,,,,,,,,,,,,,,,,,,,,,,,,,,,,,,,,,,,,,,,,,,,,,,,,,,,,,,,,,,,,,,,,,,,,,,,,,,,,,,,,,,,,,,,,,
  ,,,,,,,,,,,,,,,,,,,,,,,,,,,,,,,,,,,,,,,,,,,,,,,,,,,,,,,,,,,,,,,,,,,,,,,,,,,,,,,,,,,,,,,,,,,
  ,,,,,,,,,,,,,,,,,,,,,,,,,,,,,,,,,,,,,,,,,,,,,,,,,,,,,,,,,,,,,,,,,,,,,,,,,,,,,,,,,,,,,,,,,,,
  ,,,,,,,,,,,,,,,,,,,,,,,,,,,,,,,,,,,,,,,,,,,,,,,,,,,,,,,,,,,,,,,,,,,,,,,,,,,,,,,,,,,,,,,,,,,
  ,,,,,,,,,,,,,,,,,,,,,,,,,,,,,,,,,,,,,,,,,,,,,,,,,,,,,,,,,,,,,,,,,,,,,,,,,,,,,,,,,,,,,,,,,,,
  ,,,,,,,,,,,,,,,,,,,,,,,,,,,,,,,,,,,,,,,,,,,,,,,,,,,,,,,,,,,,,,,,,,,,,,,,,,,,,,,,,,,,,,,,,,,
  ,,,,,,,,,,,,,,,,,,,,,,,,,,,,,,,,,,,,,,,,,,,,,,,,,,,,,,,,,,,,,,,,,,,,,,,,,,,,,,,,,,,,,,,,,,,
  ,,,,,,,,,,,,,,,,,,,,,,,,,,,,,,,,,,,,,,,,,,,,,,,,,,,,,,,,,,,,,,,,,,,,,,,,,,,,,,,,,,,,,,,,,,,
  ,,,,,,,,,,,,,,,,,,,,,,,,,,,,,,,,,,,,,,,,,,,,,,,,,,,,,,,,,,,,,,,,,,,,,,,,,,,,,,,,,,,,,,,,,,,
  ,,,,,,,,,,,,,,,,,,,,,,,,,,,,,,,,,,,,,,,,,,,,,,,,,,,,,,,,,,,,,,,,,,,,,,,,,,,,,,,,,,,,,,,,,,,
  ,,,,,,,,,,,,,,,,,,,,,,,,,,,,,,,,,,,,,,,,,,,,,,,,,,,,,,,,,,,,,,,,,,,,,,,,,,,,,,,,,,,,,,,,,,,
  ,,,,,,,,,,,,,,,,,,,,,,,,,,,,,,,,,,,,,,,,,,,,,,,,,,,,,,,,,,,,,,,,,,,,, [ 5438075941 ] ]);
