BRENTFACTORS[6125]:=MakeImmutable([ ,,,,,,,,,,,, [ 82398612221329 ],,,, [ 9021902876911 ],, 
  [ 1556936344586927621511077650601 ],,,, [ 249691890689730865599171811 ],,, 
  [ 147133141460423 ], [ 7262351940015389089 ], [ 43802210975034259721 ], 
  [ 25374448010763551537869, 12206264083818834217400560401987541 ],, 
  [ 38324571613399, 4222785035720621, 15161693841524155404101254574604329 ], 
  [ 6023998045536673 ], [ 15328694041 ],, [ 295331372460028591 ], [ 77653341289 ], 
  [ 404787677231366456443894095702367721 ], [ 3323237893999791619821568270967 ],,, 
  [ 7270819379, 4497358348598705539 ], [ 1340887160887 ],, [ 1042104717613081 ], 
  [ 7125308795317231 ], [ 6525220843, 10687724227 ], 
  [ 10719802920521661213151, 312450969070061139274218799 ],,, 
  [ 41505700448053644619829717447101 ], [ 58748213581006219 ],, 
  [ 8276134469876520125885996081 ], [ 18550489044520423981 ], 
  [ 450164108131, 7023990825565121, 24565972005482687800901 ], [ 1108812713 ], 
  [ 281453176045922614566601, 4623952822622903943293730559 ], 
  [ 6404557256609, 111062300592336581, 5090440059546904943 ],, 
  [ 16023632281, 1319425067881 ], [ 5184534449 ], [ 10438965061941569 ],, 
  [ 13572662929444183018579756049102536262687075137 ], [ 176450109092505429879881 ], 
  [ 1037912367759819123176867081689 ], [ 17256010399 ], [ 3591398991877 ],, 
  [ 1837690400981 ], [ 3710497491409 ], [ 850481938153, 12004323253898617 ], 
  [ 431271844167751 ], [ 4560550355482049131682105866143834383 ], 
  [ 4204763551, 1409652030057451, 126246046403034301, 214313933465980501, 
      69602867192090805315980401 ], 
  [ 594019751209, 1773174281363099534237, 11725565733102466034173, 
      4748548715269522311218987849 ], [ 6159986449, 16268651395921 ], 
  [ 5755838886359284093079105907255643 ],, [ 37657336001 ], 
  [ 169055192179, 196018568691319825219, 11128857872663472797868679 ],,, [ 47897713234729 ], 
  [ 2477925781, 800265335501, 11018935831661, 117764256811837921, 9906250247315938501, 
      10960001735342101247234111 ], [ 1110627745547, 105513324000941 ], 
  [ 77219029690641043467859 ], [ 39121846721 ], [ 5561110515091 ], 
  [ 69642720380734699756913839261 ], [ 12265156826483382641 ],, [ 2526144425717376850279 ],, 
  [ 3245431991, 33918329417311, 120855077522061301, 308901734763608320211, 
      1405254139573636315883971, 320360535823148394951119903791 ], 
  [ 2700913921, 292873922023681, 3624437405550968641 ], 
  [ 2779608214049, 946310586538991, 774056159616517425298013681 ], [ 87575115841001447 ],, 
  [ 13185118420429601, 251166372349295272670011201, 16488908813273234712727706401 ], 
  [ 30968273883101 ], [ 215913590193178687 ], [ 452578522890321469501 ],, 
  [ 5413134721, 3874626377139524123264340935437055271292501 ], 
  [ 123315473227, 485198912877110321, 2963523800973199564583969449 ], [ 1006148821 ], 
  [ 3024818489449, 17922991774031909439481 ],, [ 83616840341, 28920005784167040254725052381 ]
   ,, [ 20340745568977 ],, [ 13454888761, 1981181955526272780926584969 ], [ 9376679913511 ], 
  [ 30216177212991241 ], [ 40621801233781 ],, 
  [ 502571603520911, 5110513457036997619, 5667760791101264171 ], 
  [ 296252334813559921, 19247761548049914001, 102807943560358265581099760290289761 ], 
  [ 1213369609, 36628380449 ], [ 206235953539541, 1227859692211652927701 ],, 
  [ 21093807773, 5002356571317317, 18068861452955344774612277 ], [ 47600666051501 ],,, 
  [ 8997785046529, 48957809575087289473 ], [ 101300212056533209 ], 
  [ 141481340521, 1999240753381, 91162304914047393001 ],, 
  [ 214861595941609, 299874890318476503624397 ],, [ 18247676827773989 ], 
  [ 53358253344099790561, 2123563644835482559826350315612744685742241, 
      730891436548181596884348917947731617881154401 ], 
  [ 138482604375569, 148010060663833, 5263738220106317599889, 24580769082865242784057 ], 
  [ 3123583009115329 ], [ 31530485615023, 60893912192588803 ],, 
  [ 2535843521, 595688005649054921, 10978690701685021841 ], [ 1851297289, 8738913229 ],, 
  [ 1077527357957644309 ], [ 268692351951502594369, 99031535281263527598241 ], 
  [ 385698310398811, 1756999404648910781, 400975796261339042431 ],,, [ 10364137933 ], 
  [ 20550747126364284758861, 9224738201394581258115659 ], 
  [ 435098241301, 516326307720268254264901, 82151547458571098655792279997501 ], 
  [ 1287991949, 490342470329, 50616104614513091 ], 
  [ 209186167520698217, 5937170232962557160449, 308616503100430279974775817 ],, 
  [ 4818630899083, 3830327671485701, 1292629762944549622394423522363 ],, 
  [ 260545301641, 9251514778878350317 ],,,, [ 1038461761 ],, [ 2000309581, 3853948249 ],, 
  [ 225744521213, 2886210137201, 430050880506772933 ], 
  [ 692185655701, 2968304434261, 8237607244342385251, 230127387479298442981, 
      82015854157269140538463441, 22596648598974841649822771461 ],, [ 488185682521 ], 
  [ 28076717257, 1154346430295398945921, 243148835902649784973945969 ], 
  [ 3991432828709, 1793399992351969 ], [ 857792952238105561 ], 
  [ 372876883471, 103465480012021 ], [ 44041611533 ],, [ 3251420604338552141756203 ], 
  [ 4050372901, 626788196651, 4907153323156965625049745869801 ], 
  [ 712572063809, 728997873099011473 ],, [ 11504465741, 21752211304867, 771303502371351307 ],
  [ 806469623669 ], [ 706609702349865361, 28873225992155807945639531881 ], 
  [ 133218428324630219 ],, [ 380951268361, 163793940860281 ], [ 341620583663788123861577 ], 
  [ 4374005668564421, 28001933044092105549795451 ], 
  [ 23138785860349, 1620919778310197313140287 ],,,, [ 623810477620985716978481 ],, 
  [ 166554799267060711681 ], [ 104971067221 ], 
  [ 548096984475881, 727560263729644810903, 478314501278214797754661 ], 
  [ 4095023011, 46759880281007401, 312492918960146706601, 17503090039267292333001181 ], 
  [ 4403636077, 4824247065653 ], [ 429185500201, 2688646807981 ],, 
  [ 10153969429, 20476167774551 ], [ 23244489357968072801, 483564573821238524493601 ], 
  [ 86984400555721, 4328565850736251, 18348946218675151 ],,,, 
  [ 2282824412287470221, 52304126847339284251 ], [ 288766399988527 ],,,, 
  [ 103534767171613685309221 ],, [ 9793723721 ],,, 
  [ 44827323271, 86919251921966521, 151319621679652398483601, 25140236923208477507551901 ],, 
  [ 2283597331, 995858487541 ], [ 1140846103 ],, [ 39731696401, 18043871060074008475481 ], 
  [ 20987814844304881 ], [ 38450397781, 230119570995189229 ],,, 
  [ 4006607204701, 229921784229142801, 36898474685751873847593508501 ], 
  [ 29186189555161, 31373459566301, 6918998360652827556565741457106209 ], [ 18304940337631 ],
  ,,, [ 16878641550340947301, 33899298929855796361, 120747956122607077406007559 ], 
  [ 13366583190582863489 ], [ 347406064958891 ], [ 49546566343 ], 
  [ 59356042441, 124358329301, 166923664980789601 ],,, [ 2112507041, 1388143822661 ],, 
  [ 1972975199979808474561, 3622138617363934002721 ], [ 32538986141 ], 
  [ 3672834001, 5651893677343 ], [ 66361928715018991 ],, 
  [ 358979109423703861, 87804993528571691225071 ],, 
  [ 194195270685349831, 1387727019053549851 ],,, [ 1602382788001 ], 
  [ 310012104507244865399 ], [ 2754443161, 10163632735220329 ],,,, [ 6541303826611457 ], 
  [ 652968726409 ], [ 867885505723, 234845923176488016901 ],, [ 3892110006721 ], 
  [ 12391694114509 ], [ 1595247117820723, 2804066570035543 ],,, 
  [ 222711499214438471, 4925783475854990750161, 67697550615402213799006411 ], 
  [ 313687447123 ], [ 82754942689395421 ], [ 5582997179237, 184747778423648030881 ],, 
  [ 3238014337116786137881 ],, [ 34749167238782264497 ],, [ 2800304802847756005349 ], 
  [ 3050647051, 688086827360351, 247563626336178802651 ], 
  [ 4283478601, 103868956801, 382593267389041, 3159448724815399117 ],,, 
  [ 211419360317095849, 360654695787867211 ], 
  [ 40318959182843797121, 3105120214908879539478961 ],,, [ 2508556654137173009 ], 
  [ 59012825811689, 304126422286763801069369 ],,, 
  [ 7494639281641, 164636172709961, 3611970145824181 ],,,, [ 8030482561, 266815740199 ], 
  [ 2586836761, 5705883927253, 53276418834922357 ], [ 5233393955089 ], [ 2407807081 ], 
  [ 2183519201, 5596566541, 181700951851, 5178483816851 ],, [ 3041343559 ], 
  [ 172552844482728073043 ],,, [ 417483947861 ], [ 48505555906509831888329 ],, 
  [ 11410248449, 5049737132641 ], [ 2918441412241, 815632575534695360705831 ],, 
  [ 1366344252409 ], [ 41978640401237 ],,,, [ 54461845532256241 ], 
  [ 4458497201, 61163455201 ], [ 3429264902538583 ], 
  [ 2237251013547484411, 4999109501861146075398121, 41482739877682298329755811 ],,, 
  [ 1477932667 ], [ 18636544631 ],,, 
  [ 228069136247, 38339194771146403, 105953017340082641, 4806911774985233668049 ], 
  [ 6803221739 ],, [ 1694469233747551, 1212846405543613751 ], [ 70481362349, 74869208491523 ]
   ,, [ 4946415809 ], [ 1683147551 ], [ 46336429261, 28900166936521 ],, 
  [ 96900036601272205837 ], [ 19833518629 ], [ 239969231670701063 ], 
  [ 37651673614538018551, 37801627569236123011 ], [ 22764449569, 1356517972230264380386081 ],
  ,, [ 56641608211 ], [ 87569994041 ], [ 101828424281 ],, [ 225672441079 ],,, 
  [ 17505736423972483 ],,,, [ 879520188026201 ], [ 536831713081 ],,, [ 88766038789 ], 
  [ 7894709401617800291, 3662793348895621466161 ], [ 2597325542341168495720601 ],,,, 
  [ 13045048561 ], [ 128444922026989 ],, [ 684279537349 ],, [ 992541052211, 3130409926481 ],,
  , [ 1109375009 ],,, [ 1148556641, 1204477944881 ], [ 408459433933 ], [ 25456702855999 ], 
  [ 22537110144583, 41306240224547 ], [ 63231488251, 471767738143501, 90040063209897751 ], 
  [ 105567477193 ], [ 297158304379, 639513292211 ], [ 20741551142761, 46572365351812169143 ],
  , [ 18696153721271561, 244522094830924681, 4914594045320569321 ],, 
  [ 9569054543, 37377054727 ],, [ 1874841601 ], 
  [ 64841558196581692518301, 2473535291348026593031961 ],,,,,, [ 983437862851 ],,, 
  [ 911494448261543 ],, [ 204958295516639114209 ],, [ 15006249238814663909 ], 
  [ 17416553491, 28463434312699 ],,,, [ 16671058171 ], [ 390559238938401557 ], 
  [ 6460461991, 3933777020401, 430217981477764101541, 3015349253286856792950564091 ],,, 
  [ 138795816794118241 ],, [ 13142813132876758081 ],,, [ 3748975368794111 ],, 
  [ 611231116255391, 18368399366019811 ], [ 77032277302010369 ],,, [ 15946432729 ], 
  [ 1658370001, 598469654161, 1030475628001, 1090877304424321, 2186230874989561 ], 
  [ 9561199428239 ], [ 23799818443432541 ],, [ 5230405913 ], 
  [ 10462579398371851, 216411417375946901 ], [ 2145539582911699382389 ], [ 1759141860029 ],,
  , [ 340319089921 ],,, [ 5699288891 ], [ 1452949541, 9437557957098181 ], [ 6349941999091 ],,
  ,, [ 473752260645149 ], [ 1496460137041 ],,, [ 2172913229 ],,,,,, 
  [ 1546639769, 72313633703419 ], [ 17499913201, 409192471125901 ],, 
  [ 1210477873311975139681 ], [ 305520477421 ],, [ 110513126584771 ], 
  [ 8282084953, 60441033437423673697921 ], [ 57562769441 ],, [ 10236498661 ], [ 1702378121 ],
  , [ 921656733229 ], [ 797997717119, 22729537586069, 442268898417691 ], [ 446913869089 ],,, 
  [ 2071924891 ], [ 4997991665220373 ], [ 4887670369 ], [ 1580198281 ], 
  [ 11252463181, 11657794169851 ], [ 1685620109362781833 ], [ 441950535720739 ], 
  [ 22161923089 ],,, [ 4728496231 ], [ 26089215623 ],, [ 26569392961 ],,, 
  [ 187206715073869 ], [ 48244367539634333 ], [ 6671800750388742162371 ], 
  [ 90631277107280641 ],,, [ 2132445871 ], [ 6752275851080761 ],,,, 
  [ 101032777249, 168471108703 ], [ 16806341971, 1202428109417442931 ], 
  [ 104503445777, 2426462671649, 2577342018721 ],, [ 729251950807 ], [ 7102137699121 ], 
  [ 285128314001 ], [ 1073607338409181, 27767835641594911 ],, [ 28111538251 ], 
  [ 208119559033 ], [ 5381910241, 10410343711, 42282533797512221, 60240287510442401 ],,,,,, 
  [ 1225745858681 ], [ 346814808577 ],,, [ 2435531141231 ],,,,,,, [ 301118372641 ],,, 
  [ 1005806551, 41067016201, 2872416318451, 169874980083901, 1267484040344896501, 
      16316651865672200449051 ], [ 195490506609867769, 84688236501571221749 ], 
  [ 2115926081 ], [ 20764203179809, 158930635842552289 ],,,, 
  [ 59330409657037, 602108287682363281, 5381338491215544677 ],, [ 49562506703919829 ], 
  [ 113446615181 ], [ 457127685761 ], [ 9850832179 ], [ 62125446167 ],, 
  [ 365568742081, 14257780724521 ],,, [ 1404800731 ], 
  [ 12529923147824129, 681406769468040961 ], [ 7444596451, 197513180771 ], 
  [ 2311751989, 2881373041, 531718679911790281, 543971837428705141, 12914125955579530501 ],, 
  [ 60748249013 ],, [ 150292968269243801 ], [ 4982972909, 36717311532389 ],,,, 
  [ 185464598558971 ],,,,,,, [ 1576054286657821 ],, [ 9017028654877, 12879218437007342449 ], 
  [ 10233475046146171, 15681575105514881 ],,, [ 142261245353 ],, [ 226497617244601 ], 
  [ 1147590962489 ],,, [ 26377635577301 ],,,, [ 15540018074761 ],,,,,, [ 19723299433 ],, 
  [ 243930265087, 516458050522139701 ],,,, [ 1351645787761, 107045483659160801 ],, 
  [ 52204926315169, 2645837722768190833 ],, [ 4280969308591603, 406272989569782061 ], 
  [ 7054736501, 132909065101, 4448966109976218671 ],,,, [ 2591058361 ], 
  [ 3960525109201, 28108797907550401, 699779982681668401 ],, [ 200290631381 ],, 
  [ 2184989329 ],,,,, [ 43597306369 ], [ 14456006921, 1372453964521 ],,,,, 
  [ 1637973131366937811, 90668843018282288701 ],,,,, [ 1506813281 ],,,, [ 365277261978721 ], 
  [ 23784801251, 58172102492501, 4797834638467501 ],,,,,,,,,, [ 242916845891 ],, 
  [ 3815464381 ], [ 9028126823 ], [ 543406270951 ], [ 9169761483521 ],, [ 16074037123 ],, 
  [ 9983171437 ], [ 60473636521, 635101227571, 212314991471339383021 ],,, [ 6152286313 ], 
  [ 427349950501 ],,,,, [ 65036801101 ],,,, [ 47697729057889 ],,,, [ 822193388141 ], 
  [ 5835312289 ], [ 1065727969 ], [ 8142841112911, 10010757949081, 229828783638931 ], 
  [ 4161265810130629 ],, [ 10301020253 ],,,, [ 14841986553409, 59033235926113 ],,, 
  [ 7238895751, 29172327961838269051 ],,,,, [ 293246949521 ],,,,, 
  [ 2943660091, 17050378841, 3207034272731, 13124266307868371 ],,, [ 1995647201 ],,,, 
  [ 1472260204272757 ],,, [ 3004544771, 39626809441, 163879785128881 ], [ 37980741577 ],,,, 
  [ 3103025801 ],,,,, [ 716918816011, 3922338659881 ],,,,,,,, [ 1997103531361 ], 
  [ 56779923229, 148955189842161529 ],,,,,,,,, [ 3301374169 ], [ 4114006921, 110974548413 ],
  , [ 4135316982127 ],, [ 9900749041, 43970269433273, 63858836495273, 132870205175913853649 ]
   ,,,, [ 595655113609, 2568959229409 ],,, [ 7211363523841, 1989811683765991 ],,, 
  [ 1430844368167 ], [ 1125941879 ],,, [ 183961018233329 ],,, [ 1073120701929061 ], 
  [ 10025212725923 ],, [ 18388798568094373 ],, [ 662211373407454876711501 ],,,, 
  [ 1846794067, 29627577227 ], [ 22901827231, 110175089757511 ],, [ 35694169981 ], 
  [ 3947966443 ],,,, [ 849921628069, 11788670679661 ],, [ 265413739049 ], 
  [ 91324352117431, 2555533879695001 ],,,,,,,,, [ 11976441579343 ], 
  [ 23495324701, 926368125251, 6034794542701 ],,,,,,, [ 91839574403 ],,,, [ 1010959489 ],, 
  [ 3553193653, 10194634392521 ],,,, [ 26514230689 ],, [ 14054824261, 31563135641 ],, 
  [ 10858846106944757 ],,,, [ 4287028672001 ],,,,, [ 13701611981 ], [ 1571545249 ],,,,,, 
  [ 77462259253 ],,, [ 7219069511, 2462812966001 ],,,,, [ 8089456224761, 17634000509401 ],, 
  [ 4130238733261, 1650803727061663 ],, [ 19294775936206633 ], [ 91740770551, 1321805502601 ]
   ,,, [ 4518185689 ],,, [ 181701530509 ], [ 21454019393 ],,,, [ 829794091051333 ],,,,,, 
  [ 2658823751983583 ],,, [ 1990296101 ],,, [ 1813657715489 ], [ 13249854909901 ], 
  [ 391702827601 ], [ 1073824139, 78310849651 ], [ 3415793285893693 ],, [ 141360860761 ], 
  [ 2942786881, 13225641536161 ], [ 8356107649, 672966345176129, 1754255768679433 ],,,,,,,,, 
  [ 289183027449551 ],, [ 3573297151 ], [ 1282363237 ],, [ 8833029279661 ],,,,,,,, 
  [ 17023749734801, 60605619596021 ], [ 2374372381 ],,,, [ 20718081539 ],, 
  [ 21230581831, 958675901311 ], [ 12487416901 ], [ 19667436809 ], [ 57187924609 ], 
  [ 9999740479 ], [ 287424982021 ],, [ 15065639161, 36938364917, 142228199369 ],,,, 
  [ 1791272449 ],, [ 2199205959283 ],, [ 123499081801 ],, [ 615457875977407 ],, 
  [ 25564404937 ],, [ 115822384963 ],,,,,,,, [ 14123193809, 278644150427 ],, [ 40140687277 ],
  ,,,,,,,,,, [ 1997392069 ],,, [ 389618597041 ],,,, [ 39252165383 ], [ 1235060201 ],, 
  [ 206496953899 ],,, [ 16685078314347841 ],, [ 1382539489, 417234289309 ],, [ 1245125617 ], 
  [ 2580483151, 283111971661 ], [ 2417028109, 81469467384427 ], [ 156519231941 ],,,, 
  [ 1056973068301 ],,,,, [ 170250385213 ],, [ 35222440163 ],,, [ 5987500891, 2637503593481 ],
  [ 14036716123 ],, [ 1258933091161 ],,,,,,, [ 1137380750959 ],, [ 55934759539 ],, 
  [ 3725236006040251 ],,, [ 120127739023 ],,,, [ 1142872478303 ], [ 1525045861 ],, 
  [ 232221346321 ],,, [ 69620506801 ], [ 56128182941 ],,, [ 8609329921 ], [ 13420712761 ],,, 
  [ 4320714909747157 ], [ 65516483129 ],,, [ 5466565819756001 ],,,,, [ 618784438241491 ],,,,,
  ,, [ 10606581403969 ],, [ 375058237867 ], [ 72566985649393901 ],,, [ 1480161821 ],,,,,,,, 
  [ 69533495389, 9765002675143 ],,, [ 66595830421 ],,,, [ 16923919500821 ],, 
  [ 2334750931, 2671395031, 227479424941 ],,, [ 534581887733407 ], [ 2387540959 ],,,,, 
  [ 4157786855197 ],,,,,,,,,,,,,,,,,, [ 1069470109, 115152108823 ],,, 
  [ 2551411349521, 18389370953359201 ],,,,,,, [ 70492826849 ],,,,, [ 445681145941 ],,,, 
  [ 2992737691 ],,,, [ 16302506921 ], [ 7546115527 ], [ 5037920165269 ],,,,, 
  [ 5603744329, 1595987517853 ],,,,,,,,,,,, [ 3876278689 ],, [ 1894312561 ],,,, 
  [ 3668763121 ],,,,, [ 2935968941, 10075764401 ],, [ 5116267385539 ],,,,, 
  [ 59160798049, 9820469949709 ],,, [ 29651793122251 ],,,,, [ 421687960181 ],,,,,,,,, 
  [ 1645953468829 ], [ 5319769292881 ],, [ 12558430109 ],, [ 14619507761 ],,,, 
  [ 110507972401 ],,,,,,,,,,,,,, [ 281023239281 ],, [ 3955006609 ],,,,,, [ 168517999791181 ],
  [ 1486476769, 3601574441 ], [ 49142808529 ], [ 1910300881 ],,,,,,,,,, [ 99531037789 ],, 
  [ 2160752701, 47740582618021, 2575583940184831 ],,,,,,,,,,,,,,, [ 1448748001 ], 
  [ 1757252759 ],,,, [ 560931074451751 ],,,,,, [ 10503281531 ],,,, 
  [ 18779800591, 10331752441422177001 ],,,,,,, [ 12649232389 ],,,,,,,,,, [ 62403133409 ],,, 
  [ 2822039221 ],,, [ 15978290540461 ],,,,,,, [ 150345096931, 3016477029421 ],,,,,,,,,,,,,,, 
  [ 17097912721 ],,,,, [ 15514111801 ],, [ 435607439779 ], [ 5289344077 ], [ 400079091889 ],
  , [ 1813068791 ],,,,,,,,,,,,,,, [ 11911806481 ],,,,,, [ 93462044849 ],,,,,, 
  [ 110720913469 ],,,,, [ 12461339554061 ], [ 17418273889 ], [ 9536903461 ], 
  [ 4876887403, 1643911581167 ],, [ 4905536281 ],, [ 28845620981 ],,,, [ 9003057589 ], 
  [ 539111420531 ],,,,,, [ 4400063419 ],,,, [ 3758227351 ],,,,,,,,,,,,,,,, [ 1410045409 ],,,,
  ,,,,,, [ 1580588941, 82353123161 ],, [ 1084437619 ],,,,, [ 1229112221 ],,, [ 3188561689 ],
  , [ 8555660041, 54780722819 ], [ 25690065677 ], 
  [ 15020571931, 397854701791, 1663953389281 ],,,, [ 5285914351 ],, [ 818229125869 ],,,,,,,,,
  ,,,, [ 2072584289 ],,,, [ 1861373237 ],,,,,,, [ 283292141581 ],,,,,,,, [ 1245437489 ],, 
  [ 2593469831 ],,,, [ 3238237069 ],,,, [ 3505675609 ],,,,,,,,,,,,,,,,,,,,,,, 
  [ 371646852001 ], [ 38402502961 ],,,,,, [ 2343714829 ], [ 3296439733 ],,,,,,,,,,, 
  [ 21075171571 ],,, [ 11866777183 ],,,,,,,,,,, [ 76554525841 ], [ 1109389787101 ],,,,,,,,, 
  [ 7294963399 ],,,,,, [ 2115008281 ], [ 17467082981 ],, [ 1931526673 ],,,,,,,,,,,,,,,,,,,, 
  [ 38896626653 ],,,,,,,,,,,,,,,,,, [ 13843730083 ],,,,,,, [ 1923801559 ],,,,,,,,,,,,,,,,,,,,
  ,,,,,,,,,,,, [ 2870983111 ],,,,,,,,,, [ 3926204101 ], [ 1292271082537 ],,,, [ 3665062801 ],
  ,,,, [ 20183101531, 62823269221, 24532540856431 ],, [ 6158589477379 ],,,,,,, 
  [ 14180303701 ],,,, [ 1223695667 ],,,,, [ 2105813011, 108889674041 ],, 
  [ 6186212491, 35685396661 ],, [ 4180128401 ],, [ 1623368371 ],, [ 310797064909 ],,,,,,,,, 
  [ 8170884721 ],,,,,,, [ 450657946621 ], [ 40769820037 ], [ 1186843789 ], [ 1557901841 ],, 
  [ 64667875969 ],,, [ 2657009071, 45248965081 ],,,,, [ 2178822001 ],,,,, [ 33307672786291 ],
  ,, [ 9554097073 ],,,,,, [ 4854837341 ],, [ 2488401649 ],,, [ 1557983491 ],,,,,, 
  [ 34719562351 ],, [ 1385226991 ],, [ 26403429791 ],, [ 7058400919 ],,,,,,, [ 306787733201 ]
   ,,,, [ 25159961521 ], [ 35298949159 ],,,,,,,, [ 231962519161 ],,,,,,,,,,,,,,,,,,,, 
  [ 27202761251 ],,,,, [ 52320050641 ],,,,,,,,,,,,,,, [ 299815396981 ],,,,,,,,,,,,,, 
  [ 23179846276361 ],,,,,,,,,, [ 7621933411 ],,, [ 2341070587 ],,,, 
  [ 3937701743, 5966537261 ], [ 550409763581 ],,,,,,, [ 3697469821 ],,,,,,,,,,,, 
  [ 10589682907 ],,, [ 135907811551 ],,,,,,,,,,,, [ 1451983189 ],,, [ 1377961201 ], 
  [ 6291915604199 ],, [ 1100071540699 ],,,, [ 8578624081 ],, [ 16169836951 ],, 
  [ 297846078781 ], [ 2317477333 ],, [ 7019530589 ], [ 808714671931 ],,, [ 87533347609 ],,,,,
  ,, [ 4761976151 ],,, [ 5004917761 ], [ 8275606799 ], [ 33173156641 ],,,, 
  [ 104291125261, 3513857873527 ],,,, [ 9332466945721 ],, [ 1545121601 ],,, [ 21512417501 ],
  , [ 10011424054501 ],,,,,,,, [ 169733467259399 ],,,,,,,,, [ 6426158481247 ], 
  [ 139717548001 ],,, [ 1261578343 ],,, [ 1897109761 ],,,,,, [ 1367970001, 7614487501 ],,,,,,
  ,,, [ 2680615489 ],,,,,,, [ 12533298389 ],,,,,,,,,,,,,,,,,,,,,,,, [ 494404393471 ],,,,,,, 
  [ 2975544301 ],, [ 7982999562929 ], [ 1424915801 ], [ 287446931227 ],,,,,,,,, 
  [ 2163082321 ],,,,, [ 2267580641 ],,,,,,, [ 10669606729 ], [ 4823129173 ],,,, 
  [ 4262258369 ],,,,,, [ 376055183461 ], [ 86806110961 ],,,,, [ 1248302689 ],,,,,,,,,,,,,,,,
  , [ 4947107719 ],,,,,,,,, [ 2337983341 ],,,,, [ 5596433851 ],,, [ 4023324649 ],,,,,,, 
  [ 19761881501 ],, [ 4669373809 ],,, [ 93007829521 ],,,, [ 23957575267 ],,,,,,,,,,,,,,,, 
  [ 1028349281 ],,,,, [ 60134893061 ],,,,,,, [ 2047726525583 ],,, [ 1801236001 ],,, 
  [ 3980738561, 15150551041 ], [ 1301647741, 13811878711 ],,,,, [ 1365873029 ], 
  [ 1171255471 ], [ 52125891361 ],,,,,,,,,,,,,,,,,,, [ 981027791851 ],,,,, [ 264287732801 ],,
  ,,,,,,,, [ 24086618821 ],,,,,,,,,,,,,, [ 2143687753, 115061109257 ],,, [ 1660716331 ],,,,,,
  , [ 2940345689 ], [ 2874204631 ],,,,, [ 62120994721 ],,,,,,,, [ 16452291521 ],,,,,, 
  [ 587058496733809 ],,,, [ 17740383266383 ],,,,,,, [ 7514990341 ],,,,,,,,,,, 
  [ 679548671957 ],,,,,,,,,,,,,,,,,, [ 91160687587 ],,,,,,,,,, [ 2728078081 ],, 
  [ 7179217481 ], [ 8051943511 ], [ 55832616013 ],,,,,,,,,,, [ 78885958441 ],,,,,, 
  [ 191169614791 ],,,,,,,,,, [ 1290879851 ],,,,, [ 16194393841, 52469540161 ],,, 
  [ 3348749431 ], [ 19015273393 ],,,,,,,,,,,,,,,,,,,,,, [ 1056635957887 ],, [ 13870333097 ],,
  ,,,,,,,,,,, [ 1068476249 ],,,, [ 7492089991 ], [ 5620586401, 15708134069 ],,,,,,,,, 
  [ 85917941201 ],,, [ 23874622283 ],,,,,,, [ 16015546721 ],,,,,,,,,,,,,,,,, [ 71223035167 ],
  ,,, [ 1478840107 ],,,,,,,,,,,,, [ 3513354571 ],,,,,, [ 10165950901 ],,, [ 19384231681 ],,,,
  ,,,,,,,,,,,,,,,,,,,,,,, [ 4646490361 ],,,,,,,,, [ 3774693361 ],, [ 4807231703 ], 
  [ 40568794111, 55208225179, 23212947339919 ],,,,,,,,,,,,, [ 232991761241 ],,,,,,,,,,, 
  [ 2901550231 ],,, [ 593607003949 ], [ 1172879401 ], [ 7797010489 ],,,,,,,, 
  [ 2822540607001 ],,,,,,,,,,,, [ 28739457937 ],,,,,,,,,,,,,,,,, [ 22887839251 ],,, 
  [ 8872060597 ],,,,,,,,,,,,,,,,,,,,,,,,,,,, [ 1425889697 ],,,,, [ 203635396969 ], 
  [ 2067785201 ],, [ 175552639681 ],,,,,,,,,,,,,, [ 15710478367 ],, [ 2623670641 ],,,,,,,,,, 
  [ 1000546423 ],,,, [ 1117378189 ],,,,,,,,,,,, [ 44236876969 ],, [ 1376649529 ],, 
  [ 6286615061 ],,,,,,,,,,,,,,,,,, [ 26312818313 ],,,,,,,,,, [ 2502056041 ],,,,,,,,,,,,, 
  [ 2777238101749 ],,,,,,,,,,,,, [ 15814669877 ],,,,,,,,,,,,, [ 2749400831 ],,,,,,,,,,,,,,, 
  [ 907345020401 ],,,,, [ 3947731621 ],,,,,,,,,,, [ 2349683353 ],,,, [ 1885000921 ],, 
  [ 10643172583 ],,,,,,,,,,,,, [ 1894828501 ],,,,,,,, [ 14049014509 ],, [ 1441620221 ],,,,,,
  , [ 230427965197 ],,,, [ 1749932266241 ],, [ 1572948583 ],,,,,,,,, [ 1703050189 ],,, 
  [ 3416377141 ],, [ 104860804337 ],,, [ 3258342601 ],,,,,,,,,, [ 14588056081 ],,,,,,,,,,,,,,
  ,,,,,,,,,,,,,,,,,,,,, [ 2318881601 ],,,,,,,,,,,,,,,,,, [ 35997625009 ],,,,,,,, 
  [ 48772167329 ],,,, [ 7795557001, 297790828501 ],,,,, [ 1476627175631 ],,,,, 
  [ 61854113189761 ],, [ 1726948787 ],,,,,, [ 3651177457 ],,,,,,,, [ 19658402233 ],, 
  [ 1458030523, 1712386981 ],,,,,,, [ 5450996951 ],,,,,,,,,,,,,,, [ 108690590401 ],,,, 
  [ 1128755809 ],,,,,,,,,,,,,,,,,,,,,,,,, [ 271334855629 ],,,,,,,,,,,,,,,,,,,,,,,,,, 
  [ 65730402341 ],,,,,,,,,,,,,,,, [ 3772178191, 4482951661, 9685370179 ],,,,,,,,,,,,, 
  [ 1081698997 ], [ 1313869391 ],,,,,,,,,,,,,,,,,,,,,,,,,,,,,, [ 30092611891, 76692011771 ],,
  ,,,,,,, [ 3193013849 ], [ 18112635451 ], [ 1515864043 ],,,,,,,,, [ 9040040671 ],,,,,,,,,,,,
  ,,,,,,,,,,,,,,,,,,,,,,, [ 1520948881 ],,,,,,,, [ 11125242181 ],,,,,,,,,,,, [ 2086117021 ],,
  ,,,,,, [ 10082212840801 ],,,,, [ 5689393711 ],,,,,,,,,,,,,,,,, [ 5528520721 ],,,,,,,,,,,,,,
  ,, [ 76761012637 ],,,,,, [ 1681404661 ],,,,,,,,,,,,, [ 1385253091 ],,,,,,,,, 
  [ 43779666793 ],,,,,, [ 3766742641 ],,,,,,,, [ 6977179621 ],,,,,,,,,,,,,,,,,,,,,,,,,,, 
  [ 3418592581, 32647472821, 175806137071 ],,,,,,,,,,,,,,, [ 7615133761 ],,,,,, 
  [ 132873133927 ],, [ 1006171249, 4652087802289 ],,,,,,,,,, [ 3280462063 ],,,,,,,,,,,,,,,,,,
  ,,,,,,,,, [ 2780933581 ], [ 67407898043 ],,,,, [ 61204447669 ],,,,,,,,,,,,,, 
  [ 1551451721, 1559726351 ],,,,,,, [ 1152442873 ],,,,,,,,,,,,,,,,,,,,, [ 52410475279 ],,,,,,
  ,,,,,,,,,,,,,,,,,,,,, [ 627763970881 ],,,, [ 4579781881, 61997053957 ],,,,,,,,,, 
  [ 1015872769 ], [ 831343593991 ],,, [ 35135575201 ],,,,,,,,,,,,,, [ 2735882801 ],,,,,,,,,,,
  ,,,,,,,,,,,, [ 132001139981 ],,, [ 56443452803 ],,,,,,,,,, [ 1317936973, 43002101209 ],,,,,
  , [ 8648555743 ],,,,,, [ 580320455761 ],,,,,,,,,,,,,,, [ 2485728911 ],,,,,,,,, 
  [ 126441217937 ], [ 1933062121, 339571468231 ],,,,, [ 157242869501 ],,,, [ 5621971447 ],,,,
  ,,,, [ 1313264441 ],,,,,,,,,,,,, [ 16830011251, 34383521251 ], [ 223961132449 ],,,,,,,,, 
  [ 30229864361 ],,,,,,, [ 1255898177 ],,, [ 40464604391 ],,,,,,,,, [ 58254496969 ],, 
  [ 146030403949 ],,,,,,,,,,,,,,,,,,, [ 770812703701 ],,,,,,,,, [ 2461525541 ],,,,,,,,,, 
  [ 182549220001 ],,,,,,,,,,,,,,,,,,,,, [ 41558731831 ],,,,,,,,,,,,,,,,, [ 5911568983 ],,, 
  [ 9873499871 ],,,,,,,,,,,,,,,,,,, [ 2065954897, 13917218737 ],,,,,,,,,,,,,, [ 4495708489 ],
  ,,,,,,,,,,, [ 6785860201 ],,,,,,,,,, [ 7160159761 ],,,, [ 1050508937 ], [ 229925403151 ], 
  [ 2592150823 ],, [ 6610488133 ],,,, [ 7825173217 ],,,,,,,,,,,,, [ 2667461341 ], 
  [ 271352370083 ],,,, [ 3842762281 ],, [ 2128165453 ],,, [ 2420854151 ],,,,,,, 
  [ 3023795449 ],,,,,,,,,,,,, [ 4319622581 ],,,,, [ 4712126401, 11708539201 ],,,,,,,,,,,,,,,,
  ,,,,,,,,, [ 3538456751 ],,,,,,,,,,,,,,,,,,, [ 2514104921 ],,,,,,,,,,, [ 12863626301 ],,,,,,
  ,,,,, [ 64952967223 ],,,,,,,, [ 1519456181 ],,,,,, [ 1119927041 ],,,,,,,,,,,,,,, 
  [ 1932536731 ],,,,, [ 2722067801 ],,,,,,,, [ 28311195529 ],,,,,,,,,, 
  [ 2040100063, 9027969523 ],,,,,,, [ 1849022951, 592778992501 ],,,,,,,,,,,,, [ 1663335241 ],
  ,,,,,,,,,,, [ 1657080001 ],,,,,,,,,,,,,,, [ 9521602171 ], [ 59753540281 ],,,,,, 
  [ 1923278677 ],,,,,,,,,,,,, [ 153217352611 ],,,,,,,,,, [ 3085403311 ],,,,,,,,,,,,,,,,,,,,, 
  [ 100214410609 ],,,, [ 30477778321 ],,,,,,,,,,,,,,,,,,,,,,,,,, [ 115405537441 ],, 
  [ 3217528289 ],,,,,,,,,,,,,,,, [ 63371143525033 ],,,,,,,,,,,,,,,,,,,,,,,,,, [ 1077312161 ],
  ,,,,,,,,,,,,,,,,,,,,,,,, [ 1850597011, 35457332851 ],,,,,,,,,, [ 2738605951 ], 
  [ 7053797089 ],,,,,,,,, [ 6408163241 ],,,,,,,,,,,,,,,,,,,,,,,,,,,,,, [ 1523138891 ],,,,,,,,
  ,,,,,,,,,,,,,,,,,,,,,,,,,,, [ 391125984001 ],,,,, [ 22801514311 ],,,,, [ 2111104601 ],,,,,,
  ,,,,,,,,, [ 22759660351 ],,,,,,,,,,,,,,,,,,,,,,,,, [ 1733570101 ],,,,, [ 5498142061 ],,,,,,
  ,,,,,,,,,,,,, [ 341545175161 ],,,,,,,,,,, [ 89935253791 ],,,,,,,,,,,,,,,,,,,,,,,,,,,,,, 
  [ 2674988671 ],,,,,,, [ 1608408523 ],,, [ 7887198001, 13089505588501 ],,, [ 556251537697 ],
  ,,,,, [ 2106037363 ], [ 4985519881 ],,,,,,,,,,,,,,,,, [ 76778634529 ],,,,,,,,,,,,,,,,,,,,,,
  ,,,,,, [ 6173458721 ],,,,,,,,,, [ 3858185521 ],,,,, [ 20305453115261 ],,,,,,,,,,,,,,,,,,,, 
  [ 3271312081, 155260679911 ],,,,,,,,,, [ 12905152651 ],,,,,,,,,,,,,,,,,,,, 
  [ 4936612381, 13906220971 ],,,,,,,,,, [ 4929843001 ], [ 4227063457, 38370087169 ],,,, 
  [ 3167514481 ],,,,,,,,,, [ 813608157041 ],,,,,,,,,, [ 76157481121 ],,,,,,,,,,,,,,, 
  [ 4631599151 ],,,,,,,,,,,,,,,,,,, [ 1518238963, 2170688323 ],,,,,,,,,,,,,,,,,,,,,,,,,,,,,,,
  ,,,,,,,,,,, [ 5672330929, 12130662853 ],,,,,,,,, [ 19373039821 ],,,,,,,,,, [ 6289123751 ],,
  ,,,,,,,, [ 3853281337181 ], [ 47558266429 ],,,, [ 2098929241 ],,,,,,,, [ 1055339683 ],,,,,,
  ,,,,,,,,,,,,,,,,,,,,,,,,,,,,,, [ 24502372681 ], [ 1362032851 ],,,,,,,,,,, [ 1895384116783 ]
   ,,,,,,,,, [ 64943804971, 503121264031 ],,,,, [ 2313963961 ],,,,, [ 9384938851 ],,,,,,,,,,,
  ,,,, [ 1354456321 ],,,,, [ 2188599271 ],,,,,,,,,,,,,,,,,,,,,,,,,,,,,,,,,,,,,,,,,,,,,,,,,,, 
  [ 7908934568473 ],,,,,,,,, [ 3664933471 ],,,,,,,,,, [ 128854008181 ],,,,, 
  [ 15805425121, 53191998721 ],,,,,, [ 472508295583 ],,,,,,,,,,,,,,,,,,,,,,,,,,,,,,,,,,,,,,,,
  ,,,,,,,,, [ 14582966191 ],,,,, [ 4979759401 ],,,,,,,,,,,,,,, [ 3063920401 ],,, 
  [ 44644720129 ],,,,,,,,,,,,,,,,,,,,,,,,,,,,,,,,,,,,,,,,,,,,,,,,,,,,,, [ 1799213089 ],,, 
  [ 3951462241 ],,,,,,,,, [ 33230180257 ],,,,,, [ 124285935121, 520229796061 ],,,,, 
  [ 3473710241, 2266594092751 ],,,,,,,,,,,,,,,,,,,,,,,,,,,,,,,,,,,,,,,,,,,,,,,,,,,,,,,,,,,,,,
  ,,,,, [ 1337696122183 ],,, [ 4464213601 ],,,,,,,,,,,,,,,,,,,,,,,,,,,,,,,,,,,,,,,,,,,,,,,,,,
  ,,,,,,, [ 3593059363 ],,, [ 4359511621 ],,,,,,,,,,,,,,,,,,,,,,,,,,,,,,,,, [ 4460082229 ],,,
  ,,,,,,,,,,,,,,, [ 37153643617 ],,,,,,,,,,,,,,,,,,,,,,,, [ 4051605545041 ],,,,,,,,,,,, 
  [ 3209947813 ],,,,,, [ 21877986769 ],,,,,,,,,,,,,,,,,, [ 590780906773 ],,,,,,,,,,,,,,,,,,,,
  ,,,,,,,,,,,,,,,,,,,,,,,,,,,, [ 643010457169 ],,,,,,,,,,,,,,,,,,,,,,,,,,,,,,,,,,,,,,,,,,,,,,
  ,,,,,,,,,,,,,,,,,,,,,,,,,,,,,,,,,,, [ 15680828071 ],,, [ 167248614721 ],,,,,,,,,,,,,,,,,,,,
  ,,,,,,,,,,,,,,,,,,,,,,,,,,,,,,,,,, [ 1632024523 ],,,,,,,,,,,,,,,,,,,,,,,,,,,,,, 
  [ 1726369705237 ],,,,,,,, [ 12648410041, 20905993081 ],,,, [ 1585340672833 ],,,,,,,,,,,,,,,
  ,,,,,,,,,,,,,,,, [ 66548619985541 ],,,,,,,,,, [ 99163122301 ],,,,,,, [ 3290791969 ],,,,,,,,
  ,,,,,,,,,, [ 33256209001 ],,,,,,,,,,,,,,, [ 9474578101 ],,, [ 100160415517 ],,,,,,,,,,,,,,,
  ,, [ 111213851071 ],,,,,,,,,,,,, [ 3391021987 ],,,,,,,,,,,,,,,,,, [ 2227994077 ],,,,,, 
  [ 63755399269 ],,, [ 1167261301, 55248536401 ],,, [ 2128583953 ],,,,,,,,,,,,,,,,,,,,,,,, 
  [ 67882108057 ],,,,,,,,,,,,,,,,,,,,,,,,,,,,,,,,, [ 1388985361, 1889790361, 46254479041 ],,,
  ,, [ 2731048321 ],,,,,,,,,,,,,,,,,,,,,,,,,,,,,,,,,,, [ 79074941051 ],,,,, [ 39566281441 ],,
  ,,,,,,,,,,,,,,,,,,,,,,,,,,,, [ 4631161081 ],,,,,,,,,,,,,,, [ 3873639151 ],,,,,,,,,,,,,,,,,,
  ,,,,,,,,,,,,,,,,,,,,,,,,,,, [ 88434431311201 ],,,,,,,,,,,,,,,,,,,,,,,,,,,,,, 
  [ 13843882837201 ],,,,,,,,,,,,,,,,,,,,,,,,,,,,,,,,,,,,,,,,,,,,,,,,,,,,,,,,,,,,,,,,,,,,,,,,,
  ,, [ 17358648751 ],,,,,,,,,,,,,,,,,,,,,,,,,,,,,, [ 9533741881 ],,,,,,,,,,,,,,, 
  [ 3300246181 ],,,,,,,,,,,,,,,,,,,,,,,,,,,,,, [ 2331482401 ],,,,,,,,,,,,,,,,,,,,,,,,,,,,,, 
  [ 1690980301 ],,,,,,,,,,,, [ 644215329649 ],,, [ 4611833221 ],,,,,,,,,,,,,,,,,,,,,,,,,,,,,,
  ,,,,,,,,,,,,,,,,,,,,, [ 15097015081 ],,,,,,,,,,,,,,,,,,,,,,,,,,,,,,,,,,,,,,,,,, 
  [ 156129638869 ],,,,,,,,,,,,,,,,,,,,,,,,,,,,,,,,,,,,,,,,,,,,,,,,,,,,,,,,,,,,,,,,,,,,,,,,,,,
  ,,,,,,,,, [ 8462952541 ],,, [ 3865280401, 238535748151 ],,,,,,,,,,,,,,, [ 38389186441 ],,,,
  ,,,,,,,,,,, [ 3924142531, 378183125011 ],,,,,,,,, [ 116309928001 ],,,,,, [ 4219022881 ],,,,
  ,,,,,,,,,,,,,,,,,,,,,,,,,, [ 169514923296001 ],,,,,,,,,,,,,,,,,,,,,,,,,,,,,,,,,,,,,,,,,,,,
  , [ 1278590041 ],,,,,,,,,,,,,,,,,,,,,,,,,,,,,, [ 9798343201, 39612122551 ],,,,,,,,,,,,,,,,,
  ,,,,,,,,,,,,, [ 4747650931 ],,,,,,,,,,,,,,,,,,,,,,,,,,,,,,,,,,,,,,,,,,,,, [ 5501150401 ],,,
  ,,,,,,,,,,,,,,,,,,,,, [ 7882469281 ],,,,,,,,,,,,,,,,,,,,, [ 3646785871 ],,,,,,,,,,,,,,,,,,,
  ,,,,,,,,,,, [ 289888377151 ],,,,,,,,,,,,,,, [ 1434239041 ],,,,,,,,,,,,,,,,,,,,,,,,,,,,,,,,,
  ,,,,,,,,,,,, [ 6126366601, 17270338036261 ],,,,,,,,,,,,,,,,,,,,,,,,,,,,,,,,,,,,,,,,,,,,,,,,
  ,,,,,,,,,,,,,,,,,,,,,,,,,,, [ 13406320321 ],,,,,,,,,,,,,,,,,,,,,,,,,,,,,,,,,,,,,,,,,,,,,,,,
  ,,,,,,,,,,,, [ 7188396961 ],,,,,,,,,,,,,,,,,,,,,,,,,,,,,,,,,,,,,,,,,,,,,,,,,,,,,,,,,,,,,,,,
  ,,,,,,,,,,,,,,,,,,,,,,,,,,,,,,,,,,,,,,,,,,,,,,,,,,,,,,,,,,,,,,,,,,,,,,, 
  [ 15775433431, 21009902132251 ],,,,,,,,,,,,,,,,,,,,,,,,,,,,,,,,,,,,,,,,,,,,,,,,,,,,,,,,,,,,
  ,,,,,,,,,,,,,,,,,,,,,,,,,,,,,,,,,,,,,,,,,,,,, [ 2369747881 ],,,,,,,,,,,,,,,,,,,,,,,,,,,,,,,
  ,,,,,,,,,,,,,,,,,,,,,,,,,,,,,,,,,,,,,,,,,,,,,,,,,,,,,,,,,,, [ 2164144501 ],,,,,,,,,,,,,,, 
  [ 11036123341 ],,,,,,,,,,,,,,,,,,,,,,,,,,,,,,,,,,,,,,,,,,,,,,,,,,,,,,,,,,,,,,,,,,,,,,,,,,,,
  ,,,,,,,,,,,,,,,,,,,,,,,,,,,,,,,,,,,,,,,,,,,, [ 3211516443151 ],,,,,,,,,,,,,,,,,,,,,,,,,,,,,
  ,,,,,,,,,,,,,,,,,,,,,,,,,,,,,,,,,,,,,,,,,,,,,,,,,,,,,,,,,,,,, [ 3330688051 ],,,,,,,,,,,,,,,
  ,,,,,,,,,,,,,,,,,,,,,,,,,,,,,,,,,,,,,,,,,,,,,,,,,,,,,,,,,,,,,,,,,,,,,,,,,,,,,,,,,,,,,,,,,,,
  ,,,,,,,,,,,,,, [ 4401312301 ],,,,,,,,,,,,,,,,,,,,,,,,,,,,,, [ 4293154501 ],,,,,,,,,,,,,,,,,
  ,,,,,,,,,,,,,,,,,,,,,,,,,,,,,,,,,,,,,,,,,,,,,,,,,,,,,,,,,,,,,,,,,,,,,,,,,,,,,,,,,,,,,,,,,,,
  ,,,,,,,,,,,,,,,,,,,,,,,,,,,,,,,,,,,,,,,,,,,,,,,,,,,,,,,,,,,,,,,,,,,,,,,,,,,,,,,,,,,,,,,,,,,
  ,,,,,,,,,,,,,,,,,,,,,,,,,,,,,,,,,,,,,,,,,,,,,,,,,,,,,,,,,,,,,,,,,,,,,,,,,,,,,,,,,,,,,,,,,,,
  ,,,,,,,,,, [ 138675405132001 ],,,,,,,,,,,,,,,,,,,,,,,,,,,,,, [ 18402846421 ],,,,,,,,,,,,,,,
  ,,,,,,,,,,,,,,,,,,,,,,,,,,,,,,,,,,,,,,,,,,,,,,,,,,,,,,,,,,,,,,,,,,,,,,,,,,,,,,,,,,,,,,,,,,,
  ,,,,,,,,,,,,,,,,,,,,,,,,,,,,,,,,,,,,,,,,,,,,,,,,,,,,,,,,,,,,,,,,,,,,,,,,,,,,,,,,,,,,,,,,,,,
  ,,,,,,,,,,,,, [ 6205384711 ],,,,,,,,,,,,,,,,,,,,,,,,,,,,,,,,,,,,,,,,,,,,,,,,,,,,,,,,,,,,,,,
  ,,,,,,,,,,,,,,,,,,,,,,,,,,,,,,,,,,,,,,,,,,,,,,,,,,,,,,,,,,,,,,,,,,,,,,,,,,,,,,,,,,,,,,,,,,,
  ,,,,,,,,,,,,,,,,,,,,,,,,,,,,,,,,,,,,,,,,,,,,,,,,,,,,,,,,,,,,,,,,,,,,,,,,,,,,,,,,,,,,,,,,,,,
  ,,,,,,,,,,,,,,,,,,,,,,,,,,,,,,,,,,,,,,,,,,,,,,,,,,,,,,,,,,,,,,,,,,,,,,,,,,,,,,,,,,,,,,,,,,,
  ,,,,,,,,,,,,,,,,,,,,,,,,,,,,,,,,,,,,,,,,,,,,,,,,,,,,,,,,,,,,,,,,,,,,,,,,,,,,,,,,,,,,,,,,,,,
  ,,,,,,,,,,,,,,,,,,,,,,,,,,,,,,,,,,,,,,,,,,,,,,,,,,,,,,,,,,,,,,,,,,,,,,,,,,,,,,,,,,,,,,,,,,,
  ,,,,,,,,, [ 1098465281 ],,,,,,,,,,,,,,,,,,,,,,,,,,,,,,,,,,,,,,,,,,,,,,,,,,,,,,,,,,,,,,,,,,,
  ,,,,,,,,,,,,,,,,,,,,,,,,,,,,,,,,,,,,,,,,,,,,,,,,,,,,,,,,,,,,,,,,,,,,,,,,,,,,,,,,,,,,,,,,,,,
  ,,,,,,,,,,,,,,,,,,,,,,,,,,,,,,,,,,,,,,,,,,,,,,,,,,,,,,,,,,,,,,,,,,,,,,,,,,,,,,,,,,,,,,,,,,,
  ,,,,,,,,,,,,,,,,,,,,,,,,,,,,,,,,,,,,,,,,,,,,,,,,,,,,,,,,,,,,,,,,,,,,,,,,,,,,,,,,,,,,,,,,,,,
  ,,,,,,,,,,,,,,,,,,,,,,,,,,,,,,,,,,,,,,,,,,,,,,,,,,,,,,,,,,,,,,,,,,,,,,,,,,,,,,,,,,,,,,,,,,,
  ,,,,,,,,,,,,,,,,,,,,,,,,,,,,,,,,,,,,,,,,,,,,,,,,,,,,,,,,,,,,,,,,,,,,,,,,,,,,,,,,,,,,,,,,,,,
  ,,,,,,,,,,,,,,,,,,,,,,,,,,,,,,,,,,,,,,,,,,,,,,,,,,,,,,,,,,,,,,,,,,,,,,,,,,,,,,,,,,,,,,,,,,,
  ,,,,,,,,,,,,,,,,,,,,,,,,,,,,,,,,,,,,,,,,,,,,,,,,,,,,,,,,,,,,,,,,,,,,,,,,,,,,,,,,,,,,,,,,,,,
  ,,,,,,,,,,,,,,,,,,,,,,,,,,,,,,,,,,,,,,,,,,,,,,,,,,,,,,,,,,,,,,,,,,,,,,,,,,,,,,,,,,,,,,,,,,,
  ,,,,,,,,,,,,,,,,,,,,,,,,,,,,,,,,,,,,,,,,,,,,,,,,,,,,,,,,,,,,,,,,,,,,,,,,,,,,,,,,,,,,,,,,,,,
  ,,,,,,,,,,,,,,,,,,,,,,,,,,,,,,,,,,,,,,,,,,,,,,,,,,,,,,,,,,,,,,,,,,,,,,,,,,,,,,,,,,,,,,,,,,,
  ,,,,,,,,,,,,,,,,,,,,,,,,,,,,,,,,,,,,,,,,,,,,,,,,,,,,,,,,,,,,,,,,,,,,,,,,,,,,,,,,,,,,,,,,,,,
  ,,,,,,,,,,,,,,,,,,,,,,,,,,,,,,,,,,,,,,,,,,,,,,,,,,,,,,,,,,,,,,,,,,,,,,,,,,,,,,,,,,,,,,,,,,,
  ,,,,,,,,,,,,,,,,,,,,,,,,,,,,,,,,,,,,,,,,,,,,,,,,,,,,,,,,,,,,,,,,,,,,,,,,,,,,,,,,,,,,,,,,,,,
  ,,,,,,,,,,,,,,,,,,,,,,,,,,,,,,,,,,,,,,,,,,,,,,,,,,,,,,,,,,,,,,,,,,,,,,,,,,,,,,,,,,,,,,,,,,,
  ,,,,,,,,,,,,,,,,,,,,,,,,,,,,,,,,,,,,,,,,,,,,,,,,,,,,,,,,,,,,,,,,,,,,,,,,,,,,,,,,,,,,,,,,,,,
  ,,,,,,,,,,,,,,,,,,,,,,,,,,,,,,,,,,,,,,,,,,,,,,,,,,,,,,,,,,,,,,,,,,,,,,,,,,,,,,,,,,,,,,,,,,,
  ,,,,,,,,,,,,,,,,,,,,,,,,,,,,,,,,,,,,,,,,,,,,,,,,,,,,,,,,,,,,,,,,,,,,,,,,,,,,,,,,,,,,,,,,,,,
  ,,,,,,,,,,,,,,,,,,,,,,,,,,,,,,,,,,,,,,,,,,,,,,,,,,,,,,,,,,,,,,,,,,,,,,,,,,,,,,,,,,,,,,,,,,,
  ,,,,,,,,,,,,,,,,,,,,,,,,,,,,,,,,,,,,,,,,,,,,,,,,,,,,,,,,,,,,,,,,,,,,,,,,,,,,,,,,,,,,,,,,,,,
  ,,,,,,,,,,,,,,,,,,,,,,,,,,,,,,,,,,,,,,,,,,,,,,,,,,,,,,,,,,,,,,,,,,,,,,,,,,,,,,,,,,,,,,,,,,,
  ,,,,,,,,,,,,,,,,,,,,,,,,,,,,,,,,,,,,,,,,,,,,,,,,,,,,,,,,,,,,,,,,,,,,,,,,,,,,,,,,,,,,,,,,,,,
  ,,,,,,,,,,,,,,,,,,,,,,,,,,,,,,,,,,,,,,,,,,,,,,,,,,,,,,,,,,,,,,,,,,,,,,,,,,,,,,,,,,,,,,,,,,,
  ,,,,,,,,,,,,,,,,,,,,,,,,,,,,,,,,,,,,,,,,,,,,,,,,,,,,,,,,,,,,,,,,,,,,,,,,,,,,,,,,,,,,,,,,,,,
  ,,,,,,,,,,,,,,,,,,,,,,,,,,,,,,,,,,,,,,,,,,,,,,,,,,,,,,,,,,,,,,,,,,,,,,,,,,,,,,,,,,,,,,,,,,,
  ,,,,,,,,,,,,,,,,,,,,,,,,,,,,,,,,,,,,,,,,,,,,,,,,,,,,,,,,,,,,,,,,,,,,,,,,,,,,,,,,,,,,,,,,,,,
  ,,,,,,,,,,,,,,,,,,,,,,,,,,,,,,,,,,,,,,,,,,,,,,,,,,,,,,,,,,,,,,,,,,,,,,,,,,,,,,,,,,,,,,,,,,,
  ,,,,,,,,,,,,,,,,,,,,,,,,,,,,,,,,,,,,,,,,,,,,,,,,,,,,,,,,,,,,,,,,,,,,,,,,,,,,,,,,,,,,,,,,,,,
  ,,,,,,,,,,,,,,,,,,,,,,,,,,,,,,,,,,,,,,,,,,,,,,,,,,,,,,,,,,,,,,,,,,,,,,,,,,,,,,,,,,,,,,,,,,,
  ,,,,,,,,,,,,,,,,,,,,,,,,,,,,,,,,,,,,,,,,,,,,,,,,,,,,,,,,,,,,,,,,,,,,,,,,,,,,,,,,,,,,,,,,,,,
  ,,,,,,,,,,,,,,,,,,,,,,,,,,,,,,,,,,,,,,,,,,,,,,,,,,,,,,,,,,,,,,,,,,,,,,,,,,,,,,,,,,,,,,,,,,,
  ,,,,,,,,,,,,,,,,,,,,,,,,,,,,,,,,,,,,,,,,,,,,,,,,,,,,,,,,,,,,,,,,,,,,,,,,,,,,,,,,,,,,,,,,,,,
  ,,,,,,,,,,,,,,,,,,,,,,,,,,,,,,,,,,,,,,,,,,,,,,,,,,,,,,,,,,,,,,,,,,,,,,,,,,,,,,,,,,,,,,,,,,,
  ,,,,,,,,,,,,,,,,,,,,,,,,,,,,,,,,,,,,,,,,,,,,,,,,,,,,,,,,,,,,,,,,,,,,,,,,,,,,,,,,,,,,,,,,,,,
  ,,,,,,,,,,,,,,,,,,,,,,,,,,,,,,,,,,,,,,,,,,,,,,,,,,,,,,,,,,,,,,,,,,,,,,,,,,,,,,,,,,,,,,,,,,,
  ,,,,,,,,,,,,,,,,,,,,,,,,,,,,,,,,,,,,,,,,,,,,,,,,,,,,,,,,,,,,,,,,,,,,,,,,,,,,,,,,,,,,,,,,,,,
  ,,,,,,,,,,,,,,,,,,,,,,,,,,,,,,,,,,,,,,,,,,,,,,,,,,,,,,,,,,,,,,,,,,,,,,,,,,,,,,,,,,,,,,,,,,,
  ,,,,,,,,,,,,,,,,,,,,,,,,,,,,,,,,,,,,,,,,,,,,,,,,,,,,,,,,,,,,,,,,,,,,,,,,,,,,,,,,,,,,,,,,,,,
  ,,,,,,,,,,,,,,,,,,,,,,,,,,,,,,,,,,,,,,,,,,,,,,,,,,,,,,,,,,,,,,,,,,,,,,,,,,,,,,,,,,,,,,,,,,,
  ,,,,,,,,,,,,,,,,,,,,,,,,,,,,,,,,,,,,,,,,,,,,,,,,,,,,,,,,,,,,,,,,,,,,,,,,,,,,,,,,,,,,,,,,,,,
  ,,,,,,,,,,,,,,,,,,,,,,,,,,,,,,,,,,,,,,,,,,,,,,,,,,,,,,,,,,,,,,,,,,,,,,,,,,,,,,,,,,,,,,,,,,,
  ,,,,,,,,,,,,,,,,,,,,,,,,,,,,,,,,,,,,,,,,,,,,,,,,,,,,,,,,,,,,,,,,,,,,,,,,,,,,,,,,,,,,,,,,,,,
  ,,,,,,,,,,,,,,,,,,,,,,,,,,,,,,,,,,,,,,,,,,,,,,,,,,,,,,,,,,,,,,,,,,,,,,,,,,,,,,,,,,,,,,,,,,,
  ,,,,,,,,,,,,,,,,,,,,,,,,,,,,,,,,,,,,,,,,,,,,,,,,,,,,,,,,,,,,,,,,,,,,,,,,,,,,,,,,,,,,,,,,,,,
  ,,,,,,,,,,,,,,,,,,,,,,,,,,,,,,,,,,,,,,,,,,,,,,,,,,,,,,,,,,,,,,,,,,,,,,,,,,,,,,,,,,,,,,,,,,,
  ,,,,,,,,,,,,,,,,,,,,,,,,,,,,,,,,,,,,,,,,,,,,,,,,,,,,,,,,,,,,,,,,,,,,,,,,,,,,,,,,,,,,,,,,,,,
  ,,,,,,,,,,,,,,,,,,,,,,,,,,,,,,,,,,,,,,,,,,,,,,,,,,,,,,,,,,,,,,,,,,,,,,,,,,,,,,,,,,,,,,,,,,,
  ,,,,,,,,,,,,,,,,,,,,,,,,,,,,,,,,,,,,,,,,,,,,,,,,,,,,,,,,,,,,,,,,,,,,,,,,,,,,,,,,,,,,,,,,,,,
  ,,,,,,,,,,,,,,,,,,,,,,,,,,,,,,,,,,,,,,,,,,,,,,,,,,,,,,,,,,,,,,,,,,,,,,,,,,,,,,,,,,,,,,,,,,,
  ,,,,,,,,,,,,,,,,,,,,,,,,,,,,,,,,,,,,,,,,,,,,,,,,,,,,,,,,,,,,,,,,,,,,,,,,,,,,,,,,,,,,,,,,,,,
  ,,,,,,,,,,,,,,,,,,,,,,,,,,,,,,,,,,,,,,,,,,,,,,,,,,,,,,,,,,,,,,,,,,,,,,,,,,,,,,,,,,,,,,,,,,,
  ,,,,,,,,,,,,,,,,,,,,,,,,,,,,,,,,,,,,,,,,,,,,,,,,,,,,,,,,,,,,,,,,,,,,,,,,,,,,,,,,,,,,,,,,,,,
  ,,,,,,,,,,,,,,,,,,,,,,,,,,,,,,,,,,,,,,,,,,,,,,,,,,,,,,,,,,,,,,,,,,,,,,,,,,,,,,,,,,,,,,,,,,,
  ,,,,,,,,,,,,,,,,,,,,,,,,,,,,,,,,,,,,,,,,,,,,,,,,,,,,,,,,,,,,,,,,,,,,,,,,,,,,,,,,,,,,,,,,,,,
  ,,,,,,,,,,,,,,,,,,,,,,,,,,,,,,,,,,,,,,,,,,,,,,,,,,,,,,,,,,,,,,,,,,,,,,,,,,,,,,,,,,,,,,,,,,,
  ,,,,,,,,,,,,,,,,,,,,,,,,,,,,,,,,,,,,,,,,,,,,,,,,,,,,,,,,,,,,,,,,,,,,,,,,,,,,,,,,,,,,,,,,,,,
  ,,,,,,,,,,,,,,,,,,,,,,,,,,,,,,,,,,,,,,,,,,,,,,,,,,,,,,,,,,,,,,,,,,,,,,,,,,,,,,,,,,,,,,,,,,,
  ,,,,,,,,,,,,,,,,,,,,,,,,,,,,,,,,,,,,,,,,,,,,,,,,,,,,,,,,,,,,,,,,,,,,,,,,,,,,,,,,,,,,,,,,,,,
  ,,,,,,,,,,,,,,,,,,,,,,,,,,,,,,,,,,,,,,,,,,,,,,,,,,,,,,,,,,,,,,,,,,,,,,,,,,,,,,,,,,,,,,,,,,,
  ,,,,,,,,,,,,,,,,,,,,,,,,,,,,,,,,,,,,,,,,,,,,,,,,,,,,,,,,,,,,,,,,,,,,,,,,,,,,,,,,,,,,,,,,,,,
  ,,,,,,,,,,,,,,,,,,,,,,,,,,,,,,,,,,,,,,,,,,,,,,,,,,,,,,,,,,,,,,,,,,,,,,,,,,,,,,,,,,,,,,,,,,,
  ,,,,,,,,,,,,,,,,,,,,,,,,,,,,,,,,,,,,,,,,,,,,,,,,,,,,,,,,,,,,,,,,,,,,,,,,,,,,,,,,,,,,,,,,,,,
  ,,,,,,,,,,,,,,,,,,,,,,,,,,,,,,,,,,,,,,,,,,,,,,,,,,,,,,,,,,,,,,,,,,,,,,,,,,,,,,,,,,,,,,,,,,,
  ,,,,,,,,,,,,,,,,,,,,,,,,,,,,,,,,,,,,,,,,,,,,,,,,,,,,,,,,,,,,,,,,,,,,,,,,,,,,,,,,,,,,,,,,,,,
  ,,,,,,,,,,,,,,,,,,,,,,,,,,,,,,,,,,,,,,,,,,,,,,,,,,,,,,,,,,,,,,,,,,,,,,,,,,,,,,,,,,,,,,,,,,,
  ,,,,,,,,,,,,,,,,,,,,,,,,,,,,,,,,,,,,,,,,,,,,,,,,,,,,,,,,,,,,,,,,,,,,,,,,,,,,,,,,,,,,,,,,,,,
  ,,,,,,,,,,,,,,,,,,,,,,,,,,,,,,,,,,,,,,,,,,,,,,,,,,,,,,,,,,,,,,,,,,,,,,,,,,,,,,,,,,,,,,,,,,,
  ,,,,,,,,,,,,,,,,,,,,,,,,,,,,,,,,,,,,,,,,,,,,,,,,,,,,,,,,,,,,,,,,,,,,,,,,,,,,,,,,,,,,,,,,,,,
  ,,,,,,,,,,,,,,,,,,,,,,,,,,,,,,,,,,,,,,,,,,,,,,,,,,,,,,,,,,,,,,,,,,,,,,,,,,,,,,,,,,,,,,,,,,,
  ,,,,,,,,,,,,,,,,,,,,,,,,,,,,,,,,,,,,,,,,,,,,,,,,,,,,,,,,,,,,,,,,,,,,,,,,,,,,,,,,,,,,,,,,,,,
  ,,,,,,,,,,,,,,,,,,,,,,,,,,,,,,,,,,,,,,,,,,,,,,,,,,,,,,,,,,,,,,,,,,,,,,,,,,,,,,,,,,,,,,,,,,,
  ,,,,,,,,,,,,,,,,,,,,,,,,,,,,,,,,,,,,,,,,,,,,,,,,,,,,,,,,,,,,,,,,,,,,,,,,,,,,,,,,,,,,,,,,,,,
  ,,,,,,,,,,,,,,,,,,,,,,,,,,,,,,,,,,,,,,,,,,,,,,,,,,,,,,,,,,,,,,,,,,,,,,,,,,,,,,,,,,,,,,,,,,,
  ,,,,,,,,,,,,,,,,,,,,,,,,,,,,,,,,,,,,,,,,,,,,,,,,,,,,,,,,,,,,,,,,,,,,,,,,,,,,,,,,,,,,,,,,,,,
  ,,,,,,,,,,,,,,,,,,,,,,,,,,,,,,,,,,,,,,,,,,,,,,,,,,,,,,,,,,,,,,,,,,,,,,,,,,,,,,,,,,,,,,,,,,,
  ,,,,,,,,,,,,,,,,,,,,,,,,,,,,,,,,,,,,,,,,,,,,,,,,,,,,,,,,,,,,,,,,,,,,,,,,,,,,,,,,,,,,,,,,,,,
  ,,,,,,,,,,,,,,,,,,,,,,,,,,,,,,,,,,,,,,,,,,,,,,,,,,,,,,,,,,,,,,,,,,,,,,,,,,,,,,,,,,,,,,,,,,,
  ,,,,,,,,,,,,,,,,,,,,,,,,,,,,,,,,,,,,,,,,,,,,,,,,,,,,,,,,,,,,,,,,,,,,,,,,,,,,,,,,,,,,,,,,,,,
  ,,,,,,,,,,,,,,,,,,,,,,,,,,,,,,,,,,,,,,,,,,,,,,,,,,,,,,,,,,,,,,,,,,,,,,,,,,,,,,,,,,,,,,,,,,,
  ,,,,,,,,,,,,,,,,,,,,,,,,,,,,,,,,,,,,,,,,,,,,,,,,,,,,,,,,,,,,,,,,,,,,,,,,,,,,,,,,,,,,,,,,,,,
  ,,,,,,,,,,,,,,,,,,,,,,,,,,,,,,,,,,,,,,,,,,,,,,,,,,,,,,,,,,,,,,,,,,,,,,,,,,,,,,,,,,,,,,,,,,,
  ,,,,,,,,,,,,,,,,,,,,,,,,,,,,,,,,,,,,,,,,,,,,,,,,,,,,,,,,,,,,,,,,,,,,,,,,,,,,,,,,,,,,,,,,,,,
  ,,,,,,,,,,,,,,,,,,,,,,,,,,,,,,,,,,,,,,,,,,,,,,,,,,,,,,,,,,,,,,,,,,,,,,,,,,,,,,,,,,,,,,,,,,,
  ,,,,,,,,,,,,,,,,,,,,,,,,,,,,,,,,,,,,,,,,,,,,,,,,,,,,,,,,,,,,,,,,,,,,,,,,,,,,,,,,,,,,,,,,,,,
  ,,,,,,,,,,,,,,,,,,,,,,,,,,,,,,,,,,,,,,,,,,,,,,,,,,,,,,,,,,,,,,,,,,,,,,,,,,,,,,,,,,,,,,,,,,,
  ,,,,,,,,,,,,,,,,,,,,,,,,,,,,,,,,,,,,,,,,,,,,,,,,,,,,,,,,,,,,,,,,,,,,,,,,,,,,,,,,,,,,,,,,,,,
  ,,,,,,,,,,,,,,,,,,,,,,,,,,,,,,,,,,,,,,,,,,,,,,,,,,,,,,,,,,,,,,,,,,,,,,,,,,,,,,,,,,,,,,,,,,,
  ,,,,,,,,,,,,,,,,,,,,,,,,,,,,,,,,,,,,,,,,,,,,,,,,,,,,,,,,,,,,,,,,,,,,,,,,,,,,,,,,,,,,,,,,,,,
  ,,,,,,,,,,,,,,,,,,,,,,,,,,,,,,,,,,,,,,,,,,,,,,,,,,,,,,,,,,,,,,,,,,,,,,,,,,,,,,,,,,,,,,,,,,,
  ,,,,,,,,,,,,,,,,,,,,,,,,,,,,,,,,,,,,,,,,,,,,,,,,,,,,,,,,,,,,,,,,,,,,,,,,,,,,,,,,,,,,,,,,,,,
  ,,,,,,,,,,,,,,,,,,,,,,,,,, [ 3086073857 ] ]);
