BRENTFACTORS[2819]:=MakeImmutable([ ,,,,,,,,,, [ 93292041588593, 23946786849050627 ],, 
  [ 1245596622713 ],,,,,, [ 89251182389 ],, [ 4027890254193037 ],, [ 28145098483 ],, 
  [ 133760292103277101 ], [ 90919746347 ], [ 738527948207435251, 941419504036090279 ], 
  [ 6791622631451029 ], 
  [ 274454475413, 19642836106380830807, 
      37262016715306841278406511668568538953147654202839371175923 ], [ 18847322581 ], 
  [ 12180308953, 30994452232172840983467114076913051415233, 
      252935012662978846701573572419632271920857 ], [ 22319411137, 7382613150086152746113 ], 
  [ 580685447497, 1910570401353697579 ], [ 246315736661 ], [ 1078068279164367055622119511 ],
  , [ 1834596361906153147 ], [ 4299667496278641029 ], [ 1297411432271465627555869 ], 
  [ 258528240484958467921 ], 
  [ 1884937363, 42648347191, 35830343246322005207, 2907187922338362133657, 
      6283256820553728729401, 12647393203571309238146745924915317628023 ], 
  [ 63374849203849 ], [ 369110473070552667821, 1369750265302788021235491241 ],, 
  [ 5051598481 ], [ 93612396332419243 ], 
  [ 2071501214429, 166142973747705668439252187, 
      214618517254578847425863570423605043804528318239697909 ], [ 96585535464673 ],,, 
  [ 2839390549031107, 1193484150655789488926329 ], [ 69577022728547423328932855025709 ], 
  [ 17632518803 ], [ 658957155644819226079 ], [ 4339413495671 ],, 
  [ 9878272773043, 122937968638386025471 ], [ 69534378094373 ], 
  [ 94482109020687924136148478950002338820259 ],, [ 3946704898673401253 ], 
  [ 132899222597999603205223822613039647 ], [ 87198771468164172517 ], 
  [ 9515065603073, 73616497577238029501776051514658497 ],, [ 159682159099 ],, 
  [ 27194579653, 1256306434008973 ], [ 3671811535999 ], [ 342696253503082636291 ],, 
  [ 211102305659857, 6846788031535009 ], 
  [ 291442601634040658143646858324942009, 19406861307594305157196548205013797964327 ], 
  [ 4273782120931, 343826051503757, 1006751510766610374980369 ],, 
  [ 595855918285852105545809, 5004794621003718025600917840589 ], 
  [ 66185725607, 36300221743201417 ], [ 243055179725144749, 61082496628719376812843818497 ], 
  [ 2891660701 ],, [ 1456584801211 ], 
  [ 515287026419413, 214197706041087490906577671512239813077 ],, 
  [ 7778589421714063611363830506401217 ], [ 5488730161 ], 
  [ 4089381787, 6943582563060902555940177019014730726838933 ],, [ 1974733729 ],, 
  [ 1077916942424692992434396359089011015881 ],, 
  [ 106917146801, 564196158176033, 82148297483955417111329, 
      2321849844542130445093500724237941217 ], [ 9837754288741, 78184019303957293 ], 
  [ 720346519313441, 356063428969085949454916803 ], 
  [ 756205148051, 187299447107572471224941, 676453459493950794537941 ], 
  [ 16457332513, 63191902361089, 177785038167594721 ],,, [ 52333979149, 118017555778910107 ],
  [ 69171433217501 ], [ 1443801061, 59364173899 ], 
  [ 7598477036719, 1752494231013094411, 42718721222123478128901622989103 ], 
  [ 249767941192803330617 ],, [ 506273575883174511407101 ], 
  [ 4124851667882863, 1998736549926876194358269551 ], 
  [ 358155407387, 6602184614009, 149982763815067 ],,, [ 1226413313401, 181635122033506901 ],,
  , [ 2348513826448614630433 ], [ 1473680167, 2892076898506356741067 ], [ 14959235634131 ],, 
  [ 950147293407271168249, 43383527551878005144017, 108578093055189638586499 ],, 
  [ 33623875783 ], 
  [ 53670324602524363681, 719270811420823676281, 238556545017590239028385370485601 ],,,, 
  [ 80573487334546368630157 ], [ 1952624501, 6066349852501 ], 
  [ 1274951917, 1772439508684381435807144857668681841246548159029 ],, 
  [ 71498792094517848799154561 ],,, [ 5742604108275729579672968179 ],, [ 258163016231 ],,, 
  [ 2131894230199177090710737 ], [ 86946051566745289 ],,, [ 779717811530206781 ],,, 
  [ 56109770861, 1942792840847, 5816512929087719, 179104026367063799 ], 
  [ 1981351434629593009, 8850884872183592264026677217 ],, [ 118599858649037 ],,, 
  [ 48044651305598546041, 94087215529552016409191 ],, [ 1988181029486983, 41635322806441597 ]
   ,, [ 1724236867 ], [ 32054285382221391983 ], [ 12008340233277490680871 ], 
  [ 297727312517485189, 1570503630645707562983780629 ], [ 71696506655247687107 ],, 
  [ 79498339050703, 400880940418027, 44130724572440268727, 12969613240526234184091 ],, 
  [ 1467721081 ], [ 1220893237 ],, 
  [ 180904399877, 12093028715926848264193, 162389886526460544154421 ], [ 755686461091 ], 
  [ 212301442926017 ],,,, [ 113594874391108531, 27037659049186590691 ],,, [ 8199793451 ], 
  [ 9480221931073921060810831 ], [ 2864926529336140151, 15338927698281249301 ], 
  [ 195932675051943563011087217 ],, [ 335924153767 ], [ 1109521293779 ],, 
  [ 163906508136427670689 ],, [ 4379934079, 4686696613 ], [ 175459092669598048396417 ], 
  [ 39325016811401 ], [ 13976031830350983823, 15599057457220960951, 16429629231427362105073 ]
    , [ 1736758013, 11487115663 ], [ 37322189261717 ],,,,, [ 4875152209, 22909102296701 ], 
  [ 4076270792999703757 ], [ 2491827002768345581 ], [ 3205051193, 7004598411067915337 ], 
  [ 164789236888155914203441 ],,, [ 1067657358499801, 7030458735751601 ],,,,, 
  [ 344326490718335101 ],, [ 705643124949539560703449 ], 
  [ 21236377915344593, 120255187193105537 ], [ 4112709943, 2242042687013243489 ],,,, 
  [ 1180215961 ], [ 990676136782223, 4077461367294443925683 ], [ 97716590551 ],, 
  [ 29999211439, 28892235166621 ], 
  [ 89221331543408186331631, 1609319851746191705963731785917 ], [ 15236518295159569 ], 
  [ 39325204501634220401 ], [ 25593701374526767, 1783036346640246647 ], [ 1586386968336721 ],
  [ 4797678795958641347537 ], [ 21463752353, 54193680031974732257, 1122252829795425158881 ], 
  [ 2256673051 ],, [ 9109577687345861267 ], [ 13124198339460286249 ], 
  [ 316584746528077, 14647747303196011 ],, [ 2191375033, 140800233475441, 8552455874573227 ],
  [ 89844573188786011341511057 ], [ 30938994473 ], [ 709413334349987747143 ], 
  [ 58745150516253526361 ],,, [ 1719077912863991 ],, [ 120926854694881 ],, 
  [ 1841415269, 12835456397567, 347939844338477381 ], [ 1042193953, 865725751603 ],, 
  [ 112181989234882772521 ], [ 39436316089 ], [ 1503562963854744599 ],, [ 8255244703813 ], 
  [ 23033009501, 710063306501, 119749889674425315986501 ], 
  [ 13333266887711, 13627498828519, 10705901999868163262358883 ], 
  [ 7325577757, 15647200008553 ], [ 747129035517654659 ], 
  [ 273490205369, 3123262123126708223, 773521985761605561983 ], 
  [ 273638041291, 98824542721291 ], 
  [ 1156772609, 73150431611732767489, 2922001513686362950284289 ], [ 42305455163 ], 
  [ 6461402711946942073 ], [ 45381672051996113 ],, [ 69010763617 ],, [ 3043212451 ], 
  [ 15662195737, 1747289529572072641 ], [ 157808644271, 1892847902959271, 87714909382319321 ]
    , [ 1261373504416729607 ], [ 552387602743, 1237582143980917041874327 ], 
  [ 35672658513269 ], [ 104178657404079403 ],, [ 151343451596963 ], [ 1458798833 ],, 
  [ 26246929637 ], [ 4132738443086551 ], 
  [ 19927564873, 62729389272744241, 13907054114960343613, 1502130253006760513281, 
      75344829507865703872229677 ], [ 1419738836984789 ],, [ 9795653173 ], [ 12639259298401 ]
   ,, [ 3186687539569 ], [ 8781404254397, 9621317373351814391617 ], [ 759784338162809 ], 
  [ 12055935481, 25051393419691 ], [ 132715005425557882471 ], [ 3586196447 ],,, 
  [ 5343479681 ], [ 5675772253, 536711804778979, 144860036924620033, 382272645626411887, 
      174796505789508846307 ], [ 5764255346032500769 ],, 
  [ 77471668650063997, 26068059551615403043 ], [ 786268672469108461 ], [ 17678067497 ], 
  [ 7662196081 ], [ 1283611411065929950423 ],,,, [ 431340942531019 ], 
  [ 6816826129, 2706106050211 ], [ 1979747231377, 5768383470001 ], [ 25785116054951171 ], 
  [ 5667166205567929 ], [ 1859371903 ],,,, [ 223707257341 ],, 
  [ 10855791521, 1761344816743, 15572394377483, 3160398397610636504219 ],, 
  [ 7581581630298901 ],, [ 21228278082190043, 25077176961255205987 ], 
  [ 10577246041, 342686548609, 966649476187, 4099940581203724969 ], 
  [ 764998481479, 2816123445059 ], [ 2256341441, 8008179521, 2134711222906109761 ],,,, 
  [ 692439953320352752432597 ],, [ 135820862211908873 ], [ 682075744272553 ],,, 
  [ 3231128671, 10504973707801, 56107530680521 ],,, 
  [ 62042205691, 6063198287239207, 7381647043553701 ], [ 24540093223, 122485882801 ],, 
  [ 348925455002665155787873 ],, [ 8203802153 ], [ 9564185050472071 ], 
  [ 8579645930184577621, 472212436090090384061 ],,,,,, [ 49255619969744647 ],, 
  [ 18696512427830022073 ], [ 4537746841088354497, 8153498104140760643 ], 
  [ 129542358401, 4340492199457229545801, 5480175407329464318410501 ], [ 137349073641313 ],, 
  [ 83882160626669 ], [ 1736200789, 8644979839, 227012979463 ],,, [ 137134753746733 ], 
  [ 1297371328088699 ],,,,,,,, [ 1033374108021086944909 ], 
  [ 88647581580473, 4334246523970937336089 ], [ 2765629886273 ], 
  [ 7877496871, 20479027008603763 ], [ 50665596275320719521 ], [ 124133481263443 ],, 
  [ 88698766093785437 ],,,, [ 3502250077, 306937100783 ], 
  [ 35070036324303961, 3335361231677404290481 ],, [ 30203717081, 6236544850541 ],,, 
  [ 278108809547 ],, [ 35833793381, 6033683139331, 1232264821558541 ],,,,, [ 3421358461 ],, 
  [ 119791234529 ], [ 294691378549, 36541624982437, 1294703515419817 ], [ 300336532817 ],, 
  [ 107903351557, 37481612180154072877 ],, [ 4500338833, 54964801369, 15476545958261583893 ],
  [ 422929026503299, 157805572594289761 ], [ 209465872801 ],, [ 80195435400830977 ],,, 
  [ 44319132181 ], [ 17668863961379 ], [ 217871155349 ], [ 71192377523411240968681 ], 
  [ 30261006929, 363638055401 ], [ 5805667809279912311 ], [ 6362304661 ], 
  [ 4772204362524003497 ],, 
  [ 94376376492427, 1861951491362570689, 2253312858180502338093373627 ],,, [ 4129126131211 ],
  , [ 35740535890271 ],, [ 47266707355789 ], [ 10845159883 ],, [ 136523411897 ],,,,,, 
  [ 260009166862456831 ],,, [ 551617675793, 345113537521063 ],,, 
  [ 9933386058929, 1979719683423949 ], [ 1258191090719 ], [ 8147993989, 1057829813536669 ],, 
  [ 51198228636930652201, 731690720594927192881 ],,,,,, 
  [ 3587491468079243, 64835425559632381 ],,,, [ 132633692742786756751 ],, 
  [ 6386719244531391615193 ], [ 191918083415371 ], [ 77385421381 ],, [ 204937019724169153 ], 
  [ 19896817559, 82801357631 ], [ 120264187413041252551 ], [ 106997806252837 ],, 
  [ 115632878941 ],,,,,,,, [ 2689251629, 15174593154197, 239002947943957 ], 
  [ 2064623386674161 ],,,,, [ 16124672051 ], [ 1213783756501 ],, [ 1331863247626741 ], 
  [ 49684194529 ], [ 173071991852746561 ],, [ 1207462057 ],, [ 209856762853 ], 
  [ 6026095497451, 26904227233921 ], [ 5658312752839, 267188450865723073 ],, 
  [ 1133614241, 11676552169 ],,,, [ 4456219010797 ], [ 30816479497 ], [ 3368011738339 ],, 
  [ 265752207823681 ], [ 26819848297621 ], [ 3369164221 ], 
  [ 1223811473, 380468632811, 1070458423739 ], [ 527644576001 ],,,, 
  [ 40162764601, 12474500930641, 39934364779513, 29054566464271489, 19534002638738754601 ], 
  [ 81310878628241 ], [ 7139223829 ],, [ 2754595457, 269452640950227605089 ],,,,,, 
  [ 76044244280131 ], [ 14637759511 ], [ 84382179438517 ],, [ 156015941369 ],, 
  [ 20696895219652081, 4662747408668279321 ],,,, [ 217448174893 ], [ 1536231901 ], 
  [ 71747611379 ],, [ 4983341594946529 ],,, [ 1087667479, 1684103371579 ],,, 
  [ 752534897400727627 ],,,,,, [ 11185323481 ], [ 8465934483553489 ],,, 
  [ 59279622881, 11386611079340638913 ],, [ 4801210597, 968735127452725543 ],, 
  [ 2207968511761 ],, [ 7881362501 ],,,,,, [ 102495167813 ],, 
  [ 8646324949, 922420742167909 ], [ 2247363353 ],, [ 646132432177, 995449051147 ], 
  [ 13449906517 ],, [ 2260539637, 4756432648188289, 18882706188525481 ],, [ 56294391697 ],,,,
  ,,,,,, [ 1432236097, 1450523284417 ],, [ 53338827803 ], [ 1707797557, 5235460843933 ],,,, 
  [ 3554023969 ],, [ 9616359871 ],,, [ 2209529338717 ], [ 1059562703 ], 
  [ 25888461313511, 1310168342552491 ],, [ 296860906192337 ],,,,, [ 1141485434689 ], 
  [ 3544992766303 ],, [ 2012071146155401 ],,,,,, [ 325260366469 ],,,,,, [ 1169011240021 ],, 
  [ 56676770689113893 ], [ 7572417511 ], [ 22132053329, 112823272409 ],, [ 3403557133 ],,,,, 
  [ 5827485931, 42617342951 ], [ 6871845010207780513, 81041256997926451201 ],,,, 
  [ 44586688109, 61731901369, 212856364769, 13794476252677 ],, [ 69359527634041 ],,,,,,,,,, 
  [ 20090521601, 549256871041 ],, [ 251637536707357 ],,, [ 23345988502741 ],,, 
  [ 89766178697809, 11632280249608273, 628415590427605359433 ], [ 1342891331 ],, 
  [ 89167154917 ],,, [ 103062175297, 126644175923491 ],, [ 59791905889 ],,,,, 
  [ 80075263889 ],,, [ 10474412391449 ], [ 8786239351 ],,,,,,,,,, [ 13273063651 ],, 
  [ 1823871851 ],,, [ 199823500095871081 ], [ 1173115117 ],,, 
  [ 2712391741, 2355368997348120097 ],, [ 37489678423 ],,,, [ 2637146191, 1283638620530641 ],
  , [ 76456885820596381 ],,, [ 12083813491 ], [ 16000611961, 282452748841 ],,,,,,,, 
  [ 1937764526017 ],, [ 79565448817, 554081651297527 ],,,, [ 6515309321, 26563700731 ], 
  [ 2649140497 ],, [ 363126754619 ],,,, [ 12163324231 ], [ 352912579883 ],, 
  [ 993838825299601 ],,,, [ 5079636853, 114019113937 ],, [ 1550345292211 ],,, 
  [ 28452263473 ],,,,, [ 9971058436850593 ], [ 26026240410031 ],,,,,, [ 6749271049 ], 
  [ 35191167901 ],,, [ 4055903671 ],,,, [ 6783411377 ], [ 10331633599691251 ],,,, 
  [ 46923484453 ],,,,,, [ 1950075641 ],,,, [ 114599555353 ],,,, [ 17764718646529 ],,,,,, 
  [ 2065398877, 40262446147303 ],, [ 6007402752193 ], [ 29469352039 ],,,,, [ 358629163177 ], 
  [ 1197316621 ],,, [ 18283358221, 15816008669911 ], [ 1114982251, 2509250339, 11311931909 ],
  ,,,,, [ 3774492853 ],,,, [ 858245667439 ], [ 13647445477 ],,,,,,, [ 1042969271 ],,, 
  [ 16610635337 ],, [ 2466834751, 34103987761141, 130504987488241, 1089529010800134571 ], 
  [ 68457637291 ],, [ 320741529139 ],,,,,,, [ 30886222501 ],, [ 20834065125043 ], 
  [ 55252659703 ],,,,, [ 131313646081 ], [ 1489855589, 5876756131 ],,,,, [ 2922051607 ],,,,,,
  ,, [ 17712554690503 ],,,,,,,, [ 2633818731380201 ],, 
  [ 1003337353, 1303147633, 462771730417 ],,,, [ 7525084873 ],,,,,,,, 
  [ 4433555521, 3137825902345921 ],,,, [ 995202312445013 ], [ 38297160221 ],,, 
  [ 6310719809 ],,, [ 40645001251 ], [ 1396839817, 122188378201 ],, [ 42561590849 ],, 
  [ 46192648513441 ], [ 15883580717 ],,, [ 142336094415061 ],, [ 3750452505593 ],,,, 
  [ 2787221011 ],,,, [ 75198871687 ],,, [ 10397754901 ],,, [ 4697546401, 30449421901 ],, 
  [ 2256827453 ],, [ 275595712657 ],,,, [ 312450657833, 2801946006053 ],,,,,, 
  [ 2923655171323597 ],,,,,,,,,,,,,,,,, [ 474394402901539 ],, [ 4861237891 ], 
  [ 63589103569, 718332120645907 ],,,,,,,, [ 3258308389027 ],,,, [ 7562697027667 ],, 
  [ 279190672693 ],, [ 100765511916401 ],, [ 6344859137, 5808813093553 ],, 
  [ 8020458307, 40422823067899 ], [ 146371965671 ],,,,,,,,, [ 5272800836411261 ],,,, 
  [ 25172041653351737, 36821225246687641 ],, [ 5559627751, 400527718470571 ],,, 
  [ 2818703161 ], [ 3862395034469 ],, [ 10022544977 ], [ 16496449601 ], [ 1537085437 ],,,, 
  [ 31308059788003 ], [ 25583101889 ],, [ 5268008521 ], [ 236497601881 ],, [ 1769989157 ], 
  [ 624829237157 ], [ 3050097931, 73092094021, 200168356411 ],, 
  [ 2141493889, 99768030113, 5666522910593 ],,,, [ 8553981590281 ],, 
  [ 259184534117, 1965895114433, 1819071138936535702807 ],, [ 986318974001 ],,,, 
  [ 224086086136610281 ], [ 3432062941 ],,,,, [ 5190770771 ],,, [ 5422135177 ], 
  [ 4552657201 ],,,,,,, [ 661582544429 ],,,,, [ 1363314943 ],,,,,,,,,,,, [ 4304761423 ],,, 
  [ 224808299299 ], [ 3059226557 ], [ 19980517369 ], [ 47896115221 ],,,,,,,,, 
  [ 2124977167 ], [ 281099059601 ],, [ 39962499457, 149907209197153 ],,, [ 72682198741 ],,, 
  [ 2191805592589 ],,,,,, [ 9161257009 ],,,,,,,,,,,, [ 38348908133761 ],,,,,, 
  [ 60044929141, 57386579528533 ],, [ 3404054977, 3923310593 ],,,, [ 274197177073 ], 
  [ 84968777279 ],,,,,,,, [ 85631915491 ],,,,,,,,,,,,,,, [ 2215328077 ],,, 
  [ 6160904025416113 ],,,,,,,, [ 2165390753 ],, [ 90115231013 ], [ 14435215511 ],, 
  [ 2626147177, 283141232849 ],,,,,,,,,,,,,, [ 1527942319, 181807895797327 ],,,, 
  [ 18691635401 ],,,,,,,,,,,,,, [ 12324745117 ],, [ 4233603749, 9375773353 ],,,,,,,, 
  [ 2000400907, 67715944321 ],,,,,,,,,,,, [ 23313885137 ],, [ 115295547961837 ],,,,,,,,,,,,, 
  [ 176342635439 ],,,,,,,,,,,,, [ 239311078117 ], [ 1872930013561 ], [ 1191416129 ],, 
  [ 292376900537443 ],,,,,,,,,,,,, [ 33284371343, 65571782867 ],,,, [ 6015630661 ],,, 
  [ 4449929101 ],,,,,,,,,,,,,,,,,, [ 205349413537 ],, [ 43854394523 ],,,,,,, 
  [ 144401753388091 ],,, [ 2061660221 ],,,,,,,, [ 2521753697 ],,,,,,, [ 1176378702173 ],,,,,
  , [ 215733768581 ],,,,,,,,,,,,, [ 5071376430667 ],, [ 74270691809 ],,,,,,,, [ 1403417537 ],
  ,, [ 2429796511 ],,,,, [ 174473400653641 ],,,,,, [ 7991024302188097 ],,, [ 23373978877 ],,,
  ,,,,,, [ 151230867253 ],,,,,,,,,,,,,,,,,,, [ 1329147694417 ],,,, [ 1634767873 ],,,,,,, 
  [ 51699823993 ],,,,, [ 42051686563, 73062165707 ],,,,,,,,,,,,,,,,,,,,,,,,,,,, 
  [ 13643411539 ],,,,,,,,,,,,,,,,,, [ 1249117321 ],,,,,,,,,,,,,,, [ 1121945827 ],,, 
  [ 1195239121, 29168513401 ],,,, [ 170868494413 ],,,,,,,, [ 4537786933 ],,,,,,, 
  [ 27557323249 ],,,,,,,, [ 3971689993 ], [ 32708794231 ],, [ 4938588019 ],,,,,,,,,,,,,,,,,,,
  ,,, [ 3305880779 ],,,,, [ 11786808421 ], [ 2540381662261 ],,,,,,, [ 19674169297 ],, 
  [ 52788316961 ], [ 2650070221, 36476922791 ],, [ 3281139863 ],,, [ 7898064061 ],,, 
  [ 3930410881 ],,,,,,,, [ 190372375441 ],,, [ 1486088977 ],,,,,,,,,,, [ 2733085921 ],,,,,,,,
  ,,,,,, [ 7475662979, 13043552773 ],,,, [ 41494752983, 52210356697 ],,,,,,,,, 
  [ 293534988737 ],,,, [ 3132963091 ],,,,, [ 1531988929 ],,,,,, [ 7725309827 ],,,,,, 
  [ 12429513377 ],,,,, [ 1178370637 ],,,,,,,,, [ 771770672437 ],,, [ 21962452657601 ],,,,,,,
  , [ 1178538577, 2376503401 ],,,,,,,,, [ 4604802049 ],,,,,,,,,,,,, [ 83520556151 ],,,,,,,,,,
  ,,,,,,,,,, [ 10888462201 ],,,,,,,,,,, [ 4269328097 ],,,,,, [ 27005033261, 124590076367 ],, 
  [ 15767643841 ],,,, [ 13654631173 ],,,, [ 46461879305323 ],,,,,,,,,, [ 272717299051 ],,,,,,
  ,,, [ 464198139169 ],,, [ 64951091389 ], [ 7516150501 ],,,,,, [ 290295907969 ],,,,,,,,,,, 
  [ 2633002331 ],,, [ 6170149121 ],,,,,,,,,,,,,,,,,,,,,,,,,,,,,, [ 1110726751 ],,, 
  [ 268036126153 ],,,,,,,,,,,,, [ 115801363477 ], [ 1115966521 ],, [ 1107981842239 ],,, 
  [ 9301525697 ],, [ 49539012091 ],,,,,,,,,,,,, [ 6946337051 ],,, [ 25473436301 ],,, 
  [ 204240353879 ],,,,,, [ 130729300241 ],,,,, [ 24683825321 ],, [ 2251039939, 3565528009 ],,
  ,, [ 62270503331 ],, [ 4883091757 ],,,,,, [ 2376853201 ], [ 13270732781 ],,,,,,,,,,,,,,,,,,
  , [ 93830701369 ],,,,,,,,,,,,,,,,,,,,,,,,,,,,,,,,,,,,,,,,,,,,,,, [ 16388932691 ],,, 
  [ 2030544001 ],,,,,,,,,,,,,,,,,,,, [ 156571905277 ],,,,,,,,,,,,, [ 46283817127 ],,, 
  [ 1046238493, 2405330929 ],, [ 1393568857 ], [ 181806861701 ],,,,, [ 1606599037 ], 
  [ 1076526361 ],,,,,,,,,,,,,,,,,,,, [ 1144313479 ],,, [ 1004016757 ],,,,, [ 1304331697 ],,,,
  ,, [ 3152125369 ],,,,,,,,,,,,,,,,,,,,,,,, [ 1806764807 ], [ 39141451417 ],, 
  [ 35136429533, 213860464073 ],,,,,,,,,,,,,,,,,,,,,,,,,,,,,, [ 1469327752729 ],, 
  [ 14227078501 ],,,,,,,,,,,,,,,,,,,,,, [ 2334545921 ], [ 1145272159 ],,,,,,, 
  [ 44792938975409 ],,,,, [ 1156913497 ],,,,,,,,,,,,,,, [ 7297654849 ],,,,,,,,,,,,,,,,,,,,, 
  [ 29437486776613 ],,,,, [ 4875042481 ],, [ 347395677457 ],,,,,,,,,,,,,,, [ 1187551171 ],,, 
  [ 5582186251 ],,,,, [ 8933514859 ],,,,,,, [ 22154622491 ],,,, [ 8382552811 ], 
  [ 3161099761 ],,,,,,,,,, [ 2001724733 ],,,,,,,,, [ 8275852313 ],,,,,,,,,, [ 1630995073 ],,,
  , [ 3478890229 ],,,,,,,,,,,,,,,, [ 8408945669 ],,,,,,,,,, [ 17438694617 ],, [ 1604004601 ],
  ,,,,,,,,,,, [ 1113450017 ],, [ 10883547991 ],,,,,, [ 60758482921 ],, [ 15498634427 ], 
  [ 119175763591 ],,,,,,,,,,, [ 2718425029 ],,,,,,,,,,,,,,,,,,, [ 7438374127 ],,,,,,,,,,, 
  [ 18726956737 ],,,,,,, [ 5698279651 ],,,,, [ 1514791801 ],,,,,,,,,,,,,,,,,, 
  [ 15929662171 ], [ 75083646871 ], [ 1217536657 ],,,, [ 1853448412801 ],,, [ 1501883027 ],,,
  ,,,,,,,,,, [ 1131416953 ], [ 6964730543, 1052061111823 ], [ 4531787357, 258011549941 ],, 
  [ 8370444001 ],,,,,,,,,,,,,,,,,,,,,,,, [ 1488402497 ],,,,,,,,,,,,,,,,,,,,, [ 12678750811 ],
  , [ 7510391587 ],,, [ 14377697431 ],,,,,,,,, [ 301072418011 ],,,,,,,,,,,,,,,,,,,,,,,,, 
  [ 377158456309 ], [ 1292110301, 7679241961 ],,,,,,, [ 1847248002973 ],,,, [ 6162034577 ],,,
  ,, [ 2266419151 ],,, [ 16638079057 ],,,,,,,,,,,,,,,,,,,,,,,,,,,,,,, [ 12422570051 ],,,,,,,,
  ,,,,,,,,, [ 148758824497 ],,,,,,,,,, [ 4652245909 ],,,, [ 2860073014129 ],,,,,,,,, 
  [ 52264062401 ],,,,,,, [ 13803511483 ],,,,,,,,, [ 79719318397 ],,, [ 1621967792989 ],,,,,,,
  , [ 12262518841 ],,,, [ 66119752435591 ],,,,,,,,,,,,,, [ 2183881841 ],,,,,,,,,,,, 
  [ 198815892529 ],, [ 1009460839 ],,,, [ 5157209381 ], [ 4701420391 ],,,,,,,,,,,,,,,,,,,,,,,
  ,,,, [ 1052398561 ],,,,,,,,, [ 1528211071 ],,,,,, [ 14708964513799 ], [ 1753820857 ],,,,,,,
  ,,,,,,, [ 14506821337 ],, [ 16033561391 ],,,,,,,,,,,,,,,, [ 30320988091 ],,,, 
  [ 18670276169 ],,,,,,,,,,,, [ 9392185651 ],,,, [ 309736988843 ],,,,,,,,,,,,,,,,,,,,,,,,,,,,
  ,,,,,,,,,,,,,,,,,,,,,,,,,,,,,,,,,, [ 25597420632533 ],,,, [ 214772252641 ],,,,,,,,,,,,,,,, 
  [ 65683753921 ],, [ 26539220437 ], [ 22323666223 ],,, [ 52421637626599 ],,,, 
  [ 21807785494991 ],,,,,,,,,,,,,,,,,,,,,,,,,,,,, [ 209205332119801 ],,,,,,, 
  [ 2692587129259 ],,,, [ 333013786687 ],,,,,,,,,,,,,, [ 209666133601 ],,,,, [ 68988335461 ],
  ,,,,,,,,,,,,,,,,,, [ 465894723241 ],,,,,,,,,,,,,,,, [ 7186191161 ],,,,,, [ 4435223477 ], 
  [ 1404692719 ],,,,,,,,,,, [ 1779559423 ], [ 1590324469 ],,,,,,,,, [ 192139921993 ],,,,,,,, 
  [ 37185050953073 ],,,,,,,, [ 1205243789 ],, [ 13611163879 ],,,,,,,,, [ 3373595611 ], 
  [ 3760160609, 905123963281 ],,,,,, [ 17320616021, 52627221523 ],,,,,,,,,,,,,,,,,,,,,,,,,,,,
  ,,,,,,,,,,,,,,,,,, [ 56590444769 ],,,,,,,, [ 17313593513 ],,,,,,,, [ 16129524841 ],,,,,,,,,
  ,,, [ 127457491009 ],,,, [ 567782290601 ],,,,,,,,,,, [ 9094482457 ],,,,,,,,,,,,, 
  [ 2158599301 ],,,, [ 21067827457 ],,,,,,,,,,,,, [ 44529727303 ],,,,,,,,, [ 3094448101 ],,,,
  ,, [ 36944158021 ],,,,,,,,,,,,,, [ 1450860601 ],,,,,, [ 1582176769 ],,,,,,,, 
  [ 5793022073 ],, [ 6431937583 ],, [ 15722935489 ],,,,,,,,,,,,, [ 26542839649 ],,,,,, 
  [ 95728783753 ],,,,,,, [ 14706932969 ],,,, [ 319204456093 ],,,,,, 
  [ 1002706849, 5513011297 ],,,,,,,,,,,,,,,, [ 4956825121 ],,,,,,,,,,,,,,,,,,,,,,,,,, 
  [ 2785672891 ],,,,,, [ 8887833089 ],, [ 16532274491 ],,,, [ 5906555827 ],,,,,, 
  [ 17681403349 ],,,,,,, [ 90714502999, 1712486918773 ],,,,,,,,,,,,,,, [ 3009288511 ],,,,,,,,
  ,, [ 119954077741 ],,,,, [ 3158650771 ],,,,,,,,,,, [ 4589000461 ],,,,,,,,,,,, 
  [ 30204414761 ], [ 9726851551 ],,, [ 6263995333, 41821406329 ],,,,,,,,,,,,,,,,,,,,,,,,,,,,,
  ,,,,, [ 5201594987 ],, [ 40143697729 ],,,,,,,,,,,, [ 2886778441 ],,,,,,,,,,,,,,,,,, 
  [ 4926829213 ],,,,,,,,,,,, [ 1834866367 ],, [ 2593687021 ],,,,,,,,,,,,,,,,,,,, 
  [ 5234201857 ],, [ 8126541991 ],,, [ 1612758709, 4264773481 ],,,,,,,,,,,, [ 1632560701 ],,,
  ,,,,,,,,,,,,,,,,,, [ 7421676571 ],,,, [ 5642107921 ],,,,,,,,,,, [ 4167697843 ], 
  [ 5398629107 ],,,,,, [ 1557579262933 ],,,,,, [ 4019507413 ],, [ 206224905097 ],,,,,, 
  [ 4369487977 ],,,,,,,,,,,,,,,,,,,,,,,,,,,,,,,,,,,, [ 7611113161 ],,,,,,,,,,,, 
  [ 429479718751 ],, [ 2263041449 ],,,,,,,,,,,,,,,,,,,,,,,,,,,,,,,,,, [ 22963681737067 ],, 
  [ 2217550625569 ],, [ 2523332821, 3303581651 ],,,,,,,, [ 29808126547 ],,,,,, 
  [ 1108644577 ],,,,,, [ 16444490401 ],, [ 33337410649 ],,,,,,,,,,,,,,,, [ 174718068337 ],,,,
  ,, [ 13132450021 ],,,,,, [ 26816197381 ],,,,,,,,,,,,,, [ 2750006336741 ],,,,,,,,,,,,,,,,,,,
  ,,,,,,,,,,,,,,,,, [ 1865256301 ],,,,,,,,,,,,,,,,,,,,,,,,,,,,,,,,,,,,,,,,,,,,,,,,,,,,,,, 
  [ 32942103031 ],,,,, [ 1298261201 ],,,,,,,,,,,,,,,,,,,,,,,,,,,,,,,,,,,,,, [ 167746315993 ],
  , [ 1768624381 ],,,,,, [ 1445786497 ],,,,,,,, [ 70065734441 ],, [ 2861106121 ],,,,,,,,,, 
  [ 281543048429 ],,,,,,,,,, [ 2891789587 ],,,, [ 12140624071 ],, [ 9787072969 ],,,,,,,,,,,,,
  ,,,,,,,,,,, [ 18277229353 ],,,,,,,,,, [ 176099252141 ],,,,,,,,,,,,,,,,,,,, [ 2450000107 ],,
  ,,,,,,,,,,,,,,,,,,,,,,,,,,,,,,,,,,,,,,,,,,,,,, [ 84361258777141 ],,,,,,,,,,,,,,,,,,,,,,,,,
  , [ 320500377961 ],,,,,,,,,,,,,,,,,,,, [ 7958454241 ],,,,,,,,,,,,,,,,,,,,,,,, 
  [ 6592040641 ],, [ 1649992051 ],,,,,,,,,,,,,, [ 4973300081, 162179878561 ],,,,,,, 
  [ 3180822877 ],,,,,,,,,,, [ 2865021017, 16753551541 ],,,,,,,,,,,,,,,,,,,,,, [ 3676749121 ],
  , [ 1281152321 ],,,,,,,,,,,,,,,,,,,,,,,,,,,,,,,,,,,,,,,,,,,,,, [ 3181578457 ],, 
  [ 1424684831 ],, [ 5548238933 ],,,,,,,,,,,,,,,,,,,,,,,,,,,,,,,,,,,, [ 6287815073 ],,,,,,,,,
  ,,,,,,,,,,,,,,,,,,,,,,,,,,,,,,,,,,,,,,,,,,, [ 58387571101 ],,,,,,,,,,,,,,,,,,,,,,,,,,,,,,,,
  ,,,,,,,,,,,,,,,,,,,,,,,,,,,, [ 2129911681 ],,,, [ 3151989769 ],,,,,,,,,,,,,,,,,,,,,, 
  [ 3487900781 ],,,,,,,,,,,,,,,,,,,,,,,, [ 2711362091 ],,,, [ 19981599653 ],,,, 
  [ 1340990779 ],,,,,,,,,,,,,,,,,,,,,,,,,,,, [ 2842828627, 41790095843 ],, [ 1180391761 ],,,,
  ,,,,,,,, [ 2084328541 ],,,,,,,,,, [ 16191622231 ],, [ 3160664833 ],,,,,,,,,,,,,,,,,, 
  [ 2867139991 ],,,,,,,,,,,,,,, [ 1110440311 ],,,,,,,,,,,,,,,,,,,,,,,,,,,,, [ 4838551279 ],,,
  , [ 3164870323 ],,,,,,,,,,,,,,,, [ 47034145957 ],,,,,,,,,,,,,,,,,,,,,,,,,,,,,,,,,,,,,,,,,,,
  ,,,,,,,,,,,,,,,,,,,,,,,,, [ 178979158777 ],,,,,,,,,,,,,,,,,,,,,,,,,,,,,, [ 59898966541 ],,,
  ,,,,,,,,,,,,,,,,,,,,,,,,,,,,,,,,,,, [ 4915521791, 12953623061 ],,,,,,,,,, 
  [ 13315518001, 89034300001 ],,,,,,,,,, [ 40826155041871 ],,,,,,,,,,,,,,,,,,,,,,,,,,,,,,,,,,
  ,,,,,,,,,,,,,,,,,,,,,,,,,,,,,,,,,,,,,,,,,,,,,,,,,,,,,,,,,,,,,, [ 3395142479 ],,,, 
  [ 10281258881 ],,,,,,,,,,,,,,,,,,,,,,,,,,,,,, [ 489429051361 ],,,,,,,, [ 1011079441 ],,,,,,
  ,, [ 312498823921 ],,,,,,,,,,,,,,,,,,,,,,,,,,,,,,,,,,,,,,,,,,,,,,,,,,,,,,,,,,,, 
  [ 38838877381 ],,,,,,,,,,,,,,,, [ 47663495881 ],,,,,,,,,,,,,,,,,,,, [ 5439486097 ],,,,,,,, 
  [ 20847052051841 ],,,,,,,,,,,,,,,,,,,,,,,,,,,, [ 37810907821 ],,,,,,,,,,,,,,,,,,,,,,,,,,,,,
  ,,, [ 11015652101 ],,,,,,,,,,,,,,,,,,,,,,,,,,,,,,,,,, [ 382449470467 ],,,,,,,,,,,,,,,,,,,,,
  ,,, [ 38318041207 ],,,,,,,,,,,,,,,,,,,,,,,,,,,,,, [ 130738646329 ],,,,,,,,,,,,,,,,,,,,,,,,,
  ,,,,,,,,,,, [ 2524762369 ],,,,,,,,,,,,,,,,,,,,,,,,,,,,,,,,,,,,,,,,,,,,,, [ 9794032681 ],,,,
  ,,,,,,,,,,,,,,,,,,,,,,,,,,,, [ 18152491069 ],,,,,,,,,,,,,,,,,, [ 9667511281 ],,,,,,,,,,,,,,
  ,,,, [ 1719927379 ],,,,,,,,,,,,,,,,,, [ 66752552197 ],,,,,,,,,,,,,,,,,,,,,,,,,,,,,, 
  [ 36791094079 ],,,,,,,,,,,,,,,,,,,,,,,,,,,,,,,,,,,,,,,,,,,,,,,, [ 214211640649 ],,,,,,,,,,,
  ,,,,,,,,,,,,,,,,,,,,,,,,,,,,,,,,,,,,,,,,,,,,,,,,,,,,,,,,,,,,,,,,,,,,,,,,,,,,,,,,,,,,, 
  [ 9630208024501 ],,,,,, [ 2018025433 ],,,,,,,,,,,,,,,,,,,,,,,,,,,,,,,,,,,,,,,,,,,,,,,,,,,,,
  ,,,,,,,,,,,,,,,,,,,,,,,,,,,,,,,,,,,,,,,,,,,,,,,,,,,,,,,,,,,,,,,,,,,,,,,,, [ 4607331067 ],,,
  ,,,,,,,,,,,,,,, [ 422750318401 ],,,,,,,,,,,,,,,,,,,,,,,,,,,,,, [ 1554169171 ],,,,,,,,,,,,,,
  ,,,,,,,,,,,,,,,,,,,,,,,,,,,,,,,,,,,,,,,,,,,,,,,,,,,,,,,,,,,,,,,, 
  [ 2845151893, 133544296621 ],,,,,, [ 31090038349 ],,,,,,,,,,,,,,,,,,,,,,,, [ 26511231163 ],
  ,,,,,,,,,,,,,,,,,,,,,,,,,,,,,,,,,,,,,,,,,,,,,,,,,,,,, [ 29190732097 ],,,,,,,,,,,,,,,,,,,,,,
  ,,,,,,,,,,,,,, [ 78394044121 ],,,,,,,,,, [ 1451170459 ],, [ 4418139644521 ],,,,,,,,,,,, 
  [ 17474197969 ],,,,,, [ 74649343537 ],,,,,, [ 9641052557377 ],,,,,,,,,,,,,,,,,,,,,,,,,,,,,,
  ,,,,,,,,,,,, [ 24456954493 ],,,,,,,,,,,,,,,,,, [ 1919182789 ],,,,,,,,,,,,,,,,,,,,,,,,,,,,,
  , [ 8557141657 ],,,,,,,,,,,,,,,,,,,,,,,,,,,,,,,,,,,,,,,,,,,,,,,,,,,,,,,,,,,, 
  [ 52194417553 ],,,,,,,,,,,,,,,,,,,,,,,,,,,,,,,,,,,,,,,,,,,,,,,,,,,,,,,,,,,,,,,,,, 
  [ 1286508721 ],,,,,, [ 14917631437, 33650485669 ],,,,,,,,,,,,,,,,,,,,,,,,,,,,,, 
  [ 11639795077 ],,,,,,,,,,,,,,,,,, [ 5308716619 ],,,,,,,,,,,,,,,, [ 5788362301 ],,,,,,,, 
  [ 10543163599 ],,,,,,,,,,,,,,,,,, [ 11653869313 ],,,,,,,,,,,,,,,,,, [ 20070873037 ],,,,,,,,
  ,,,,,,,,,,,,,,,,,,,,,,,,,,,,,,,,,,,,,,,, [ 193901011981 ],,,,,,,,,,,,,,,,,, 
  [ 95655312301 ],,,,,,,,,,,,,,,,,,,,,,,, [ 7984173133 ],,,,,,,,,,,,,,,,,,,,,,,,,,,,,,,,,,,,,
  ,,,,,,,,,,,,,,,,,,,,,,,,,,,,,,,,,,,,,,,,,,,,,,,,,,,,,,,,,,,,,,,,,,,,,,,,,,,,,,,,,,,,,,,,,,,
  ,,,,,,,,,,,,,,,,,,,,,,,,,,,, [ 1736779201 ],,,,,,,,,,,,,,,,,,,,,,,,,,,,,,,,,,,,,,,,,,,,,,,,
  ,,,,,,,,,,,, [ 2129626801 ],,,,,,,,,,,,,,,,,,,,,,,,,,,,,,,,,,,, 
  [ 886306861441, 4029140028673 ],,,,,,,,,,,,,,,,,,,,,,,,,,,,,,,,,,,,,,,,,,,,,,,,,,,,,,,,,,,,
  ,,,,,,,,,,,,,,,,,,,,,,,, [ 14651499301 ],,,,,,,,,,,,,,,,,,,,,,,,,,,,,,,,,,,,,,,,,,,,,,,,,,,
  ,,,,,,,,,,,,,,,,,,,,,,,,,,,,,,,,,,,,,,,,,,,,,,,,,,,,,,,,,,,,,,,,,,,,,,,,,,,,,,,,,,,,,,,,,,,
  ,,,,,,,, [ 39840815071 ],,,,,,,,,,,,,,,,,,,,,,,,,,,,,,,,,,,,,,,,,,,,,,,,,,,,,,,,,,,,,,,,,, 
  [ 1213538593 ],,,,,,,,,,,,,,,,,,,,,,,,,,,,,,,,,,,,,,,,,, [ 26630054263 ],,,,,,,,,,,,,,,,,,,
  ,,,,,,,,,,,,,,,,,,,,,,, [ 22735090561 ],,,,,,,,,,,,,,,,,,,,,,,,,,,,,,,,,,,,,,,,,,,,,,,,,,,,
  ,,,,,,,,,,,,,,,,,,,,,,,,,,,,,,,,,,,,,,,,,,,,,,,,,,,,,,,,,,,,,,,,,,,,,,,,,,,,,,,,,,,,,,,,,,,
  , [ 41206891441 ],,,,,, [ 50077683361 ],,,,,,,,,,,,,,,,,,,,,,,,,,,,,,,,,,,,,,,,,,,,,,,,,,,,
  ,,,,,,,,,,,,,,,,,,,,,,,,,,,,,,,,,,,,,,,,,,,,,,,,,,,,,,,,,,,,,,,,,,,,,,,,,,,,,,,,,,,,,,,,,,,
  ,,,,,,, [ 260926695901 ],,,,,,,,,,,,,,,,,,,,,,,,,,,,,,,,,,,,,,,,,,,,,,,,,,,,,,,,,,,,,,,,,,,
  ,,,,,,,,,,,,,,,,,,,,,,,,,,,,,,,,,,,,,,,,,,,,,,,,,,,,, [ 59487452641 ],,,,,,,,,,,,,,,,,,,,,,
  ,,,,,,,,,,,,,,,,,,,, [ 3000776059 ],,,,,,,,,,,,,,,,,,,,,,,,,,,,,,,,,,,,,,,,,,,,,,,,,,,,,,,,
  ,,,,,,,,,,,,,,,,,,,,,, [ 2249888521 ],,,,,,,,,,,,,,,,,,,,,,,,,,,,,,,,,,,,,,,,,,,,,,,,,,,,,,
  ,,,,,,,,,,,,,,,,,,,,,,,,,,,,,,,,,,,,,,,,,,,,,,,,,,,,,,,,,,,,,,,,,, [ 733518590941 ],,,,,,,,
  ,,,,,,,,,,,,,,,,,,,,,,,,,,,,,,,,,,,,,,,,,,,,,,,,,,,, [ 153514050961 ] ]);
