BRENTFACTORS[9334]:=MakeImmutable([ ,,,,,,,,,, [ 67186997148371 ],, [ 1025280670797137 ],, 
  [ 267210290371 ], [ 10773519313 ], [ 196319749823213, 8168159962527000641 ],,,, 
  [ 1523189740129 ],, [ 45888426173 ], [ 58427310887809 ],, [ 81619429399 ], 
  [ 9875218789, 2092862236723759 ],,,, 
  [ 2999513501, 2659460458861, 3374324911340425512240439, 1392947513347550688554942899 ], 
  [ 1773365441, 1789012761492660961 ],, [ 2813995823, 40026714031, 152312260236091 ],,, 
  [ 2292253823, 5129305610061677060739523 ], [ 9316897428337, 1597041928507362479 ], 
  [ 4387387681, 3404861996953, 7569792962551 ],, [ 682238177923733779 ],, 
  [ 37262544726710076251 ], [ 18472432632549310147632706076161 ], [ 14086774703341 ], 
  [ 24815522907654738225732170528857777291 ],,, 
  [ 6610077327211, 3001229122875173, 9342830830221211, 610466609541593605169783 ], 
  [ 126919411038500501 ], [ 376636988389 ],,, [ 2756146949023494220483224094039 ], 
  [ 625629877334122237170304261 ], [ 238841614481, 37169111812620450882650063081 ],, 
  [ 36890188217236313295889337 ],, [ 2857205445084489928141 ],, 
  [ 15745978553, 20199249440515927 ], [ 124028441857427304079 ], 
  [ 34736707732155983853922433 ], [ 2404024226371, 39430366599131 ], 
  [ 72350811054523, 82481607386179 ], [ 7376790563180423887 ], 
  [ 62091050647472824164833567377 ],, [ 81335272389841 ],, 
  [ 14738212513, 6084091084283713, 690894264147043629865177 ], 
  [ 12574758107771147874331, 17900010783852635925007 ], 
  [ 8698576273, 10140271568368612597666868476129545957049960763273 ], 
  [ 11639619001, 44612765101, 327618701222751875224051, 
      426589325466945389126876124607933770901 ], 
  [ 2677246681, 93262289511216804210903263119621933173775190053 ], [ 3917948717344889459 ], 
  [ 11108186189959, 84282446027771340025395959917 ],, [ 73099086625132557578764695601 ], 
  [ 18574001459191 ], 
  [ 371095488747614414690749, 2027756376646049714987922050217532365102680006839951 ], 
  [ 79797028614290599 ], [ 90733693974556463377, 1742720969707495610842325401 ], 
  [ 5608835501, 18568542935161, 173311177923491, 563357629182195002671 ], 
  [ 280833685328909468998269147030871 ], [ 100316131261, 222000339999350345298853453 ],,, 
  [ 97836018850351, 729855891419279628404251 ],,,, [ 11041913651753 ],,,,,, 
  [ 922171432070238001, 11077162550240841789001, 13110038453651820104043770881001 ],, 
  [ 23808372229, 93213217753 ], [ 337256449346631377043909829 ],,,, 
  [ 28193861639, 5794272070583 ],,, [ 232116458454438581 ],, 
  [ 46505554033, 396338986177, 722237958737 ], [ 1060619283026183, 169889915554379786977 ], 
  [ 1381113911341 ],, [ 48907076333 ], [ 402619368114991 ], [ 28831638089 ],, 
  [ 2430971880280786974106801349998681, 379038879575094697825243471437130163451121 ], 
  [ 168164398508480177 ],, [ 285396266714656971779623 ],,, 
  [ 11141805065098681, 3992029059989100313, 427165113392321934406495803291029971 ],,,,, 
  [ 1429292269, 5314744607097254319293062423 ], [ 1069338469 ], [ 2069400843497901971 ], 
  [ 2046510927473, 12648893610995036281057 ],,,, [ 159731921422195807 ],, [ 341345873261 ], 
  [ 17623656221739304045447 ],, [ 232411470149 ],,,,, [ 53932991689 ],,, [ 951387655866931 ],
  [ 5063014893959514689 ], [ 146953559997289 ],, 
  [ 32093950223281, 2896871696358791, 17192832788605539101 ],, [ 6657379331 ],, 
  [ 2936049163 ], [ 32505988324321 ],, 
  [ 730228875513450212287, 9484528846220209166401, 35032530773548292793427, 
      240746253443896910265433, 89811151889905718927873551 ], 
  [ 12450711490411, 145501840505729 ], [ 2681283889 ], [ 25958855955933781 ],, 
  [ 9032112169 ],, [ 55183118930213, 55361408428820308699 ], [ 14788785181 ], 
  [ 2919323629, 4843761733, 355021341859, 2091941304823, 206883565998859, 
      1331389228065930475664581 ], [ 5874253241923981 ],,,, [ 932384658833 ], 
  [ 187738092060061, 214014918754999 ],,, 
  [ 64697561821, 3077084489719321, 14157822108263577773716081 ], 
  [ 63699723671743, 375905389475821 ],, [ 2448209503 ], 
  [ 490210481677097, 552736795861889175058601 ],, 
  [ 8707995754007450770537, 90269658044807324902921, 375249309548685406255879 ], 
  [ 36821209241950118129 ],, [ 15905772037 ], [ 4290622751, 3409173964351 ], 
  [ 306382150470717883 ], 
  [ 9502623937, 420303726721, 56730236511285488257, 157182921840381773845984129, 
      2061204936107271315381118682497 ], [ 1468073801 ], [ 113800038773, 52016962342781 ], 
  [ 2947979919691, 30930006062281, 2415589018935517000583103721 ],, 
  [ 285365414916262283, 4800987483829180531 ],,, 
  [ 11727251873156201, 7090072532268043927801 ], [ 3417337593362569 ], [ 146936534777 ],, 
  [ 13995073526102161 ], [ 52803530186971 ], [ 13702445557 ], [ 46518780715579 ], 
  [ 6810847505281, 205096321427344053226001 ],, [ 270711615392714396410648531 ],,,,, 
  [ 73862044042211 ], [ 51671544488353, 5072083018023623096809 ],, 
  [ 20833994477, 47879043577755613 ], [ 223785223147 ], 
  [ 215047460368621, 2986799003239738261961, 5570517640779784568921 ],, 
  [ 3943624365924589993, 339641186095988983731960517 ], [ 1253779113227 ], [ 1614230297569 ],
  [ 37865848051 ], [ 7784217667, 845749642883, 12443404768964772569 ],, [ 60910803648241 ], 
  [ 414338052547 ],,,, [ 4869689749, 10799032652793227, 2489296462670104102811 ],,, 
  [ 1149699017, 5026554089, 1274191444441, 2133654357067997 ], [ 5027315593225503043 ],, 
  [ 7789972549671199 ], [ 2695866721, 1305578966439001921 ], 
  [ 57033582613607, 8065875601716601 ], [ 10119140633748642233 ], [ 575985924438751 ],, 
  [ 1686608298971, 75183769496711 ],, [ 109455053891 ],, [ 2975042194328092963 ], 
  [ 3385272828539501 ], [ 56201333386898521 ], 
  [ 1592764342093, 77769021668125537, 1060066507993938649 ], [ 395855176807861 ],, 
  [ 30791639179003861 ],,, [ 8126869349660095891 ], [ 19169257318681 ], [ 6620631205501 ], 
  [ 646666686019, 1565801301094111 ], [ 14899248059, 345776947242626394966017 ],, 
  [ 183409959442777 ], [ 649590302401 ], [ 190792463401, 98205733662061566353 ],, 
  [ 2968709969, 573212010113 ], [ 805070005163, 5620263459452143 ],,, 
  [ 10705755371624873287264081 ],, [ 73476751847169299, 1057002889586645297 ],, 
  [ 123419039471017 ], [ 3698143901, 113567032223, 200899257607 ], 
  [ 95929352693, 946548963319121 ],, 
  [ 3738274922280641, 573096056905849681, 94240065014207813848561 ],, [ 5040418087 ], 
  [ 7644348281642003 ], [ 19108177056892363817969, 17298374358440781184706377 ],, 
  [ 6305415140061467 ], [ 186801876941 ], [ 4735409559553, 16139951884513 ],, 
  [ 385698001940906406461 ], [ 43665378187 ], [ 325952805993747017 ],, [ 24776680657 ], 
  [ 8027291021 ],, [ 153857691109, 25914369323503, 423631297122178861 ], [ 81252264893749 ],
  , [ 53881965901, 2367931735374301 ],, [ 10028191484140381, 5836604988018081359 ], 
  [ 340266468133 ], [ 827926078741873 ],,,,, [ 64416041070684409 ],,, 
  [ 2739583081, 666749247270712083817 ],, [ 634460639177, 51571069208621713 ], 
  [ 14272931611 ],, [ 261724240207 ], [ 28916597011, 1159923632139147436663 ], 
  [ 317658874829341 ], [ 9970397133520321 ], [ 2563234893031 ], [ 34732003526137 ], 
  [ 1238580323 ], 
  [ 98249663535481, 82538103245092865533, 260583312303367744321, 8599468238583013071829 ], 
  [ 8044455901, 340127759401, 2058229802851 ], [ 613021582280526283 ], 
  [ 226463957911, 1529181362509 ], [ 624761846979199525969 ],, 
  [ 3405799415701, 297266407981382401 ], [ 623463087343 ],, [ 167181612373 ], 
  [ 34916584364730127 ], [ 6998625701 ],, [ 1147890749 ],, [ 5642815687, 43381146339379 ],,,
  , [ 86085355217, 207189299549 ], [ 103858218889 ], [ 2037519944641, 85863481848025261 ],,, 
  [ 11792530424537689 ],, [ 556386839803380601 ],, [ 1233869373089 ],,, 
  [ 1403924891, 2058884009431 ],,,, [ 14370379409, 28428972343, 2702365115371 ], 
  [ 1174765590164521, 6728388800254737993773281 ], [ 986646978043, 2613558015457 ], 
  [ 2200163025869 ],, [ 341589815477, 96523817838449 ], [ 3560770837831 ],, 
  [ 8087626295291 ], [ 3932759329 ],,,,,, [ 329432433991, 5593548695197, 27006092588663 ], 
  [ 3183669668251 ], [ 2070989201, 12635663113 ],, [ 845365068399349 ], [ 95986323773 ], 
  [ 272842272759101, 2510810233023181, 11788367324286061 ],, [ 60688304093 ],,,, 
  [ 14532691723614593 ],, [ 2121564907553072893, 819228917335858053821 ], [ 52409999432519 ],
  , [ 919238122241 ],,,,, [ 265253765206321 ], [ 4395115541 ],, [ 88597894141 ], 
  [ 479619090574801, 614596576181220300001 ], [ 1768563253350263633 ],,, [ 33567271980329 ],,
  ,,,, [ 128406136591 ], [ 12335333535827828101 ],, [ 1101516903299 ],, 
  [ 287458745166063421 ], [ 2000652161 ],,,,,, [ 42383196953, 11361318698942113307611 ], 
  [ 1964675953 ], [ 8965565308801 ],, [ 17529214235851 ],,,,, [ 3991597889 ],,,,,,,, 
  [ 144313951206248437 ], [ 28745579808099980151041 ],,, [ 414729613891 ], 
  [ 1111454367596351341 ],,,, [ 7426121473 ], [ 119079266164387 ], 
  [ 56731298851, 31178697734251 ],,, [ 12203168587 ],,, 
  [ 446776096125196081, 68397215981116713841 ], [ 35212680827, 1612951860809, 3825270228919 ]
   ,, [ 1111901797, 6837269084953471 ],, [ 37009237663 ], 
  [ 10324558116181, 495658221651593814231727 ],, [ 107654207393, 840751442678614193 ], 
  [ 1277782250103091 ],, [ 1966354316326669 ], [ 2020669228951330994713 ],,, 
  [ 12708477547021 ], [ 1923817249, 125704597037377, 8665590730703377, 268748557879931593 ], 
  [ 2080921877, 13926792585707 ],, [ 46759020901, 186180820527901 ], [ 3009582009281 ],,,,,, 
  [ 31382793461, 432551054401439 ], [ 16852903621 ],, [ 2162805448831, 380911302112981 ],,,,
  , [ 9956680441 ], [ 119094636589 ],, [ 30945531062813 ], 
  [ 28705613821, 355013089133, 18615589666412363 ],,, [ 3192540651530077 ], 
  [ 657661131637, 24458114473171 ], [ 17013835138999, 56761693922377 ],,,,, 
  [ 1449601273, 1829476153, 1865763649, 480086550477577 ],, [ 2367175273, 197745814751629 ], 
  [ 1153331533537 ],,, [ 2780016893161, 12701133669186211 ], [ 35563150267 ], 
  [ 5816704429057, 2267166062450689 ],, [ 3830941717, 4147965001043537929 ],,,, 
  [ 2387953094563, 160133465547287 ], [ 66825157033 ], [ 161549798889961, 1778993915498281 ],
  [ 15088840427, 708738101767 ], [ 1399882039399 ],,, [ 38898768180301 ], 
  [ 20163190087, 2601773145257988313 ],, [ 775899016802734516561 ],, 
  [ 1359597871, 180497860531, 21630718516230541 ],,,, [ 285916817192576564173 ], 
  [ 15622991655671 ],,, [ 25475116213383851173, 603604965998430629509 ], [ 9236741669 ], 
  [ 764714926404719821 ],, [ 17294547379, 5031161325283, 2313521570524187157451 ],, 
  [ 7217312238119777 ], [ 1517286897521 ], [ 426031676033419 ],, 
  [ 1326398139977, 3634365910229629 ],, [ 2736395201, 25028211280601, 196157931448601 ],,,,, 
  [ 434413965631 ],, [ 245433994667, 568650448169 ], [ 436703033593 ], 
  [ 1739635951, 134796662989 ],, [ 371542401121 ], 
  [ 13539979381, 15888384053, 852603356157946763 ],, [ 88043258353 ],, [ 51735020533589 ], 
  [ 8471467621 ],,, [ 1152959345165424564181 ],, [ 3964073257, 317826237301 ],, 
  [ 25717309451 ],, [ 91783708417 ],, [ 20479371743, 33426847939879 ],, [ 2130550940470861 ],
  ,, [ 10283217517 ],,,,, [ 63878955841 ],, [ 3007055951 ],,,,,, 
  [ 1653188377, 5851703708549 ], [ 1969473151 ], 
  [ 169111315019063, 1128583732567331, 1179050983482373, 113535873624098927 ],, 
  [ 333742056001 ],, [ 1197126967 ],, [ 1040907629, 636308631212714113 ],, 
  [ 4494443050789874483023 ],,,, [ 43740175051 ], [ 4380445967 ], [ 2247102852448897 ],,, 
  [ 44911946941 ],,, [ 8247777658912123 ],,,, [ 2551458307 ],, 
  [ 1542304644193, 773961985923361 ], [ 10749797501 ], [ 31809060071, 7747439783141 ],,,,,, 
  [ 2334891776235593 ],, [ 31703154151 ], [ 4105889681 ],,,,, [ 279441324161 ],,,, 
  [ 10859670893 ], [ 16608117901 ],,,, [ 1088353531 ],, [ 3272203327 ], 
  [ 3728912533, 1156573780318717 ],,, [ 15935183221 ], [ 3043820977 ],,,, [ 468885420961 ],, 
  [ 41076944431 ], [ 22676783923 ], [ 5040806826228601 ],,,,,, [ 3504924736501 ],,,,,,,,,,,, 
  [ 73517253239 ],,,,,,,,,, [ 254654847919649, 569582713452317 ], [ 1562742721 ], 
  [ 18260894756099, 8201437089282061 ],,,,,, [ 1679676601, 210292196801, 2554771705501 ],, 
  [ 1413339747067, 9588810529819 ],,,, [ 11143493411 ],, 
  [ 73169873533, 441520561297, 818675815938193 ],, [ 1454443273825961 ], [ 15478902289 ],,,,
  , [ 1597358053 ],,,,,,,,,,, [ 1957319549 ],,, [ 3221832371 ], [ 552428090443 ],,, 
  [ 222463061461 ],, [ 141539705262401 ], [ 12824902553 ], [ 35156624438359 ],,,, 
  [ 1409514331 ],, [ 409967588521, 22402386258937, 6357187082107439041 ],,,,,,,, 
  [ 8327812911649313 ],,,, [ 286407199513 ],, [ 77550692802139 ],, [ 2174713369601 ],, 
  [ 17522550433621 ],, [ 1076700891041 ],, [ 101258436221 ],, [ 121148671021416193 ],,,,, 
  [ 856138739551 ], [ 1462805598374389 ],,,, [ 500693146769 ], [ 5344480627 ], 
  [ 5281733341 ], [ 353123244079 ],,, [ 10603378773233 ],, [ 5219641429909, 24870876583321 ],
  , [ 30669219253 ],,, [ 136899391973 ], [ 18855843161761 ],,, [ 13275245491 ], 
  [ 1749480641, 460586381173 ], [ 638901118441 ], [ 6430921603 ],,, [ 2544067938781 ], 
  [ 8327156752139, 17566827325441 ],,,,,, [ 46684313729 ],, [ 1641499831, 3521956712671 ],, 
  [ 1067064629, 706340745181, 587122871166133 ],,,,,, [ 10810021331, 880065276379 ],, 
  [ 11787729601 ], [ 1200714143 ],,, [ 5216702801 ],,,,,, [ 169547878991 ],,, 
  [ 2954029583 ], [ 4198792824191677 ],,,, [ 141344980985322721 ], [ 6374176651 ], 
  [ 76739262925081 ],,, [ 2863219153, 43942196083 ],,,,,, [ 2124700609 ], [ 9860269451 ],,, 
  [ 11435729147 ], [ 7075904314669, 10107583518061 ],,,, [ 2751237061 ],, [ 65014836421 ],, 
  [ 9829774763, 1012114396542895153 ],, [ 26835519457 ],,,,, [ 6393182599 ], 
  [ 51192606165968191 ],,,,,,,,,,, [ 1778982157 ], [ 167825401507, 171232414043293 ],, 
  [ 5117506898770241 ],, [ 777171073248667 ],,,,,, [ 76115767931017 ], [ 1986035573 ],,,, 
  [ 226096625197 ],,,,,,, [ 2973130163039089 ],,,, [ 13656211949 ],, 
  [ 1754814881, 4103711431 ],,,, [ 12880302791, 19651447861 ],,,,,, 
  [ 84391071001, 115921046246081 ],,, [ 4186041289 ],,, [ 912190261051 ],,,,,, 
  [ 1447229224193 ],,,, [ 5240089297, 41294257333057 ],,,,,,, [ 95509501231 ],,,,, 
  [ 1983513673, 265943066629 ],,,,,, [ 149651403247 ],,,,, [ 9739853341 ],,,,,,,,, 
  [ 1371375281 ],,,, [ 1796002309 ],, [ 5654138138119 ],,,,,,,,, [ 1540982257 ], 
  [ 1091302249, 1250050969 ], [ 1488067081 ], [ 65318623049 ], [ 628975920049 ], 
  [ 241581954786173 ],, [ 38299952955750751 ],, [ 109398256001 ],,,,,,,,,,,, 
  [ 415690062408809 ],,,, [ 3187363537 ], [ 30598387123 ],,, [ 7532109553, 23214063577 ],, 
  [ 219917956597, 11539474075273 ],,,, [ 9679130767 ],, [ 50265976381 ],,,,,, 
  [ 33509348201233 ],,, [ 21868964503 ],,,, [ 20462756185235029 ], 
  [ 3054833057, 41506396823 ],,,,,,, [ 4121414465947 ],,,,,,, [ 4080613321 ],,,,,,,,,,,,,,,,,
  ,,,,,, [ 360375147973 ],,,,,,,,,, [ 102674722603 ],,,,, [ 51958993423, 146075841127 ],,, 
  [ 1125050257 ],,, [ 1666445910949 ],,,, [ 1719457409, 5151080537 ],, [ 16877017621 ], 
  [ 4573169791 ],, [ 40808948149 ],,,,,,,, [ 1290618713, 15097735253 ], [ 10632257053113601 ]
   ,,,, [ 2103822421 ],,,, [ 24239884579 ], [ 2163382843 ],,,,,,,,,, [ 338365703101 ],,,,,,,,
  ,,,,,,,,,,,,,, [ 4792151669 ], [ 1940682241 ],,,,,,,,,,,,, [ 228393419911 ],,,,,,,,,,,,,,,,
  ,,,,,,,,,,, [ 13880245193 ],,,, [ 40400966113 ],,,,, [ 1890484493 ],,,,,,,,, 
  [ 48516104341 ], [ 2295234943 ],,,,,,,,,,,,, [ 10204405993 ],,,,, [ 14203666069 ],,,,,,, 
  [ 2715864037 ], [ 18386518127 ],,,,,, [ 610816506983 ], [ 121926480161 ],,,,, 
  [ 443947817393 ],,,, [ 10216573571, 783734592019 ],,,,,,,,, [ 5840332819 ],,,,,,,,,,,,,,,, 
  [ 1659992923, 5705664229 ],,,,,,,,,,,,,,,,,,,,,,,,,, [ 46756912513 ],,,,,,,,,,,,,,,,,,,,,,,
  ,, [ 158523975877 ],,,,,,,,,,,,,,,,, [ 30114340491751 ],,, [ 8513042569 ],, 
  [ 11232327265139 ], [ 21684043889 ],,,,,,,,, [ 32136607057 ],,,,, [ 1008804661 ],,,,,,,,,, 
  [ 1756120001, 6676259809 ],,,,,,,,,, [ 4912625719 ],,,, [ 91293701581 ],,,,,,,,,,,,,,,,,, 
  [ 37918173569 ],,,,,,,,,,,,,,,,,,,, [ 4935403621 ],,,,,,, [ 37648628431 ],,,,,,,,,, 
  [ 1155407551 ], [ 22683757717 ],, [ 19269522089 ], [ 1526695381 ],,,,,,,,, [ 4009020319 ],,
  ,,,,,, [ 2022385117 ],,,,, [ 351329883067 ], [ 1653200257 ], [ 144790912423 ],,,,, 
  [ 112419364049 ],,,,,,,,,,,,,,,,,, [ 3506185673 ],, [ 1065248773 ],,,,,,,,,,, 
  [ 14564460571 ],,,,,,, [ 23274432449 ],, [ 12230167753, 12921762481 ],,,,, [ 71343704417 ],
  [ 2276511577 ],, [ 4250575337, 373164362341 ],,,,,,,,,,,,,,,,,,,, [ 76477282187 ],, 
  [ 1641447711973 ],, [ 1174018051, 9544041301 ],, [ 186128260657 ],,, [ 4687081001 ],,,,,,, 
  [ 1509552727 ],,, [ 959471514601 ],,,,,,,,, [ 1225602971 ],,,,,,,,,,,,,,,,,,,,, 
  [ 4229451931 ],,,,,,,,,,,,,,, [ 442666230091 ],,,,,,, [ 5843980297 ], [ 2535253909 ],, 
  [ 160319109061 ],,,,,,, [ 4338515899 ],,,,, [ 3089715691009 ],, [ 3564435379 ],,,,,,,,,,,,,
  ,,,,,,,,,,, [ 39311306009 ],,,, [ 15771022147 ], [ 4141169341 ],,,,,, [ 15886496669 ],,, 
  [ 3497834033 ], [ 622382353097 ], [ 1702921699 ],,,,,,,,,,,,,,,,,,,,,,, [ 110327430947 ], 
  [ 75673935679 ],,,,,,,,,,,,, [ 7931131759 ],,,,,,,,,, [ 29258662487 ],, [ 6989849171 ],,,,,
  ,,, [ 2342728477 ],,,,,, [ 46970599141 ],,, [ 2690337541 ],,,, [ 9645872161 ],,,, 
  [ 27151009273 ],,,,,, [ 1226009167 ],,,,,,,,,,,,,,,,,, [ 29104940521 ],,,, [ 6276634417 ],,
  ,,,,,,,,,,, [ 7095442351 ],,,,,, [ 19793274731 ],,,, [ 6045201289 ],,,,,,,,,,,,,,,,,,,,,,,,
  ,,,,,,,,,,,,,,,,,,,,,, [ 1107391141, 12201501601 ],,,,,,,, [ 8091439511 ], 
  [ 1569223985167 ],, [ 8565954113 ], [ 1164041881 ],,,,, [ 43665493873 ],,, [ 1787438381 ],,
  , [ 19002461633 ],,,,,,,,,,,,,,,,,,,,,,,,,, [ 1706679613 ],,,,,,,, [ 3718801813 ], 
  [ 3701266493 ], [ 1677138401 ],,,,,,, [ 28940054053 ],,,,,, [ 7961884945039 ], 
  [ 419177549729 ],,,,,,,, [ 1598104279 ],,,,,, [ 1100559937 ],,,,,, [ 20094195637 ],,, 
  [ 5764342981, 17096485310287 ],,,,,, [ 308062532977 ], [ 1914946337 ],, [ 15811188901 ],,,,
  ,,,,,,,,,,,,,,,,, [ 49732697737 ],,, [ 2330036563 ],,, [ 122042179093 ], [ 6500987767 ],,,
  , [ 5891475181 ],,,,,,,,,,,,,,,,,,,, [ 3256218967 ],,, [ 28233619805441 ],,,,,,,, 
  [ 11058412001407 ],, [ 1867014371 ],,,,,,, [ 11570057893 ],, [ 3048848353 ],,,,,,,, 
  [ 568195571761 ],, [ 5910220063009 ],,,,,,,,,,,,,,,,,,,,, [ 1850556271 ],,,,,,,,,,,,,,,,,,,
  ,,,,,,,,,,,,,,,,,,,, [ 190804815133 ], [ 4385166011 ], [ 9928631096415233 ],,,, 
  [ 3754566213301 ],,,,,, [ 3918015037 ],,,,,, [ 1491916801 ],,, [ 2868388381 ],,,,,,,,, 
  [ 2900426077 ],,,,,,,,,, [ 32694732313 ],, [ 1102295617 ],, [ 110776290211 ],,,,,, 
  [ 2657438689 ],,,,,,,, [ 214139386801 ],,,,,,,,,,,,, [ 13403445721 ], [ 1722318727 ],,,,,,,
  ,, [ 646424620351 ],,,,,, [ 4393550347 ],,,, [ 4661601361 ],,,,, [ 4695968821 ],,,,,,,,,,,,
  ,,,,,,,,,, [ 4378041277 ],,,,,,,,,,,,,,,, [ 22530785909 ], [ 28005262993 ],,,,,, 
  [ 65383477707871 ],,,,,,,,, [ 2212927333 ],,,,,,,, [ 1394625317, 7775264209 ],,,,,,,,, 
  [ 1207957339 ],,,,,,,,, [ 6958090261 ],,,,,,,,,,,, [ 60654163417 ],,,, [ 10806575797 ],,,,,
  ,,,,,,,,,,,,,,,,,,,,,, [ 2523251701 ],,, [ 2214178266637 ],,,,,,,, [ 97896361921 ],,,,,,,,,
  ,,,,,,,,,,,,,,,,,,,,, [ 58552805147 ],,,,,,,,,,,,, [ 53885654461, 166898268289 ], 
  [ 82230909889 ],,,,,,,, [ 1191899017 ],, [ 53043415933 ],,,,,,, [ 13534164271 ],,, 
  [ 14259994537 ],, [ 1231540711 ],, [ 281828795977 ],,,,,,,, [ 1773019201 ],,,, 
  [ 5426222257 ],,,,,,,, [ 766450798453 ],,,,,, [ 320703491707 ],,,,,, [ 6732550921 ],,,,,,,,
  ,, [ 945063951947 ],,,,,,,,,,, [ 4801667041 ],,, [ 1762391313217 ],,,,,,,,,,,,,,,,,,,,,,,,,
  ,,,,,,,,,,, [ 2539981909 ],,,,,,,,,,,,,,,,,,,, [ 3458044033 ], [ 28947138721 ],,, 
  [ 8114087257 ],,,,,,,,,, [ 2787743269 ],,,,, [ 8760648223 ], [ 2287250627377 ],,,, 
  [ 8649506497 ],,,,,,, [ 1417530218131 ],,,,,,,,,,, [ 2699449967 ],, [ 66336186281 ],,,, 
  [ 712961115857 ],,,,,,,,,,,,, [ 7494568068241 ],,,,,,,,,,,,,,,,,,,,,,,,, [ 2255335741 ],,,,
  ,,,, [ 1089498100969 ],,,,,,,,,, [ 6916455121 ],,,,, [ 1485783157 ],,,,,,,,, 
  [ 1019053411 ],,,,,,,,,,,,,,,, [ 7940672819 ],, [ 2885475121 ],, [ 21656048639 ],,,,,,,,,,,
  ,,,,,,,,,,,,,,,,,,,,,,,,,,,,,,,,,,,,,,, [ 443992903309 ],,,,, [ 99162983149 ],,,,,, 
  [ 67026842413 ],,,,, [ 6311324377 ],,,,,,,, [ 10969646969 ],,,,,,,,,,,,,,,,,,,,,,,,,,,,,,,,
  ,,,,,,,,,,,,,,,, [ 5099425217 ],,,, [ 2892839569 ],,,,,,,, [ 113013252977 ],,,,,, 
  [ 33343947547 ],,,,,,,,,,,,,,,,,,,,,,,,,,,,,,,,,,,,,,,, [ 24441993883 ],,,, 
  [ 60617366533 ],, [ 108524477377 ],,,,,,,,,,,, [ 3220747441 ],,,,,, [ 181443437179 ], 
  [ 2983656001 ], [ 3099139489 ],,,,,,,, [ 3620025697 ],, [ 9011376889 ],,,, [ 248248417519 ]
   ,,, [ 3626196121 ],,,,,, [ 17153445156013 ],,,,,,,,,,, [ 1999802509, 2421541390181 ],, 
  [ 1655900513 ],,,,,,,,,,,, [ 59542376849 ],, [ 12147256801 ],, [ 47603398501 ],,,,,,,,,,,,,
  ,,,,, [ 4200230479 ],, [ 4213098641 ],,,, [ 515547878737 ],,,,,, [ 52037491481 ],,,,,,,,,,,
  ,,,,,,, [ 2649261473 ],,,,,,,,,,,,,, [ 1430941195883 ],,,,,,,,,,,,,,,,,,,,,,,,,,,,,,,, 
  [ 1185917413 ],,,,,,,,,,,,,,,,,, [ 998987934613 ],,, [ 1842918751, 12867597901 ],,,,,,,,,,,
  ,, [ 1099890721, 5563099133 ],,,,,,,,,,,,,, [ 13379427829 ],,,,,,,,,,,,,,,,,,,,,,,,,, 
  [ 1515438601, 7235951633 ],,,,,,,,,,,,,,,,,,,,,,,, [ 29866929733 ],,,, [ 2831620177 ],, 
  [ 124735879987 ],,,,,,,,,,,,,,,,,,,,,,,,,,,,,, [ 40686365201 ],,,,,,,,,, [ 8594147293 ],,,,
  ,,,,,,,,,,,, [ 2307538943 ],,,,,,,, [ 174822388777 ],,,,,, [ 2715384673 ],,,,,,,, 
  [ 374494714729 ],,,,,,,,,,,,,,,,,,,,,,,,,,,,,, [ 5147569631 ],,,,,, [ 400345915553 ],, 
  [ 2531384969, 2773080983 ],,,,,,,,,,,,,,,,,, [ 347288225281 ],,,,,,,,,,,,,,,,,,,, 
  [ 6482992081 ],, [ 29106701347, 58449405551 ],,,,,,,,,,,,,, [ 64033946909 ],, 
  [ 1169031541 ],,,, [ 1333974931 ],,,, [ 7625726131 ],,,,,,,,,,,,,,,,,,,,,,,,,,,,,,,,,,,,,,,
  ,,,,,,,,, [ 1314478439 ],,,,,,,,,,,,,,,,,,,,,,,, [ 1286612748451 ],,,,,, [ 2807713501 ],,,
  , [ 7977863041 ],,,,,,,,,, [ 104591781691 ],,,, [ 2270442203, 3193447139 ],,,,,, 
  [ 1429189061 ],,,,,,,,,,,, [ 4701461249 ],,,,,,,,,,,,,,,,,, [ 4441351091 ],,,,,,,, 
  [ 3490389823 ],,,,,,,, [ 30970046461 ],,,,,, [ 21839185369 ],,,,,,,,,,,, [ 40007666833 ],,,
  ,,,,,,, [ 175089056371549 ],,,,,,,,,,,,,,,,,, [ 1219227521 ],, [ 1047841777 ],, 
  [ 8978733941 ],,,,,,,,,,,,,,,,,,,,,, [ 69149149609 ],,,,,,,,,,,,,,,,,,,, [ 8240401373 ],,,,
  ,,,,,,,,,,,,,,,, [ 1117887709, 1244760389 ],,,, [ 72551033941 ],, [ 195250293713 ],,,,,,,,,
  , [ 4047657709 ],,,,,,,,,,,,,,,,,,,,,,,,,,,,,,,,,,,,,, [ 9619271833 ],,,,,, 
  [ 41593761511 ],,,,,, [ 4747521914117 ],,,, [ 1689200657 ],,,,,, [ 427037355967 ],,,,,,,,,,
  ,,,,,,,,,,,,,,,,,,,,,,,,,,,,,,,,,,,,,,,,,,,, [ 1180747541 ],,,,,,,,,,,,,,,,,,,,,,,, 
  [ 19108533029 ],,,,,,,,,,,,,,,,,, [ 20620617781 ],,,,,,,,,,,,,,,, [ 2190068281 ],,,,,,,,,,,
  , [ 15095965333 ],,,,,,,,,,,,,,,,,,,,,,,,,,,,,,,,,,,,,,,,,,,,,,,, [ 6650321017 ],,,,,,,, 
  [ 2112385381 ],,,,,,,,,,,,,,,,,,,,,,,,,,,,,,,,,,,,,,,,,,,,,,,,,,,,,,,,,, [ 51045602329 ],,,
  ,,,,,,,,,,,,,,,,,,,,, [ 7124246917 ],,,, [ 134157336041 ],,,,,,,,,, [ 4220509961 ],,,,,,,,,
  ,,,,,,,,,,,,,,,,,,,,,,,,,,,,,,,,,,, [ 591219565259 ],,,,,,,,,,,,,,,,,,,,,,,,,,,,,,,, 
  [ 1143639727, 138446686639 ],,,,,,,,,,,,,,,,,,,,,,,,,,,,,,,,,, [ 5702268001, 14975512001 ],
  ,,,,,,,,,,,,,,,,,,,,,,,,,,,,,,,,,,,,,,,,,,,,,,,,,,,,,,,,,,,,, [ 8274692077 ],,,,,,,,,,,,,,,
  ,,,,,,,,,,,,,,,,,,,,,,,,,,,,,,,,,,,,,,,,,,,,,,,,,,,,, [ 4588277191 ],,,,,,,,,,,,,,,,,,,,,, 
  [ 203361069577 ],,,,,,,, [ 3239167361 ],,,,,,,,,,,,,,,,,,,,,, [ 2211516877 ],,,,,,,,,,,,,,,
  ,,,,,,,,,,,,, [ 10138610411 ],,,,,,,,,,,,,,,,,,,,,,,,,,,,,,,,,,,,,,,,,,,, [ 33251752591 ],,
  ,,,,,,,,,,,,,,,,,,,,,,,,,,,,,,,,,, [ 41080134811 ],,,,,,,,,,,,,,,,,,,,,, [ 8556336097 ],, 
  [ 796837701883 ],,,,,,,,,,,,,,,,,,,,,,,,,, [ 29475066601 ],,,, [ 24259537153 ],,,,,,,,,,,,,
  ,,, [ 9520530881 ],, [ 156546217147 ],,,,,,,,,,,,,,,,,,,,,,,, [ 16513925971 ],,,,,,,,,,,,,
  , [ 198113806001 ],,,,,,,,,, [ 1259269617061 ],,,,,, [ 3388095302017 ],,,,,, 
  [ 30061949941 ],,,,,,,,,,,,,,,,,,,,,,,,,,,,,,,,,,,,,,,,,, [ 731310099409 ],,,,,,,,,,,,,,,,,
  ,,,,,,,,,,,,,,,,,,,,,,,,, [ 22914749317 ],,,, [ 2638936301 ],,,,,,,, [ 134701052581 ],,,,,,
  ,,,,,,,,,,,,,,,,,,,,,,,,,,,,,,,,,,,,,,,,,,,,,,,,,,,,,,,,,,,,,,,,,,,,,,,, [ 1584723781 ],,,,
  ,,,,,,,,,,,,,,,,,,,,,,,,,,,,,,,, [ 121186478689 ],,,,,,,,,,,,,,,,,,,,,,,,,,,,,,,,,,,,,,,,,,
  ,,,,,,,,,,,,,,,,,,,,,,,, [ 4408678369, 788189360689 ],,,,,,,,,,,,,,,,,,,,,,,,,,,,,,,,,,,,,,
  ,,,,,,,,,,,,,,,, [ 29181342961 ],,,,,,,,,,,,,,,,,,,,,,,,,,,,,,,,,,,,,,,,,,,,,,,,,,,,,,,,,,,
  ,,,,,,,,,,,,,,,,,,,,,,,,,,,,,,,,,,,,, [ 47708193553, 144895529759137 ],,,,,,,,,,,,,,,,,,,,,
  ,,, [ 3601250857 ],,,,,,,,,,,,,,,,,,,,,,,,,,,,,, [ 2883640717 ],,,,,,,,,,,,,,,,,, 
  [ 2847208921 ],,,,,,,,,,,,,,,,,,,,,,,,,,,,,,,,,,,,,,,,,,,,,,,,,,,,,,,,,,,,,,,,,, 
  [ 3365958853, 205985896705297 ],,,,,,,,,,,,,,,,,,,,,,,,,,,,,,,,,,,,,,,,,,,,,,,,,,,,,,,,,,,,
  ,,,,,,,,,,,,,,,,,,,,,,,,,,,,,,,,,,,,,,,,,,,,,,,,,,,,,, [ 1015914901, 4002097501 ],,,,,,,,,,
  ,,,,,,,,,,,,,, [ 1692113893 ],,,,,, [ 19300952971 ],,,,,, [ 295673706049 ],,,,,,,,,,,,,,,,,
  ,,,,,,,,,,,,,,,,,,,,,,,,,,,,,,,,,,,,,,,,,,,,,,,,,,,,,,,,,,,,,,,,,,,,,,,,,,,,,,,,,,,,,,,,,,,
  ,,,,,,,,,,,,,,,,,,,,,,,,,,,,,,,,,,,,,,,,,,,,,,,,,,,,,,,,,,,, [ 4558575841 ],,,,,,,,,,,,,,,
  , [ 2551237921 ],,,,,,,,,,,,,,,,,,,,,,,,,,,,,,,,,,,,,,,,,,,,,,,,,,,,,,,,,,,,,,,,,,,,,,,,,,,
  ,,,,,,,,,,,,,,,,,,,,,,,,,,,,,,,,,,,,,,,,,,,,,,,,,,,,,,,,,,,,,,,,,,,,,,,,,,,,,,,,,,,,,,,,,,,
  ,,,, [ 8864538301 ],,,,,,,,,,,,,,,,,,,,,,,,,,,,,,,,,,,,,,,,,,,,,,,,,,,,,,,,,,,,,,,,,,,,,,,,
  ,,,,,,,,,,,,,,,,,,,,,,,,,,,,,,,,,,,,,,,,,,,,,,,, [ 318984538291 ],,,,,, [ 1421409601 ],,,,,
  ,,,,,,,,,,,,,,,,,,, [ 552740535241 ],,,,,,,,,,,,,,,,,,,,,,,,,,,,,,,,,,,, 
  [ 3529421941, 10904856073 ],,,,,,,,,,,,,,,,,, [ 74366162443, 87905184823 ],,,,,,,,,,,,,,,,,
  ,,,,,,,,,,,,,,,,,,,,,,,,,,,,,,,,,,,,,,,,,,,,,,,,,,,,,,,,,,,,,,,,,,,,,,,,,,,,,,,,,,,,,,,,,,,
  ,,,,,,,,,,,,,,,,,,,,,,,,,,,,,,,,,,,,,,,,,,,,,,,,,,,,,,,,,,,,,,,,,,,,,,,,,,,,,,,,,,,,,,,,,,,
  ,,,,,,,,,,,,,,,,,,,,,,,,,,,,,,,,,,,,,,,,,,,,,,,,,,,,,,,,,,,,,,,,,,,,,,,,,,,,,,,,,,,,,,,,,,,
  ,,,,,,,,,,,,,,,, [ 1477556370001 ],,,,,, [ 4017101089 ],,,,,,,,,,,,,,,,,,,,,,,,,,,,,,,,,,,,
  ,,,,,,,,,,,,,,,,,,,,,,,,,,,,,,,,,,,,,,,,,,,,,,,,,,,,,,,,,,,,,,,,,,,,,,,,,,,,,,,,,,,,,,,,,,,
  ,,,,,,,,,,,,,,,,, [ 7495743001 ],,,,,,,,,,,,,,,,,,,,,,,,,,,,,,,,,,,,,,,,,,,,,,,,,,,,,,,,,,,
  ,,,,,,,,,,,,,,,,,,,,,,,,,,,,,,,,,,,,,,,,,,,,,,,,,,,,,,,,,,,,,,,,,,,,,,,,,,,,,,,,,,,,,,,,,,,
  ,,,,,,,,,,,,,,,,,,,,,,,,,,,,,,,,,,,,,,,,,,,,,,,,,,,,,,,,,,,, [ 1488119161 ],,,,,,,,,,,,,,,,
  ,,,,,,,,,,,,,,,,,,,,,,,,,,,,,,,,,,,,,,,,,,,,,,,,,,,,,,,,,,,,,,,,,,,,,,,,,,,,,,,,,,,,,,,,,,,
  ,,,,,,,,,,,,,,,,,,,,,,,,,,,,,,,,,,,,,,,,,,,,,,,,,,,,,,,,,,,,,,,,,,,,,,,,,,,,,,,,,,,,,,,,,,,
  ,,,,,,,,,,,,,,,,,,,,,,,,,,,,,,,,,,,,,,,,,,,,,,,,,,,,,,,,,,,,,,,,,,,,,,,,,,,,,,,,,,,,,,,,,,,
  ,,,,,,,,,,,,,,,,,,,,,,,,,,,,,,,,,,,,,,,,,,,,,,,,,,,,,,,,,,,,,,,,,,,,,,,,,,,,,,,,,,,,,,,,,,,
  ,,,,,,,,,,,,,,,,,,,,,,,,,,,,,,,,,,,,,,,,,,,,,,,,,,,,,,,,,,,,,,,,,,,,,,,,,,,,,,,,,,,,,,,,,,,
  ,,,,,,,,,,,,,,,,,,,,,,,,,,,,,,,,,,,,,,,,,,,,,,,,,,,,,,,,,,,,,,,,,,,,,,,,,,,,,,,,,,,,,,,,,,,
  ,,,,,,,, [ 6943007611 ],,,,,,,,,,,,,,,,,,,,,,,,,,,,,,,,,,,,,,,,,,,,,,,,,,,,,,,,,,,,,,,,,,,,
  ,,,,,,,,,,,,,,,,,,,,,,,,,,,,,,,,,,,,,,,,,,,,,,,,,,,,,,,,,,,,,,,,,,,,,,,,,,,,,,,,,,,,,,,,,,,
  ,,,,,,,,,,,,,,,,,,,,,,,,,,,,,,,,,,,,,,,,,,,,,,,,,,, [ 2822920381 ],,,,,,,,,,,,,,,,,,,,,,,,,
  ,,,,,,,,,,,,,,,,,,,,,,,,,,,,,,,,,,,,,,,,,,,,,,,,,,,,,,,,,,,,,,,,,,,,,,,,,,,,,,,,,,,,,,,,,,,
  ,,,,,,,,,,,,,,,,,,,,,,,,,,,,,,,,,,,,,,,,,,,,,,,,,,,,,,,,,,,,,,,,,,,,,,,,,,,,,,,,,,,,,,,,,,,
  ,,,,,,,,,,,,,,,,,,,,,,,,,,,,,,,,,,,,,,,,,,,,,,,,,,,,,,,,,,,,,,,,,,,,,,,,,,,,,,,,,,,,,,,,,,,
  ,,,,,,,,,,,,,,,,,,,,,,,,,,,,,,,,,,,,,,,,,,,,,,,,,,,,,,,,,,,,,,,,,,,,,,,,,,,,,,,,,,,,,,,,,,,
  ,,,,,,,,,,,,,,,,,,,,,,,,,,,,,,,,,,,,,,,,,,,,,,,,,,,,,,,,,,,,,,,,,,,,,,,,,,,,,,,,,,,,,,,,,,,
  ,,,,,,,,,,,,,,,,,,,,,,,,,,,,,,,,,,,,,,,,,,,,,,,,,,,,,,,,,,,,,,,,,,,,,,,,,,,,,,,,,,,,,,,,,,,
  ,,,,,,,,,,,,,,,,,,,,,,,,,,,,,,,,,,,,,,,,,,,,,,,,,,,,,,,,,,,,,,,,,,,,,,,,,,,,,,,,,,,,,,,,,,,
  ,,,,,,,,,,,,,,,,,,,,,,,,,,,,,,,,,,,,,,,,,,,,,,,,,,,,,,,,,,,,,,,,,,,,,,,,,,,,,,,,,,,,,,,,,,,
  ,,,,,,,,,,,,,,,,,,,,,,,,,,,,,,,,,,,,,,,,,,,,,,,,,,,,,,,,,,,,,,,,,,,,,,,,,,,,,,,,,,,,,,, 
  [ 19513198741 ],,,,,,,,,,,,,,,,,,,,,,,,,,,,,,,,,,,,,,,,,,,,,,,,,,,,,,,,,,,,,,,,,,,,,,,,,,,,
  ,,,,,,,,,,,,,,,,,,,,,,,,,,,,,,,,,,,,,,,,,,,,,,,,,,,,,,,,,,,,,,,,,,,,,,,,,,,,,,,,,,,,,,,,,,,
  ,,,,,,,,,,,,,,,,,,,,,,,,,,,,,,,,,,,,,,,,,,, [ 157462741801 ] ]);
