BRENTFACTORS[8301]:=MakeImmutable([ ,,,,,,,, [ 25633519903 ],, [ 5651172464928167 ],, 
  [ 4970820837113 ],,,, [ 1298055362159 ],,,,, [ 77639351593 ], 
  [ 1281609352297, 238130521916969837 ], [ 1003890049 ], [ 369723747589796510617055036851 ],
  , [ 1425067707430099 ],,,, [ 1197740748334693055172077172089361134419518718211 ], 
  [ 130625252179844452148449 ], [ 4936045276363993240153, 28233941905029223167921271 ], 
  [ 698408450647 ], [ 387646234571, 74241375777468829021, 634737006200297284061 ], 
  [ 13301859494269 ],, [ 605658816373499498927448888797 ], 
  [ 410153852629, 31530929739334117 ], [ 1734291577961 ], 
  [ 22207114387438730826137960953674399465142695377, 
      4733626648180432945989292183120942969265371887516157 ],, 
  [ 23681860679, 114058103858203, 5177414987947582451573, 2170690903178049832039791959 ],, 
  [ 1176117211, 3605044231 ], [ 31136202425426470913, 199470782472451911908867 ],,, 
  [ 3869779607, 974687001149 ], [ 201905053885487931799041799098941801 ],, 
  [ 34836880346353796881 ], [ 13115598534527941 ], 
  [ 6471836281, 9264135403, 81846489362428927 ], [ 11863006103186454991289382174121 ],, 
  [ 1807880059, 1635449545932276931 ], [ 134478306130871 ],, [ 10270513945552141 ],,, 
  [ 23411622781, 5608342227245059, 6619214398007454419310247 ], 
  [ 723607920449, 1491266908725852894913 ], [ 46000629221, 26548298000945891 ], 
  [ 1477367578758193, 62263293481108250554321 ], [ 4412508058121643257 ], 
  [ 7783165829, 142211956741, 39687095184553 ], [ 219828570667 ], 
  [ 10000510606753801, 359788673087299663271 ], [ 2739279783896361652945111 ], 
  [ 4449034566008450909305417 ], 
  [ 6456023933, 9059640113155696093, 1219977253503302389891, 133798627137505423980623183, 
      248669702131524171881236939 ], [ 305375746943 ],, 
  [ 7562081877480673, 2577282801535228848756528081445509191600309 ], [ 40654498501 ], 
  [ 34053796012604708341 ],, [ 278377925904019737926352062934001 ], 
  [ 3427170745978170938526121 ], 
  [ 8368624869583702544486337929092580539, 
      111834440469649233622884818575038210352639857204666313 ], [ 679943734439 ], 
  [ 1143057660697, 466331195462799376402229359389179677 ],, 
  [ 708246215188936056911, 213879301935313263908081 ], 
  [ 4893361981, 133600192801, 42658227331978502599063 ], 
  [ 322989615835915442178689, 8987407622013865312706491063121, 
      29291426830802832646001988810912840696705361 ],,,, 
  [ 1589295918577624613, 10451582326233181789, 242913349273894472577793, 
      2847064011103464342251993 ],, [ 44223544241612220765649 ],, 
  [ 391011590940791329, 1285611902534339025496120388824126846081 ], 
  [ 487796711034012014273 ], 
  [ 35284094539, 25423729961141, 7545553658225552866520071211, 
      814293004688110651945189635362958353 ], 
  [ 102934433559897523, 332366175360095839050727, 7566275586000908867653729 ], 
  [ 4276289401, 256366448529082917101, 94337011471990547262701 ], 
  [ 4716341249, 241131180229, 188686174551859, 9754221131520800976529 ], 
  [ 499432192599460720423, 878140441805154515656612320146777137048784564533 ], 
  [ 119343598337 ],,, [ 849739790528702278666049071421 ], [ 290174044507 ], 
  [ 1302321457, 11958673197954057364746543506581 ], [ 2890035157, 39285037268551 ], 
  [ 111153104825084922161 ], [ 61372272517 ], [ 4722957457, 12609943795457 ], 
  [ 1619919898613, 3386838755802191 ], 
  [ 43251534295860906889, 198777796028656433521, 1717233826017338386520479, 
      9282244807273113222582020264446514911 ],, [ 1196180687474237166869 ],, 
  [ 3193428809, 22573321649 ], 
  [ 28786788059, 13946936875105644439, 1763008335904134304852021 ], 
  [ 6794873106961, 11035316487361, 44689609500530114521, 85797394464932387131946661721 ], 
  [ 364533973676401 ],, [ 598371683200699 ], [ 1033724761, 20127046228561, 8880380105968729 ]
   ,, [ 143208005977, 1817383946686939 ],, [ 10671515608387457 ],, 
  [ 61934632241, 6232113979359210554561, 61667865341964845786407150151 ],, 
  [ 86524984789, 2004448374278383555936261, 12517543417458676370774663919150156081258781 ], 
  [ 308834917843117, 3883855632793113853 ],,,, [ 30585430019 ],, 
  [ 5798338083520732637952107 ],,, [ 2203066970887, 820430803572910957849 ], 
  [ 74555176697, 101954510087, 1950862940599, 1007304138231654121 ], 
  [ 67324613850498701953 ], [ 207467662082734171 ],,, [ 7712397378844253 ], 
  [ 16031029716810851993 ], 
  [ 833438201084536051, 32273164729220877901, 85291792222086090584701 ], [ 10088192221 ], 
  [ 2519704457 ], [ 8045679376243 ],, [ 2111866918921, 112638338071106611 ], [ 99079237141 ],
  [ 23644839145696172149 ], [ 6511444651, 188947407703, 618340704871 ], 
  [ 3789745846543, 12372602768407729 ], [ 85449866126530561 ],, [ 1351865377 ], 
  [ 614248877587 ],, [ 4956743960851 ], [ 204053890133 ], 
  [ 167166535073, 19726221946713819723877 ], [ 7424594521 ],,, [ 139419229605517 ],,, 
  [ 4464773128299668449 ], [ 2502383237467330001 ], 
  [ 8038757199089, 1033573332135209680192753 ], [ 3063402721 ],, 
  [ 82670753437673, 145355729185633 ],, [ 812530953296064293 ], 
  [ 61283091983444423, 2061440712502388491 ], [ 2659223143, 105861523130698936441 ], 
  [ 488900555006829105737 ],,,, [ 2484335496476731485073 ],,, 
  [ 26288652034769, 29478129107480749 ],, [ 1609587983231, 816814221322807 ],,,,, 
  [ 8065292203, 1122278573671597, 508915218593826397 ], [ 17876429351997383639 ], 
  [ 365781569992472801 ], [ 12516657931, 5936476027876947373 ], [ 980238432623071 ], 
  [ 3648745359211 ], [ 127721602200830618017 ], [ 1555402544221 ],, [ 27559902988549 ], 
  [ 13121776721, 10617571631125250273, 4056827342935617538913, 90553429972852098142801 ],, 
  [ 2828432264491 ], [ 81808628821, 29101098113393 ],,, [ 31796629824752599 ],,, 
  [ 86700050944388561 ],, [ 907210990646207383 ], [ 198226738319941 ], 
  [ 3097783249841945003 ],, [ 10553814853 ], [ 2925892033, 44748788449 ], 
  [ 6756038741870005474351 ], [ 229183105874601223 ], [ 2529625349, 164905982425905769991 ],
  , [ 23012108783, 1683604009447 ],, [ 598108551811 ],, 
  [ 12453712677195887, 4410133318793698939 ],,, [ 1638170792289395909 ], 
  [ 26163226614829, 10839317231511509101 ], [ 18335828449 ], [ 626539881421 ],,,, 
  [ 79932496993579 ],,, [ 71551199611, 6231982295995796702899 ],, 
  [ 259072339275301400839508057 ], [ 5745536059 ], [ 186730566885251 ],, 
  [ 67304461141, 975871543879994783869 ], [ 69436255645021, 474518892275134956701 ], 
  [ 82480744361, 976689157363, 1113219650113 ],, [ 484132557655665306881 ], 
  [ 21448452473099 ],,, [ 288545765000310221 ],,, [ 1637817662683231019 ], 
  [ 2799669577, 22659150278031437809 ], [ 123077708830541976571 ],, 
  [ 1209303877, 48618392095421701099 ], [ 122735752859093554957313 ], [ 286375820971 ],, 
  [ 36683625031 ], [ 4781618204497 ], [ 146398412797729 ], [ 116786832088565257 ],, 
  [ 288872980442413 ], [ 33001061916294085451 ],, [ 2477109947563, 122345294647753 ],,, 
  [ 1626415543 ],,,, [ 2012970961, 87309248027, 19472637160913509 ], 
  [ 1314842438981, 23810581133137 ],,,, [ 2881467451 ], [ 1818509822335173277341013 ],,, 
  [ 17989715371 ], [ 258106957972565473 ], [ 948685143091753 ],, [ 1693184679105139951147 ],,
  , [ 985161697151, 2070057078621250271719 ],,, [ 567280078621 ], [ 416398108393 ],, 
  [ 41493882680713, 800220391356820398889 ], [ 257789294041 ], [ 8159671511, 38113612781 ],,,
  ,, [ 2087760151 ],,, [ 15444040596627076642279, 261302464985558568540481 ],, 
  [ 1173361921, 6555851404324801 ],,,,, [ 261867874156201 ],,, [ 275962884936257 ], 
  [ 821411900960953 ],, [ 63203933641 ],, [ 1433667505393 ],,, 
  [ 299384345381388919287553, 1290078581456905676728321 ], [ 1611749681, 8231334419183 ],, 
  [ 2331826364473 ], [ 5787264781, 22177990850021 ], [ 1735525883521 ], 
  [ 330966553330830835763385211 ],,, [ 43136273221 ], [ 1548647507846729 ], [ 99813928177 ], 
  [ 9826397632489, 755665206578415142753 ],, [ 457604336351 ], [ 8418535633 ], 
  [ 41235581729 ],, [ 222311174899987, 8167124538778573369493431 ],,,,, [ 25615654483 ], 
  [ 202207340161, 2168377961401, 236615630177881 ],, [ 52191713087 ], [ 16374739789 ],,, 
  [ 119683592101 ],,,, [ 349418810311, 850614680521 ], [ 387131446474543 ],,, 
  [ 38919684299, 201893351584664081 ],, [ 5836407875873, 12322622579084809 ],, 
  [ 5482037233, 67118484719287 ],, [ 27461433424355170901 ], 
  [ 74080830757, 1934339343151, 26480355142309 ],,,,, [ 71598682105650289 ], 
  [ 5517623521441 ], [ 24724030853, 4869085538417 ],,, [ 7605505709533 ],,,,, 
  [ 345192395903726882516199217 ],,, [ 199475525341 ],,,, [ 299428975693459 ],,, 
  [ 2424453827713 ],, [ 7207726369, 18299543262577, 929925335564713 ], [ 3480961373 ],,, 
  [ 405356915297, 827865099516473, 15073979704972988205073 ], [ 6410511661 ], 
  [ 1309652569, 4902399217, 2208797519848921 ],, [ 21918195855713, 65060470938820033 ],, 
  [ 10395914981 ],, [ 41084576239693042981 ], [ 727992015591439 ], 
  [ 35213852879, 19941065209817 ], [ 904593686743 ], [ 2816664469196657 ],,,,, 
  [ 452699312209, 43929165683833 ], [ 18620429425781 ], [ 1276603037, 42521647997 ],, 
  [ 380444016203 ], [ 34934358606127 ],, [ 1621581229 ], [ 5341238530601 ], 
  [ 49111673103397 ],,,,,,,, [ 2960360681, 513355092028983661 ], [ 1217202457 ],,,,,, 
  [ 2569940016811 ],,,,,, [ 11367534379573 ],,, [ 690857006071 ],, [ 13784958869257225681 ], 
  [ 3327588361 ], [ 15533986511 ],,, [ 22130142077 ], [ 6521762992781 ], 
  [ 9911361331, 113952654817 ],, [ 17556394007219 ],, [ 769253293978451 ], [ 8147117868317 ],
  , [ 2283908857, 38860112747, 122935964523401, 3239418632220721 ],, [ 2552728914541189921 ],
  [ 2690011741 ],, [ 1970115463 ],,, [ 195683928409, 1614650830633, 5045856156660439 ], 
  [ 8596328227, 70689806123, 2612314147147 ], [ 899119510342158289 ],,,, 
  [ 537546138125907209737 ], [ 292019612897 ], [ 7201303225013262119 ], [ 2457193022461 ], 
  [ 5206497617 ],, [ 10460725778101, 13996137670267 ],,, [ 9402980221024861 ],,, 
  [ 7429181761 ],, [ 95694435459503 ],,,,,, 
  [ 3513323521, 15421410817, 5680228949572097, 19147340002378241 ],, 
  [ 16142182337, 2071093731374635937 ],, [ 850540164433 ],,,,,, [ 5676079231 ],, 
  [ 170256386957, 38687040526091501 ],, [ 24364966535398501 ], [ 1078540283 ], 
  [ 32855496751237777 ],,,, [ 1099248072398699833 ],, [ 1772533749648469 ],, 
  [ 8267451477263329801 ],, [ 122179413179 ],, [ 4298251342164990841 ],,, [ 9485469309991 ], 
  [ 2562200833, 34692837716979713 ],, [ 6037367158633903 ],,,, [ 273369678287332001 ],, 
  [ 2551804921 ],,,, [ 1802953144549 ],, [ 4321001469872409421753 ],,,, [ 61689056249 ],, 
  [ 2823475977121 ],, [ 1192243343, 7147005389, 1222938819247097 ],, [ 656448694177 ],, 
  [ 16546655390311 ],, [ 2937924133, 30100071217217 ],,,,,,,, [ 1100253041 ],, 
  [ 205873554981847 ],,,, [ 29249926552699609, 2475466525382085607 ],,, [ 289039905211 ],,, 
  [ 15527891136689 ], [ 4573421179 ],,,,,,,, [ 4335239980873 ], 
  [ 451680877523, 147044463645577 ],,,,,, [ 51093019169 ], [ 2335452883 ], 
  [ 5081674541, 5174215486091 ],,,,,,,,, [ 1996017497 ], [ 23757293168561, 76601584690381 ], 
  [ 449998718779 ], [ 1704059813, 38227727430589097 ], [ 9358464277 ], 
  [ 14732019403921, 50924337399937 ],,,, [ 2891737907530741 ],, [ 352613117349615781 ],, 
  [ 941543048129 ],, [ 185263261999 ],,,,,, [ 4077623681 ],, [ 217512527104627 ],,,, 
  [ 10799080351374157, 49574642952919193 ],,,,,, [ 60168418201 ],, 
  [ 985525701583, 18534606732619 ],, [ 2923264577 ],, [ 36234059681 ],, [ 2542224111901 ], 
  [ 6585475300381 ], [ 6987244501, 13722842279 ], [ 14769680173 ],,, 
  [ 217934359806349, 2971090088081767 ],,,,,, [ 8817636577, 89418685461144099649 ],, 
  [ 7119468067 ],, [ 97111892005129 ],,,,,,,, [ 93757133089 ],, [ 7162313206108579 ],,,, 
  [ 209329778101 ], [ 6009676753 ], [ 3913260340740109 ], [ 434528384599 ], [ 5805403691 ],, 
  [ 12436803817 ],,, [ 3471008923 ],, [ 2388971549 ], [ 99797791636999 ],,,,,,,,,, 
  [ 1336187617, 6211230257, 26105799689 ],,,,,,,,,,,, [ 2165036569 ],, 
  [ 4762285573, 26560871048581 ],,,,,, [ 5069228833 ], [ 428843296970371 ],,,,,,, 
  [ 149760158081, 149910810241 ],, [ 28215625901, 8144953967221, 21062715608069633 ], 
  [ 3103574899 ],,,,,, [ 84350150977 ],, [ 3361931107, 33639054851 ],, [ 1291450723 ],,,,, 
  [ 3000640774975379779 ],,,,, [ 1315312811 ], [ 145915605232095781 ],, [ 1439264977 ],, 
  [ 400283498497 ], [ 4704520529 ], [ 70883186221 ], [ 7293903637 ],,, [ 401901334381 ],,,,,,
  ,, [ 1567273453 ],,, [ 6683623451 ],,, [ 21602032225143893 ],, 
  [ 874412851691, 1205555382881 ], [ 1975182371 ], 
  [ 540311527801, 2841792186817, 6226950692924281 ],,,,,,,,,, [ 16250885099 ],,, 
  [ 2431642571 ],,, [ 2346612503969 ], [ 2073648217 ],,,, [ 17588811103 ], 
  [ 118765641805669 ],, [ 581775679057 ],,,,,, [ 30375972637, 13407499063243 ],, 
  [ 5362627787969 ],,, [ 36479355383 ],,, [ 137775693131 ],, [ 679857447361, 92434599604673 ]
    , [ 19573079303 ], [ 2650651327, 290365193137 ],,,, [ 1299242965747 ], [ 15007277275873 ]
   ,,, [ 59705070864503 ], [ 441650790439 ], [ 4051016009 ],,, [ 2406096617 ],,, 
  [ 182213015993489801 ],, [ 1786759023795661 ],, [ 953005052651 ],, [ 4432951793 ],,,, 
  [ 8468235871856881 ],,,,,,,, [ 1459440878869 ],, [ 235388876491 ],,,, [ 1931139500863 ], 
  [ 1596388501 ], [ 2420944479141037, 5750376220794433 ],, [ 95911457437 ],, [ 68021474401 ],
  ,,, [ 1617051697 ],,,,,,, [ 11919707119 ], [ 8579548577 ],, [ 8714365193263 ],,,,,, 
  [ 5247819901 ],,, [ 1190771653 ],,,,,, [ 41223251809 ],,,,, [ 168747341401 ],,,, 
  [ 509867353081 ],, [ 3253358281 ],,, [ 15595650409 ],,, [ 10952992837 ],, [ 1303775969 ],,,
  , [ 291032933473 ],, [ 512094122431 ],, [ 576180483841 ],,,,,, [ 1276779186757 ],, 
  [ 51068368513 ],,,, [ 6331907197897 ], [ 27455994765967 ],,,,,,, 
  [ 159005077669, 2028828697957 ], [ 306878175451 ],,, [ 190650359041 ],,, [ 2366959627 ],, 
  [ 1200419471 ],, [ 1155640427 ], [ 129126862393 ],,,, [ 5364850361473 ],,,, 
  [ 10819103473 ],,,,,,,, [ 8574421406713 ],,,, [ 3039772851961 ],,,,,,,, [ 2369353286953 ],,
  ,,,,, [ 9665700371 ], [ 19869383434947073 ],,,, [ 3218582006641 ],,,, 
  [ 5784780233, 25270147013 ],,,,,, [ 1564970383, 19419646933 ],,, [ 5306567863 ],,, 
  [ 12538872833 ], [ 3328127851 ],,,,,,,, [ 4016079555959 ],,,, [ 7345168809841 ],,,, 
  [ 3763410709 ],, [ 2995861051 ],,,,,, [ 2212712347, 7036094071 ], [ 14104197451 ],,,,,, 
  [ 12978543539809 ],,,,,,, [ 10277260459, 8705913354857 ], [ 16864712004169 ], 
  [ 2729795221 ],, [ 79189707587 ],,,,, [ 8727172369 ],,,,,,,,,,,,,,,,,,,, [ 15257399977 ],,,
  ,,,,, [ 49700081201 ],,,,,,, [ 102995634241 ],,,,,,,,,,,,,,,,,,,,,,,,, [ 5270759537 ],,,, 
  [ 49840432321, 3135976088017 ],,,, [ 3106584576366301 ],,,,,,, [ 350846876519 ],,,, 
  [ 1118205709 ],,,, [ 4365539641 ],, [ 4324930793 ],, [ 7516430249 ],,,,,, [ 9348391051 ],,
  , [ 3469558091921 ],,,,, [ 26446145983 ],,, [ 48109618099201 ],,,,,,,,,,,,,,, 
  [ 9606603619 ],, [ 2653005331 ],,,,,,,,,,, [ 64935755809 ],,,,,,, [ 6180830167 ],,,,,,,,,,,
  ,,,,,, [ 2591916269 ],,,, [ 570710449367521 ],,,,,, [ 73091824549 ],,, [ 144167560717 ],,,,
  ,,,,,,,,,,,,,,,,,,, [ 3771380369, 4714047553 ],,,,, [ 1415835991 ],,,,,,,,,,, 
  [ 1446457601 ], [ 30460478833 ],,, [ 9540478237 ],,,, [ 6270499201 ],,,,,,,,, 
  [ 302328248671, 304336308169 ],,,,,,,,, [ 98767542941 ],,,,,,,,, [ 1384392551 ],,, 
  [ 9232147153 ], [ 2901349967753 ], [ 75770047321 ],,,,,, [ 12926554759 ],, 
  [ 14974324955441 ],,,,,,,,,, [ 3377160169 ],,, [ 7639693093 ],,,,, [ 2253497429 ],,,, 
  [ 3783917701 ],,,,, [ 4545434221 ],,,,, [ 1485859841, 2861121761 ],,, [ 227363706491 ],,,,,
  ,,,,,,,,, [ 69196822237 ],,,,,,,,,,, [ 28028511377 ],,,,, [ 1409961169 ], [ 2138221751 ], 
  [ 1552495501 ],,,,,,, [ 2413655161 ], [ 1394736331 ],,, [ 3647831851 ],, 
  [ 6579965569, 20097187969 ], [ 7401113479 ],,, [ 6875022353 ],,,,,,,,,, [ 42811020667 ],,, 
  [ 1518078151 ],,,,,,,,,,,, [ 3467610200671 ],,,,,,, [ 2994006929 ],,,,,, 
  [ 132915773951, 145768608751 ],,,,,,,,,,, [ 5132305993 ],,,,, [ 20831500831 ],, 
  [ 1373929093 ],, [ 235098298051 ], [ 156818008517 ],,,,,,,,,,,,,,,,,,,,,,,,,,,,,, 
  [ 32488619651 ],,,,,,,,,,,,,,, [ 12883539533 ],,,, [ 2357983601 ],,,,,,,, [ 1365032689 ],,,
  ,,,,, [ 19643421697 ],,,,,, [ 3322097137 ],,, [ 80967337981 ],,, [ 1145814121 ],,, 
  [ 89769925741 ],,,,,, [ 2655120961 ],,, [ 1748416801 ], [ 5276211221 ],,, [ 16352258113 ], 
  [ 6074483428901 ],,,,,,,,,,,,, [ 1172599177 ],,,, [ 764593547089 ],, [ 1066871521 ],,,,,,, 
  [ 3179521223 ],,,, [ 1486986601 ],,,,, [ 42665833601 ],,, [ 25155898237 ],, [ 1503920311 ],
  ,,, [ 3068688019 ],,,, [ 17273612283589 ], [ 22077534781 ],,,,,,,,, [ 51405110209 ],,,,,,,
  , [ 285826757707 ],,,,,,,,, [ 18323792161 ],,,,, [ 38855199391, 143229768361 ],,,,,,, 
  [ 20452827193 ],,,,, [ 45684699611 ],,,,,,,,,,,,,,,,,,,,,,,,,,,,, [ 99260853258271 ],,, 
  [ 209485663357 ],, [ 7021508863 ],,, [ 35868754307 ],,, [ 29694564191 ], [ 6669414589 ],, 
  [ 1544851201 ],,,,,,,,,,,,, [ 7028620579 ], [ 5948065063 ],,, 
  [ 1541072747, 2290639399, 153996322061 ], [ 18701833607, 26733822053 ],, [ 3261720281 ],,,,
  ,,,,,,,, [ 1082851597, 375687719909 ],,,,,,, [ 3500283547 ],,,,,,,,,,,,, [ 2784872329 ],,,,
  ,, [ 71674734139 ],,,,, [ 5606879479 ],,,,,, [ 16642253143 ],,,,,,,,, [ 5343585199 ],,, 
  [ 19304187761 ],, [ 104578844599 ],, [ 1193468851, 1255529731 ], [ 4494876209 ], 
  [ 1315471459 ],,,,,, [ 7761955093201 ],,, [ 48724727477 ],,,,,,, [ 51082473397 ],,,, 
  [ 1956348551 ],,,,,,,,,,,,,,,,,,,,, [ 397745701729 ],, [ 199373597431 ],, [ 76283829641 ],,
  , [ 50502939731 ],,,,,,,,,,,,,,,, [ 3700304876413 ], [ 5138879597 ],,,,,,,,,,,,,,,,,,,,,,,,
  ,,,, [ 13802025641 ],,, [ 1003878935627 ],,,,,,,,,,,,,,, [ 15387116369 ],, [ 1133082101 ],
  , [ 1647090157 ],,,,,,,,,,,,,, [ 1393805067553, 29121211768717 ], [ 9269166583 ],,,,,, 
  [ 153023878801 ],,,,,, [ 108294962773 ],,,,,,,,,,,, [ 6442897171 ], [ 19983094553 ],, 
  [ 6968108593 ], [ 8347232021, 592582908821 ],,, [ 2135136569 ],,,,,,,,,,,, [ 1443312641 ],,
  ,,, [ 7504869481 ],,,,,,,,,,,,,,,,,,,,,,,,, [ 1409190641 ],,,,,,,,,,,,,,,,,,,,,,,,,,,,, 
  [ 100880631199 ],,,,,, [ 14556105001 ],,, [ 23612421769 ],,,, [ 39451672177, 428717384881 ]
   ,,,,,,,,,,,,,,,,, [ 2086976167, 2613241327 ],,,,,,, [ 1189560481 ],,,,,,,,,,,,,,,,,,,,,,,,
  ,,,,,,,,,,,,,,,,,,,,,,,,,,,,,,,,,,,, [ 7837024969 ],, [ 2930475391 ],,,, [ 369864856763 ],,
  ,,, [ 1614384493 ], [ 35578734241 ],, [ 3628425181 ],,, [ 56355822361 ],,,,,, 
  [ 3256644613 ],,,,, [ 4055451041, 13038324353, 24738679073 ],,,,,,,,,,, [ 9473139359771 ],,
  ,,,,,,,,,,,,,,,,,,, [ 1541863553 ],,,,,,,,,,,,,,,,,,, [ 1162270061 ],,, [ 26148295993 ],,,,
  ,,, [ 1689109381 ],,,,,,,,,,,,, [ 8919063743 ],, [ 1068723541 ],,,,,,,,,,,,,, 
  [ 11361871559 ],,,,,, [ 37037515201 ],,,,,,,, [ 2212863761 ],,,,,, [ 7468257091 ], 
  [ 15150352801 ], [ 2866699201 ],,,, [ 694930073581 ],,,,,,,,,,, [ 4327790197 ],,,,,,,,,,, 
  [ 44080186823 ],,,,,,,,,,,,,,,,,,,,,,,,,, [ 660143163509 ],, [ 6875770441 ],,, 
  [ 100716844733389 ], [ 4640493287, 8138972919949 ],,,,,,,,,, [ 1359930433, 1579316033 ],,,,
  ,,,, [ 4890120049, 12454584729313 ],,,,,,,,,,,,,, [ 55048251889 ],,, [ 4061125027 ], 
  [ 1888398901 ],, [ 28430811361 ],,,,,,,, [ 4045169801 ],,,,,,,,,, [ 4686698701 ],,,,,,,,,,,
  ,,,, [ 989121176101 ],,,,,,,,, [ 326743091011 ],,,,,,,,,,,,,,, [ 1610274995341 ],,, 
  [ 32312140921 ],, [ 268843496237 ],,,,,,,,,,,,,, [ 42746423509 ],,,,,, [ 1806303043 ],,,,,,
  ,,,,,, [ 36832998053 ],,,,,,,,,,,, [ 10081496833 ],,,,,, [ 173308894529 ],,,,,, 
  [ 34374552811 ],, [ 2453007522649 ],,,,,,,, [ 3431982721 ],,,,, [ 36468781511 ],,,,,,,,,,,,
  ,, [ 7828067521 ],,,,,,,,,,,, [ 222775216921 ],,,,,,,,,,,,,,,,,,,,, [ 8758210789 ],,,,,,,,,
  ,,,,,,,,,,,,, [ 125376120509 ],,,,,,,,,,,,,,,,,,,,,,,,,,,,,,,,,,,,,,,,, [ 449042541991 ],,,
  ,, [ 2586649001 ],,,, [ 2469000829 ],,, [ 3257290081 ],,,,,,,,,,, [ 40626252283 ],,,,,,,,,,
  ,,, [ 6109439839 ], [ 3334635911657 ],, [ 1880778727, 106377100663 ],,,,,,,,,,,,,,,, 
  [ 363990082201 ],,,,,,,, [ 3214617097 ],,,,,,,,,,,,,,,,,,,,, [ 2657937703 ],,, 
  [ 3014329303 ],, [ 2277473309 ],,,,,,,,,,,, [ 1634964937 ],, [ 8901093211 ],,,,,,,,,,,,,,,,
  ,,,,,,,,,,,,,,,,,,,,,,,, [ 141141783527 ],,,,,, [ 6164648449 ],,,,,, 
  [ 5869707251, 10056037751 ],, [ 2131074497 ],,,,,, [ 43122946189 ],, [ 93120037441 ],, 
  [ 37609822561 ],,,,,,,, [ 4088182061 ],,,,,, [ 1407756793 ],,,,,,,,,,,,,,,,,,,, 
  [ 7450257949 ],,,,,,,,,,,,,,,,,,,,,,,, [ 2003463361 ],, [ 2569701913 ],,,,,,,,,, 
  [ 8268321361 ],,,,,,,,,, [ 2794087261981 ],,,,,, [ 935472392641 ],,,, [ 884441942317 ],,,,,
  ,,, [ 2092078561 ],,,, [ 13257928561 ],, [ 4391488687 ],,,,,,,,,,,,,,,,,,,,,, 
  [ 5023782857 ],,,,,,,,,,,,,,,,,, [ 173634156757 ],,,,,,,,,,,,,,,,,,,,,,,, 
  [ 3229287781, 158555265251 ],,,,,,,,,,,, [ 42708758047 ],,,,,,,,,,,,,,,, [ 4288437409 ],,,
  , [ 5856614501 ],,,,,,,, [ 2816008471 ],,,,,,,,,,,,,,, [ 960977545111 ],,, [ 4537278001 ],
  , [ 10545163096001 ],,,,,,,, [ 2323881713 ],,,,,,,,,,,,,,,,, [ 191305404181 ],,,,,,,,,,,,, 
  [ 5337504049 ],,,,,,,,,,,,,,,,,,,,,,,,,,,,,, [ 11313679543 ],,,,,,,,,,,,,, [ 3245054977 ],,
  , [ 6557745001, 473730305701 ],,,,,,,,,,,,,,, [ 1549706071 ],,,,,, [ 12156877441 ],,,,,,,,,
  ,,,,,,,,,,,,, [ 172838897579749 ],,,,,,,,,,,,,,,,,,,,,,,,,,,,,, [ 1817954261 ],,,,,,,,,,,,,
  , [ 63950564641 ],,,, [ 121063619723 ],,,,,, [ 8172435961 ],,,,,,,,,,,,,,,,,,,,,,,,,,,,,,,,
  ,,,, [ 2539225033 ],,,,,, [ 13598498281 ],,,, [ 531196875437 ],,,,,, [ 61813355449 ], 
  [ 10041340651 ],,,,,,,,,,,,, [ 8482157947 ],,,,,,,,,,,,,,,,,,,,,,,,,,,,,,,,,,,,,,,,,, 
  [ 435953623201 ],,,,,, [ 29748685508153 ],,,,,,,, [ 10662002731 ],, [ 1562458913 ],,,,,,,,,
  ,,,,,,,,,,,,,,,,,,,,,,,,,,,,,,,,,,, [ 1124998841 ],,,,,,,,,,,,,, [ 1546573003 ],,,,,,,,,,,,
  ,,,,,,,,,, [ 449947105297 ],,,,,, [ 4889337109, 21576446399 ],,,, [ 290603202823 ],,,, 
  [ 15625164271, 80702780701 ],, [ 62003891009 ],, [ 1041455689 ],,,,,,,,,,,,,,,,,,,,,,,, 
  [ 2902213547 ],,,,,,,,,,,, [ 2353265502911 ],,,,,,,,,,,,,,,, [ 1465380487 ],,,,,,,,,,,,,,,,
  ,,,,,,,,,, [ 69369528817 ],,,,,,,, [ 5914353961 ],,,,,,,,,,,,,, 
  [ 35552540129, 42739261379 ],,,,,,,,,, [ 851702188273 ],,,,,,,, [ 1736835017 ],,,,,,,,,,,, 
  [ 4859268269 ],,,,,,,,,,,,,,,, [ 437089386121 ],,,,,,,, [ 22310299433 ],,,,,,,,,, 
  [ 1368837319, 6295681753 ],,,,,,,, [ 3261006424537 ],,,, [ 7762172461 ],,,,,,,,,,,,,,,,,,,,
  ,,,,,, [ 132905578073 ],,,,,,,, [ 3820917553 ],,,, [ 35218207553 ],,,,,,,,,,,,,,,,,,,,,,,,,
  ,,,,,,,,,,,,,,,,, [ 84435975601 ],, [ 6646950421 ],,,,,,,,,,,,,,,,,,,,,,,,,,,,,, 
  [ 4315594879 ],,,,,,,,,,,,,,,,,,,,,,,,,,,,,,,,,,,,,,,,,,,,,,,, [ 2950325561 ],,,,,,,, 
  [ 95977635601 ],,,,,,,,,,,,,,,,,,,,,,,,,,,, [ 8464619773 ],,,,,, [ 1212852653 ],,,,,,,,,,,,
  ,,,,,,,, [ 32905398529 ],,,,,,,,,,,, [ 1054388917 ],,,,,, [ 121308662641 ],,,,,,,,,,,,,,,,,
  ,,,,,,,,,,,,,,,,,,,,,,,,,,,,,,,,,,,,, [ 12963584761 ],,,,,,,,,,,,,,,, [ 35727327121 ],,,,,,
  ,,,,,,,,,,,,,,,,,,,, [ 1083578048911 ],,,,,,,,,,,,,,,,,,,,,,,,,,,,,,,,,,,,,,,,,,,,,,,,,,,,,
  ,,,,,,, [ 103559438461, 2341662517087 ],,,,,,,,,,,,,,,,,,,,,,,, [ 5984469331 ],,,,,,,,,,,,,
  ,,,,,,,,,,,,,,,,,,,,,,, [ 3526123789, 102678025033 ],,,,,,,,,,,,,,,,,,,,,,,,,,,,,,,,,,,,,,,
  ,,,,, [ 104378380627621 ],,,,,,,,,,,,,,,,,,,,,,,,,,,,,,,,,,,,,,,,,,,,,,,,,,,, 
  [ 6887907343 ],,,,,,,,,,,, [ 25987959030073 ],,,,,,,,,,,,,,,,,, [ 3857012857 ],,,,,,,,,,,,,
  ,,,,,,,,,,,,,,,,,,,,,,,,, [ 67434806941 ],,,, [ 25936018939 ],,,,,,,,,,,,,,,,,,,,,,,,,,,,,,
  ,,,,,,,,,,,,,,,,,,,,,,,,,,,,,, [ 3340853377 ],,,,,,,,,,,,,,,,,,,,,,,,,,,,,,,,,,,,,,,,,,,,,,
  ,,,,,,,,,, [ 11344355311 ],,,,,,,,,, [ 10141740001 ],,,,,,,,,,,, [ 8643570289 ],,,,,,,,,,,,
  ,,,,,, [ 1042112101 ],,,,,,,,,,,,,,,,,,,, [ 4381165351 ],,,,,,,,,,,,,,,,,,,, 
  [ 5470308761 ],,,,,,,,,,,,,,,,,,,,,,,,,,,,,,,, [ 1153567141 ],,,,,,,,,,,, [ 1074726223 ],,,
  ,,,,,,,,,,,,, [ 545197726351 ],, [ 15262360370377 ],,,,,,,,,,,,,,,,,,,,,,,, 
  [ 2055741757, 5535518437 ],,,,,,,,,,,,,,,,,,,,,,,,,,,,,,,,,,,,,,,,,, [ 891716286529 ],,,, 
  [ 1052762299 ],,,,,,,,,,,,,,,,,,,,,,,,,,,,,,,,,,,,,,,,,,,,,,,,,, [ 48335920093 ],,,,,,,,,,,
  ,,,,,,,,,,,,,,,,,,,,,,,,,,,,,,,,,,,,,,,,,,, [ 25890801427 ],,,,,, [ 678051896953 ],,,,,,,,,
  ,,,,,,,,, [ 1891029451 ],,,,,,,,,,,,,,,,,,,,,,,,,,,,,,,,,,,,,,,, [ 5429373811 ],,,,,,,,,,,,
  ,, [ 7221688993 ],,,,,,,,,,,,,,,,,, [ 777645209599 ],,,,,,,,,,,,,,,,,,,,,,,,,,,,,, 
  [ 66489475537 ],,,,,, [ 1805351731 ],,,,,,,,,,,,,,,,,, [ 1149263209 ],,,,,,,,,,,, 
  [ 263397005929 ],,,,,,,,,,,,,,,,,,,,,,,,,,,,,,,,,,,,,,,,,,,,,,,,,,,,,,,,,,,,,,,,,,,,,,,, 
  [ 8814373021 ],,,,,,,,,,,,,,,,,,,,,,,,,,,,,,,,,,,,,,,,,,,,,,,, [ 1944525061 ],,,,,, 
  [ 3260537281 ],,,,,,,,,,,,,,,,,,,,,,,,,,,,,, [ 48082174897 ],,,,,,,,,,,,,,,,,, 
  [ 47580047371 ],,,,,,,, [ 1303591241 ],,,,,,,,,,,,,,,,,,,,,,,,,,,,,,,,,,,,,,,,,,,,,,,,,,,, 
  [ 8816050693 ],,,,,,,,,,,,,,,,,,,,,,,,,,,,,,,,,,,, [ 48904117687 ],,,,,,,,,,,,,,,,,,,,,,,,,
  ,,,,,,,,,,,,,,,,,,,,,,,,,,, [ 167362469611 ],,,,,,,,,,,,,,,,,,,,,,,,,,,,,,,,,,,,,,,,,,,,,,,
  ,,,,,,,,,,,,,,,,,,,,, [ 46149085519 ],, [ 14278176351181 ],,,,,,,,,, [ 8248487761 ],,,,,,,,
  ,,,,,,,,,,,,,,,,,,,,,,,,,,,,,,,,,, [ 1082710081, 1633132177 ],,,,,,,,,,,,,,,,,, 
  [ 18832787363251 ],,,,,,,,,,,,,,,,,,,,,,,,,,,,,,,,,,,,,,,,,,,,,,,,,,,,,,,,,,,,,,,,,,,,,,,,,
  ,,,,,,,,,,,,,,,,,,,,,,, [ 2628323479 ],,,,,,,,,,,,,,,,,,,,,,,,,,,,,,,,,,,,,,,,,,,,,,,,,,,,,
  ,,,,,,,,,,,,,,,,,,, [ 5367932263 ],,,,,,,,,,,,,,,,,,,,,,,,,,,,,,,,,,,,,,,,,,,,,,,,,,,,,,,,,
  ,,,,,,,,,,,,,,,,,,,,,,,,,,,,,,,,,,,,,,,,,,,,,,,,,,,,,,,,,,,,,,,,,,,,,,,,,,,,,,,,,,,,,,,,,,,
  ,,,,,,,,,,,,,,,,,,,,,,,,,,,,,,,,,,,,,,,,,,,, [ 1551798931, 13499472031 ],,,,,,,,,,,,,,,,,,,
  ,,,,,,,,,,,,,,,,,,,,,,,,,,,,,,,,,,,,,,,,,,,,,,,,,,,,,,,,,,,,,,,,,,,,,,, [ 6627196201 ],,,,,
  ,,,,,,,,,,,,,,,,,,,,,,,,,,,,,,,,,,,,,,,,,,,,,,,,,,,,,,,,,,,,,,,,,,,,,,,,,,,,,,,,,,,,,,,,,,,
  ,,,,,,,,,,,,,,,,,,,,,,,,,,,,,,,,,,,,,,,,,,,,,,,,,,,,,,,,,,,,,,,,,,,,,,,,,,,,,, 
  [ 1494032216227 ],,,,,,,,,,,,,,,,,,,,,,,,,,,,,,,,,,,,,,,,,,,,,,,,,,,,,,,,,,,,,,,,,,,,,,,,,,
  ,,,,,,,,,,,,,,,, [ 1195853569 ],,,,,,,,,,,,,,,,,,,,,,,,,,,,,,,,,,,,,,,,,,,,,,,,,,,,,,,,,,,,
  ,,,,,, [ 41119956901 ],,,,,,,,,,,,,,,,,,,,,,,,,,,,,, [ 21025812361 ],,,,,,,,,,,, 
  [ 1138190329 ],,,,,,,,,,,,,,,,,, [ 63389123071 ],,,,,,,,,,,,,,,,,,,,,,,,,,,,,,,,,,,,,,,,,,,
  ,,,,,,,,,,,,,,,,, [ 1120831351 ],,,,,,,,,,,,,,,,,,,,,,,,,,,,,,,,,,,,,,,,,,,,,,,,,,,,,,,,,,,
  ,,,,,,,,,,,,,,,,,,,,,,,,,,,,,,,,,,,,,,,,,,,,,,,,,,,,,,,,,,,,,,,,,,,,,,,,,,,,,,,,,,,,,,,,,,,
  ,,,,,,,,,,,,,,,,,,,,,,,,,,,,,,,,,,,,,,,,,,,,,,,,,,,,,,,,,,,, [ 5298961201 ],,,,,,,,,,,,,,,,
  ,,,,,,,,,,,,,,,,,,,,,,,,,,,,,,,,,,,,,,,,,,,,,,,,,,,,,,,,,,,,,,,,,,,,,,,,,,,,,,,,,,,,,,,,,,,
  ,,,,,,,,,,,,,,,,,,,,,,,,,,,,,,,,,,,,,,,,,,,,,,,,,,,,,,,,,,,,,,,,,,,,,,,,,,,,,,,,,,,,,,,,,,,
  ,,,,,,,,,,,, [ 121773432331 ],,,,,,,,,,,,,,,,,,,,,,,,,,,,,,,,,,,,,,,,,,,,,,,,,,,,,,,,,,,,,,
  ,,,,,,,,,,,,,,,,,,,,,,,,,,,,,,,,,,,,,,,,,,,,,,,,,,,,,,,,,,,,,,,,,,,,,,,,,,,,,,,,,,,,,,,,,,,
  ,,,,,,,,,,,,,,,,,,,,,,,,,,,,,,,,,,,,,,,,,,,,,,,,,,,,,,,,,,,,,,,,,,,,,,,,,,,,,,,,,,,,,,,,,,,
  ,,,,,,,,,,,,,,,,,,,,,,,,,,,,,,,,,,,,,,,,,,,,,,,,,,,,,,,,,,,,,,,,,,,,,,,,,,,,,,,,,,,,,,,,,,,
  ,,,,,,,,,,,,,,,,,,,,,,,,, [ 1308092941, 16679519011 ],,,,,,,,,,,,,,,,,,,,,,,,,,,,,,,,,,,,,,
  ,,,,,,,,,,,,,,,,,,,,,,,,,,,,,,,,,,,,,,,,,,,,,,,,,,,,,,,,,,,,,,,,,,,,,,,,,,,,,,,,,,,,,,,,,,,
  ,,,,,,,,,,,,,,,,,,,,,,,,,,,,,,,,,,,,,,,,,,,,,,,,,,,,,,,,,,,,,,,,,,,,,,,,,,,,,,,,,,,,,,,,,,,
  ,,,,,,,,,,,,,,,,,,,,,,,,,,,,,,,,,,,,,,,,,,,,,,,,,,,,,,,,,,,,,,,,,,,,,,,,,,,,,,,,,,,,,,,,,,,
  ,,,,,,,,,,,,,,,,,,, [ 4979800981 ] ]);
