BRENTFACTORS[6416]:=MakeImmutable([ ,,,,,,,,,,,, [ 20481195827 ],,,, 
  [ 850333378313116412431 ],, [ 10150349045422805971327 ],, [ 10816782793141879 ],, 
  [ 9765184567, 23816759303, 46776452581386719117 ], [ 12118452961 ], 
  [ 1165064599175361949301, 500450514863849866917575251 ],, [ 5907866491, 58168621261 ], 
  [ 2267201654033 ], [ 3860856421, 2924301398709748647503 ],, 
  [ 2209225244908016618761923330595891 ], [ 638881239977569 ],, 
  [ 140348516411496931232745137 ], [ 2363869023328303309033147746719112901 ], 
  [ 11257560397 ], 
  [ 792751757407009441770016831, 566554884905858474905878688782148966651045645682105587 ], 
  [ 37650865286319837199 ],, [ 1535343041, 29394447786041535566565241 ], 
  [ 17419185463, 525133184527395505571919179137, 265531193198346055962250593855917, 
      39500044580624693272787621781008741 ], [ 431303868113707 ], [ 8651016061 ], 
  [ 3244472969, 9838856125913, 2744628478689587557 ],, 
  [ 6815469171479, 4465945292041155020983 ],, [ 1248009036721 ], [ 44210138456989 ], 
  [ 17138128951, 14400037880951, 30715911512962751 ], 
  [ 43855134553664309097845942166569536237 ],, [ 6843466849 ], [ 3316085777985116876353 ],, 
  [ 9605443121, 61053452167562659809152009 ], [ 62680386209021089667359 ], 
  [ 29239965278621, 145564482345902791470436923205562341 ],,, 
  [ 112934638526387, 44111452773243127, 2635091947180783121 ], 
  [ 2136885899201, 2068792350822691076971861481 ], [ 28355783149 ], 
  [ 4149067477249, 2161224208926348831398017 ],, 
  [ 2016986475967, 1819000728848080398942059286439 ],,, [ 448872500779 ],, [ 211407233287 ], 
  [ 248986148473 ], [ 43501007395117, 256153667902007 ], 
  [ 312569547553446848169833895016676478686768020387806532783 ],, 
  [ 2440339177, 522051337604322365604881267029649, 12955751201254061506774323976833660487993 
     ], [ 57139879259 ], [ 3152529928791673, 312839559392932699073132519269 ], 
  [ 167495585753 ], [ 21927051211285601, 7449393114969392439121 ], 
  [ 106106685235183981, 1296016735105783086053293963963 ], [ 2967144452707793 ],, 
  [ 884876399401, 3975693548767626178661540164717 ], [ 271712161951, 368244327001 ], 
  [ 10165575841838927, 2840946317224688159, 
      272309813147505907703873187221366691254793749272891 ], [ 262558838114309689 ], 
  [ 723158698767121, 5246078747412952153, 271200529667571476746070876836489 ], 
  [ 7342757033, 6433443561191 ], [ 314612457370559386203894751165871121677011 ],,,, 
  [ 292010529907, 853796004518227 ], [ 276537531011897951 ], 
  [ 4952924051287542453313, 5162393203706948559834433, 332779707725800304164056991709473 ], 
  [ 715284533378721571, 73652864976545266715609 ], 
  [ 2638681845884393, 9004189452747647455268371 ], 
  [ 11636861149, 13301099758494593230578427 ], [ 1768542388001, 315365757362390701 ], 
  [ 2462542409, 13763826107 ], 
  [ 136991097757, 8474622803173, 8833649360529331008917668022961427831 ], 
  [ 2675276269, 804017752134827 ],,,, [ 812107150793 ], [ 27557093189109639191604157 ], 
  [ 5169367811866781 ], [ 209154388419298081, 3128748205091690776740415647686062931 ], 
  [ 328936544191 ], [ 24718186885338514429387793 ], [ 2537612299 ], 
  [ 31865208409, 2261250245759893 ], [ 4794113510823011 ],, [ 8832063241 ], 
  [ 316926566599, 1975874657416087, 1481231078543442409 ], 
  [ 6081998609, 7771539331725583, 3812225023385485583061389 ], 
  [ 218449421049098946177337681 ], 
  [ 6432279173, 13396779574385345643979, 37775758632198967991161 ], 
  [ 151566498243455749, 906545683420513285067 ], [ 1685977667262937062370121929 ],, 
  [ 3281299409501, 2094169737606251, 187182096649044306369251 ], 
  [ 204170908964401, 1946337622542628057 ], [ 1114834324049 ], 
  [ 469685554433, 65045386119809, 46062717476455343536207873 ], 
  [ 53216015509, 249944812753, 2211715320259 ],, 
  [ 4862194691, 91857650641, 35127267334226869 ], [ 190971321157 ], 
  [ 161165300143, 299376650200951 ], [ 34048441499 ], [ 5759763687761230381598461 ],, 
  [ 369678568271 ], [ 603427061371, 438149886303319 ], [ 250288780969 ], 
  [ 859751261094327005973291144241 ], [ 115819962182347 ], 
  [ 7256743858297, 3729145798866689, 948470073930868703655577 ], 
  [ 30445425583, 196885079249 ], [ 31455667585815472129763953 ],, 
  [ 27528765449, 2039073326798764019 ], 
  [ 4166001947101, 1172928932585887, 10638818125134776851017577 ], 
  [ 2836810452713, 59052225572538553 ], [ 374426142275833 ], [ 63657600451 ], [ 1321160609 ],
  ,,,, [ 963290630525116347169 ], [ 798366666635851 ], 
  [ 1460381203, 383201389343, 14317999383805063 ],,, [ 1267102201 ], 
  [ 2932995195631, 185721926142187, 34071808787588953, 4940095457282137921 ], 
  [ 8418539567, 3440096631857, 63606736766733283 ], [ 1153188879754799509 ], 
  [ 6035659411, 5345725625561210011 ], [ 1508575682451256883 ], [ 32621953681 ], 
  [ 1160403958882393, 6967001436677623840328993017 ],, [ 9251888411, 9546556381 ],, 
  [ 727774467484217, 65956590563525438277528569 ], 
  [ 2594361287807, 17407765226087, 288337158603343 ], [ 13355539338541 ], 
  [ 10923831098319515251 ], [ 3246556193, 39498988673 ],, [ 710709097543 ],, 
  [ 5810265541, 37157619241, 4766534223413820661 ],, [ 14207606323 ], 
  [ 29585001135018562969, 29495720032881544630960399 ], [ 1079606569, 1271611164746032457 ], 
  [ 1899721195331 ], [ 2128756051, 15990982837, 78712419676251191449 ],, [ 187758669338573 ],
  [ 600790290326857 ], [ 16005392806232171471 ],, [ 4117798193539777, 272131713685957459969 ]
   ,, [ 14588922221, 8188690868832819304889 ], [ 6598410175111 ],,, 
  [ 346653509827483, 4622790989596318938631 ], [ 1627239051341 ], [ 16994292821201 ],, 
  [ 711073647044590304820883 ],, 
  [ 726707107841748684697, 733827289346823936752737, 63093536379797458421937049 ], 
  [ 28788377551, 46714104401, 20063303290360091, 260503016431398491 ], 
  [ 298824963507295449841 ],,,,, [ 4584746839 ], [ 17534918286188221 ],, 
  [ 98965012631388439499 ],,, [ 162756705256683763, 309994850680912027 ], [ 148072263607 ],, 
  [ 271723997457081042941 ],,,, [ 155300007998689 ],,, [ 14455149849757, 274219041532845517 ]
    , [ 25488290177377 ], [ 1278777679 ],, [ 42393648067, 356841657704049926101 ], 
  [ 3963190577, 852365386057, 406132610684729 ],, [ 621560900622169 ],, 
  [ 4176527960237744057 ], [ 33200274403 ],, [ 10938354109 ], 
  [ 57337075441, 615518034721, 98731052245681 ],, [ 304658675517857 ], 
  [ 116419147147083169 ], [ 2812357624617734857 ],, [ 1602418663 ],, [ 240170475329 ], 
  [ 34015294891 ], [ 42257392501 ],, [ 3022064641, 29497608719461, 827326966990583390689 ], 
  [ 1323686387 ], [ 546973263989309, 10894320315459811, 16472219760550830766968077 ], 
  [ 145614020417675311 ],, [ 12400986867106693369699 ], [ 20207752944539890447 ],, 
  [ 4772445835561, 19706944670141, 1631472221430517291801, 44971509513475431877557841 ], 
  [ 1309495987, 131565882603313, 3327436839320173 ],,,, 
  [ 59882312351, 130832020255334303141 ], 
  [ 2559919721633, 6446309364983053469, 129571344115301199707, 178690466521797070499, 
      1440239755620149172137 ],, [ 2705185801218961 ],,,, [ 7684217958892165553 ],, 
  [ 1448942029435499177 ], [ 334292559701 ], [ 2918935086313, 7451064406166582481157 ],, 
  [ 29391226409 ], [ 179927647957, 699745461193, 379456989566617 ],, [ 97980978437 ],, 
  [ 6112802582093 ],, [ 157054001472388663801 ], [ 8169249947 ], 
  [ 7805016909691, 8215885900131827051 ],,,,, [ 78707738017, 9369869066530909 ], 
  [ 5133213504103, 40787168863813 ], [ 6655452049, 1324688237076179847868825921 ],,,,,,, 
  [ 932152732204634207 ], [ 46293713831319329, 379455187255267141769 ], [ 323328511117099 ], 
  [ 1176100978446497, 142174206580952895689201 ], [ 20471752501 ],,, 
  [ 180694779497, 1197546328727057 ],, 
  [ 1575012661, 310261524371, 920050708411, 695105241183810724361 ], 
  [ 4444065601, 79054256873 ], 
  [ 1086052712734550809, 954317011386198898153, 144583732009659049210897 ], [ 193915006507 ],
  , [ 3431209321, 47069786874601 ], [ 100354510541 ], [ 1512521902357 ], 
  [ 35568730014210621937 ], [ 1813087541 ],,,, [ 13336529819 ], [ 3627920582563573 ], 
  [ 6862804651 ], [ 754167872533 ],,, [ 106868833121 ], [ 4009735449521341 ],,,, 
  [ 3546006930678067 ],,, [ 19482197547793 ],, [ 11715730900987 ],,,,,,, [ 63506949563 ],, 
  [ 112604388944053, 283733888317230105347002681 ], [ 25301309911, 1187865111739 ], 
  [ 36339725269051, 623894018052089051 ],,, [ 4421931182897 ],, [ 9218406457571 ],,, 
  [ 308982459233983853 ], [ 1421151020461, 2038918826453 ], [ 12085709401 ],,,, 
  [ 124556415341177, 56266347204721511677 ],, [ 3748246993 ],,, [ 79321775041 ], 
  [ 2549616721 ],,, [ 18747163517, 742034200826483 ],, [ 6993531751 ],,,,, 
  [ 12122771991661 ], [ 9105845137, 7918576464823 ],,, [ 368171595877259137 ],,,,, 
  [ 1000850321, 2573434169 ], [ 176989157985338186406971904151 ],, [ 3079473121369 ], 
  [ 48700890907 ],, [ 2965604242591, 10669638512236831 ], [ 5096877246649 ], 
  [ 1863236131, 8805050297, 367396848637289 ],,, [ 3515864735216401, 59292468456588001 ],, 
  [ 53558158903, 2493249916544923 ],,, [ 1748653111 ], [ 95031111463 ],, 
  [ 1203383353, 200245615417 ],,, [ 54448828985041 ], [ 69147506826397 ], 
  [ 1942554587, 4083372301 ], [ 1054991274165487 ], [ 146239514381, 9786321030901 ],, 
  [ 1677488113591, 8288701075447927 ],, [ 5201135671517544043 ], 
  [ 8468805549777721, 954113012805682766380931581 ], [ 5446194931 ],,, [ 1940745097 ],, 
  [ 212260023517, 3037803127057, 20968072323529161163 ],, [ 18488922030881 ], 
  [ 104947031475859, 3381640658383417, 22425839498883679 ], 
  [ 5391996192901, 27524749555677591401 ], [ 1135469501 ],,,,,,, [ 11320620425638921 ],,, 
  [ 53890949189323 ], [ 115876228188082987 ],,,, [ 974033548514197, 3015798649714402883 ],,,
  , [ 1955426812201, 316345402268551 ],,, [ 34300281624207271 ], 
  [ 155154984419, 7057012815622267 ], [ 15375198931, 28840694611 ], [ 199027757820782713 ],,,
  ,, [ 382600526416781 ], [ 12214881284450351431, 45584523439605534631409779 ], 
  [ 72383260392061, 378968653142047 ], [ 12324006577, 32831472577 ], [ 2335777771 ], 
  [ 7092097120379 ],, [ 3885466308433788313 ], [ 856808438417 ],, [ 9326718097480051 ], 
  [ 9277907976644161 ], [ 64079750681 ], [ 54842027521 ], [ 19658606501, 27101494947101 ], 
  [ 178066897597 ], [ 1077299731, 1389026698867, 2515814984251 ], [ 56807498443 ], 
  [ 3185125829, 30912302363 ], [ 482825489761 ], [ 79795253234971 ], 
  [ 583473452423329457819 ],, [ 2956434125675053 ],,, [ 485344898235277 ], 
  [ 364526004720012953 ], [ 52922264611, 430271486311 ], [ 4014871407227764753601 ], 
  [ 748565724053317 ], [ 21599987197, 30973813753 ],, [ 30085382714742504943 ],, 
  [ 45487727489 ],,,,,, [ 848535305749, 3196677474459333846855763 ], [ 2077259221 ],,, 
  [ 1243491473332813 ], [ 18693026119 ], [ 36552578402304301 ],, 
  [ 49681968282734941, 10654523476162441471, 1153567663952670943411, 
      11183341804855669646822161 ],,,, [ 3475478849 ], [ 1083802051 ], [ 4882305641209 ], 
  [ 1634803633 ], [ 1925534000909 ], [ 4958380424653 ], [ 536062182231161 ], [ 4091693299 ], 
  [ 409005505129159, 413688392622073 ],, [ 122321438641 ],, [ 76833605152672165729 ],, 
  [ 14362547233, 7965907649199372049 ],,,, [ 719206982020735638634877 ], [ 2539830281 ], 
  [ 7165390357 ],,,, [ 201014937087743 ],, [ 24711132241 ],, 
  [ 1438894836383, 11713352719622745677 ],, [ 1467204564961, 43678168154559649 ],, 
  [ 28139933054143 ],,,,,, [ 128208744889 ],, [ 157152910757 ],, 
  [ 279071679437, 6674781334957 ],, [ 20972599633, 330810858846481537 ], [ 11451755681081 ], 
  [ 2405252670241 ], [ 12403502431 ], [ 492451116705251025011 ],,,,,, [ 1232377673 ],, 
  [ 7258811491, 1863056167862523331 ],, [ 7238216876967077 ],, 
  [ 576543106427, 1136102702045944745141 ],,,,,, [ 156426726417521741 ],, 
  [ 216094121336497 ], [ 6629237033 ], [ 1032163017953, 5990316570593 ], [ 622612549261 ],,,
  , [ 2894298881 ], [ 220196001881491, 325285345476897011 ],,,,,,,, 
  [ 1967585647, 2452694609 ],, [ 1968864198601 ],, [ 23833608023, 22484184140783 ],,,, 
  [ 40782539053987 ],,,,,, [ 89647170049 ],,,,, [ 1153181639 ],,, 
  [ 1566331421, 530258157135481 ],,,, [ 14724921121 ],,,,,,,,,,, [ 26945367751 ], 
  [ 10168734973 ],, [ 2162924019374537 ],, [ 4738370561 ],,,,,,,, [ 4612526209 ],,,,, 
  [ 1646719729 ],,,, [ 6747665344759 ],, [ 1655414591 ], [ 321692045401 ], [ 179909644781 ],,
  ,,,,,,, [ 2043143561, 118878936161 ],, 
  [ 916148157224657281, 22023586414657464673, 22212328536771097537 ],,,,, [ 1346822447 ],,,,,
  , [ 1092993973 ],,, [ 2592570920087 ],,,,,,,,,,,, [ 2542545336311 ], [ 39935786659 ], 
  [ 119632779001 ],,,, [ 314205561473 ],,,, [ 11261061433, 569975923213, 4774406874781 ],,,, 
  [ 8352207137 ], [ 4276874887 ], [ 1373407561 ], [ 2773586531 ], [ 88397374321 ], 
  [ 1275943087, 1545596749, 2735171449, 9190853029, 26073894289 ], [ 3321765253 ], 
  [ 9042326627 ],,,,,,,,,,,,, [ 30479755321 ],, [ 2629015511 ], 
  [ 28778863261, 288710375521, 6602016790951 ],, [ 1315942981 ],,, 
  [ 1322696776241, 100278824285401, 1061242538154041 ],,,, [ 117605404321, 266906540401 ],, 
  [ 31471785481 ],,,,,,,,, [ 2261318621, 89967571231 ],,,, [ 7935712357 ], [ 879842073641 ],
  , [ 5898443710837 ],,,,,,, [ 1328739721 ],,, [ 1034004449 ],, [ 2033048474011 ],,,,,, 
  [ 5951032075190309758561 ], [ 11658227549 ],,,,, [ 38900942471707 ],,,,, [ 1658029339 ],,, 
  [ 40746860417, 10947525818249 ],, [ 7185666488773 ],, [ 1225072843, 61667748495361 ],,,, 
  [ 14537153053 ],, [ 3838104529079388769 ],, [ 9193951592593 ],, [ 7029823274641 ],, 
  [ 2271985348831831 ],, [ 42458134517, 177833062009, 1067415731929 ],,,,,, 
  [ 54270762289879 ], [ 7995248353 ],,, [ 20075013664747 ],,,, [ 459976711433 ],,,,,,,, 
  [ 1787609779, 25550276383 ],,,,,,, [ 4493284709 ],,,,, [ 7834095361 ],, 
  [ 7404953089, 612040351057 ],,,,,,,, [ 5851830857 ],,,,,,, [ 2550617213 ], 
  [ 13383418753, 8903659383937 ],,,, [ 38303533661 ],,,,, [ 1420479253 ],,,,, 
  [ 3166230740847121, 12143385855927269 ],,,, [ 532979293267 ],,,,,,,,,,,, [ 96341753551 ],,,
  , [ 912628090219379 ],,,, [ 1199830092847 ], [ 18211983931 ], [ 118157621182969 ],,,, 
  [ 82577773981, 23242939255577 ],, [ 6418411091 ],, [ 1245717217, 803441409697 ],,,, 
  [ 38161419209 ],,,, [ 677571938041 ], [ 1202604482923 ],,, [ 2837455853233 ],, 
  [ 1003698809 ],,,,,,,,,, [ 16781935249, 3549532912820857 ],,, [ 3696617641 ], 
  [ 183256707439901 ],, [ 34872524431, 34974702229 ],,,,,, [ 86197171129, 489882616621 ],,, 
  [ 3568121569, 36259016653 ],,, [ 72557190207037 ], [ 1653802151 ], [ 619178776298221 ],, 
  [ 773715328237, 203670936689357, 237475147021039 ],, [ 6586318200961 ],,,, 
  [ 4780427773973 ],,,, [ 4971861929, 5515886641 ], [ 1424476513 ],,, [ 126175296673 ],,,,,, 
  [ 41394388982647 ],,,,,,,,,, [ 37603074497 ],,,,,, [ 1029789793033, 28619696278097 ],, 
  [ 230140491699193, 883636315447321 ],, [ 19296343973, 388865122993367 ],,,,,,,,, 
  [ 22642533967 ],,,,,, [ 3238905421 ], [ 726634091353 ],,,,, [ 1508558171 ], 
  [ 11884841211181, 128520794589510949201 ],,, [ 79922959381 ],,,,,, [ 5938978459 ],, 
  [ 36717083419 ], [ 45221161561 ],,,,,, [ 42999809232766153 ],,,,,,,,,, [ 126969535577 ],, 
  [ 2168342960701 ],, [ 2277391693 ], [ 1590453307 ],, [ 24818988941 ],, [ 3081924497 ],,,,,,
  ,,,,,, [ 12573922647739 ],,,,,,,, [ 39918098167 ],,,,,,,,,,,,,,, [ 2496786118009 ],,,,,,,,
  , [ 11113009561 ],,,,,,,,, [ 3217818503350441, 62575669265841031 ],,,,, [ 2815308101 ],,,,,
  ,,,,, [ 32210826751 ],,,,, [ 1065486041 ],,,, [ 107305356519901 ],,,, [ 2050066033 ],,, 
  [ 7335678407 ],,, [ 1155365641 ],,,,,,,,, [ 2619535291, 77890548347 ],,, 
  [ 1448799773, 5268159037 ],,,,, [ 9322353991 ],,,,,,,,,,,,,,,,, [ 1894024919, 2403680729 ],
  ,, [ 7226326421 ],,,,,,,,,,,,,, [ 217971857461 ], [ 1056705469, 5244633421 ],,,,,,,, 
  [ 5716272941 ],, [ 1555966729 ],,, [ 3621100081 ], [ 7278154841 ],,,,,,,,,,,,,,,,,,, 
  [ 76430413733 ],,,,,,,,, [ 40758501919 ],,,,,,,,,,, [ 2180818949 ], [ 9344381251 ],,,, 
  [ 936529377037 ],,,,,, [ 1082460961 ],,,,,,, [ 1180854137 ],,,,, [ 1521572761 ],, 
  [ 1091107109 ],,,,,,,,,,,,,,, [ 3249656653 ],,,,,,,, [ 11196202049 ],,, [ 44789101501 ], 
  [ 474181144963 ],,, [ 2611885921 ],,,,, [ 2877380969 ],, [ 3090803113, 21823170823 ],, 
  [ 2663689289483 ],,,,,,,,,, [ 3988499326561 ],,,,,,, [ 4199827451 ],,,,,,,,,,,,, 
  [ 955613103127 ],, [ 249685305041 ],,,,,,,,,,, [ 9927467197 ],,,,,, [ 2217466753 ],,,,,,, 
  [ 7838420327 ],,, [ 1019562013 ],, [ 22825350649159 ],,,,,,,,,,, [ 10528952821 ],, 
  [ 1369349039 ], [ 4898875213 ],,, [ 10643036197 ],,, [ 1461636881 ], [ 15841394011 ],,,,,,,
  ,,,,,,,,,,,,,,,,,,,,,,,,, [ 58434591167 ],,,,, [ 2431905457 ], [ 7039067510039 ],,, 
  [ 2057871289 ],,, [ 11584560137, 109210312379603 ],,, [ 110324104843 ],,,,,,, 
  [ 116134594003 ],, [ 2979587873 ],,,,,,,,,, [ 3294277411 ],,,,,,,,,, [ 47375584981 ],,,, 
  [ 1519934401 ], [ 3064642417 ],,,,, [ 1555965259 ],, [ 1249786387 ],,,,,,,, [ 2185212583 ],
  ,,,, [ 225480098537 ],, [ 1099039159 ],,,,,, [ 183660388481 ],, 
  [ 42387383539, 53555837371 ],,,,,, [ 1151260993 ],,, [ 15323688691 ],,,,,,,,,,,,,,,,,,,,, 
  [ 167142016513 ], [ 1623671431, 9521601263 ],,,,,,,,,,,, [ 1786251037 ],,,, 
  [ 7270279427 ], [ 1015562311 ],, [ 53279156269 ],,,,,,,,,, [ 345890917117 ],,,,,,,,,, 
  [ 2200379681 ], [ 4069770209 ],,,, [ 1853327251 ],,,,,,,,,,,,, [ 3412575473 ], 
  [ 10815987529381 ],, [ 17989534261, 61583874923 ],, [ 14041026871 ],,,,,, [ 2940369631 ],,,
  ,, [ 13864423231 ],, [ 13085182709 ],,,, [ 4394576257 ],, [ 14109325669, 176764351297 ],, 
  [ 1923874741 ],,,,,,,,,,,,,,,,,,,,,,, [ 1800039254401 ],,,,,,,,,,,,,,,,,, [ 10380967631 ], 
  [ 3733792693 ], [ 1527997661 ],,, [ 2168948741 ],,,, [ 8026566091 ],,,,,,,,,,,,,,,,,,, 
  [ 11429395441 ],,,,,,,,,,,,,,,, [ 4055782391 ],, [ 38896306279 ],,,, [ 1381290419771 ],,,,
  , [ 811986638893 ],,,,,,,, [ 3932709497 ],,, [ 132319631401 ],,,,, [ 7015613221 ], 
  [ 2833403011 ],,, [ 10163014457 ],,,, [ 35369143561 ],,,,, [ 24149861191 ],,,,,,, 
  [ 1450911793, 2479519753 ], [ 2571798253 ],,,,,, [ 11936792117 ],, [ 28216929163 ],,, 
  [ 10303400521 ],,,,,, [ 4754483731 ],,,,,,,,,,,,,,, [ 28898478841 ], [ 2024846561123 ],,, 
  [ 12570487217 ],,,,,, [ 181331862121 ],,,,,,,,,,,,, [ 2697825281 ],,,,,,,, [ 5362707929 ],
  , [ 1180849177, 1401907069 ],, [ 1172462201, 1727696881, 1849640521 ], [ 2782178431 ], 
  [ 20926533629 ],,,,,,, [ 10455884539, 25000911931 ],,,,, [ 2037417620323 ],,,, 
  [ 6038298691, 10046640337 ],,,, [ 3664776889 ],,,,,,,,,,,,, [ 1158851891 ],,,,,,,, 
  [ 3581379037 ],,,,,,,,,,,,,,,,,,,,,,,,,,,,,,,,,, [ 1882195813 ],,,,,,,,,,,,,,,,,,,, 
  [ 364654822537 ],, [ 23267951761 ],,,,,,,,,,, [ 1435676821 ],,,,,,,, [ 90599428279 ],,,,,,,
  ,, [ 92096818771 ],,,,,,,,, [ 235350186037 ],,, [ 2187105961 ],,,,,,,, [ 10798641169 ],,,,,
  ,,,,,,,,,,, [ 1386446179, 378970463713 ],,,,,, [ 90912531763 ],,,,,,,,,,,,,,,,,,,,,,,,,,,,,
  ,,,,,,, [ 11411425801 ], [ 1539825867287 ],,,,,,,, [ 1134279319267 ],,,,,,,,, 
  [ 23069257723 ],,,,,, [ 295517910169 ],,,,,,,,,,,,,,,,, [ 4169442119 ],,,,,,,,,, 
  [ 1381673497 ],,,,,,,, [ 5993671529 ],,,,,,,,, [ 1367176903 ],, [ 266294880161 ],,,,,,,,,,,
  ,,,,,, [ 134921563393 ],,,,,,,,,,,,,,,,,,,,,, [ 5805630227 ],,,,,,,,,,,,,,,,,,,,,,,,,,,,,,,
  ,,,,, [ 52186421141 ],,,, [ 2981982319 ], [ 1536372151, 446429220451 ],,,,,,, 
  [ 19602265387 ],,,, [ 151235539783 ],, [ 2330069029, 33527467921 ],, [ 253925038141 ],,, 
  [ 149405221549 ],, [ 1991172301, 21685484941, 73401985301 ],,,, [ 2032887541 ],,,,, 
  [ 177820130561 ], [ 2045066941, 19042975351 ],,, [ 6943762561 ],, [ 35431374161 ],,,,, 
  [ 57107231891 ],,,,,,, [ 17001777431 ], [ 12614504367349 ],,,,,,,,,,,,, [ 50340333577 ],,,,
  ,,,,,,,,,,,,,, [ 18514168919 ],,,,,,,,,,,,,, [ 1344048553 ],,,,,,,,,,,,,,,,,,,,,,,,,,,,,,,,
  , [ 3040352719 ],,,,,,,,, [ 56701393981 ],,,, [ 8513800699 ],, [ 1754684977 ],,,,,,,,,,,,,,
  , [ 2589573169 ],,,,,,, [ 59309177593 ],,,,, [ 42220681933, 1689240985477 ],,,,,, 
  [ 4428767017 ],,,,,,,,,,, [ 1451723321, 89128633201 ],,,, [ 19490986153 ],,,,,,,,, 
  [ 7000691713 ],,,,,,,,,,,,,,,,,,,,,,,, [ 386105609344849 ],,,,,,,,,,,,,,,,,,,,,,, 
  [ 5844312101 ],,,,,,,,,, [ 1363310191 ],,,,,,,,,, [ 24438149401 ],,,,,,,,,, 
  [ 16043918101 ], [ 12446207413 ],,,,, [ 6428238617 ],,,,,,,,,,,,,,,, [ 144842491753 ],,,,,,
  ,, [ 3770450641 ],,,,, [ 4441520021 ],, [ 1297428109, 6162258757 ],,,,,,,,,,,,,,,,,,,,,,,, 
  [ 547268929579 ],,,,, [ 1827911741 ],,,,,,, [ 4651185823 ],,,,,, [ 9722285281 ], 
  [ 17277521801 ],, [ 31853360113 ],,,,,,,,, [ 3073192123 ],,,,,,,,,,,, [ 188904348559 ],,,,,
  ,,,,,,,,,,,,,, [ 5758689997 ],,,, [ 1727625313 ], [ 311770124371 ],,,,,,,,,,,, 
  [ 30440162323 ],,,,,,,,, [ 2086614877 ],,,,,,,, [ 1218411847, 37231434679 ],,,,,,, 
  [ 647875754059 ],,,,,,, [ 1834974641 ],,,,, [ 34807053751 ],,, [ 8656566301 ],,,,,,,,, 
  [ 1127755243 ],,,,,,, [ 4618393781 ],,,,,,,,,,,,,,,,, [ 1386067003 ], [ 9650037497 ],,,, 
  [ 2372414749 ],,,,,,,,,, [ 359934277489 ],,,,,,,,,,,,,,,,,,,, [ 19291438289 ],,,, 
  [ 5986380601 ],,,,,,,,, [ 68474607391 ],,,,, [ 830883755917 ], [ 1346353437181 ],,, 
  [ 31609983943 ],,,,,,,,,,,,,,,,,,,,,,,,,,, [ 14111572861 ],,,,,,,,, [ 10269946909 ],,,,,,,,
  ,,,, [ 12143381713 ],,, [ 538708130377 ], [ 3223593041 ],,,,,, [ 4818900041 ],,,, 
  [ 32404511221, 73755949261 ],,,,,,,, [ 52417508621 ],,,, [ 4651033657 ],,,, 
  [ 98614517377 ],,,,,,,,,,,,,,,,,,,,,,,,,,,,,,,,,,,,,,,,,,,,,,,,,,, [ 18577910599 ], 
  [ 256555877057 ],,,,,, [ 1028710031 ],,,,,, [ 13595030021 ],,,, [ 1088887073 ],,,,,,,,,, 
  [ 49094061739 ],,,,,,,,,,,, [ 1734947761 ],,,,,,,,,,,,,,,, [ 125634919159 ],,,,,,,,,,,,,,,,
  ,,,,,,, [ 5299433101 ],,,,,,, [ 12198037717 ],,,,,,,,,,,,,,,,,,,,,,,,,,,,,,,,,,,,,,,,,,,,,
  , [ 24767314259 ],,,,,, [ 147365878433 ],, [ 1301839267 ],, [ 13106566189 ],,,,,,,,,,,,,,,,
  ,,,,,,,,,, [ 24579610312247 ],,,,,,,,,, [ 1931722129 ],,,,,, [ 1072574551, 365221098481 ],,
  ,,,,,,,,,,,,, [ 189398792941 ],,,,, [ 15281707801 ],, [ 52098079489 ],,,,,,,,,,,,,, 
  [ 3237650011 ],,,,,,,,,,,,,,,,,,,,, [ 18987970303 ],,, [ 33940896811 ],, [ 106292079253 ],,
  ,,,,,,,,,,, [ 12639691171 ],,,,,,,,,,,,,,,,,,,,, [ 143655114307 ],,,,,,,,,,,,,, 
  [ 13686591181 ],,,,,,,,,,,, [ 120535278977 ],,,,,, [ 2226282629 ],,,,,,,,,,,,,,,,,,,,,,,,,,
  ,,,,,,,, [ 43224863809 ],,,,,,,,,,,,,,,,,, [ 1060288058444491 ],,,,,,,,,, [ 1077679261 ],,,
  ,,,,,,, [ 1896371761 ],,,, [ 3209919637 ],, [ 289101570301 ],,,,,,,,,,,,,,,,,,,,,,,,,,,,,,,
  , [ 7687760849 ],,,,,,,, [ 7646612081473 ],,,,,, [ 5919149359 ],,,,,,,, [ 2741886001 ],, 
  [ 3650890549 ],,,,,,,,,,,,,,,,,,,,,, [ 6272106227 ],, [ 168562891201 ],, [ 55169331631 ],,,
  ,,,,, [ 1598126371 ],,,,,,,,,,,,,,,,,,,,,,,, [ 1598037101 ],,,, 
  [ 159465349759, 2504044523683 ],,,,,,,,,,,,,,,,,,,,,, [ 39081595133377 ],,,,,,,,,,,,,,,,,, 
  [ 292237094791 ],,,,,, [ 12108005201 ],,,,,, [ 21650419519, 176136834953 ],,,,,,,,,,,,,, 
  [ 10821851281 ],,,,,,,,,,,,,,,, [ 14154492049 ],,,, [ 1887507361 ],,,, [ 15974146777 ],,,,,
  ,,,,, [ 54199580821, 433909123033 ],,,,,,,, [ 12209099587 ],,,,,,,,,,,,,,,,,,,,,,,,,,,,,,,,
  ,,,,,, [ 40537231001 ],, [ 18983343931 ],,,, [ 223244076691 ],,,,,,,,,,,,,, 
  [ 354129413441 ],,,,,,,,,, [ 2596259243651 ],,,,,,,,,,,, [ 73893083573 ],,,,,,,,,, 
  [ 29389709761 ],,,,,,,,,,,,,,,, [ 1010471873 ],,,, [ 76912468313 ],,,,,,,, [ 22209149341 ],
  ,,,,,,, [ 522511487941 ],, [ 392117337151 ],, [ 568037615617 ],,,,,,,,,,,,,,,,,,,,,,,, 
  [ 5977833793 ],,,, [ 320985838021 ],, [ 4093906759 ],,,,,,,,,,,, [ 344327023681 ],, 
  [ 13549270393 ],,,,,,,,,,,, [ 2269391617 ],,,,,,,,,,,,,,,,,, [ 15462645433 ],,,,,,,,,,,, 
  [ 3977157487, 5826389683 ],,,,,,,,,,,,,,,,,,,,,,,,,,,,,, [ 1205007301 ],,,, 
  [ 173625841537 ],,,,,, [ 38997707893 ],, [ 1204033801 ],,,,,,,,,, [ 4680489791 ],, 
  [ 1768633385149 ],,,,,,,,,,,,,,,,,,,,,,,,,,,,,,,,,,,,,,,,,, [ 1416014989801 ],,,,,,,,,,,,,,
  ,,,,,,,,,,,,,,,, [ 56224116649 ],,,,,,,,,,,,,,,,,,,,,,,,,,,,,, [ 3141959167 ],,,,,,,,,,,,,,
  ,,,,,,,,,,,,,,,,,,,,,,,,,,,,,,,,,,,,,,,,,, [ 219217950811 ],,,, [ 584909539237 ],,,,,,,,,,,
  , [ 5031748261 ],,,,,,,,,,,,,,,,,,,,,,,,,,,,,,,,,,,,,,,,,,,,,,,,,,,,,,,,,,,, 
  [ 3963830599 ],,,,,,,,,,,,,,,,,,,,,,,, [ 7713100921 ],,,,,, [ 3009015973 ],,,,,,,,,,,, 
  [ 26113458673 ],,,,,, [ 37352846989 ],,,,,,,,,,,,,,,, [ 496955907631 ],,,,,,,,,,,,,,,, 
  [ 6016976533, 1128681607411 ],,,,,,,,,,,,,,,,,,,,,,,,,,,,,,,,,,,,,,,,,,,,,,,,,,,,,,,,,,,,,,
  ,,,,,,,, [ 67184636569 ],,,,,,,,,,,,,,,,,,,,,,,, [ 10290156301 ],,,, [ 67715562433 ],,,,,,,
  ,,,,,,,,, [ 1649831041 ],,,,,,,,,,,,,,,,,,,,,,,,,,,,,, [ 2226933726971 ],,,,,,,,,,,,,,,,,,,
  , [ 251326251871 ],,,, [ 12859543537 ],,,, [ 21451360279 ],,,,,,,,,,,,,,,,,,,,,,,,,,,,,,,,,
  ,,,,,,,,,,,,,,, [ 7106750731 ],,,,,,,,,,,,,,,,,,,,,,,,,,,,,,,,,,,,,,,,,,,, [ 3798200431 ],
  , [ 1746079721 ],,,,,,,,,,,,,,,,,, [ 95962187441 ],,,,,,,,,,,,,,,,,,,,,,,,,,,,,,,,,,,,,,,,,
  ,,, [ 3013616017 ],,,,,,,,,,,,,,,,,,,,,,,,,,,,,,,,,,,, [ 16828740811 ],,,,,,,,,,,,,,,,,,,,,
  ,,,,,,,,, [ 2744483881 ],,,,,,,,,,,,,,,,,,,,,,,,,,,,,,,,,,,,,,,,,, [ 18195575401 ],,,,,, 
  [ 8325953593, 12683949697 ],,,,,, [ 4665558451 ],,,,,,,,,,,,,,,,,,,,,,,, [ 121585483819 ],,
  ,,,,,,,,,,,,,,,,,,,, [ 632140824181 ],,,,,,,,,,,,,,,,,,,, [ 71608716961 ],,,,,,,,,,,,,,,,,,
  ,,,,,,,,,,,,,,,,,,,,,, [ 1078474601 ],,,,,,,,,,,,,,,,,,,,,,,,,,,,,,,,,,,,,,,,,,,,,,,,,,,,,,
  ,,,,,,,,,,,,,,,,,,,,,,,,,,,,,,,,,,,,,,,,,,,, [ 1831731409 ],,,,,,,,,,,,,,,,,,,,,,,, 
  [ 17032249279 ],,,,,,,, [ 8200826701 ],,,,,,,,,,,,,,,, [ 72845888893 ],,,,,,,,,,,,,,,,,,,,,
  ,,, [ 337630054141 ],,,,,,,,,,,,,,,,,,,,,,,,,,,,,,,,,,,,,,,, [ 18641153696491 ],,,,,,,,,,,,
  ,,,,,,,,,,,,,,,,,,,,,,,,,,,,,,,, [ 2443857943 ],,,,,,,,,,,,,,,,,,,,,,,,,,,,,,,,,,,,,,,,,,,,
  ,,,,,,,,,,,,,,,, [ 1200745729, 1328170663 ],,,,,,,,,,,,,,,,,,,,,,,,,, [ 26334576841 ],,,,,,
  ,,,,,,,,,, [ 118760365333 ],,,,,,,,,,,,,,,,,, [ 281268244879 ],,,,,,,,,,,,,,,,,,,,,,,,,,,,,
  ,,,,,,,,,,,,,,,,,,, [ 3362761333 ],,,,,,,,,,,,,,,,,,,,,,,,,,,,,,,,,,,,,,,,,,,,,,,,,,,,,,,,,
  ,,,,,,,,,,,,,,,,,,,,, [ 68903407201 ],,,,,,,,,,,,,,,,,, [ 5543003839, 84447255901 ],,,,,,,,
  ,,,,,,,,,,,,,,,,,,,,,,,,,,,,,,,,,,,,,,,,,,,,,,,,,,,,,,,,,,,,,,,,,,,,,, [ 3238874641 ],,,,,
  , [ 1263539791 ],,,,,, [ 1002029617 ],,,,,,,,,,,,,,,,,,,,,,,,,,,,,,,,,,,,,,,,,,,,,,,,,,,,,,
  ,,,,,,,,,,,,,,,,,, [ 4605506401 ],,,,,,,,,,,,,,,,,,,,,,,,,,,,,,,,,,,,,,,,,,,,,,,,,,,,,, 
  [ 28783021429 ],,,,,,,,,,,,,,,,,,,,,,,,,,,,,, [ 6308036445133 ],,,,,,,,,,,,,,,,,,,,,,,,,,,,
  ,,,,,,,,,,,,,,,,,,,,,,,,,, [ 1226765233 ],,,,,,,,,,,,,,,,,,,,,,,,,,,,,,,,,,,,,,,,,,,,,,,,,,
  ,,,,,,,,,,,,,,,,,,,,,, [ 9130210381 ],,,,,,,,,,,,,,,,,,,,,,,,,,,,,,,,,,,,,,,,,,,,,,,,,,,,,,
  ,,,,,,,,,,,,,,,,,,,,,,,,,,,,,,,,,,,,,,,,,,,,,,,,,,,,,,,,,,,,,,,,,,,,,,,, [ 3035880433 ],,,,
  ,,,,,,,,,,,,,,,,,,,,,,,,,,,,,,,,,,,,,,,,,,,,,,,,,, [ 184550890861 ],,,,,, 
  [ 5483685769, 10622526157 ],,,,,,,,,,,,,,,,,,,,,,,,,,,,,,,,,,,,,,,,,,,,,,,,,,,,,,,,,,,,,,,,
  ,,,,,,,,,,,,,, [ 1835951797 ],,,,,, [ 14202247681 ],,,,,,,,,,,,,,,,,,,,,,,,,,,,,, 
  [ 2515106521 ],,,,,,,,,,,,,,,,,,,,,,,,,,,,,,,,,,,,,,,,,,,,,,,,,,,,,,,,,,,,,,,,,,,,,,,,,,,,,
  ,,,,,,,,,,,,,,,,,,,,,,,,,,,,,,,,,,,,,,,,,,,,,,,,,,,,,,,,,,,,,,,,,,,,,,,,,,,,,,,,,,,,,,,,,,,
  ,,,,,,,,,,,, [ 1533334801 ],,,,,,,,,,,,,,,,,,,,,,,,,,,,,,,,,,,,,,,,,,,,,,,,,,,,,,,,,,,,,,,,
  ,,,,,,,,,,,,,,,,,,,,,,,,,,,,,,,,,,,,,,,,,,,,,,,,,,,,,,,,,,,,,,,,,,,,,,,,,,,,,,,,,,,,,, 
  [ 2971413001 ],,,,,,,,,,,,,,,,,,,,,,,,,,,,,,,,,,,,,,,,,,,,,,,,,,,,,, [ 13446249643 ],,,,,, 
  [ 3006570001 ],,,,,,,,,,,,,,,,,,,,,,,,,,,,,,,,,,,,,,,,,,,,,,,,,,,,,,,,,,,,,,,,,,,,,,,,,,,,,
  ,,,,,,,,,,,,,,,,,,,,,,,,,,,,,,,,,,,,,,,,,,, [ 5464385734501 ],,,,,,,,,,,,,,,,,,,,,,,,,,,,,,
  ,,,,,,,,,,,,,,,,,,,,,,,,,,,,,,,,,,,,,,,,,,,,,,,,,,,,,, [ 1818144049 ],,,,,,,,,,,,,,,,,,,,,,
  ,,,,,,,,,,,,,,,,,,,,,,,,,,,,,,,,,,,,,,,,,,,,,,,,,,,,,,,,,,,,,,,,,,,,,,,,,,,,,,,,,,,,,,,,,,,
  ,,,,,,,,,,,,,,,,,,,,,,,,,,,,,,,,,,,,,,,,,,, [ 2515251301 ],,,,,,,,,,,,,,,,,,,,,,,,,,,,,,,,,
  ,,,,,,,,,,,,,,,,,,,,,,,,,,,,,,,,,,,,,,,,,,,,,,,,,,,,,,,,,,,,,,,,,,,,,,,,,,,,,,,,,,,,,,,,,,,
  ,,,,,,,,,,,,,,,,,,,,,,,,,, [ 82327042591251811 ],,,,,,,,,,,,,,,,,,,,,,,,,,,,,,,,,,,,,,,,,,,
  ,,,,,,,,,,,,,,,,, [ 16872198751 ],,,,,,,,,,,,,,,,,,,,,,,,,,,,,,,,,,,,,,,,,,,,,,,,,,,,,,,,,,
  ,, [ 21273391261 ],,,,,,,,,,,,,,,,,,,,,,,,,,,,,,,,,,,,,,,,,,,,,,,,,,,,,,,,,,,,,,,,,,,,,,,,,
  ,,,,,,,,,,,,,,,,, [ 1319480101 ],,,,,,,,,,,,,,,,,,,,,,,,,,,,,,,,,,,,,,,,,,,,,,,,,,,,,,,,,,,
  ,,,,,,,,,,,,,,,,,,,,,,,,,,,,,,,,,,,,,,,,,,,,,,,,,,,,,,,,,,,,,,,,,,,,,,,,,,,,,,,,,,,,,,,,,,,
  ,,,,,,,,,,,,,,,,,,,,,,,,,,,,,,,,,,,,,,,,,,,,,,,,,,,,,,,,,,,,,,,,,,,,,,,,,,,,,,,,,,,,,,,,,,,
  ,,,,,,,,,,,,,,,,,,,,,,,,,,,,,,,,,,,,,,,,,,,,,,,,,,,,,,,,,,,,,,,,,,,,,,,,,,,,,,,,,,,,,,,,,,,
  ,,,,,,,,,,,,,,,,,,,,,,,,,,,,,,,,,,,,,,,,,,,,,,,,,,,,,,,,,,,,,,,,,,,,,,,,,,,,,,,,,,,,,,,,,,,
  ,,,,,,,,,,,,,,,,,,,,,,,,,,,,,,,,,,,,,,,,,,,,,,,,,,,,,,,,,,,,,,,,,,,,,,,,,,,,,,,,,,,,,,, 
  [ 2427590101, 6530329261 ] ]);
