BRENTFACTORS[7626]:=MakeImmutable([ ,,,,,,,,,,,, [ 76493339163074407757 ],, 
  [ 92060014549561 ],,,, [ 1988665190394950830784290770973 ], [ 1305543761 ], 
  [ 606818292193 ], [ 408649531027 ], [ 660671017486383473, 35020378586140927849 ],, 
  [ 13252405801 ],,,, [ 308572139166464741, 9788285225805907754254841777 ],, 
  [ 585525903161, 377346696063919, 1087050907016644263037, 26284200897150106259925101861 ], 
  [ 593673235073 ],, [ 511606743883, 10380216051707, 53747759610580039 ],, 
  [ 37782628071121485757 ], 
  [ 1655623610680799, 14951748770494205292205133, 211931727739279817485554283755828777127147 
     ], [ 4047774349192730609788192313063 ], [ 121404970441 ], 
  [ 147351059740481, 14189518113426256121 ], [ 947113966522573302081476031321768020981842829 
     ], [ 753352639243, 1350680106511 ],, [ 44785992989, 560693468501 ], [ 3097313694271 ], 
  [ 56050935492354398604059 ], [ 41709385928909182843, 178979592580596893819 ], 
  [ 6050254513, 980116418367958406049937 ], [ 76488425445503, 99018606851518026987133 ], 
  [ 22416912295465153980519696751 ], 
  [ 12047266207, 5819974085039137, 170160389080243562302609, 1158426128796543148908899761 ],,
  , [ 237517959583, 15255099143681182273 ], 
  [ 494898171073528861, 11934047601853257211, 452459103417450687911 ], 
  [ 184277933617, 268770227598228747294569 ], 
  [ 7802511235966423603813, 117532232775607801157977182670741 ], 
  [ 436202460575678484881, 1935466363998276672422711443 ], [ 77423830598086453111 ],,, 
  [ 46678448250647600312332424019791 ], [ 1400893826851 ], 
  [ 22512382095892023468237245755830850454416577 ],, [ 2361477221902875319 ],, 
  [ 1521162325601, 9272381733122646789032058706021 ], [ 64446289991176149882994621 ],, 
  [ 5998557968380300721, 1088120060806012872936281 ], [ 10311999121 ], 
  [ 562448055601079551499 ], 
  [ 165855817919723, 110863197377012633655408287984187589733380801 ],, 
  [ 1322525173, 11035375181, 1496007592744526550472197067856775496676273 ], 
  [ 136650240680763811, 9664665870237661037584831 ], [ 7558022957469378493718737 ],, 
  [ 134061633445884902253654962809921 ], [ 4397362669059960527522245603 ], 
  [ 613936501880917432911087061646308623565488259133267213080056431 ],, 
  [ 76885472150615269 ], [ 3867536891, 4219336931, 35734964468542062704441 ], [ 2483125817 ],
  , [ 9602994152137 ],, 
  [ 345356555415676206751, 451860290148905000551, 6040630228374651677851 ], 
  [ 858975098571543251429951 ], 
  [ 5581662817, 1803609698173, 28723435851277, 95092547030053, 7840045877771209, 
      31144372761925817, 6138047029105826949398293 ],, [ 581549337460368187 ], 
  [ 1329780194131 ], [ 11558778337, 63371922337, 706084289761, 11970615318818639584417 ], 
  [ 8836399301, 1230522483596897 ], [ 204083949049635719 ], [ 13122798172497891901 ],, 
  [ 1062281237, 3697165390123, 987485621896598535278941 ],,, [ 508269808273267233772489 ],, 
  [ 195597425185350187 ], [ 858417240211, 3419261580847807 ], 
  [ 6246245277253, 13190888407864941937, 31005072972469747729, 17595521474139481372693489, 
      178085131313059000014507037 ],, 
  [ 393801069971, 271767952582831, 5802422738091796081, 5375130821558124795851 ], 
  [ 200707477837, 562582480153 ],,, 
  [ 38759626473972685604311, 97082353823557728156440929, 2047738536807331357648066537717969 ]
   ,, [ 13183047013, 131399129341, 170912599501969472582609, 12408690876653180282357941, 
      130740001650354038146395345529, 21139830624658678538800369753042181 ],, 
  [ 831398332441 ], [ 133920879734573 ], 
  [ 25989273721, 85445795372237161, 5477861646564836521, 77792966884572706529285159853121 ], 
  [ 799560953687, 367890818009515153 ], [ 30251252092207 ], [ 3069530800171021 ],,, 
  [ 19411345434049625282437, 154663723893042696198079711 ], [ 3499293739 ],,,,,, 
  [ 13886088985567 ],,,, [ 327772692623 ], [ 3369715879, 138035805067 ], 
  [ 180114508703624743 ],, [ 10046939539756927, 112593058015042057 ],,, 
  [ 6934983257395545449760001 ],, [ 4638659111501 ], 
  [ 3834623242508353, 11422245548666107, 391995101489472601, 517637550795409614697 ], 
  [ 20314424353 ], [ 13526663723, 30833317130999, 740532296553689 ], 
  [ 8722832679267151, 40313902225166199542414202601 ],,, 
  [ 1146531511, 2263817071, 6800981015003437, 1796085421452185693419 ], [ 794979390492673 ], 
  [ 788566083601 ],,, [ 98105973427733, 5374259067538952292188741 ],, [ 301038798881 ],, 
  [ 741576268654727082290914223629 ], [ 3243042133, 59765180575021, 117862951041356935950733 
     ], [ 82363022384463101, 124680982956632257933 ], [ 108046376461, 1588747790521 ], 
  [ 959189803782994309 ],,, [ 22137354657849133 ],, 
  [ 55110042109, 1576968401557, 3001118259781 ],,, [ 200135666659278840459313 ], 
  [ 2605140301, 177965219251, 3250407043451, 20650886570486551 ], 
  [ 658813105372577, 4954705236378893953, 465256263196818422442433 ], 
  [ 10879801663, 376050951659893 ], [ 797096528353, 1022509003783672376998441 ],,, 
  [ 45215507141692861 ], [ 155242509510929230391 ], [ 95193669073 ], [ 96556692993641 ], 
  [ 3442303017161, 161548492712210139476741 ], [ 4845892969 ],,,,,,,,, [ 3313058083921 ],,, 
  [ 26305183407775537 ], [ 10664782529 ],, [ 6480331657, 338675708977, 3403427611038811 ], 
  [ 23235192102071533301 ], [ 111857818409, 2606701031089882889 ], [ 27795553249 ],,, 
  [ 161624983141, 89444540528892433 ], [ 5856972060121648337 ],, [ 110061968992175971 ],, 
  [ 22941778607001973, 1095615256538230141073 ],,, [ 6081968543410757321 ], [ 1542413449 ], 
  [ 12670949115427 ], [ 36057788786609, 9059149137391631 ],, [ 14848223501 ], 
  [ 909155104001 ],, [ 8488861613, 8225839234151909 ], [ 2991870742337 ],, [ 1307635434323 ],
  [ 314710513423099 ], [ 1162467577 ], 
  [ 694197212147, 3933896776577, 23657717334739, 8827396014077959 ], [ 5150076627580310431 ],
  ,, [ 801474990491938781 ], [ 7810542880787323, 54840163284828793, 493217745193834917368347 
     ],, [ 586591053869 ],, [ 6262597378707420517817 ], [ 5975068554972233 ],,, 
  [ 8792068441619, 473428084151318033 ],,, [ 14671077002261 ],,, 
  [ 495071145866342897, 28722464420902661353103521 ], [ 1749035263 ], [ 5434346501 ],, 
  [ 129433341262010941, 1142337960373270753 ],, 
  [ 2240671184131, 29937057821637362817103, 16909364839106957322934561 ],,, 
  [ 1213919560436551 ], [ 72831364497997591 ], [ 7165504162548761 ], 
  [ 1124514447602269064794961 ], [ 48055134841381 ], [ 53838829395939410419 ], 
  [ 3205891142081 ], [ 30977546915041 ], [ 162228942204512177971 ], 
  [ 7133876960719627755743 ],, [ 29799386321, 2932110345622481, 13356933736881821 ],, 
  [ 1667688481 ], [ 17114557309, 420124300613, 13257026400069561457 ], [ 40256041073 ], 
  [ 10936104097877323 ],, [ 602237214701 ],, [ 268936462000379 ],,, [ 10125933586226127041 ],
  ,,,,, [ 1468993241, 103515639427486751609 ],, 
  [ 1391521766113, 60384284724961, 622734939217441 ], [ 93806343960253 ], 
  [ 557376984724421, 2115128608875241, 334984986178775758440491 ], [ 17354973120341071 ],,,, 
  [ 81629651169446761 ],, [ 488396289094759 ],,, [ 80724411056250001, 824402933221912801 ],,
  , [ 2919517717 ], [ 545345154467329 ],, [ 30940127357950453033 ], [ 9081921856451 ], 
  [ 3051886993 ], [ 1441414549 ],, [ 204980296553, 244170203957 ],,, [ 182953842739879 ], 
  [ 29880452682170371, 24010904224564937191 ], [ 1156878529 ], [ 8193112261 ],, 
  [ 2859807969217 ],, [ 3957070363 ],, [ 6877890941 ], [ 24727304809, 21705428814588469 ],, 
  [ 41105510233196069 ],,,, [ 11775182431 ],,, [ 102320528383 ], [ 101441786904273731 ], 
  [ 14778291748211, 46569370975481 ], [ 4535841424943449917012529 ],, 
  [ 42098738059285472969 ], [ 171199641846319 ], [ 49728718241 ], [ 5128287955721327 ],, 
  [ 3359674024687 ], [ 6144090089, 2192157581628097 ],, [ 561394213690221887 ],,,,, 
  [ 398577657725496523 ], [ 3682870365857, 22382223052657249 ], [ 2336332619 ],, 
  [ 1648967191, 135622578361 ], [ 9034358944697 ], [ 49965775444243, 5183825637367392751 ],,,
  ,,,,,,,,,, [ 3186081841, 23267287882651 ],,,, [ 184708035623 ], [ 17073736501 ], 
  [ 1481154617, 8365969169, 7784452789513, 341343668028457 ],, 
  [ 1773079396162453, 4879649441034147599569, 134042305042108773277507 ],,, 
  [ 28500540347803 ], [ 216204519255037 ],, [ 9971493963121153 ], [ 11062483762331 ], 
  [ 31764004849 ],, [ 137851464253 ], [ 34997298974951 ], 
  [ 7328457004583131, 1463486690486133671671 ], [ 37741687214879 ],, 
  [ 1284204529, 780406392487 ], [ 34964042360411, 27681549048072649 ],,, [ 2981952054869 ], 
  [ 1400412353 ],,,, [ 6686212843283047 ],, [ 7399118463986739253 ], [ 8555825897011 ],, 
  [ 36088987111 ], [ 67232065065601 ], [ 24347176951, 703935999827 ],,, 
  [ 6156992273, 1136127838288061 ],,, [ 14594138171, 19836487061, 57559983672882881 ], 
  [ 1670775809, 1374146130855639233 ], [ 1026577793536063 ],,, 
  [ 43351617203395691940537061 ], [ 7351397593 ], [ 2882587535298313, 2334224573439782459 ],
  , [ 5789908793633 ],,,, [ 4022891435113 ], [ 1186694653 ], [ 5192233840601 ],, 
  [ 97287191316767233 ],,,, [ 393704179333, 2750155576758049, 505181404626742599294157 ],, 
  [ 23525763902557747 ],, [ 83088693601 ],,,,,, [ 13865275109247883 ],,, [ 5648343671 ], 
  [ 219575525401, 12587049816332401, 4037679362846335951 ],, [ 40514181541 ], 
  [ 4741915438501 ],,,,, [ 446644116376536613 ], [ 2550026827, 282067609339 ], 
  [ 73701253021441 ],, [ 4393797037472514673, 6617640577990332661 ], 
  [ 1105535659, 8920556217967 ],,,, [ 1904793997 ],,, [ 91766089531, 372808726484957598581 ],
  , [ 64721028929, 13708403363476697 ],, [ 19690490881 ],, [ 197373887068485464149 ],, 
  [ 156628947317 ], [ 94737650809, 438894274589, 17245318367987 ],, [ 11212476523 ], 
  [ 106679327693 ],,, [ 8944187641, 6589115720929541 ], 
  [ 327923550091, 40292474545837, 18520572043341883 ],, [ 95824407121, 860506715035601 ], 
  [ 2586776749 ], [ 222807171737011, 5385920270780981 ],,,, [ 24137629897109 ],, 
  [ 105219081521 ], [ 5133609419 ], [ 1402879447 ], [ 559791137502143 ], [ 79257107752001 ], 
  [ 94930122859153, 42025650126866359 ], [ 130688327629, 1531553248994387 ],,,, 
  [ 148545826969 ], [ 1613112626971 ], [ 15800318782733321 ],,,,, [ 1847605411 ], 
  [ 509657123023, 362599700020801 ], [ 20966518291 ],,, [ 14353246117262711 ],,, 
  [ 35671462259 ], [ 7871467213412330709457 ],, [ 6077886186220533413, 7849463975636780677 ],
  [ 2827237366801, 2889117426301, 35725950386701, 1669285814785051 ],,, [ 722767449889 ],, 
  [ 2849990201 ],, [ 4653242784317, 91347947769179389 ],, [ 1054938361 ],, 
  [ 95681372124835633 ],,, [ 13738071887 ], 
  [ 23396515741, 2920033470061, 16064251214941, 274418977601024461 ],, [ 10249679645269 ],, 
  [ 831038714081 ], [ 17694726461, 29982832741 ],,, [ 90969476115312937 ],,,,,,,,,, 
  [ 58201900957, 2512786954267 ],,,,,, [ 2630638693, 264068981102893 ],,, [ 2758924191367 ],,
  ,, [ 12528813481 ], [ 40635905786477 ],,, [ 2716792201 ],,,, [ 401716559737 ], 
  [ 4249815021821, 434731286069021 ],, [ 516837571777621 ], [ 2105257309 ], 
  [ 16439037812401 ],, [ 4516864256453 ], [ 47219426999 ], [ 361227687792368713 ],,,, 
  [ 220861323521, 8304907572097 ],,,, [ 521224783345335626377 ],, 
  [ 5777636801, 138629756929 ],, [ 6607116001, 3120390304365061201 ],,,, [ 2961376969 ],, 
  [ 127437767071 ],, [ 184848953473, 622677185057 ], [ 1196012738299 ],,, 
  [ 1240744933, 268888754017719695576737 ], [ 16444362521 ], 
  [ 14038610819, 64325174508303168389 ],,,, [ 2178605119 ],,,, [ 1649916594173 ],,,,,,,, 
  [ 647607757861, 10361476559966494411 ],,,, [ 5389151527 ],,,,,,,,,, [ 2217693320259565261 ]
   ,,,,, [ 170112193681 ],,,, [ 6330525479, 99274781587 ], [ 146575719331, 23248277311291 ],,
  , [ 28980633837403 ],,, [ 290278529359501 ],,,,,,,,,,,,,, [ 9093985441, 424708708511 ], 
  [ 71638771951 ], [ 1666093937, 17793908067989 ],,,,,, [ 5648380928587 ],,,, 
  [ 11943423366479417 ],, [ 5801838641, 29161689536864273 ],,,, 
  [ 356422141417, 5376786028153 ], [ 152972664769 ],,, [ 13663035409 ],,,, [ 205240179901 ],
  , [ 314914643317 ], [ 1112825099 ],,,,, [ 107488460881 ],,,,,,,, [ 11387741098009 ],,,,,,,
  , [ 98797126157 ],,, [ 4885479259 ],, [ 6356245771 ], [ 246245027881, 575018916859591 ],, 
  [ 26734194769 ],, [ 3467788781534501 ],,,, [ 4248224015019157 ],,,,,,, [ 1273447871 ],,,,,,
  , [ 22356824641 ],, [ 3435327299, 20481275231, 2017972111091 ],,,,,,,,,, [ 3110365987117 ],
  ,, [ 11100323131 ], [ 1180923228673 ],,,,, [ 1401204733 ],,,,, [ 17759182155397 ],, 
  [ 80047494003212581 ],, [ 180273531968539 ], [ 43766085673 ],,,,, [ 2964034421 ], 
  [ 12124206373 ],,,, [ 10089386581 ],, [ 5729369431 ], [ 299439886553, 188153604905106689 ],
  , [ 1980627799753 ],,,,, [ 1039170331, 680581867879 ],, [ 15174367531, 316145093321 ],,, 
  [ 6937110409322441 ],, [ 14598749071 ],,,, [ 120899690366061751 ],, [ 1626287174209 ],,,,,
  , [ 84672508517089 ], [ 1569103819 ],,, [ 38258036111 ],,,,,, [ 234074645377 ],,,, 
  [ 10512770523289 ],,, [ 4702230731371 ],,, [ 588312816337 ],, [ 833479423529 ],, 
  [ 14710913803, 305065596673 ],,,,,,,,,,,, [ 3975967711, 13466718409, 66996593551603 ],, 
  [ 31810828018301 ],, [ 12700286483 ],,,,,,, [ 1656722109867353 ],,,,,,, [ 75835758790153 ],
  ,,, [ 50789215282961, 22872138441723121 ],, [ 842653425223 ], [ 4881163957 ], 
  [ 1687479977, 8679529011973 ],,,, [ 577506347569, 6048258407281, 36208756394647513 ],, 
  [ 7179975937661 ],,,,,, [ 61592849921 ], [ 1003192243, 795668123797 ],, [ 855009161081 ],,
  , [ 478762492776151 ],, [ 281872929553 ],,,, [ 1507198068437 ],,,,,,,, 
  [ 2582757149501, 4938585128597 ],, [ 1555314129379 ],, [ 278584954442801 ],, 
  [ 1938183223, 1043592568003 ], [ 241901192641733 ],,, [ 1892047649 ],, 
  [ 2149326784417, 22634376109602977 ],,, [ 2294840521 ],, [ 1304283619 ], [ 2147685367 ],, 
  [ 12526738849 ], [ 21598884449 ],,,,, [ 4411299986923, 47066724637662721 ],,,,,, 
  [ 4585741441 ],,, [ 1361879551, 4576274767, 569074232719 ], [ 95008466481209 ],, 
  [ 2931364751383 ], [ 50094662521 ],, [ 383943632227 ], [ 84357150799 ],,, [ 1203154703 ],,
  , [ 4762714301, 44136833509 ],,,, [ 50472512842753, 96231407037569, 203020095171169 ], 
  [ 2098352059 ],,,,,,, [ 1508073233 ],,,, [ 76721451101 ],, [ 19916496495139 ],, 
  [ 84692948881 ],, [ 1266598889666401 ],, [ 14126821688773 ], [ 13484768216809 ],,,,, 
  [ 9443293231 ],,,,, [ 6639501853 ], [ 3585787001 ],,,,,,,, [ 59768414497389438289 ], 
  [ 86520147709, 87360025183 ],,,,,,,,,,, [ 20881051381, 3331417160101 ],,,,,, 
  [ 1421052067, 12805991299 ],,,,, [ 24620529503 ],,,,,,,,,,,,, [ 1179379657 ],,,, 
  [ 40811603761 ],,,,, [ 184711679651773 ],,,,,, [ 1199965609 ],, [ 1155091603 ],,,,, 
  [ 2534990641 ],,, [ 7106581583 ], [ 244538111371 ], [ 38529099716563 ],,,,,,,,, 
  [ 12071673535681 ],,, [ 292496372936533 ], [ 4657362641 ],,,,,,, [ 48231015281 ], 
  [ 18506828341 ],,,,, [ 46453297511107 ],,,,,,,,,,,,, [ 29655569191 ], [ 1015642871 ],, 
  [ 26854368283 ],,,,, [ 6622580329 ], [ 329584226353 ],,, [ 218100766345947013 ],,,,,,,,,,,,
  ,,,,, [ 3039763201 ], [ 63377997901 ],,,, [ 1769691353 ],,, [ 59728552253 ],,,,,,,,,,,,,, 
  [ 3080084239 ],, [ 14435528161 ],,,,,,,,,,,, [ 6656955451 ],,,, [ 8577814501 ],,,,,,,,,,,,,
  ,,,,,,,, [ 9933451201 ],,,,, [ 18503391961 ],,,,, [ 1299084408697021 ],,,,,,,, 
  [ 113751229369177, 342061146416137 ],, [ 7221925421, 10140688801 ],, [ 13445697773 ],,,,,,,
  ,,,,,,,,,,, [ 54810104281 ],, [ 12409808149 ],,,,,,,,,,,,,,, [ 1311308996737 ],,,, 
  [ 578222213557 ],,,,, [ 2724004093 ],,,,,,,,, [ 5376080851 ],, [ 7429075201 ],,,,,,,,,,,,,,
  , [ 1734617237, 6731476333 ],,,,,,,,,,,, [ 15705392953 ],,,,,,, [ 87374961649 ],,,,,,,, 
  [ 230745556631 ], [ 415174153815961, 669671392007641 ],,,,,,,,,,,,,,,,,, [ 7251713809 ],,,
  , [ 4416478382317 ],,, [ 4920599111 ],,, [ 2110690313 ], [ 5425392013 ],,,,,,,,,,,,,, 
  [ 2636922499, 17052160429 ],,,,,,,,,,,, [ 39360153251 ],,,,,,,, [ 1648859623 ], 
  [ 9280940689 ],,,,,,,, [ 1942619521 ],,,,,,,,,,,,,,,,,, [ 12641376151 ],,,,,,,,,,,, 
  [ 147146988691 ],, [ 56134780609 ],,,,,,,,,, [ 1414318351, 3335468484121 ],,,,,,,,, 
  [ 2066439493 ],,,,,,,, [ 4056328541 ],,,,,,,,,,,,,,,, [ 58645901053 ],,,,,, 
  [ 3253415101, 365767526587 ],,,,,, [ 10161105667 ],,, [ 1477173127 ],,,, [ 3190271111 ],,,,
  ,,, [ 399880375247 ], [ 15678759097 ],,, [ 3117248011, 28565774959 ],,,,,,,,,,,,,,, 
  [ 10614897721 ],,,,,,,,,,, [ 11056845162719 ],,,,,,,,,,,,,,, [ 83356339441 ],,,,,,,,,,,,,,,
  ,,,, [ 2197643221 ],,,, [ 1428034021 ],,,,,,,,,, [ 2682114887 ],,,,,,,,,,,,,,,, 
  [ 8608094311 ],,,,, [ 3439124360041 ],,,,,,,,,,, [ 890270151737 ], [ 2473428953 ], 
  [ 8026845751 ],,, [ 1869510649 ], [ 75401408521 ], [ 26398571081 ], [ 31866913909 ],,,,,,,,
  ,,,,,,,,,,, [ 11869511671 ],,, [ 13008716419 ], [ 14254109131 ],,,,,, [ 9408130601 ],,,,,,
  , [ 157355987473 ],, [ 58260753041 ],,,,,,,,,,,,,,,,,,, [ 7615802773 ],,,,,,,,,, 
  [ 3179736169 ], [ 3659118577, 7939339549 ],,,,,, [ 38391211871 ], [ 8815768603 ], 
  [ 1436925869 ],,,,,,,,,,,,,,,, [ 1563602639 ],,,,,,,,,,,,,,,,,,,,,,,, [ 1388117699 ],,,,,,
  , [ 13417556749 ],,, [ 7643435743 ], [ 6713624611 ],,,,, [ 3115012909 ],,,,,,,,,,,,,, 
  [ 1623004153, 19302908017 ],,,,,,,,,,, [ 1401237241 ],, [ 3196749211 ],,,, 
  [ 272918626231 ], [ 1866242101 ], [ 1181732641 ],,,,, [ 32055919793 ],,,,,,,,, 
  [ 102223878481 ], [ 89493264703 ],, [ 1287460056829 ],,, [ 36398206392157 ],,,, 
  [ 3603049201 ],,,,,,, [ 1245395243 ],, [ 2043345097 ],,,, [ 1266275347 ],,,,, 
  [ 119892129589 ],,,,,,,,,,,,,,,,,,, [ 1208324952253 ],, [ 15700811911 ],,,,,,,,,,,,,, 
  [ 31897141753 ], [ 1455378877 ],,,,,,,,,,,, [ 2219597671 ],,,,,,,,,,,,,,,,,,,,,,,,,,,,,, 
  [ 3784692817 ],,,,,,, [ 264331210111 ],,,,,,,, [ 13992579629029 ],,,,,,,,,,,,,,, 
  [ 8597500291 ],,,, [ 3488239541, 361459511531 ],,,, [ 1628822537 ],,,, [ 52611440269 ], 
  [ 5430274207 ],,,,,,,,,,,,,,, [ 534466818289 ],,,,,,,,,,,,,,,,,,,,,,, [ 1499554501 ],,,,,,,
  ,,,,,,,,,,, [ 1228796311 ],,,,,,,,,,,,,, [ 6444466183 ],,,,,, [ 103191091901 ],,,,,,,,,,,,,
  ,,, [ 395494103437 ],,,,,,, [ 155061325787 ],,,,,,,,,,,,,,,,, [ 16876962871 ],, 
  [ 23496135983 ],,, [ 4888167821 ],,,,,, [ 1730715059 ],, [ 866648524853 ],,,, 
  [ 16971606961 ],,,,,,,,,, [ 46872765553 ],, [ 5203939729 ],,,,,,,,,,, [ 63179845181 ],,, 
  [ 2217105559, 8423027323 ],, [ 1211546916301 ],,,,,,,,,,,,,,,,,,,,,,,, [ 9629979894037 ], 
  [ 2471880751 ], [ 1452003787001 ],,,,,,,,, [ 3933532541 ],,,,,,,,,,,,,,,,,,,,,,,,,,,,,,, 
  [ 9856118749, 89288938107091 ],,,,,,,,,,,,,, [ 1127853521 ], [ 11393059819 ], 
  [ 14727341359 ],,,,,,,,,,,,,,,,,,,,,,, [ 98882373871 ],,,,,,,,,,,,,,,,,,,,,,,,,,,, 
  [ 76758950731 ],,,,, [ 22057175482561 ],,, [ 1122180751 ], [ 5230731731 ],,,,,,,,,,,,,,,,,,
  ,,,,,,,,,,,, [ 2753807137 ],,,,,,,,,,,,,,,,,,,,,,,,,,,,,,,,,, [ 65191427101 ],, 
  [ 398237885153 ],, [ 1376683771 ],,,,,,,,,,,,,,,,,,,,,,,,,,,,,,,,,,,,,,,, [ 13349304251 ],,
  ,,,,,,,,,,,,,, [ 1088407321 ],,,,,, [ 2023434601 ],, [ 1214763931 ],,,,,, [ 15993814201 ],,
  ,,,,,,,,,,,,,,, [ 2798157127 ],,,,,,,,,,,,,,, [ 1231224922729 ],,,,,, [ 64889992051 ],,, 
  [ 3594013237 ],,,,,,,,,,,,,,,,, [ 2082253320289 ],,,,,,, [ 417431974681 ],,,,,,,,,,,, 
  [ 1125241405471 ],,,,,,,,,,,,,,,,,, [ 347872951801 ],,,,,,,,,,,,,,,,,,,,, [ 433077817537 ],
  ,,,,,,,,, [ 183535670977 ],,,,,,,,,,,,,,,,,, [ 1688465137 ],,,,,,,,,, [ 2572106677169 ],,,,
  ,,,,,, [ 3014512801, 30894282577 ],,,,,,,,, [ 18884035507 ], [ 74834937889 ],,,,, 
  [ 69544975699 ],,,,,,,,,,,,,,,,,,,,,,,,,,, [ 33930163819 ],, [ 479108238629 ],,,,,,,,,, 
  [ 2084674171 ],,,,,,,,, [ 570270003403 ],,,,,,,,,,,,, [ 1012568571481 ],,,,,, 
  [ 2638885783, 12631485413 ],,,,,,,,,,,,,, [ 2663379841 ],,,,,,,,, [ 2493646747 ], 
  [ 57466702201 ],,,,,,,,,,,,,,,,, [ 1890636301 ],,, [ 17063211721 ],,,,,,,,,,,, 
  [ 1408969927, 3652248367 ],, [ 52570039853 ],,,,,,,,,,,, [ 29475233201 ],, [ 4864720633 ],
  , [ 104291946901 ],,,,,,,,,,,,,,,,,,,,,,,,,,,,,,,, [ 1036733897 ],,,,,,,,,,,,,,,,,,,,,,,,,,
  ,,,, [ 7081944769 ],,,,,,,,,,,,,, [ 80588357089 ],,,,,,,,,,,, [ 1221478561 ],,,,,,,,,, 
  [ 56109222937 ],,,,,,, [ 4993808821, 1297408066351 ],,,,,,,,,,,,,,,,, [ 26713574071 ],,,,,,
  ,,,,,, [ 1228757219, 15006718663 ],,,,,, [ 2469476561 ],,,,,,,,,,,,,,,,,,,,,,,,, 
  [ 7506426061 ],,,,,,,,, [ 423815984953 ],,,,,,,,,, [ 17554244681 ],,,,,,,,,, 
  [ 6676440637 ],,,,,,,,,,,,,, [ 9986301733 ],,,,,,,, [ 14128267861 ],, [ 1299020651 ],, 
  [ 1576467121 ],, [ 2222744947 ],,,,,,,, [ 24229424041 ],,,,,,,,,,,,,,,, [ 17458900423 ],, 
  [ 32526760949 ],,,,,, [ 6466388713 ],,,,,,,,,,,,,,,,,,,,,,,,,,,,,,,,,,,,,,,,,,,,,,,, 
  [ 2016872687 ], [ 1225566343 ],,,,, [ 8869554241 ],,,,,,,,,, [ 3561019687 ],,,,,,,,,,,,,,,,
  ,, [ 15322594849 ],,,,,,,,, [ 10472339641, 289841120311 ],,,,, [ 188701657801 ],,,,,,,,,,,,
  ,,,,,,,, [ 2531082991 ],,,,,,,,,,,,,,,,,,,,,,,,,,,,,,,,,,,,,,,,,,,, [ 166368781981 ],,,,,, 
  [ 2805697441 ],,,,,,,,,,,, [ 4709644158997 ],,,,,,,, [ 5835972601 ],,,,,,,,,,,,,,,, 
  [ 1189029313, 116632324909 ],,,,,,,,,, [ 5157565969 ],, [ 7181250913 ],,,,,, 
  [ 2755298617 ],,,,,,,,,, [ 6779898161 ],,,,,,,,,,,,,, [ 3690364081 ],,,,,,,,,,,,,, 
  [ 863287312801 ],,,, [ 6619965553 ],,,,,,,,, [ 172769906401 ],,, [ 6604985113 ],,,,,,,,,,,,
  ,,,,,,,, [ 10694078977, 14121618673 ],,,,,,,,,, [ 2052217459 ],,,, [ 6177914849 ],,,,,,,, 
  [ 1303680331 ],,,,,,,,,,,,,,,, [ 5382665161 ],,,,,,,,,,,,,,,, [ 1362844367 ],,,,,,,,,,,,, 
  [ 3337508851 ],,,,, [ 14623132561 ],,,,,,,,,,,,,,,,,,,,,, [ 68793937063 ],,,,,,,,,,,, 
  [ 5640478819 ],,,,,,,,,,,,,,,,,,,,,,,,,,,,,,,, [ 995245344563 ],,,, [ 417308311831 ],,,,,,,
  , [ 3712043161 ],,,,,,,, [ 1102440457 ],,,,,,,,,,,,,, [ 1287881684641 ],,,, 
  [ 28204991137 ],,,,,, [ 6330333833111 ],,,,,,,,,,,,,,,,,,,,,,,,,,,,,,,,,, [ 1080851137 ],,,
  ,,,,,,,,,,,,, [ 7390615201 ],,,,,, [ 77338830787 ],,,,,,,,,,,,,,,,,,,,,,,,,,,, 
  [ 4864553191 ],, [ 39458334613 ],,,, [ 12577868161 ],,,,,,,,,,,,,,,,,,,,,,,,,,,,,,,,,, 
  [ 3205739987 ],,,,,,,,,,,,,,,,,,,,,,,,,,,,,,,,,,,,,,,, [ 866917951423 ],,,,,,,,,,,, 
  [ 1214132989 ],,,,,,,,,,,, [ 1311007627 ],,,,,, [ 62503301953 ],,,,,,,,,,,,,,,,,,,,,,,,,,,,
  ,,,,,,,,,,,,,,,,,, [ 65202548778551 ],,,,,,,,,, [ 16026764321 ],,,,,,,,,, [ 1662463081 ],,,
  ,,,,,,,,,,,,,,, [ 1979326693 ],, [ 247322167471 ],,,,,,,,,,,,,,,,,,,,,, [ 9068920477 ],,,,,
  ,,,,,,,,,,,,,,,,,,,,,,,,, [ 212866374601 ],,,,,, [ 43550604289 ],,,,,,,,,,,,,,,,,,,,,,,,,,
  , [ 3853898401, 344726301151 ],,,,,,,,,,,,,,,,,,,,,,,,,,,,,,,,,,, [ 24207189451 ],,,, 
  [ 1149183991 ],,,,,,,,,,,,,,,, [ 9195890551, 9855153001 ],,,,,,,,,,,,,,,,,,,, 
  [ 17732181331, 1639385417611 ],,,,,, [ 1482829693 ],,,,,, [ 1866293549761 ],,,,,,,,,,,, 
  [ 1460619931 ],,,,,,,,,,,,,,,,,,,,,,,, [ 4465266241 ],,,,,,,,,,,,,,,,,,,,,,,,,,,,,,,,,,,,,,
  ,,,,,,,,,, [ 4366335973 ],,,,,,,,,, [ 87778652977 ],,,, [ 19891048981 ],,,,,,,,,,,,,,,,,,,,
  ,,,,,,,,,, [ 27576044191 ],,,, [ 1921309129, 3988511101 ],,,,,,,,,,,,,,,,,, [ 3407003713 ],
  ,,,,,,,,,,,,,,,,,,,,,,,,,,, [ 10160166241 ],,,,,,,,,,,,,,,,,,,,,,,,,, [ 10875808351 ],,,,,
  , [ 2780211193 ],,,,,,,,,,,,,,,,,,,,,,,,,,,,,,,,,,,, [ 1402962721 ],, [ 2681328161 ],,,,,,,
  ,,,,,,,,,,,,, [ 81329824201 ],,,,,,,,,,,,,,,,,,,,,,,,,,,,,, [ 2506595521 ],,,,,,,,,, 
  [ 3234281951 ],,,,,,,,,,,,,,,,,,,,,,,, [ 3445400113 ],,,,,, [ 1427853881 ],,,,,,,,,,,,,,,, 
  [ 340825255921 ],,,,,,,,,,,, [ 52615078057 ],,,,,,,,,,,,,,,,,,,,,,,,,,,,,,,,,,,,,,,,,,,,,,,
  ,,,,,,, [ 4952260207, 178205493043 ],,,,,,,,,, [ 1353584233 ],,,,,,,,,,,,,,,,,,,,,,,,,,,,,,
  ,,,,,,,,,,,,,,,,,,,, [ 166304146369 ],,,,,,,, [ 1604218261 ],,,,,,,,,,,,,,,,,,,,,,,,,,,, 
  [ 47531390814157 ],,,,,,,,,,,,,,,,,, [ 1248372289 ],,,,,,,,,,,,,, [ 1231858961 ],,,,,,,,,,,
  ,,,,, [ 384083493301 ],,,,,,,,,,,,,,,,,,,,,,,, [ 4195537531, 23292419041 ],,,,,,,,,,,,,,,,,
  ,,,,,,,,,,,,,,,,,,, [ 1099801951 ],,,,,,,,,,,,,,,,,,,,,,,,,,,,,,,,,,,,,,,,,,,,,,,,,,,,,,,,,
  ,,,,,,,,,,,,,,,,,,,,,,,,,,,,,,,,,,,,,,,,,,,,,,,,,,,,,,,,, [ 2665328821 ],,,,,,,,,,,,,,,,,,,
  ,,,,,,,,,,,,,,,,,,,,,,,,,,,,,,,,,,,,,,,,,,,,,,,,,,, [ 8819019721, 5415787016011 ],,,,,,,,,,
  ,,,,,,,,,,,,,,,,,,,,,,,,,,,,,,,,,,,,,,,,,,,,,,,,,,,,,,,,,,,,,,,,,,,,,,,,,,,,,,,,,,,,,,,,,,,
  ,,, [ 18635874403 ],,,,,,,,,,,,,,,,,,,,,,,,,,,,,,,,,,,,,,,,,,,,,,,,,,,,,,,,,,,, 
  [ 1630604221 ],,,,,,,,,,,,,,,,,,,,,,,, [ 5292586099 ],,,,,,,,,,,,,,,,,,,,,,,,,,,,,,,,,,,,,,
  ,,,,,,,,,,,,,,,,,,,,,,,,,,,,,,,,,,,,,,,,,,,,,,,,,,,,,,,,,,,,,,,,,,,,,,,,,,,,,,,,,,,,,,,,,,,
  ,,, [ 1508265511, 97683116281 ],,,,,,,,,,,,,,,,,,,,,,,,,,,,,,,,,,,,,,,,,,,,,,,,,,,,,, 
  [ 2930146873 ],,,,,,,,,,,,,,,,,,,,,,,,,,,,,,,,,,,, [ 10075432501 ],,,,,,,,,,,,,,,,,,,,,,,,,
  ,,,,,,,,,,,,,,,,,,,,,,,,,,,,,,,,,,,,,,,,,,,,,,,,,,,,,,,,,,,,,,,,, [ 9350656411381 ],,,,,,,,
  ,,,,,,,,,,,,,,,,,,,,,,,,,,,,,,,,,,,,,,,,,,,,,,,,,,,,,,,,,,,,,,,,,,,,,,,,,,,,,,,,,,,,,,,,,,,
  ,,,,,,,,,,,,,,,,,,,,,,,,,,,,,,, [ 2116232161 ],,,,,,,,,,,,,,,,,,,,,,,,,,,,,,,,,,,,,,,,,,,,,
  ,,,,,,,,,,,,,,,,,,,,,,,,,,,,, [ 160815529321 ],,,,,,,,,,,,,,,,,,,,,,,,,,,,,,,,,,,,,,,,,,,,,
  ,,,,,,,,,,,,,,,,,,,,,,,,,,,,,,,,,,,,,,,,,,,,,,,,,,,,,,,,,,,,,,,,,,,,,,,,,,,,,,,,,,,,,,,,,,,
  ,,,,,,,,,,,,,,,,,,,,,,,,,,,,,,,,,,,,,,,,,,,,,,,,,,,,,,,,,,,,,,,,,,,,,,,,,,,,,,,,,,,,,,,,,,,
  ,,,,,,,,,,,,,,,,,,,,,,,,,,,,,,,,,,,,,,,,,,,,,,,,,,,,,,,,,,,,,,,,,,,,,,,,,,,,,,,,,,,,,,,,,,,
  ,,,,,,,,,,,,,,,,,,,,,,,,,,,,,, [ 1361657881 ],,,,,,,,,,,,,,,,,,,,,,,,,,,,,,,,,,,,,,,,,,,,,,
  ,,,,,,,,,,,,,,,,,,,,,,,,,,,,,,,,,,,,,,,,,,,,,,,,,, [ 9134981311 ],,,,,,,,,,,, 
  [ 3149704351 ],,,,,,,,,,,,,,,,,,,,,,,, [ 21192616633, 29110938979 ],,,,,,,,,,,,,,,,,,,,,,,,
  ,,,,,,,,,,,,,,,,,,,,,,,,,,,,,, [ 554351881201 ],,,,,,,,,,,, [ 2011331521 ],,,,,,,,,,,,,,,,,
  ,,,,,,,,,,,,,,,,,,,,,,,,,,,,,,,,,,,,,,,,,,, [ 14608698001 ],,,,,,,,,,,,,,,,,,,,,,,,,,,,,,,,
  ,,,,,,,,,,,,,,,,,,,,,,,,,,,,,,,,,,,,,,,, [ 81887058793 ],,,,,,,,,,,,,,,,,, [ 8221006711 ],,
  ,,,,,,,,,,,,,,,,,,,,,,,,,,,,,,,,,,,,,,,,,,,,,,,,,,,,,,,,,,,,,,,,,,,,,,,,,,,,,,,,,,,,,,,,,,,
  ,,,,,,,,,,,,,,,,,,,,,,,,,,,,,,,,,,,,,,,,,,,,,,,,,,,,,,,,,,,,,,,,,,,,,,,,,,,,,,,,,,,,,,,,,,,
  ,,,,,,,,,,,,,,,,,,,,,,,,,,,,,,,,,,,,,,,,,,,,,,,,,,,,,,,,,,,,,,,,,,,,,,,,,,,,,,,,,,,,,,,,,,,
  ,,,,,,,,,,,,,,,,,,,,,,,,, [ 140584862791 ],,,,,,,,,,,,,,,,,,,,,,,,,,,,,,,,,,,,,,,,,,,,,,,,,
  ,,,,,,,,,,,,,,,,,,,,,,,,,,,,,,,,,,,,,,,,,,,,,,,,,,,,,,,,,,,,,,,,,,,,,,, [ 1005853591 ],,,,,
  ,,,,,,,,,,,,,,,,,,,,,,,,,,,,,,,,,,,,,,,,,,,,,,,,,,,,,,,,,,,,,,,,,,,,,,,,,,,,,,,,,,,,,,,,,,,
  ,,,,,,,,,,,,,,,,,,,,,,,,,,,,,,,,,,,,,,,,,,,,,,,,,,,,,,,,,,,,,,,,,,,,,,,,,,,,,,,,,,,,,,,,,,,
  ,,,,,,,,,,,,,,,,,,,,,,,,,,,,,,,,,,,,,,,,,,,,,,,,,,,,,,,,,,,,,,,,,,,,,,,,,,,,,,,,,,,,,,,,,,,
  ,,,,,,,,,,,,,,,,,,,,,,,,,,,,,,,,,,,,,,,,,,,,,,,,,,,,,,,,,,,,,,,,,,,,,,,,,,,,,,,,,,,,,,,,,,,
  ,,,,,,,,,,,,,,,,,,,,,,,,,,,,,,,,,,,,,,,,,,,,,,,,,,, 
  [ 2458258111, 19812073051, 2226907932481 ],,,,,,,,,,,,,,,,,,,,,,,,,,,,,,,,,,,,,,,,,,,,,,,,,
  ,,,,,,,,,,,,,,,,,,,,,,,,,,,,,,,,,,,,,,,,,,,,,,,,,,,,,,,,,,,,,,,,,,,,,,,,,,,,,,,,,,,,,,,,,,,
  ,,,,,,,,,,,,,,,,,,,,,,,,,,,,,,,,,,,,,,,,,,,,,,,,,,,,,,,,,,,,,,,,,,,,,,,,,,,,,,,,,,,,,,,,,,,
  ,,,,,,,,,,,,,,,,,,,,,,,,,,,,,,,,,,,,,,,,,,,,,,,,,,,,,,,,,,,,,,,,,,,,,,,,,,,,,,,,,,,,,,,,,,,
  ,,,,,,,,,,,,,,,,,,,,,,,,,,,,,,,,,,,,,,,,,,,,,,,,,,,,,,,,,,,,,,,,,,,,,,,,,,,,,,,,,,,,,,,,,,,
  ,,,,,,,,,,,,,,,,,,,,,,,,,,,,,,,,,,,,,,,,,,,,,,,,,,,,,,,,,,,,,,,,,,,,,,,,,,,,,,,,,,,,,,,,,,,
  ,,,,,,,,,,,,,,,,,,,,,,,,,,,,,,,,,,,,,,,,,,,,,,,,,,,,,,,,,,,,,,,,,,,,,,,,,,,,,,,,,,,,,,,,,,,
  ,,,,,,,,,,,,,,,,,,,,,,,,,,,,,,,,,,,,,,,,,,,,,,,,,,,,,,,,,,,,,,,,,,,,,,,,,,,,,,,,,,,,,,,,,,,
  ,,,,,,,,,,,,,,,,,,,,,,,,,,,,,,,,,,,,,,,,,,,,,,,,,,,,,,,,,,,,,,,,,,,,,,,,,,,,,,,,,,,,,,,,,,,
  ,,,,,,,,,,,,,,,,,,,,,,,,,,,,,,,,,,,,,,,,,,,,,,,,,,,,,,,,,,,,,,,,,,,,,,,,,,,,,,,,,,,,,,,,,,,
  ,,,,,,,,,,,,,,,,,,,,,,,,,,,,,,,,,,,,,,,,,,,,,,,,,,,,,,,,,,,,,,,,,,,,,,,,,,,,,,,,,,,,,,,,,,,
  ,,,,,,,,,,,,,,,,,,,,,,,,,,,,,,,,,,,,,,,,,,,,,,,,,,,,,,,,,,,,,,,,,,,,,,,,,,,,,,,,,,,,,,,,,,
  , [ 1890805141 ] ]);
