BRENTFACTORS[6328]:=MakeImmutable([ ,,,,,,,,,, [ 1062057699434117 ],,,, [ 8139338531581 ],, 
  [ 891881692967 ],, [ 5146399994059 ],, [ 23632870003 ],, 
  [ 29209215374290416221471495553397 ],, [ 25344753001 ],, 
  [ 29723600973955166696744893660987 ],, [ 12350936775463997, 3165815863605522374199314689 ],
  , [ 13943194840542030116173 ],,, [ 4954754030243, 5740900074928181 ], 
  [ 14781678492637908881, 29485717359330541244394551 ],,, 
  [ 31511829841, 45832745006896062743571649 ], [ 29084663319037 ], [ 115309890223481 ], 
  [ 5111165000099 ],,, [ 13990764275357 ], [ 218107514161, 252086703865921 ], 
  [ 5213330701377995563 ], [ 244340267055235837979 ], [ 60790140529, 1878619623457 ], 
  [ 389872984294465841324933 ], [ 5022542922701, 1553606856513396723142801 ],, 
  [ 203690647623217, 1177040194718896107886208585833 ],, 
  [ 177955264117, 1420785867979, 1704401492887 ], 
  [ 102160851915046871, 931579633414661771, 5410809807377180712314273081, 
      1877630920639770726006903533021 ], [ 69802834193285246816749476200757649 ],, 
  [ 72480188648783 ], [ 87137375177, 114240174000401, 1099036021276971300751 ],,, 
  [ 29002680126076717, 2152218826189765876839236159, 12783000179835928192213538087 ], 
  [ 32972289819976333, 3333629474572760248663 ], [ 4809883037195182766967519861569 ], 
  [ 815740438152121 ],,, [ 198284003024873, 240213268426606201, 27801954527686417712433193 ],
  , [ 17053005271, 626439540686845898044172548775790221 ], [ 7792368696097 ], 
  [ 3571578097317638641, 39643190427446535978289 ], 
  [ 71968683408289, 27185798190849637349429 ], 
  [ 215052632929540199653, 2454681172545655061302175173 ], 
  [ 617222208834259965295951, 389368545048882401586195982426711651, 
      37507611757948037765032234277867415751 ], [ 251029516780147540650493 ],, 
  [ 14106132429434449, 2000007572106671242828245597452779 ], [ 3406146911490528949001 ], 
  [ 1482356217211507361, 147424780906731619489849548884881 ],, 
  [ 4030927598724361, 12037774030697069 ],, [ 12490598976503578180626994794215394937 ],,,, 
  [ 379770495721, 5951201692539821700401 ], [ 10610306132781361, 28518095221052579 ], 
  [ 798908381928474963021717985861275840751 ],,, [ 930034252087, 618954304828427263 ], 
  [ 1811811470988163025902618547 ], [ 61059807652621, 4609894415316906071 ], 
  [ 443395057596711356394655281793 ],,, 
  [ 491801840527141, 71425586382598999, 16854688183543254001 ], 
  [ 5345106301901, 68147911749370001 ], [ 294681815337617, 1598463148882788883 ],, 
  [ 53451057367466986875041 ], [ 20033079971570329 ], [ 2590466971 ], [ 3374499551263 ], 
  [ 2229824147, 102295286136707, 577898540714179 ],, 
  [ 1213491161366387, 14377785778151468008871, 65966188025949734549837 ], 
  [ 75232365126468295021 ], [ 1411279068907, 6102249228654871 ], 
  [ 11860744897, 819602071406871797521 ], [ 2069948819543293780481107 ], 
  [ 1348431559, 3051511303 ], [ 2554076914446308861 ], 
  [ 52023490245113, 2561498240222761244720669 ], [ 120616369381 ],, [ 749323619009231041511 ]
   ,, [ 888710849203 ],, [ 52903069357129, 199865148550602341617 ], [ 8178330741976073353 ],,
  ,,,, [ 5296077637309707431, 8927893446928940539771, 5903773815784970267363911, 
      88676215802666375420369459746164631 ],, [ 2591158775833, 614305820785457989 ], 
  [ 21039945597707 ], [ 231650881549, 19154074968145507823 ], 
  [ 56652844849090291, 1693935904462411907792701 ], [ 2116678218707852864144512657 ], 
  [ 35942907631 ], [ 6225943846561, 8914182496343115151 ], [ 474235327217, 58999919931737 ],,
  , [ 1312952770154833, 44228238664384717 ], [ 46184035086390476419 ], 
  [ 1368468721, 532468112833 ], [ 89782646861 ], [ 1405037279, 8613662887 ], 
  [ 6551531993833 ],,,, [ 186381561679, 34117343646557 ],,, 
  [ 392236861633, 850596560353, 1371981922081 ],, [ 4221664687242043241048941 ],,, 
  [ 200602286303329, 2016165387047671, 1192886069081590054411 ], [ 2723102995436801 ],, 
  [ 650070193303, 105197140971451 ], [ 34976596291073 ], [ 5916394301 ],, [ 43467255703519 ],
  ,, [ 2348067562777 ], [ 28837006802660351 ], 
  [ 33415606243, 59814502453, 66569877289, 75060923151316711717 ], 
  [ 16421158717, 553550380850656157 ], [ 649052346654653 ], [ 264009310299844411 ],,, 
  [ 1209035259939991831 ], [ 270301257516833 ], [ 882745642817 ], 
  [ 30104361901, 841703016961, 1668338245801, 70374748603485569547781 ],,,, 
  [ 47160886792605713, 62854349017141684137552577 ], [ 114839659091, 916759066639211 ], 
  [ 519861459790192547500078657 ], [ 13039956599254288199 ], 
  [ 651415737853, 2077455177276389, 79699526327800082222250601 ],, [ 4247140871 ],, 
  [ 59139437760769 ],, [ 8348310821, 276338101741483 ], [ 3924773052798127786285453321 ],, 
  [ 509956347301 ], [ 434562508294597 ], [ 86707496588301007 ],, [ 210154320944497 ],, 
  [ 10694836787993 ],, [ 4920309529501, 364287702828241 ], [ 3615442553 ],, [ 3950118758353 ]
   ,, [ 128447548321 ], [ 47404901581 ],,, [ 1215906271 ], [ 5562614565061 ], 
  [ 1186252795663561 ],, [ 31514222573, 152599244849 ], [ 119160335087719 ],,, 
  [ 3868763221156013641, 90213391886265348361, 379403873359913009059447 ], [ 2080494384737 ],
  [ 33933257920043329, 505200331414180309153 ], [ 51532513241279139982351 ], [ 29764484083 ],
  , [ 6515875657 ],, [ 741907579157791, 12275465269750271 ],, 
  [ 11896863949913, 1684324539287316673671254641 ], [ 832273129907 ], [ 12791266723 ],,, 
  [ 205011817069 ], [ 824357744953 ], [ 929024331467 ], [ 64468146217681 ],,, 
  [ 1041601178773, 25722106692765877, 2398927890308240341 ],,,,,, [ 1694325662049877 ], 
  [ 2264541137501, 85520932537751, 224606321238001, 83710741182339001659001 ],,,, 
  [ 5852920477, 694959610059424727 ], [ 8672810611 ],, [ 24318690557937812317 ],, 
  [ 1055330207, 255195467689775659957 ],, [ 2378375029 ], 
  [ 1627715967969469733, 19709762328912918481 ], 
  [ 27818109959701595461, 43216986674017607069 ], 
  [ 16884770761, 1127237784703974644404369249 ], [ 119559988339801 ], 
  [ 57988936853, 459213645009533, 614919399220602197 ],,, [ 103631473667 ],, 
  [ 37643929383550949 ],,, [ 42742926435943, 359428787520255287833 ], [ 1388858351 ], 
  [ 444651501866066901253261 ],,,, [ 449374602376360081, 9299282232221219544404561 ], 
  [ 681477325203329 ], [ 9584225755711, 86310308672875452870409 ], [ 1884478889 ],, 
  [ 34707424831 ], [ 118544635663259807 ],, [ 36570410995646032993 ], 
  [ 36858973301, 168253598977 ],,, [ 134434660175493253 ], [ 148769660386251803611 ], 
  [ 1041101041, 2734918664316701899 ],, [ 5133115770288566912801, 788380717940132567718569 ],
  ,,,,, [ 2601198228637247 ], [ 67007563423, 2311260506593 ], [ 597593579181889 ], 
  [ 19834280397871 ], [ 1030353079993227890929 ], [ 61196287669162935571 ],,, 
  [ 14691778971521, 34463311323238474211 ],,, [ 64401786173299 ],, [ 37293871548387179251 ],,
  ,,, [ 34300423681, 569775727668553932161 ], [ 15341892619, 223933512349 ],, 
  [ 4186098089 ], [ 479580205033 ],, [ 11322674381 ], [ 21624165839217889 ],, 
  [ 5794150601 ], [ 2707322234761, 17761785897534031 ],, [ 64678561741, 193794843366732173 ],
  ,, [ 406745441161 ],,, [ 42333638727329, 593988630554197257292343 ],, 
  [ 376998290341, 187783909326781 ], [ 6212711737 ],,, [ 2939905873 ], 
  [ 347361505681, 19659168607954201 ], [ 1374373243 ], [ 1761871686295969 ], [ 4656385813 ], 
  [ 8246042173 ],,,, [ 3974311217 ], [ 200684338849, 197853480342218761 ],, 
  [ 18636887948821 ],, [ 203878132063 ], [ 29173924627 ], [ 3548194201 ],,,,,,, 
  [ 49174379179 ],,, [ 89112564901 ], [ 8392499333, 137888090797031 ],,,, [ 883727769751 ], 
  [ 1199790160890089 ],, [ 12084684949 ], [ 70783445469199, 25204594255709171 ],,,,, 
  [ 24560063617, 308545613953 ], [ 82883749411 ], [ 2854659761640254687617 ],,,,, 
  [ 5333320547, 278141919529 ], [ 1382124786515383289 ], [ 68618306971 ], [ 426583749569 ],, 
  [ 528431425237 ], [ 2278919445457 ],, [ 3794134891, 85912369779097 ], 
  [ 196451424931930001 ],,,, [ 2164838041 ], [ 36123721471 ], [ 2370327877 ],, 
  [ 1452579762937 ],, [ 33971318900471, 152441014338451 ],,, [ 3621054319 ],, 
  [ 13408788611, 14909059261 ],,, [ 56549361544182818543 ], [ 60249392701 ], [ 58113227761 ],
  [ 77810920841 ],, [ 37260181618021 ],, [ 5642707151 ],, [ 3133540221504463 ], 
  [ 383844881809 ], [ 3383695883569 ], [ 340532117941, 20433203409750645751 ], 
  [ 644967142477063771 ], [ 8080871473 ],, [ 3361286167 ],,,, [ 545104374849031 ],,, 
  [ 31927505653 ],,, [ 3590628001, 520724007783409 ],, [ 108483824651 ],, 
  [ 113238154359052068591860609 ], [ 12865131636377 ],,,,, [ 40215053503, 65598478190419 ],, 
  [ 1215032977, 105226762009, 541664001313 ], [ 2428286867 ],, [ 814951330056037 ],,,,,,, 
  [ 96153271327921 ],,, [ 6540162791 ],, [ 5510679277 ],, [ 734952361853249 ], 
  [ 530853491551 ], [ 2788502395191551, 210066071724812951 ], 
  [ 1356094188766409, 2759731033194017 ],,, [ 79965762066403 ],,,,, 
  [ 138752274937, 4077891377957, 32974875700933, 399701340676133 ], [ 1642538831 ],, 
  [ 3448473119759 ], [ 158882242121 ],, [ 13386992081, 2432201281442731 ],, 
  [ 17420093941, 2049577484341, 27883028294070181 ],, [ 10017656132173, 53369332924766561 ],,
  ,, [ 7010135933708377891 ],, [ 2162877748001 ],, [ 3663575921, 390644946572973629 ],, 
  [ 2404535113 ], [ 2530421681 ], [ 286846879903 ], [ 345034958269 ],,, 
  [ 201955930711, 1054652783627854711 ],, [ 3983193779308033 ], 
  [ 11655280999, 10583688443520349 ], [ 4919684084911 ],, [ 292810877052028478581 ],,, 
  [ 1201788097, 1545375439, 7313400271, 111985996009 ], 
  [ 3496165921, 42380109923438023759361 ], [ 3851045483 ], [ 7108756066168741 ],,, 
  [ 50683475092951, 756935115830251 ], [ 1878266181079, 33710771348528353 ],,,,,, 
  [ 3115707741517477 ],, [ 22134675403, 274578274151353 ],, 
  [ 41741861337529, 4430961713083097, 139667858097754873 ],,,,,,,, [ 37572057953 ],, 
  [ 36487146151, 231904212650285504239 ],, [ 32743666613733613, 3189106974048716249 ], 
  [ 21953264869 ],,, [ 928114285921 ], [ 5946268943903 ], 
  [ 160127078039, 7850320461161, 9244066749810007 ], [ 1000862581 ],,, [ 1166524013887291 ],
  , [ 869022279762816481, 112002113766978827281 ],, [ 173029292287 ],,,,,, 
  [ 2296426686811069681657 ],, [ 28941153211 ],, 
  [ 3813160781, 190862489533, 234806735021, 330440453201, 3100328284745693, 
      2708781056538007309 ],,,,,, [ 18260729147, 40112057873 ],,,,,,, [ 7422654331 ],,, 
  [ 9438108449087557 ],, [ 5082795664129361 ],, [ 263920735472204737, 1570006862081355457 ],,
  ,, [ 57431950300262357 ],, [ 30029853093868897933 ],,,, [ 5766907403209 ],,,, 
  [ 34519539217 ],,,, [ 21319952648671, 800501583079801 ],,, [ 546349767877 ],,,,,,,,,,, 
  [ 1745730597313, 46679472869329 ],, [ 5422219193, 541473077075951 ],,,,,,,,, 
  [ 1560520121 ], [ 28732814317, 3212448713641 ],, [ 5124485263806481, 7401870757765067 ],, 
  [ 865907941330561 ],,, [ 2813684411 ], [ 35625652780061 ], [ 4575266049721 ], 
  [ 554301233471 ],, [ 509471270857 ],,,, [ 23238553357 ], [ 7631386369 ],,, 
  [ 359868877372657 ],, [ 3654160231 ], [ 5360261189 ], [ 185542871581, 4098459855601 ], 
  [ 6136685663 ], [ 350133132607 ],,,, [ 4042217737 ],,, [ 2897847091 ],,,,,,, 
  [ 3553935217093 ], [ 1179307538779 ], [ 28706401007611 ],, [ 17601486742361 ],,,,,, 
  [ 131102241471307 ],,,, [ 1283052931 ], [ 7947743801 ],,,,, [ 8961414677738209 ], 
  [ 4856095187 ], [ 201019773782407 ],,,,,,,, [ 364367669591, 18302770040960407 ],,,, 
  [ 5570415505111 ],,,,, [ 7426127694701 ], [ 700357099055113 ],, 
  [ 5249793421, 24171213193068523 ],, [ 207311824727075521 ],, [ 640546187200331 ],,,,,, 
  [ 2864070319657 ], [ 53864505091 ],,,,,, [ 16649025961, 22753754657551 ],,,,,,,,,,, 
  [ 2654956559 ],,,,,,,, [ 6818738681, 3490659621365924861699 ],,, [ 1040522239 ],,,,, 
  [ 1633811996023, 3956992470811 ],,,,,,,, [ 96199565771 ], [ 4871483317 ],,,,, 
  [ 1798537439767249 ],,,, [ 2282109169495741 ],, [ 2460771013 ],,,, [ 25573527893581 ],,, 
  [ 1048098133 ],,, [ 44908882129, 38489263586929 ],,, [ 3338092111 ],,, 
  [ 1728255721548354601 ],,,, [ 47775769571 ],,,, [ 261477157528861 ],, 
  [ 10006978193, 29498943067241 ],, [ 199727540911, 63602250425821 ],, [ 1867357213 ],,,,,,,,
  ,, [ 11014770409 ],, [ 54245709743657 ],,,, [ 30382643696329 ],,,, [ 12652543067009 ],, 
  [ 9100620511 ],, [ 48137578061 ],,,, [ 48709442909143457281 ],, [ 1078180836653 ],,,,,, 
  [ 29906209937, 7770418968769 ], [ 16130687569 ],,,,, [ 1508612051101 ],,,, [ 1593292273 ], 
  [ 2970121351 ],,,,,, [ 8135999701 ], [ 7485635587, 3677717787199241 ], [ 35945643133 ], 
  [ 24175023881, 6680733802373 ],, [ 2904004321 ],,, [ 2632321981 ], [ 3472362671 ],,, 
  [ 2006211169 ],,,, [ 9670398697 ],,, [ 68877520947353 ],,,,,,, [ 1846248007033 ], 
  [ 8779594741, 15266478313 ],, [ 547323149393329 ],, [ 610541241857, 6390631409619073 ],,, 
  [ 2858075629, 346512447901 ],,,,, [ 207141729404801 ],,,, [ 3479879129, 85026633104821 ],,,
  , [ 176547851041, 3000164766289 ], [ 607089838367 ],,,,,,, [ 2275023841 ],,,,,, 
  [ 5467108631, 142435158255779 ],, [ 428937398273, 10640710526561 ],, [ 5470863571 ], 
  [ 94975266751 ],,, [ 236702148017 ],,,,,,,,,, [ 12690206161 ],,,,,, [ 420609133201 ],, 
  [ 49724471777, 368144949761 ],, [ 871427024173, 2390263283827 ],, 
  [ 46875065221, 4953491349493, 69347430303373 ],,,,,,,,, [ 1179056869351 ],,,,,,,,, 
  [ 4577697731 ], [ 82591774201 ],,,,, [ 11831149961 ],, [ 7635755077, 2551946967019 ],,,, 
  [ 15894966817, 54524381147 ],,,,,,,,, [ 1401797791 ],,, [ 11257157567 ],, 
  [ 10549086001, 2021350518001, 107063888839001 ],, [ 1720514161, 713321957323 ],,,,,,,,,,,,,
  ,,,,, [ 408478771681, 2043561603361 ], [ 371563394093 ],,,, [ 24683039351 ], 
  [ 31096106497, 489790479511, 2066532091633, 14003520606613 ],, [ 469123605761 ],,,,,,,, 
  [ 31784356717 ],,,,,,,, [ 104343851593 ],,,,,,,,,,,, [ 9288277675777 ],,,,,,,,,,, 
  [ 6873377921983 ],,,,,,,,,,,, [ 342718980553 ],,,,,,,,,,, [ 2056647115441 ],, 
  [ 4438363021, 31848364549, 63575144858317 ],,,,,,,,,,,,,,,,,,,,,,,,,,,,,,, [ 3660559999 ], 
  [ 16112480429 ],, [ 7641334391 ],,,, [ 4466880961 ],,, [ 79660441433 ], [ 24927417901 ],, 
  [ 9548519633 ],,,,,, [ 61635898381 ], [ 24422190679 ],,,,,,,,,,, [ 16615934779 ],,,, 
  [ 2674008439 ],, [ 238130281001 ],, [ 38741437897 ],,,,,, [ 18412473473 ],,,,, 
  [ 1035184231 ],,,, [ 4951268791129 ],,,,,,,,,,,,,,,,, [ 86864902951 ],,,,, 
  [ 1523077711, 4902288953 ], [ 2615144435178001 ],,,,,,,,,,,,,,,, [ 18735102913 ],, 
  [ 7222345333897 ],,,,, [ 1674842243 ],,,, [ 7788888338113 ], [ 1257492877 ], 
  [ 2464442419 ],,,,,,,,,,,,,,,,, [ 2660667283 ],,,,,,,,,, [ 2495768713 ],,, [ 2215391797 ], 
  [ 1523966221, 142939649161 ], [ 2336446373, 10799055203 ],,,,,, [ 1193709067321 ], 
  [ 22903553053 ],,,,,,,,, [ 3532488481, 145794903559 ],,,,,,,,,,, [ 2659687801 ],,,,,,,,,,,,
  ,,,, [ 12954513673 ],,,,, [ 6660176293 ],,,,,,, [ 18367343569 ],,, [ 1090335523 ],,, 
  [ 2189037667 ],,,,,,,,,,,,,, [ 90527122193 ],, [ 26550457159 ],,,,,,,, [ 1332483469 ],,,,,
  , [ 2070420353 ],,,, [ 1114914049 ], [ 353664946907 ],,,,,,,, [ 62060350171 ],,,, 
  [ 33307854333139 ],,,,, [ 42197164069 ],, [ 2061195713 ], [ 2782762777 ],,,,,,,,,,, 
  [ 87356383987937 ],,,,,,, [ 2174858011 ],,,,,,,,, [ 1125178237, 3920330233 ],,, 
  [ 1730142877 ], [ 1444384129 ],,, [ 163499689907 ],,,,,,,,,,, [ 371986406353 ],,, 
  [ 1486733851 ],,, [ 1350589549 ],,,,,,,,,,,,,,,,,, [ 1145006065393 ],,,,,,, 
  [ 354305875423, 3322723430959 ],,,,, [ 5360054149 ],,,,, [ 2282016661, 9593449867 ],,, 
  [ 14774477009 ],,,, [ 12306984061 ],, [ 21803027009 ],,, [ 15749790401 ],,,,,,,,, 
  [ 16351646921 ],,,,,, [ 22131603251 ],,,,,,, [ 192488262025909 ],,, [ 215198220001 ],, 
  [ 8940353099 ],, [ 23940533633 ],,,,,,, [ 433329490751 ],,,,,,,,,,,,,,,,, [ 109735468369 ],
  ,,,,,,,, [ 1854046213 ],,,,,,,,,,,,,,,, [ 5889227587 ],,,,,,,,,,,,,,, [ 5791936417 ],,,,,,
  , [ 1119916351 ],, [ 8761919237 ],,,, [ 5954570893, 147557000317 ],,,,,,,,, [ 5113381171 ],
  , [ 1125443947577 ], [ 1464642433 ],,,,, [ 1065682231 ],,, [ 6558288371 ],,,,, 
  [ 1102464397, 9946866997 ],, [ 2589653449 ],,,,, [ 29374407521 ],,,,,,,, [ 1180665077 ],,,,
  ,,,,,,,,,,,,,,,,,,,,, [ 2688538543 ],,,,,,,, [ 4771465817 ],,,,,,,,,,,,,,,,,,,,, 
  [ 2371284101 ],,,,,, [ 24212380999 ],,,,,,,,,,,,,,,,,,,,,,,,,,, [ 39333771121 ],, 
  [ 8879399237431 ],,,,,,,,,,,,,,,,,,,,, [ 8843810557 ],,,, [ 8127170281 ],, [ 54161925049 ],
  ,,,,,,,, [ 41008836277 ],,,,,,, [ 498035721413 ],,, [ 98615871281 ],,,,,,,,,,,,,,,,,,,,,,,,
  ,,,,, [ 1922787721, 8302941781 ],,,,,,,,,,,,,, [ 744992133019 ],,,,,,,,,,,,, 
  [ 2608633117, 16870924981 ],,, [ 6846147331 ],,,,, [ 6006505961 ],,,, [ 3408087457 ],,,,,, 
  [ 688025627041 ],,,,,,, [ 462955331873 ],,,,,,,,,,,,,,,, [ 4306546183 ],,,, 
  [ 306612902293 ],,,,,,,,,,,,,,, [ 42073241152177 ],, [ 1621568453 ], [ 1234466251 ],,,,, 
  [ 31065106841, 2562245649361 ],,,,,,,, [ 2889483937 ],,,, [ 1550669957 ],, [ 10268362669 ],
  ,,,,, [ 65660825101 ],,,,, [ 174281275771 ],,,,,,,,,,, [ 38854529513 ],,,,, [ 7831740269 ],
  , [ 25979929993 ],, [ 1347045701 ],,,, [ 1121489737 ], [ 8607369611 ],,,,,,,, 
  [ 506130581959 ],,,,,,,,,,,, [ 14064443251 ],,,,,,,,,,,,,,, [ 1069117201 ],,,,,,,,, 
  [ 63406542109 ],,,,,,,,,,,,,, [ 1528672601, 71482885769, 82195090573 ],,,,,,,,,, 
  [ 1369209421 ],,,,,,,, [ 3205090513 ],,,,,, [ 1323262187809 ],,, [ 147619318870141 ],,,,,,,
  ,,, [ 20786928751 ],,,,,,, [ 3481254913 ],,,,,,,,,,,, [ 5989224557 ],, [ 5376202591 ],,,,,,
  ,,, [ 2209749721 ],,,,,, [ 60429768967 ],,,,, [ 2170748267 ],,,,,,,,,, [ 5611546333 ],,,,,,
  ,,,, [ 6386257711 ],,,,,,,,,,,,,, [ 159660135601 ],,,,,,,,,,,,,,, [ 47779630831 ],,,,,, 
  [ 3274119829 ], [ 1231986517, 121267928681 ],,,,,,,,,,,,,,,,,,,,,,,,,,,,,,,,,,,,,,,,,,,,,,,
  , [ 21411704651 ],,,,,,,,,,,,,,,,,,,,,,,,,,,,,, [ 18352226201 ],,,,,,,,,, 
  [ 1553879731, 4099916861 ], [ 1250333767 ],,,,,,,,,,,,, [ 15595519777 ],,,,,,,,,,, 
  [ 10243307498707831 ],,,,,, [ 1306296829, 12829361959 ], [ 1304503217 ],,,,,,,,,, 
  [ 14144312057 ],,, [ 56678541041 ],,,,, [ 34303532041 ], [ 2611445957 ],,,,,,,,,,,,,,,, 
  [ 307955706697 ],,,,,,,,,,,,,,,,,,,,,,,,,,, [ 34218754561 ],,,,,,,,,,,,,,,, [ 3507603361 ],
  ,,, [ 3496260461 ], [ 3548694001, 11072928751 ],,,,,,,,,,,,,,,,,,,,,,, 
  [ 2645202797, 179823458401 ],,,,,,,,,,,,,,,,,,,,,,,,,, [ 2148178102457 ],,,,,,,,,, 
  [ 40981889761 ], [ 6851656621 ],,, [ 1628424961 ],,,,,,,,,,,,,,,,,,,,, [ 1362100952389 ],,
  , [ 4415293837 ],,, [ 2058821311 ],,,,,,, [ 802544372477 ],, [ 1539879937 ],,,,,,,,,,,, 
  [ 1043402137, 14010354373 ],,,, [ 13612069481 ],,,,, [ 9344726431 ],,,,,, 
  [ 15251706218557 ],,, [ 1508032081 ],, [ 540775251529 ],,,,,,, [ 7511962813 ],,,,,,,,,,,,,,
  ,,,,,,,,,,,,,,,,,,,,,,,,,,,,, [ 1206233029 ],,,,,,,, [ 63613533295393 ],,,,,, 
  [ 21994391161 ],,,,,,,,,,,,,,, [ 29744295751 ], [ 1451811817 ],,,,,, [ 51095122747 ],,,,,, 
  [ 1190514781 ],,,, [ 805614326441 ],,,, [ 790136780977 ],, [ 2802649679, 142906315151 ],,,,
  ,,,,,,,,,,,, [ 79650872731 ],,,,,,,,,,,,,,,,,,,,,, [ 2149690489 ],,,,,,,,,,, 
  [ 1445816131 ],,,,,,,,,,,,,,,,,,,,,,,,, [ 2045192969 ],,,,,,,,,,,,,,,,,,,,,,,,,,,,,,,,,,,,,
  ,,,,,,,,,,,,,,,, [ 4937129671 ],,,,,,,,,,, [ 2553664681 ],,,,,,,,,,,,, [ 11087113577779 ],,
  ,,, [ 122591005469 ],,,,,, [ 1970493121 ], [ 2052499279 ],,,,,,, [ 1221071897 ],,,,,,,, 
  [ 2171486593 ],,,,,,,,,,,,,,,,,,,,,,,,,,,,,,,,,,,,,,,,,,,,,,,,,,,,,,,,,,,,,,,,,, 
  [ 1449426967 ],,,,,,,,,, [ 84762920233 ],, [ 5458602543787 ],,,, [ 9348740363 ],,,,,,,,,,,,
  ,, [ 30118705153 ],,, [ 26663917771 ], [ 466844697097 ],,,,,, [ 4245240343 ],, 
  [ 142918152661 ],,,, [ 3328548737, 10137903137 ],,,, [ 29096540357 ],,,,,,,,,,,,,,,,,,,,,, 
  [ 6399144937 ],, [ 1045843021 ],,,,,, [ 2549972673799 ],,,,,,,,,,,,,, [ 17796059009 ],, 
  [ 182920374757 ],,,,,,,,,,,,,, [ 40833821290081 ],,,,,,, [ 1646140861 ],,, [ 82949119459 ],
  ,,,,, [ 59978604289 ],, [ 14156784311 ],,,,,,,,,,,,,,,,,, [ 2849925937 ],,,,,,,,,,,, 
  [ 9650295601 ],, [ 1626212051, 184300361429 ],,,, [ 20638928797 ],,,,,,,,,,,,,,,,,, 
  [ 2141252753 ], [ 64300010371 ], [ 1521474497 ],, [ 16653474577 ],,,, [ 2339818801 ],,,,,, 
  [ 3436409533 ],,,,,,,, [ 126171535393 ],, [ 2681018369 ],,,,,,,,,,,, 
  [ 31519649401, 106481252861 ],,,,,,,,,,,,,,,,,,,,,, [ 2192853079 ],,,,,,,,,,,,,,,, 
  [ 12809842739, 36525042511 ],, [ 1477631161 ],,,,,,,,,,,,,,,,,, 
  [ 16811204941, 49790051191 ],,,,,,,,,,,,,,,,,, [ 22451613049, 1139309417809 ],,,,,,,,,,,,,,
  ,,,,,,,,,,,,,,,,,,,,,,,,,,,,,,,,,,,,,,,,,,,,,, [ 13989774781 ],,,,,,,, [ 4159875329 ],,,,,,
  ,,,, [ 2592348631 ],,,,,,,,,,,,,,,,,,,,,, [ 3641468069 ],, [ 2853287581 ],,,,,,,,,,,,,,,,,,
  ,,,,,, [ 2008485253 ],,,,,,,,,,,,,,,,,,,,,,,,,,,,,,,,,,,,,,,,,,,,,,,,,,,,,,,,,,,,,, 
  [ 125022116449 ],, [ 1235542573, 3637161677 ],,,,,, [ 1291497689 ],,,,,,,,,, 
  [ 5025373237 ],,,, [ 17684590747 ],,,,,,,,,, [ 9424834681 ],,,,,,,,,,,, [ 1165585409 ],,,,,
  ,,, [ 230382034969 ],,,, [ 16714131541 ],,,,,,,,,,,,,,,,,,,,,,,,,,,,,,,,,, [ 1018617349 ], 
  [ 9358159501 ],,,,,,,,,,,,,,,,,,,,,,,,,,,,,,,,, [ 4444768129 ],,,,,,,,,,,,,,,,,, 
  [ 279078143437 ],,,,,, [ 1874232361 ],, [ 100757502233 ],,,,,,,,,,,,,,,,,,,, 
  [ 3649962691 ],,,, [ 111329846629 ],,,,,,,,,,,,,,,,,,,,,,,, [ 1596615389 ],,,,,,,,,,,,,,,,,
  ,,, [ 24686904247 ],, [ 1423149601 ],,,,,,,, [ 26430662281 ],,,,,,,,,,,,,,,,,,,,,,,,,,,, 
  [ 1408289881 ],,,,,,,,,,,,,,,, [ 37910754253 ],,,,,,,,,, [ 1358599643 ],, [ 7192895329 ],, 
  [ 1733081491 ],, [ 8565123773 ],,,,,,,,,, [ 12968007733 ],,,,,,,,,,,, [ 8927388181 ],,,,,,,
  ,,,,,,,,,,,,,,,,,,, [ 46962144161 ],, [ 63939633239 ],,,, [ 14850417163 ],, 
  [ 2392444693, 4647076995815533 ],,,,,,,, [ 4593606049 ],,,, [ 10544242801, 52899002521 ],,,
  ,,,,,,,,,,, [ 9728336521 ],,,,,,,,,,,,,,,, [ 4272478211 ],,,,,,,,,,,,,,,,,,,,,,,,,,,, 
  [ 14705673889, 39425835013 ],,,,,,,,,,,,,,,,,,,,,,,,,,,,,,,, [ 3564921391 ],,,,,,,, 
  [ 1094314453 ],,,,,,,,,,,, [ 13073264036251 ],,,,,,,,,,,,,,,, [ 44079711901 ],,,,,,,,,,,,,,
  ,,,,,,,,,,,,,,,,,,,,,,,,,,,,,,,,,,,, [ 125031011041 ],,,,,,,,,,,,,,,,,,,,,,,,,,,,,,,,,,,, 
  [ 13822963633 ],,,,,,,,,,,,,,,,,,,, [ 281579065153 ],,,,,, [ 38894300173, 139254128623 ],,,
  ,,,,,,,,,,,,,,,,,,, [ 24367859400301 ],,,,,,,,,, [ 2168939561 ],,,,,,,,,,,,,,,, 
  [ 1249394537 ],,,,,,,,,,,,,,,,,,,,,,,,,,,, [ 1012757791 ],,,,,, [ 1663069321 ],,,,,,,,,,,,,
  ,,,,,,,,,,, [ 1907893777 ],,,,,, [ 95910047941, 40423204981321 ],,,,,,,,,,,,,, 
  [ 4341148813 ],,,,,,,,,,,,,,,,,,,,,,,,,,,, [ 3310505857 ],,,,,,,,,,,,,,,,,, [ 5897172601 ],
  ,,,,, [ 1483388713 ],,,, [ 1958755121 ],,,,,,,,,,,,,, [ 73998905653 ],,,,,,,,,,,,,,,,,, 
  [ 126957434473 ],,,,,, [ 1451220643 ],,,,,,,,,,,,,,,,,,,,,,,,,,,,,,,,,,,,,,,,,,,,,,,,,,,,,
  , [ 3277115473 ],,,,,,,,,,,,,,,,,,,,,,,,,,,,,,,,,,,,,, [ 1022204971 ],,,,,,,,,,,,,,,,,,,,,,
  ,,,,,,,,,,,, [ 107673667201 ],,,,,,,,,,,, [ 1376434724737 ],,,,,, [ 4652557729 ],,,,,, 
  [ 6699440089 ],, [ 3557900251 ],,,,,, [ 5488435457, 6798564193 ],,,,,,,,,,,,,,,,,,,,,,,,,,,
  , [ 1732419613 ],,,,,,,,,,,, [ 7176274681 ],,,,,,,,,,,,,,,,,,,,,,,,,,,,,,,,,, 
  [ 252288601781 ],,,,,,,,,,,,,,,,,,,,,,,,,,,,,,,,,,,,,,,,,,,, [ 24691855483 ],,,,,, 
  [ 678284737021 ],,,,,,,,,, [ 7648977961 ],,,,,,,,,,,,,, [ 21623107117 ],,,,,,,,,,,,,,,,,,,,
  ,,,, [ 6455324377 ],,,,,,,,,,,,,,,,,, [ 1509461461 ],,,,,,,,,,,,,,,,,,,,,,,,,,,,,,,,,, 
  [ 1599642241 ],,,,,,,,,,,,,,,,,,,,,,,,,,,,,,,,,,,,,,,,,,,,,,,,,, [ 9017472361 ],,,,,,,,,,,,
  ,,,,,, [ 1325569177 ],,,,,,,,,,,,,,,,,,,,,,,,,,,,,,,,,,,,,,,,,,,,,,,,,,,,,,,,,,,,,,,,,,,,,,
  ,,,,,,,,,,,,,,,,,,,,,,,,,, [ 1717676281 ],,,,,,,,,,,,,,,,,,,,,,,,,,,,,,,,,,,,,,,,,,,,,,,, 
  [ 6452630773 ],,,,,,,,,,,, [ 2720614448161 ],,,,,,,,,,,,,,,,,, [ 98079599551 ],,,,,,,,,,,,,
  ,,,,,,,,,,,,,,,,,,,,,,,,,,,,,,,,,,,,,,,,,,,,,,,,,,,,,,,,,,, [ 5526005449 ],,,,,, 
  [ 117201552001 ],,,,,,,,,,,,,,,,,,,,,,,,,,,,,,,,,,,, [ 3744529309 ],,,,,, [ 3094444729 ],,,
  ,,,,,,,,,,,,,,,,,,,,,,,,,,,,,,,,,,,,,,,,,,,,,,,,,,,,,,,,,,,,,,,,,,,,,,,,,,,,,,,,,,,,,,,,,,,
  ,,,,,,,,,,,,,,,,,,,,,,,,,,,,,,,,,,,,,, [ 3048589471 ],,,,,,,,,,,, [ 13364215129 ],,,,,, 
  [ 2018081085697 ],,,,,,,,,,,,,,,,,, [ 30026137411 ],,,,,,,,,,,,,,,,,,,,,,,,,,,,,, 
  [ 501815815201 ],,,,,,,,,,,,,,,,,,,, [ 3292481281 ],,,,,,,,,, [ 227733443731 ],,,,,, 
  [ 1457507413 ],,,,,,,,,,,, [ 3485393345377 ],,,,,,,,,,,,,,,,,,,,,, [ 1288348913251 ],,,,,,,
  ,,,,,,,,,,,,,,,,,,,,,,,,,,,,,,,,,,,,,,,,,,,,,,,,,,,,,,, [ 88345357669 ],,,,,,,,,,,,,,,,,, 
  [ 379482041131 ],,,,,,,,,,,, [ 1023951277 ],,,,,,,,,,,,,,,,,,,,,,,,,,,,,, [ 7357756369 ],,,
  ,,,,,,,,,,,,,,,,,,,,,,,,,,,,,,,,,,,,,,,,,,,,,,,,,,,,,,,,,,,,,,,,,,,,,,,,,,,,,,,,,,,,,,,,,,,
  ,,,,,,,, [ 605792455927 ],,,,,,,,,,,,,,,,,,,,,,,,,,,,,,,,,,,,,,,,,, [ 48922825729 ],,,,,,,,
  ,,,,,,,,,,,,,,,, [ 1362668401 ],,,,,,,,,,,, [ 1284879157 ],,,,,,,,,,,,,,,,,,,,,,,, 
  [ 7305010957, 19477731601 ],,,,,,,,,,,,,,,,,,,,,,,,,,,,,,,,,,,,,,,,,,,,,,,,,,,,,, 
  [ 27933833701, 733985407261 ],,,,,,,,,,,,,,,,,,,,,,,,,,,,,,,,,,,,,,,,,,,,,,,,,,,,,,,,,,,,,,
  ,,,,,,,,,,,,,,,,,,,,,,,,,,,,,,,,,,,,,,,,,,,,,,,,,,,,,,,,,,,,,,,,,,,,,,,,,,,, 
  [ 17238305113 ],,,,,,,,,,,,,,,,,,,,,,,,,,,,,,,,,,,,,,,,,,,,,,,,,,,,,,,,,,,,,,,,,,,,,,,,,,,,
  ,,,,,,,,,,,,,,,,,,,,,,,,,,,,,,,,,,,,,,,,,,,,,,,,,,,,,,,,,,,,,,,,,,,,,,,,,,,,,,,,,,,,,,,,,,,
  ,,,,,,,,,,,,,,,,,,,,,,,,,,,,,,,,,,,,,,,,,,,,,,,,,,,,,,,,,,,,,,,,,,,,,,,,,,,,,,,,,,,,,,,,,,,
  ,,,,,,,,,,,,,,,,,,,,,,,,,,,,,,,,,,,,,,,,,, [ 104194315993 ],,,,,,,,,,,, [ 1556131501 ],,,,,
  ,,,,,,,,,,,,,,,,,,,,,,,,,,,,,,,,,,,,,,,,,,,,,,,,,,,,,,,,,,,,,,,,,,,,,,,,,,,,,,,,,,,,, 
  [ 87450213691 ],,,,,,,,,,,,,,,,,,,,,,,,,,,,,,,,,,,,,,,,,, [ 10158219193 ],,,,,,,,,,,,,,,,,,
  ,,,,,,,,,,,,,,,,,,,,,,,,,,,,,,,,,,,,,,,,,,,,,,,,,,,,,,,,,,,,,,,,,,,,,,,,,,,,,,,,,,,,,,,,,,,
  ,,,,,,,,,,,,,,,,,,,,,,,,,,,,,,,,,,,,,,,,,,,,,,,,,,,,,,,,,,,,,,,,,,,,,,,,,,,,,,,,,,,,,,,,,,,
  ,,,,,,,,,,,,,,,,,,,,,,,,,,,,,,,,,,,,,,,,,,,,,,,,,,,,,,,,,, [ 1118631271 ],,,,,,,,,,,,,,,,,,
  ,,,,,,,,,,,,,,,,,,,,,,,,,,,,,,,,,,,,,,,,,, [ 288576131761 ],,,,,,,,,,,,,,,,,,,,,,,,,,,,,, 
  [ 35077422661 ],,,,,,,,,,,,,,,,,,,,,,,,,,,,,, [ 78898393051 ],,,,,,,,,,,,,,,,,, 
  [ 1205699881 ],,,,,,,,,,,,,,,,,,,,,,,,,,,,,,,,,,,,,,,,,,,,,,,,,,,,,,,,,,,,,,,,,,,,,,,,,,,,,
  ,,,,,,,,,,,,,,,,,,,,,,,,,,,,,,,,,,,,,,,,,,,,,,,,,,,,,,, [ 698867710201 ],,,,,,,,,,,,,,,,,,,
  ,,,,,,,,,,,,,,,,,,,,,,,,,,,,,,,,,,,,,,,,,,,,,,,,,,,,,,,,,,,,,,,,,,,,,,,,,,,,,,,,,,,,,,,,,,,
  ,,,,,,,,,,,,,,,,,,,,,,,,,,,,,,,,,,,,,,,,,,,,,,,,,,,,,,,,,,,,,,,,,,,,,,,,,,,,,,,,,,,,,,,,,,,
  ,,,,,,,,, [ 6578119501 ],,,,,,,,,,,,,,,,,,,,,,,,,,,,,,,,,,,,,,,,,,,,,,,,,,,,,,,,,,,,,,,,,,,
  ,,,,,,,,,,,,,,,,,,,,,,,,,,,,,,,,,,,,,,,,,,,,,,,,,,,,,,,,,,,,,,,,,,,,,,,,,,,,,,,,,,,,,,,,,,,
  ,,,,,,,,,,,,,,,,,,,,,,,,,,,,,,,,,,,,,,,,,,,,,,,,,,,,,,,,,,,,,,,,,,,,,,,,,,,,,,,,,,,,,,,,,,,
  ,,,,,,,,,,,,,,,,,,,,,,,,,,,,,,,,,,,,,,,,,,,,,,,,,,,,,,,,,,,,,,,,,,,,,,,,,,,,,,,,,,,,,,,,,,,
  ,,,,,,,,,,,,,,,,,,,,,,,,,,,,,,,,,,,,,,,,,,,,,,,,,,,,,,,,,,,,,,,,,,,,,,,,,,,,,,,,,,,,,,,,,,,
  ,,,,,,,,,,,,,,,,,,,,,,,,,,,,,,,,,,,,,,,,,,,,,,,,,,,,,,,,,,,,,,,,,,,,,,,,,,,,,,,,,,,,,,,,,,,
  ,,,,,,,,,,,,,,,,,,,,,,,,,,,,,,,,,,,,,,,,,,,,,,,,,,,,,,,,,,,,,,,,,,,,,,,,,,,,,,,,,,,,,,,,,,,
  ,,,,,,,,,,,,,,,,,,,,,,,,,,,,,,,,,,,,,,,,,,,,,,,,,,,,,,,,,,,,,,,,,,,,,,,,,,,,,,,,,,,,,,,,,,,
  ,,,,,,,,,,,,,,,,,,,,,,,,,,,,,,,,,,,,,,,,,,,,,,,,,,,,,,,,,,,,,,,,,,,,,,,,,,,,,,,,,,,,,,,,,,,
  ,,,,,,,,,,,,,,,,,,,,,,,,,,,,,,,,,,,,,,,,,,,,,,,,,,,,,,,,,,,,,,,,,,,,,,,,,,,,,,,,,,,,,,,,,,,
  ,,,,,,,,,,,,,,,,,,,,,,,,,,,,,,,,,,,,,,,,,,,,,,,,,,,,,,,,,,,,,,,,,,,,,,,,,,,,,,,,,,,,,,,,,,,
  ,,,,,,,,,,,,,,,,,,,,,,,,,,,,,,,,,,,,,,,,,,,,,,,,,,,,,,,,,,,,,,,,,,,,,,,,,,,,,,,,,,,,,,,,,,,
  ,,,,,,,,,,,,,,,,,,,,,,,,,,,,,,,,,,,,,,,,,,,,,,,,,,,,,,,,,,,,,,,,,,,,,,,,,,,,,,,,,,,,,,,,,,,
  ,,,,,,,,,,, [ 1473714481 ] ]);
