BRENTFACTORS[6636]:=MakeImmutable([ ,,,,,,,,,,,,, [ 6457060429 ],,,,, 
  [ 40811220269839883679976108858961 ],, [ 175858726177 ],, 
  [ 171961964359, 222582882587623819379 ], [ 7717699957729 ], 
  [ 3217624001, 532031851547919169823581301 ],, [ 39344526885691 ], [ 27036473979801973 ], 
  [ 5698228561 ],, [ 492731638154879 ], [ 62278437878666488289 ], 
  [ 166802380322872317338569 ], [ 1891371382687 ],, [ 232498967652521930809 ], 
  [ 38367393757999, 22074208566485476743322213, 1018443296075212879954338559, 
      2164129925228409464323468663 ], [ 4439800643 ], 
  [ 664254049719866200843, 953676223730859462831163843 ], [ 151242963615065043443014064921 ],
  [ 88225563792859, 15125264777667481, 23297887923990292600610571954914090099156581 ],,, 
  [ 25935558003301 ], [ 33379336055105800205626476451 ], 
  [ 14312700683, 237070089536429, 39688791387993515175937 ],,,,, 
  [ 6232575576229768790644792681, 27015468363363460605034799265717198280861 ],,, 
  [ 93924265231, 7173609047941983338413 ],, [ 8842045007869782093028064737 ], 
  [ 1722386652331 ], 
  [ 116954274575837119777010248561603, 677981827794685505082988821008709571 ],,, 
  [ 2584427016784919941 ], [ 3598818547529, 1855945183962205399109, 21709369494050386102373 ]
    , [ 224905963350223, 14482583139169169054250277184443 ], 
  [ 788240660737, 1602295479107009, 34863507805966466881, 1018217392893204393804657089 ], 
  [ 1213925701 ], [ 30176626260745999 ],, 
  [ 221900760354809, 68390967526133521, 653235257421798757 ], [ 206582433834766791847 ], 
  [ 25500859441 ],, [ 697231343428057, 14996868503135181766510482864361 ], 
  [ 133435778449, 7312439970825306649, 44055335011671826099 ],, [ 28569243935093757601 ],, 
  [ 4108023724026942017409497 ], [ 153115314998579623 ], [ 448485036354877 ], 
  [ 2108694641, 85795505408468253676241 ],, 
  [ 88502840176139493130471, 19232365080115801398368159, 2212993772170339662283734841 ], 
  [ 283325491123, 9162550228193 ], [ 2301385035226367232409, 18006691547495783985453079333 ],
  ,, [ 2636756329, 4928560093, 11662482067, 10230893757527633567437 ], 
  [ 476034620371521641, 79468798815541730140701409 ],, [ 954335882818605175932961 ], 
  [ 1486091153, 6838358062468552997287 ], [ 61552623553, 3557735040000334188937 ], 
  [ 294510579619, 867252998023, 14637785645569, 92328318710547547, 96596828010903589 ],,, 
  [ 60384443876840334950046326694116257 ], [ 374747379870953 ], 
  [ 438353668319375317956700163 ], [ 646181030430246833083 ], [ 143992251833235424901 ], 
  [ 642781645711 ], [ 206834277939853 ], [ 815645482129 ], [ 61593827153, 232120646993 ], 
  [ 901251662306101, 716015845855068760107697667738971 ],, 
  [ 6125764339, 5102576772089, 18935339797813039435187 ],, 
  [ 84072214642700805679, 817486697055139130270185447 ],, [ 851445986540953 ],,,,, 
  [ 22145636832570479061517 ],,,,, [ 12775131580116313, 1175205381112620962605337 ],,,,, 
  [ 279837711507187, 9712515780981973, 9949286987297491115680399, 
      21137672597640070744240269380479 ], [ 1022439917 ],,,,,,, [ 49022362448893 ],, 
  [ 79226496367897, 28600645517386730377 ],, 
  [ 22969829459281, 19379468287797338473, 17984543776434301094321113973058211 ],,,,, 
  [ 321521555445126037 ], [ 83247570356257 ], [ 1630629081604831831 ],, 
  [ 126916092471501313 ],, [ 41017892754863 ],, [ 4825028633, 15723267566544101767249 ], 
  [ 28464596009, 2292821747353, 4066855010033 ], [ 33600611046774061 ],, [ 1205245322161 ], 
  [ 41856130369, 2671761896398438741 ], [ 17441841431576299 ],,,, [ 1005341317 ], 
  [ 3641796707444407, 7528235767576817257 ], [ 10755643021, 11115220500507917 ], 
  [ 4551170069, 4836876929, 37947882779103173 ],, [ 181865771374434681604261 ], 
  [ 1849556164873 ],,, [ 63945287437122657892061 ],, 
  [ 3571730501, 14398997306835049, 6115037344401483604061 ],, [ 246639041371 ],, 
  [ 705487873201, 17555664902161 ],,,, [ 3453213079897951542301 ], 
  [ 469668513119203, 1456622613570811 ], [ 95825820473111, 260950610931557 ], 
  [ 10904643163, 23192311026223 ], [ 5999546873 ], [ 36442831515106031371 ], 
  [ 44475587402359, 85959067301137838742802411 ],, [ 123490882311341297, 416247546963171997 ]
   ,, [ 11108609731, 8448141727405294271942881 ], [ 71689693993 ],, [ 1707324064469 ],, 
  [ 82012458201071191 ], [ 1102214821 ], [ 787323113911, 28138408971677, 50309700573023 ], 
  [ 74218569693692689 ],,, [ 36271215488401 ],, [ 1418412157 ], 
  [ 155055562481089, 452724644315188129 ], [ 790446643631 ], [ 18802256129, 9884312139797 ],
  , [ 2941274129 ],, [ 2042123581, 499770457740973651 ],,,, 
  [ 41446962582217, 11382277378992693056269 ],,, [ 1861910281629427, 2639953424222333801 ], 
  [ 1028926240739, 272768258107823 ], [ 5689259089 ],,,,, [ 2963892681824797409 ],,, 
  [ 409412678161, 234271713312451 ],,,, [ 4760965441, 271512244543 ], [ 38691842921 ], 
  [ 3644446667 ], [ 31794945157 ],,, [ 10917540091 ], [ 30568396321 ], 
  [ 2023235428232591, 180068978052744763 ], 
  [ 124894541789966910721, 227731023060695258195246161 ],,,,,, 
  [ 35833050523, 85618953000433 ], [ 2066581817 ], [ 8388536827610446783061326537 ], 
  [ 282765710129757709, 10229999097278425158581191951 ], [ 935167484427751 ],,, 
  [ 492367199624204719 ],, 
  [ 14652932911, 229040318131, 13242551655847867249651, 98397244358730135823499472031 ], 
  [ 135117140737, 1215955909121 ],, [ 46922554282748080771 ], [ 48812025781 ],, 
  [ 4610103425113807 ],, [ 17483498341 ], [ 661376614537 ],, 
  [ 1186720392229, 1223968462403, 24291689273968410407 ], [ 214945695646931581 ], 
  [ 11329829102991709 ],, [ 5882202903601, 207644843760770071 ], [ 1485125331505489 ],, 
  [ 126106857787 ], [ 22583435856662054839891 ],, [ 49641590737, 2351683091701513 ],, 
  [ 14797801279, 198322464203, 13970088656383, 3235773473815547203570357 ], 
  [ 4538372879364569857 ], [ 73269550166418761, 129098349186469625761 ],, [ 46463387562607 ],
  , [ 2793772409213 ], [ 2054197351 ], [ 411344723219, 22059503898579205649897879 ], 
  [ 2640378130939057783 ],,, [ 396326023408249062130411 ],,, [ 41962191761221 ],, 
  [ 3443197635641 ], [ 23324457529, 1526632947041, 120197492968481 ],, 
  [ 41989023729786661061 ], [ 704752721790053, 19361087095699831 ], [ 15652543828284001 ],, 
  [ 263803822483, 161351350243777845200537519 ], [ 17454928879 ], 
  [ 3201553184801, 43299134839293457 ],, [ 92931382706833189 ], [ 899666601929 ],,, 
  [ 1343509356253079517961 ],, [ 11436738809326508809 ],, [ 5440998281 ],, [ 39869093057 ], 
  [ 2054875893781, 1025187834791227 ], [ 89582956457592029893 ],, [ 1042958216763521 ],, 
  [ 34304258205463 ],,,,, [ 5820805357, 18636522649, 3076486925413177 ],,, [ 937678186831 ],
  , [ 245044809940712857 ],, [ 83814846282900413 ], [ 17814148271, 4696679820271 ], 
  [ 47956555745649937 ], [ 30738086198902139 ],,,,, [ 5791629546847657 ], [ 9761159624819 ],
  , [ 4848411983799367531 ],,,,, [ 2288744407951 ], [ 9193092949 ], [ 21679918686977 ],, 
  [ 19486114141243, 21606415009747 ], [ 577132894721 ],,,,, [ 2650288794121 ],,,, 
  [ 80287708548462689 ], [ 785783371211 ], [ 33106570261, 4663165536687272952187 ],, 
  [ 25483126001, 8166004863377 ], [ 4493455586029 ], 
  [ 4820799906901327721, 49900354265510305541 ],, 
  [ 72554682441217, 4354082517086657910639159949 ], [ 4182284881, 1159836281943467 ],,,, 
  [ 228224836087 ],, [ 102610457272717 ], [ 427902558701, 746436960441338381 ], 
  [ 3299046997 ],, [ 16937424468577957 ], [ 1253275881601 ],,, [ 184448308393 ], 
  [ 1446762643213 ], [ 7357598398301 ],,, [ 150517280761 ], [ 2392779854841769 ],,, 
  [ 23708057077 ],,,,,,, [ 3899094317 ], [ 6204897833, 122895952409 ],, 
  [ 2186694077, 14047961341, 12314043696529, 469647862617151 ],, [ 605531313001 ],, 
  [ 2626150451, 123067253562391 ],, [ 54475868173 ],, [ 5044312621 ],, 
  [ 17585846017258273, 11677663656233733623713 ], [ 23627280049 ],,,, [ 7427487449 ],,,, 
  [ 1079319924101 ],, [ 155794122611 ],,,, [ 25109202563429 ],,, 
  [ 235470080861, 3937531288654391 ], [ 4153661881, 80918117581981 ], 
  [ 22490348449, 337864455101 ],, [ 68325495517, 748120971316087 ],, [ 1197320521 ],, 
  [ 229064796091 ], [ 1125775523 ],, [ 1228124351, 1658399106610121 ],,,,,,,,,,,, 
  [ 4470320989, 77449785263 ], [ 10084049351, 3339888373194313 ],,, [ 42707732564911 ], 
  [ 383535900616639, 21259245542856977493223, 12145194600763532236854619 ],, 
  [ 195121827999822401 ],,,,,,, [ 1262342173 ],,, [ 158893964791, 446829052984729 ], 
  [ 71260451821151 ],,,,,, [ 4891860382613803 ], [ 309084914339 ],, 
  [ 64391608467007008231001 ], [ 34973180251 ], [ 244026352091881, 492782526071533 ],,,,, 
  [ 58979119894939 ], [ 2061276293333029 ],,, [ 5692922731, 45824188411 ], 
  [ 230255254289, 101881594821752810081 ],,, [ 130315568557 ], [ 2259903884501 ], 
  [ 127835441563, 2965910782197341299 ],, [ 1577587069 ],,, [ 2644886782550523326971 ],, 
  [ 3754888761989, 8529134726301317761 ], [ 2970733709, 170200007387 ], 
  [ 622904058982737391 ],, [ 120165058049 ],,,,,, [ 19981601879, 531485286697 ],,,,,, 
  [ 836472823911663101 ],, [ 15141044131 ],, [ 1449856321 ],,,,,, [ 76056853711 ],, 
  [ 31566957809 ], [ 21721279471, 93617162533 ],,, [ 105744537553386017521 ],, 
  [ 5637469210745715053 ],,,, [ 6730442099473, 444028410706063 ], [ 12240393480967 ],,,,,,, 
  [ 30403711984823 ],, [ 627211115311485781, 10354098715254831997 ],, 
  [ 9824426118361, 140184959326932907 ],,,,,, [ 25101166044457 ],, 
  [ 154625629429, 1399950750632069 ],, [ 2347822889, 39929131546128353 ],, 
  [ 2083352281, 924222704344087231 ],,,, 
  [ 101406381581, 3813857271379, 1548829265668819, 195937198350135089 ],, [ 76222037953 ], 
  [ 5130651689 ],, [ 16982690689 ],,,,,, [ 18283347966781 ], [ 5482868711329 ], 
  [ 3819687659 ], [ 87937723596661, 2195947437322820497 ],,,, [ 84767904832337 ],, 
  [ 4712102803 ],,,, [ 9308431523 ],,,,,, [ 1745579933 ],,,,,,,, 
  [ 57544725349, 3109365792419785237 ],, [ 2109808993387 ],,,, [ 107954402383 ],,,,,, 
  [ 1155561889, 1060569164907952753 ], [ 20807496251 ], [ 11389325687 ],,,,,, 
  [ 19734711289, 670437266089 ],, [ 20815110436517 ],,,,, [ 149764882483 ],,,,,, 
  [ 149230197575581 ],,, [ 29850531481 ],,,,,, [ 3537644923 ],,, [ 730123498189 ],,, 
  [ 127444947148861, 4851319371466261, 6174810791642461 ],, [ 2447808553 ],,,,,,,,, 
  [ 23717838343 ], [ 4340454721 ],, [ 167469948043, 86550016726651 ],, [ 112896986289569 ],,,
  , [ 1199767833481361, 9935430670649161 ],,,, [ 30971405443681 ],,, [ 1969667473 ], 
  [ 23212044495448321 ],,,,,, [ 17998247357 ], [ 1053692281 ], 
  [ 3396352785817, 4746879638041 ],, [ 25849980631789 ],,,,, [ 1026627457 ], 
  [ 5797819457, 5937055169, 400483236737 ],,,,,, [ 1880582681 ],,,, 
  [ 49320940873, 3606754838090923429 ],,,, [ 311325694871600887 ],, 
  [ 33233353921, 215461254961 ],,,,,, [ 13726540967173, 131961537751891 ],, [ 2853797857 ],,,
  , [ 6437536411069 ],,,, [ 898133265569 ],,,,, [ 6170847931 ],,, [ 137875346956177 ], 
  [ 217270159511 ], [ 2186742763729 ],,,, [ 96677627251, 31500048024751 ],,,,,, 
  [ 23241578542561 ],, [ 17700594362137871 ],, [ 1300835761 ],,,,,, [ 29017956998741 ],, 
  [ 155521518337 ],,, [ 299402636629 ], [ 1041119546629 ],,,, [ 13783908787457 ], 
  [ 7195427149 ], [ 70569080503 ],, [ 7411136461 ],, [ 298595044367419 ],,,, 
  [ 700198888911589 ],,,,,,,,,,,,,, [ 78987388461601, 12974523812039201 ],,,,, 
  [ 6518790181 ], [ 138529753259 ],,,, [ 1181639341, 5558795911 ],, [ 1663790437 ],,,, 
  [ 1823562529 ], [ 125433591697 ], [ 2602961891 ],,,,,,,,,, [ 51375184379448733 ], 
  [ 23450990753 ],, [ 1197136939 ],, [ 2629544429 ],, [ 85330635631 ], [ 2077845114269 ],,,, 
  [ 5064459294721 ],, [ 39423631696073 ],, [ 149866034849, 1447553683058023417 ],, 
  [ 3655684441, 686815173858570877 ],, [ 16102020184801 ],, [ 2552726787251 ],, 
  [ 180372700897, 5704340117761 ],, [ 17994212938717 ],,,, [ 23172265291891 ],, 
  [ 830121269401, 876903838361 ], [ 1391486209 ], [ 88404771881, 2888887924844617 ],,,,,,,, 
  [ 38533214371 ], [ 22197832177 ], [ 5173367593 ],, [ 256020287282143 ],, 
  [ 102065122203101509 ],, [ 62231394119 ],, [ 5044860481 ],, [ 5617125487 ],, 
  [ 451861672393 ],, [ 1299187873 ],, [ 14578702223593 ],, [ 95772546671 ], [ 1700029783 ],,,
  ,, [ 27188775277441 ], [ 897222149227 ], [ 88684263592321 ],,,,,, [ 27767949233 ],, 
  [ 2906376457400149 ],,,, [ 11228465387231 ], [ 2229062131 ], 
  [ 8320073076241, 17807283455761 ], [ 13430007229 ], [ 3461280527 ],, [ 1106242410437 ],,,, 
  [ 215211292561 ],,,,,,,,,,,,,,,,,, [ 24370483789 ],,, [ 2225824463, 411395334557 ],, 
  [ 5269814051 ],,,,,,,,, [ 249843826289 ],,, [ 1029051116381 ],,, [ 900563729827 ], 
  [ 1243395287 ],, [ 171499664069 ], [ 21404218108027 ], [ 1605399967 ],,, 
  [ 95588890761757 ], [ 5714180929 ],,, [ 2090862161, 2604544091, 29997112261 ], 
  [ 1091170961, 9370520923 ],, [ 2804896291 ],,,,, [ 7844279809 ],,,,,, [ 1103246041 ],,,, 
  [ 49319037353, 26939065389809 ],,,, [ 1251626973089, 66779243216993 ],, [ 139285415963 ], 
  [ 6298791781 ], [ 889480078849 ], [ 445711360447 ],,,,,, [ 463298883433 ], [ 13590026533 ],
  ,,, [ 6937579350577 ],,,,, [ 17601282227 ],,,,,,,,,,,,, [ 10246934664996283 ],,,,,,,,,, 
  [ 3969221621 ],,,,,, [ 115885262047 ], [ 1069360783 ],,,,,,,,,,, [ 7820123489 ],, 
  [ 33273886273, 2715977760673 ],,, [ 7372777063 ],, [ 4919326501 ],,,,,, [ 926391015287 ], 
  [ 30020382097 ],,, [ 57016190827 ],,,,, [ 2358502693 ],,,, [ 9215224201, 52384183921 ],,,,,
  ,, [ 6957686993 ], [ 25995285889 ],,,, [ 50294711643541 ], [ 56630518187 ],,,, 
  [ 3542057227 ],, [ 2403359141 ],,,,,,,,,,,,,,,,, [ 7466307841 ],,,,,,,, [ 448056909857 ],,,
  ,,,, [ 1312489309 ],,, [ 77918413468393 ],,,,,,,,,,,, [ 3496753800703 ],,, [ 14989403593 ],
  ,,,, [ 1317554113 ], [ 7314365521 ],, [ 1737210047 ],,,,,,,, [ 1071061391 ], 
  [ 42767908723 ],, [ 12265394593 ], [ 2224693507, 4823163073 ],,, [ 1584467821 ],,,,,,,,, 
  [ 25058691839 ],,,, [ 37760968261 ],, [ 3885691981 ],,,,,,,,, [ 6571123944841 ],, 
  [ 4606401049 ],, [ 8842623003601 ],,,,,,,,,,,,,, [ 5385279721 ],,,,,, [ 11545674961 ],,,,,,
  , [ 1264563379 ],,,,,,,,,,,,, [ 16149756281 ],,,,,,,,,,,,,,, [ 2279471561, 3497685001 ],,, 
  [ 3620877499 ], [ 192799759981 ],,, [ 8941403773 ],,,,,,,,,,, [ 1392987889 ], 
  [ 61612956133 ],,,,,,,,,,,, [ 211756464967 ],, [ 2680385035217 ], [ 1044801529 ],,,,,,,,, 
  [ 1094313947, 28757048519 ], [ 4611909847 ],, [ 2068293373 ],,,,,,, [ 7162046869 ],,,,,,,,,
  , [ 6125273201 ],, [ 36174573421801 ],, [ 6249871337 ],,,,,,,,,,,,,, [ 133640504849 ],,,,,,
  ,,, [ 4501720381 ],,,,,,, [ 7493353193 ],, [ 304827181733 ],, [ 22687791961 ], 
  [ 7851051059, 28054805267 ],,,,,,,,,,,,,,,,,,,, [ 3340610263 ],, [ 3289643113 ],,,,, 
  [ 4421349929 ],,,,,, [ 30331451321 ],,,,,,,,,,,,,,,,, [ 8997857863 ],, [ 8242610549 ],,,,,,
  ,,,,, [ 3868165201 ],,, [ 1092272033 ],,,,,,,, [ 84937388509 ],,,,,,, [ 10916707859 ],,, 
  [ 359032991923 ],,, [ 6172369337 ],,,,,,,,,,, [ 1217299561 ],, [ 90306040171 ],, 
  [ 29100499091 ],,, [ 3673522079 ],,,,,,,, [ 166331999607271, 495799391414671 ],,,,, 
  [ 45584600651 ], [ 9217453957381 ],,,, [ 861651243281 ], [ 28315843249 ], [ 65726774101 ],,
  ,,,,,,,,,,,,, [ 8905572163, 29803844857 ],,,, [ 25101613261 ],,,,, [ 1586015287 ],,,,, 
  [ 17321608393 ],,,,,,,,,,,, [ 202663797631 ],,,,,,,,,,,, [ 5932099277651 ],,, 
  [ 26287013069 ],,,, [ 86991186757 ],,, [ 9534936601 ],,, [ 3158424649 ],,,,,,,, 
  [ 43996120010621 ],,,, [ 12380801161, 317756151961 ],,,,,, [ 16602576967 ],,,,,,,,,,,,,,,,,
  , [ 1469099809 ],,,,,,,,,, [ 1930914217 ],,,,,,,, [ 3123900001 ], [ 56250692508613 ], 
  [ 51949769749 ],,,, [ 22513384489 ], [ 1583967179 ],,, [ 8091600037 ],,,,,,,,, 
  [ 4757955959 ], [ 1589428619 ], [ 23058376489 ], [ 135258161081 ],,, 
  [ 2751673513, 19134349771 ],,,,,,,,,,, [ 159656081131 ],,,,,,,,,,,,,, [ 1015003669 ], 
  [ 2173963721599 ],,,,,,,,,,,, [ 16582284451 ],,,,,,,,,,,,,,,, [ 1758473929 ], 
  [ 1307679311 ], [ 6344506081 ],,, [ 104066348719 ],,,,, [ 408573822791 ], [ 2795219533 ], 
  [ 3909204721 ],,, [ 1693262657 ],, [ 1892003293 ], [ 382248604337 ],,,,,, [ 5080299841 ],,,
  , [ 1142808301 ],,,,,, [ 1118924311 ], [ 43481622757 ], [ 17963985443 ],,,,,,,,, 
  [ 8101588553 ], [ 1013072017 ],,,,, [ 3110654681 ],,,, [ 24158951762849 ],,, 
  [ 1142964707 ],,,,,,,,,,,, [ 1642364459 ],,,,,,,, [ 31876911103 ],,,,,, [ 10310498131 ], 
  [ 2117206187 ],,,,,,,, [ 1971992593 ],,,,,,,,,,,,,,,,,,,,,,,,,,,, [ 16914606349 ],, 
  [ 2424556157 ], [ 20062806041 ], [ 9960785311 ],,,,,,,,,,,,,,,,,,,,,, [ 28237790533 ], 
  [ 37853309563 ],,,,,,,,,,,,, [ 1858723519 ],,, [ 1300005451 ], [ 11488964969 ],,,,,,,, 
  [ 1634160954403 ],,,, [ 2080668897851 ],,,, [ 87403415821 ],,,,,,,,,,,,,,,,,,, 
  [ 1784045737 ],,,,,,,,,,,,,,,, [ 1057774789 ],,, [ 2525677940101 ],,,,,,,,,,,,,,,,,,,,,,,,,
  ,,,,, [ 1968597645401 ],,,, [ 1624635427 ],, [ 1435563361 ],,,,,, [ 63735577753 ],, 
  [ 7092514873 ],, [ 2098023467 ], [ 7859544463, 8112849163 ],,,,,,,,,,,,,,,,,,,,,,,,,,,,,,,,
  ,, [ 1951323704779 ],,,,,,,,, [ 1376609667481 ],,,,,,,,,,,,,,,,,,,,,,,,,, [ 6268631041 ],,
  , [ 317373918781 ],,,,,,, [ 497887143763 ],,,, [ 20649381271 ], [ 111029627509 ],,,,,,,,,,,
  ,,,,,,,,,,,,,, [ 28651577153 ],,,,,,,, [ 12041479201 ], [ 43929013451 ],,, 
  [ 2050570897, 32168751253 ],,,,,,,,,, [ 1675087305887 ],,,,,,,,,,,,,,,,, 
  [ 1194615091, 1856237041 ],,,,,,,,,,,,,,,,,,,,,,, [ 10428610519 ],,,,,,,, [ 4485396533 ],,,
  ,,,,, [ 20800938797 ], [ 3307635941 ],,,,, [ 3574848601 ],, [ 5195785141 ],,,,,,,,,, 
  [ 3631340753 ],,, [ 3280168601 ],,,,,,, [ 2222751363307 ],,,,,,,,,,,,,, [ 220422861697 ],,,
  ,,,,, [ 18958153033 ],,, [ 3968241517 ],,,,,,,,,,,,,,,,,,,,,,, [ 204623069041 ],,,,,, 
  [ 8342734753 ], [ 40608314563 ],,,,,,,,,,,,,,, [ 1629824257 ],,, [ 3120851191 ],,,,,,,,,,,,
  ,,, [ 178353483751 ],,,,,,,,,,,,,, [ 29347801841 ],,,,,,,, [ 4487663489 ],,,,,,,,,,, 
  [ 254807547721 ],,, [ 4148831683 ],,,,,,,,,, [ 325291971649 ],,,, [ 108947191201 ],,,,,,,, 
  [ 2345022629 ],,,,,,,,,,,,,,,,,, [ 393803967307 ],,,, [ 4520153401 ], [ 2146939579 ], 
  [ 478788262613 ],, [ 3340339111 ],, [ 3635670977 ],,,,,,,,,,,,,,,,,,,,,,,,,,,,,,,,,,,,,,,,,
  ,,, [ 191404064881 ],,,,,,,,,,,, [ 1015978081 ],,,,,, [ 5211026657 ],,,,,, [ 1037801993 ],
  , [ 37533246319 ],,,,,,,,, [ 32141896711 ],,,,, [ 6924529921 ],,,, [ 68839823209 ],,, 
  [ 46498684279 ],,,,, [ 119324153857 ],,,, [ 2741609999941 ],,,, [ 1509881761 ],,,,,,,,,,,,,
  ,,,,,,,,,,,,, [ 3701202139 ],,,,,,,,,,,,,,, [ 164308110247 ],,,, [ 1164485911 ],,,,,,, 
  [ 1026078509 ],,,,,,, [ 1959191011, 3129127849 ],,,,,,, [ 1721689338727 ],,,,,, 
  [ 21498256177 ],,,,,, [ 18939902473 ],, [ 5145726601, 12129722641 ],,,,,,,,,,,,,, 
  [ 1288227319 ],,,,,,,,,,,, [ 43672877197 ], [ 1658290573 ],,,,,,,,, [ 6584958901 ],, 
  [ 37602259787 ],,,,,,,,,,,,,,,,,,,,,,,,,,,,,,,,,,,,,,,,,,,,,,,,,,,,,, [ 5316420397 ], 
  [ 5079865363 ],,, [ 141485826337 ],,, [ 1664749938889 ], [ 243568305241 ],,,,,, 
  [ 97648167137 ],,,,,,,,,,,, [ 8325079541 ],,,,,,,,,,,,,,,,, [ 1309594681 ],,,,,,,,,,,, 
  [ 4433514121 ],,,,,, [ 72875185813 ],,,,,,, [ 1088688361 ],,,,,, [ 1195920013, 5392695631 ]
   ,,,,, [ 2657098783 ],,,, [ 98376404281 ], [ 1746433753, 124795831481 ],,,,,,,,,,,,,,,,,, 
  [ 2975485759 ],,,,,, [ 1963238881 ],,,, [ 2997121861 ],,, [ 2504705869 ],,, 
  [ 29908935421 ],,,,,,,,,,,,,,, [ 3360862711, 9481800961 ],,, [ 2701410409 ],,,,,,,, 
  [ 1133234129 ],,,,,,,, [ 180453666017 ],,,, [ 175613960801 ],,,, [ 4031327917 ],,,,,,,,,,,,
  ,, [ 5273953721 ],,,,,,,,,,,, [ 1644146771 ],,,,,,,,,,,,,,,,,,,,,,,,,,,,,,,,,,,, 
  [ 1002313456483 ],,,, [ 9370627597 ],,,,,,,,,,,,,,,,,, [ 17011801129 ],,,,,,,,, 
  [ 522342594181 ],,,,,,,,,,, [ 68742396461 ],,,,,, [ 2316306631 ],,,,,,,,,,,,,,,,,,,,,,,, 
  [ 1686154193 ],,,,,,,,,, [ 1932549841 ],,, [ 16520319859 ],,,,,,,,,,,,,,, [ 205735213513 ],
  ,,,,,,,,,,,,,,,,,,,,,,, [ 44223052477 ],,,, [ 5863142749 ],, [ 2502170269 ],,,,,,,,,,,,,,,,
  ,,,,,,,,,,,, [ 1533785969 ],,,,,,,,,,,,,,,,,,,, [ 23984402389 ],,,,,,,,,,,,,,,,,, 
  [ 3019001101 ],,,,,,,,,,,,,, [ 10409910773 ],,,,,,,, [ 9107393849 ],,,,,,,,,,,,,,,,,, 
  [ 1239392771 ],,,,,,,, [ 91715289121, 3741950205883 ],,,,,,,, [ 2511065857 ],,,,,,,,,,,,,,,
  ,,,,,,,,,,,,,,,,,,,,,,,,,,,, [ 8555443219 ], [ 9579480811 ],, [ 26258597173 ],,,, 
  [ 3336406081 ],,,,,,,, [ 1952794993, 262779776977 ],,,,,,,,,,,, [ 4595505253 ],,,,,,,,,,,,,
  ,,,,, [ 196783873801 ],,,,,,,,,,,,,,,,,,,,,,,, [ 13873643551 ],,,,,,,,,,,, [ 27276239911 ],
  , [ 1503244909 ], [ 39011571271 ], [ 14499581749 ],,,,,,,,,, [ 19648368169 ],,,,,, 
  [ 54414708571 ],,,, [ 7407554617 ],,,,,,,, [ 80838842057, 6546599709919 ],,,,,,,,,,,,,, 
  [ 1465435936273 ],, [ 55770003928909 ],,,,,,,,,,,,,,,,,,,,,,,,,,, [ 19596298318561 ],,,,,,,
  ,,,, [ 1165406273, 2247710497 ],,,,,,,,,,,,,,,,,,,,,,,,,,,,,,,,,,,,,,,,,,,, 
  [ 24719340001 ],, [ 118443187021 ],,,, [ 2105490577 ],,,,,, [ 10274074417 ],,,, 
  [ 16017201337 ],,,, [ 101107940641 ],,,,,,,,,,,,,,,,,,,,,,,,,,,,,, 
  [ 7356828841, 43184606581 ],,,,,,,,,,,, [ 6882021469, 1721254773169 ],,,, [ 18322246619 ],,
  ,,,,,,,, [ 5511897049 ],, [ 4633249393 ],, [ 18869771341 ],,,,,,,,,,,,,,,,,,,,,,,,,, 
  [ 21560457253 ],,,,,,,, [ 97021336787 ],,,, [ 66346159699 ],,,,,,,,,,,,,,,,,,,,,,,,,,,,,,,
  , [ 2566032971 ],, [ 5793399109, 28060206949 ],,,, [ 4458857833 ],,,,,,,,,,,,,,,,,,,,,,,,,,
  ,, [ 3272399132213 ],,,,,,,,,,,, [ 13271951681 ],,,,,, [ 3663894389 ],,,,,,,,,,,,,,,,,,,,,,
  ,,,,,,,,,,,,,,,,,,,,,,,,,,,,,, [ 311915389141 ],,,, [ 58003751229019 ],,,,,,,, 
  [ 21709472251, 91875355609 ],,,,,, [ 1369486189 ],,,,,,,, [ 30306871681 ],,,,,,,,,, 
  [ 469665121531 ],,,,,,,,,,,, [ 4823752519 ],,,,,, [ 2592057217 ],,,,,,,,,,,, 
  [ 10540155841, 18462028201 ],,,,,, [ 7108989889 ],,,,,,,,,,,,,,,,,,,,,,,,,,,,,,,,,,,, 
  [ 32257521379 ],,,,,,,,,,,,,,,, [ 12182398801 ],,,,,,,,,,,,,,,,,,,,,,,,,,,,,,,,,,,,,,,,,,,,
  ,,,,,,,, [ 13208447591 ],,,,,,,,,,,,,,,,,,,,,,,,, [ 138145794931 ], [ 63793131377 ],,,,,,,,
  ,,,, [ 6090819841 ],,,,,,,,,,,,,,,,,,,,,,,,,,,,,,,,,, [ 70358415373 ],,,,,,,,,,,,,,,,,,,,,,
  ,,,,,,,, [ 8954712449 ],,,,,,,,,,,,,,,,,,,,,, [ 8265139609 ],,,,,,,,,,,,,,,,,,,,,, 
  [ 2990418157, 7580788601 ],,,,,,,,,,,,,,,,,,,,,,,,,,,,,,,,,,,, [ 2791590049 ],, 
  [ 5500187977 ],,,,,, [ 2231705175481 ],,,,,, [ 1788586323061 ],,,,,,,,,,,,,,,,,, 
  [ 5240864353 ],,,,,,,,,,,, [ 3571492933 ],,,,,,,,,,,,,,,,,,,,,,,,,,,,,,,,,,,,,,,,,,,,,,,,,,
  ,,,,,,,,,,,,,,,, [ 181594029403, 182978294011 ],,,,,,,,,,,,,,,,,,,,,,,,,,,,,,,,,,,,,,,,,, 
  [ 9952745833 ],,,,,,,,,, [ 58400361053 ],, [ 2813409481 ],,,, [ 41568744121 ],,,,,,,,,,,,,,
  ,,,,,,,,,,,,,,,,,,,,,,,, [ 413873374069 ],,,,,, [ 8354245546261 ],,,,,,,,,,,,,,,,,,,,,, 
  [ 2820016109 ],,,,,,,,,,,,,,,,,,,,,,,,,, [ 27434748277 ],,,,,,,,,,,, [ 845999827201 ],,,,,,
  ,,,,,,,,,, [ 74890352561 ],,,,,,,,,,,,,,,,,,,,,,,,,,,,,,,,,,,,,,,, 
  [ 4805609681, 14687765881 ],,,,,,,,,, [ 1429569571 ],,,,,,,,,,,, 
  [ 7040872603, 61267698757 ],,,,,,,,,, [ 1362378051497 ],,,,,,,,,,,,,,,,,,,,,,,,,,,, 
  [ 50595042961 ],,,, [ 18211147033 ],,,,,,,,,,,,,,,,,,,,,,,,,,,,,,,,,,,,,,,,,,,,,,,,,,,,,,,
  , [ 2274157601 ],,,,,,,,,,,,,,,,,,,,,,,,,,,,,,,,,,,,,,,,,,,,,,,,,,,,,,,,,,,,,,,,,,,,,,,,,,,
  , [ 165036332689 ],,,, [ 5602746241 ],,,,,,,,,,,,,,,,,,,,,,,,,,,,,,,, 
  [ 1841956321, 31493845729 ],,,,,, [ 15917167009 ],, [ 1855358403961 ],,,,,,,,,,,,,,,,,,,,,,
  ,,,,,,,,,,,,,,,,,,,,,,,,,,,,,, [ 8672186671849 ],,,,,,,,,,,,,,,,,,,,,,,,,,,, 
  [ 14417664429601 ],,,,,,,,,,,,,,,,,,,,,,,,,, [ 18696427723 ],,,,,,,,,,,,,,,,,, 
  [ 3163228093 ],,,,,,,,,,,,,,,,,,,,,,,,,,,,,, [ 232937563099 ],,,,,,,,,,,, 
  [ 1177221607, 13160944963 ],,,, [ 19682846611 ],,,,,,,,,,,,,,,,,,,, [ 2170509301 ],,,,,, 
  [ 4991956741, 1548913773061 ],,,,,,,,,,,,,, [ 3531261911 ],,,,,,,,,,,,,,,,,,,,,,,,,,,,,,,,,
  , [ 1416975577 ],,,,,,,,,,,,,,,,,,,,,,,, [ 209220656653 ],,,,,,,,,,,,,,,,,, [ 1812059047 ],
  ,,,,,,,,,,,,,,,,,,,,,,,,,,,,, [ 2193372637 ],,,, [ 12522817561 ],,,,,,,,,,,,,,,,,,,,,,,,,,,
  ,,,,,,,,,,, [ 236523380498641 ],,,,,, [ 55991250481 ],,,,,,,,,,,,,,,,,,,,,,,, 
  [ 199559530309 ],,,,,, [ 1443841309 ],,,,,,,,,,,,,,,,,,,,,,,, [ 1201919077 ],,,,,,,,,,,,,,,
  ,,,,,,,,,,,,,,,,,,,,,,,,,,,,,,,,, [ 210349756909 ],,,,,, [ 23202721153 ],,,,,,,,,,,,,,,,,,,
  ,,,,,,,,,,,,,,,,,,,,,,, [ 99308362229317 ],,,,,,,,,,,,,,,,,,,,,,,,,,,,,,,,,,,,,,,,,,,,,,,,,
  ,,,,,,,,,,, [ 6010716241 ],,,,,,,,,,,,,,,,,,,,,,,,,,,,,, [ 1651536937 ],,,,,,,,,,,, 
  [ 83682553153 ],,,,,,,,,,,,,,,,,,,,,,,,,,,,,,,,,,,, [ 2447183521 ],,,,,,,,,,,,,,,,,,,,,,,,,
  ,,,,,,,,,,,,,,,,,,,,,,,,,,,,, [ 24175690267 ],,,,,,,,,,,,,,,,,, [ 48507776709817 ],,,,,,,,,
  ,,,,,,,,,,,,,,,,,,,,,,,,,,, [ 4414069441 ],,,,,,,,,,,,,,,,,,,,,,,,,,,,,,,,,,,,,,,,,,,,,,,,,
  ,,,,,,,,,,,,,,,,, [ 1314779203 ],,,,,,,,,,,,,,,,,,,,,,,,,,,,,,,,,,,, [ 184487258359 ],,,,,,
  ,, [ 37663029251 ],,,, [ 440423077489 ],,,,,,,,,,,,,,,,,,,,,,,,,,,,,,,,,,,,,,,,,,,,,,,,,,,,
  ,,,,,,,, [ 1568014093, 3493996021 ],,,,,, [ 4247110141 ],,,,,,,,,,,,,,,,,, [ 6302433523 ],,
  ,,,,,,,,,,,,,,,,,,,,,,,,,,,,,,,,,,,,,,,,,,,,,,,,,,,,,,,,,,,,,,,,,,,,,,,,,,,,,,,,,,,,,,,,,,,
  ,,,,,,,,,,,,,,,,,,,,,,,,,,,,,,,,,,,,,,,,,,,,,,,,,,,,,,,,,,,,,,,,,,,,,,,,,,,,,,,,,,,,,,,,,,,
  ,,,,,,,,,,,,,,,,,,,,,,,,,,,,,,,,,,,,,,,,,,,,,,,,,,,,,,,,,,,,,,,,,,,,,,,,,,,,,,,,,,,,,,,,,,,
  ,,,,,,,,,,,,,,,,,,,,,,,,,,,,,,,,,,,,,,,,,,,,,,,,,,,,,,,,,,,,,,,,,,,,,,,,,,,,,,,,,,,,, 
  [ 2021039707 ],,,,,,,,,,,,,,,,,,,,,,,,,,,,,,,,,,,,,,,,,,,,,,,,,,,,,,,,,,,,,,,,,,,,,,,,,,,,,
  ,,,,,,,,,,,,,,,,,,,,,,,,,,,,,,,,,,,,,,,,,,,,,,,,,,,,,,,,,,,,,,,,,,,,,,,,,,,,,,,,,,,,,,,,,,,
  ,,,,,,,,,,,,,,,,,,,,,,,, [ 2058654061 ],,,,,,,,,,,,,,,,,,,,,,,,,,,,,,,,,,,,,,,,,, 
  [ 6091873657 ],,,,,,,,,,,,,,,,,,,,,,,,,,,,,,,,,,,,,,,,,,,,,,,,,,,,,,,,,,,,,,,,,,,,,,,,,,,,,
  , [ 86846665351 ],,,,,,,,,,,,,,,,,,,,,,,,,,,,,,,,,,,,,,,,,,,,,,,,,,,,,,,,,,,,,,,,,,,,,,,,,,
  ,,,,,,,,,,,,,,,,,,,,,,,,,,,,,,,,,,,,,,,,,,,,,,,,,,,,,,,,,,,,,,,,,,,,,,,,,,,,,,,,,,,,,,,,,,,
  ,,,,,,,,,,,,,,,,,,,,,,,,,,, [ 7807896223, 207999740929 ],,,,,,,,,,,,,,,,,,,,,,,,,,,,,,,,,,,
  ,,,,,,,,,,,,,,,,,,,,,,,,,,,,,,,,,,,,,,,,,,,,,,,,,,,,,,,,,,,,,,,,,,,,,,,,,,,,,,,,,,,,,,,,,,,
  ,,,,,,,,,,,,,,,,,,,,,,,,,,,,,,,,,,,,,,,,,,,,,,,,,,,,,,,,,,,,,,,,,,,,,,,,,,,,,,,,,,,, 
  [ 27302236417 ],,,,,,,,,,,,,,,,,,,,,,,,,,,,,,,,,,,,,,,,,,,,,,,,,,,,,,,,,,,,,,,,,,,,,,,,,,,,
  ,,,,,,,,,,,,,,,,,,,,,,,,,,,,,,,,,,,,,,,,,,,,,,,,,,,,,,,,,,,,,,,,,,,,,,,,,,,,,,,,,,,,,,,,,,,
  , [ 1494276638401 ],,,,,,,,,,,,,,,,,,,,,,,,,,,,,,,,,,,,,,,,,,,,,,,,,,,,,,,,,,,,,,,,,,,,,,,,
  ,,,,,,,,,,,,,,,,,,,,,,,,,,,,,,,,,,,,,,,,,,,,,,,,,,,,,,,,,,,,,,,,,,,,,,,,,,,,,,,,,,,,,,,,,,,
  ,,,,,,,,,,,,,,,,,,,,,,,,,,,,,,,,,,,,,,,,,,,,,,,,,,,,,,,,,,,,,,,,,,,,,,,,,,,,,,,,,,,,,,,,,,,
  ,,,,,,,,,,,,,,,,,,,,,,,,,,,,,,,,,,,,,,,,,,,,,,,,,,,,,,,,,,,,,,,,,,,,,,,,,,,,,,,,,,,,,,,,,,,
  ,,,,,,,,,,,,,,,,,,,,,,,,,,,,,,,,,,,,,,,,,,,,,,,,,,,,,,,,,,,,,,,,,,,,,,,,,,,,,,,,,,,,,,,,,,,
  ,,,,,,,,,,,,,,,,,,,,,,,,,,,,,,,,,,,,,,,,,,,,,,,,,,,,,,,,,,,,,,,,,,,,,,,,,,,,,,,,,,,,,,,,,,,
  ,,,,,,,,,,,,,,,,,,,,,,,,,,,,,,,,,,,,,,,,,,,,,,,,,,,,,,,,,,,,,,,,,,,,,,,,,,,,,,,,,,,,,,,,,,,
  ,,,,,,,,,,,, [ 6481869451 ],,,,,,,,,,,,,,,,,,,,,,,,,,,,,,,,,,,,,,,,,,,,,,,,,,,,,,,,,,,,,,,,
  ,,,,,,,,,,,,,,,,,,,,,,,,,,,,,,,,,,,,,,,,,,,,,,,,,,,,,,,,,,,,,,,,,,,,,,,,,,,,,,,,,,,,,,,,,,,
  ,,,,,,,,,,,,,,,,,,,,,,,,,,,,,,,,,,,,,,,,,,,,,,,,,,,,,,,,,,,,,,,,,,,,,,,,,,,,,,,,,,,,, 
  [ 123343154551 ] ]);
