BRENTFACTORS[9559]:=MakeImmutable([ ,,,,,,,,,,,,,,,, [ 378799711049, 22443779791493 ],, 
  [ 423059173169, 20773658820599, 135946617036050579923 ],, [ 10870351549 ],,,, 
  [ 546764259434590002901 ], [ 30468183877 ], [ 8892149477689 ],, [ 6512935711 ],,, 
  [ 37724895222684500336993 ], [ 291164733359427394009922582717053 ], 
  [ 150633546179, 1499618403259793, 60988940374987753 ], 
  [ 1538989196321053164076490314931450531 ], [ 93219195322772641 ], 
  [ 391695773104073, 38825651207199243785684907109607 ],, 
  [ 169762558057, 1191006512203, 122369241498058436748269131 ],, 
  [ 767850072611336218551288103 ],, 
  [ 10316625386721491, 579441487334173315416977095243485053, 
      4516410449021216779248598614451768127 ], [ 158094695801564531298443881 ], 
  [ 4953783871, 11358096121, 239518154881, 65036569797271 ],, 
  [ 83271125761, 1931403358169149, 241874263233513370013 ],, 
  [ 164684691823, 1396537201879, 154983198484914779407 ],, 
  [ 466942235917, 35902187412252248529078968674925510759089637470254367 ],, 
  [ 4234774924110169, 11838936563420033133007 ], [ 132892290631, 67410022992643 ], 
  [ 177623577957541 ], [ 126269244137, 41942751170566613400927423377 ],, 
  [ 3018524428279715999705533022321, 909496612071236914194693574708603 ], 
  [ 10007307276749, 983660507454292251085573259 ], [ 19659542021281 ],, 
  [ 63392763103, 259946991349824619, 135779609953279575998072112789763354849009 ], 
  [ 1476847261, 8481136944219756170257, 1653169833841080673684529483743693 ], 
  [ 4246316088527678063495503249581242989481573531149875221022913 ],, 
  [ 3613705086892627, 5103840853955791628772433 ], [ 3187462423 ], 
  [ 29962694549, 1380321507601, 123830422688258781629629065321366973229 ], [ 4723333591 ], 
  [ 10396626242801, 1323428537893211, 39010038708324391 ],, 
  [ 1264765632398497, 83166857731260374845266765968138976961 ],, 
  [ 37363113591272993, 33612936385357806017 ],, 
  [ 1039447577561, 199302213996701557434704144604705153022277 ], 
  [ 520158937219600603, 2422792726208478335921903, 3649124700079181519274867953627 ], 
  [ 10088777401, 507471139337198258821 ], [ 6847118003197333, 28987120244956789 ], 
  [ 376614167534619118385337469024810292528644487682481 ], 
  [ 363032562211939, 161176921605178524623665873 ], 
  [ 59651535660887609, 276120353642540317, 97631692287429456845184416701136308836925934442941
     ],,, [ 73267295432258612631871 ], [ 5168094046754953 ], 
  [ 4566343649419, 155025560905331647 ],,,, 
  [ 2625801357271, 16937455918657, 50133387386947620757, 232222129941005520499 ], 
  [ 124454264449, 1649689905749, 19308169526701248963726635389 ],, 
  [ 499141471913661710443, 1195470631502655044363995125547 ],,, [ 25356906732320768653 ], 
  [ 107527452273887983 ],, [ 696252925201 ], [ 525626252628315998651 ], 
  [ 30251203932996199 ], [ 462674914788354473703019 ], [ 268700621281, 42660011150100738473 ]
   ,, [ 142431945070181326203258882997 ],,,,, 
  [ 132030761521, 451597256917, 395305316510258322559 ], [ 9525049340106672512100372439889 ],
  , [ 8395823893 ], [ 30379086781 ],,, [ 244976889616141 ], 
  [ 9406597579121, 10986286390664747, 21810732236561259031223 ], 
  [ 19998857343978091913233334367308403915249734884309201 ], 
  [ 102921910114871, 22197404758926664499 ], [ 5719341327948923 ],,, [ 1295896868501 ], 
  [ 4091153674326769, 77890725121688263, 2099630220330729666441284389 ], [ 366477189138899 ],
  ,, [ 67815174502531, 15039356264443029057848791 ], [ 20154796973, 2599855656299551229521 ],
  , [ 2298613444521353, 33751753223559113 ], [ 1202947883 ], [ 110053257121 ], 
  [ 1859933417, 42583700183468435418281 ], [ 5226471192121 ], 
  [ 51683343241, 391256870859715181483443 ],, [ 2083994221, 1303653432670681 ], 
  [ 712921147069 ],,, [ 903294779617 ], [ 1686429451591, 11315060500001, 40232667042121 ], 
  [ 1043360093, 1619549378210193897843517 ], [ 16240242481, 3946030053412987513 ], 
  [ 57459550933, 229003535817193, 3806932755967349, 10264598848373923737654293 ],, 
  [ 29942477560130251805190279601 ], [ 707174000371483867, 1921135338115440877868903 ],, 
  [ 2266634413 ],, [ 1689324766535911 ], [ 76603077721, 479481730573 ], [ 29293346123081 ], 
  [ 5845240084676669, 74127297233920627 ],,, [ 441714296093374669 ], 
  [ 14406065387911, 7858576999763723616589, 178609195909046793770111737 ], 
  [ 2221656224520209999 ], [ 113115733961724017320088489 ], 
  [ 49323822571, 698746737151, 226798710925711, 64700131202807369281 ],, [ 940388623201 ], 
  [ 62609497533798778768129 ],, [ 733939561291, 15058565811237535201 ],, 
  [ 6238242029, 18100644652469 ], [ 1806929521007833 ], 
  [ 1570727077722379, 7008112252041361 ], 
  [ 233699461776901, 20920770681451792201, 82188867178936412981481151 ],, 
  [ 687575110489, 57600335349589, 455487496188541603 ],,, [ 1135943821 ],, 
  [ 1661985831907411194755299 ],,, [ 8963152530161 ], 
  [ 615768337581577, 76965274482125685661 ],, [ 1339379623414690657 ], [ 169762998046321 ],,,
  , [ 198084727007857 ], [ 1872750219076031428867 ], [ 1638435058651, 55118860774723591 ],, 
  [ 17839396871812768079 ],,, [ 4774620299898132001, 3373176216315021625801 ], 
  [ 1587293705365797795259 ],,,,,, [ 1565474347, 8456550016906027891 ],, [ 639422937011 ], 
  [ 214941363211, 236703636412297500601 ], [ 1010331973971137 ], 
  [ 14465605669, 1246453260757, 1326325493165213 ],,,,, [ 96481123036439 ], 
  [ 12496919218278067, 29993829066822227, 1100655675910167647 ], 
  [ 42080690131, 144461682973, 350570077153 ], [ 66143638383571930721 ],, 
  [ 136601931099343, 639719703114823 ], [ 420914474644931 ], [ 323510675330923702273 ],, 
  [ 15353655061176055637719 ], [ 314697635387581, 2350951832585259119 ],, 
  [ 155045130131, 2734195787805059 ], [ 37639032642655162321 ], [ 351288341260113381433 ], 
  [ 415548842373325942433 ],,, [ 8752689834335311 ], [ 1507576463578321 ], [ 15873439033 ], 
  [ 8768494225219, 164644054762715431, 241768206231356771, 128363060361061034569943 ],, 
  [ 139869807838669921, 91511240292863482081, 1479651769174780641841 ], 
  [ 3753542487173, 132721151436273969643 ], [ 82348112561917819, 3736641504226720013 ],,,,,, 
  [ 33855577153, 2025178163537 ], [ 1491145963 ],,,,,, [ 3334362151 ], [ 3224776185089 ], 
  [ 125591956079 ],,, [ 300624503372441 ],, [ 2793371951 ], [ 800021055503, 846195866032771 ]
    , [ 215700169486861072201 ], [ 29764724872501 ], 
  [ 649040535436987, 119122780041270939568699 ], [ 22640255952439 ],,, 
  [ 280110324961, 28150728253381, 29907181977121, 4899789389076967871052031 ], 
  [ 2518050701, 2258423443183, 837323220791377 ], [ 454244791988017 ],, 
  [ 671648950654409546341, 2828007575325553845244777674495247 ], [ 505034203844501 ],,, 
  [ 2653555871, 6038234933694871 ],, [ 2025283330561 ],,, [ 25941398650567297 ], 
  [ 190868222221, 72138997667389095409, 12109535034369158550317 ],, 
  [ 3028418609789, 13373703387615426857 ], 
  [ 299907440232877, 1373772456497057, 156271424364061432469 ], [ 1413882238193317153 ],,, 
  [ 4908208038973 ], [ 156742171921 ],, [ 52130810325667454495437 ],, 
  [ 48942478246729, 124263504338411729, 15805891002672937082593 ],, 
  [ 54862418109152574088261 ], [ 12604916689, 1702513488157, 5170519966184374018621 ], 
  [ 1650067148531101 ],, [ 100459849962319 ],, [ 3662034161, 3165781102609 ],,, 
  [ 12512406546061 ],,, [ 11512488123841 ],, [ 2388848281, 2430381097, 708642307777 ], 
  [ 320116613447089 ],,, [ 17171876081 ],, [ 40458848713, 181984571280478957 ],, 
  [ 51584231126401 ],, [ 973940712969449, 9800372146641688739 ], [ 982924020307 ], 
  [ 545664547837 ], [ 744975690390751 ],,, [ 237588309216889, 75601656682770375881 ],, 
  [ 381100723663761820398571 ], [ 12609338419, 436631620223 ],, [ 6458077459 ], 
  [ 9634153851152293 ], [ 4120741201 ], [ 12285538609 ], [ 549193083130117 ], 
  [ 53234718109 ], [ 6920607904621 ],, [ 59239557323 ], 
  [ 12876850621, 863907332903128425673 ],,, [ 9610192475581 ], 
  [ 5790285089, 54998783267, 1357888423027691634199789 ], [ 14231127913, 732184850213 ],, 
  [ 101392205921 ],,, [ 21326824993, 70280531808134209, 544437161631161569 ],,,, 
  [ 775827500998553 ],, [ 38717350951, 829423494681629615539 ], [ 53045015966479 ], 
  [ 33914735657376841 ],,, [ 35585838097023391 ],,,, [ 5541307892797 ], [ 4774726769 ],,, 
  [ 83938785617 ],,, [ 557008669166203 ], [ 81209646751 ], [ 6876111332645641 ],, 
  [ 2705094195851151648008732989 ],,, [ 2885614704757 ],, [ 6140261363 ],,,,, 
  [ 264872243035273 ],, [ 1506454171, 2224695040308706553251 ], [ 84009215956493 ], 
  [ 44009820974281 ], [ 3973979569687 ], [ 19111787551 ],, [ 450349368375427093 ], 
  [ 6592270753 ], [ 5798018376863 ],, [ 17456292001, 632874282306900001 ], 
  [ 147132961895921739761 ], [ 3064013851, 682739293546417 ],, [ 1894442423226713 ],, 
  [ 901935030319 ], [ 54942050879, 1180471749931, 852591701673377359 ], [ 212628362377 ],, 
  [ 5990330011, 10522280054655322758611 ],, [ 678579497515961 ],, [ 1706637169 ],, 
  [ 1005050177 ], [ 146501231467, 6753520784497 ],, [ 713627049672811 ],,, 
  [ 7391120267, 870208238261 ],,, [ 10452708461201 ], [ 336646606400082771391 ],, 
  [ 1655003681269, 39562631967757791377 ],, [ 2415437281 ], [ 38027660131 ], 
  [ 662496039050577323041 ], [ 79897603393 ],,,,, [ 1648681740656758831 ], [ 10006431667 ],,
  , [ 107330085617, 134761241391011 ], [ 157533215237 ], [ 706288245728411509 ], 
  [ 272222955211 ], [ 22972183853096113 ],, [ 11916502369913517377 ],, [ 20486461630851451 ],
  , [ 28303274051141 ],, [ 232243681387 ],, [ 43292673042673, 28864864390004857 ], 
  [ 13190481487 ], [ 15764139960748495114717 ],,,, 
  [ 210509421277, 258917675017, 1652567710333, 8608602046507 ],,,, [ 289237666208173 ],,,, 
  [ 13594195584740081 ], [ 11834255569 ], [ 973228561769 ], [ 1841124121, 126454026688793 ],,
  , [ 6557374097, 38720876624389 ],,,, [ 1824404008434500279041 ], [ 1559665589 ], 
  [ 140366377583, 5852752082235767, 75453048576658737587 ], [ 1363115099011 ],, 
  [ 3091452889951 ], [ 17783608483 ], [ 19437146923 ],,,, [ 4564733711 ],,,, [ 21743941231 ],
  ,,,, [ 1665932501 ],,,,, [ 30027465641 ], [ 5697323499901507 ],, 
  [ 1031575789, 74063408897 ],,, [ 8655102359 ], [ 35145332737, 77111663607809 ],, 
  [ 1756745743733911741 ],, [ 5739926153821, 27729629460736237 ],, [ 13979291383 ],,,, 
  [ 2424976579 ],,,,,,,, [ 55205984021 ], [ 222643022923 ],,,,,,,,, [ 139111313306401 ], 
  [ 3164767769, 1162473480583 ],,, [ 6092889217 ],, [ 22845199442628109 ], [ 1698103868081 ],
  [ 126836460444675181 ],, [ 32092571146260471936101 ],, [ 1942150729 ],, 
  [ 33675177527, 26153552216536756969 ], [ 27917991541411 ], [ 4795791901 ],, 
  [ 755089370073746518411387 ],,,, [ 14900463573385219 ],, [ 6643280989 ],,,,,, 
  [ 166364607432091 ],,,,,, [ 153664120081729 ], [ 1313683597 ], 
  [ 551665524673, 24421471015147 ],, [ 447003383041 ], [ 2643204887 ], [ 5129459911 ],, 
  [ 3063226536697 ], [ 886019971608440371 ],,,, [ 4951118687 ], 
  [ 7384158571, 10989032748061 ],, [ 6801756755448777121 ],, [ 2399638801429 ],, 
  [ 769129441446557, 12118229668563635893030633 ],, [ 122211372937447, 1072981517887943 ],, 
  [ 7882076424601 ],,,, 
  [ 558993416557, 43425898465561, 1636620054270532517, 2573494032242779901 ],,,, 
  [ 6542514721 ],,,,,,, [ 7138783471 ], [ 10158075313 ],, [ 15237336313, 46689657127 ],,, 
  [ 2390789143 ],,,, [ 3087262501 ], [ 84822687823817 ],, [ 138520386593 ],,,, 
  [ 7113625153 ],,, [ 24054843941, 694487535331 ],,,,,, [ 42672877633 ],,, 
  [ 2245912239724609 ],, [ 8530525609 ],,,,,,,, [ 1333345771 ],, [ 363966493633 ],,,,,,,, 
  [ 22129956853273 ], [ 8165053541 ], [ 24201158617, 30028893045337, 9338901828619969 ],,,,,,
  ,,, [ 27103370851 ], [ 22966657897 ],, [ 1120266181, 3034875489409 ],, [ 1496335921 ], 
  [ 72612157543 ],,,,,,,,, [ 855520314943521691 ],,,, [ 17279241149 ], [ 111436240231 ],, 
  [ 121586902037 ],,, [ 1615460545301, 719867172164301207901 ],, 
  [ 5462553331, 27505458270469999 ],,, [ 5056905781 ],, [ 102020856491 ],, [ 3247674270481 ],
  [ 16757389471 ],, [ 8371650433 ],, [ 187766697553 ], [ 3110737631 ],,, 
  [ 1386418511, 103319246497, 1748029420789, 366004908946493 ],,,, [ 1108526311 ],,,,,,, 
  [ 1330327636219 ],,, [ 2301472417, 4722682621303873 ],,, [ 10986732961 ], [ 17885321089 ], 
  [ 1048416403 ],,,, [ 19897333483 ],,,,, [ 2400310951 ],, [ 34328469543281 ],,,,,,,,,,,,,, 
  [ 3140395549, 412334342209 ],, [ 4413304829, 51004256473 ],,, [ 13017255551 ], 
  [ 36005736961 ],,,,,,,,,,,,,,, [ 82440740467 ],,,,,,, [ 1875256181 ],, [ 696715178495689 ],
  ,,, [ 2801650157 ],,,, [ 1300677601, 120271368468001 ],, [ 11417332151 ],, [ 301168324273 ]
   ,, [ 2283323849 ],, [ 168313889353 ],, [ 1347770829241 ],,,, [ 8494177099 ],, 
  [ 18077900641 ], [ 5236958563 ],,,,, [ 28672600399, 441599573597266369 ], [ 10472602577 ],
  , [ 3991670101 ], [ 6114511933501615099 ],, [ 6867034575020749 ], [ 28569384942383 ],, 
  [ 1188389833 ], [ 1176346399489 ],, [ 36038452717 ],, 
  [ 153507227897, 10069611124189, 2929714436575873 ], [ 10896889609 ],,,,,,, [ 2554641989 ],,
  , [ 33025893671 ],,,,,,, [ 12499679459 ], [ 18227613331 ], [ 2963513089 ],, 
  [ 28717187546945899 ],, [ 8103885781 ],, [ 190850209211, 17777907298457 ],,,,,, 
  [ 91537810477, 4929068864021 ],, [ 42742018591 ],,,, [ 195335885939 ],, 
  [ 30124315489, 429425034989694937 ], [ 111931688909 ],, [ 1657523269 ],,,,,,,,, 
  [ 905626704097 ], [ 8273277587, 965978332201 ], [ 6407045921 ], [ 41185368379 ],,,,,,, 
  [ 441968162509 ],,,, [ 3148898029791977 ],, [ 276953998873, 1463485805209 ],,,, 
  [ 185384870854577 ],, [ 238453052111, 161243774667431, 238556625237841 ],,,, 
  [ 8789780005961 ],, [ 2087386966513 ],,,, [ 1898217082961 ],,,, [ 26177674512529 ],,,,,, 
  [ 214561064461 ],,,, [ 63014826197, 1088382874454003 ],, [ 3187015417 ],,,, 
  [ 2491705001, 58573769741 ],, [ 19925851146067, 224399871307207 ],, 
  [ 137977597297, 525133523908561 ], [ 14388305401 ],,, [ 30618556018657 ],, [ 261157318001 ]
   ,,,,,,,, [ 466278806137, 1420969201621 ],, [ 149446180801, 1093542383041 ],, 
  [ 3001436153 ], [ 36021432943 ],,, [ 733801276867 ],, [ 2985396203417 ],,,,, 
  [ 23285509073 ], [ 50815399482649 ],,, [ 4467115607 ], [ 2440587950557 ], [ 3349113967 ],, 
  [ 6910731019 ],,,,, [ 4836837791, 37523666603 ], [ 3576323437 ],, [ 6143068667 ],,,,, 
  [ 7251585282439 ],,,,,, [ 33827125001 ], [ 7916931023 ],,,,,,,,,,,,, [ 3537136201 ],,,,,,,,
  ,,,,,,,,,,, [ 14631814871 ],, [ 241109395831 ],, [ 1166141759 ],,,,,,, [ 247426506852409 ],
  ,,,,, [ 440777871711451 ],,,,,, [ 1520555721784837057 ],,,, [ 12245111521 ],,, 
  [ 25360271633 ],, [ 102088861591 ],,,, [ 22774925273 ],,,, [ 2629043141, 3103862809 ],,,, 
  [ 342057168757 ], [ 7296545411 ],,,,,,,,,,,,,,,,,,,,,,,,,,,,,,,, 
  [ 5594347831, 59853057068851 ],,,, [ 21692244689 ],,,,, [ 20744585977 ],,,,,,,,,,, 
  [ 12796249951 ], [ 4648563817 ],,,,,, [ 120199262551 ],,,,,,,,,,,, [ 6471400099 ],, 
  [ 2651049959 ],, [ 7602944263 ],, [ 16979070571 ], [ 1814684177 ],,,,, [ 18623851777 ],, 
  [ 515439662443 ],,, [ 1355964721 ],,,, [ 2102695921, 9801820081 ],,,,,, [ 1155145993 ],, 
  [ 2628277031 ], [ 2047170799 ], [ 50856186483961 ],,,,,,,,,, [ 2324409151 ],,,,,,,,,, 
  [ 33897335784001 ],, [ 1257205002847 ],,,,,,,, [ 920706379231 ],,,, [ 181404902449 ],,,,,,,
  ,,,, [ 2670039401 ], [ 14674836263 ],,,,,,,,, [ 3152060861 ],,,,,, [ 66729264961 ],, 
  [ 7383345421, 431010013831 ],,,,,,,,,,,,,,,,,,,,,,,,,,,,,,,,, [ 8809232213 ], 
  [ 45904099357 ],,,,,,,,,,,,,,,,,,, [ 353583425077777 ],,,,,, [ 54195253939 ], 
  [ 202838221523809 ], [ 430409549593 ], [ 1628770501 ],,,,, [ 1714478221 ],,,,,,,,,,,,,,,,,,
  ,,,,,,,,,,,,,,,,,,,,,,,,,, [ 299350881343 ],,,,,,,,,,,,,, [ 8372968489 ],,,,,,,,,, 
  [ 3159450841 ],,,,,,,, [ 3721640077 ],, [ 11039353901 ],, [ 12287106551 ],,,, 
  [ 602532760226003 ],,,,, [ 1029052214503 ],,,,,,,,, [ 1208234369 ],,, [ 321558233639 ], 
  [ 1018042117 ],, [ 21741730459 ],,,,,, [ 2772737441 ],, [ 1272331449811 ],,,,,,,,,, 
  [ 131973362009 ], [ 2641924657 ],, [ 1533311851 ],,,, [ 8339341727 ], [ 4593064321 ],,,,,, 
  [ 3077356957 ],,,,,,,, [ 1328742263 ],, [ 4319529761 ],,,,,,,,,,,,,, [ 1188891901 ],,,,,,,
  , [ 3084432289 ],,,,,,,,,,,,,,,,,,,,,,,,,,,,,,, [ 15235509853 ],,,,,,,,,, [ 5996647441 ],,,
  ,,,,,,,, [ 1170320312611 ],,, [ 12893626423063 ],,,,,,,, [ 48169758407 ],,,,,,,, 
  [ 19509915233 ],,, [ 143772825761 ],, [ 7307933641, 15497137573 ],,,,,,,,,, 
  [ 39527065841 ],,,,,,,, [ 9672910573 ], [ 23067496576697 ],,,,,,,,, [ 1261396627 ],,,, 
  [ 10637127541 ],, [ 27497123573 ],,,,,,,,,,,,,,, [ 44479210441 ],,,, 
  [ 6239241781, 23234542739 ],,,,,,,,,,,,,,,,,,,,,, [ 7288836697 ],,,,,,,, [ 36801305329 ],,,
  ,,,, [ 13426585813 ],,, [ 21985453837 ],,,,,,,,,,,,,,,, [ 6294637931 ],,,, 
  [ 3800767184771 ],,,,,,,,,,,,,,,,,,,, [ 4822906943, 24402741791 ],,,,,,, [ 46593554701 ], 
  [ 1224064591 ],, [ 2059238227 ],,,,,,,,,, [ 46367155651 ],,,,,, [ 3635201839, 69951523267 ]
   ,,,,,,,,,,,,,, [ 1118778233, 7889101793 ],,,,,, [ 3776345641 ],, [ 294920848531 ],,, 
  [ 43442606549 ], [ 3327705187 ],,,,,, [ 96610448731 ],, [ 3474049261, 733329849823 ], 
  [ 1263854693 ], [ 1101033979 ],,,, [ 21540348619 ],,,,,, [ 9153997829 ],,, [ 428832284443 ]
   ,,,,,,,,,,,,,, [ 1403173201 ],,, [ 3924577183 ], [ 1744172161 ], [ 5883992999 ],,,,, 
  [ 5101132123 ],, [ 11488876249 ],,,,,, [ 577475042743 ], [ 11410669698341 ],, 
  [ 34031801641 ],,,,, [ 1451011847 ],,, [ 572997306388201 ],,, [ 193503937313 ],, 
  [ 23645467141 ],, [ 1454978017 ],,,, [ 1069945433 ],,,, [ 1111119101 ], [ 38173373763373 ],
  ,,,,,,,,,,,,,,,,,,,,,,, [ 158527233901 ], [ 1640383291 ],,,,,,,, [ 1089225001 ],,,,, 
  [ 123805986877 ],,,,,,,,, [ 3931971881 ],, [ 6701287121 ],,,,,,,,,, [ 2232253721 ],, 
  [ 1614648727 ],,,,,,,,,,,,, [ 6239711981 ], [ 158664405169 ],,,,,,,,,,,,,,,, 
  [ 14285599777 ],,,,,,,, [ 1567478401 ],,,,,,,,,,,,,, [ 166272602017 ],, [ 12602066753 ],,,,
  , [ 87158252509 ],,,,,, [ 87838355947 ],,,,, [ 1707849697 ],, [ 72435825391 ],,,,, 
  [ 6151361869 ], [ 72503028361 ],, [ 998773247881 ],,,,,,,,,,,,, [ 17982477701 ], 
  [ 13296646273 ],,,,,,,, [ 1968207361 ], [ 2563702931 ],,,,, [ 441393428118271 ],,,, 
  [ 1497468079, 12242226809 ],,,,,,,,,,,,,,,,,, [ 7742398356181 ],, 
  [ 3009449711, 14277246001 ],,,,, [ 4438008319 ],,,,,,,,,,,,,,,,,,, [ 6343088663623 ],, 
  [ 76731221761 ],,,,,,,, [ 13201299457 ],,,,,, [ 1000614317 ], [ 249141221221 ], 
  [ 6197990873 ],,,,,,,, [ 8444082001 ],,,,,,,,,,,, [ 1146892429, 1633774633 ],, 
  [ 1640807503, 416944925239 ],, [ 112000911361 ],, [ 13370801791 ],,,,,, [ 58735817929 ],, 
  [ 270894039571 ],, [ 3707040737 ],,, [ 1337623981 ],,,,,,,,,, [ 3228291151 ],,,,,,,,,,,,,,,
  ,,,,,,,,,,,,,, [ 3537527533 ],, [ 3883696561 ],,,, [ 134944107161 ],,,,,,,,,,, 
  [ 9751726279 ],,, [ 3070445149 ],,,,,,,, [ 2867990291 ],,, [ 3285798851 ],,,,,,,,,,,,,,,,,,
  ,,,,,,, [ 1834501681 ],,,,,, [ 377247315421, 1179986381929 ],,,,,,,,,,,,,,,, 
  [ 4188855553 ],,,,,, [ 1056105137 ],,,,,,,,,, [ 714874351073 ], [ 90836034139 ],,,,,,,,,,,
  , [ 1952735689 ],,, [ 1192623169, 1646389141 ],, [ 280996875829 ],,,, [ 67219877251 ],, 
  [ 4582243489 ], [ 10470529117 ],,,,,,,,,,,,,,,,,,,,,,,, [ 9792921601 ],,,,,,,,,,,,, 
  [ 21470208731 ],,,,,,,,,,,,,,,,,, [ 1226623529 ],,,,,,,,,,,,,,,,,,,, [ 412591246777 ],, 
  [ 1500308044561 ],,,,,,,,,, [ 21064743181, 1531219341601 ],,, [ 51585512353 ],,, 
  [ 1774021741 ],,,,,, [ 793308615457 ],,,,,,,, [ 2657145241, 6754020281 ],,,, 
  [ 1093703488921 ],,,,,,,,, [ 4407671899 ],,,,,, [ 331494898723 ],,,,,,,,,,,,,,,,,,,,,,,,,,
  , [ 19939140343 ],,,, [ 1082988931 ],,,,,,,,,,, [ 2339852923 ],,,,,,,,,,,,,,,,,,,,,,,,, 
  [ 594168169891 ],,,,,,,,,,,,,,,,,,,,,,,,,,,,,, [ 201884529989 ],,,,,,,, [ 74707340797 ],,, 
  [ 41235563820133 ], [ 15103254721 ],, [ 20725417891 ],,,,,,,,,,,,,,,,,,,,,, 
  [ 616037557073 ],,,,, [ 1065848821 ],,,,,,,,, [ 40090451647, 1805578611301 ],,,,,,,,,,,,,,,
  ,,,,, [ 2053725809, 19749805741 ],, [ 512030397061 ],,,,, [ 103793654893 ],,,,,,,,,,,,,,,,,
  , [ 23003857957 ],,,,,,,,,,,,,,,,,,,,, [ 2913895296001 ],,,,,,,,,,,,,,,, [ 2364678817 ],,,,
  ,,,,,,,,,,,,,,,,,, [ 5895602621 ],,,,,,,,,,,,,,,,,,,,,,,,,,,,,,,,,,,,, [ 1094584807 ],,,,,,
  ,,,,,,,,,,,,,,,,,,,,,,,,,,, [ 50219249401 ],,,,,,,,,,,,,, [ 1038794357 ],,,,,,,, 
  [ 679721714873 ],,,,,,,, [ 109873755811 ],,,,,,,,,,,,,, [ 5274571681 ],,,,,,,,,,,,,,,, 
  [ 281244013801 ],,,, [ 2355301141 ],,,,,,,,,,,,,, [ 1245738541 ],,,,,,,,,,,,,,,,,,,,,,,,,,,
  ,,,,,,,,,,,,,,,,,,,,,,,,, [ 2292138691 ],,,,,,,,,,,,,,,,, [ 2664774919 ],,,,,,,,,,,,,,,,, 
  [ 550132064353 ],,,,,,,,,,,,,,,, [ 2499494401 ],, [ 17353498999 ],,,,,,,,,,,,,,,,,,,,,,,,,,
  ,,,,,,,, [ 153714467233 ],,,,,,,,,, [ 444711591941 ],,,,,,,, [ 2654105203 ],,,, 
  [ 23189871979 ],,,,,,,,,,,,,,,, [ 82333267661 ],,,, [ 2698929487 ],,, [ 1136425879 ],,,,,,,
  ,,,,,,,,,,,,,,,,,,,,,,,,,,,,,,,,,,,,,,,,,, [ 44499743681 ],, [ 3651857233 ],,,,,,,,,,,,,,,,
  ,,,,,,,,,,,,,,,,,,,,,,,,,,,,,,,,,,,,,,,,,,,,,,,,,,,,,,,,,,,,,,,,,,,,,,,,,,,,,,,,,,,,,, 
  [ 40427187373 ],,,,,,,,,,,, [ 7234156958437 ],,,,,,,,, [ 3433038181, 10308331441 ],,,,,,,,,
  ,,,, [ 113919773633 ],,,,,,,,,,,,,,,,,, [ 2412776941 ],,,,,, [ 3304474091621 ],,,,,, 
  [ 12066929561 ],,,,,,,, [ 946861791697 ],,,,,, [ 3365545849 ],,,,,,,,,,,,,,,,,, 
  [ 1646659381 ],,,, [ 1593157303 ],,,,,, [ 16059560021 ],, [ 1150846849 ],,,,,,,,,,,,,,,,,,,
  , [ 48044835211 ],,,,,,,,,,,,,,,,,, [ 12945482821 ],,,,,,,,,,,,,,,,,,,,,,,,, 
  [ 357550339051 ],,, [ 1938118177, 13712643457 ],, [ 1513120351 ],,,,,,,,,,,, 
  [ 1607565493 ],,,,,,,,,,,,, [ 72394097101 ],,,,,,, [ 7323767573, 30206607157 ],,,,,, 
  [ 1137929729 ],,,,,, [ 85352077003 ],,,, [ 5555637019 ],,,,,,,,,,,,,,,,,,,,,,,,,,,,,,,,,,,,
  ,,,,,, [ 7154841461 ],,,,,,,,,,,,,,,,,,,,,,,,,, [ 8205128933, 363813610031 ],, 
  [ 1979623278001 ],,,,,,,,,,,,,,,,,,,,,,,, [ 1973770657 ],,,,,,,,,,,,,,,,,,,,,,,,,,,,,,,,, 
  [ 2151127441 ],,,,,,,,,,,,,,, [ 37883822881 ],,,,,, [ 2464990228849 ],,,,,,,,,, 
  [ 4686020921 ],,,,,,,,,, [ 3568441861 ],,,,,,,,,,,,,,,,,,,, [ 23513712791 ],,,, 
  [ 26263888351 ],,,, [ 3338382499 ],,,,,, [ 1720726741 ],, [ 15263962099 ],,,,,,,,,,,,,,,,,,
  ,,,,,,,, [ 20275666657, 606435284129 ],,,,,,,,,,,,,,,,,,,,,,,,,,,,,,,,,,,,,,,,,,,,,,,,,, 
  [ 1883932399 ],,,,,, [ 17328253849 ],, [ 6412156759 ],,,,,,,, [ 1701431533 ],, 
  [ 1104747697 ],,,, [ 15844057057921 ],,,,,,,,,,,,,, [ 3936191113 ],,,,,, [ 16698749934121 ]
   ,,,,,,,,,,,,,,,,,,,,,,,, [ 3770360329 ],, [ 1104889559 ],,,,,,,,,,,,,,,,,,,,,,,,,,,,,,,,,,
  ,,,,,,,,,,,, [ 1540901749 ],,,,,,,,,,,,,,,,,,,,,,,,,,,,,,,,,,,,,,,,,,,,,,,,,,,,,,,,,,,,,,,,
  ,,,,,,,,,,,,,,,,,,,,,,,,,,,,,,,,,,,,,,,,,,,,,,,,,,,,,,,, [ 40286542609 ],,,,,, 
  [ 5816248883023 ],,,,,,,,,,,,,,,,,,,,,,,, [ 129678520561 ],,,,,,,,,,,,,,,,,,,,,,,,,,,,,, 
  [ 4601407849 ],,,,,,,,,,,,,,,,,,,,,,,,,,,,,,,,,,,,,,,,,,,,,,,, [ 45889854121 ],,,,,,,,,,,,,
  ,,,,,,,,,,,,,,,,, [ 11077437001 ],,,,,,,,,,,,,,,,,,,, [ 1648466891 ],,,,,,,,,,,,,,,,,,,,,,,
  ,,,,,,,,,,,,,,,,,,,,,,,,,,,,,,,,,,,,,,,,,,,,,,,,,,,,,,,,,,,,,,, [ 53270962177 ],,,,,,,,,,,,
  ,,,,,,,,,,,,,, [ 7205334319 ],,,,,,,,,,,,,,,,,,,,,,,,,,,,,, [ 4260329833, 320713777880281 ]
   ,,,,,,,,,,,,,,,,,,,,,,,, [ 6178630033 ],,,,,,,,,,,,,,,,,,,,,,,,,,,,,,,,,,,,,,,,,,,, 
  [ 3388660001 ],,,,,,,,,,,,,,,,,,,,,,,,,,,,,,,,,, [ 6899115931 ],,,,,,,,,,,,,,,,,, 
  [ 36812080321 ],,,,,,,,,,,,,,,,,,,,,,,,,,,,,,,,,,,,,,,, [ 3805102841 ],,,,,,,,,,,,,,,,,,,, 
  [ 3507553531249 ],,,,,,,,,,,,,,,,,, [ 1355564401 ],,,,,, [ 1203327577 ],,,,,,,,,,,,,, 
  [ 140875939091 ],,,,,,,,,,,,,,,,,,,,,,,,,,,,,,,,,,,,,,,,,,,,,,,,,,,,,,,,,,,,,,,,,,,,,,,,,,,
  ,,,,,,,,,,,,,,,,,,,,,,,,,,,,,,,,,,,,,,,,,,,,,,,,, [ 18911983357 ],,,,,, [ 1209852001 ],,,,,
  ,,,,, [ 6829718501 ],,,,,,,,,,,,,, [ 4167160453 ],,,,,, [ 129952313851 ],,,,,,,,,,,,,,,,,, 
  [ 47652506833 ],, [ 1192395751 ],,,,,,,,,,,,,,,,,,,,,,,,,,,,,,,, [ 4953810973 ],,,,,,,,,,,,
  ,,,,,,,,,,,,,,,,,,,, [ 16421087581 ],,,,,, [ 3125074261 ],,,,,, [ 7020038269 ],,,,,,,,,,,,,
  ,,,,,,,,,,,,,,,,,,,,,,, [ 18643962709 ],,,,,,,,,,,, [ 2233793407, 3543653863, 3547341649 ],
  ,,,,,,,,,,,,,,,,,,,,,,,,,,,,, [ 2325206580481 ],,,,,,,,,,,,,,,,,,,,,,,, [ 8550086833 ],,,,,
  , [ 18043247197477 ],,,,,,,,,,,,,,,,,,,,,,,,,,,,,,,,,,,,,,,,,,,,,,,,,,,,,,,,,,,,,,,,,,,,,,,
  ,,,,,,,,,,,,, [ 79799975113 ],,,,,,,,,,,,,,,,,,,,,,,,,,,,,,,,,,,,,,,,,,,,,,,,,,,,,,,,,,,, 
  [ 2418761179 ],,,,,,,,,,,,,,,,,,,,,,,,,,,,,,,,,,,,,,,,,,,,,,,,,,,,,,,,,,,,,,,,,, 
  [ 25896672001 ],,,,,,,,,,,,,,,,,,,,,,,,,, [ 6841662241 ],,,,,,,,,,,,,,,,,,,,,,,,,,,, 
  [ 4278828143857 ],,,,,,,,,,,, [ 1998709441 ],,,,,,,,,,,,,,,,,,,,,,,,,,,,,, [ 6594673681 ],,
  ,,,,,,,,,,,,,,,,,,,,,,,,,,,,,,,,,,,,,,,, [ 1974580609 ],,,,,,,,,,,,,,,,,,,,,,,,,,,, 
  [ 8446799341 ],,,,,,,,,,,,,, [ 6546796453 ],,,,,,,,,,,,,,,,,,,,,,,,,,,,,,,,,,,,,,,,,,,,,,,,
  ,,,,,, [ 3904678021 ],,,,,,,,,,,,,,,,,,,,,,,,,,,,,,,,,,,,,,,,,,,,,,,,,,,,,, [ 5502117697 ],
  ,,,,,,,,,,,,,,,,,,,,,,,,,,,,,,,,,,,,,,,,,,,,,,,,,,,,,,,,,,,,,,,,,,,,,,, [ 2232554377 ],,,,,
  , [ 2401447501 ],,,,,,,,,,,,,,,,,,,,,,,,,,,,,,,,,,,,,,,,,,,,,,,,,,,,,,,,,,,,,,,,,,,,,,,,,,,
  ,,,,,,,,, [ 2413890517 ],,,,,,,,,,,,,,,,,,,,,,,,,,,,,,,,,,,,,,,,,,,,,,,,,,,,,,,,,,,,,,,,,,,
  ,,,,,,,,,,,,,,,,,,,,,,,,,,,,,,,,,,,,,,,,,,,,,,,,,,,,,,,,,,, [ 1066155150481 ],,,,,,,,,,,,,,
  ,,,,,,,,,,,,,,,,,,,,,,,,,,,,,,,,,,,,,,,,,,,,,,,,,,,,,,,,,,,,,,,,,,,,,,,,,,,,,,,,,,,,,,,,,,,
  ,,,,,,,,,,,,,,, [ 126268246681 ],,,,,,,,,,,,,,,,,,,,,,,,,,,,,,,,,,,,,,,,,,,,,,,,,,,,,,,,,,,
  , [ 2892824101 ],,,,,,,,,,,,,,,,,,,,,,,,,,,,,,,,,,,,,,,,,,,,,,,,,,,,,, 
  [ 11738263573, 262578686203 ],,,,,,,,,,,,,,,,,,,,,,,,,,,,,,,,,,,,,,,,,,,,,,,,,,,,,,,,,,,,,,
  ,,,, [ 8951130901 ],,,,,,,,,,,,,,,,,,,,,,,,,,,,,,,,,,,,,,,,,,,,,,,,,,,,,,,,,,,,,,,,,,,,,,,,
  ,,,,,,,,,,,,,,,,,, [ 1099520041 ],,,,,,,,,,,, [ 62929973107 ],,,,,,,,,,,,,,,,,,,,,,,,,,,,,,
  ,,,,,,,,,,,,,,,,,, [ 1764558871, 7858722931 ],,,,,,,,,,,,,,,,,,,,,,,,,,,,,,,,,,,,,,,,,,,,,,
  ,,,,,,,,,,,,,,,,,,,,,,,,,,,,,,,,,,,,,,,,,,,,,,,,,,,,,,,,,,,,,,,,,,,,,,,,,,,,,,,,,,,,,,,,,,,
  ,,,,,,,,,,,,,,,,,,,,,,,,, [ 1035774517 ],,,,,,,,,,,,,,,,,,,,,,,,,,,,,, [ 1397005507 ],,,,,,
  ,,,,,,,,,,,, [ 1739737981 ],,,,,,,,,,,,,,,,,,,,,,,,,,,,,,,,,,,, [ 43306039057 ],,,,,,,,,,,,
  ,,,,,,,,,,,,,,,,,,,,,,,,,,,,,,,,,,,,,,,,,,,,,,,,,,,,,,,,,,,,,,,,,,,,,,,,,,,,,,,,,,,,,,,,,,,
  ,,,,,,,,,,,,,,,,,,,,,,,,,,,,,,,,,,,,,,,,,,,,,,,,,,,,,,,,,,,,,,,,,,,,,,,,,,,,,,,,,,,,,,,,,,,
  ,,,,,,,,,,,,,,,,,,,,,,,,,,,,,,,,,,,,,,,,,,,,,,,,,,,,,,,,,,,,,,,,,,,,,,,,,,,,,,,,,,,,,,,,,,,
  ,,,,,,,,,,,,,,,,,,,,,,,,,,,,,,,,,,,,,,,,,,,,,,,,,,,,,,,,,,,,,,,,,,,,,,,,,,,,,,,,,,,,,,,,,,,
  ,,,,,,,,,,,,,,,,,,,,,,,,,,,,,,,,,,,,,,,,,,,,,,,,,,,,,,,,,,,,,,,,,,,,,,,,,,,,,,,,,,,,,,,,,,,
  ,,,,,,,,,,,,,,,,,,,,,,,,,,,,,,,,,,,,,,,,,,,,,,,,,,,,,,,,,,,,,,,,,,,,,,,,,,,,,,,,,,,,,,,,,,,
  ,,,,,,,,,,,,,,,,,,,,,,,,,,,,,,,,,,,,,,,,,,,,,,,,,,,,,,,,,,,,,,,,,, [ 14491709641 ],,,,,,,,,
  ,,,,,,,,,,,,,,,,,,,,,,,,,,,,,,,,,,,,,,,,,,,,,,,,,,,,,,,,,,,,,,,,,,,,,,,,,,,,,,,,, 
  [ 1616969971 ],,,,,,,,,,,,,,,,,,,,,,,,,,,,,,,,,,,,,,,,,,,,,,,,,,,,,,,,,,,,,,,,,,,,,,,,,,,,,
  ,,,,,,,,,,,,,,,,,,,,,,,,,,,,,,,,,,,,,,,,,,,,,,,,,,,,,,,,,,,,,,,,,,,,,,,,,,,,,,,,,,,,,,,,,,,
  ,,,,,,,,,,,,,,,,,,,,,,,,,,,,,,,,,,,,,,,,,,,,,,,,,,,,,,,,,,,,,,,,,,,,,,,,,,,,,,,,,,,,,,,,,,,
  ,,,,,,,,,,,,,,,,,,,,,,,,,,,,,,,,,,,,,,,,,,,,,,,,,,,,,,,,,,,,,,,,,,,,,,,,,,,,,,,,,,,,,,,,,,,
  ,,,,,,,,,,,,,,,,,,,,,,,,,,,,,,,,,,,,,,,,,,,,,,,,,,,,,,,,,,,,,,,,,,,,,,,,,,,,,,,,,,,,,,,,,,,
  ,,,,,,,,,,,,,,,,,,,,,,,,,,,,,,,,,,,,,,,,,,,,,,,,,,,,,,,,,,,,,,,,,,,,,,,,,,,,,,,,,,,,,,,,,,,
  ,,,,,,,,,,,,,,,,,,,,,,,,,,,,,,,,,,,,,,,,,,,,,,,,,,,,,,,,,,,,,,,,,,,,,,,,,,,,,,,,,,,,,,,,,,,
  ,,,,,,,,,,,,,,,,,,,,,,,,,,,,,,,,,,,,,,,,,,,,,,,,,,,,,,,,,,,,,,,,,,,,,,,,,,,,,,,,,,,,,,,,,,,
  ,,,,,,,,,,,,,,,,,,,,,,,,,,,,,,,,,,,,,,,,,,,,,,,,,,,,,,,,,,,,,,,,,,,,,,,,,,,,,,,,,,,,,,,,,,,
  ,,,,,,,,,,,,,,,,,,,,,,,,,,,,,,,,,,,,,,,,,,,,,,,,,,,,,,,,,,,,,,,,,,,,,,,,,,,,,,,,,,,,,,,,,,,
  ,,,,,,,,,,,,,,,,,,,,,,,,,,,,,,,,,,,,,,,,,,,,,,,,,,,,,,,,,,,,,,,,,,,,,,,,,,,,,,,,,,,,,,,,,,,
  ,,,,,,,,,,,,,,,,,,,,,,,,,,,,,,,,,,,,,,,,,,,,,,,,,,,,,,,,,,,,,,,,,,,,,,,,,,,,,,,,,,,,,,,,,,,
  ,,,,,,,,,,,,,,,,,,,,,,,,,,,,,,,,,,,,,,,,,,,,,,,,,,,,,,,,,,,,,,,,,,,,,,,,,,,,,,,,,,,,,,,,,,,
  ,,,,,,,,,,,,,,,,,,,,,,,,,,,,,,,,,,,,,,,,,,,,,,,,,,,,,,,,,,,,,,,,,,,,,,,,,,,,,,,,,,,,,,,,,,,
  ,,,,,,,,,,,,,,,,,,,,,,,,,,,,,,,,,,,,,,,,,,,,,,,,,,,,,,,,,,,,,,,,,,,,,,,,,,,,,,,,,,,,,,,,,,,
  ,,,,,,,,,,,,,,,,,,,,,,,,,,,,,,,,,,,,,,,,,,,,,,,,,,,,,,,,,,,,,,,,,,,,,,,,,,,,,,,,,,,,,,,,,,,
  ,,,,,,,,,,,,,,,,,,,,,,,,,,,,,,,,,,,,,,,,,,,,,,,,,,,,,,,,,,,,,,,,,,,,,,,,,,,,,,,,,,,,,,,,,,,
  ,,,,,,,,,,,,,,,,,,,,,,,,,,,,,,,,,,,,,,,,,,,,,,,,,,,,,,,,,,,,,,,,,,,,,,,,,,,,,,,,,,,,,,,,,,,
  ,,,,,,,,,,,,,,,,,,,,,,,,,,,,,,,,,,,,,,,,,,,,,,,,,,,,,,,,,,,,,,,,,,,,,,,,,,,,,,,,,,,,,,,,,,,
  ,,,,,,,,,,,,,,,,,,,,,,,,,,,,,,,,,,,,,,,,,,,,,,,,,,,,,,,,,,,,,,,,,,,,,,,,,,,,,,,,,,,,,,,,,,,
  ,,,,,,,,,,,,,,,,,,,,,,,,,,,,,,,,,,,,,,,,,,,,,,,,,,,,,,,,,,,,,,,,,,,,,,,,,,,,,,,,,,,,,,,,,,,
  ,,,,,,,,,,,,,,,,,,,,,,,,,,,,,,,,,,,,,,,,,,,,,,,,,,,,,,,,,,,,,,,,,,,,,,,,,,,,,,,,,,,,,,,,,,,
  ,,,,,,,,,,,,,,,,,,,,,,,,,,,,,,,,,,,,,,,,,,,,,,,,,,,,,,,,,,,,,,,,,,,,,,,,,,,,,,,,,,,,,,,,,,,
  ,,,,,,,,,,,,,,,,,,,,,,,,,,,,,,,,,,,,,,,,,,,,,,,,,,,,,,,,,,,,,,,,,,,,,,,,,,,,,,,,,,,,,,,,,,,
  ,,,,,,,,,,,,,,,,,,,,,,,,,,,,,,,,,,,,,,,,,,,,,,,,,,,,,,,,,,,,,,,,,,,,,,,,,,,,,,,,,,,,,,,,,,,
  ,,,,,,,,,,,,,,,,,,,,,,,,,,,,,,,,,,,,,,,,,,,,,,,,,,,,,,,,,,,,,,,,,,,,,,,,,,,,,,,,,,,,,,,,,,,
  ,,,,,,,,,,,,,,,,,,,,,,,,,,,,,,,,,,,,,,,,,,,,,,,,,,,,,,,,,,,,,,,,,,,,,,,,,,,,,,,,,,,,,,,,,,,
  ,,,,,,,,,,,,,,,,,,,,,,,,,,,,,,,,,,,,,,,,,,,,,,,,,,,,,,,,,,,,,,,,,,,,,,,,,,,,,,,,,,,,,,,,,,,
  ,,,,,,,,,,,,,,,,,,,,,,,,,,,,,,,,,,,,,,,,,,,,,,,,,,,,,,,,,,,,,,,,,,,,,,,,,,,,,,,,,,,,,,,,,,,
  ,,,,,,,,,,,,,,,,,,,,,,,,,,,,,,,,,,,,,,,,,,,,,,,,,,,,,,,,,,,,,,,,,,,,,,,,,,,,,,,,,,,,,,,,,,,
  ,,,,,,,,,,,,,,,,,,,,,,,,,,,,,,,,,,,,,,,,,,,,,,,,,,,,,,,,,,,,,,,,,,,,,,,,,,,,,,,,,,,,,,,,,,,
  ,,,,,,,,,,,,,,,,,,,,,,,,,,,,,,,,,,,,,,,,,,,,,,,,,,,,,,,,,,,,,,,,,,,,,,,,,,,,,,,,,,,,,,,,,,,
  ,,,,,,,,,,,,,,,,,,,,,,,,,,,,,,,,,,,,,,,,,,,,,,,,,,,,,,,,,,,,,,,,,,,,,,,,,,,,,,,,,,,,,,,,,,,
  ,,,,,,,,,,,,,,,,,,,,,,,,,,,,,,,,,,, [ 1237909303 ] ]);
