BRENTFACTORS[5861]:=MakeImmutable([ ,,,,,,,,,,,,,,,, [ 120707183326393019 ],, 
  [ 6484894612131381139 ],,, [ 316572560393 ], 
  [ 817580255508427319258519446663, 167869304667288926385063405961521029 ], [ 878684806729 ],
  [ 30393365109881101, 239434173257380324685251 ],,, [ 21070466453 ], [ 15402345342619 ],, 
  [ 3296490091, 697057879197901345860409071465853, 
      798074178176307995042499860639518241940049971383123 ], 
  [ 10079122369, 26583012410658433 ],,, 
  [ 31090105621, 327789126051450071, 49772603451597073601 ],, 
  [ 32798614999, 48882484910267, 237168077730038313096229, 
      11310717038718124026077849071840262756346443, 
      1031575274016294739254405764251625069504946247 ], [ 17748403577, 91883497784563097 ],, 
  [ 2002022728342974239154521 ], 
  [ 60748693850373283, 36542245760530751524403003428941418710906749 ],, 
  [ 2177229441707029, 3340824336639931728020406149, 
      1627221880906646890690133198767397189120828481976139 ], [ 77598035064089 ],, 
  [ 3518163715309, 773720096439929654297 ],, [ 231889223285999569, 4807739754750655969 ],,, 
  [ 271282743379 ], [ 6251193160235524408441, 13605028205812152032349817 ], [ 2358186877 ], 
  [ 81107262028542439, 979839108503697601 ], [ 3122655581, 17282710622958662517901 ], 
  [ 23934963715698748600289356154632489 ],,, [ 243148748918948657 ],, 
  [ 39047857568576084483992700248022364779 ],,, 
  [ 30490265904397441, 44178987335683957851067003073 ], 
  [ 8490279461, 28193073871, 3229232348161 ], 
  [ 105404804179093, 5483951721004483, 333661858115730008701 ], 
  [ 1723651247, 9854086836656123 ], [ 153996678721, 3363650712316930232137700569 ], 
  [ 111426417919 ], [ 54941056073201202083948764591 ], [ 140420135629793 ],, 
  [ 160439377936691649562406089, 3967371513017935432581593910453311593255076737 ], 
  [ 979182145337039946843717597404234147347516783 ], [ 21832566359232994051 ], 
  [ 95045715631269360825073, 1620690292807565572369453, 
      79163584257910578345314550800998263697961 ], [ 241801103757907 ], 
  [ 28415683921, 8745637517137, 5343549114406795919784069158377 ], 
  [ 11147238310585049791288830791348159 ],,, [ 187236069416200516141 ],, 
  [ 3986954327227680062160381611728369 ], [ 7831858919671 ],, [ 21929067403 ], 
  [ 195904878784774686913 ], [ 1379068939688369 ],, [ 60752255747 ], [ 27973707497 ], 
  [ 8205467506573, 929371406931937, 54192384234193510474621687 ], 
  [ 3936380543247170622983288849 ],, 
  [ 9619019769668833, 1617688335913619713, 1754127253738250497, 14165570506426994497 ], 
  [ 1228110986777 ],, [ 5012233164973 ],, [ 108760573186483 ], 
  [ 5530065893173, 409294095642285949, 4961799704698067518234699986241723 ], 
  [ 11187475193, 390331847771 ], [ 4621400369, 1525240965520735972393 ],, 
  [ 21223836539, 576720211528499, 3112853251192268562596185193 ], 
  [ 9635478860743, 7628909809489121668128281 ],, [ 8508382469018543 ], [ 27642644591 ], 
  [ 9311547799, 350935762951 ], [ 384343368302053889 ], 
  [ 2810808660302609047178385651537611 ],, [ 9729066701 ],,, [ 27558899647 ], 
  [ 14822091955398603023 ], [ 66457845481, 2038930987771127433839371649284608024636044761 ], 
  [ 6584993251318153816871513817581 ], [ 2383902957277064343257 ], 
  [ 7087042238904662878526803, 76746611482100370357071521 ], [ 1258894129 ],, 
  [ 921120851816342185681, 238921470407271876798499461712230592722756096826722709 ], 
  [ 5784944013525527819 ], [ 58962502273, 220933436161 ], 
  [ 3408005593, 16708594110309459739, 361766176882084527013 ],, [ 2884492669 ],, 
  [ 478023799880201303 ],, [ 20351339945969074381, 60130074052863468271 ], 
  [ 115972561063610292312169 ], [ 1494539303 ], 
  [ 17831218189, 1862986887241, 236181647448438270637, 2081365546013520580171, 
      9812677898230464704764614569179249 ], [ 201574165565512979 ], 
  [ 41032863711758746652581 ], [ 1737225662578873 ],,, [ 45344252610295921 ], 
  [ 72476106611, 1435673595451, 41278681569100981, 1042009088195461493581 ], 
  [ 39049513759, 75717189542324222239 ], [ 14405351474221 ], 
  [ 2733865621, 154465790257, 25408782447983057 ], [ 14513480591, 436891032719 ], 
  [ 61128959701, 1295962119115801 ], [ 1052488801262190839 ], [ 29889995921, 639706441369 ], 
  [ 968006997973 ], [ 32918270309 ], [ 15175460071, 6616224668821 ],, 
  [ 1088013769, 4699141567, 8349264098957, 456548893658447, 172967209304620168759, 
      1189331667869428380277, 7500599735739477489643 ],,, 
  [ 231631605761, 13939787659361, 302048928127916161, 3467920694012285046721, 
      2304399855836067064420278881 ], [ 1039390060880129743 ], [ 3770441392137482017821043 ],
  ,, [ 3057842411340751 ],, [ 3017118527 ], [ 414505088003833875049 ], [ 63413643484907 ], 
  [ 738540207371, 527197125734306214388151, 43652632596932199814095095566081 ],, 
  [ 18384593018979422681643101 ], [ 15913870437245550493 ], [ 715346517643 ],,,, 
  [ 630767259992377 ], [ 11126213151947, 62735623164725165805683807 ], 
  [ 275180145498412605476281, 14727753415252267378275485806921 ], 
  [ 6881999303239, 28316196363519141709 ], [ 506497057211267190118597 ], [ 29143410231427 ], 
  [ 1571001692669722561 ], [ 17208266206976881, 79199895903159541 ],,, 
  [ 223049430979702529 ], [ 579623979306039067 ],, [ 11067702809, 618266518952749 ],, 
  [ 1618019455223026296304973 ], [ 10816781264461867, 172977383703117727 ], 
  [ 22540682853781, 1977514845342271, 7973954605358307541 ], 
  [ 6346395090536201, 25924406628146209 ],, [ 2988700346455606927, 39601953937098540109 ],, 
  [ 6517402975151801, 37671579870506449801 ], [ 40810910557, 28660579172131 ], 
  [ 86157106459, 29920195170958776420841051 ],,, [ 3068131471845494905874801 ], 
  [ 541418278595101 ],,, [ 4744552984469, 1377594159035480387 ],, [ 280536554009 ], 
  [ 119477464403852327701 ],, [ 776887347000706493 ],, [ 63151484113 ],, [ 460501311965657 ],
  [ 291834437532271 ],,, [ 4038721035091, 92828357233336679917 ],, [ 11376662081 ], 
  [ 685249535701 ], [ 4365719961073288596803 ], 
  [ 1150695430583, 1750264415203, 47896255174004579, 21659111193795593336033 ], 
  [ 202779001840322881, 16239863982854022507289 ], [ 15250582013 ], 
  [ 6238278731, 54038721778651, 921878503800671 ], [ 22615382791 ], 
  [ 66870619993, 10129723974985397369, 15627941827172644471548737 ], [ 1026148777 ],, 
  [ 1479316541, 593296671211 ],, [ 2327500955707 ], [ 449862080543, 291704720440495450747 ], 
  [ 2800404090069284180683 ], [ 213723353673315361, 1176936841885221744110881 ], 
  [ 205896788523299711107, 307448754998394950664727 ], [ 3600884981, 148116843965958066607 ],
  [ 2136621241 ], [ 833257652170138598017 ], [ 1636735289491, 133336438126755384062851 ], 
  [ 49999525958534801023719116779 ],, [ 295952635565057 ], [ 58578991507 ], 
  [ 5335345717679911501, 1376404637555090259072251 ],, [ 4756042117 ],, 
  [ 3690191162657, 4165572694427749132261210669 ], [ 23909912311 ],, [ 107516210963345033 ], 
  [ 660043211888216041112323 ], [ 2508185091917 ], 
  [ 44966662261, 1891821613563181, 6902606007560566561441 ], [ 25659497205058933 ], 
  [ 90407409408227 ], [ 713304637344823403398397 ], [ 5760134128057 ], 
  [ 3602894180971, 209452878792371 ], [ 34758529810733, 39307146014312104003531 ],, 
  [ 15811832233 ],,, [ 926396707757 ], [ 28196649073 ], [ 42232040761, 4547689723528771 ], 
  [ 492040025933 ], [ 132369244920551 ], [ 1718528353, 3773673679549, 1096325464671779161 ], 
  [ 802201753162312122711937 ],,, [ 9866795709170025203100096281 ], 
  [ 44051811379307, 3774866756735311827763216166784581 ], [ 7841217271 ], 
  [ 6190576347514015733717674711 ], [ 102903503996269, 1128132651258120630603869 ], 
  [ 106979130000768765946891 ], [ 662899871063, 207182620908121 ], [ 88466089902547932989 ], 
  [ 265568269842240769, 84426783526708875361, 291028320524482701469633 ], 
  [ 14641563073, 29171234593 ], [ 8079889547825087621 ],, [ 47345020652021 ],, 
  [ 20837081251939 ],,, [ 5888721169, 87066803748079 ],, [ 8308929756271 ], 
  [ 3510613021656001 ],, [ 5475973822603 ], [ 1833685204887372013 ],,, 
  [ 775161660241, 151203047266699993 ],, [ 58448496847357 ], [ 201543155599 ],,,,, 
  [ 19705741333 ], [ 1220175697350008701 ], [ 37493591497, 973312582129 ],, 
  [ 1475906053, 53505932799461400919 ],,,,,, 
  [ 40684207873681, 401134812853933, 184926429504354216277 ], [ 5539395551 ],, 
  [ 1628529184140139 ],,, [ 1946420191 ],,, [ 20989023301, 1122151830229 ], 
  [ 10628953263859901 ],, [ 36276578803738054657 ], [ 53962337719793 ], 
  [ 21071803180508393 ], [ 2489752957, 4964422447, 136397097962737 ], 
  [ 2736340741, 145886093981 ], [ 3521050061 ],, [ 4264093354837 ],, 
  [ 4548433081, 135671615011 ],, [ 3938066219 ], [ 9122705509 ],, [ 4210547377051 ],, 
  [ 54845922913 ],,,,,,, [ 1606672909 ], 
  [ 135072278758406363299201, 797411214197650383685126921 ], [ 124876208837, 2270001719567 ],
  [ 1910990761 ],,, [ 1035678590351, 2114594491084841, 19170597107329070711831 ], 
  [ 1457321233, 35649591331 ],, [ 269761640875249, 368287604350817 ], [ 7044287174137 ],,, 
  [ 87965265697, 3388435340743021 ], [ 1113745523841151 ],, [ 179614866101788669501 ], 
  [ 7005879409 ],,,, [ 3404152990541021 ],, [ 501860466491963 ],,, [ 633303914823581 ], 
  [ 516637761643, 10956134251913, 20984334015637 ],, [ 2867120484581, 1491579598392342617 ],,
  ,, [ 20772180005289204521 ],, [ 5852167944797 ],,,,, [ 432735904063 ],, [ 7306345746383 ],
  , [ 1794099654959 ], [ 473860413735509, 118596455401737473 ],, [ 1192661253719657 ], 
  [ 131757718229941, 1670269639838581 ],,, [ 104008219442204981 ], [ 6056909961667 ], 
  [ 3738662689, 6957441189296433581 ],,, [ 382940070571 ], [ 501644949313 ],, 
  [ 388340787011, 8225573307639838679 ], [ 39612499669 ], [ 261530853361 ], [ 14324924951 ], 
  [ 1263238433 ], [ 4947261643 ], [ 72985350241 ], [ 16948506151 ], [ 228909470358727 ],,, 
  [ 121988944507, 357681235806013549 ], [ 890415980341 ], [ 18112466827243 ], 
  [ 188528450833 ], [ 1977639681539 ], [ 28589606420054692308957641 ], [ 545271369001 ],,, 
  [ 1171011291099526039 ],,,, [ 106109584052389451 ],, [ 1685127108674293 ],,, 
  [ 4414545880462411 ], [ 264754914817, 8050961821845377 ], [ 25805104907 ], 
  [ 1053152036871301, 21416847978488045986801 ], [ 3389976480463 ], [ 57743108933 ],, 
  [ 2824078399 ],, [ 1361488321 ], [ 20407390450553 ], [ 3034447137605211109 ],, 
  [ 6414299341 ], [ 359437622917 ],, [ 496675844779 ], [ 5148366228373217 ], 
  [ 576529745423851 ], [ 31751486443, 316040870234424301 ], 
  [ 46059526211129, 66780127552469, 351348057559529, 2071163689638881, 892054616754172097 ], 
  [ 1906476157, 3948516072073, 143076261196997857 ],,,, [ 1609865106545321 ],, 
  [ 76530930841 ],,, [ 1653964838563123 ],,, [ 6256277761 ], [ 5681272819 ],, [ 1093002919 ],
  ,,,, [ 39504223177 ], [ 557363498338033 ], [ 31669923041, 5070686072837911 ],, 
  [ 38651535487582293109 ], [ 2494304171431 ], [ 4124230918689649 ],,,,,,, [ 72481265612857 ]
   ,,, [ 99030381724009 ],, [ 906214159951 ],,,, 
  [ 1324201780942872421, 688357101410505601861 ],,, [ 665739591949 ], 
  [ 570268912289, 1114056123091889 ],, [ 59502246148321 ],, [ 288978576083 ], 
  [ 19719988357 ],,,,, [ 243403466893 ],, [ 79907900952141799 ],, [ 3569039233 ],, 
  [ 11696672155381 ],,,,,, [ 985927261153 ],, [ 487362969251 ],,,, [ 8607591973 ], 
  [ 75297371257 ],,,,,,, [ 1439539201651 ],, 
  [ 166851446929, 6547639197468361, 376759785142086817, 4624343147207895577 ],,,, 
  [ 3396352070951272644737 ],,,,, [ 1077406111, 122567155950559 ],, [ 37083106363 ], 
  [ 495430038457, 171183002066153768389 ],,, [ 75367514503 ],,,,, [ 2519712053 ],, 
  [ 12114310251671363 ],, [ 1933502265639937 ],,,,,,,, [ 7848769243409 ], [ 738261210961 ],,,
  ,,,,,, [ 58549340917 ],, [ 70983497489 ],,, [ 1207703801 ],, [ 11258987357 ], 
  [ 133720039847326297, 2972739276006538965529 ],, [ 23777957921, 61331684497 ], 
  [ 2523954731 ], [ 1295647393, 15127790041626942739 ],, [ 606706568161 ], 
  [ 9839227349533, 76582705558759, 339361639335223 ],,, [ 4462891359517, 838070517710017 ],,,
  , [ 6787916521 ],, [ 221196404731 ],,,,,,,,,,,, [ 32854240059542371 ],,,,,,,,,,,, 
  [ 1456257589, 2431124018913217 ], [ 6507273169 ], [ 2138505044509 ], [ 4455206344411 ],,, 
  [ 1748044639203337 ],, [ 9002147701 ],, [ 1879487801, 171378067331693 ],, 
  [ 1204955107, 4902601129 ],, [ 63993699377, 1575172922161, 1165656732497249 ],,,, 
  [ 278361294192301 ],, [ 22461095977 ],,,, [ 154229543407 ],,,, [ 15916261808730991 ],, 
  [ 763493037304033 ],,,,, [ 719815611197 ],,,, [ 3438689071 ],,,,,, [ 342585052027 ], 
  [ 172000271761 ],, [ 873257710348922066611 ],,,, [ 21483502171 ], [ 6611511371 ], 
  [ 232855708533433 ],, [ 35777487211 ],,,, [ 5456953197307 ],, [ 10418978482699777 ],,,, 
  [ 136857837241 ],,,,,, [ 249559513393 ],,,,,,,, [ 1624489171, 3076938737 ],,,, 
  [ 557941908151 ],, [ 188842923994817 ],,,, [ 86245002305533 ],,, 
  [ 301656118681, 1434732786061 ], [ 50345903147297 ],,,,,,,, [ 236763026257 ], 
  [ 3880718411 ],,,,,,, [ 3763639267153 ],,,,,,,,,,,, [ 768459229633 ],,,,,,,,, 
  [ 163152676073 ], [ 41656414017997 ],, [ 27153696553 ],, [ 1533314161073 ],, 
  [ 860362422094663021 ],,, [ 5732640854767 ],,, [ 15751913173, 473423579523781 ], 
  [ 202547473277 ],,,,, [ 28687335337, 1126788935977, 2430834788668969 ],, [ 33174733321 ],, 
  [ 34443394417 ],,, [ 1321413367, 3124085207 ],,,,,, [ 9340099441 ], [ 2848918017893241841 ]
   ,,,, [ 33171355816983991 ],,,,, [ 53964744151 ],,, [ 2406931463 ],,,,,, [ 5268446292001 ],
  , [ 104993804119, 268320406267187 ],,,,,,,, [ 76558094039719 ],,,,,, [ 11931084355681 ],, 
  [ 80015815721, 625514260733 ],,,,,, [ 90393030174449 ],, [ 7405190651 ],, [ 451591816237 ],
  , [ 71059737043 ],,,, [ 14380363141 ], [ 1962504043 ], [ 14430750121 ],,,, 
  [ 5730619969, 51691210224769 ],, [ 181703960657, 60031885383791, 297329255762167 ],, 
  [ 1864143709 ],,,,,,, [ 1614333001, 61281477251 ], 
  [ 1333474357, 2277453134221, 4330303477561 ],,, [ 32874995551 ],,, [ 41795177899231 ],, 
  [ 3354227501 ],, [ 154871972367023 ],,,,,, [ 3616510529, 5417461898869 ], [ 414110761409 ],
  [ 61655707723669 ],,,, [ 20026364453, 71592827709979 ],,,, [ 5648306863, 32596529245963 ],
  , [ 60565284572033 ],,,,,,,,,,,, [ 4828781021 ],,,,,,,,,, [ 56132204213417 ],,,,,, 
  [ 5461453832002009 ],,,,,, [ 697126371607 ],, [ 46636862065121 ],, [ 475642445413 ],,,, 
  [ 1282517032501 ],, [ 431620880077 ],,, [ 10357569241 ], 
  [ 8077762841, 45239145672953, 3120094705243937 ],,, [ 1544634191 ],,, [ 114298071715411 ], 
  [ 28055600623 ],,, [ 591504645629 ], [ 1119520243 ],,,,,,, 
  [ 1265454241, 4945830181, 239040518833871 ], [ 4325350573 ],,, [ 1757933641 ],,,,,,,, 
  [ 26314289335283, 983511595747085123 ],,,,,, [ 467743060201 ],, [ 29726362711 ],, 
  [ 14724705377, 133320541372769 ],, [ 7794351601 ],,,,, [ 4217406373 ], 
  [ 15126774001, 91398972139001 ],,,,,,,, [ 76187507761 ], [ 1262105633, 183650166523 ],,,,,,
  ,,,,,,,,, [ 4891941889 ], [ 46654189051 ],, [ 134311018921 ],, [ 3285481753 ], 
  [ 4080203891 ],, [ 10668545170177, 61045702131577 ], [ 2798413529 ], [ 5201333303 ], 
  [ 2510245531 ],,,,, [ 1883140481 ],,,,,,, [ 27698232139, 154748794513 ],,, [ 87342689701 ],
  ,,,,,,,, [ 1907748259 ],,,,,,,,,, [ 225507174881 ],, [ 7929043543 ],, [ 4208417593 ],,,,, 
  [ 548188278023 ],, [ 7157352999241 ],,,,,,,,, [ 88093481059 ],,,, [ 2708709763 ],,,,,,,, 
  [ 7619076343 ],,,,,,,,,,,, [ 18946547803, 70303713481 ],, 
  [ 1807091651, 5256500251, 9348124321 ],,,, [ 3420801608971 ],,,,, [ 4313198261 ],,,,,,,,, 
  [ 56544535829 ],,,,,,,, [ 1488481965601 ],,, [ 26110048537 ],,, [ 5300486579 ],,,,,, 
  [ 10587632347 ],,,,,,,,, [ 1804424483 ],,,,,,,, [ 192576484621 ],, [ 228977122013 ],, 
  [ 1633308079693 ],,,,,,, [ 2961968629709 ],,,,,,, [ 223967833057 ],,, [ 1566365089 ],,,,,,,
  ,,,,,,,,,,,,,,,, [ 2632953551 ],, [ 1180245953 ],,,,,, [ 456045162509, 2516462428507 ],,,,
  , [ 663351248029 ],,,,,,,,, [ 325429350781 ],,,, [ 5772373601 ],,,,,,,, [ 1201281121 ],,,,,
  ,,,, [ 57503669779 ], [ 50887574377 ],, [ 474020896861 ],,, [ 1643584843 ],,,, 
  [ 1139723559124543 ],,,,,, [ 10414229689 ],,,,,, [ 38402384281 ],,,,,,,,,,,, 
  [ 187748299363 ], [ 2928376141, 64599709301 ],,,,,,,,,,,,,, [ 2783125181 ],,,, 
  [ 4835338381 ],,,,,,, [ 1433380657, 1922712007 ],, [ 1866013043 ], 
  [ 15874601161, 21088318336225801 ],,,,,,, [ 2541722531 ], [ 10795985297 ],,,,,,,, 
  [ 254514657289 ], [ 73780695143 ],,, [ 29172439181 ],,,,,,,,,,, [ 1359668988721 ],,,,,,,,,,
  ,,,,,,,,, [ 1797857851 ],,,,, [ 2023221783001 ],,,,,,,,, [ 1464835289 ], [ 437400439921 ],
  , [ 2760399079 ],,,,,,, [ 35258231507 ],,, [ 5713727207 ],,,,,,,,,,,,,,,,,, 
  [ 2025465523171 ],,, [ 8246930603 ], [ 24341588437 ],,,,,,, [ 944743592189 ],,,,,,,,,,,, 
  [ 4050243479 ], [ 36091397833 ],,,,,,, [ 1203203587 ],,,,,,,, [ 1955183623, 119763224671 ],
  [ 5848529641 ],,, [ 34251684463 ], [ 2359252607 ],,,,,,, [ 8232170537 ],,,,,,,, 
  [ 5652173869 ],,,,,,,,, [ 4662388045453 ],,,,,,,,,,,,,,,,,,,,,, [ 14422276541 ],,,,,,,,, 
  [ 6389516033 ],,,,,,,,,,,,,,, [ 1323545213 ],,, [ 1452918161 ],,, [ 2820046741 ],,,,,, 
  [ 28690911253 ],,, [ 1301675377 ], [ 2867362411 ],,,,,,,,,, [ 11768299091 ],, 
  [ 2489001517 ],,,, [ 1425701887 ],,,,, [ 1355971213 ],,,, [ 1129454861 ],,,,,,,,,,,,, 
  [ 143817908671 ],,,,,,,,, [ 1414114697 ], [ 2360064547 ],,,,,,,, [ 11230790861 ],,, 
  [ 826660494293 ],,,,,,,,,,,,,,,,,,,,,,,,,,,, [ 12835289953 ],,, [ 2513017891 ],,,,,,,,, 
  [ 98194660129 ],,,,, [ 7710463459 ],,,,, [ 7182789413 ], [ 28191945241 ],,,,,,,,, 
  [ 2718238849 ],,,,,,,, [ 76007202217 ], [ 1159462613 ],,,,,, [ 76728540409 ],,,,, 
  [ 1847521453, 1941667157 ],,, [ 23202687593 ],,,, [ 409869088207 ],,,, [ 2987495131 ],,,,,,
  , [ 6801043927 ],,,,, [ 68046806731 ],,,,, [ 2858593169 ],,,,, [ 3424752239 ],,,,,,,,,,,,,,
  ,,, [ 2057092753 ],,,,,,,,, [ 61155996091 ],,,,, [ 9028956637 ],, [ 25077713501 ],,,,,,, 
  [ 6036057539 ],,,,,,,,,,,,, [ 1051512751, 2486533171 ],,,,,,, [ 1225731953 ],,,,,,,, 
  [ 134852530261 ], [ 1574809073 ],,,,,,,,,,,,,, [ 3383569801 ], [ 2263543627 ],, 
  [ 53133609469 ],,,,, [ 11546077841 ],,,,,,, [ 44521358311 ],,,,,,,,,, [ 1442826751 ],, 
  [ 5184273277 ],,, [ 5709825091 ],,,,,,,,, [ 1625168437 ],,,,,,, [ 24436037341 ],,, 
  [ 7536596451217 ],,,,,,,,,,,,,, [ 1030019167 ],,,,,,,,,,,,, [ 3462660769 ],,,,,,,, 
  [ 8176379137 ],,, [ 2501607223, 12619814443 ],,,,,,,,,,,,,,,,,,,,, 
  [ 7513978753, 9047173887937 ],,,, [ 1322379353 ],,, [ 32280323891 ],, 
  [ 16678777987, 583753982113 ],,,,,,, [ 9272487121 ],,,, [ 3403004833 ],,,,,,,,,,, 
  [ 22891954219 ], [ 3347908441 ],,,,,,,,,, [ 318442231413151 ],, [ 4305729409 ],,,,,,,,,, 
  [ 2766584809, 15030089353 ],,,,,,,,, [ 6414643384579 ],,, [ 1394527037317 ], 
  [ 3220415251 ], [ 50436216377 ],,,,, [ 1975167937 ],,,,,,,,, [ 8029094791 ],, 
  [ 66537270049 ],,,,,,,,, [ 201901304203 ], [ 57486050623 ],,,,,,,,,,,,,,,,,,,,,,,,,,,, 
  [ 29428585201 ],,,,,, [ 3107204753 ],,,, [ 2056646401 ],,,,,,,,,,,,,,,,,,,,,,,,, 
  [ 2300104381 ],,,,,,,,, [ 181881572443 ], [ 1343106001 ],,,,,,,,,,,,,,,,, [ 487012252849 ],
  ,,,,,,,,,,,,,,, [ 45955171951709 ],, [ 7444626491 ],, [ 1880463553 ],,, [ 2383376581 ],,,,
  , [ 10868534041 ],,,,, [ 75289706251 ],,,,,,,,,,,,,,,,,,,, [ 195893197501 ],,,,,,,,,,, 
  [ 2383203593 ], [ 20427523381 ],,, [ 1264070881, 4561027921 ],,,,,, [ 10359360691 ],,,,,,,,
  ,,,, [ 1913802067 ],, [ 443472675941 ],,,,,,,,,,,,,,,, [ 1134993817, 135951757741 ],,,,,,,,
  ,,,, [ 2852799281281 ],,,,,,,,, [ 4740686479 ],,,,,,,,,,,, [ 63598853341 ],,,,,, 
  [ 146962304311 ],,,,,,, [ 1076933491 ],,,,, [ 1473303973 ],,,,,,,,,,,,,,,,,,, 
  [ 1478136727 ],,,, [ 1888964611 ],,,,,, [ 3075520109 ],,,,,, [ 502697172643 ],,, 
  [ 33389704171 ], [ 219397892167 ],,,,,,,,,,,,,,,,,, [ 1665315073 ],,,,,,,, [ 10026792577 ],
  , [ 2610650173 ],, [ 3124705513 ],, [ 311491384297 ],,,, [ 2601452701 ],,,,,,,,, 
  [ 1409555280421 ],,,,,,,,,,,,,, [ 15424087421 ],,, [ 5227690513 ],,,,,,,,,,,,,, 
  [ 7130195383 ],,,,,,,, [ 2006380381 ],,,,,,,,, [ 22869155713 ],,,,,,, [ 154951690739 ],,,,,
  ,,,,,, [ 81828715950073 ], [ 9413311763857 ],,,, [ 37383284399 ], [ 3590932663 ],,,,,,,,,,,
  ,, [ 384371067761 ],,,,,,,,,,,, [ 321034581389 ],,,,,,,,,,,,,,,,, [ 380532807301 ],,,,,,,,,
  ,,, [ 1510293331, 107768855377 ],,,,,, [ 1553837737 ],,, [ 26287752349, 797342203783 ],,,,,
  ,,, [ 743628178351 ],,,,,,,, [ 11385797737 ],,,,,,,,,,,, [ 1730429479 ],, [ 1379943553 ],, 
  [ 16249492499 ],,,,,, [ 49594221497 ],,,,,,,, [ 98051524001, 7266311368513 ],,,,,,,,,,,,,,,
  ,,, [ 23855491441, 24595147061 ],, [ 164666432353 ],,,,,,,,,,,,,,,,,,,, 
  [ 107174361097, 609282180673 ], [ 194166867883 ],,,,,,,,,,,,,,,,,,, [ 1144424261 ],,,,,,,,,
  ,,,,,,,,,,,,,, [ 50006516731 ],,,,,,, [ 66299272241 ],,,,,,,,,, [ 2384032477, 34543564177 ]
   ,,,,,,, [ 1563328243 ],,,,,,,,,,,,,,, [ 573020557513 ],,,,,,,,,,,,,, [ 125988177817 ],,,,,
  ,,,,,,,,,,,,, [ 36318310153 ],,,,,,, [ 3521025289 ],,,,,,,,,,,,,,,,,,, [ 94834998169 ],,, 
  [ 1529677952111 ], [ 6611416930169 ],, [ 35269645471 ],,,,,,,,,,,,,,,,,,,, [ 427994914609 ]
   ,,,,,,,,,,,,,,,,,,,,,,,,,, [ 231399640361 ],,,,,,,,,,,, [ 1586659517 ],,,,,, 
  [ 10834083101 ],,,,,,,,,,,,,,,,,,,,,, [ 2486259553 ],,,,,,,,,,,,,, [ 4648737101 ],,,, 
  [ 1382313463 ],,,,,, [ 1073911177 ],,,,,,,,,,,,,,,,,,,, [ 32933578637 ],,,,,,, 
  [ 2639078821 ], [ 11301723749, 538664451601 ],, [ 408708891163 ],,,, [ 1292012989 ],,,,, 
  [ 1347940621 ],,, [ 16151805001 ],,,,,,,, [ 70420419791 ],,,,,, [ 14493635729 ],,,, 
  [ 9957483769 ],, [ 2216710511, 750667150657691 ],,,,,,,,,,,,,,,,,, [ 256372871761 ],, 
  [ 25318847831 ],,,,,, [ 286326022769 ],,,,,, [ 3399896141 ],,,,,,,,,,,,,,,,,,,,,,,,,, 
  [ 1230942913 ],,,,,,,,,,,,,,,,,,,, [ 27056366657 ],,,,,,,,,,,,,,,,,, 
  [ 7630844719, 203323046757977 ],,,,,,,,,,,,,,,,,,,,,,,,,,,,,,,,,,,,,,,,,,,,,,,,,,,,,,,, 
  [ 293825705581 ],,,,,,,,,, [ 6658605521 ],,,,,,,, [ 1492263041 ],,,,,,,,,,,,,,,,,,,,,,,,,,,
  , [ 12625430533, 101132152993 ],,,, [ 2380455937 ],,,,,,,,,,,,,,,,,, [ 4709206351 ],,,,,, 
  [ 67045954321 ],,,,,,,,,,,, [ 699041178193 ],,,,,,,,,,,,,,,,,,,,,,,, [ 20601522397 ],, 
  [ 1849652327, 88536833375971 ],,,,,,,, [ 121666767389 ],,,, [ 1543978151 ],, 
  [ 12159436469 ],, [ 203989753801 ],,,,,, [ 40615577077 ],,,,,, [ 4599227023 ],,,,,, 
  [ 23962790017 ],, [ 14405957221, 16729202671 ],,,,,, [ 39981800129 ],,,, [ 13096629661 ],,,
  ,,,,,,,,,,,,,,,,,,, [ 310241264479 ],,,,,,,,,,,,,,,,,,,,,,,,,,,,,,,,,,,,,, [ 23280559921 ],
  ,,,,,,, [ 93956753857 ],,,, [ 177319914589 ],,,,,,,, [ 266364595061, 771814134521 ],,,,,,,,
  ,,,,,,,,,,,,,,,,,,,,,, [ 117159670181 ],,,,,,,,,,,,,,,,,,,,,,,,,,,, [ 1636744146703 ],,,,,,
  ,,,,,,,,,,,,,, [ 20281844887, 82448836999 ],,,,,,, [ 1753502521 ],,,,,,,,,,,,,,,,,,,,,,,,, 
  [ 1821316501 ],,,,,,,,,,,, [ 1148908649017 ],,,,,, [ 20161869421 ],,,,,,,, [ 6140620033 ],
  , [ 17065392696853 ],,,,,, [ 1395633193 ],,,,,,,,,,,,,, [ 1616731091, 2732807213 ],,,,,,,, 
  [ 72667495883371 ],,,,,,,, [ 141359631311 ],, [ 2291932261 ],,,,,, 
  [ 38426515537, 99238026443 ],,,, [ 10034951869 ],,,,,,,,,,,,,,,,,,,,,, [ 39322157293 ],,,,,
  ,,,,,,,,,,,,,,,,,,,,,,,,,,, [ 2862835501 ],, [ 6472557493, 1362203067707 ],,,,,, 
  [ 130184177741 ],,,,,,,,,, [ 1797905563 ],, [ 1472891201 ],,,,,,,,,,,,,,,,,,,,,,,,,,,,,,,,,
  ,,,,,,,,,,,,,,,,, [ 17125507771 ],,,,,,,,,,,,,,,,,,,,,,,,,,,,,,,,,, [ 3267076457 ],,,,,, 
  [ 9908399491 ],,,,,,,,,,,,,,,,,, [ 6233401037 ],,,,,, [ 7250444147 ],,,, [ 4673054657 ],,,,
  ,, [ 7831320401 ],,,,,,,,,, [ 72704661121 ],,,, [ 9391922317 ],,,,,,,,,,,,,,,,,,,,,,,,,,,,,
  ,,,,,,,,,,,,,,,,,,,,,,,,, [ 1623576833 ],,,,,,,,,,,, [ 1478584409 ],,,,,,,,,,,,,, 
  [ 11070236521 ],,,,,,,,,,,,,,,,,,,,,,,,,,,,,,,,,, [ 3542658629 ],,,,,,,,,, [ 6004004423 ],
  , [ 6077285633 ],,,,,, [ 1408428431 ],,,,,,,,,,,,,,,,,,,,,,,,,,,,,,,,,,,,,,,,,,,,,,,,,, 
  [ 1330644481 ],,,,,,,, [ 79487447209 ],,,,,,,,,,,,,,,,,,,,,,,, [ 36663313633 ],, 
  [ 2010098507 ],,,,,,,,,,,,,,,,,,,,,,,,,,,,,,,,,,,,,,,,,,,,,,,,,,,,,,,, [ 13523247901 ],,,,,
  ,,,,,,,,,,,,,,,,,,,,,,,,,,, [ 1298220617 ],,,,,,,,,,,,,,,,,,,,,,,,,,,,,,,,,,,,,,,, 
  [ 3292569463 ],,,,,,,,,,,,,,,,,,,,,,,, [ 7577399017 ],,,,,,,,,,,,,,,,,,,,,,,,,,,,,, 
  [ 1339080289 ],,,, [ 1211061461 ],,,,,,,,,,,,,, [ 3578719747 ],,,,,,,,,,,, [ 9637178311 ],,
  ,,,,,,,,,,,,,,,,,,,,,,,,,,,,,,,,,,,,,,,, [ 1146622177 ],,,,,,,,,,,, 
  [ 5216954761, 29954435941 ],,,,,,,,,,,,,,,,,,,,,,,,,,,,,,,,,,,,,,,,,,,,,,,, [ 5254859497 ],
  ,,,,,,,,,,,,,,,,, [ 2462684503 ],,,,,,,, [ 11962071101, 15242366693 ],,,,,,,,,,,,,,,,,,,,,,
  ,,,, [ 14357196076001 ],, [ 15247885969 ],,,,,,,,,,,,,,,,,, [ 902254116661 ],,,,,, 
  [ 1141035368563 ],,,,,, [ 6913334881 ],,,,,,,,,,,,,,,,,,,,,,,,,,,,,, [ 608926779289 ],,,,,,
  ,,,,,,,,,,,,,,,,,,,,,,,,,,,,,,,,,,,,,,,,,, [ 19760784151 ],,,,,, [ 4739879787589 ],,,,,,,,,
  ,,,,,,,,,,,,,,, [ 9934754846221 ],,,,,, [ 49030238731 ],,,,,,,,,,,,,, 
  [ 2078309201, 36051202001 ],,,,,,,,,, [ 7373608201 ],,,,,,,,,,,,,,,,,,,,,,,,,,,,,,,,,,,,,,,
  ,,, [ 4973948029 ],,,,,,,,,,,,,,,,,,,,,,,, [ 1181909678689 ],,,,,,,,,,,,,,,,,,,,,,,,,,,,,,,
  ,,, [ 2627151671 ],,,,,,,,,,,,,,,,,,,,,,,,,,,,,,,,,,,,,,,, [ 24078299701 ],,,,,,,,,,,,,,,,,
  ,,,,, [ 7898536909 ],,,,,, [ 2296862238889 ],,,,,,,,,,,, [ 10127178631 ],,,,,,,,,,,,,,,,,,,
  ,,,,,,,,,,,,,,,,,,,,,,,,,,,,,,,,,,,,,,,,,,,,,,,,,,,,,,,,,,,,,,,,,,,,,,,,,,,,,,,,, 
  [ 182123688671 ],,,,,,,,,,,,,,,,,,,,,,,,,,,,,,,, [ 9381438223 ],,,,,, 
  [ 1624488793, 4454858713 ],, [ 1939191211 ],,,,,,,,,,,,,,,,,,,,,,,,,,,,,,,,,, 
  [ 21149763709, 119157306157 ],,,,,,,,,, [ 11634333481 ],, [ 4088384953 ],,,,,,,,,,,,,,,,,,,
  ,,,,,,,,,,,,,,,,,,,,,,,,,,,,, [ 2792493001 ],,,,,,,,,,,,,,,,,,,,,,,, [ 37602935089 ],,,,,, 
  [ 3136873231 ],,,,,,,,,,,,,,,,,,,,,,,, [ 2130081139 ],,,,,,,,,,,,,,,,,,,,,,,,,,,,,,,,,,,,,,
  ,,,,,,,,,,,,,,,,,,,,,,,,,,,,,,,,,,,,,,,,,,,,,,,,,,,,,,,,,,,,,,,,,,,,,,,,,,,,,,,,,,,,,,,, 
  [ 669106877617 ],,,,,,,,,,,,,,,,,,,,,,,,,,,,,, [ 324959691253 ],,,,,,,,,,,, [ 7087979959 ],
  ,,,,,,,,,,,,,,,,, [ 18820745929 ],,,,,,,,,,,,,,,,,, [ 27141335761 ],,,,,,,,,,,,,,,,,,,,,,,,
  ,,,,,,,,,,,, [ 1154242069 ],,,,,,,,,,,,,,,,,,,,,,,,,,,,,,,,,,,, [ 2246566753 ],,,,,,,,,,,,,
  ,,,,,,,,,,,,,,,,, [ 74917840897 ],,,,,,,,,,,,,,,,,,,,,,,, [ 211937513257 ],,,,,,,,,,,,,,,,,
  ,,,,,,,,,,,,,,,,,,, [ 8405681017 ],,,,,, [ 11882556001 ],,,,,,,,,,,, [ 179930659177 ],,,,,,
  ,,,,,,,,,,,,,,,,,,,,,,,,,,,,,,,,,,,,,,,,,,,,,,,,,,,,,,,,,,,,,,,,,,,,,,,,,,,,,,,,,,,,,,,,,,,
  ,,,,,,,,,,,,,,,,,,,,,,, [ 3676557223 ],,,,,, [ 2592107533 ],, 
  [ 111808677751, 159656300651 ],,,,,,,,,,,,,,,,,,,,,,,,,,,,,,,,,,,,,,,,,,,,,,,,,,,,,,,,,,,,,
  ,,,,,,,,,,,,,,,,,,,,,,,,,,,,,,,,,,,,,,,,,,,,,,,,,,,,,,,,,,,,,,,,,,,,,,,,,,,,,,,,,,,,,,, 
  [ 24269349079 ],,,,,,,,,,,,,,,,,,,,,,,,,,,,,,,,,,,,,,,,,,,,,,,,,,,,,,,,,,,,,,,,,,,,,,,,,,,,
  ,,,,,,,,,,,,,, [ 36431187481028341 ],,,,,,,,,,,,,,,,,,,,,,,,,,,,,,,,,,,,,,,,,,,,,,,,,,,,,,,
  ,,,,,,,,,,,,,,,,,,,,,,,,,,,,,,,,,,,,,,,,,,,,,,,,,,,,,,,,,,,,,,,,,,,,,,,,,,,,, 
  [ 2161549441, 538893250561 ],,,,,,,,,,,,,,,,,,,,,,,,,,,,,,,,,,,,,,,,,,,,,,,,,,,,,,,,,,,, 
  [ 4952179801 ],,,,,,,,,,,,,,,,,, [ 3719092063 ],,,,,,,,,,,,,,,,,,,,,,,,,,,,,,,,,,,,,,,,,, 
  [ 51492212521 ],,,,,,,,,,,,,,,,,,,,,,,,,,,,,,,,,,,,,,,,,, [ 2386284935959 ],,,,,, 
  [ 4264496497 ],,,,,,,,,,,,,,,,,,,,,,,,,,,,,,,,,,,,,,,,,,,,,,,,,,,,,,,,,,,,,,,,,,,,,,,, 
  [ 6985482001 ],,,,,,,,,,,,,,,,,,,,,,,,,,,,,,,,,,,,,,,,,,,,,,,,,,,,,,,,,,,,,,,,,,,,,,,,,,,,,
  ,,,,,,,,,,,,, [ 10652591461 ],,,,,,,,,,,,,,,,,,,,,,,,,,,,,,,,,,,,,,,,,, 
  [ 32913726470539489 ],,,,,,,,,,,,,,,,,, [ 1457777551 ],,,,,,,,,,,,,,,,,,,,,,,,,,,,,,,,,,,,,
  ,,,,,,,,,,,,,,,,,,,,,,,,,,,,, [ 75963697153 ],,,,,,,,,,,,,,,,,,,,,,,,,,,,,,,,,,,,,,,,,,,,,,
  ,,,,,,,,,,,,,,,,,,,,,,,,,,,,,,,,,,,,,,,,,,,,,,,,,,,,,,,,,,,,,,,,,,,, 
  [ 10272311341, 10902159001 ],,,,,,,,,,,,,,,,,,,,,,,,,,,,,,,,,,,,,,,,,,,,,,,,,,,,,,,,,,,,,,,
  ,,,,,,,,,,,,,,,,,,,,,,,,,,,,,,,,,,,,,,,,,,,,,,,,,,,,,,,,,,,,,,,,,,,,,,,,,,,,,,,,,,,,,,,,,,,
  ,,,,,,,,,,,,,,,,,,,,,,,,,, [ 2216811241 ],,,,,,,,,,,,,,,,,,,,,,,,,,,,,,,,,,,,,,,,,,,,,,,,,,
  ,,,,,,,,,,,,,,,,,,,,,,,,,,,,,,,,,,,,,,,,,,,,,,,,,,,,,,,,,,,,,,,,,,,,,, [ 1029592591 ],,,,,,
  ,,,,,,,,,,,,,,,,,,,,,,,,,,,,,,,,,,,,,,,,,,,,,,,,,,,,,,,,,,,,,,,,,,,,,,,,,,,,,,,,,,,, 
  [ 11674864321 ],,,,,,,,,,,,,,,,,,,,,,,,,,,,,,,,,,,,,,,,,,,,,,,,,,,,,,,,,,,, [ 9570397141 ],
  ,,,,,,,,,,,,,,,,,,,,,,,,,,,,, [ 3480795301 ],,,,,,,,,,,,,,,,,,,,,,,,,,,,,,,,,,,,,,,,,,,,,,,
  ,,,,,,,,,,,,,,,,,,,,,,,,,,,,,,,,,,,,,,,,,,,,,,,,,,,,,,,,,,,,,,,,,,,,,,,,,,,,,,,,,,,,,,,,,,,
  ,,,,,,,,,,,,,,,,,,,,,,,,,,,,,,,,,,,,,,,,,,,,,,,,,,,,,,,,,,,,,,,,,,,,,,,,,,,,,,,,,,,,,,,,,,,
  ,,,,,,,,,,,,,,,,,,,,,,,,,,,,,,,,,,,,,,,,,,,,,,,,,,,,,,,,,,,,,,,,,,,,,,,,,,,,,,,,,,,,,,,,,,,
  ,,,,,,,,,,,,,,,,,,,,,,,,,,,,,,,,,,,,,,,,,,,,,,,,,,,,,,,,,,,,,,,,,,,,,,,,,,,,,,,,,,,,,,,,,,,
  ,,,,,,,,,,,,,,,,,,,,,,,,,,,,,,,,,,,,,,,,,,,,,,,,,,,,,,,,,,,,,,,,,,,,,,,,,,,,,,,,,,,,,,,,,,,
  ,,,,,,,,,,,,,,,,,,,,,,,,,,,,,,,,,,,,,,,,,,,,,,,,,,,,,,,,,,,,,,,,,,,,,,,,,,,,,,,,,,,,,,,,,,,
  ,,,,,,,,,,,,,,,,,,,,,,,,,,,,,,,,,,,,,,,,,,,,,,,,,,,,,,,,,,,,,,,,,,,,,,,,,,,,,,,,,,,,,,,,,,,
  ,,,,,,,,,,,,,,,,,,,,,,,,,,,,,,,,,,,,,,,,,,,,,,,,,,,,,,,,,,,,,,,,,, [ 10152172801 ] ]);
