BRENTFACTORS[8030]:=MakeImmutable([ ,,,,,, [ 45373613867 ],,,, [ 909195143869 ],,,, 
  [ 25058004901 ],, [ 10613896729369313813417 ],, [ 23931320588873, 1425185608188191 ], 
  [ 4635377705741 ],, [ 7010887718693 ], [ 219278628473057, 51749142697403289670951 ],, 
  [ 1248886695949301 ], [ 1320675487 ], [ 15099859606416934501 ],, 
  [ 14761055527753799879339, 2701751786260176747673476810713 ],, 
  [ 119752621243, 1056928391069, 1648436162758168210762557042993037 ], [ 3543349889 ],, 
  [ 1280037679 ],, [ 5943037069 ], 
  [ 75703780092205035330058721036319100247, 23994189803775234325457253359001129556601 ],,,, 
  [ 7962179645492163239177083, 12474320260315566068040619, 8659021168566345667777849537 ],, 
  [ 79604083973261 ], [ 88690648421 ], [ 5634091116001, 1228164184782453501860112931636441 ],
  [ 4282691771, 4240627860806645315477 ], [ 6033933734264162052407, 607349667866384325040289 
     ],, [ 11431670209, 8720078199709171679749 ], 
  [ 3446904308851, 103617118684601, 77605270300984027852751 ], 
  [ 31862555976543979, 83776612771887758327212265437471 ], [ 1659407777 ], [ 31126686517 ], 
  [ 153274322359, 2070251484029163068581 ], 
  [ 2234849970796741, 37256446284491501, 293092805747108401 ], 
  [ 86673929844050203166072794607977 ], [ 285362702743, 13999510913341, 25345565287297483 ], 
  [ 4493044102011876883, 6327125843411782175136306888911054383 ],, [ 1808887741 ], 
  [ 340425713548124837 ],,,, [ 11964930121, 62986350790164751 ], 
  [ 6933012252174571024683716947 ], [ 707812099633 ], 
  [ 647512351242327253, 36082304359641027077 ], [ 593675929190630527 ], 
  [ 242054484911, 1254783802500776326384201 ], 
  [ 313622213629314763, 312113749879951188257923 ], [ 92194695937, 249525593929 ], 
  [ 26425268365489619666752337 ], [ 782538557113610642459, 723505511274489759393408008741 ], 
  [ 1359860401 ], [ 109115741371315176397 ], [ 10261697909 ],,, 
  [ 27840001841, 31893930943344721, 46734072598758505361 ], [ 219762397410697 ], 
  [ 47978080935513413, 23370920080896688677468863 ], 
  [ 26656207628317, 78066413088721, 123170412145520988674381 ], 
  [ 65051227921, 267412045573, 151668970799053, 5999516244369397 ],, 
  [ 1310050164701, 12994747881301 ], [ 18610308075195683251, 31173900374229156217 ], 
  [ 471951606776719429273 ],,, [ 36857281427776811 ],, [ 3401508109 ], [ 689127585218777 ],, 
  [ 996824813485441, 11570684813454004180101157609537 ], 
  [ 223221888649, 660200182714409, 4273115933321801052513259 ], [ 5471580787 ],, 
  [ 1595601572611311901 ], [ 10908318248981 ],, [ 283430565505129440105023 ],, 
  [ 252490336222741 ], [ 38552566231, 2105271839192897489 ], [ 11626201143236243 ], 
  [ 522333465370309, 172957679365395407401, 399824806139064728497, 
      10899019467115344722188543609 ],,, [ 587683344119002231921 ], 
  [ 1205047201, 159691930273, 3714796075611937, 2365370110127106753889, 
      536046675991571760834337, 65969238005416986572457444095393 ], 
  [ 21788764319220221, 227029984599024040933 ], 
  [ 4223936438986918999357, 267797475520860293110442768508100310867661943 ], 
  [ 12274095738581, 938392199851991, 222446422663727531, 59510938736767642362691 ],,, 
  [ 2885109984078214598206250401 ],, [ 4086385325881, 270149489736423332734822771378299841 ],
  ,, [ 451678494979 ], [ 250005002501 ], [ 1988720455163775251 ], 
  [ 441816143014261, 156562583633131341406571905925819857519 ],, 
  [ 28267433473, 389349845396421730483581313 ], [ 28761733666333 ], 
  [ 8592042695469933123893171 ], [ 10886970053994342078331801 ], 
  [ 1365315782293, 24044605361448013, 1021079571740742773293, 3829724371722481093746853 ],,, 
  [ 3740835151 ],,, 
  [ 82950414067, 515445052701157009, 82386912059742050869, 832946061318318740986357 ],, 
  [ 1267915120781, 119356792220049882541 ],,,,,, [ 1126855473697 ], 
  [ 17366897521, 227551612933 ],,, [ 1840863312151, 522085159818151 ],, [ 1530247993 ],, 
  [ 3386289186754783 ], [ 5406901891 ], [ 3808118795551906837 ],,, 
  [ 4433461873, 67510288591, 262206996219396977809 ], [ 1099090241, 183046117265761 ], 
  [ 3504351175571 ], 
  [ 5126508572503347019, 15472312652553856651, 113223233551932666814389550363 ],,, 
  [ 59889807119011 ], [ 1910525873 ], [ 21086116057 ],,,, [ 47472748111 ],, 
  [ 3286919729, 727382422603 ], [ 242465601761324233 ],,, 
  [ 12002488591, 8100362628003829625162846893 ], [ 1101375713, 141792302445996119 ], 
  [ 8450692031 ], [ 6422225041, 13458463201 ], [ 171614326490183, 408104375130791 ], 
  [ 196918214410919 ],, [ 194924238793, 70640247643217341577 ], 
  [ 1591779360753425681, 115758286643158488661 ],,, [ 272712668051284008917 ],, 
  [ 889305088072775681, 2034845858680776697711 ],,, [ 9794661221 ], [ 20135139918719827 ],,, 
  [ 17438575013941727 ],, [ 55956756944213 ],,, [ 3018564332167 ],, 
  [ 404330857429, 301255824721729, 331277498473689085597 ],,,, 
  [ 49066534724517666737288129 ], [ 583527026897 ],,, [ 3917838710266160773 ], 
  [ 473390059174639 ],,, [ 3174755257, 2247964892593647896631097 ], [ 1531194967 ], 
  [ 493673471475090878818365989 ],, [ 12249666632501, 5015795778241920665918101 ],, 
  [ 6930447283 ], [ 1708761622357, 277028113044091, 924710588693737 ],,, [ 699795673007 ], 
  [ 5607796625939 ],,, [ 4271740091, 141568520247960645731 ],, [ 153818430998081 ], 
  [ 67079140532719541 ],, [ 1016963911, 2531062801, 27881625422924957439071 ], 
  [ 1655098070413, 6001441160590923800213 ], [ 22358858239, 38051741194267 ], 
  [ 1122171289247 ], 
  [ 302775574991, 53728605005395219, 103811164332708496927, 239077728953520526591 ], 
  [ 1603305997072422241 ], [ 223784923378801 ], 
  [ 911002829055507541, 2998749108208785575117 ], [ 716593570700899951 ], 
  [ 148041162301, 373327441361453, 659710704208854497, 297108636075416084869 ],, 
  [ 33449991943 ], [ 171797140897331, 175860126397801 ],,, [ 726359743001 ], 
  [ 19083323177, 37867356463, 263215009323793 ], [ 257209025977 ],,, [ 37358206144457251 ], 
  [ 38833573633, 16290126330428429327801842177 ], [ 589417904161 ], [ 6272392664775602941 ],
  , [ 245804093341, 195408548293153099188961 ], [ 322173486493867 ], [ 5424892733059596019 ],
  , [ 68755418198809, 22122865803867841 ], [ 955592038381 ], [ 237215576879 ], 
  [ 46703733129601 ],, [ 1370669633813 ], [ 35166809499361291, 26713437501468156262921 ], 
  [ 3604887529 ],,,, [ 211160582193639101 ], [ 28903129225265257993 ],,,, 
  [ 296753079387245321 ],, [ 111553890029207049925951 ],, 
  [ 13864018944134033, 28932713563227837809 ],, [ 36013366247, 127252656578477 ], 
  [ 1676975441, 2779305131 ], [ 8012271457 ],, [ 15386896561, 17693886563761 ],, 
  [ 362642248595881 ],,,,, [ 1083491641, 519188757319 ],, 
  [ 253524476141639, 7396331199116471 ], [ 616823715392452073163901 ],,,,,, 
  [ 1311788426239812618196270543 ],,,,,,, [ 2688858427 ],,,,, [ 7669392214259715439323091 ], 
  [ 5831179410580943 ],, [ 53065627081 ],,, [ 358877058048037, 587896402583810364294709 ],, 
  [ 1638538267 ],, [ 2871778417, 661398613009, 545442946782737, 5582394433578601 ], 
  [ 884842788383 ], [ 11611941331 ],, [ 6086471341, 19803738648061 ], [ 6211117999 ], 
  [ 1636029529, 1662930223, 4677127919, 77796244927 ],, [ 6549314937676024125361 ], 
  [ 841055869403 ],, [ 1603311349 ],,, [ 1459887173147251, 125819311499692966517491 ],,,,, 
  [ 1234975580529349 ], [ 62131339948429069, 472533170077991257 ], [ 122415756521 ],,,, 
  [ 1481227537 ],,,,, [ 6710117211071, 1748167593848805673 ],, [ 1478357933761 ], 
  [ 57913134928559 ], [ 775617471763 ], [ 4335544772857 ],,,, [ 40087291093 ],,, 
  [ 1795478281 ],, [ 49263086354281 ],,, [ 22840558501 ],,, 
  [ 10215505567, 157096343880380508806287 ],, 
  [ 15290006041, 54243159502283281, 365084215872846581 ],,,, [ 422648022316801 ], 
  [ 1059936571, 2512829300521, 102958069928561 ], [ 11485632501137497400569 ],, 
  [ 5342346292514829737 ],,,,, [ 37803230419 ],,,, [ 1681469681 ], 
  [ 3838460668240217, 4201872985162469 ], [ 3352705231 ],,, 
  [ 1142624927886782287, 240955591986850021849 ],, 
  [ 951959983573, 1084288790581, 628082323091089, 27191701038479573501 ],, 
  [ 299357798032679 ],, [ 233887090401856158167737 ],, 
  [ 35556359608331, 92958848874791186501 ], [ 3680406361 ],,,,,,, [ 171636738109 ],, 
  [ 14270351761 ],, [ 229605113725153 ], [ 8297366496337 ], [ 57850460540047566913 ],, 
  [ 990057729847440937 ], [ 4224181193, 5757184188293597459 ], [ 9602278901311539173 ], 
  [ 2360531317 ],,, [ 2729019169, 231390870049 ], [ 21838726068011 ],,, [ 28790014349 ],,, 
  [ 133466702821 ],,,, [ 19396157138719 ],, [ 1549864981031, 4167728121541 ],,, 
  [ 125065377939359986877953 ],,,,,,,, [ 54176527321294393 ], [ 5891467939522499 ],,, 
  [ 14709156421, 1002761323335701 ], [ 10007791837 ], [ 474703610767 ],,, [ 136479121921 ], 
  [ 281628725636341, 28837879073390047247 ],,,, [ 1676049611, 109416992171 ],, 
  [ 70466055968177 ],,, [ 6584650451 ], [ 2360980403741, 3761736714149 ],, 
  [ 206841780943682047487 ],, [ 12564989606363281397281 ], [ 21734194717 ], 
  [ 10459724108369 ], [ 2532897973873, 7848539722087 ], [ 52191488376281 ],, 
  [ 5285343799, 211499693534907925718671 ], [ 872048076003787 ], 
  [ 12039375986329, 7847505675823169 ],, [ 7047239786371 ], 
  [ 1237779577, 2533629659153, 191200206914551 ], [ 8808700597 ],,,, 
  [ 227423093297, 25086569718296066641 ], [ 2664710231 ],,,,, [ 1085069989 ],,,,, 
  [ 706265316667 ],,, [ 225897071341, 65720385298861 ],,, [ 115321894183 ],, [ 5401083101 ],,
  , [ 21861625657758853 ],,, [ 48231104017 ],, [ 698499553601 ],,, [ 71838390563 ], 
  [ 3773808222287 ], [ 45383041969, 104638144458424299361 ],,,,,, [ 427620669181 ], 
  [ 675525585611 ], [ 3364628513, 21462887737, 428173105121, 1185322524857, 1303942292689, 
      1064812243308434273 ],,,, [ 3468895515540134436061, 137158646846682707450641 ],,,, 
  [ 1530327781217 ],, [ 466539309601 ],,,, [ 196097282701 ], [ 1371332107, 102933096829 ], 
  [ 11266495151096473, 14528898177985033 ], [ 1470290963 ], 
  [ 3791013691, 436594793731, 1043573333495101 ],,, [ 40065496819 ], 
  [ 173411070067, 188435730079, 9861934140893491057 ],, [ 63250405121 ],, [ 566065120783 ],,,
  , [ 60733298187199667 ],, [ 16423347778788121, 102275802722596057 ],,, [ 4563202459 ], 
  [ 106369955848157 ],,, [ 25531055701 ],,, 
  [ 1732562851553, 24540064804873, 825978854286371, 1461185525115297419 ],, 
  [ 341020896658374521 ], [ 1927462853 ], [ 25118942858037013 ],, [ 8834158743017 ],, 
  [ 12228636281, 16654533131 ],, [ 7321191529, 400184528217445273 ], [ 8108936167 ],, 
  [ 72223859473 ], [ 3933452833, 2714493061729 ],, [ 430204902864463 ],,,,,, 
  [ 1089822180001 ],,,,,,,,, [ 20184417639499219 ], [ 6118545221 ],,,,,,, [ 1021578007 ], 
  [ 12558231517933 ],, [ 244577219321 ],,, [ 2128693307371 ],,, [ 28438247261 ], 
  [ 2493173959 ], [ 2731269341 ],, [ 67731305898691 ],, [ 511893743561, 34636293751481 ],, 
  [ 180929228863963 ],, [ 21844911472484629 ],,, [ 3707319529 ],,,,, [ 3865070369422081 ],, 
  [ 643535716721 ], [ 11982565519 ],, [ 74621773381 ],,,,,,, [ 418045227776849 ],, 
  [ 38355899472031, 2365006122466177 ],,,,,,,, [ 41154878460133 ],,,, [ 87338816356891061 ],,
  ,, [ 6971380831 ],, [ 2793409789 ],,,,,, [ 66081630253, 116817317462565919 ],,,, 
  [ 10874513161, 362028433039939 ], [ 4615814227 ],,,,, [ 34550594274379541 ],,,,, 
  [ 528332805509 ], [ 220572989531549 ],,,,,,, [ 7614995461 ],,,,,,,,, [ 21851383093 ], 
  [ 3912578671, 6037311281 ],, [ 4467552433, 115234887739 ],,, [ 21746904668641 ],, 
  [ 22576940723, 1049964503009 ],, [ 57656572402349 ],,,,,, [ 7104927211 ],,,, 
  [ 3614042777 ],,,,, [ 73696612421 ],,, [ 930236143303657 ],,,,,,,,,,,,,,,,,,,,, 
  [ 483115990547 ], [ 117042938798209 ],,,,,, [ 2667524861, 129778251311171 ],,,,,, 
  [ 8444088321241 ],, [ 1069319767, 1174285193, 11013901679993 ],, [ 1311879661 ],,, 
  [ 10745293789 ],,,, [ 1989126761 ], [ 6734792509 ],,,,,, [ 7447377566063 ],,,,,, 
  [ 1252432801 ],, [ 201890484343, 84317788852933 ],,,,,,,, [ 119037445291 ],,,,,,,,,,,,,, 
  [ 1752054721 ],,,,, [ 3123366929 ],, [ 2314559371 ],,,,,, [ 274768307677 ], 
  [ 8025001913963 ],,,,,, [ 478945582386233, 15007386496560730333 ],,,,,,,,, 
  [ 1076648071, 7749685837 ],,,,,,,,,,,,,,, [ 16610770441609 ],, [ 9324307777891 ],,, 
  [ 1613915101 ],,,,,,,,,,, [ 954908617736321 ],, [ 1064857278934711 ],, [ 62531421212329 ],,
  , [ 43729561805887 ], [ 9818360414029 ],, [ 2779297392169 ],, [ 245057816951809 ],,, 
  [ 15755579129 ], [ 232070213701, 547341399901 ],, [ 5806710691 ],,,,,, [ 177653872527673 ],
  ,,, [ 19502055654049 ],,,,,, [ 5508928282519 ],,,, [ 4054823233, 2885423308531 ],,,, 
  [ 146914827247, 187294826833 ],,,, [ 3086178031 ],, [ 4833310061 ],,,,,,,,,,,,,,,, 
  [ 1563794257 ],,, [ 37045902583, 1616426062549 ],, [ 3235330171, 19614975739 ], 
  [ 107129419829407 ],, [ 4207195393, 11870783929 ],,, [ 10408364569 ], [ 671565979960321 ],
  , [ 3794064509 ],,,,,,, [ 2658967009 ],, [ 5121020987 ],, [ 5209253239 ],,, [ 7201908881 ],
  , [ 11945162025757 ],, [ 311531066141 ],,,,,,,,,, [ 5163168781, 2231293933441 ],, 
  [ 3015558977, 383387335649 ],, [ 11320339969 ], [ 1531987571, 76986785893181 ],,,,, 
  [ 11150313975001 ], [ 77026645697 ], [ 353423674477 ],, [ 3613110697337 ],,,,,,, 
  [ 10896499363 ], [ 1827779273, 22469001853 ],,,,,,,,,,,,,, 
  [ 26827838767, 1614232002916531 ],,,,,, 
  [ 249243090642913, 338779884464041, 43071832841764777 ],,,,,, [ 39123859003 ],,,,, 
  [ 24491698883 ],,,,,,, [ 17708565001 ],,,,,,,,,, [ 2800581481 ],,,,,,,,,,,,,,,,,, 
  [ 2573767043, 2589509077 ],, [ 2219065201 ],,,,, [ 121306059701 ],,,,, [ 3725508821 ],, 
  [ 58481807749 ],,,,,, [ 11353428703 ],,,,,,,,,,,, [ 9585808641511 ],,,,,,, [ 321705081211 ]
   ,,, [ 2068810241 ],,,, [ 8841276097 ],,,,,,,,,, [ 1600925692969 ],,,, [ 2602044967 ],, 
  [ 10089160766221 ],, [ 1160739079 ],,, [ 120858059051 ],,,, [ 1280503051 ],,,, 
  [ 9894079787 ],, [ 157263998208241 ],,,,,,,, [ 3129681847 ],,,,,,,,,,, [ 514369137553 ],,,,
  ,,,,,,,,,,,,,,,,,,,,,, [ 362831390401 ],, [ 1013508371 ],,,,,,, [ 119990159797 ],, 
  [ 2486529347 ],,,, [ 5032323544771 ],,, [ 4362333991, 244084185451 ],, [ 3558027521 ], 
  [ 83401223071 ],, [ 37642560457 ],,,,,, [ 1208510113 ], [ 688596864271 ],,,,,,,,,,, 
  [ 19937367407 ],, [ 56918103617 ],,,,,,,, [ 4904903287 ],,,,,, [ 3141652783 ],,, 
  [ 28798022569681 ],,,,,,,, [ 95630410741 ],,, [ 3388574971 ],,,,,,,,,, 
  [ 13974651243253, 42053034202033 ],,,,,,,,,,,,,,,,,, [ 1012365259 ], [ 57046587001 ], 
  [ 1650812881 ],,,,,, [ 12136436041 ],,, [ 726294878011 ], [ 641085985009 ],,,, 
  [ 58929429011 ],, [ 3428993881, 90267503983 ],,,,,,,,,,,,,,,,,,,,,, [ 12812639269 ],,,,,,,,
  ,,,,,, [ 3459123097 ],,,,, [ 13668583699 ],,, [ 2011040821 ],, [ 71571252671 ],, 
  [ 3340714651 ],,,,, [ 2163925961 ],,,,, [ 1108327001, 39303932251 ],,,,, [ 74616526861 ],,,
  ,,,, [ 176107331747 ],,,,,, [ 14151531577 ], [ 5091622639 ],,,,,,,,,,,,,,,,,, 
  [ 4519413817 ],,,,, [ 7363735237 ],,,,,,,,, [ 5779609652923 ], [ 5227880804129 ],,,,,,, 
  [ 1194025837 ],,, [ 10356565339 ],,,,, [ 121669652693 ], [ 6358212979, 7486826569 ],,,,,,,,
  ,,,,,, [ 130711602053 ],,,,,,,,,,,, [ 57616412881 ], [ 504357110251 ],,,,,,,,,,,,,, 
  [ 5627437817 ],,,,,,,, [ 2764965449 ],,,,,, [ 5468038549 ],,,, [ 8021346889 ],,, 
  [ 16154871671 ],,,,,,,,, [ 59610923363 ],, [ 14868371629 ],, [ 1674394987 ],,,,,,, 
  [ 1065673051 ],, [ 60009731809 ],,,,,,, [ 34140210053 ],,,,,,,, [ 1121434921 ],,,,,,,,,,, 
  [ 6311491393 ],,,,,,, [ 4068255361 ],,,,,,,,,,,, [ 14468634553, 56474859277 ],,,,,,, 
  [ 10708225351 ],,,,,,,,,, [ 9659194133 ],,,,,,,,,,, [ 10716561601 ],, [ 48697892371 ],,, 
  [ 22968121381 ],,,,, [ 2506233871 ],,,,, [ 3068018731, 7726786621 ], 
  [ 1023130001, 1487311457 ],,,,,, [ 285827993317 ], [ 10855114147 ], [ 32086048457 ], 
  [ 35227991501 ],,,, [ 6984875071 ],,,,,,,,,,,, [ 19264168327 ],,,,,,,,,,,,,, 
  [ 67976831171 ],, [ 26345063879 ],,,, [ 147935533219, 596426215991 ],, [ 2511781897 ],, 
  [ 7243625791 ],,,, [ 6169091321 ],,,, [ 2111884783 ], [ 21510029521 ],, 
  [ 4272613393, 19349441789 ],,, [ 1904996759 ], [ 505393835521 ],, [ 6633078013 ],,,,,, 
  [ 3321816889 ],, [ 6557566733381 ],,,,,,, [ 3888977567 ], [ 9235887253 ],,,,,,,,,,,,,,,,,,
  , [ 131213582987 ],,,,,,,,,,,,,,,,,,,,,,,,,,,,,,, [ 17674231075649 ],,,,, [ 10145564633 ], 
  [ 4241091317 ],,,,,,,,,, [ 6246750353509 ],,,,,,, [ 1111826717 ],, [ 1876146049 ],,,,,,,,,,
  ,,,,,,,,, [ 1081679873 ],,,,,,, [ 412488014611 ],,,,,,,,,, [ 1037649637, 33489984439 ],,,, 
  [ 30317624177 ],,,,, [ 20825553601 ],,,, [ 28894544113 ],,,,,, [ 6662796769 ],,,,,,,, 
  [ 19124358013 ],,,,,,,, [ 4973111261 ],,,,,,,,,,,, [ 249210220289 ],,,,,,,,, 
  [ 46890120941 ],,,,,,,,,,,,,,,,,,,,,,,,,,,, [ 1887271783 ],,,,, [ 47660571713 ],,,,, 
  [ 21473661331 ], [ 10730563201 ],,,,,,,,,, [ 4340019883 ],,,, [ 4369681583 ],,,, 
  [ 1037935739 ], [ 268255269361 ],,,,,,,,,,,, [ 75781492471 ], [ 246413503073 ],,,,,,,,,,,, 
  [ 15482421541 ],, [ 950694689101 ],,,,, [ 45362021401 ],,,,,,, [ 151035968593 ],,,,,,,,, 
  [ 3389765221 ],,, [ 12560550157 ],,,,,,,,, [ 1178784871261 ],,,,, [ 13390394669 ], 
  [ 1199470429 ],,,,,,,,,,,,,,,,,,,,,,,,,,,,,, [ 11756556241 ], [ 88495442501 ],, 
  [ 131638272067 ],,,,,, [ 1822119469 ],,, [ 7781159077 ],,,,, [ 243230874377 ],,,, 
  [ 28728395553601 ],,,,,,,,,,, [ 7646386427 ],,, [ 125227686611 ],,,,,, [ 397004448361 ],,,,
  ,,,,,,,,,,, [ 22999881001 ],,,,,,,,,,,,,,,, [ 914991104857 ],,, [ 1860965023, 8618055931 ],
  , [ 3309881633 ],,,,,,, [ 15372660817 ],,,, [ 1485247085099 ],,,,, [ 3646253953 ],,,,,,,,,,
  ,, [ 8143642883557 ],, [ 2726969177 ],,,,,, [ 1304602781 ],,,, 
  [ 63134089489, 166865232073 ],,,, [ 1064373941 ],,,, [ 84953174209 ],,,, [ 157479062701 ],,
  ,, [ 102476455993 ],,,,,,,,,,, [ 3968296039 ],, [ 2181155231, 64832327921 ],,,,,,,,,,,,, 
  [ 17680625029, 3575485137709 ],,,,,,,,, [ 53759080027 ],,,,,,, [ 38267967401 ],,,,,,,,,, 
  [ 30327496229 ],,,,,,,,,,,, [ 1462670801 ],,,,,,,,,,,,,, [ 1274230921 ],,,,,,,,,,,,,,,,,,,,
  ,,,,,,,,,, [ 33514902781 ],,,,,, [ 1551643501 ],,,,,,,,,,,,,, [ 119656353961 ],,,,,, 
  [ 4228841892313 ],, [ 751467368081 ],,,, [ 57790281721 ],,,,,,,, [ 22346947201 ],,,,,,,,,,,
  ,,,,,,, [ 20802464489 ],,,, [ 11662001191 ],,,,,,,,,, [ 15204581701 ],, [ 2238256987 ],,,,,
  ,,,,,,,,,, [ 21253700323 ],,,,, [ 2404149617 ],,,,,,,,,,,, [ 3736876963 ],,,,,, 
  [ 19522757861 ],,,,,, [ 1228253647, 1787043221 ],,,,,,,,,,,,,,,,,,,,,,,,,,,, 
  [ 343889038651 ],,,,,,,,,,,,,, [ 1065046841 ],, [ 2018678873 ],,,, [ 1080314783 ],,,,,,, 
  [ 1842515767 ], [ 1040734589, 4492039493 ],,,,,,,,,,,,,, [ 8798716657 ],,,,,,,, 
  [ 3118388113, 121499798513 ],,,,,,,,,, [ 14921748739 ],,,,,,,,,,,,,,,, [ 1777054184293 ],,,
  ,,,,,,,, [ 120776940019 ],,,,,,,,,,,,,,, [ 4599887689 ],,, [ 7513102837 ],,, 
  [ 174761323417 ],, [ 3989187335929 ],,,,,,, [ 47875146133 ],,,,, [ 7376880961 ],,,,,,,,,,,,
  ,, [ 47394713011 ],,,,,,,,,,,,, [ 6079908661 ],,,,,,,,,,,,,,,,,,,,,,,,,,, [ 1394868697 ],,,
  ,,,, [ 4552709899 ], [ 9304530971 ],,,,,,,,,,,,,,,,,,,,,,,,,,,,,,,,,,,,,,,,,,,,,, 
  [ 37575273217 ], [ 10144238383 ],,,,, [ 14746782709 ],, [ 1650839569 ],,,, 
  [ 1455775073, 36069101777 ],,,,,,,,,,,,,, [ 1062020873 ],,,,, [ 22511656273 ],,,,,,,,,,,, 
  [ 25977432511 ],,,,, [ 1093104629 ],,,,,,, [ 4667028211 ],,,,,,,,,,,,,,,,,,,,,,,,,,,,,,,,,,
  ,,,,,,,,,,,,, [ 57518633569 ],,,,,,, [ 2405061066601 ],,,,,, [ 3774471037 ], 
  [ 6768139457 ],,,,,,,,,,,,,, [ 2553820141 ],,,,,, [ 1082599057, 1522476649 ],,, 
  [ 1192124815201 ],,, [ 14266196761 ],,,,,,,,,,,, [ 24795254521 ],,,,,,,,,,,,,,,,,,,,,,,,,,,
  ,,,,,,,,, [ 13128202783 ],,,,,,,,,,,,,,,,,, [ 1112060881 ],,,, [ 3316108673 ],,,,,,,,,, 
  [ 1102916491 ],,,,,,,,,,,,,,,,,, [ 174113807893 ],,,,,,,,,,,,,, [ 6103003741 ],,,,, 
  [ 225752725321 ],,,,, [ 2840007701 ],, [ 1023776267 ],, [ 1450626409, 129105979729 ],,,,,,,
  , [ 11587069313 ],,,, [ 159093708661 ],,,,,,,, [ 9804557969 ],,,,,, [ 4400871721 ],,,,,,,,,
  ,,, [ 1467231299 ],, [ 3149444552321 ],,,,,,,, [ 1104868657 ],,, [ 4059431251 ], 
  [ 38151776581 ],,,,, [ 11121664051 ],,, [ 1393041469 ],,,,,,,, [ 2010031957 ],,,,,,,, 
  [ 170978405921 ],,,,,, [ 270929893583 ],, [ 3592426761289 ],,,,,,,,,, [ 8791053389 ],,,,,,,
  ,,,,,,,,,,,,,,,,,,,,, [ 33636383567 ],, [ 223475075221 ],,,,,, [ 3078281231 ],,,,,, 
  [ 1432477554881 ],,,,, [ 3870694381 ],,,,,,,,,,,,,,,,,,, [ 11568766249 ],,,,,,,,,,, 
  [ 1806353401 ], [ 1396910033 ],, [ 135376001947 ],,,,,,,, [ 5227761151 ],,,,,,,,,, 
  [ 38670101929 ],,,,,,,,,,,,,,,,,,,,,,,,,,,,,,,,,, [ 4438308701, 65627649001 ],,,,,,,, 
  [ 3406207999 ],,,,,,,,,,,,,,,,,,,,,,,,,,,,,,,,,,,,,,,,,,,,,,,,,,,,,,,,,,,,,,,,,,,,,, 
  [ 8325116089 ],, [ 167362469611 ],,,,,,,,,,,,,,, [ 3012220951 ], [ 1343493509 ],, 
  [ 2801345557, 25436814313 ],,,, [ 43245113441 ],, [ 29632116823 ],,,,,,,,,, [ 1130122013 ],
  ,,,,,,,,,, [ 1018372321 ],,,,,,,,,,,,, [ 3254280937, 12829723553 ],,,, [ 22237977857 ],, 
  [ 2937569604091 ],,,, [ 1010066531 ],,,,,, [ 1673542599973 ], [ 13068932311 ],,,,,,,,,,,,,,
  ,,,,,,, [ 46189421953 ],,,,,, [ 8056377073 ],,,,,, [ 1539538729 ],,,,,, [ 1420032321853 ],,
  ,,,,,,,,,,,,,, [ 59955702061 ],,,,,,,, [ 1972223101, 322386958549 ],,,,,,,,,, 
  [ 193624979833 ],,,,,,,,,, [ 2517070155529 ],,,,,,,,,,,,,, [ 1197424157 ],,,,,,,,,, 
  [ 3060604993 ],,,,,,,,,,,, [ 4289897809 ],,,,,, [ 4641463531 ],,,,,,,,,,,,,,,, 
  [ 8341868047 ],, [ 15073083973, 373886615749 ],,,,,, [ 4908645451 ],, [ 6307860341 ],,,,,,,
  ,,,,,,,,, [ 10639844153 ],,,,,,,,,,,,,,,,,,,, [ 3761530081 ],,,, [ 12783372361 ],,,,,,,,,, 
  [ 1339645399 ],,,,,, [ 550544023261 ],,,,,,,,,, [ 5062067459 ],,,,,,,,,,,, [ 1342608037 ],,
  ,,,,,,,,,,,,,,,,,,,,,,,,,, [ 11837434841 ],,,,,,,,,,,,,,,,,,,, [ 559581387613 ],, 
  [ 81413050753 ],,,,,,,,,,,, [ 397096531989697 ],,,,,, [ 440289510697 ],,,, [ 7187735369 ],,
  ,,,,,, [ 32119211413 ],,,,,,,,,, [ 4259668513 ],,,,,,,,,,,,,,,,,,,,,,,,,, [ 310383661831 ],
  ,,,,,,,,,,, [ 1067583103 ],,,,,,,,,,,,,,,,,,,,,,,,,,,,,,,,,,,,,,,,,,,,,,,, [ 7083050941 ],,
  ,,,,,,,,,,,,,, [ 7566858917 ],,,,,,,,,,,,,,,,,,,,,,,,,, [ 56231066978521 ],,,,,,,,,,,, 
  [ 58917482209 ],,,,,,,,,,,,,,,,,,,,,,,, [ 22692143209 ],,,,,,,,,,,,,,,,,,,,,, 
  [ 11894714131 ],,,, [ 28785438431 ],,,,,,,,,,,,,,,,,,,,,,,,,,,,,,,,,,,,,,,,,,,,,,,,,,,,,,,,
  ,,,,,,,,,,,,,,,,,,,,,,,,,, [ 1182823417 ],,,,,,,,,,,,,, [ 1316033681 ],,,,,,,,,,,,,,,,,,,,,
  ,,,,, [ 1140194309 ],,,,,,,,,,,,,,,,,,,,,,,,,,,,,,,, [ 37134915637 ],, [ 3715413451 ],,,,,,
  ,,,,,,,,,, [ 98052734713 ],,,,,,,,,,,,,,,,,,,,,,,,,,,,,, [ 40570868521 ],,,,,, 
  [ 4407558679 ],,,,,,,, [ 2477791031 ],,,, [ 20242011943 ],,,,,, [ 1423956361, 3026738401 ],
  ,,,,,,,,, [ 9495441671 ],, [ 4146581377 ],,,,,, [ 41122434757 ],, [ 36021185401 ],,,,,,,,,,
  ,,,,,,,,,,,,,,,,,,,, [ 917411520521 ],,,,,,,,,,,,,,,, [ 7344515539 ],, [ 1571605915097 ],, 
  [ 125284448652241 ],,,,,,,, [ 22952820139 ],,,,,,,,,,,,,,,,,,,,,,,,,,,,,,,,,,,,,,,,,,,,,,,,
  ,,,,,,,,,,,,,,,,,, [ 4166874763141 ],,,,,,,,,,,,,,,,,,,,,, [ 584627070119 ],,,, 
  [ 58794100951 ],,,,,,,,,,,,,,,,,,,,,,,,,,,,,,,,,,,,,,,,,,,,,,,,,,,,,,,,,,,,,,,, 
  [ 11994718783 ],,,,,,,,,,,,,,,,,,,,,,,,,, [ 77842893761 ],,,,,,,,,, [ 1068197131 ],,,,,,,,,
  , [ 18331583317301 ],,,,,,,,,,,,,,,,,,,,,,,,,, [ 3620624071 ],,,,,,,,,,,,,,,,,,,,,,,,,,,,,,
  ,,,,,,,,,,,, [ 141905212177 ],,,,,,,,,,,, [ 8745651121 ],,,,,,,,,,,,,,,,,,,,,,,,,,,,,,,,,,,
  ,,,,,,,,,,,,, [ 2636568469 ],,,,,,,,,,,,,,,,,,,,,, [ 3065164451 ],,,,,,,,,,,,,,,,,,,,,,,,,,
  ,,,,,,,,,,,,,,,,,,,,,,,,,,,,,,,,,,,,,,,,,,,,,,,,,,,,,,,,,,,,,,,,,,,,,,,,,,,,,,,,,,,,,,,,,, 
  [ 70474876729 ],,,,,,,,,,,,,,,,,,,,,,,, [ 1820421541 ],,,,,,,,,,,,,,,,,,,,,,,,,,,,,,,,,,,,,
  ,,,,, [ 4823246017 ],,,,,,,,,,,,,,,,,,,,,,,,,,,,,,,,,,,,,,,,,,,,,,,,,,,,,,,,,,,,,,,,,,,,,,,
  ,,,,,,,,,,,,,,,,,,, [ 2311367059 ],,,,,,,,,,,,,,,,,,,,,,,,,,,,,,,,,,,, [ 1619409091 ],,,,,,
  ,,,,,,,,,,,, [ 9585298273 ],,,,,,,,,,,,,,,,,,,,,,,,,,,,,,,,,,,,,,,,,,,,,,,,,,,,,, 
  [ 47541593401 ],,,,,,,,,,,,,,,,,,,,,,,,,,,,,,,,,,,,,,,,,,,,,,,, [ 11923802713 ],,,,,, 
  [ 1592345173 ],,,,,,,,,,,,,,,,,,,,,,,,,,,,,,,,,,,,,,,,,,,,,,,,,,,,,,,, [ 203905470341 ],,,,
  ,,,,,,,,,,,,,,,,,,,,,,,, [ 7138162095193 ],,,,,,,,,,,,,,,,,,,,,,,,,,,,,,,,,,,,,,,,,, 
  [ 978544898431 ],,,,,,,,,,,,,,,,,,,,,,,, [ 1464148969, 6363400607833 ],,,,,,,,,,,,,,,,,, 
  [ 5141137489 ],,,,,,,,,,,, [ 3561384601 ],,,,,,,,,,,,,,,,,,,,,,,, [ 10151852353 ],,,,,, 
  [ 84548622673 ],,,,,,,,,,,,,,,,,, [ 2971549369, 5566998673 ],,,,,,,,,,,,,,,,,,,,,,,, 
  [ 22222460209 ],,,,,,,,,,,,,,,,,,,,,,,,,,,,,, [ 922025536111 ],,,,,,,,,,,,,,,,,,,,,,,,,,,,,
  ,,,,,,,,,,,,,,,,,,, [ 1014190783 ],,,,,,,,,,,,,,,,,,,,,,,,,,,,,,,,,,,, [ 150088895251 ],,,,
  ,,,,,,,,,,,,,,,,,,,,,,,,,,,,,,,,,,,,,,,,,,,,,,,,,,,,,,,,,,,,,,,,,,,,,,,,,,,,,,,,,,,,,, 
  [ 3658560168181 ],,,,,,,,,,,,,,,,,,,,,,,,,,,,,,,,,,,, [ 1032648961 ],,,,,, [ 242452523197 ]
   ,,,,,,,,,,,, [ 5587072837 ],,,,,,,,,,,,,,,,,,,,,,,, [ 3641107303 ],,,,,,,,,,,,,,,,,,,,,,,,
  ,,,,,,,,,,,,,,,,,,,,,,,,,,,,,,,,,,,,,,,,,,,,,,,,,,,,,,,,,,,,,,,,,,,,,,,,,,,,,,,,,,,,,,,,,,,
  ,,,,,,,,,,,,,,,,,,,,,,,,,,,,,,,,,,,,,,,,,,,,,,,,,,,,,,,,,,,,,,,,,,,,,,,,,,,,,,,,,,,,,,,,,,,
  ,,,,,,,,,,,,,,,,,,,,,,,,,,,,,,,,,, [ 261892954969 ],,,,,,,,,,,,,,,,,, [ 86078753641 ],,,,,,
  ,,,,,,,,,,,,,,,,,,,,,,,,,,,,,,,,,,,,,,,,,,,,,,,,,,,,,,,,,,,,,,,,,,,,,,,,,,,,,,,,,,,,,,,,,,,
  ,,,,,,,,,,,,,,,,,,,,,,,,,,,,,,,,,,,,,,,,,,,,,,,,,,,,,,,,,,,,,,,,, [ 1067256457 ],,,,,,,,,,,
  ,,,,,,,,,,,,,,,,,,,,,,,,,,,,,,,,,,,,,,,,,,,,,,,,,,,,,,,,,,,,,,,,,,,,,,,,,,,,,,,,,,,,,,,,,,,
  ,,,,,,,,,,,,,,,,,,,,,,,,,,,,,,,,,,,,,,,,,,,,,,,,,,,,,,,,,,,,,,,,,,,,,,,,,,,,,,,,,,,,,,,,,,,
  ,,,,,,,,,,,,,,,,,,,,,,,,,,,,,,,,,,,,,,,,,,,,,,,,,,,,,,,,,,,,,,,,,,,,,,,,,,,,,,,,,,,,,,,,,,,
  ,,,,,,,,,, [ 605423569297 ],,,,,,,,,,,,,,,,,,,,,,,,,,,,,,,,,,,,,,,,,,,,,,,,,,,,,,,,,,,,,,,,
  ,,,,,,,,,,,,,,,,,,,,,,,,,,,,,,,,,,,,,,,,,,,,,,,,,,,,,,,,,,,,,,,,,,,,,,,,,, [ 482920284331 ]
   ,,,,,,,,,,,,,,,,,,,,,,,,,,,,,,,,,,,,,,,,,,,,,,,,,,,,,,,,,,,,,,,,,,,,,,,,,,,,,,,,,,,,,,,,,,
  ,,,,,,,,,,,,,,,,,,,,,,,,,,,,,,,,,,,,,,,,,,,,,,,,,,,,,,,,,,,, [ 1256143621 ],,,,,,,,,,,,,,,,
  ,,,,,,,,,,,,,,,,,,,,,,,,,,,,,,,,,,,,,,,,,,,, [ 4880256481 ],,,,,,,,,,,,,,,,,,,,,,,,,,,,,,,,
  ,,,,,,,,,,,,,,,,,,,,,,,,,,,,,,,,,,,,,,,,,,,,,,,,,,,,,,,,,, [ 7913775241 ],,,,,,,,,,,,,,,,,,
  ,,,,,,,,,,,,,,,,,,,,,,,,,,,,,,,,,,,,,,,,,, [ 12803543634181 ],,,,,,,,,,,,,,,,,,,,,,,,,,,,,,
  ,,,,,,,,,,,,,,,,,,,,,,,,,,,,,,,,,,,,,,,,,,,,,,,,,,,,,,,,,,,,,,,,,,,,,,,,,,,,,,,,,,,,,,,,,,,
  ,,,,,,,,,,,,,,,,,,,,,,,,,,,,,,,,,,,,,,,,,,,,,,,,,,,,,,,,,,,,,,,,,,,,,,,,,,,,,,,,,,,,,,,,,,,
  ,,,,,,,,,,,,,,,,,,,,,,,,,,,,,,,,,,,,,,,,,,,,,,,,,,,,,,,,,,,,,,,,,,,,,,,,,,,,,,,,,,,,,,,,,,,
  ,,,,,,,,,,,,,,,,,,,,,,,,,,,,,,,,,,,,,,,,,,,,,,,,,,,,,,,,,,,,,,,,,,,,,,,,,,,,,,,,,,,,,,,,,,,
  ,,,,,,,,,,,,,,,,,,,,,,,,,,,,,,,,,,,,,,,,,,,,,,,,,,,,,,,,,,,,,,,,,,,,,,,,,,,,,,,,,,,,,,,,,,,
  ,,,,,,,,,,,,,,,,,,,,,,,,,,,,,,,,,,,,,,,,,,,,,,,,,,,,,,,,,,,,,,,,,,,,,,,,,,,,,,,,,,,,,,,,,,,
  ,,,,,,,,,,,,,,,,,,,,,,,,,,,,,,,,,,,,,,,,,,,,,,,,,,,,,,,,,,,,,,,,,,,,,,,,,,,,,,,,,,,,,,,,,,,
  ,,,,,,,,,,,,,,,,,,,,,,,,,,,,,,,,,,,,,,,,,,,,,,,,,,,,,,,,,,,,,,,,,,,,,,,,,,,,,,,,,,,,,,,,,,,
  ,,,,,,,,,,,,,,,,,,,,,,,,,,,,,,,,,,,,,,,,,,,,,,,,,,,,,,,,,,,,,,,,,,,,,,,,,,,,,,,,,,,,,,,,,,,
  ,,,,,,,,,,,,,,,,,,,,,,,,,,,,,,,,,,,,,,,,,,,,,,,,,,,,,,,,,,,,,,,,,,,,,,,,,,,,,,,,,,,,,,,,,,,
  ,,,,,,,,,,,,,,,,,,,,,,,,,,,,,,,,,,,,,,,,,,,,,,,,,,,,,,,,,,,,,,,,,,,,,,,,,,,,,,,,,,,,,,,,,,,
  ,,,,,,,,,,,,,,,,,,,,,,,,,,,,,,,,,,,,,,,,,,,,,,,,,,,,,,,,,,,,,,,,,,,,,,,,,,,,,,,,,,,,,,,,,,,
  ,,,,,,,,,,,,,,,,,, [ 320851303081 ] ]);
