BRENTFACTORS[4479]:=MakeImmutable([ ,,,,,,,,,,,, [ 8000844535467863 ],,,,,, [ 263483352949 ],
  ,,, [ 997749197420510774537869098893129 ],, [ 73749430740715436501 ],,,, 
  [ 75086008914337 ], [ 18731030641 ], [ 11650686655227130187502412918515744767 ], 
  [ 47723089561793 ], [ 149445831019, 467919142417 ], [ 1267844854725469681160009 ], 
  [ 29476251048931 ], [ 13610661006601 ], 
  [ 6213326955943, 10067478146586150155864825010330492184429236705439 ], [ 108782058697183 ],
  [ 233361459967830257705856241, 611670845738409614442446149 ], [ 682442170841 ], 
  [ 9877999612267734476689, 4543901167884499015168743882130871018370694233095535107 ], 
  [ 1184888841529 ], [ 129921778651434624076264330606390991 ], 
  [ 5138135333, 489851216467933, 62811434429043697 ],, [ 214253274973986379793521597 ],, 
  [ 1775002862641, 387377110073971057 ], 
  [ 9114738273103, 350455377921951318311, 11984241888955631990129, 
      4489033724545909314623139629204729 ], [ 743708598901, 78085172672401, 4108766633466751 
     ],, [ 11602337333184728833, 137759915399349116925759469009 ], [ 23423388180671 ], 
  [ 15200478836956027 ], [ 886048032854716173311 ],, 
  [ 4600328696130909487, 26487454718078525357355852234373795856629 ], 
  [ 41118874091, 17068507987626682415181808486006810638539 ], 
  [ 6746477249, 2985085483739753 ], [ 873483915301, 1561881963661 ], 
  [ 10956302111, 890383663867, 11561958041421335243923 ], 
  [ 207837997647477773, 905097564770916079468943, 77948687432422534708504124141 ],, 
  [ 2946062740879562204193773678657 ], 
  [ 10408241013800111, 1122687685043390831, 174046344320494375535003598791, 
      5099898020738666003003515628395758732175481 ], [ 222212914885438812787 ], 
  [ 4772568753553, 161632188842006684533 ], 
  [ 97423800941, 138574737109394298443517410001777700990386213800281 ], 
  [ 784409840202239161 ], [ 13797214817949151 ],, [ 132320319216610244833 ],, 
  [ 25417148299, 394090296109, 901730812006766445130577, 12491698547482175457482801 ], 
  [ 16144828864532158304913001 ], 
  [ 534021031723595778649687849, 9812631083827755128202331585693873 ], 
  [ 239735993427754625033 ],, [ 54506788019, 19966712730801441047 ], 
  [ 12087474822222930205338116777675118572484806561 ], [ 31615502689, 335557099474021 ], 
  [ 2033817301, 41719521162207533229770125171353831168890716789469 ], 
  [ 190824423443807, 27052429958731491463 ], [ 537691097833 ],,, [ 29814958830617131 ], 
  [ 30105347568913, 37549912381346781444073 ],,, [ 3715452969534843083, 9489644809643683777 ]
    , [ 16904597155939781 ],, [ 58296692096553890634632637031 ], [ 12871443601 ],,, 
  [ 128601661500773410115657742707, 326839579646328888877468271522152083277 ],,, 
  [ 14297005511 ], [ 1229518201, 38810362359302218748525776824783319 ], [ 618610143161 ], 
  [ 13125023809 ],, 
  [ 148082720992460000599, 2622826873384473170713, 40457541992985399489962809 ],,,, 
  [ 621516601122756571 ], [ 6694440529663, 407598261540790426531 ], 
  [ 32168703953, 14072689508836282056618245137 ],, 
  [ 14780337523642081, 3656952543240034477, 23966998375297785086265506991466364179813 ],,, 
  [ 1007049187, 30464962399, 3379208158411960681 ], [ 12656862484918493942790949837273 ], 
  [ 621216150773 ], [ 474502461841, 4495166656921 ],, [ 3307567361239, 447769030656767 ], 
  [ 4736102209, 233379833273287 ], [ 64596297165345496141 ], [ 149758393210303585751 ], 
  [ 13315296356915044512118051892989, 10895431522521640953478111199401303 ], 
  [ 150910442118958440673, 4317117972754128518209 ], [ 20741053057 ], 
  [ 5380943461, 63275044358270019661 ],,, 
  [ 147451328377, 164796012399653449, 2011981168729642837 ],,, 
  [ 8751740581, 296054583535147429268821 ], [ 230220890849 ], [ 10330942033 ], 
  [ 956138009401 ],, [ 29945599601, 214982147521 ],,, [ 172330322737 ], 
  [ 1735720993, 49500159409, 41156990446609, 327665989744348720470514129, 
      3654573351364587781454461255729 ],,,, [ 892080186841 ],,, 
  [ 23663522873, 18841150807104333091620319 ], [ 16937738941169 ], [ 77145458573971 ], 
  [ 6763560962293642189453, 6423440812412825798534939 ],, [ 438365566686997 ],, 
  [ 1188571714785739614978961 ], [ 8835365477484103 ],,, [ 27788050494991 ], [ 25473534377 ],
  [ 16585865907403357 ], [ 1766729581 ], [ 4693055462572480653059 ],, 
  [ 10806336013855169089 ], [ 83449476059, 624703355303 ], 
  [ 214637980145518099981, 32090695848280342494971 ], [ 22211577983315291761 ], 
  [ 86580012209 ],,, [ 98573498908555651 ], [ 239741772218888986817 ],, 
  [ 28325057231, 230614434373574738273, 10742382006256784848189 ],, 
  [ 305842591081, 29370836181241, 8585369567159181301, 72535299879423423241 ], 
  [ 2085784107022688592151 ],, [ 104806174455427 ],,, 
  [ 9180192408678232339, 1010744633780418530872511170273 ], [ 19168240555702789 ], 
  [ 9869358132879353401 ], [ 43789180973869639757989 ], [ 6272440040814695171 ],,, 
  [ 1659633774119 ],, [ 14775345396241, 1545716866421521, 102897347959036489679731 ], 
  [ 21752145661, 345303951524533 ], [ 188171315377011737 ], [ 102236966972681707 ], 
  [ 963198920023 ], [ 35786684867182801 ], [ 19174592089525931533 ],,, 
  [ 669216635673467743909 ], [ 1970780621 ],, [ 7602691861 ],,, 
  [ 1238082301, 517533994847887115491 ],,, 
  [ 237462297792631, 258864053140951, 1755617354898613 ], [ 8775734899, 14846630921 ],, 
  [ 36566262937619576417233 ], [ 253515094309, 257927236408817841899993 ], 
  [ 7444688011, 25187330899231621 ],, [ 160985396712110793071205881 ], [ 3716105878365557 ],
  , [ 16954433643661, 17850303413951 ],, [ 1439863699696946119754551 ], [ 29963082713 ], 
  [ 98424813862261 ], [ 66660683533, 238343867794741 ],, [ 456613878361 ], 
  [ 4261442826587563 ],,, [ 14497211086859982468313 ],, 
  [ 32225018580416089324073, 21287572872754981924789237 ],, 
  [ 10008200833, 314491883873651443, 581726731602426089 ], [ 21957525388670488633033 ], 
  [ 17466450241, 786880503790081, 1606333202216186948641 ], [ 265212026039929879 ], 
  [ 9547337537, 5702455424790829846897207 ], [ 152993426371213303 ], 
  [ 29589442748178002452013 ], [ 112084821311611 ],,, [ 1349768137337 ],, 
  [ 2090277751, 572084901001, 1118602110251 ],,,, [ 168079138297999, 69980459577756727 ],, 
  [ 13289795152129 ], [ 10829992461931 ], [ 8389343689, 327151558691791 ], [ 1593084326107 ],
  ,,,,,, [ 18022946243, 78807197476017270499 ], [ 688268707516931911 ],, 
  [ 50668534084603691279 ], [ 41435994151, 4121574443817865835851, 29243492786254652278831, 
      8447221765567513202577917671 ], [ 107012723230631 ],, 
  [ 418942250039041, 575314339217437 ],,, [ 113196526117, 2640788119040274390613 ], 
  [ 21925168819 ],,, [ 23619450961, 3611258865175690440828481 ],, 
  [ 1203425131, 2680337930107, 169677909377611 ],, 
  [ 21751899097, 84689411673521, 1479464169566989, 1034580819341084479609 ],, 
  [ 10615474013, 6975013620367937 ], [ 11979814519, 2447760546446027 ], 
  [ 1011410209, 2249706817, 4590133366404953953 ], [ 16554286453 ], [ 150021356671 ],, 
  [ 4561755109 ], [ 537066758192551721 ], [ 12833150055559 ], 
  [ 55906721109571, 71101012733071 ], [ 734677780661324578508993 ], 
  [ 445872446654401801, 1679624909729220165427 ], [ 1787308864097 ], [ 1099466977970089 ],, 
  [ 3748724780768916803 ],, [ 499654884667, 23035698558553 ],,,, [ 344743995816461 ], 
  [ 793751590334598281 ], [ 460666131340355047 ],, [ 6787337193851 ], 
  [ 9606976309088685105697 ],, [ 115883893153382971823 ], [ 52351965541 ], 
  [ 11684519128181 ], [ 3114716872493 ], [ 98542718099203501, 256123844824913697554600077 ], 
  [ 5409946125079 ],, [ 511944938981713 ], [ 35655254358557 ], [ 41768469807877 ], 
  [ 2920320199477 ],, [ 78020662963, 44500065392744053 ],, 
  [ 3616810409, 247931434633801, 53659296487376729 ], [ 156670253604803 ], [ 219883386361 ],
  , [ 1897437866273, 2139969337633, 21619658585573, 7447875163291897 ], [ 12997423567 ], 
  [ 946147089479, 438570750257411, 6930991443341501 ], [ 297011054941 ],, 
  [ 71930921191, 76014378499, 68061602787067 ],,, [ 7399913995861, 72191723715693133249241 ],
  [ 326701485353 ], [ 1100687671, 1335045065023, 76088214724353319 ], [ 344116411618680191 ],
  [ 4066392497513 ], [ 7103434081, 1512430210981 ], [ 97040689441447 ], [ 3148717899449 ], 
  [ 8889548734657, 223857334631997949537261 ],,,, [ 499943010337, 28762254272882439937 ], 
  [ 4500034117 ],, [ 2885067961 ],, [ 6449319241, 236365307473, 251519651881 ], 
  [ 78596096503 ], [ 1860132653 ],,,,, [ 210353761656949 ], [ 4908959584831 ], 
  [ 3950567574949 ], [ 30144466145779 ],,, [ 1918083331, 54795290971 ], 
  [ 106616645489363591 ], [ 3893159962819620656593 ],, 
  [ 27604117949, 3493915688001813204989 ], [ 1667544991471501, 197828541879295501 ],, 
  [ 4690364069 ], [ 1902184619693074197341053663 ],, [ 30110590481, 1089964420996352445241 ],
  , [ 109079122463, 198080516792175010283 ],, [ 114133882870233004033 ],,,,,, 
  [ 16785991364491025431 ], [ 3867024409, 423980222837 ],,, 
  [ 1574868181811, 499221917866571371 ], [ 16844869801 ],, [ 183839601469 ],,, 
  [ 21542072246801, 49830896841258524801 ], [ 81983540533, 1639089223625462663 ], 
  [ 15281678927371, 367663372606393, 1611654473633263, 1308519294896544391, 
      11313717583169888071 ],, [ 19224328405201 ], [ 3775589352631 ], [ 1012449789359 ],,,, 
  [ 2896337581, 78516185892611 ],,, [ 21882293707, 677736781428827 ], 
  [ 1181591421013, 477686172196567448677 ], [ 6008900543540551 ], [ 1489361477952193 ], 
  [ 11139441931, 140736456667 ], [ 1130343061 ], [ 1545971731, 67713213915173 ], 
  [ 23865473250338581 ], [ 17231450011 ], [ 17701845001, 32616746430863183 ],,,,, 
  [ 1037176169 ], [ 98263719641, 615953202303552964457 ],,,,, [ 1111659953 ],, 
  [ 59650016191 ],, [ 197575398193 ],, [ 797206964167, 406119991710469 ],,,, [ 6963098809 ],
  , [ 674133929171 ], [ 195253733885777447, 1469036539502334701 ], [ 149895875911 ],,,,,, 
  [ 14358472005883 ],,, [ 57702372241 ],, [ 77753048299 ],,,, 
  [ 239874962184397, 194917859080691671 ], [ 9030695957572739 ], 
  [ 32851730305601, 2504002580865473 ],,,, [ 493419667131613 ], [ 142107193229 ],,, 
  [ 14444807633, 52614193714913, 4331563557112321 ], [ 1932876661 ], [ 28244875531 ],, 
  [ 16357983331702839923069 ],,,,,,, [ 9198751423 ], [ 113181276140423921 ], 
  [ 866030247361, 25205157289891, 6775341328045291 ], [ 822400405278477967 ],,,, 
  [ 4136493340276291 ],, [ 248279723374741 ],, [ 1142559263 ],, 
  [ 10273090807538593, 478494191803301521 ],,,,,,,,,,,, [ 514829991448957 ],, 
  [ 340181966613481, 3671158348984561134544874521 ],,,, 
  [ 15646939739, 26353348566241, 30495120817958600765869 ], [ 98461435811 ],,, 
  [ 1427012819, 151314381262003, 228031819624887853 ], [ 76441880238277 ], 
  [ 1629572529335139481 ],,,,, [ 39954128551, 4288998929251 ],,, 
  [ 3259002318001, 6113835947473, 216550477440255399409 ],, [ 1783833842431 ], 
  [ 17731156685734099 ], [ 5795509152957749, 404388782579022383801 ],, [ 11386426082191 ],, 
  [ 674408228620005001, 1010151724387477614737 ],, [ 266499919381, 166738714507141759 ],,,, 
  [ 90464063743271 ],, [ 667816909406177 ],,,,,, [ 12035230351 ], [ 332706356189 ], 
  [ 270320646433, 28748233117369, 765012936576289 ],,,, [ 6872377618957 ],, 
  [ 351616275057171511 ],,, [ 137648864122639, 30779672882312707 ],,, [ 685114006398709 ], 
  [ 2197347151 ],, [ 805725233587 ], [ 153197242441 ], [ 291814608459739 ], 
  [ 791272898816431, 5907583634491728331 ],,,, [ 266390192489 ],,,, 
  [ 1203791353, 313471061707 ],, [ 18933018251773001 ],,,,,, [ 1428040981, 20671912973 ],,, 
  [ 18697041271973 ],, [ 1357655839 ], [ 15172794329802030296449 ],,,,,, [ 5569780502963 ],, 
  [ 444464602801 ], [ 1105278667 ], [ 9627960581 ],, [ 22739510346574991261 ],, 
  [ 755234414461 ],, [ 769037615066113, 1254820406754721, 1465408005681281 ], 
  [ 996565969099 ], [ 198100374931 ],,,,,, [ 333615825929 ],, [ 4299725918491 ],, 
  [ 369750605281 ],,,, [ 60937334354249809 ],,,,,, [ 99343459569691, 8899330712667544485001 ]
   ,,,,,, [ 115294469233 ],,,, [ 1812720001 ], [ 1998181609 ], [ 1514727000343 ],,, 
  [ 2340494731 ], [ 138619495253, 292459182679 ],, [ 36055892881 ],, [ 22541335774751 ], 
  [ 146973077497, 4270616596226569 ], [ 7480424671126241 ],,,,,,,,,, [ 1069432099067 ],,,, 
  [ 2652369820489, 111992269833127 ],,,,,,,, [ 879641946486547 ],, [ 13070622350189 ],,, 
  [ 4649817803 ],,, [ 26360699388299 ],,,, [ 194821470719 ],, 
  [ 199538516833, 14410900091233 ],, [ 19852197500251, 307129208654881 ],, 
  [ 151041175741, 2053824347921 ], [ 771068155740499 ],,,,,,, [ 147903826690901 ],,,, 
  [ 26374841153 ],, [ 15443662457 ],,,, [ 6434433828032641 ],,, [ 147755588921 ], 
  [ 1303653108477931, 3877804048078843 ],,,,,, [ 3772379499841 ], [ 8261414113 ],, 
  [ 3233006388589 ], [ 7511110489, 34946587866929 ],, [ 2300374542577 ],,,, [ 174174333941 ],
  ,,,,,,,,,,,,, [ 3129936142050097 ],,,, [ 1274064661, 33406024081 ],,, [ 5552827913 ],,, 
  [ 47435692487 ],,,,,,,,,,,,, [ 5766807619 ],,,,,,, [ 8183861137 ],,,,,, [ 18382258454821 ],
  ,, [ 5555582317 ],, [ 11593776341261 ],,,,, [ 384137307241, 1714920567121 ],,,, 
  [ 47565353457269 ],,,, [ 3550000357, 34235384101927 ],,,,,,,, [ 80848363930722259 ], 
  [ 163660944463 ], [ 5589798593329 ], [ 336129340579 ], [ 1067940709995421 ],,,, 
  [ 6024887749, 32901385903 ],, [ 1783310142337 ],,,,,,,, [ 1976089022137, 2404590945481 ],,,
  , [ 32338157689 ],, [ 3423549971 ],,,, [ 11235449251963 ],, [ 33031239473 ],,, 
  [ 13339007623 ],,,,,,,,,,,,,,,,,, [ 38010267329 ], [ 1332353023 ],,,,,,,,, [ 1253057761 ],
  , [ 2908254493 ],,,, [ 1370819521 ],, [ 44013469501 ],,,, [ 2133934237 ],, [ 182163081979 ]
   ,,,,, [ 414828942149471 ],, [ 10138062457 ],,, [ 12175784083 ], [ 160823011553 ],, 
  [ 21898404494023 ],,,, [ 9683958004801 ],, [ 1692542701 ],,,,,, [ 405739263793 ],,,, 
  [ 3947258771, 97432955621 ],,, [ 8073646219 ],,,,,,, [ 67462730875081 ], 
  [ 205308700015957 ],, [ 10139653421 ],,, [ 3259248029171 ],, [ 1400397473, 138559799713 ],
  , [ 184966645839421 ], [ 8970144037 ],, [ 1763308423 ],,, [ 5526060697 ],, [ 17260425029 ],
  , [ 3898428923281 ], [ 2723920229 ],,, [ 5672027255857 ],, [ 311099418257 ],,,,,,,,,, 
  [ 105702004035569, 1489755430663553, 5211077765596601 ],,,, [ 7050955816608961 ],, 
  [ 592920887599, 129438692548673 ],, [ 11710278689 ],, [ 1322018129209 ],,,, 
  [ 20705153431, 9157917991931 ],, [ 1265399173, 995397339361361329 ],,,, 
  [ 64869842929, 549442344673 ],, [ 10371677287, 11892313306747, 206250200277631 ],, 
  [ 24333595021 ],,,,,,,, [ 62837189243624641 ],,,, [ 36710946977 ],,,,,, 
  [ 88548543011, 16971776208433, 78824260411279 ],,,,, [ 1468925597 ],,, [ 3315624880693 ],,,
  ,, [ 157875493339 ],,,,,,,,, [ 20979840421, 47484748777441 ],, [ 32383634683 ],,,,,, 
  [ 35686002281 ],,,, [ 2451911257, 3881192041 ],,, [ 1688681161, 36403080031 ],,, 
  [ 237109597831 ],,,,,,,,,,,,,,,, [ 22181690339 ],, [ 954845608993 ],,,,,,, [ 234570377389 ]
   ,,,, [ 6423216229, 19697647993 ], [ 1945745413 ],,,, [ 17738431169 ],,,,,,, 
  [ 1507213470023 ],,,,,,,,,,, [ 28565805491 ], [ 361302162733 ], [ 501538803949 ],,,,,, 
  [ 1345059883 ],,,,,, [ 37718134609, 145223091765841 ],,,,,, [ 1849057530451 ],,,,,, 
  [ 29838225762577 ],,,,,,,,,,,, [ 3624118114633 ],, [ 1226664721 ],,,,,,,,, [ 4250939353 ],,
  ,,,,,,, [ 2145171169 ],,,,,,,,,,,,,,,,, [ 2373605013341 ],, [ 1628835583 ],,,,,,,,, 
  [ 1875543348337, 3021920265841 ],,,,,, [ 61095379117 ],,,,,,,, [ 172870959661 ],,, 
  [ 2932184033 ], [ 8657501767 ],,,,,,,, [ 1348175221 ],,, [ 2287716601 ],,,,,,,, 
  [ 10520094313669 ],,,,,,,,,,, [ 73067309137 ],,,,,,, [ 47857038929257 ],,, [ 2372165093 ],,
  ,,,,,,,,, [ 1315656241 ],,,,,,,,, [ 284661841003 ],,,, [ 2545917757 ],,,,,, 
  [ 1437201932081 ],, [ 24305235169 ],,,,,, [ 20020006729 ],,,,, [ 7079085257 ],,, 
  [ 3474254081 ],,,,,,,,,,,,,,,, [ 83906562529 ],,,,,,,,,,,,, [ 3798861991 ],,,, 
  [ 3092708477 ],,, [ 487478599889 ],,,, [ 119379384961 ],, [ 910449660641 ], 
  [ 5720276269, 11956144159 ],,,,, [ 14979608929 ],,, [ 400552983988697 ],,, [ 26798904757 ],
  [ 1118454991, 2496212371 ],, [ 9608882627 ],,,,,,,,, [ 1329744359 ], [ 10339706701 ],,,,,, 
  [ 3185356339969 ],,,, [ 1688892347 ],,,,,,,,, [ 32767771921 ],,,,,,,, [ 37438056757 ],,,,,
  , [ 1012408503338101 ],,, [ 68732156035561 ],,, [ 1062943559371, 68289838069069 ], 
  [ 1783917791 ],,,,,,,,,,,,,,,,,, [ 150924495851 ], [ 200709628351 ],,,,,,,,,,,, 
  [ 6511243301 ],, [ 1839936601 ],,,,,,,,,,, [ 1220800411 ],,,,,,,,,, [ 9819452413 ],,,,,,,,,
  ,,,, [ 20256223613 ],,, [ 435755611531 ], [ 80744311189 ],,,,,, [ 190995297817 ],,, 
  [ 3722870449 ],,,,,,,,, [ 193923650413 ],,, [ 6269330143 ], [ 239113586321 ],,,,,,,, 
  [ 3377419249 ], [ 2112343049 ],,,,,,,,,,,, [ 19307572179361 ],,,,, [ 2975956903 ],,,,,,,,,
  , [ 5292231689 ],,,,, [ 1822237093 ],, [ 39047837573 ],,,,,,,,,,,,,,,, [ 775489178557 ],,,,
  ,,,,, [ 18210439801 ],,,,,, [ 3540949063 ],, [ 2387801813 ],,,,,, [ 828035293889 ],,,,,,,,
  , [ 2412820351 ],,, [ 7276151837 ],,, [ 3749516203 ],, [ 2744112521 ],,,, [ 24280440253 ],,
  ,,,,,,, [ 26215263409 ],,,,, [ 4929130919 ],,,, [ 2082158137 ],,, [ 11906182429 ], 
  [ 25789968181 ],,,,,,,,,,,,, [ 1870650004261 ],,, [ 45725375489 ],,, [ 164049053449 ],,,,,,
  ,,,,,,,,, [ 5116315513, 29428726867 ],,, [ 8292927569 ],,,,,,,,,,, [ 2117350843 ],,, 
  [ 13966915969 ],,,,,,,,,,,,,, [ 3261227771 ],,,,,,,,,, [ 3910107601 ],, [ 1267476369707 ], 
  [ 2119425463 ],, [ 54573719341 ],,,,,, [ 651322158857, 8755080865859 ],, [ 8703401489 ],,,,
  ,,,,,,,,,,,, [ 2644896253 ], [ 3771906031 ],,,, [ 2656197799, 5030346613 ],,,,,,,,,,,,,,,,,
  ,, [ 1810264073 ],,,, [ 23674660363 ],,, [ 96778276261 ],,,,, [ 5555141191 ],,,,,,,, 
  [ 3266932873 ],, [ 5814465931, 51581717461 ], [ 19615540237 ], [ 13201388173 ],,,, 
  [ 4082825671 ],, [ 1065796969 ], [ 1260510301 ],, [ 15125403247 ], [ 13374316981 ],,,,,,,,,
  , [ 2326320457 ],,,,,,,,,,,,,,,,,,,,,,,,,,,,,,,,,,,, [ 763519865333 ],,,,,,,,,,,,,,,,,,,,,,
  ,,,,,,,,,, [ 752896068751 ],,,, [ 5964189871, 10741428983 ], [ 561469018951 ],,,,,,, 
  [ 21849462001 ],, [ 1424510803 ],,,,,,,,,,,,,, [ 1097109751 ],, [ 4823253751 ],,,,,,, 
  [ 20941228549, 3537982282741 ], [ 7156774591 ],,,,,,, [ 28014019362631 ],,,,,,,,, 
  [ 7584059089 ],,,,,,,,,,,,,,, [ 6914592961 ],,,,,,, [ 287170446131197 ],, [ 2895357259 ],,,
  ,, [ 68577194297113 ],,,,,, [ 3037584883 ],,,,,,,,,, [ 3994529257 ],,,,,,,,, 
  [ 21329291089 ],,,, [ 67900827403 ],,,,, [ 11843377561 ],,,,,,,,, [ 3265588279 ],,,,,,,,,,
  , [ 4675545929 ],,,,,,,,,,,,,,,,,,, [ 152090299147 ],,,,,, [ 2957302459 ], [ 20829849449 ],
  ,,,, [ 24022819921 ],,,,, [ 2592801067 ], [ 15416163337 ],,,,,,,,,,,, 
  [ 149964860203, 40284948107233 ],,,, [ 62273173381 ],,,,,,,,,,,,, [ 3456374456321 ],, 
  [ 20350136801 ], [ 1259375531 ],,,,, [ 1383544081 ],,,,,,,,, [ 15956684521 ],,,,,,,,,,,,,,,
  ,,,, [ 4049614213 ],,,,,,,,,,, [ 1280413721 ],,,,,,, [ 8170343677 ],,,, [ 10355835907 ],,,,
  ,,,,,,,,,,, [ 16071368461 ],,,,,,,,,,,,, [ 494999349373 ], [ 1441231751 ],,,, 
  [ 4559727691 ],,,,,, [ 2414905351 ],,,,,, [ 2227295971 ],,,,,, [ 5566972810771087 ],,, 
  [ 63734145841 ],, [ 23276844377 ],,,,,,,,,,,,,,,,,,, [ 2334280681 ],,,,,,,,,,,, 
  [ 24475884403 ],,, [ 1065736369 ],,,,,, [ 2070274159 ],,,,,,,,, [ 37689913207 ],,,,, 
  [ 7596835801 ],,,,,,,,,, [ 37882597789 ],,,,,, [ 3894228433 ],, [ 3494601521 ], 
  [ 24846204451 ],,,,,,,,,, [ 8551492361 ],,,,,,,, [ 3220836174427 ],, [ 18100627931 ],,,, 
  [ 11736209809 ],,,,,,,,,,,,,,,,,,,,,,,,,, [ 70677435541 ],,,, [ 101492163277 ], 
  [ 1262843401 ],,,,,,,,,,,,,,,,,,,, [ 1616993071 ],,,,,,,,,,,,,,,, [ 2825608519 ],,,,,,,,,,,
  , [ 19195328363 ],, [ 12893168341 ],,,,,,,,,,,,,, [ 1596788821, 5474363533 ],,,,,,,,,,,,,,,
  ,,,,, [ 1153201363 ],,,,,,,,,, [ 633625310737 ],,,,,, [ 40680964361 ],,,,,,,,,,,,,,,, 
  [ 64806471349 ],,,,,,,,, [ 3592136871541 ],,, [ 135425661073 ],,, [ 6717718171 ], 
  [ 7546215713 ],,,,,, [ 2751873349 ],,,,,,,,,,, [ 286129328923 ],,,,,,,,,,,,,,, 
  [ 1801758703, 22207090177 ],,, [ 40836096757 ], [ 30330495917, 435304184685559957 ],,,,,,,,
  ,,,, [ 3026718241 ],,,,,,,,,, [ 5377785761 ],,,,,,, [ 1119264403 ],,,,,,, 
  [ 1122127938907579 ],,,,, [ 3366282949, 3787614349 ],,,,, [ 8779394593 ],,,,,, 
  [ 1495990121, 7851056611 ],,,,,,, [ 1526056052929 ],,,,,, [ 10369974049 ],,,,,,, 
  [ 103575986251 ],,,,,,,,,,,,,,,,,,,,,,,,,,,, [ 75505741979 ],,,,,,, [ 1029991141 ],,,,,,,,
  , [ 80246705876767 ],, [ 33822279793 ],,,, [ 7553130601 ],,,,, [ 22824614231 ],,,,,,,,,,,,,
  ,,, [ 1532894033557 ], [ 8536995473 ],,,,, [ 43499760679 ], [ 21189684433 ],,,, 
  [ 1778941781 ],, [ 7430138161 ],, [ 50966633329 ],,,,,,,,,, [ 459820191767 ],,,,,,,,,,,,,,,
  , [ 14221816095323 ],,,,,,, [ 214253832577 ],,, [ 25883745421 ],,,,,,,,,,,,,,, 
  [ 15616639837 ],,, [ 104416224001 ],,, [ 17194003953589 ],,, [ 16591387321 ],,,,,, 
  [ 17326548739 ],,, [ 1638043321 ],,,,,,,,,,,,,,,,,,,,,,,,,,,,,,,,,,,,,,,,,,,,, 
  [ 4863544141, 135768399751531 ],,,,,,,,,, [ 1079812081 ],,,,,,,,,,,, [ 246797309761 ],,,,,,
  ,,,,, [ 3986793487 ],,, [ 30833503717 ],,,,,, [ 260744479381 ],,,, 
  [ 39598676729, 4802122867601 ],, [ 3917355031, 9881518237 ],,, [ 5088901843 ],,, 
  [ 94425345601 ],,,,,,,,,,,,,, [ 18709820291 ], [ 27498098143 ],,,,,,, [ 2730134179 ],,,,,,,
  ,,,, [ 2044764523 ],,,,,,,,,,,,,,,,,,,,,,,,,,,,,,,,,,,,,,,,,,,,,,,,,,,,,,,,,,,, 
  [ 23593413901 ],,,,,,,,,,,,,,, [ 6811018609 ],,,,,,,,,,,,,, [ 2319833647 ],,,,,,,,,, 
  [ 16495607881 ],,,,,,,, [ 1233808117 ], [ 18246898801 ],,, [ 9989952433 ],,,,,,,,,,,,,,,,,,
  ,,,,,,,,, [ 650396173741 ],,,,,,,,,,,,,,,,,,,,,,, [ 5297403389 ],,,,,,,, [ 3011509399 ],,,,
  ,,,,,,,,,,,,,,,,,,,,,,,,, [ 264830376061 ],,,,,,, [ 14865982567 ],,,,,,,,,,,,,,,,,,,,,,,,,,
  ,, [ 2461301201 ],,,,,,,,,, [ 529840349461 ],,,,,,,,,,,,,,,,,,,,,,,, [ 6971166121 ],,, 
  [ 6058564723, 8338474747 ],,,,,,, [ 2284940659 ],,,,,, [ 43802249801, 84531274301 ],, 
  [ 2157310717 ],, [ 91392164609 ],, [ 6919518847 ],,,,,,,, [ 819503373907 ],, 
  [ 2334314009 ],,,,,,,,,, [ 3202171243 ],,,,,,,,,,,,,,,,,,,,,,,,,,,,,,,,,,,,,,, 
  [ 21241293858541 ],,, [ 3558224737 ],,,,,, [ 1563048997, 26031846661, 50614263218023 ],,,,,
  ,,,,,,, [ 39719489239 ],,,,,,,, [ 351676417633 ],, [ 234648101977 ],,,,,,,,,,,,,,,,,,,,,,,
  , [ 3106858861 ],,,,,,,,,,,,,,,,,,,,,,,,,,,,,,,,,,, [ 2001427891 ], [ 221144394241 ],,,,,, 
  [ 1726915849, 115936963423 ],,,, [ 1194131251 ],,,,,, [ 7899455449 ],,,,,, [ 4095270961 ],,
  ,,,,,,,,,,,,,,,,,,,,,,,, [ 9141649273 ],,,,,,,,,,,,,,,,,,,,,,,,,,,,,, [ 1144112111 ],,,,,,,
  ,,,,, [ 2439695749 ],,,,,,,, [ 231322656553 ],,,, [ 107146842373 ],,,,,,,,,,,,,,,,,,,,,,,,,
  ,,, [ 76941029467 ],,,, [ 3471010831, 6893256511 ],,,,,,,,,,,, [ 91867199761 ],,, 
  [ 5682304861 ],,, [ 65660341057 ],,,,,,,,,,,,,,,,,,,,,,,,,,,, [ 68979538261 ],,,,,,,,,,,,,,
  ,,,, [ 1873421969 ],,,, [ 1516768709 ],,,,,,,,,,,,,,,,,, [ 174725050501 ],,,,,,,, 
  [ 2271125533 ],,,,,,,,,,,, [ 13012926569 ],,,, [ 1239637001 ],,,,,,,,,,,,,, [ 3139737917 ],
  ,,,,,,, [ 52463497159 ],,,,,,,, [ 3384161581 ],,,,,,,,,,,,,, [ 12330956636081 ],,,,,, 
  [ 1134643901 ],,,,,,,,,, [ 8146561601, 18743805841 ],,,, [ 5578476157 ],,,,,,,,,,,,,,,,,,,,
  ,,,,,,,,,,,,,,,,,,,,,,,,,,,,,,,,,,,,,,,,,,,,,, [ 31011403610221 ],,,,,,,,,,,, 
  [ 36917857759 ],, [ 15602256077 ],,,,,, [ 2116784651 ],,,,,,,,,,,,,, [ 228847515313 ],,,,,
  , [ 378493250921 ],, [ 4410523657 ],,,,,,,,,,,,,, [ 1205506301, 1576225751 ],,,,,,,,,,,,,,,
  ,,,,,,,,,,,,,,,,,,,,, [ 1523703952003 ],,,,,,,, [ 3225644321 ],,,,,,,,,,,,,,,,,, 
  [ 3915175793 ],,,,,,,,,,,, [ 1969713601, 53185064641 ],,,,,,,,,,,,,,,,,,,,,,,,,,,,,,,,,,,,,
  ,,,,,,,,,,,,,,,,,,,,,,,,,,,,,,,,,,,,,,,,,,,,,,,,,,,,,,,,,,,,,,, [ 36727471541 ],,,, 
  [ 1712745049 ],,,,,,,,,,,,,,,,,,,,, [ 475072120111 ],,,,,,,,,,,,,,,,,,,,,,,,,,,,,,,,,,,,,,,
  ,, [ 3002396723 ],,,,,,,,,,,,,,,,,,,,,,,,,,,,,,,,,, [ 4535855281 ],,,,,,,,,,,,,,,,,,,, 
  [ 1217410361 ],,,,,,,,,,,,,,,,,,,,,,,, [ 1025320297 ],,,,,,,,,,,,,,,,,,,,,,,,,,,,,,,,,, 
  [ 31517756983 ],,,,,, [ 9919644877 ],,,,,,,,,,,,,,,,,,,,,,,,,,,,,,,,,,,,,,,,,,,,,,,,,,, 
  [ 2904714541 ],,,,,,,,,,,,,,, [ 8761804861 ],,,,,, [ 2117891917 ],,,,,,,,,,,, 
  [ 2631038410369 ],,,,,,,, [ 13037519881 ],,,,,,,, [ 3141168577 ],,,,,,,,,,,,,,,, 
  [ 541606237121 ],,,,,,,,,,,,,,,,,,,, [ 703577679421 ],,,,,,,, [ 16624333009, 871287681493 ]
   ,,,,,,,,,,,,,,,,,,,,,,,,,,,,,,,,,,,,,,,,,,,,,,,,,,,,,,,,,,,,,,,,,, [ 5510265757 ],,,,,, 
  [ 4689348361 ],,,,,,,,,,,,,,,,,,,,,,,,,,,,,,,,,,,,,,,,,, [ 51064266620827 ],,,,,,,,,,,,,,,,
  ,, [ 7788333601 ],,,,,,,,,,,, [ 1084715473 ],,,,,,,,,,,,,,,,,,,,,,,,,,,,,, 
  [ 2816111563, 226699639381 ],,,,,,,, [ 84334305161, 8467480389211 ],,,,,,,,,,,,,,,,,,,,,, 
  [ 2674991521 ],,,,,, [ 307574525821 ],,,,,,,,,,,,,,,,,,,,,, [ 4740825701 ],,,, 
  [ 6210751849 ],,,,,,,,,,,,,,,, [ 2656740601 ],,,,,, [ 5993302032901 ],,,,,,,,,,,,,,,,,,,,,,
  ,, [ 6001582921 ],,,,,,,,,,,,,,,,,,,,,,,,,,,,,,,,,,,,,,,, [ 4231318081 ],,,,,,,,,,,,,,,,,,,
  ,,,,,,,,,,,,,,,,,,,,,,,,,,,,,,,,,,,,,,,,,,,,,,,,,,,,,,,,,,,,,,,,,,,,,,,,,,,,,,,,,,,,,,,,,,,
  ,,,,,,,,,,,,,,,,,,,,,,,,,,,,,,,,,,,,,,,,,, [ 2609316739 ],,,,,,,,,,,,,,,,,, [ 6570799561 ],
  ,,,,, [ 1868472211 ],,,,,, [ 6149278567561 ],,,,,,,,,,,,,,,,,,,,,,,,,,,,,,,,,,,,,, 
  [ 96363944711 ],, [ 20282393041 ],,,,,,,,,,,,,, [ 11363328817 ],,,,,, [ 18672071617 ],,,,,
  , [ 3121171873 ],,,,,,,,,,,,,,,,,,,,,,,,,,,,,,,,,,,,,,,,,,,,,,,, [ 13089636019 ],,,,,,,,,,,
  ,,,,,,,,,,,,,,,,,,,,,,, [ 2251069184761 ],,,,,,,,,,,,,,,,,,,,,,,,,,,,,,,,,,,,,,,,,,,, 
  [ 2497582264321 ],,,,,, [ 1919031601 ],,,,,,,,,,,,,,,,,,,,,,,, 
  [ 10508195881, 326982169333 ],,,,,,,,,,,,,,,,,,,,,,,, [ 8665676449 ],,,,,,,,,,,,,,,,,,,,,,,
  , [ 1239259501 ],,,,,,,,,,,,,,,,,, [ 237163967068801 ],,,,,,,,,,,, [ 2953456897 ],,,,,,,,,,
  ,,,,,,,, [ 311830425994951 ],,,,,,,,,,,,,,,,,,,,,,,,,,,,,,,,,,,, [ 12491438599 ],,,,,, 
  [ 6655272409 ],,,,,,,, [ 8681760781 ],,,,,,,,,,,,,,,,,,,,,, [ 20434467901 ],,,,,,,,,,,,,,,,
  ,, [ 48251533501 ],,,,,,,,,,,,,,,,,,,,,,,,,,,,,,,,,,,,,,,,,,,,,,,,,,,,,,,,,,,,,,,,,,,,,, 
  [ 2911506181 ],,,,,,,, [ 35526232111 ],,,,,,,,,,,, [ 2874358419151 ],,,,,,,,,,,,,,,,,,,,,,,
  , [ 19218303457 ],,,,,,,,,,,, [ 58222902583 ],,,,,,,,,,,,,,,,,, [ 1757552821 ],,,,,,,,,,,,,
  ,,,,,,,,,,, [ 2061105001 ],,,,,,,,,,,,,,,,,,,,,,,,,,,,,,,,,,,,,,,,,,,,,,,, [ 1352805049 ],,
  ,, [ 2263910041 ],,,,,,,, [ 17559793297 ],,,,,,,,,,,,,,,,,,,,,,,, 
  [ 1417091857, 2633533838833 ],,,,,,,,,,,,,,,,,, [ 15454500211 ],,,,,,,,,,,,,,,,,,,, 
  [ 3722560381 ],,,,,,,,,,,,,,,,,,,,,,,,,,,,,,,,,, [ 7368471457 ],,,,,,,,,,,,,,,,,,,,,,,, 
  [ 5801695057 ],,,,,, [ 156373728337 ],,,,,,,,,,,,,,,,,,,,,,,,,,,,,,,,,,,,,,,,,,,,,,,,,,,,,
  , [ 3272225689 ],,,,,,,,,,,,,,,,,,,,,,,,,,,,,,,,,,,,,,,,,,,,,,,,,,,,,, [ 22717849951 ],,,,,
  , [ 1673184001, 9301962049 ],,,,,,,,,,,,,,,,,,,,,,,,,,,,,,,,,,,,,,,,,,,,,,,,,,,,,,,,,,,,,,,
  ,,,,,,,,,,,,,,,,,,,,, [ 3142048537, 25872080869 ],,,,,,,,,,,,,,,,,,,,,,,,,,,,,,,,,,,,,,,,,,
  ,,,,,,,,,,,,,,,,,,,,,,,,,,,,,,,,,,,,,,,,,,,,,,,,,,,,,,,,,,,,,,,,,,,,,,,,,,,,,,,,,,,,,,,,,,,
  ,,,,,,,,,,,,,,,,,,,,,,,,,,,,,,,,,,,,,,,,,,,,,,,,,,,,,,,,,,,,,,,,,,,,,,,,,,,,,,,,,,,,,,,,,,,
  ,,,, [ 243101867401 ],,,,,,,,,,,,,,,,,,,,,,,,,,,,,,,,,,,,,,,,,,,,,,,, [ 60806430361 ],,,,,,
  ,,,,,,,,,,,,,,,,,,,,,,,,,,,,,,,,,,,, [ 3038288221 ],,,,,,,,,,,,,,,,,,,,,,,,,,,,,,,,,,,,,,,,
  ,,,,,,,, [ 27126056767 ],,,,,,,,,,,,,,,,,,,,,,,,,,,,,,,,,,,,,,,,,,,,,,,,,,,,,,,,,,,,,,,,,,,
  ,,,,, [ 4926314949991 ],,,,,,,,,,,,,,,,,,,,,,,,,,,,,, [ 6526943281 ],,,,,,,,,,,,,,,,,, 
  [ 20022413797 ],,,,,,,,,,,,,,,,,,,,,,,, [ 2450097469 ],,,,,,,,,,,, [ 2018206513 ],,,,,, 
  [ 1499363752921 ],,,,,,,,,,,,,,,,,,,,,,,,,,,,,, [ 12229353001 ],,,,,,,,,,,,,,,,,,,,,,,,,,,,
  ,,,,,,,,,,,,,,,,,,,,,,,,,,,,,,,,,,,,,,,,,,,,,,,,,,,,,,,,,,,,,,,,,,,,,,,,,,,,,,,,,,,,,,,,,,,
  ,,,,,,,,,,,,,,,,,,,,,,,,,,,,,,, [ 2195879041 ],,,,,,,,,,,,,,,,,,,,,,,,,,,,,,,,,,,,,,,,,,,,,
  ,,,,,,,,,,,,,,,,,,,,,,,,,,,,,,,,,,,,,,,,,,,,,,,,,,,,,,,,,,,,,,,,,,,,,,,,,,, [ 1961275681 ],
  ,,,,,,,,,,,,,,,,,,,,,,,,,,,,,,,,,,,,,,,,,,,,,,,,,,,,,,,,,,,,,,,,,,,,,,,,,,,,,,,,,,,,,,,,,,,
  ,,,,,,,,,,,,,,,,,,,,,,,,,,,,,,,,,,,,,,,,,,,,,,,,,,,,,,,,,,,,,,,,,,,,,,,,,,,,,,,,,,,,,,,, 
  [ 38841100021 ],,,,,,,,,,,,,,,,,, [ 7974807499 ],,,,,,,,,,,,,,,,,,,,,,,,,,,,,,,,,,,,,,,,,,,
  ,,,,,,,,,,,,,,,,,,,,,,,,,,,,, [ 3499368751 ],,,,,,,,,,,,,,,,,,,,,,,,,,,,,,,,,,,,,,,,,,,,,,,
  ,,,,,,,,,,,,,,,,,,,,,,,,,,,,,,,,,,,,,,,,,,, [ 565409824201 ],,,,,,,,,,,,,,,,,,,,,,,,,,,,,,,
  ,,,,,,,,,,,,,,,,,,,,,,,,,,,,, [ 7516639201 ],,,,,,,,,,,,,,,,,,,,,,,,,,,,,,,,,,,,,,,,,,,,,,,
  ,,,,,,,,,,,,,,,,,,,,,,,,,,,,,,,,,,,,,,,,,,,,,,,,,,,,,,,,,,,,,,,,,,,,,,,,,,,,,,,,,,,,,,,,,,,
  ,,,,,,,,,,,,,,,,,,,,,,,,,,,,,,,,,,,,,,,,,,,,,,,,,,,,,,,,,,,,,,,,,,,,,,,,,,,,,,,,,,,,,,,,,,,
  ,,,,,,,,,,,,,,,,,,,,,,,,,,,,,,,,,,,,,,,,,,,,,,,,,,,,,,,,,,,,,,,,,,,,,,,,,,,,,,,,,,,,,,,,,,,
  ,,,,,,,,,,,,,,,,,,,,,,,,,,,,,,,,,,,,,,,,,,,,,,,,,,,,,,,,,,,,,,,,,,,,,,,,,,,,,,,,,,,,,,,,,,,
  ,,,,,,,,,,,,,,,,,,,,,,,,,,,,,,,,,,,,,,,,,,,,,,,,,,,,,,,,,,,,,,,,,,,,,,,,,,,,,,,,,,,,,,,,,,,
  ,,,,,,,,,,,,,,,,,,,,,,,,,,,,,,,,,,,,,,,,,,,,,,,,,,,,,,,,,,,,,,,,,,,,,,,,,,,,,,,,,,,,,,,,,,,
  ,,,,,,,,,,,,,,,,,,,,,,,,,,,,,,,,,,,,,,,,,,,,,,,,,,,,,,,,,,,,,,,,,,, [ 3158394121 ],,,,,,,,,
  ,,,,,,,,,,,,,,,,,,,,, [ 2238860251 ],,,,,,,,,,,,,,,,,,,,,,,,,,,,,,,,,,,,,,,,,,,,,,,,,,,,,,,
  ,,,,,,,,,,,,,,,,,,,,,,,,,,,,,,,,,,,,,,,,,,,,,,,,,,,,,,,,,,,,,,,,,,,,,,,,,,,,,,,,,,,,,,,,,,,
  ,,,,,,,,,,,,,,,,,,,,,,,,,,,,,,,,,,,,,,,,,,,,,,,,,,,,,,,,,,,,,,,,,,,,,,,,,,,,,,,,,,,,,,,,,,,
  ,,,,,,,,,,,,,,,,,,,,,,,,,,,,,,,,,,,,,,,,,,,,,,,,,,,,,,,,,,,,,,,,,,,,,,,,,,,,,,,,,,,,,,,,,,,
  ,,,,,,,,,,,,,,,,,,,,,,,,,,,,,,,,,,,,,,,,,,,,,,,,,,,,,,,,,,,,,,,,,,,,,,,,,,,,,,,,,,,,,,,,,,,
  ,,,,,,,,,,,,,,,,,,,,,,,,,,,,,,,,,,,,,,,,,,,,,,,,,,,,,,,,,,,,,,,,,,,,,,,,,,,,,,,,,,,,,,,,,,,
  ,,,,,,,,,,,,,,,,,,,,,,,,,,,,,,,,,,,,,,,,,,,,,,,,,,,,,,,,,,,,,,,,,,,,,,,,,,,,,,,,,,,,,,,,,,,
  ,,,,,,,,,,,,,,,,,,,,,,,,,,,,,,,,,,,,,,,,,,,,,,,,,,,,,,,,,,,,,,,,,,,,,,,,,,,,,,,,,,,,,,,,,,,
  ,,,,,,,,,,,,,,,,,,,,,,,,,,,,,,,,,,,,,,,,,,,,,,,,,,,,,,,,,,,,,,,,,,,,,,,,,,,,,,,,,,,,,,,,,,,
  ,,,,,,,,,,,,,,,,,,,,,,,,,,,,,,,,,,,,,,,,,,,,,,,,,,,,,,,,,,,,,,,,,,,,,,,,,,,,,,,,,,,,,,,,,,,
  ,,,,,,,,,,,,,,,,,,,,,,,,,,,,,,,,,,,,,,,,,,,,,,,,,,,,,,,,,,,,,,,,,,,,,,,,,,,,,,,,,,,,,,,,,,,
  ,,,,,,,,,,,,,,,,,,,,,,,,,,,,,,,,,,,,,,,,,,,,,,,,,,,,,,,,,,,,,,,,,,,,,,,,,,,,,,,,,,,,,,,,,,,
  ,,,,,,,,,,,,,,,,,,,,,,,,,,,,,,,,,,,,,,,,,,,,,,,,,,,,,,,,,,,,,,,,,,,,,,,,,,,,,,,,,,,,,,,,,,,
  ,,,,,,,,,,,,,,,,,,,,,,,,,,,,,,,,,,,,,,,,,,,,,,,,,,,,,,,,,,,,,,,,,,,,,,,,,,,,,,,,,,,,,,,,,,,
  ,,,,,,,,,,,,,,,,,,,,,,,,,,,,,,,,,,,,,,,,,,,,,,,,,,,,,,,,,,,,,,,,,,,,,,,,,,,,,,,,,,,,,,,,,,,
  ,,,,,,,,,,,,,,,,,,,,,,,,,,,,,,,,,,,,,,, [ 1888382233, 401425466017 ] ]);
