BRENTFACTORS[633]:=MakeImmutable([ ,,,,,,,,,,,, [ 874522927645849 ],,,, [ 1062349816390171 ],
  , [ 431618795916323 ],, [ 9427106891287 ],,, [ 59214790969 ], [ 1226827501 ], 
  [ 521036561267 ],,, [ 1953463331371, 3886814271814061809927966265897 ],, 
  [ 1803068468814698858598809 ],, [ 13057499195320728273313 ],, [ 64472155940283352783061 ],
  , [ 4322592664417 ], [ 1044822951541 ], [ 7328957221, 1712223524251235021948221 ], 
  [ 250802951762761 ], [ 2394510785203356764418844312211 ],, [ 4723487217165097 ], 
  [ 80311230998153 ],, [ 6215987017991 ], 
  [ 359161511593551687140416447093, 18181770105343298843129696846354166682500250799 ],, 
  [ 8431234017870714226141397474915633279 ], [ 17288846494570194490651 ], 
  [ 515734403798518633 ], [ 245554865557 ], [ 265528388418857049987246952627 ],, 
  [ 10119021336127163065579866062969156650580636127011 ],, 
  [ 6646410217, 17695012540962660965574269443513 ],, 
  [ 263359782543990436164251, 1753769569708266585617238644644201067112166637981291 ], 
  [ 1493901966456541 ], 
  [ 29156798057, 14607368621693, 8598852456812454866563633611197845145293061853638993 ], 
  [ 6542140789399 ], [ 215727763890777410957031529559020014967 ], 
  [ 1463307763201, 22018923942529, 2866363146749382173488897 ], 
  [ 2170951412501, 57527710076598061, 4999599599132122164194574246750181 ], [ 5279643124141 ]
   ,, [ 2783996093, 612397475021438217941 ], [ 102663722151704143 ], [ 8582760259361 ], 
  [ 145228318840840619268057564037, 170206214286977584976644490564354893 ], 
  [ 2714551098188472971165034054217 ], 
  [ 2119987245703, 53061883597357, 672174680203901983878518671001294983991 ], 
  [ 5824372965898859 ],, [ 336854543623649801117019127877 ], 
  [ 280963320999002895403010671955012009043673 ], [ 455702302405429 ], 
  [ 8243579708783989, 258868397633285752640238139 ], [ 1226577981196961 ], 
  [ 879670289765113201, 176525461821211937774253200827, 45606407923929471579265798754353 ], 
  [ 81666466709293334946850449079103351509232466076219 ], [ 1416201113 ],, 
  [ 84646947401, 14313861524022654941, 2747860886769005361197881 ], 
  [ 5927755541, 2377713262597206045860491184354083 ], [ 281767329737633959 ], 
  [ 164845947473377417172905871572528849 ], [ 1049303237, 1343945569, 8510431159 ], 
  [ 211268568961, 4954536156601, 3987699459155551 ], [ 143957979198489900738135212350936139 ]
    , [ 185841843129138213047874524868305533 ], 
  [ 11135150401, 7205632426639, 3516386369327193822721, 3943152813857890807781671 ],, 
  [ 720935200563791, 330854046712641301, 2634944868114838239761, 
      58041036718472302407192400465085366831 ],, [ 1309697881 ],, [ 1136915803 ],, 
  [ 4948512556549704397 ], [ 14328045671352889371742783 ],, 
  [ 1770473233153, 310819411106188024132249 ],, [ 149804765946263 ], 
  [ 3445705807, 212533022379247, 115175019698423984869, 178103817977946378878851, 
      434757936728965987893448035063197 ], [ 5095733995162582777, 18280437556234632440509 ],
  , [ 739102127082084062177061275195201, 4370702489187618775657909945256711881 ], 
  [ 326994178053337, 637166095214241750845722076036607163 ], 
  [ 853407295287233, 9776401871915475150817 ], [ 4186154383 ], 
  [ 3485817901, 15517656631, 234085485908333382133 ], [ 2053010131, 68112148541434841 ], 
  [ 15770051273309499233 ], [ 640041452857, 81828400772682923248394396766811 ], 
  [ 4544833704209155279541, 45328019812624274152114161898951889998646062801159 ], 
  [ 6536271589, 122793737103157, 308690467302620404303 ], 
  [ 4442851398512858578510757634154779730317721 ], [ 39408146119 ], 
  [ 2100598519841415160763887420564176568975321137425976281433183679507499 ], 
  [ 18335581712491489 ], 
  [ 6185424966913719068044813426038589, 
      19024688514802723078991495815088953266026054499252948636781 ], 
  [ 68454754740836162393251 ], [ 2969778330663447986498637996288661 ], [ 5386264057 ], 
  [ 91488930327937, 6375077672364161, 5873229519578201211804921089 ],, 
  [ 3505943632808761, 28319434984021950991, 8774484783525388603843119829310981 ], 
  [ 571214630960467981, 352325897350546129394259107 ], 
  [ 513478647270629117708431075218049286107453226581 ], [ 49227903929 ], 
  [ 1245327886086409 ], 
  [ 2051740649983946920359481, 73344462934318089129190665631, 
      5392690475809110706715505456012415381 ], 
  [ 622554874775774761, 105053996038136396296786778137 ], 
  [ 15466299851503, 46427391588468067, 18399692373074738597071 ], 
  [ 11644889364709, 837746911770583 ], [ 1999336361093, 1132365439550957, 2184716049960211 ],
  [ 418248155641 ],, [ 336167725404073 ], [ 3912451747133887387 ],, 
  [ 453485096146072340355512151740119000331 ], [ 2351328990899766303697723 ], 
  [ 3100292840443, 618028198618356014917 ], [ 9704364242569 ], 
  [ 24661853009, 7212288072167, 710983435706519 ], 
  [ 1278616883863270434155202868316381157660889651 ], 
  [ 2025705167, 250931464074227, 42856649674427128097 ], 
  [ 16266893824033, 17148453729470177 ],, [ 3284664364708668892978899950769307 ], 
  [ 11162208830220415372472281 ], 
  [ 11352061143949472628553, 57585747790566965608065467427977822210799792143920333 ], 
  [ 5574280865249, 476261027496652377341 ], 
  [ 367976958221, 26063256033088961, 1177634740807854272639, 1101635196934714972661955497, 
      51426996797942956819261490486112709 ], [ 39629686189520269, 215118107998608746853781 ],
  [ 147801529621373281, 2836480236976889042674514054511511361 ],, 
  [ 1100948281598749840127479334120229936810799242426179771338005508232177923 ], 
  [ 2175189789035022101 ], [ 237368963214738334669 ], 
  [ 674788488201301, 4365643900950001629063993901 ], 
  [ 7413538207687, 1394298204667763, 4925501294380204459, 706547640032953853609 ],, 
  [ 8382621241, 6267817998289 ], [ 42403914151246276726397 ], 
  [ 504778711734721, 22329988313449351, 8701373515255297761691 ], 
  [ 1259314453, 524324077498189, 341245682502620759844142440601 ], 
  [ 209783730365841197, 73184477670958588141877 ],, [ 5627179493100512287 ], 
  [ 571155977791351, 134815748437816162604544301 ],, 
  [ 1092829861, 2505746834385620797, 2386432629115278607867025821 ],, 
  [ 964499101355516722393393 ],,, 
  [ 1474715310294504262440553007, 15368233936356161962595362719156003881 ], [ 1590579271 ], 
  [ 9456960134751688513, 81804075609346054513213850713721 ],, 
  [ 2198528074261, 4600677947654234401, 10629216430540481954641, 
      2773246828334876000102957617, 18407265803130985520387318839501 ], [ 18828907447921979 ]
   ,, [ 14670520499082287288989 ],, [ 4981535836861, 49223128591132065572077 ], 
  [ 297376917325249, 5556730148466817, 2493873338813871558721, 
      510771869533955057982270891729180481 ], [ 32032281184963, 391831827328631 ],, 
  [ 744354674769224072971 ],, [ 39437364296382307, 89317854291846260797 ], 
  [ 4824105067, 1047430234732267 ], [ 1111051969786914367 ],, [ 226889678400494981459671 ], 
  [ 6504317000511935898148721795927017 ], [ 4811949708429431, 7926276614159999371621516151 ],
  ,, [ 18522139729203569 ],,, [ 686109571256737, 18684951281035337 ], 
  [ 3229085371, 26834135791, 281892419131, 3595242519975121, 459600289130629291, 
      788412240650851321 ],, [ 1194834101557, 1563075147615146268161 ], 
  [ 516313157160289609, 2202997951099402027, 28434277777596736300117 ], 
  [ 15386450951523703, 22922908494493271753821 ], [ 2906340682786534871131228111 ], 
  [ 12695975641, 57778844833 ], [ 45716902406902803206800811 ], 
  [ 1452877266289, 123242238463801 ], 
  [ 1495473425821, 6841604290123, 260433156280573399, 181143860398725185959, 
      210910554945373209580631831221 ], 
  [ 17138389532097049422984021641, 2708097918462732734920063583381 ], [ 96335619823 ], 
  [ 1656743740684951 ],,, [ 2942595451 ],, [ 326326657947606389 ], 
  [ 416449164282121, 7765318454430347996701 ], 
  [ 2846669123854837, 2516466105225261219175303 ],, [ 34163220631, 419582677260886543117099 ]
    , [ 3037944881, 3134787083406673 ], [ 4888287722257, 424651170581003 ], 
  [ 5730055049695678102248179458699 ],, [ 4756625184797, 396356093181253 ], 
  [ 3813528936795982447217944933 ], [ 56058983565915066544501 ],, 
  [ 2929171681, 2384341146641277534481, 4696333105745984724805411576857841 ],, 
  [ 155471502579792103 ], [ 8908142833, 827945765794968936571 ], 
  [ 35724579973, 2175241773899906510747263571381 ], [ 15208811596861, 1207406282016061 ], 
  [ 5915408744941614894890221 ], [ 211428790483, 84267597781340377 ], 
  [ 1338664531556377526489, 5408473836360711232767698889094993 ],, [ 4766604251 ], 
  [ 138976323533 ],, [ 1181877863 ], [ 846641508137, 4352437278703919 ], [ 128314317511 ], 
  [ 16174248193 ],, [ 42733754407, 39431062600732055997036391369 ], 
  [ 110960474381, 32065421413957 ], [ 23802593856214827588223272881 ], 
  [ 420960817767187, 166357898567808154057, 385214704645172028481 ], [ 59335981153621 ], 
  [ 1511481866629756494806497 ], [ 995750735761, 2119273420773140809 ], [ 49563985277621 ], 
  [ 699173596157, 34183355462215197055091, 179847426402058631385027615023 ], 
  [ 15337287748515247, 31522294461716761309 ], 
  [ 293049731124517, 1005926210871982888699938673, 2303274318067035149655528049 ], 
  [ 109597730561810344969 ],, [ 4595768677, 158170003741076597 ],, [ 285836448165997 ], 
  [ 7341632173, 92169886489394839, 35220665042467724526405449 ],, [ 240675599869 ], 
  [ 13116800356296152643263 ], [ 401260262999, 4515736112980596772621595336189 ], 
  [ 72910740873815873806033 ], [ 8235934118441, 204616645681054937401 ], 
  [ 2996425750044796921333 ],, [ 14353751530115734523 ], 
  [ 579373435189, 29157338135017, 2583169798682432865089 ], [ 131616126660019637337001 ], 
  [ 6054604773874801, 2586788231343183483554540317 ],, [ 11051007841, 1122520228993 ], 
  [ 103175777012846708248589059 ], 
  [ 3937361321, 453137180691941, 21269719196164441860731, 15529825573795625322844914101 ], 
  [ 11234878531 ], [ 1773427213090417, 22052313214215809844874404901 ], 
  [ 498519396081049951, 635686573123663277 ],, [ 344687144411, 417657940022239256390231 ], 
  [ 3676076938002875075803207874689 ], 
  [ 7286182584319, 109263755659494259297, 426267010651364619763863667469761 ], 
  [ 23515572169 ], [ 8978349277, 1282807580310573643 ], [ 4074883246045965758978551501 ], 
  [ 8504254937635843, 45008016109969151 ], [ 1846428101171 ],, 
  [ 2141147689313, 1336953369693545726994249041, 13192746139411237073752749649 ], 
  [ 2479322431 ], [ 36254977746091831178133499 ], [ 2574752513, 21946950624413 ], 
  [ 84476140356166021 ], [ 9734026369167811, 61719819649488599233 ], [ 2631498773556533791 ],
  [ 182366665513 ], [ 630643312170769, 628022145121598221248073, 40159742046151230664117633 ]
    , [ 8571700939 ], [ 51926218948561 ], [ 545042916811 ], [ 682376439709 ], 
  [ 902087249969 ], [ 4234296719030407 ],,,,,,, [ 646759315493201, 3438907710616550251 ],, 
  [ 273786651866041 ],, [ 14613479058263, 1523496186082669 ], 
  [ 52854324954066241, 1163889445472444198937587764526202481 ], [ 45404964596844169 ], 
  [ 19521580669836209263477 ], [ 727498559493721, 1462396314495997 ], 
  [ 64261404972810526601124677 ], [ 66905728321, 898826667501485521 ], 
  [ 14250216990577, 14627052720991359601 ],,,,, [ 44880944153, 467339224661 ], 
  [ 4440310489, 494202142749826458043111 ],, 
  [ 766116932007857, 4864872982702097, 910919161449683294889550457 ], [ 13108716601 ], 
  [ 5346494798555445989 ],,,, [ 45770258918536180086312451 ], 
  [ 2877606336151, 6556510658647, 1235459351221759 ], [ 1050332449, 468779794248481 ], 
  [ 2228721629633381 ],,,,,,, 
  [ 300484679951859657824609889481, 5109956194309500519347433810841 ], [ 11706172271 ], 
  [ 312698697500063983 ],, [ 17649500153741985257, 272783705066415863321 ], [ 887608514021 ],
  [ 2649492667, 872224297411561 ],,, [ 10070745400640017 ], [ 2529677791 ],,,, 
  [ 9518554321 ], [ 203686224751 ], [ 5734174446156270522041 ],, [ 9235552663 ],, 
  [ 3043807778247652177439948321 ], [ 3122339959, 22824148663, 457611118051 ], 
  [ 1127585053070009 ],, 
  [ 23029157761, 308812958593, 842297750401, 1802972954202949751198944897 ],, 
  [ 1055787973, 22190141098743671770356343973 ], [ 102848585941, 478317266137 ], 
  [ 107394653189170153979283389 ],,, [ 49667674290617 ], [ 267594018570104353 ], 
  [ 4608869213941 ], [ 6724953541 ],, [ 15332015217675817 ], [ 68841085984633 ], 
  [ 3883006418156708298558941 ], [ 8144734109439397 ], 
  [ 10873174801, 1259951171190652571000401 ],, 
  [ 3168236473169683, 4253345127627040857298876207 ],, 
  [ 223989953308749062077, 425270148199430201597789, 38191041595622724539566347073 ],, 
  [ 66094852013 ],, [ 20456438469457, 193502522560542649 ],, [ 576271473711196466448481 ],, 
  [ 3959685208975166501, 41463524141676779761, 3840553275132699924341 ],,, 
  [ 13717327211293931 ], [ 7544977665045794273 ], [ 144671762797657 ], 
  [ 103734211576992580141428999613 ],, [ 310107409081, 26465744013746772683276354461 ],, 
  [ 308037767353, 33841950099410066293 ], [ 1615436653798189 ], [ 3039195609353 ], 
  [ 8736286804169051 ],, [ 95569734317 ],, [ 251001536475403553269 ],, [ 1492075633021 ],,, 
  [ 119595515971, 133706187448583, 1874138478858206947 ], 
  [ 2521455283681, 47194636265992051 ], [ 126696490438393 ],, [ 2561392567845867431017 ],, 
  [ 1245214505494961, 465810424244838641, 19828826924458420472246281 ], [ 1686154334257 ], 
  [ 1224364325118169 ],, [ 3207141649, 208547856260079071089, 585032649660481877269 ],, 
  [ 1040052823, 779097381837689, 700368227032800063827, 1301714586615512555041470343909003 ],
  ,,,, [ 20896340851 ],,,,, [ 510468288457, 2193677805790607449516921 ], [ 2627416856957117 ]
   ,,, [ 3552698646645823201 ],, [ 5506289251 ], [ 4646318899 ], 
  [ 249533061885521, 469522441481278897 ], [ 8904154805708552041 ],,, [ 139869314677 ],, 
  [ 5536427490008777146198481, 127592102730038729177530481 ],,,, 
  [ 149302586801844197589378289 ],,,,,, [ 2109972481, 144680007152641 ],, 
  [ 495218842289, 129734334994732575826565376425431 ], [ 35860083841 ],,, 
  [ 16695677071, 4492942073386927725149677 ], [ 414158818783, 1681751848193 ], 
  [ 5895446017, 49939244787595885491448371713 ],, [ 36161949367811 ], 
  [ 2067817405393142033 ], [ 1356101077, 374402125702079115481, 50042105465194617820909 ],,, 
  [ 95936631121, 7914672179362337787091 ],,, [ 347618297657689 ],,, [ 31027180501 ],,,,, 
  [ 138046891532928129581303 ],, [ 1843535557, 20341361484329 ],, 
  [ 608562903451, 5183588659612644304530029371 ],, [ 12657866382522880579398549153793 ],, 
  [ 216755876087714712907 ],,, [ 220565695429883 ], [ 12328980021417437632171 ],, 
  [ 14787403035988964681, 7102367059099596056131186361 ],, [ 1202472937, 383450397941323 ],, 
  [ 6170681117, 577802258575093 ],,,, [ 10793717103570721 ],, 
  [ 4681861001, 7269894861129943501 ], [ 1937777239, 154529757118189, 7335821085899023 ], 
  [ 13899257952637, 38234874955061 ],,,, [ 686490318441281, 8893884114424259813517079606873 ]
    , [ 1309013215927 ], [ 2322415267 ], [ 18252547237 ],, [ 9697440726871 ], 
  [ 14298893249747, 3195920993061013933 ],,, [ 2383973881, 4230127591 ], 
  [ 791751444307756218469, 130592586110420563059841 ], [ 289767455083 ], 
  [ 95643130763261749 ],, [ 9350114401 ],,,, [ 7477745951374472871732443 ], [ 1734972525211 ]
   ,,, [ 2569094497, 263184915072265360093 ],,,, [ 95854263462458299501 ],, 
  [ 477494663053, 17508855208498068371798659621369 ],, [ 28661458064209 ],, 
  [ 1158260489, 1712328104041 ],,, [ 1419927077099 ], [ 11798481802537 ],,, 
  [ 1757693710644601 ], [ 68272876801, 1138671479549377 ],, 
  [ 577551326809809561889, 3385995006775814002471861679 ], [ 10439891101 ],, 
  [ 1769541723592063 ], [ 97993786331383879 ],,, [ 195049133164969201 ],, [ 2347562099 ], 
  [ 393183752123738101 ],,,, [ 13298737729 ],, 
  [ 39009306761008407253, 2342145216085368571351 ],, 
  [ 385457673078949, 2460181743137242697, 3927359911739686011677 ],,, [ 1055907617 ], 
  [ 113741591851801 ],,, [ 30622942549 ], [ 805115163919000237 ],,,, [ 26610004759777 ], 
  [ 136281296509 ],,,, [ 733916953331 ], [ 1069475022604993 ],, [ 1011406710162833686241 ],,,
  ,, [ 1722223459459, 154454723647993 ],,,, [ 3206895001, 1399224507512501 ], 
  [ 1018472579, 9763152810127 ], [ 25236139293223 ], [ 305224928369, 399152764832473 ], 
  [ 9691595519, 152358487929946163 ], [ 28784731834631546551, 71953855754168498041 ], 
  [ 39019462501, 1479348283830551 ],, [ 33847845204750601 ],,, [ 25694999520207697 ],,,, 
  [ 284654284801 ], [ 114289321891691 ], [ 3640143211, 159746460132076099 ],,,,,,,,,,,,, 
  [ 1296478181 ],,,,, [ 69640633921 ], [ 843867419173111, 27584026188368591 ],, 
  [ 967631760577 ],,,,, [ 2113354273 ], [ 4395005620633 ], [ 5203959011 ],,, [ 1789030517 ],,
  ,,, [ 3593208715798981 ],, [ 2254027493521, 97142446806961 ],, [ 101856541115547109 ],,, 
  [ 1426949432731 ], [ 38147666299, 5459340128970043 ],,,,,, [ 1971611801, 225394048129037 ],
  [ 1047552661 ], [ 341831916637 ],, [ 56330966858857 ],, [ 34021961371 ],, [ 1105776728701 ]
   ,,, [ 1226764873283 ], [ 3286958401 ],,,, [ 345172743615709, 187224575666674501 ],, 
  [ 14895671491 ], [ 64968725697679 ], [ 20641107841, 2605106343661729 ], [ 19702711976543 ],
  , [ 21053889254971 ],, [ 746411293853881 ], [ 1149444047 ],, [ 8064508321 ],, 
  [ 3419142911 ],,, [ 16548675063301 ],,,,,,,,, 
  [ 6661808957, 128921732993, 1125009370096523 ],, [ 1390368174049 ],,, [ 3404923988568779 ],
  , [ 7370716876459 ],, [ 1992168751, 457770043547 ], [ 203554875412921474201 ],,,,, 
  [ 607278223073013241 ],,,, [ 22047440211217 ], [ 1208625809 ],, [ 6944101921 ],, 
  [ 11011781784317 ], [ 198543210980351689 ],, [ 3726645855599 ], [ 1034163524245779541 ],,,,
  ,, [ 416343720193 ],,, [ 1650993187, 31368949177 ], [ 1808756629 ],,, 
  [ 15843080499901, 40553147036951 ], [ 1296569958977, 3314072496481 ],,,, [ 70976629621 ],,,
  , [ 10206504001 ],, [ 6338642767 ], [ 4389797372783, 131007246180581 ], [ 837323918946761 ]
   ,,, [ 52601655037, 62024505817 ], [ 254744188753913497 ], [ 6828092730889 ],,,,, 
  [ 12667818155785129, 18055494802305157 ], [ 3685762721587 ],,,,, [ 2999601793 ],,, 
  [ 137945841043 ], [ 8540341841, 130739169627233 ], [ 46437305449 ],, 
  [ 2242490406781, 1819501344565913 ],,,,, [ 1191520486583761 ], [ 5384335273443803 ],,, 
  [ 10127163394021 ], [ 3494415953671 ], 
  [ 875342888551, 4812160581517249, 3359304787576864123, 8544942986924040049, 
      15037830299110099963 ], [ 183788363513 ],,, [ 163523424023 ],,, 
  [ 2128349051879, 9195086658009139 ],, [ 802031604259 ], [ 3958019521 ],,, 
  [ 1959259031, 39983966966598601 ], [ 153273575093 ],,, [ 12555334639 ],, [ 5421689977607 ],
  ,,,,, [ 286715217251 ],, [ 97044090907 ],, [ 47491106837 ],,,, [ 2810284111 ], 
  [ 948432874595561 ],,,,,,,, [ 13806423649 ],,,,,, [ 145082565031 ],,, 
  [ 2223282402780687181 ], [ 3806473410391, 965910769266517, 1244628321841319 ], 
  [ 3371265712501 ],, [ 222949962288829, 359451785437489 ], [ 238199318472729659 ],,, 
  [ 9456291615320413 ], [ 5305062421, 233947232191 ],,, 
  [ 231331063321, 2532192426301, 2590772686141 ], [ 1739424965839817 ],,,,, 
  [ 20412859897, 42376261159, 178023512503 ], [ 663708499901 ], 
  [ 4740661957, 47822700579457 ], [ 257623986615601 ],,,,,, [ 1833120001 ],, [ 102478974709 ]
   ,,,, [ 1940646965359 ], [ 3615869783 ], [ 220363495107557, 166968849430754737 ],,, 
  [ 11841607993 ], [ 65079823873, 183862385617 ],, [ 13585051578817 ],, 
  [ 4404043729, 8190284472806573 ],,, [ 304109738089 ],,,, [ 15349231561, 258876547619 ], 
  [ 1593772952480017 ],, [ 959096413243 ],, [ 309866984993 ], [ 184747822033, 452805374543 ],
  [ 8563921446121 ], [ 194476683101 ], [ 59691104069 ],,,, [ 4240155817 ],,, [ 2708770861 ], 
  [ 89637574681 ], [ 807336323111 ],,,,, [ 88901185319 ], [ 18776439372289 ],, 
  [ 24611658293 ],, [ 130510591513 ],, [ 12857805479 ],,, [ 4323878270321 ],,, 
  [ 1312243353221599 ], [ 4229576641, 7132027598401, 9050516311452481 ], [ 55606690883 ], 
  [ 6194172739 ],,, [ 140527975905571 ], [ 2983068859 ], [ 114704530453 ], [ 270738929737 ],,
  , [ 11358445858457 ],,, [ 5833480084582391 ],,,,,,, [ 104917428115849 ], [ 4039485479 ],, 
  [ 27017245201, 2989095154753 ],,,, [ 3395582997702481 ],,,,,,,,, [ 77169775625291 ],,,,,,, 
  [ 28171299253 ], [ 2000848471 ],,,,,, [ 14022282877 ],,,,,,,,, [ 374991159841 ],,, 
  [ 1214908663, 14475613681 ], [ 451207434241 ],,,, [ 9328857017157277 ],,,, 
  [ 4644364840897 ],,, [ 3662666281 ], [ 12917998997 ],, [ 1816910477101 ],,,,,,,,,, 
  [ 6168767993, 518794411081, 203818639194332377 ],, [ 1786830151, 9528161742314251 ],, 
  [ 62775857177029 ],,,, [ 132698414424577 ],,,, [ 2824785521, 367805931844301 ],,, 
  [ 1079621069 ],, [ 48927301321 ],,,,, [ 11862979553903431 ],,,,, [ 1109868701 ], 
  [ 2995293481 ],, [ 483214841033 ],, [ 8561235601, 138832942681, 42573993187220281 ],, 
  [ 39001697200259 ],, [ 17231099373059837 ],, [ 6122370613 ],,,,,, 
  [ 2686074301, 103936301197, 907447487857 ],, [ 33651103049 ],,,, [ 1014452083 ],,,, 
  [ 2572561697 ],, [ 163965812833, 27172790145409, 267447485891041 ],,,,,,,,,, 
  [ 946890668023 ],, [ 54208919917 ],,,,,, [ 40984299313, 197983887817 ],, 
  [ 5657995697, 11884295909, 310652586821, 959756039521 ], [ 1422918001 ], [ 33099871229 ],, 
  [ 7136356173049 ], [ 26189846537 ],,, [ 1917125223509, 43380647073481 ], [ 134488980781 ], 
  [ 72003884456827 ],,,,, [ 2976015649 ],,, [ 209284620439 ],, [ 351553562585369 ],, 
  [ 15449228236993, 14416744960519513 ], [ 3173159443 ],,,,,,,,,,,, [ 12804203171 ],,,,,, 
  [ 22737461111 ],,, [ 34895326849 ], [ 82910153663 ], [ 141150120931 ],,,,, [ 3764079601 ], 
  [ 729780001777 ],,,,,,, [ 1075442778083857 ],, [ 8130258931 ],,,,,,, [ 3312447577009 ],, 
  [ 53816689177 ],,,,, [ 57438898331, 231690343519471 ], [ 5956945201 ], [ 1273132061 ],,, 
  [ 10452163597, 8218206975010817 ],,,, [ 2885474374217 ],, [ 1143420836581 ],, 
  [ 24757680349 ],, [ 626148209551 ],, [ 1224254209, 5101651393 ],,,, 
  [ 530267747177761, 351619175001463801 ],,, [ 421635854201 ],,,,,, [ 3263196557 ], 
  [ 87016196251 ],,,, [ 1283605567, 8334854327 ],,,, [ 2493650167 ],,,,,,,, 
  [ 1041274736461, 20380923284849, 366246316626079 ], [ 1079909483 ], [ 8892518212033 ],,,,,,
  ,,,,,,,, [ 1953078773 ],,,, [ 9161845524397 ],,,,,, 
  [ 64189729729, 2515069563313, 5529970721449 ], [ 455764093721 ],,,,,,,,, 
  [ 399516111600901 ], [ 14984852387 ],, [ 312346579381 ],,, [ 2064698777 ],,,,, 
  [ 3372637927 ],,,,,,,, [ 1825331623 ], [ 1025093268739 ],, [ 4651998233633 ],,,, 
  [ 1076427757 ],, [ 5769853081, 40111885986451 ],,, [ 18855118543 ],,,,, [ 54634845757 ],,,,
  , [ 1312143463 ], [ 80939256557, 7705850649037 ],, [ 99999470533, 3612542706007 ],,,,,, 
  [ 2309289733 ],, [ 7456946611, 3526160651227, 1398733048922621, 1438840204802783 ],, 
  [ 237956206489 ],,,,, [ 1518215833 ],,, [ 710259668778241 ],,,,,, [ 115507034526601 ],,,,,
  , [ 1476713788293409 ], [ 1559696859529 ],,, [ 7084623521 ],,,, 
  [ 756425763853, 12906282977017 ],, [ 60436775359 ],, [ 538930048753, 9273709030393 ],,,,,,,
  , [ 1031961473, 59457111361 ], [ 1016983351 ],, [ 4216207003 ],,, [ 2616084656089 ],,,,,, 
  [ 21476317189, 1093209157111717 ], [ 2653573381 ], 
  [ 1212487271, 5593313633771, 156409142089061 ],, [ 8161223617 ], [ 5853533659 ],,,,,,, 
  [ 10284611401 ],,,, [ 58833030673, 587166247513, 8816200113241, 158087712481453 ],,, 
  [ 1336813213 ], [ 101273856641, 8670337370113 ],, [ 1951896694771 ],,,, 
  [ 3065091037, 113085791099, 1841410761317, 67016218987873 ],, [ 17230401471337 ],,,,,, 
  [ 2035883196073 ],, [ 6271755953 ],,, [ 4690882919 ],,, [ 2811533429081824591 ],, 
  [ 5077423426001, 9334095797588017 ],,, [ 4617316271 ], [ 92240094919733 ],,, 
  [ 6029107811 ],,,, [ 28681140151 ], [ 411158567401 ], [ 29518448441 ], 
  [ 1179568717, 54554047423 ],, [ 11142482675767633 ], [ 293419546939 ], [ 1559498763954301 ]
   ,, [ 1482753361, 8222220916205869 ],, [ 1917865259 ],,,, [ 174816230409343 ],, 
  [ 314116823851021 ], [ 1826460173617 ],,, [ 7340484495889 ],,,,,, [ 415613390083921 ],,, 
  [ 2004520267 ],, [ 20382948301 ], [ 127766656915489 ],,,,, [ 1945192793 ], 
  [ 9725838734041 ],,,, [ 21630398008253 ],,,,, [ 3784205713 ],,, 
  [ 16955356699, 73754268019903 ],,,,,,,, [ 27712201903 ],,, [ 3638945521 ],,,,, 
  [ 21721981106011 ],,,, [ 27443890417, 652136590141 ],,,,,, [ 12551430401 ],, 
  [ 9139375613 ],, [ 25221815953 ],, [ 154789631459 ], [ 6681877141, 11502509251 ],,,,, 
  [ 658929111353 ],, [ 5443739549 ],,,, [ 16745330279 ],,,,,, [ 56434443213361 ],,,, 
  [ 28646778709 ],,,, [ 135816815921, 238788376481, 219437843582417 ],,,,,,,, 
  [ 796426397420161 ], [ 117931423919 ], [ 1028969680553 ],,,,,,, 
  [ 5872286887, 68007288289 ], [ 235759747489771 ],,,,,,,,,,,, [ 1152013032765197 ],, 
  [ 10763172289, 6301615795201 ],,,,,,, [ 1167109871 ], 
  [ 1223262553, 437694775169, 17019760939121 ],, [ 510170359079 ],,,,,,,, 
  [ 12176861333954851 ],,,, [ 458400461065746013 ],, [ 12094317731583001 ],,,, 
  [ 16734325141 ],,,,,,,, [ 1000767961, 661733146308961 ],,,, [ 210556580926553 ], 
  [ 16084653001 ],,,, [ 10528158583 ], [ 121052352611 ],,,,,,,, [ 44402595210793 ],,,, 
  [ 317693705167 ],,, [ 979873139491 ], [ 1151327621 ],,, [ 1597167661362323 ], 
  [ 243369959251 ],, [ 569951569324789177 ],, [ 1856717549, 242668798243 ],,,, 
  [ 272200392521 ], [ 7651988191 ], [ 6634898821, 9511187461 ],,,,, [ 5451366511 ],,, 
  [ 14606527549 ],,,,, [ 1878845921 ], [ 3496554109 ],, [ 5093301989, 13134733229 ],,,,,,,,,,
  ,,,,,, [ 12159294031081, 7221672551564137 ],, [ 116910097151 ],,,,,, [ 36024250961202701 ],
  , [ 513694116922182571 ],,,,,,,, [ 1853173171, 12536130525931 ], [ 415562136361 ],,,,, 
  [ 2142235144832641 ],, [ 2584579817 ],, [ 54724401725321 ],, [ 59907925393 ],, 
  [ 1274302685561 ],,,, [ 14657258019939841 ],, [ 6486868152101 ],, [ 12826447738817 ],, 
  [ 4186248811 ],,,, [ 989359925599 ],,,, [ 24564844357, 408834035377, 13089478164179 ],,,,,
  , [ 69454561789, 820377154621, 4200920244349 ],,,, [ 1615147777, 164523175756406882113 ],, 
  [ 9235789068769 ],,,, [ 2384651382771547 ],, [ 12399719201, 17027874281441 ],,,,,,, 
  [ 373331721127 ], [ 2095440673 ], [ 5293024901 ], [ 2507522656591, 58579125700111 ],, 
  [ 1295296313693 ],, [ 1334784211, 1428898005631, 286354784519779 ],,, [ 4869580627 ], 
  [ 483266507431 ],,, [ 4627362143 ],,,,, [ 2400187541, 3561205576741 ],,,,, [ 3651763033 ],
  , [ 1084449433 ],,,,,,, [ 94377086587801 ],, [ 185468316111776827 ],,,,,, 
  [ 3976207841, 1103142170849 ], [ 2453651623 ], [ 26890147351 ],,,,,, [ 158266355833 ], 
  [ 6309630619 ], [ 7915064779, 36394743799 ],,,, [ 19686689959, 138862463035861 ],, 
  [ 12481900129, 771018060481 ],,,,, [ 1459271309 ], [ 10917132181, 48616852381 ],,, 
  [ 2146058071 ],,, [ 7835783617 ],, [ 2976432387001 ],,,, [ 561593780703727 ],,,, 
  [ 1832168269049 ],, [ 248809898569 ],, [ 2221732660051, 8915733906838301 ],,,, 
  [ 77509151510653 ],,,,,,,,,,,,,, [ 764797465981 ],,,, [ 1645216561 ],, [ 4272808079 ], 
  [ 25474676251 ], [ 12701401721 ],,,,,,, [ 12317309327 ],,, 
  [ 163410118159, 57983286192911, 36385427468527901 ],,,,, [ 6587453563 ], 
  [ 1541622413, 4438130621 ],,,, [ 317428206241 ],,,, [ 34500726301, 1789637529101 ],, 
  [ 3872819533441, 758496835415227 ],, [ 547672666782977 ],, [ 22303358243 ], 
  [ 283167176659 ],,,,, [ 183269903521 ],,, [ 1020756281 ],,, [ 690399635801, 1432214313139 ]
   ,,, [ 17421752627, 45333959467 ],,,,, [ 9938486067949, 5857188108584977 ],, 
  [ 1296302369, 4445403097, 5146454757497, 930921147282521 ], [ 3424754317 ], 
  [ 5238528016531 ],, [ 4522777782349 ],,,, [ 178858841041, 212835956609 ],, [ 18792570883 ],
  ,,,,,,,, [ 26639142157 ],,,,, [ 2730971606497, 74951006639681 ],, 
  [ 2005483993, 958289687941 ],, [ 12123176509 ], [ 12823868741 ],,,,, [ 66433306267 ],,,,,, 
  [ 60305280096634129 ],,,,,,,,,,,, [ 115746517261 ],,,, [ 515334377639681 ],,,,,,,,,,,, 
  [ 20194356349, 6237811551649 ],,,,,,,,,,,,,,,,,, [ 572222003820349 ],,,,,,, [ 3639247037 ],
  ,,, [ 7437213451 ],,,,, [ 1592842264861 ],,,, [ 11691171649 ],, [ 2293616735269 ],,,, 
  [ 1513282201 ],,,,,, [ 47102291809 ],, [ 8228179969 ],, [ 3185355601 ],,,,,,,,,,, 
  [ 465226063399 ],,,,,,,,,, [ 1035193493 ],,,, [ 10503392701 ], [ 1274938033, 1464219409 ],,
  ,,,,,,,,,, [ 14898807073 ],,, [ 249437945203 ], [ 1615574197 ],,,,,,,,,,,,,,,,,,,,, 
  [ 89980655483 ],,,,,, [ 110595297229 ],, [ 3682712580505687 ],,,,,,,,,,,,,,,,,,,,,, 
  [ 3300927191 ],,, [ 141876300497 ],,,,,,,,,,,,,,,,,,,,,, [ 108048491321 ],, 
  [ 2469180071 ], [ 4496679409 ], [ 27162217501, 31375927909 ],,,,,,,,,,,,,,,, 
  [ 1861937677 ],,,,, [ 9212069311 ],, [ 5840504291 ],,,,,,,, [ 1203705983 ],,,, 
  [ 68041553989, 125532495923 ], [ 3758126401 ], [ 5504501069 ],,, [ 53226614981 ],,,,, 
  [ 18281470681 ], [ 767504667389 ],,,,,,,,,,,,,, [ 70536197449 ], [ 16378331509 ],, 
  [ 130738819261 ],, [ 1110885253 ],, [ 423556717009 ],,,,, [ 358710991453 ],, 
  [ 384224194377689 ], [ 3329218117 ],,,,,,,,,,,,,,,,, [ 5618177129 ],,,, [ 33370036561 ],,, 
  [ 831552226003 ], [ 880506897601 ], [ 29570593501 ], [ 4192696597 ],,,,,,,, [ 3217159037 ],
  ,,,,,,,,,,,,,,,,,,,,,, [ 1045146931 ],,,,,,, [ 2683660937 ],,,,,,,,,,,,, [ 135627898501 ],,
  ,, [ 4952427523 ], [ 4134072401 ],,,,,, [ 9187782337, 1201721542913 ], [ 272325501319 ],, 
  [ 181696167749 ],,,,,,,,,,,,, [ 6008393329 ],,, [ 1044929005321 ],,,,,,,,, [ 7561875733 ], 
  [ 589329118621 ],,,,,,,, [ 1907972683 ],,,, [ 5430170929 ],,, [ 6170647421 ],,,,,,,,,,,,, 
  [ 2275699927 ],,,,,,,,,,,,,,,, [ 1343157223 ],,,, [ 6652621697 ],,,,,,,,,,,,,,, 
  [ 12584450257 ],,,,, [ 93509376351091 ],, [ 1101481991, 1589207621 ],,,,,,,,,,,,,,,, 
  [ 1482884413 ],,, [ 1242040567 ], [ 6748308911, 19955968321 ], [ 119053187801 ],,,, 
  [ 1726078681 ],,, [ 2932063573 ],,,,,,,,,,,,,,,,,,,,,, [ 1243310111 ],,,,,, 
  [ 1311962146811 ],,,, [ 1409280791 ],,,,,,,,,,,,,,,,, [ 12278226449 ], [ 4634650511 ], 
  [ 8668289599 ],,,, [ 14813046517 ], [ 1742951519 ],,,,,,,,,,,,, [ 18685451041 ],,,,,,,,,, 
  [ 365045595347 ],, [ 71745768433 ],,,,,,,,, [ 12938108719 ],,,,,,,, [ 2123135587 ], 
  [ 14035266253 ],,, [ 10362635911 ],,,,,,,,, [ 31857703021, 168580037341 ],,,,,,,,,,, 
  [ 1986288151 ],,,, [ 3181358023 ],,,,,, [ 1585238791, 6240419671 ],, [ 7749697313 ],,,,,,,,
  , [ 116573906129 ],,,,,,,,, [ 319439665901 ], [ 5050517617 ],,,,,,,,, [ 1642147501 ], 
  [ 3314671127 ],,,, [ 12391860421 ],, [ 6732850769 ],, [ 4302670609 ],,,,,,,, 
  [ 3460227401 ],, [ 2129125949 ],,,, [ 13698975193 ],, [ 29372335001 ],,, [ 77528093707 ],,,
  ,,,,, [ 59401449781 ],,,,,,,,,,,,,,,,,,,,,,,, [ 987635680831 ],,,,, [ 1400871301 ],,,,,,,,,
  ,,,,,,,,,,,,,,,,,,,,, [ 114769646561 ],,,,,,,,,,,,,,,,,,,,,,,,, [ 152257162051 ],,,,,,,,,,,
  ,,,,,,,,,,,,,,,,,,,,,, [ 1435189807 ],,,,,,, [ 10114830361 ],,,,,,,, [ 29278750873 ],,,,,,,
  ,,,,,,,,,,, [ 32484759301 ],,,,,,,,,,,,,,,,,, [ 1745147863, 72235018357 ],,,,,,, 
  [ 7368968813 ],, [ 13708961839 ],, [ 9969964841 ],,,, [ 2360696329 ], [ 1098017621801 ],,,,
  ,,,,,,,,,, [ 113859553989967 ],,, [ 4266712531 ],,,,,, [ 175172033821 ],,,,,, 
  [ 15612982009 ],,,,,,,,,, [ 2908275787369 ],,,,,, [ 6762542201 ],,,,,,,,,,, [ 9144404557 ],
  ,,,,,,,,,,,,,,,,, [ 2405658823 ],,, [ 1439666479 ],, [ 2972898053 ],,,,,,,,,,,,,,,,,,,,,,,,
  ,,,,,,, [ 1694412667411 ],,,,,,,,,, [ 139407077261 ], [ 23958645059 ],,,,,,,,,,,, 
  [ 1037906637007 ],, [ 2338775521 ],,,, [ 1496649073 ],,,,,,, [ 5055322399 ], 
  [ 73521518401 ],,,,, [ 1893312793 ],,,,,,,, [ 360555471911 ], [ 6723015193, 80733133981 ],,
  ,,,,,,,, [ 1007286697, 173459663417 ],,,,,,,,,,,,,,,, [ 1593391801 ],,,, [ 6514328854177 ],
  , [ 16506948697 ],,,,,, [ 1416424949 ], [ 4331341981 ],,,,,,,,, [ 2084501593 ],,,,,,,,,,,,,
  ,, [ 1784568259 ],,,,,,,,,,,,,,,,,, [ 10322458777 ], [ 1215069329, 11957591377 ],, 
  [ 1194757771 ],,, [ 67007933527 ],,,,,,, [ 30386475901, 1946394985001 ],, [ 500477064649 ],
  , [ 1858495169 ],,,,,,,,,,,,,,,,,, [ 5456097739 ],,,, [ 1847256559 ],,, [ 189196887433 ],,,
  ,, [ 1964040193 ],,,,,,, [ 462504359809 ],,,,,,,,,,,,,,,,,,,,,,, [ 1764790609 ],, 
  [ 72172414609 ],,,, [ 8021646961 ],,,,,,,, [ 4731047287 ],,,, [ 3991122143 ],,,,,,,,,,,,,,,
  ,,,,,,,,,,,,,,, [ 10029743021 ],,,,,,,,,,,,,,,,,,,,,,,,,,,,,,,, [ 17267925541 ], 
  [ 1647071141 ],,,,,,,,,,,,,,, [ 404480594521 ],, [ 2066343259, 5009172869 ],,,,,,,,,,,,,,,,
  ,,,,,, [ 17714487121 ],, [ 21768675479 ],,,,, [ 25095079507 ],,,,, [ 1307259521 ], 
  [ 27044948113 ],,, [ 5136278037001 ],,,,,,,,,,,,,,,, [ 597800030833 ],,,,,, [ 5188940747 ],
  ,,, [ 79216965089 ],, [ 222001911041 ],,,,,, [ 2866816583 ],,,,,,,,,,,,,,,,,,,,,,,,,,,,,,,,
  ,,,,,,,,,,,,,,,,,,,, [ 3397607209, 23654646791 ], [ 58779745693 ],,,,,,,, [ 4479980891 ],,,
  ,,,,,,,,,, [ 26863202161 ],,,,,,,,, [ 200188252657 ],,,,,,, [ 52375873409 ],,,,, 
  [ 1344812653 ],,,,,,,,,,,,,,,,,,,,,,,,,,,,,,,,,,,,,,,,,,,,,,,,,,,,,,,,, [ 15126018937 ],,,,
  ,,,, [ 2416792813 ], [ 190917842041 ],,, [ 5451230731 ],,,,,,,,,,,,,,,,,, [ 1968789287653 ]
   ,,,,,,,,,,,,,,,,,, [ 24146108011 ],,,,,,,,,,,,,,,, [ 2674449301 ],,,,,,,, [ 7026462931 ],,
  ,,,,,,, [ 665210279443 ],,,,,,,,,,,,, [ 9007068781 ],,,, [ 3157611521 ], [ 171331688611 ],,
  ,,,,,,,,,,, [ 18994972894577 ],,,,, [ 19295664733 ],,, [ 6294135973 ],,,,,,,,, 
  [ 5363763481 ],,,,,,,,,,,,,,,,, [ 1163474881 ],,,,,,,,,,,,,,,,,,, [ 6029509669 ],,,,,,,,,,,
  ,,,,,,,, [ 13053301861, 14971853081 ],, [ 1138363035841 ],,,,,,,,,,,,,,,,,,,,,,,,,,,,,,,,,,
  ,,,, [ 3529323001 ],,,,,,,, [ 3469098491 ],,,, [ 8209879663 ],,,,,,,, [ 88873139671 ],,,,,,
  ,,,, [ 11659764161 ],, [ 9166571591 ],,,,,,,, [ 142499988751 ],,,,,,,,, [ 1000961557 ],,,,,
  ,,,, [ 79118350153 ],,,,,,,, [ 2108114369 ],,,, [ 1302323401 ],, [ 79317049501 ],,,,,,,,,,,
  ,, [ 336308004451 ],,,,,,,,,,,,,,, [ 5128042831 ],,,,,,,,, [ 14466914299, 65398732831 ], 
  [ 64068997981 ],,,, [ 174492045361 ],,,,,,,, [ 1805979449 ],,,,,,,,,,,,,, 
  [ 5390865127, 19377367183 ],,,,,,,, [ 2554411931 ],, [ 21324327809 ],,,,,,,,,,,,,, 
  [ 9820984141 ],,,,,,,,,,,,,,,,,,,,,,,,,, [ 1448544156841 ],,,, 
  [ 1882268701, 67116148690501 ],,,,,,,,,,,,,,,,,,,,,,,,,,,,,,,,, [ 9987656851, 29250570529 ]
   ,,,,,, [ 1735397353 ], [ 4337479021 ],,,,,,,,,, [ 5394210851 ],,,,,,,,,,,,,,,,,,,,,,,,,,,,
  ,,,,,, [ 1035373873 ],,,,,, [ 1649318371 ],,,,,, [ 2633329898137 ],,,, [ 38355756001 ],,,,,
  ,,,,,, [ 2213702989 ],,,,,,,,,,,,,,,,, [ 318687501373 ],,,, [ 2745796003777 ],,,,,,,, 
  [ 1887467801 ],, [ 1389680021 ],,,,,,,, [ 176167710001, 458870706451 ],,,,,,,,,,,,,,,,,,,,,
  ,,,,, [ 189891546721 ],,,,,,,,,, [ 6000364549 ],,,,,, [ 4415824513 ],,,,,, [ 73789743637 ],
  ,,,,,,,,,,, [ 320899363441 ],,,,,,,,,,,,,,,,,,,,,,,,,,, [ 81162768751 ],,, [ 3618061921 ],
  , [ 6679173817 ],,,,,,,,,, [ 76080214153 ],, [ 1578033983, 6972925171 ],,,,,,,,,,,,,,,,,, 
  [ 1293578271833 ],,,,,,,,,,,,,, [ 12843912173 ],,,, [ 244713539341 ],,,,,,,,,,,,,, 
  [ 35201723153 ],,,,,,,,,,,, [ 6109456193 ],, [ 3161032471 ],,,,,, [ 252760451329 ],, 
  [ 27901116953 ],,,,,,,,,,,,,,,,,,,,,,,,,, [ 8839920757 ],,,,,,,,,,,,,,,,,, [ 1979469521 ],
  , [ 5834543809, 769560327073 ],,,,,,,,,,,,,,,,,,,,,,,,,,,,,, [ 1733662981 ],,,,,,,,,,,,,,,,
  ,,,,,,,,,, [ 2860357889 ],,,,,,,,,,,,,,,,,, [ 1898497949 ],,,,,,,,,, 
  [ 1059357421, 2783954449 ],,,,,,,,,,,,,,,,,,,,,,,,,, [ 36544828321 ],, [ 154329776641 ],,,,
  ,,,,,,,,,,,,,,,,,, [ 1076619319 ],, [ 2788703569 ],,,,,,,,,,,,,,,, [ 77843372377 ],,,,,,,,,
  ,,,,,,,,,,,,, [ 22689547453 ],,,,,,,,,,,,,,,,,,,,,,,,,, [ 161702547137 ],,,,,,,,,,,,,,,,,,,
  ,,, [ 16991724121, 2650151347201, 66829384250917 ],,,,,,,,,,,,,,,,,,,, 
  [ 1692736459, 71349177773 ],,,,,,,,,,,,,, [ 8540437393 ],,,, [ 6938156633 ],,,,,,,,,,,,,,,,
  ,,,, [ 39239464489 ],,,, [ 3084302657 ],,,,,,,,,, [ 3684501739 ],,,,,,,, [ 604545406189 ],,
  ,,,,,,,,,,,,,,,,,,,,,,,,,,,,,,,, [ 12958115329 ],,,,,,,,,,,,,, [ 714247033417 ],,,,,,,,,,,,
  ,,,,,,,,,,,,,,,,,,,,,,,, [ 131225665091 ],,,,,,,,,,,,,,,, [ 45070718293 ],,,,,, 
  [ 5140891081 ],,,,,,,,,,,,,,,,,,,,,,,,,,,,,,,,,, [ 154236955883 ],,,, [ 1858075787 ],,,,,,,
  ,,,,,,,,,,,,, [ 4186474962559 ],,,,,,,,,,,, [ 5044761251 ],,,,,,,,,, [ 67045609121 ],,,,,,,
  ,,,,,,,,,,,,,,, [ 1002201997 ],,,,,,,,,,,,,,,,,, [ 473468894401 ],,,, [ 7893711817 ],,,,,,,
  ,,, [ 857790109469 ],,,,,, [ 4099540141 ],,,,,,,,,,,,,,,,,, [ 304798571911 ],,,,,,, 
  [ 2058863371 ],,,,,,,,,,,,,,,,,,,,,,,,,,, [ 28510797841 ],,,, [ 1027763281 ],,,,,,,,,,,,,,,
  ,,,,,,,,,,,,,,,,,,,,,,, [ 38180330371 ],,,,,,,,,,,, [ 10911976681 ],,,,,,,,,,,,,,,,,,,,,,,,
  ,,,,,,,, [ 481227877747 ],,,, [ 4306693471 ],,,,,,,,,,,,,,,,,,,,,,,,,,,, [ 1527883111 ],,,,
  ,,,,,,,,,,,,,,,,,,,,,,,,,,,,,,,,,,,,,,,,,,,, [ 2005582459 ],,,,,,,,,,,,,,,,,,,,,,,,,, 
  [ 23773758241 ],,,, [ 2841647873 ],, [ 2250490800091 ],,,,,,,,,, [ 3709674135121 ],,,,,,,,,
  , [ 212635391341 ],,,,,,,,,,,,,,,,,,,,,,,,,,,,,,,,,,,,,,,,,,,,,, [ 23759444161 ],,,,,,,,, 
  [ 3284784091 ],,,,,,,,,,,,,,,,,,,,, [ 10284772429 ],, [ 1208826209, 4364711921 ],, 
  [ 8082276511 ],,,,,,,,,,,,,, [ 95915140417 ],,,,,,,,,,,,,,,,,,,,,,,, [ 77663445889 ],,,,,,,
  ,,,,,,,,,,,,,,,,,,,,,,,,,,,,, [ 393050474749 ],,,,,,,,,,,,,,,,,,,,,,,, [ 36183252733 ],, 
  [ 2534769871 ],,,,,,,, [ 11472371639 ],,,,,,,, [ 1443559027 ],,,, [ 10431419771 ],,,,,,,,,,
  ,, [ 1034096779 ],, [ 3343742377 ],,,,,,,,,,,,,,,,,,,,,,,,,, [ 7069493471, 68144129951 ],,,
  , [ 3931472994037 ],,,,,,,,,,,,,,,,,,,,,, [ 26427628893901 ],,,,,,,,,,,, 
  [ 1032620689, 5959156369 ],,,,,,,,,,,,,,,,,,,,,,,,,,,,,,,,,,,,,,,,,,,, [ 78145052757157 ],,
  ,,,,,,,,,,,,,,,,,, [ 337902769289 ],,,, [ 9310296997 ],,,,,,,,,,,,,,,,,,,,,,,,,,,,,,,,,, 
  [ 2454427291 ],,,, [ 61122054491 ],,,,,,,,,,,,,,,,,,,,,,,,,, [ 3484107001 ],,,,,,,,,,,,,,,,
  ,,,,,,,,,,,,,,,, [ 2327417509 ],,,,,,,,,,,,,,,,,,,,,,,,,,,,,,,,,,,, [ 3533174401 ],,,,,,,,,
  ,,,,,,,,,,,,, [ 58502698411 ],, [ 400619916673 ],,,,,,,,,,,, [ 2272719013 ],,,,,,,,,,,,,,,,
  ,,,,,,,,,,,,,,,,,,,, [ 1528722001 ],,,,,, [ 1008832927, 56309280031 ],,,, [ 3442714501 ],,,
  ,,,,, [ 1886122591 ],,,,,,,,,,,,,,,,,,,,,,,, [ 136109264449 ],,,,,,,,,,,,,,,,,,,,,,,,,,,,,,
  ,,,,,,,,,,,,,,,,,,,,,,,, [ 2020953409 ],,,,,,,,,,,,,, [ 5163028501 ],,,,,,,,,,,,,,,,,,,,,,,
  ,,,,,,, [ 3639348101 ],,,, [ 5870719513 ],,,,,, [ 1016585041 ],,,,,,,,,,,,,,,,,,,,,,,,,,,,,
  ,,,,,,,,,,,,,,,,,,,,, [ 69287482801 ],,,,,,,,,,,,,,,,,,,,,,,,,,,,,,,,,,,,,,,,,,,,,, 
  [ 2138931199 ],,,,,,,,,,,, [ 3539608027 ],,,,,,,,,,,,,,,,,,,,,,,,,,,,,,,, [ 5390263261 ],,,
  ,,,,,,,,,,,,,,,,,,,,,,,,,,,,,,,,,,,,,,,,,,,,,,, [ 2026807381 ],,,,,,,,,,,,,,,,,,,,,,,,,,,,,
  , [ 31472879521 ],,,,,,,, [ 2029546429 ],,,,,,,,,,,, [ 62990507611 ],,,,,, [ 11267250301 ],
  ,,,,,,,,,,,,,,,,,,,,,,,,,,,,,,,,,,,,,,,,,,,,,,,,,,,,,,,,,,,,,,,,, [ 5524573843 ],,,,,,,,,,,
  ,,,,, [ 76790089237 ],,,,,,,,,,,,,,,,,,,,,,,,,,,,,,,,,,,,,,,,,,,,,,,,,, [ 233716499041 ],,,
  ,,,,,,,,,,,,,,, [ 5425223560622149 ],,,,,,,,,,,,,,,,,,,,,,,,,,,,,,,,,,,,,,,,,, 
  [ 14810470489 ],,,,,,,,,,,,,,,,,, [ 37037543293 ],,,,,,,,,,,,,,,,,, [ 7015147561 ],,,,,,,,,
  ,,, [ 4885432957 ],,,,,,,,,,,,,,,,,,,,,,,, [ 834182729101 ],,,,,,,,,,,, [ 5032784833 ],,,,,
  ,,,,,,,,,,,,,,,,,,,,,,,,,,,,,,,,,,,,,,,,,,,,,,,,,,,,, [ 31253685191 ],,,,,,,, 
  [ 2727405007 ],, [ 45873405821 ],,,,,,,,,,,,,,,,,,,,,,,,,,,,,,,,,,,,,,,,,,,,,,,,,,,,,,,,,, 
  [ 2471187673 ],,,,,,,,,,,,,,,,,,,,,,,,,,,,,,,,,,,,,,,,,,,,,,,,,,,,,,,,,,,, [ 1028405971 ],,
  ,,,,,,,,,,,,,,,,,,,,,,,,,,,, [ 44945619457 ],,,,,,,,,,,, [ 1310269381 ],,,,,,,,,,,,,,,,,,,,
  ,,,,,,,,,,,,,,,,,,,,,,,,,,,,,,,,,, [ 2104257499 ],,,,,,,,,,,,,,,,,,,,,,,,,,,,,,,,,,,,,,,,,,
  ,,,,,,,,,,,,,,,,,,,,,,,,,,,,,,,,,,,, [ 22287335617 ],,,,,,,,,,,, [ 3373508377 ],,,,,,,,,,,
  , [ 17674426801 ],,,,,, [ 4891662463 ],,,,,,,,,,,,,,,,,,,,,,,,,,,,,,,,,,,,,,,,,,,,,,,,,,,,,
  ,,,,,,,,,,,,,,,,,,, [ 54474191293 ],,,,,,,,,,,,,,,, [ 282165002351 ],, [ 54474835273 ],,,,,
  ,,,,,,,,,,,,,,,,,,,,,,,,,,,,,,,,,,,,, [ 1882548313 ],,,,,,,,,,,,,,,,,, [ 8029776577 ],,,,,,
  ,,,,,,,,,,,,,,,,,,,,,,,,,,,,,,,,,,,,,,,,,,,,,,,,,,,,,,,,,,,,,,,,,,,,,,,,,,,,,,,,,,,,,,,,,,,
  ,,,,,,,,,,, [ 1162389601 ],,,,,,,,,,,, [ 3277843969, 3812456929 ],,,,,,,,,,,,,,,,,,,,,,,, 
  [ 1024893013 ],,,,,,,,,,,,,,,,,,,,,,,,,,,,,,,,,,,,,,,,,,,,,,,,,,,,,,,,,,,, [ 44617592881 ],
  ,,,,,,,,,,, [ 9890888521 ],, [ 3421611341, 10541772991 ],,,,,,,,,,,,,,,,,,,,,,,,,,,,,,,,,,,
  ,,,,,,,,,,,,,,,,,,,,,,,,,,,,,,,,,,,,,,,,,,,,,,, [ 6924602161 ],,,,,,,,,,,,,,,,,, 
  [ 1300365541 ],,,,,,,,,,,,,,,,,, [ 13227206653 ],,,,,, [ 1839124519 ],,,,,,,,,,,,,,,,,,,,,,
  ,,,,,,,,,,,,,,,,,,,,,,,,,,,,,,,,,,,,,,,,,,,,,,,,,, [ 11123642923 ],,,,,,,,,,,,,,,,,, 
  [ 21169853401 ],,,,,,,,,,,,,,,,,,,,,,,,,,,,,,,,,,,,,,,,,,,,,,,,,,,,,,,,,,,,,,,,,,,,,,,,,,,,
  ,,,,,,,, [ 5289278162473 ],,,,,,,,,,,,,,,,,,,,,,,,,,,,,,,,,,,,,,,,,,,,,,,,,,,,,,,,,,,,,,,,,
  ,,,,,,,,,,,,, [ 2517418087879 ],,,,,,,,,,,,,,,,,,,,,,,,,,,,,,,,,,,,,,,,,,,,,,,,,,,,,,,,,,,,
  ,,,,,,,,,,,,,,,,,,,,,,,,,,,,,,,,,,,,,,,,,,,,,,,,,,,,,,,,,,,,,,,,,,,,,,,,,,,,,,,,,,,, 
  [ 2483463181 ],,,,,,,,,,,, [ 121023885613 ],,,,,,,,,,,,,,,,,,,,,,,,,,,,,,,,,,,,,,,,,,,,,,,,
  ,,,,,,,,,,,,,,,,,,,,,,,,,,,,,, [ 2358704641 ],,,,,,,,,,,,,,,,,,,,,,,,,,,,,,,,,,,,,,,,,,,,,,
  ,,,,,,,,,,,,,,,,,,,,,,,,,,,,,,,,,,,,,,,,,,,,,,,,,,,,,,,,,,,,,,,,,,,,,,,,,,,,,,,,,,,,,,,,,,,
  ,,,,,,,,,,,,, [ 15960139561 ],,,,,,,,,,,,,,,,,,,,,,,,,,,,,, [ 2960571181 ],,,,,,,,,,,,,,,,,
  ,,,,,,,,,,,,, [ 10574178001, 265227533731 ],,,,,,,,,,,,,,,,,,,,,,,,,,,,,,,,,,,,,,,,,,,,,,,
  , [ 5851187119 ],,,,,,,,,,,,,,,,,,,,,,,,,,,,,,,,,,,,,,,,,, [ 3501943201 ],,,,,,,,,,,,,,,,,,
  ,,,,,,,,,,,,,,,,,,,,,,,,,,,,,,,,,,,,,,,,,,,,,,,,,,,,,, [ 58345745791609 ],,,,,,,,,,,,,,,,,,
  ,,,,,,,,,,,,,,,,,,,,,,,,,,,,,,,,,,,, [ 13598722873 ],,,,,,,,,,,,,,,,,,,,,,,,,,,,,,,,,,,,,,,
  ,,,,,,,,,,,,,,,,,,,,,,,,,,,,,,,,,,,,,,,,,,,,,,, [ 403920388097 ],,,,,,,,,,,,,,,,,,,,,,,,,,,
  ,,,,,,,,,,,,,,,,,,,,,,,,,,,,,,,,,,,,,,,,,,,,,,,,,,,,,,,,,,,,, [ 16743849121 ],,,,,,,,,,,,,,
  ,,,,,,,,,,,,,,,,,,,,,,,,,,,,,,,,,,,,,,,,,,,,,,,,,,,,,,,,,,,,,,,,,,,,,,,,,,,, 
  [ 1505979741151 ],,,,,,,,,,,,,,,,,,,,,,,,,,,,,,,,,,,,,,,,,,,,,,,,,,,,,,,,,,,,,,,,,,,,,,,,,,
  ,,,,,,,,,,,,,,,, [ 5841959941 ],,,,,,,,,,,,,,,,,,,,,,,,,,,,,,,,,,,,,,,,,,,,,,,,,,,,,,,,,,,,
  ,,,,,, [ 2472176545147 ],,,,,,,,,,,,,,,,,,,,,,,,,,,,,,,,,,,,,,,,,,,,,,,,,,,,,, 
  [ 2078873941 ],,,,,,,,,,,,,,,,,,,,,,,,,,,,,,,,,,,,,,,,,,,,,,,,,,,,,,,,,,,,,,,,,,,,,,,,,,,,,
  ,,,,,,,,,,,,,,,,,,,,,,,,,,,,,,,,,,,,,,,,,,,,,,,,,,,,,,,,,,,,,,,,,,,,,,,,,,,,,,,,,,,,,,,,,,,
  ,,,,,,,,,,,,,,,,,,,,,,,,,,,,,,,,,,,,,,,,,,,,,,,,,,,,,,,,,,,,,,,,,,,,,,,,,,,,,,,,,,,,,,,,,,,
  ,,,,,,,,,,,,,,,,,,,,,,,,,,,,,,,,,,,,,,,,,,,,,,,,,,,,,,,,,,,,,,,,,,,,,,,,,,,,,,,,,,,,,,,,,,,
  ,,,,,,,,,,,,,,,,,,,,,,,,,,,,,,,,,,,,,,,,,,,,,,,,,,,,,,,,,,,,,,,,,,,,,,,,,,,,,,,,,,,,,,,,,,,
  ,,,,,,,,,,,,,,,,,,,,,,,,,,,,,,,,,,,,,,,,,,,,,,,,,,,,,,,,,,,,,,,,,,,,, [ 2369583527041 ],,,,
  ,,,,,,,,,,,,,,,,,,,,,,,,,,,,,,,,,,,,,,,,,,,,,,,,,,,,,,,,,,,,,,,,,,,,,,,,,,,,,,,,,,,,,,,,,,,
  ,,,,,,,,,,,,,,,,,,,,,,,,,,,,,,,,,,,,,,,,,,,,,,,,,,,,,,,,,,,,,,,,,,,,,,,,,,,,,,,,,,,,, 
  [ 7656945841 ],,,,,,,,,,,,,,,,,,,,,,,,,,,,,,,,,,,,,,,,,,,,,,,,,,,,,,,,,,,,,,,,,,,,,,,,,,,,,
  ,,,,,,,,,,,,,,,,,,,,,,,,,,,,,,,,,,,,,,,,,,,,,,,,,,,,,,,,,,,,,,,,,,,,,,,,,,,,,,,,,,,,,,,,,,,
  ,,,,,,,,,,,,,,,,,,,,,,,,,,,,,,,,,,,,,,,,,,,,,,,,,,,,,,,,,,,,,,,,,,,,,,,,,,,,,,,,,,,,,,,,,,,
  ,,,,,,,,,,,,,,,,,,,,,,,,,,,,,,,,,,,,,,,,,,,,,,,,,,,,,,,,,,,,,,,,,,,,,,,,,,,,,,,,,,,,,,,,,,,
  ,,,,,,,,,,,,,,,,,,,,,,,,,,,,,,,,,,,,,,,,,,,,,,,,,,,,,,,,,,,,,,,,,,,,,, [ 3738739948441 ],,,
  ,,,,,,,,,,,,,,,,,,,,,,,,,,,,,,,,,,,,,,,,,,,,,,,,,,,,,,,,,,,,,,,,,,,,,,,,,,,,,,,,,,,,,,,,,,,
  ,,,,,,,,,,,,,,,,,,,,,,,,,,,,,,,,,,,,,,,,,,,,,,,,,,,,,,,,,,,,,,,,,,,,,,,,,,,,,,,,,,,,,,,,,,,
  ,,,,,,,,,,,,,,,,,,,,,,,,,,,,,,,,,,,,,,,,,,,,,,,,,,,,,,,,,,,,,,,,,,,,,,,,,,,,,,,,,,,,,,,,,,,
  ,,,,,,,,,,,,,,,,,,,,,,,,,,,,,,,,,,,,,,,,,,,,,,,,,,,,,,,,,,,,,,,,,,,,,,,,,,,,,,,,,,,,,,,,,,,
  ,,,,,,,,,,,,,,,,,,,,,,, [ 2332139041 ],,,,,,,,,,,,,,,,,,,,,,,,,,,,,,,,,,,,,,,,,,,,,,,,,,,,,
  ,,,,,,,,,,,,,,,,,,,,,,,,,,,,,,,,,,,,,,,,,,,,,,,,,,,,,,,,,,,,,,,,,,,,,,,,,,,,,,,,,,,,,,,,,,,
  ,,,,,,,,,,,,,,,,,,,,,,,,,,,,,,,,,,,,,,,,,,,,,,,,,,,,,,,,,,,,,,,,,,,,,,,,,,,,,,,,,,,,,,,,,,,
  ,,,,,,,,,,,,,,,,,,,,,,,,,,,,,,,,,,,,,,,,,,,,,,,,,,,,,,,,,,,,,,,,,,,,,,,,,,,,,,,,,,,,,,,,,,,
  ,,,,,,,,,,,,,,,,,,,,,,,,,,,,,,,,,,,,,,,,,,,,,,,,,,,,,,,,,,,,,,,,,,,,,,,,,,,,,,,,,,,,,,,,,,,
  ,,, [ 169478129446501 ] ]);
