BRENTFACTORS[4487]:=MakeImmutable([ ,,,,,,,,,, [ 160286000359 ],, [ 7212226997 ],,, 
  [ 6598983793 ],,,, [ 57594369841 ],,, [ 1194848069 ],, 
  [ 2001451201, 312947127580481101, 1827064394542719851 ],, [ 264873620593, 20334690161173 ],
  , [ 649870721289173 ],, [ 525050937841164309534923701 ],, 
  [ 888617068379617297129322892859 ], [ 5569545770139743131 ], 
  [ 3772028346521, 13915728617400756636974051 ],, 
  [ 453563478631311974143, 1056701842211344414460450601139 ], [ 627646893790514605493 ], 
  [ 988199367714816233224055878981 ], [ 843994833384481 ], 
  [ 1210279739, 8680857431, 43493157942632921, 82038412017904681, 103433976137839674143, 
      40168883483246702098681047385009 ],, [ 9611143627699, 20530831437319993 ],, 
  [ 7962622793130093841, 17129831358279768499293031981 ],,,, 
  [ 3869231689, 2462629771561, 221045187989668463, 4298225813815291030108260766621 ],, 
  [ 175334748939335559481417, 46569453573480671983545151443004627 ],, [ 20280706577340383 ], 
  [ 34471506508348479631746031 ],,, [ 4145299693, 2708535014209 ], [ 4224147251 ], 
  [ 3431686031, 10181878309883008039, 14075100640166069927, 9355542170710546180883 ],, 
  [ 187020908630243, 208650500328629449, 157392559946142319654873 ], 
  [ 13487076877, 2596637289621423934819 ], 
  [ 147425396809447, 5889754714168081, 225339008387263174958149 ], 
  [ 17481513518593, 26901026436618335705361750349008001 ],, [ 764467487840344531 ],, 
  [ 235764106647379727845327511492309362558107214097 ], [ 23257088389, 243391831513 ], 
  [ 58370681461 ], [ 36279913133, 783430857673 ], 
  [ 16785703315215111169, 16299537384307435337329192801 ], 
  [ 38968156694400707, 14913538546672750213767493 ], [ 1932861353, 50226989914020133 ], 
  [ 47925259651 ],, [ 34912117087, 928951249934611507913 ], 
  [ 5922212813357803, 472204712875396830950951929 ], [ 5178757943, 46428088857564893 ], 
  [ 115540792007225682548881 ],, [ 32171151509726518462394325659012359485857925877 ], 
  [ 530054159855160324864349 ], [ 384628114921, 1594844644429429, 179057761093268737 ],,,, 
  [ 551046146993, 28399280523857, 245915698201486750290592075560961 ], 
  [ 34904730043, 680641351249, 2940969621788357, 167093868033487957283 ], 
  [ 12185120880240480379891 ], [ 108665276171966333 ], [ 67646559483773 ], 
  [ 12162396443262032893 ],, 
  [ 928261091577661, 2293475610796121, 103576243105197761, 1958170398745483971075051508961 ],
  [ 2166565729, 21899298451777, 5515087111873077139696359553 ],, 
  [ 9515397907, 4527244053616719583, 19239017534129889141461789 ], [ 18976146751 ], 
  [ 9737575801 ], [ 350007410888750834827 ],, [ 796394065249, 2135013981511505705573 ], 
  [ 555759157939501594985288489017 ], [ 1391502356603521 ], 
  [ 22575677893193, 122853844874178135953293 ],, [ 8629408009, 12966778789034663269 ],, 
  [ 4716093691, 4983862181, 1412118609769789387841, 2244767759261019038861, 
      3027559965415273870522221106175427991 ], [ 61186854787 ],,,,, 
  [ 475505558332121671882897 ], [ 102060361027, 370510778082728143608229 ], 
  [ 708877105786419499, 64095470392476714197 ], [ 2036708801 ], 
  [ 969604420260414241, 510365173914149049358409056961801597881 ], [ 23628940621027732717 ], 
  [ 1081257941 ], [ 193081790197, 180432983732418947557, 356077335637059637423 ],, 
  [ 72636775301956632251 ], [ 31214675178919 ], [ 1918449809, 30184422355699 ], 
  [ 157947868878337 ], [ 17472858459786248599 ], [ 5607102908589781, 7474350803508381931711 ]
   ,, [ 6734078341, 113397301909, 7939758898110733, 37927944817546833818737 ], 
  [ 49723551732527, 329086605677941483, 5937660030857946946619 ], 
  [ 13541646468231496497109463 ], 
  [ 77063601141091, 12273345139307761, 138866088943566988651, 195794625421081279981, 
      6218688446864468131231 ],, [ 1022447441 ], 
  [ 450999467854759039, 6522747934695004543, 9547672915378375535497, 
      3368143649136680923474913474983, 76468464148730851374672201113863 ], 
  [ 45190512531217 ], [ 4384560461, 15989340735061, 3280537990333409921701181 ],, 
  [ 54913844557833626327, 155690073848751201829 ], [ 16221192989 ], 
  [ 114148239271777, 116287308720001 ], [ 51143333919984931 ],,, [ 10881578281139685017 ], 
  [ 22568958779 ], [ 2064637651, 9836754837636301 ], [ 37277062396391 ],, 
  [ 1111964527, 100166773443421969 ], [ 500454380180371, 117126032725370166583215727367 ], 
  [ 172538176276529741 ], [ 19212827401, 161912480799733 ], [ 18281093189 ], 
  [ 473538064723, 190926353931647, 101197255255570730401 ], [ 4234675984922510671 ], 
  [ 17498590852798721, 192236132563472801, 9051293541297975041 ],, 
  [ 1832351383, 5334796175493543679, 850612760922257903341 ],, [ 670435515057675149 ],,,, 
  [ 3507850081, 34045352254117513 ],, [ 9457882659845141 ], [ 804410940199531188657223 ], 
  [ 3235006102409 ], [ 118883049289 ], 
  [ 413425306741, 71388111062215093, 132344556308746992398977 ], [ 14761360645151 ], 
  [ 1336824784417, 47440101541710697249 ],, 
  [ 2055562814484301, 2424461736910209097, 32157166745660406019246799 ],, 
  [ 44964464958964040512268750221 ],, [ 46181298513817312477633 ],, 
  [ 28213456553, 959394020777 ], [ 2557518071 ],, [ 15787240877 ], 
  [ 4568308908616957534637 ], [ 7378511724109 ],, [ 13521103157 ], [ 1638559003312129 ], 
  [ 14663217568081 ], [ 410953133206087 ], 
  [ 168338223032071, 504465821309971, 14428354716909121 ],, 
  [ 2874113377, 3141993977, 200517091433 ], 
  [ 1543582502947, 2271802580191, 4765030617007, 4399666784736103 ], [ 1426399559419 ], 
  [ 28129069209224201 ], [ 13930821169 ], [ 93946781353 ],,,, [ 12315108300163 ],, 
  [ 28110025841, 831268591921, 304090362934177 ], [ 2530587049 ], [ 94764946501 ], 
  [ 1388482547 ], [ 1796134597 ], [ 3886486183, 18553580039250499, 95344624782592104391 ], 
  [ 6702090949 ],, [ 5677263403489, 106530108012217, 10689569651891161 ], 
  [ 38700356538740653 ], [ 197780896543, 337618246337 ],, [ 27711449255773178281 ],, 
  [ 1514499319, 5485281278943673, 25287712091344244407, 6717680926666061003383, 
      156206544191738750515140091 ], [ 2714044247 ], 
  [ 325553156635841, 5809770758278131047610817 ],, 
  [ 344198403863, 75418501073467, 24866324742420138869 ], [ 20759029691 ],, 
  [ 2079788312065380053 ], [ 15143875741, 3300463153776671, 18613953597528754382381 ], 
  [ 413997661771 ], [ 2568257718073 ],, [ 1339987897, 70076828979679861 ],,,, 
  [ 119136303553, 167087362121, 5086278082633525597, 233014686881493281344637 ],,, 
  [ 2235828337 ], [ 16842809789279, 11120361329282459, 3776596009121546447 ],, 
  [ 17236994969, 139548219088790417 ],, [ 2165655343, 18964606810916593, 150608299077001879 ]
   ,,, [ 361265792863 ], [ 54141024023429251 ], [ 8184342443 ], [ 10106888368233273373 ], 
  [ 32195377369 ],,, [ 705358638337, 1085745339444481 ],, 
  [ 41212175247843889, 94920576977475439888189 ],,,,, [ 2780048339 ], 
  [ 32910730777, 95609177027761, 341847027154513, 3034820995974633361 ],, [ 182604730169 ], 
  [ 240870336331711 ], [ 154505446533320209, 233292449844975967153 ],,, [ 3273800253541 ], 
  [ 26567246407305228577 ], [ 6756136297, 9296158327 ], [ 4960475463895085809 ], 
  [ 946490800201 ], [ 25724413811017, 5535446609364249755953 ],, 
  [ 2755140240644767, 3167260163177242459 ], [ 23903222624299 ], 
  [ 1629856237448782561, 491566947208626702567001 ],, [ 269222318104988901161101 ], 
  [ 5094430815293293 ], [ 186518636399226673 ], [ 419643484985735071 ],, 
  [ 32611076573967053 ], [ 345571955670817 ], [ 70847805206285539 ],, 
  [ 1504155715927, 15463530727135243 ], [ 127654961009, 9221593458673 ],, 
  [ 10732254101983, 24973073084254277362113007 ], 
  [ 379882150383834751, 5903114638302053840791 ], [ 112282361689, 261228017753 ],, 
  [ 35509258775339371793549 ], [ 13294603843 ], 
  [ 62368120933801, 2715678050500801, 10059949086777901 ],, 
  [ 115963690763, 39845783010618066059 ],, [ 864031883278657, 636762515796505993121 ], 
  [ 62827139929601 ], [ 95584340557 ],, 
  [ 707733824953, 748487752937, 7864110196097, 363938555791273, 13316050454206664893037 ],, 
  [ 9994685304161 ],,,, [ 346486609561, 13306000301647 ], [ 2174873401 ],,, 
  [ 2911034647, 58479152509, 17908772534421577 ],,, [ 1286022460501 ],, 
  [ 3203698111, 2241511289183 ], [ 2176959241 ], [ 269643530732551 ], 
  [ 584871349788288502201 ],, [ 49509988537, 13598095665409, 19680070181833 ],, 
  [ 1029498554557594038391 ], [ 22687454267549 ],,, [ 5628638809, 21973695149388451177 ],, 
  [ 3543331681, 2271269459958651601, 1002989078676750604014913 ], [ 38190059267 ], 
  [ 1150206227 ], [ 477408751279 ], [ 229702330234813184403661, 427462234262738861137181 ],,,
  ,,,,,,,,, [ 1747112929, 14605711649 ],, 
  [ 3038582719, 21702199214106204163, 55049208460013613614530393 ],,,, [ 1761250513219 ], 
  [ 9687375874777771 ], [ 874536175971829081, 5404482394913167097041 ],, [ 6812713301 ], 
  [ 186656677356073 ], [ 1119767795693, 4585061053983593 ],, 
  [ 8023525567, 61073986291, 167599587787 ],,,, [ 482014974751 ],,,, [ 24082139717746463 ], 
  [ 48548414251 ],,, [ 59345007373 ],,,,, [ 8619906007 ], [ 12833232474788398081 ],, 
  [ 132322225734705593437 ], [ 78396654771163 ],,, [ 298342708651574273946871 ],,, 
  [ 2521869211 ], [ 323788160629, 9575577432056513 ],,, [ 34665922309351, 5949578860521511 ],
  ,,, [ 713428788079801 ], [ 4804269439, 49212665021059, 122969094463369153 ], 
  [ 1816758659 ], [ 17166422823812789 ],, [ 30845921863 ],,,, [ 1066477651 ], 
  [ 15435711581749 ], [ 64760075801, 1036996887863991521 ],, 
  [ 11561019553, 2756918845297, 4103652857167, 1031352300122086279 ], [ 1165640381 ],,, 
  [ 703501018252187 ],, [ 27612674461, 56223078632701 ],, [ 11193366474733 ], 
  [ 59403965239 ], [ 24783806153 ],,,,, [ 157348288564039 ], [ 3894129331751 ], 
  [ 4488082938433, 77886656737913 ], [ 11531681987640275953 ], [ 80625297131 ],, 
  [ 274616608381 ], [ 55971982989029 ],,,,, [ 62824886513803 ], 
  [ 941355909443, 168158548514843102440901 ], [ 618700353254701, 1150292504994049 ], 
  [ 60494132546101 ],, [ 22752479489 ],, [ 2388104321, 81791456321 ], 
  [ 65993805379, 217847756089, 319071814266330533 ],,,, 
  [ 2754332132639431, 4333247656704739, 2408507857986760939 ], 
  [ 17231926745029, 23897778890731 ], [ 1131176411, 5259113970629323351 ], 
  [ 5769911095984162273 ],,,, [ 75809227833841, 8313914517034241, 4405345456400395090361 ], 
  [ 2299578641 ], [ 3618489996302158363, 9185128583684574907 ],,, [ 7848167913472343221 ],, 
  [ 4044230188073 ],,,, [ 3043644519622969 ],, [ 128403249613 ],,,,,, 
  [ 35769074963, 1266434040559, 12638630180213 ], [ 81228423171010081 ], [ 74249134987 ],,, 
  [ 1320383461, 332692480957 ],,,,, [ 901441123321 ], [ 358602947011, 228916682979601 ],, 
  [ 15604524864805153 ],,,,, [ 13821107791 ],,, [ 69554898001 ],,,,,, [ 8112109679386747 ],, 
  [ 30999341609, 435666530509241 ], [ 100151191211 ],,, [ 382907271518209 ],, 
  [ 2938842289, 59694525443477 ],, [ 224488537381 ],,, [ 101347585909, 43843031502481 ], 
  [ 6827176501956871185841 ],,,,,, [ 1285165756843723 ],,,, 
  [ 489223406224361, 16344510176605778411 ], [ 49224326581 ],,, 
  [ 582562445407, 4214909411193739 ],,,,,,,, 
  [ 355284117043, 19198611962639, 27491901128036251 ],, [ 15728978711836513 ],,,, 
  [ 383378962894980197 ], [ 30768420619, 63051668389 ],,,,,,,,, [ 5921721991 ],, 
  [ 2857555800961 ], [ 1064758927 ], [ 14967930337, 4138689266379369253 ],, 
  [ 3880669014191797 ],, [ 241061402509 ],,, [ 38284066831 ],,, [ 3019065193 ],, 
  [ 28518195606911768003 ],,,, [ 226028822429 ], [ 550169547289 ],,,,, [ 198173767094441 ], 
  [ 17805784140594451 ], [ 64968370823 ],,, [ 36285835049 ],,, [ 17203901249 ], 
  [ 41109521009 ],, [ 11278501081 ], [ 6005844856590721 ],,,,,,,,, [ 7369443113341 ], 
  [ 4334376217 ],, [ 444538952522113 ], [ 81020463843583111 ],,,,,,,,, 
  [ 258037087939, 6004972360591 ],,,,,,,,, [ 121479200057359 ],,,, [ 10227421548979 ], 
  [ 1109059513 ],,, [ 13655790571 ],,,,, [ 63056885761 ],,, [ 21861436733, 26987310563 ],,, 
  [ 951363758783 ], [ 22785761321, 1361430596213 ], 
  [ 1299534193, 7075898209, 19387474417, 4054185469127161 ],,,,,, [ 520073485711903 ],,,, 
  [ 73228208719 ],, [ 136270475881, 7019089117921, 33225473594941 ],,,,, [ 81692807710361 ],,
  , [ 4115101777, 11607318363461 ],, [ 19055262971 ],, 
  [ 43834357057, 170386824890862721, 27555346950083750113 ],,, [ 2941311360601 ], 
  [ 2020029961 ], [ 1722841787, 7907582057, 251881346029 ],,, [ 2918129597518321 ],,, 
  [ 3316126189 ], [ 1948164013 ],,,, [ 19524880657, 678409974881 ],,,,, [ 1428783111555031 ],
  [ 102866437903, 4011308771081 ],, [ 839424509113 ],, [ 3885746830129 ],,,,, 
  [ 277656054679 ],,,,, [ 24695383381 ],,,, [ 1139335993, 160844950249 ],, [ 8719274161837 ],
  , [ 41111901613, 32578950900269 ],, [ 587505255511 ],,,, 
  [ 2385757512493, 1705226433546613 ],,,, [ 1157807137873 ],,,, [ 3473134625928881 ], 
  [ 59012942861 ],,,,, [ 30211107470113 ],, [ 131234524822787599 ],, [ 3608444793959561 ],, 
  [ 418389126193123 ],,,,, [ 10069455421 ], [ 667888767554273 ],, [ 10449376501 ],, 
  [ 6164307937 ],, [ 786148925329, 4486992673411 ],, [ 382390347755557 ], [ 37841359603 ],, 
  [ 1436220787 ],, [ 6562133441 ],,, [ 29850808597 ],, [ 178984692149 ],,,,, [ 3581002021 ],
  , [ 4150300387 ],,, [ 1703580737, 1866825529 ],, [ 10700074403 ], [ 5853871843 ], 
  [ 3295146661 ],,,,,, [ 1937814938540233 ],,, [ 97287076921 ],,,, [ 2425885333 ], 
  [ 476569764579437 ],,,,,, [ 3002991878401, 21151128522401 ],,,, [ 135988824508219175029 ], 
  [ 2744075951 ],,,,, [ 209457881498791 ],, [ 1301290901 ],, [ 1045240751898619 ],, 
  [ 146237126963953 ],, [ 5951111147 ],,, [ 5598110009 ],, [ 68446712591 ],,, 
  [ 6287855617, 12135807709901 ],,,, [ 449084444681 ],,,, [ 83948817871 ], [ 47709496871 ],,
  , [ 640239960163 ],, [ 114225083860441 ],, [ 9585617263207 ],,,, 
  [ 48150096769, 36752495543443 ],, [ 455957100481 ],,,,,, [ 3927127437521 ],,,,,,,, 
  [ 6430407831389 ],,,, [ 1428149179 ],,,, [ 839333847631 ],,,,,,, [ 212709241039 ],,,,,,,,,
  , [ 25385109769 ], [ 127130307769, 4650370922412529 ],,,, [ 8021414543401717 ], 
  [ 51269016017 ],,, [ 30999539201 ], [ 70513042627 ], [ 26072006671 ],,,, [ 12578736080263 ]
   ,, [ 3899620961 ],,,, [ 1410373075297 ], [ 1007519239 ], [ 232642836791 ],, 
  [ 5707852206913 ],,, [ 49942050541, 65494658182831 ], [ 92457477677 ],,,,,,,, 
  [ 44045457690697 ],, [ 221835769517 ],, [ 323593683521 ], [ 11640457327 ], 
  [ 2019207945999121 ], [ 3003445103 ], [ 2799212374461449 ],,, [ 2650652071 ], 
  [ 17872239366073 ],, [ 46494620789 ],, [ 23204661401 ],, [ 4431077404093 ],,,, 
  [ 28822327843 ],,,,, [ 2359680163 ], [ 232260397074161 ], [ 112553523697 ], 
  [ 4206777481, 393510346561 ],,,, [ 112314534733 ],,, [ 25007514869, 53267703373 ],, 
  [ 154678273381 ],, [ 2286015521 ], [ 607678583292061 ],,, [ 9062603509 ],,,,, 
  [ 144868157288977 ], [ 5859032401 ],, [ 663790170613 ], [ 9316320421, 9697208242279 ],, 
  [ 1310753494681 ], [ 108004892131 ], [ 249276541231 ],, [ 21399812569 ], [ 27028774301 ],, 
  [ 28498339927 ], [ 12700799281 ],, [ 347590380061 ],, [ 1524950017, 423340963096033 ],, 
  [ 5228696719454587 ],,,,,,,, [ 2661551479 ],, [ 68762348581 ],,,, [ 258240995151553 ],, 
  [ 1827868711 ],,,,,,,, [ 1850580463 ],,,,,,,, [ 7768159501483 ],,,,,,,,,,,, 
  [ 935691601849, 938001428469811 ],, [ 27121052401, 98600249281 ], [ 44488250953 ], 
  [ 4019064857 ],, [ 695829620001097 ],,, [ 1973396071 ],,,, [ 4134137929 ],,,,,,,,, 
  [ 5324951341 ],, [ 1069249213, 144198453457 ],, [ 5922802817 ],,,, [ 632088082897933 ],,,,
  , [ 6895188133 ],,,,, [ 82231141147 ],,,,,, [ 2923730113 ], [ 1502267131 ],,,, 
  [ 4106786707 ],,, [ 1517427376263709 ],,,,, [ 141101508719 ],,,,,,,, 
  [ 1430115311, 20677331472851 ],,,,, [ 12687814593781 ],,,,,, 
  [ 65856946717, 11150160207913 ], [ 21811087097 ],,,, [ 86806403939, 1495606785097 ],,,,, 
  [ 1898408977 ],,,,,,,,,,,,,,,,,,,,,,,,,,,, [ 433967232277 ],,,,,,,,,,,,,, [ 1116129121 ],,,
  , [ 2422035277 ],,,,,,, [ 7216102513 ],,, [ 8891507533 ],,,,,, [ 11776475166193 ],,,,,,,,,,
  ,,,,,,, [ 3932389771 ],,,,,,,,,,,,, [ 77884799940448453 ],,,,,, [ 58905673201 ],,,,,, 
  [ 3565758123121, 61655968281631 ],, [ 1586049429889 ], [ 1468862394841 ],,, 
  [ 12428537437 ],, [ 1225953023 ],,,,,,,,,,,,,,,, [ 12326017197979 ],,,,,, [ 5555419381 ],,,
  , [ 7162955281 ],,, [ 1724164932911 ],,,,,,,,, [ 29351301013 ],,, [ 2030108099 ],,,,,,,,, 
  [ 423436822537 ],, [ 13256702981918881 ],,,,,,,,,,,,,,,, [ 2002046878630793 ],,,,,,,,,,,,,
  , [ 37069607129281 ],, [ 93929796127 ],,,,,,,, [ 1005172771 ],,,,,,, [ 3847008929 ],,,,,, 
  [ 1515524467 ], [ 13309601089 ],, [ 97374446567 ],,,,,,,,,,, [ 1707822497 ],,,,, 
  [ 10540857139 ],, [ 151377343349 ],,,,,,,,,,,,,,,, [ 10600827421, 11798014681 ],,,,, 
  [ 147105830461 ], [ 684669250189 ],,, [ 11164356967 ], [ 2231325301 ],,,, [ 1875211589 ],,,
  ,,,,,, [ 1662591479 ],,,,,,, [ 5006547631 ],, [ 22618819529 ], [ 9485389693963 ], 
  [ 3465002759 ],,,,,,,,,,,,, [ 10325269697 ],,,,,,, [ 16036483663 ], 
  [ 2384777711, 35457854111 ],,, [ 356344925903 ],,,,,,,,,,,,,,,,,, [ 121027652929 ],,,,,,,, 
  [ 3342890281, 281192927809 ],,,,,, [ 184744488811 ],, [ 7894124033 ],,,,,,,,, 
  [ 40725785003 ],,,,,,,,,,,,,, [ 7532150861 ],,, [ 13547019193 ],,, [ 7300810459331 ], 
  [ 52548525907 ],,,,,,,,,,,,,,,,,,,,,,,,, [ 331188363859 ],,,,,,,,,,,, [ 1490195233 ],,,,,, 
  [ 160324585111 ],,,,,,,,,,,,,,,,,,,, [ 21262509421 ],,,,,, [ 18414162301 ],,,,,,, 
  [ 10200329287 ],,,,,,, [ 310007179711 ],,, [ 421894982309 ],,,,,, [ 12865154873 ],, 
  [ 4855241077 ],,,,, [ 1232011127 ],,,,,,,,,,,,,,,,,,,,,, [ 1633033387 ],,,,, 
  [ 2056670309 ], [ 13914624781, 24267033811 ], [ 1418002984031 ],,,,,,,,,,,, 
  [ 1184604481, 1478182144303 ],,, [ 424449693851 ], [ 34797157657 ],,,,,,,,,,,,, 
  [ 1240885549 ],,,,,,,,, [ 117232928041 ],,,, [ 2984611961 ],,,,,,,,,,,,,,,,,,,,,,,,,, 
  [ 14321054257 ],,,,,,,,,,,,, [ 3475109441, 956212741699 ],,,,, [ 3464135533 ], 
  [ 4586446967 ],,,,,, [ 211006943443 ],,,,, [ 9181696897, 224296062337 ], [ 2060501171 ],,,,
  ,,,,,,,,,,, [ 2449439281 ],,,,,,,,, [ 6769563607 ],, [ 10488402080911 ], [ 500969549057 ], 
  [ 1073790551 ],,, [ 1684177441 ], [ 4804317937, 20317618507 ],,, [ 4431621349 ],,,, 
  [ 1302132001 ], [ 539013935587 ],, [ 5118289177 ],,,,, [ 8367455281 ],, [ 123184036081 ],,,
  ,, [ 3461024093 ],, [ 123000547951 ],,,,,,,,,,,, [ 1296607381 ],,,,,,,,, [ 36899158969 ],,,
  , [ 3400532294441 ], [ 65612363389 ],,,, [ 13600488331 ],,, [ 7652905543 ],,,,, 
  [ 19421549261 ],,,,,,, [ 28540769671 ], [ 11796162571 ], [ 16291362281 ],,,,,,,,,,,,, 
  [ 28451955331 ],,,,,, [ 123792458893 ], [ 307882245600101 ], [ 21782352247, 34425311951 ],,
  ,, [ 1149731839 ],,,,,,,,,,,, [ 9255134743 ], [ 66203206081 ],,,, [ 32685043051 ],,,, 
  [ 17656020757 ],,,,,,,,,,,,, [ 65011990009, 2999469995593 ],,,,,,,,,,, [ 245591185399711 ],
  ,,,,,,,,,,,,,,,,,,,,, [ 1360945249, 1386988513 ],,, [ 919733201347 ],,, [ 11582341091 ],, 
  [ 5961491257 ],,,, [ 5958293617 ],,,,,, [ 5188111261 ],,, [ 3103298071 ],,, 
  [ 52034901977 ],,,,, [ 1872579367 ],,,, [ 1716433819, 604053788637558503 ],,, 
  [ 1505422968281 ], [ 1072627781 ],,,,,,,,, [ 24830579351 ],,,,,,,, [ 4396108957 ],,,,,,, 
  [ 3454368461 ],,,,,,,,,,,,, [ 2182543273, 119291918671 ],,,, [ 81923793953 ],, 
  [ 7329868477 ],,,,,,,,,,,,,,,,,,,,,,,,,,,,,,, [ 931795169141 ],,, [ 37544651477 ],,,,,,,,,,
  ,,,,,,,,,, [ 1572857371 ],,, [ 3700340011 ],,,,,,, [ 63600401129 ],,,,,,, [ 166327978651 ],
  [ 23873564041 ],, [ 1052733503, 6649057643 ],,,,,,,,,,,,,,,,,,, [ 166834799407 ],,, 
  [ 19966795801 ],,,,,, [ 24601575961 ],,,,,,,,,,,,,,,,,,, [ 4029862751 ], [ 26100138767 ],, 
  [ 228166083713 ],, [ 46743608281 ],,, [ 2680566697, 28549023319 ],,,,,,,,,,,,,,,, 
  [ 60651358849747 ],, [ 348762770029 ],,,, [ 281026865191 ],,,,,,, [ 11240698507 ],,,,,,, 
  [ 3368370241 ],,, [ 3232654933 ],,,,,,,,,,,,, [ 51958037071 ], [ 43591043756879 ], 
  [ 93157880653 ],,,, [ 2299694309333 ],,,,,,,,,,,,,,, [ 11453940257 ],,,,,,,,,,,, 
  [ 3309014239 ],, [ 200154376381 ],,,,, [ 16675725301 ],,,,,,,,,,,,,,,,,,, [ 1368368761 ],,,
  ,,,,,,,,,,,, [ 19889577847 ], [ 89816608121 ],,,,,,,,,,, [ 1642287277, 910759046671 ], 
  [ 5880367681 ],,,,,, [ 5155870297, 1476767971537 ],, [ 1169117881 ],,,,,, [ 2764727263 ],,,
  ,,,,,,,,,,,,,,, [ 1325947393, 1656011521 ],,,, [ 7180987438117 ],,,,,, [ 1050993347 ],,,, 
  [ 1554684919 ],,,,,,,, [ 11382774113 ],,,,,,,, [ 3858160351 ], [ 1118343581 ], 
  [ 2245017473 ],, [ 24182675147 ],, [ 13590588961 ],,,,,,,,,,,, [ 44960514481 ],,,,,,,,,,,,,
  ,,,,,,,,,,,,,,,,,,,,,,,,,,,,,,, [ 1172346029 ],,,,,,,,,,,, [ 3214152649 ],,,,,,,,,,,,,, 
  [ 3234685147 ],,,, [ 5848397017, 16139882029 ],, [ 40632366337 ],,,,,,,,,,,, 
  [ 227857962841 ],,,,,,,,,,,,,,,,,,,,,,, [ 60580258339 ],,, [ 7496728777 ],,,,,,,,,,,,,, 
  [ 1600377338641 ],,,,, [ 2001871271 ],,,,,,,,,,,,,,,,, [ 1267045327 ],,,,,,,,,,,,,,, 
  [ 17045375701 ],,,,,,, [ 4934621921 ],,,,, [ 935847446761, 217814781784267 ],,,,,,,,,,,, 
  [ 14069013883 ],,,,,,,,, [ 12741870601 ],,,,,,,,,,,,,,,,,, [ 4170677323609 ],,,,,,,,,,,,,,,
  ,,,,,,,,,,, [ 4215361543 ],, [ 4365192173 ],, [ 112587242359 ],,,,,,,,,,,,,,,, 
  [ 1887632137 ],,,, [ 1091156221 ],,,,,, [ 1152703045057 ],,,,,,,,,, 
  [ 3263657701, 25816392409 ],,, [ 57932184439 ], [ 4650282229, 7439874899 ],,,,,, 
  [ 1298169629 ],,,,,,,,,,,,,,,,, [ 173571229021 ],,,,,,,,,,, [ 2937751503457 ],,,,,,,,,,,,, 
  [ 131801140381 ],,,,,,,,,,, [ 28531843489 ],,,,,,,,,,,,,,,,,,, [ 6385217217391 ],,,,,,,,, 
  [ 1326505078974781 ],,, [ 7297631983, 75540572461 ],,,,,,,,,,,,,,,,,,,,,,, 
  [ 1158143251, 58273665282251 ],, [ 1422228097, 1552871041 ],,,,,,,, [ 3427243801 ],,,,,,,,,
  ,,,,,,,,,,,,,,,,,,, [ 5930931917, 9641662337 ],,,,,,,,,, [ 2962751837 ],,,,,,,,,,,,, 
  [ 2651762473 ], [ 17878482289 ],,,,,, [ 146618719573 ],,,,,, [ 3068781497 ],,,, 
  [ 1702283180921 ],,,,,,,,,,,,,,,, [ 14508884989 ],,,,,,,,,,,,,, [ 177837330690077 ],,,,,,,,
  ,,,,,, [ 1442192033 ],,,,,, [ 8511302227 ],, [ 1118191681 ],,,,,,,,,,,,,,,,,,,,,,,,,,,, 
  [ 2551656589 ],,,,,,,,,,,,,,,,,,,,,,,,,,,,,,,,,,,,,, [ 1644757693 ],,,,,,,,,,,,,,, 
  [ 336948653161 ],,, [ 24728112553 ],,,,,,,,,, [ 44888958227 ],,,,,,,, [ 1011941568793 ],,,,
  ,,,,,, [ 3854411089 ],,,,,,,,,,, [ 1285259977 ],,, [ 9706782817 ],,,,,,,,,,,, 
  [ 15616185283 ],,, [ 1012367311, 60487277671 ],,,,,,,,, [ 1450500391, 2688849271 ],, 
  [ 31439620577 ],,,,,,,,,,,,,,,,,, [ 5092624651, 11843793551 ],,,,,,,,,,,,,,,,,,,,,, 
  [ 124827586561 ],,,,,,,,, [ 93838454503 ], [ 1368990499 ],,,,,,,,,,,,,,,, [ 95163976751 ],,
  ,,,,, [ 25981292431 ],,,,,,,,,,,,, [ 27320979239 ],,,,,,,,,,,,,,,,,,,,,, 
  [ 1292489941, 26926322681 ],,,,,,,,,,,,,,,,,,,,,,,, [ 173662357261 ],,,,,,, [ 1140088657 ],
  ,, [ 1096786278943 ],, [ 4127958361 ],, [ 142124701363 ],,,,,,,,,,,,,,,,,,,,,,,, 
  [ 6293007123983 ],,,,,, [ 1656582329, 3018375450478537 ],,,,, [ 1184318227 ],,,,,,, 
  [ 189015909461 ],,,,,,,,,, [ 7829190541 ],,,, [ 104253358441 ],,,,,, 
  [ 55227650041, 65481657121 ],,,,,, [ 16093531669, 13914306540877 ],,,,,,,, [ 2480735711 ],,
  ,,,,,,,,,,,,,,,,,,,,,,,,,,,,,,,,,,,,,, [ 65415326362669 ],,,,,,,,,,,,,,,,,,,,,,,,,,,, 
  [ 9040656901 ],,,,,,,,,,,,,,,, [ 5620808131 ],,,,,,,,,, [ 9044538301 ],,,,,,,, 
  [ 48507107177 ],,,, [ 1937759041 ],,,, [ 1842287873 ],,,,,,,,,,,, [ 84895765601 ],,,,, 
  [ 3293973061 ],,,,, [ 11325496187 ],, [ 8233195741 ],,,,,,,, [ 12647284717 ],,,, 
  [ 18347188801 ],,,,,,,, [ 3442202689 ],,,,,,,,,,,, [ 1830739681 ],,,,,,,,,,,,,, 
  [ 1164167209 ],,,,,,,,,,,,,,,,,,,,,,,, [ 59125523731 ],,,,,,,,,,,,,,,,,,,,,,,,,, 
  [ 2201138941 ],,,,,,,,,, [ 13462514773 ],,,, [ 5717183671 ],,,,,,,,,,,,,,,,,,,,,,,,,,,,,,,,
  ,,,,,,,,,,,,,,,,,, [ 15473285693 ],,,,,,,,,, [ 60090624367 ],,,,,,,,,,,,,,,, 
  [ 1398577681 ],,,,,,,,,,,,,,,,,,,,,,,,,,,,,,,, [ 1022518694221 ],,,,,,,, [ 1792894559 ],,,
  , [ 8568002881 ],,,,,,,,,,,,,,,,,, [ 3139795081, 31278656057941 ],,,,,,,,,,,,,,,, 
  [ 1376544709 ],,,,,,,,,,,,,,,,,,,,,,,,,,,,,,,,,, [ 1595378207 ],,,,,,,,,,,,,,,,,,,,,,,,,,,,
  ,,,, [ 114556365067 ],,,,,,,,,, [ 15133525217 ],,,, [ 60530756017 ],,,,,,,,,, 
  [ 1261252327 ],,,,,, [ 33876725273 ],,,,,,,,,,,,,,,, [ 11780510741 ],,,,,, [ 3600821251 ],,
  ,,,,,, [ 117832967611, 5677183274093 ],,,, [ 1041308195761 ],,,,,,,,,, [ 2263645777 ],,,,,,
  ,,,,,,,,,, [ 1520740033 ],,,,,,,, [ 4123668817 ],,,,,,,,,,,,,,,,,,,,,,,,,,,,,,,,,,,,,,,,,, 
  [ 4155698245183 ],,,,,,,,,,,,,,,,,,,,,,,,,,, [ 1016253841 ],,,,, [ 851407229171 ],,,, 
  [ 1628988703 ],,,,,,,,,,,,,,,,,,,,,,,,,,,,,,,,,,,,,,,,,,,,,,,, [ 22665589399 ],,,,,,,,,, 
  [ 1446870673 ],,,,,,,, [ 266353825321 ],, [ 5561827867 ],,,,,,,,,,,,,, [ 18573518209 ],,,,,
  , [ 20489659741 ],,,,,,,,,,,,,,,,,,,,,,,,,,,,,,,, [ 1327624615477 ],,,, [ 18711002311 ],, 
  [ 1921021321 ],,,,,,,,,,,,,,,,,, [ 3368487487 ],,,,,,,, [ 2527880111 ],,,,,,,,,,,,,,,,,,,,,
  ,,,,,,,,,,,,,,,,,,,,,,,,,,,,,,, [ 83094125599, 86369382433 ],,,,,,,,,,,,,,,,,, 
  [ 19828241413 ],,,,,,,,,,,,,,,,,,,,,,,,,,,,,, [ 6861357794371 ],,,,,,,,,,,,,,,,,, 
  [ 2495339461 ],,,,,,,,,,,,,,,,,,,,,,,, [ 94341191401 ],,,,,,,,,,,,,,,,,,,,,,,,,, 
  [ 7414756343 ],,,,,, [ 5120041601 ],,,,,,,,,,,,,,,,,,,, [ 7104454961 ],,,,,,,,,,,,,, 
  [ 28418374807 ],,,,,,,,,,,,,,,,,, [ 3373760737 ],,,,,,,,,,,,,,,,,,,,,,,,,,,,,,,,,,,,,,,,,, 
  [ 9177599287 ],,,,,,,,,,,, [ 3538633393 ],,,,,, [ 5652757489 ],,,,,, [ 290221223041 ],,,,,,
  ,,,,,,,,,,,, [ 1085502133 ],,,,,,,,,,,,,,,,,,,,,,,,,,,,,,,,,,,,,,,,,,,,,,,,,,,,,,,,,,,,,,,
  , [ 1778621261 ],,,,,,,, [ 12706389541, 2991964871197 ],,,,,,,,,,,,,,,,,,,,,,,,,,,,,,,,,,,,
  ,, [ 3222285991 ],,,,,,,,,,,,,,,,,,,,,,,,,,,,,,,,,,,,,,,,,,,,,,,,,,,,,,,,,,,,,,,,,,,,,,,,,,
  ,,,,,,,,,,,,,,,,,,,,,,,,,,,,,,,,,,,,,,,,,,,,,,,,,, [ 11532072061 ],,,,,,,,,,,,,,,,,, 
  [ 1520640001 ],, [ 10688870471 ],,,,,,,,,,,,,,,,,,,,,,,,,,,,,,,,,,,,,,,,,,,,,,,,,, 
  [ 34694743841 ],, [ 1900375723, 7985124883 ],,,,,,,,,,,,,,,,,,,,,,,, [ 846518833513 ],,,,,
  , [ 1702576657 ],,,,,,,,,,,,,,,,,,,,,,,, [ 897941948653 ],,,,,,,,,,,,,,,,,,,,,,,,,,,,,,,,,,
  ,, [ 9842394673 ],,,,,,,,,,,,,,,,,,,,,,,,,,,,,,,,,,,,,,,,,, [ 1799427901, 2308994154589 ],,
  ,,,,,,,,,, [ 736676757127 ],,,,,,,,,,,,,,,,,,,,,,,,,,,,,,,,,,,,,,,,,,,,,,,,,,,,,, 
  [ 38122413481 ],,,,,,,,,,,,,,,,,, [ 2834781409 ],,,,,,,,,,,,,,,,,,,,,,,,,,,,,,,,,,,, 
  [ 6816646747 ],,,,,,,,,,,,,,,,,,,,,,,,,, [ 9550897201 ],,,,,,,,,,,,,,,,,,,,,,,,,,,,,,,,,,,,
  ,,,,,,,,,,,,,,,,,,,,,, [ 49229845183 ],,,,,,,,,,,,,,,,,,,,,,,,,,,,,,,,,,,,,,,,,,,,,,,,,,,,,
  ,,,,,,,,,,,,,,,,,,,,,,,,,,,,,,, [ 3128092969 ],,,,,,,,,,,,,,,,,,,,,,,,,,,,,,,,,,,,,,,,,,,,,
  ,,,,,,,,,,,,,,,,,,,,, [ 10201194433, 1121204217277 ],,,,,,,,,,,,,,,,,,,,,,,,,,,,,, 
  [ 2398718857, 74782027459 ],,,,,,,,,,,,,,,,,,,,,,,,,,,,,,,,,,,,,,,,,,,,,,,,,,,,,,,,,,,, 
  [ 2253026179, 728084891377 ],,,,,,,,,,,, [ 1468320001 ],,,,,, [ 50933457217 ],,,,,, 
  [ 1557046849, 4621367287 ],,,,,, [ 942147710773 ],,,,,,,,,,,,,,,,,,,,,,,,,,,,,, 
  [ 6723797761 ],,,,,,,,,,,, [ 66766325761 ],,,,,,,,,,,,,,,,,,,,,,,,,,,,,,,,,,,,,,,,,,,,,,,,,
  ,,,,,,,,,,,,,,,,,,,,,,,,,,,,, [ 134099426581 ],,,,,,,,,,,,,,,,,,,,,,,,,,,,,,,,,,,,,,,,,,,,,
  ,,,,,,,,,,,,,,,,,,,,,,,,,,,,,,,,,,,,,,,,,,,,,,,,,,, [ 58753124653 ],,,,,,,,,,,,,,,,,,,,,,,,
  ,,,,,, [ 2034930673, 3938093287 ],,,,,,,,,,,,,,,,,,,,,,,,,,,,,,,,,,,,,,,,,,,,,,,,,,,,,,,,,,
  ,,,,,,,,,,,,,, [ 3575464537 ],,,,,,,,,,,,,,,,,, [ 1785367153 ],,,,,, [ 1142722739731 ],,,,,
  ,,,,,,, [ 5901660769 ],,,,,,,,,,,,,,,,,,,,,,,, [ 59727893509 ],,,,,,,,,,,,,,,,,,,,,,,,,,,,,
  ,,,,,,,,,,,,,,,,,,,,,,,,,,,,,,,,,,,,,,,,,,,,,,,,,,,,,,,,,,,,,,,,,,,,,,,,,,,,,,,,,,,,,,,,,,,
  ,,,,,, [ 6785511253 ],,,,,,,,,,,,,,,,,,,,,,,,,,,,,,,,,,,,,,,,,, [ 13434624919 ],,,,,,,,,,,,
  ,,,,,,,,,,,,,,,,,,,,,,,,,,,,,,,,,,,,,,,,,,,,,,,,,,,,,,,,,,,,,,,,,,,,,,,,,,,,,,,,,,,,,,,,,,,
  ,,,,,,,,,,, [ 7304534953 ],,,,,,,,,,,,,,,,,,,,,,,,,,,,,,,,,,,, [ 119426905249 ],,,,,, 
  [ 11662066912681 ],,,,,,,,,,,,,,,,,,,,,,,,,,,,,,,,,,,,,,,,,,,,,,,,,,,,,,,,,,,,,,,,,,,,,,,,,
  ,,,,, [ 211743287566273 ],,,,,,,,,,,,,,,,,,,,,,,,,,,,,,,,,,,, [ 841104896113 ],,,,,,,,,,,,,
  ,,,,,,,,,,,,,,,,,,,,,,, [ 3283753321 ],,,,,,,,,,,, [ 32637986977 ],,,,,,,,,,,,,,,,,,,,,,,,,
  ,,,,, [ 206521734589 ],,,,,,,,,,,,,,,,,, [ 2732294307601 ],,,,,,,,,,,,,,,,,,,,,,,,,,,,,,,,,
  ,,,,,,,,,,,,,,,,,,,,,,,,,,,,,,,,,,,,,,,,,,,,, [ 31148800195297 ],,,,,,,,,,,,,,,,,,,,,,,,,,,
  ,,,,,,,,,,,,,,,,,,,,,,,,,,,,,,,,,,,,,,,,,,,,,,,,,,,,,,,,, [ 335715057427 ],,,,,,,,,,,,,,,,,
  ,,,,,,,,,,,,,,,,,,,,,,,,,,,,,,,,,,,,,,,,,,,,,,,,,,,,,,,,,,,,,,,,,,,,,,,,,,,,,,,,,,,,,,,,,,,
  ,,,,,,,,,,,,,,,,,,,,,,,,,,,,,,,,,,,,,,,,,,,,,,,,,,,,,,,,,,,, [ 4130015611 ],,,,,,,,,,,,,,,,
  ,,,,,,,,,,,,,,,,,,,,,,,,,,,,,,,,,,,,,,,,,,,,,,,,,,,,,,,,,,,,,,,,,,,, [ 121543311541 ],,,,,,
  ,,,,,,,,,,,,,,,,,,,,,,,,,,,,,,,,,,,,,,,,,,,,,,,,,,,,,,,,,,,,,,,,,,,,,,,,,,,,,,,,,,,,,,,,,,,
  ,,,,,,,,,,,,,,,,,,,,,,,,,,,,,,,,,,,,,,,,,,,,,,,,,,,,,,,,,,,,,,,,,,,,,,,,,,,,,,,,,,,,,,,,,,,
  ,,,,,,,,,,,,,,,,,,,,,,,,,,,,,,,,,,,,,,,,,,,,,,,,,,,,,,,,,,,,,,,,,,,,,,,,,,,,,,,,,,,,,,,,,,,
  ,,,,,,,,,,,,,,,,,,,,,,,,,,, [ 1288844101 ],,,,,,,,,,,,,,,,,,,,,,,,,,,,,,,,,,,,,,,,,,,,,,,,,
  ,,,,,,,,,,,,,,,,,,,,,,,,,,,,,,,,,,,,,,,,,,,,,,,,,,,,,,,,,,,,,,,,,,,,,,, [ 1928394001 ],,,,,
  ,,,,,,,,,,,,,,,,,,,,,,,,,,,,,,,,,,,,,,,,,,,,,,,,,,,,,,,,,,,,,,,,,,,,,,,,,,,,,,,,,,,,,,,,,,,
  ,,,,,,,,,,,,,,,,,,,,,,,,,,,,,,,,,,,,,,,,,,,,,,,,,,,,,,,,,,,,,,,,,,,,,,,,,,,,,,,,,,,,,,,,,,,
  ,,,,,,,,,,,,,,,,,,,,,,,,,,,,,,,,,,,,,,,,,,,,,,,,,,,,,,,,,,,,,,,,,,,,,,,,,,,,,,,,,,,,,,,,,,,
  ,,,,,,,,,,,,,,,,,,,,,,,,,,,,,,,,,,,,,,,,,,,,,,,,,,,, [ 1254911224351 ],,,,,,,,,,,,,,,,,,,,,
  ,,,,,,,,,,,,,,,,,,,,,,,,,,,,,,,,,,,,,,,,,,,,,,,,,,,,,,,,,,,,,,,,,,,,,,,,,,,,,,,,,,,,,,,,,,,
  ,,,,,,,,,,,,,,,,,,,,,,,,,,,,,,,,,,,,,,,,,,,,,,,,,,,,,,,,,,,,,,,,,,,,,,,,,,,,,,,,,,,,,,,,,,,
  ,,,,,,,,,,,,,,,,,,,,,,,,,,,,,,,,,,,,, [ 1380297157471 ],,,,,,,,,,,,,,,,,,,,,,,,,,,,,,,,,,,,
  ,,,,,,,,,,,,,,,,,,,,,,,,,,,,,,,,,,,,,,,,,,,,,,,,,,,,,,,,,,,,,,,,,,,,,,,,,,,,,,,,,,,,,,,,,,,
  ,,,,,,,,,,,,,,,,,,,,,,,,,,,,,,,,,,,,,,,,,,,,,,,,,,,,,,,,,,,,,,,,,,,,,,,,,,,,,,,,,,,,,,,,,,,
  ,,,,,,,,,,,,,,,,,,,,,,,,,,,,,,,,,,,,,,,,,,,,,,,,,,,,,,,,,,,,,,,,,,,,,,,,,,,,,,,,,,,,,,,,,,,
  ,,,,,,,,,,,,,,,,,,,,,,,,,,,,,,,,,,,,,,,,,,,,,,,,,,,,,,,,,,,,,,,,,,,,,,,,,,,,,,,,,,,,,,,,,,,
  ,,,,,,,,,,,,,,,,,,,,,,,,,,,,,,,,,,,,,,,,,,,,,,,,,,,,,,,,,,,,,,,,,,,,,,,,,,,,,,,,,,,,,,,,,,,
  ,,,,,,,,,,,,,,,,,,,,,,,,,,,,,,,,,,,,,,,,,,,,,,,,,,,,,,,,,,,,,,,,,,,,,,,,,,,,,,,,,,,,,,,,,,,
  ,,,,,,,,,,,,,,,,,,,,,,,,,,,,,,,,,,,,,,,,,,,,,,,,,,,,,,,,,,,,,,,,,,,,,,,,,,,,,,,,,,,,,,,,,,,
  ,,,,,,,,,,,,,,,,,,,,,,,,,,,,,,,,,,,,,,,,,,,,,,,,,,,,,,,,,,,,,,,,,,,,,,,,,,,,,,,,,,,,,,,,,,,
  ,,,,,,,,,,,,,,,,,,,,,,,,,,,,,,,,,,,,,,,,,,,,,,,,,,,,,,,,,,,,,,,,,,,,,,,,,,,,,,,,,,,,,,,,,,,
  ,,,,,,,,,,,,,,,,,,,,,,,,,,,,,,,,,,,,,,,,,,,,,,,,,,,,,,,,,,,,,,,,,,,,,,,,,,,,,,,,,,,,,,,,,,,
  ,,,,,,,,,,,,,,,,,,,,,,,,,,,,,,,,,,,,,,,,,,,,,,,,,,,,,,,,,,,,,,,,,,,,,,,,,,,,,,,,,,,,,,,,,,,
  ,,,,,,,,,,,,,,,,,,,,,,,,,,,,,,,,,,,,,,,,,,,,,,,,,,,,,,,,,,,,,,,,,,,,,,,,,,,,,,,,,,,,,,,,,,,
  ,,,,,,,,,,,,,,,,,,,,,,,,,,,,,,,,,,,,,,,,,,,,,,,,,,,,,,,,,,,,,,,,,,,,,,,,,,,,,,,,,,,,,,,,,,,
  ,,,,,,,,,,,,,,,,,,,,,,,,,,,,,,,,,,,,,,,,,,,,,,,,,,,,,,,,,,,,,,,,,,,,,,,,,,,,,,,,,,,,,,,,,,,
  ,,,,,,,,,,,,,,,,,,,,,,,,,,,,,,,,,,,,,,,,,,,,,,,,,,,,,,,,,,,,,,,,,,,,,,,,,,,,,,,,,,,,,,,,,,,
  ,,,,,,,,,,,,,,,,,,,,,,,,,,,,,,,,,,,,,,,,,,,,,,,,,,,,,,,,,,,,,,,,,,,,,,,,,,,,,,,,,,,,,,,,,,,
  ,,,,,,,,,,,,,,,,,,,,,,,,,,,,,,,,,,,,,,,,,,,,,,,,,,,,,,,,,,,,,,,,,,,,,,,,,,,,,,,,,,,,,,,,,,,
  ,,,,,,,,,,,,,,,,,,,,,,,,,,,,,,,,,,,,,,,,,,,,,,,,,,,,,,,,,,,,,,,,,,,,,,,,,,,,,,,,,,,,,,,,,,,
  ,,,,,,,,,,,,,,,,,,,,,,,,,,,,,,,,,,,,,,,,,,,,,,,,,,,,,,,,,,,,,,,,,,,,,,,,,,,,,,,,,,,,,,,,,,,
  ,,,,,,,,,,,,,,,,,,,,,,,,,,,,,,,,,,,,,,,,,,,,,,,,,,,,,,,,,,,,,,,,,,,,,,,,,,,,,,,,,,,,,,,,,,,
  ,,,,,,,,,,,,,,,,,,,,,,,,,,,,,,,,,,,,,,,,,,,,,,,,,,,,,,,,,,,,,,,,,,,,,,,,,,,,,,,,,,,,,,,,,,,
  ,,,,,,,,,,,,,,,,,,,,,,,,,,,,,,,,,,,,,,,,,,,,,,,,,,,,,,,,,,,,,,,,,,,,,,,,,,,,,,,,,,,,,,,,,,,
  ,,,,,,,,,,,,,,,,,,,,,,,,,,,,,,,,,,,,,,,,,,,,,,,,,,,,,,,,,,,,,,,,,,,,,,,,,,,,,,,,,,,,,,,,,,,
  ,,,,,,,,,,,,,,,,,,,,,,,,,,,,,,,,,,,,,,,,,,,,,,,,,,,,,,,,,,,,,,,,,,,,,,,,,,,,,,,,,,,,,,,,,,,
  ,,,,,,,,,,,,,,,,,,,,,,,,,,,,,,,,,,,,,,,,,,,,,,,,,,,,,,,,,,,,,,,,,,,,,,,,,,,,,,,,,,,,,,,,,,,
  ,,,,,,,,,,,,,,,,,,,,,,,,,,,,,,,,,,,,,,,,,,,,,,,,,,,,,,,,,,,,,,,,,,,,,,,,,,,,,,,,,,,,,,,,,,,
  ,,,,,,,,,,,,,,,,,,,,,,,,,,,,,,,,,,,,,,,,,,,,,,,,,,,,,,,,,,,,,,,,,,,,,,,,,,,,,,,,,,,,,,,,,,,
  ,,,,,,,,,,,,,,,,,,,,,,,,,,,,,,,,,,,,,,,,,,,,,,,,,,,,,,,,,,,,,,,,,,,,,,,,,,,,,,,,,,,,,,,,,,,
  ,,,,,,,,,,,,,,,,,,,,,,,,,,,,,,,,,,,,,,,,,,,,,,,,,,,,,,,,,,,,,,,,,,,,,,,,,,,,,,,,,,,,,,,,,,,
  ,,,,,,,,,,,,,,,,,,,,,,,,,,,,,,,,,,,,,,,,,,,,,,,,,,,,,,,,,,,,,,,,,,,,,,,,,,,,,,,,,,,,,,,,,,,
  ,,,,,,,,,,,,,,,,,,,,,,,,,,,,,,,,,,,,,,,,,,,,,,,,,,,,,,,,,,,,,,,,,,,,,,,,,,,,,,,,,,,,,,,,,,,
  ,,,,,,,,,,,,,,,,,,,,,,,,,,,,,,,,,,,,,,,,,,,,,,,,,,,,,,,,,,,,,,,,,,,,,,,,,,,,,,,,,,,,,,,,,,,
  ,,,,,,,,,,,,,,,,,,,,,,,,,,,,,,,,,,,,,,,,,,,,,,,,,,,,,,,,,,,,,,,,,,,,,,,,,,,,,,,,,,,,,,,,,,,
  ,,,,,,,,,,,,,,,,,,,,,,,,,,,,,,,,,,,,,,,,,,,,,,,,,,,,,,,,,,,,,,,,,,,,,,,,,,,,,,,,,,,,,,,,,,,
  ,,,,,,,,,,,,,,,,,,,,,,,,,,,,,,,,,,,,,,,,,,,,,,,,,,,,,,,,,,,,,,,,,,,,,,,,,,,,,,,,,,,,,,,,,,,
  ,,,,,,,,,,,,,,,,,,,,,,,,,,,,,,,,,,,,,,,,,,,,,,,,,,,,,,,,,,,,,,,,,,,,,,,,,,,,,,,,,,,,,,,,,,,
  ,,,,,,,,,,,,,,,,,,,,,,,,,,,,,,,,,,,,,,,,,,,,,,,,,,,,,,,,,,,,,,,,,,,,,,,,,,,,,,,,,,,,,,,,,,,
  ,,,,,,,,,,,,,,,,,,,,,,,,,,,,,,,,,,,,,,,,,,,,,,,,,,,,,,,,,,,,,,,,,,,,,,,,,,,,,,,,,,,,,,,,,,,
  ,,,,,,,,,,,,,,,,,,,,,,,,,,,,,,,,,,,,,,,,,,,,,,,,,,,,,,,,,,,,,,,,,,,,,,,,,,,,,,,,,,,,,,,,,,,
  ,,,,,,,,,,,,,,,,,,,,,,,,,,,,,,,,,,,,,,,,,,,,,,,,,,,,,,,,,,,,,,,,,,,,,,,,,,,,,,,,,,,,,,,,,,,
  ,,,,,,,,,,,,,,,,,,,,,,,,,,,,,,,,,,,,,,,,,,,,,,,,,,,,,,,,,,,,,,,,,,,,,,,,,,,,,,,,,,,,,,,,,,,
  ,,,,,,,,,,,,,,,,,,,,,,,,,,,,,,,,,,,,,,,,,,,,,,,,,,,,,,,,,,,,,,,,,,,,,,,,,,,,,,,,,,,,,,,,,,,
  ,,,,,,,,,,,,,,,,,,,,,,,,,,,,,,,,,,,,,,,,,,,,,,,,,,,,,,,,,,,,,,,,,,,,,,,,,,,,,,,,,,,,,,,,,,,
  ,,,,,,,,,,,,,,,,,,,,,,,,,,,,,,,,,,,,,,,,,,,,,,,,,,,,,,,,,,,,,,,,,,,,,,,,,,,,,,,,,,,,,,,,,,,
  ,,,,,,,,,,,,,,,,,,,,,,,,,,,,,,,,,,,,,,,,,,,,,,,,,,,,,,,,,,,,,,,,,,,,,,,,,,,,,,,,,,,,,,,,,,,
  ,,,,,,,,,,,,,,,,,,,,,,,,,,,,,,,,,,,,,,,,,,,,,,,,,,,,,,,,,,,,,,,,,,,,,,,,,,,,,,,,,,,,,,,,,,,
  ,,,,,,,,,,,,,,,,,,,,,,,,,,,,,,,,,,,,,,,,,,,,,,,,,,,,,,,,,,,,,,,,,,,,,,,,,,,,,,,,,,,,,,,,,,,
  ,,,,,,,,,,,,,,,,,,,,,,,,,,,,,,,,,,,,,,,,,,,,,,,,,,,,,,,,,,,,,,,,,,,,,,,,,,,,,,,,,,,,,,,,,,,
  ,,,,,,,,,,,,,,,,,,,,,,,,,,,,,,,,,,,,,,,,,,,,,,,,,,,,,,,,,,,,,,,,,,,,,,,,,,,,,,,,,,,,,,,,,,,
  ,,,,,,,,,,,,,,,,,,,,,,,,,,,,,,,,,,,,,,,,,,,,,,,,,,,,,,,,,,,,,,,,,,,,,,,,,,,,,,,,,,,,,,,,,,,
  ,,,,,,,,,,,,,,,,,,,,,,,,,,,,,,,,,,,,,,,,,,,,,,,,,,,,,,,,,,,,,,,,,,,,,,,,,,,,,,,,,,,,,,,,,,,
  ,,,,,,,,,,,,,,,,,,,,,,,,,,,,,,,,,,,,,,,,,,,,,,,,,,,,,,,,,,,,,,,,,,,,,,,,,,,,,,,,,,,,,,,,,,,
  ,,,,,,,,,,,,,,,,,,,,,,,,,,,,,,,,,,,,,,,,,,,,,,,,,,,,,,,,,,,,,,,,,,,,,,,,,,,,,,,,,,,,,,,,,,,
  ,,,,,,,,,,,,,,,,,,,,,,,,,,,,,,,,,,,,,,,,,,,,,,,,,,,,,,,,,,,,,,,,,,,,,,,,,,,,,,,,,,,,,,,,,,,
  ,,,,,,,,,,,,,,,,,,,,,,,,,,,,,,,,,,,,,,,,,,,,,,,,,,,,,,,,,,,,,,,,,,,,,,,,,,,,,,,,,,,,,,,,,,,
  ,,,,,,,,,,,,,,,,,,,,,,,,,,,,,,,,,,,,,,,,,,,,,,,,,,,,,,,,,,,,,,,,,,,,,,,,,,,,,,,,,,,,,,,,,,,
  ,,,,,,,,,,,,,,,,,,,,,,,,,,,,,,,,,,,,,,,,,,,,,,,,,,,,,,,,,,,,,,,,,,,,,,,,,,,,,,,,,,,,,,,,,,,
  ,,,,,,,,,,,,,,,,,,,,,,,,,,,,,,,,,,,,,,,,,,,,,,,,,,,,,,,,,,,,,,,,,,,,,,,,,,,,,,,,,,,,,,,,,,,
  ,,,,,,,,,,,,,,,,,,,,,,,,,,,,,,,,,,,,,,,,,,,,,,,,,,,,,,,,,,,,,,,,,,,,,,,,,,,,,,,,,,,,,,,,,,,
  ,,,,,,,,,,,,,,,,,,,,,,,,,,,,,,,,,,,,,,,,,,,,,,,,,,,,,,,,,,,,,,,,,,,,,,,,,,,,,,,,,,,,,,,,,,,
  ,,,,,,,,,,,,,,,,,,,,,,,,,,,,,,,,,,,,,,,,,,,,,,,,,,,,,,,,,,,,,,,,,,,,,,,,,,,,,,,,,,,,,,,,,,,
  ,,,,,,,,,,,,,,,,,,,,,,,,,,,,,,,,,,,,,,,,,,,,,,,,,,,,,,,,,,,,,,,,,,,,,,,,,,,,,,,,,,,,,,,,,,,
  ,,,,,,,,,,,,,,,,,,,,,,,,,,,,,,,,,,,,,,,,,,,,,,,,,,,,,,,,,,,,,,,,,,,,,,,,,,,,,,,,,,,,,,,,,,,
  ,,,,,,,,,,,,,,,,,,,,,,,,,,,,,,,,,,,,,,,,,,,,,,,,,,,,,,,,,,,,,,,,,,,,,,,,,,,,,,,,,,,,,,,,,,,
  ,,,,,,,,,,,,,,,,,,,,,,,,,,,,,,,,,,,,,,,,,,,,,,,,,,,,,,,,,,,,,,,,,,,,,,,,,,,,,,,,,,,,,,,,,,,
  ,,,,,,,,,,,,,,,,,,,,,,,,,,,,,,,,,,,,,,,,,,,,,,,,,,,,,,,,,,,,,,,,,,,,,,,,,,,,,,,,,,,,,,,,,,,
  ,,,,,,,,,,,,,,,,,,,,,,,,,,,,,,,,,,,,,,,,,,,,,,,,,,,,,,,,,,,,,,,,,,,,,,,,,,,,,,,,,,,,,,,,,,,
  ,,,,,,,,,,,,,,,,,,,,,,,,,,,,,,,,,,,,,,,,,,,,,,,,,,,,,,,,,,,,,,,,,,,,,,,,,,,,,,,,,,,,,,,,,,,
  ,,,,,,,,,,,,,,,,,,,,,,,,,,,,,,,,,,,,,,,,,,,,,,,,,,,,,,,,,,,,,,,,,,,,,,,,,,,,,,,,,,,,,,,,,,,
  ,,,,,,,,,,,,,,,,,,,,,,,,,,,,,,,,,,,,,,,,,,,,,,,,,,,,,,,,,,,,,,,,,,,,,,,,,,,,,,,,,,,,,,,,,,,
  ,,,,,,,,,,,,,,,,,,,,,,,,,,,,,,,,,,,,,,,,,,,,,,,,,,,,,,,,,,,,,,,,,,,,,,,,,,,,,,,,,,,,,,,,,,,
  ,,,,,,,,,,,,,,,,,,,,,,,,,,,,,,,,,,,,,,,,,,,,,,,,,,,,,,,,,,,,,,,,,,,,,,,,,,,,,,,,,,,,,,,,,,,
  ,,,,,,,,,,,,,,,,,,,,,,,,,,,,,,,,,,,,,,,,,,,,,,,,,,,,,,,,,,,,,,,,,,,,,,,,,,,,,,,,,,,,,,,,,,,
  ,,,,,,,,,,,,,,,,,,,,,,,,,,,,,,,,,,,,,,,,,,,,,,,,,,,,,,,,,,,,,,,,,,,,,,,,,,,,,,,,,,,,,,,,,,,
  ,,,,,,,,,,,,,,,,,,,,,,,,,,,,,,,,,,,,,,,,,,,,,,,,,,,,,,,,,,,,,,,,,,,,,,,,,,,,,,,,,,,,,,,,,,,
  ,,,,,,,,,,,,,,,,,,,,,,,,,,,,,,,,,,,,,,,,,,,,,,,,,,,,,,,,,,,,,,,,,,,,,,,,,,,,,,,,,,,,,,,,,,,
  ,,,,,,,,,,,,,,,,,,,,,,,,,,,,,,,,,,,,,,,,,,,,,,,,,,,,,,,,,,,,,,,,,,,,,,,,,,,,,,,,,,,,,,,,,,,
  ,,,,,,,,,,,,,,,,,,,,,,,,,,,,,,,,,,,,,,,,,,,,,,,,,,,,,,,,,,,,,,,,,,,,,,,,,,,,,,,,,,,,,,,,,,,
  ,,,,,,,,,,,,,,,,,,,,,,,,,,,,,,,,,,,,,,,,,,,,,,,,,,,,,,,,,,,,,,,,,,,,,,,,,,,,,,,,,,,,,,,,,,,
  ,,,,,,,,,,,,,,,,,,,,,,,,,,,,,,,,,,,,,,,,,,,,,,,,,,,,,,,,,,,,,,,,,,,,,,,,,,,,,,,,,,,,,,,,,,,
  ,,,,,,,,,,,,,,,,,,,,,,,,,,,,,,,,,,,,,,,,,,,,,,,,,,,,,,,,,,,,,,,,,,,,,,,,,,,,,,,,,,,,,,,,,,,
  ,,,,,,,,,,,,,,,,,,,,,,,,,,,,,,,,,,,,,,,,,,,,,,,,,,,,,,,,,,,,,,,,,,,,,,,,,,,,,,,,,,,,,,,,,,,
  ,,,,,,,,,,,,,,,,,,,,,,,,,,,,,,,,,,,,,,,,,,,,,,,,,,,,,,,,,,,,,,,,,,,,,,,,,,,,,,,,,,,,,,,,,,,
  ,,,,,,,,,,,,,,,,,,,,,,,,,,,,,,,,,,,,,,,,,,,,,,,,,,,,,,,,,,,,,,,,,,,,,,,,,,,,,,,,,,,,,,,,,,,
  ,,,,,,,,,,,,,,,,,,,,,,,,,,,,,,,,,,,,,,,,,,,,,,,,,,,,,,,,,,,,,,,,,,,,,,,,,,,,,,,,,,,,,,,,,,,
  ,,,,,,,,,,,,,,,,,,,,,,,,,,,,,,,,,,,,,,,,,,,,,,,,,,,,,,,,,,,,,,,,,,,,,,,,,,,,,,,,,,,,,,,,,,,
  ,,,,,,,,,,,,,,,,,,,,,,,,,,,,,,,,,,,,,,,,,,,,,,,,,,,,,,,,,,,,,,,,,,,,,,,,,,,,,,,,,,,,,,,,,,,
  ,,,,,,,,,,,,,,,,,,,,,,,,,,,,,,,,,,,,,,,,,,,,,,,,,,,,,,,,,,,,,,,,,,,,,,,,,,,,,,,,,,,,,,,,,,,
  ,,,,,,,,,,,,,,,,,,,,,,,,,,,,,,,,,,,,,,,,,,,,,,,,,,,,,,,,,,,,,,,,,,,,,,,,,,,,,,,,,,,,,,,,,,,
  ,,,,,,,,,,,,,,,,,,,,,,,,,,,,,,,,,,,,,,,,,,,,,,,,,,,,,,,,,,,,,,,,,,,,,,,,,,,,,,,,,,,,,,,,,,,
  ,,,,,,,,,,,,,,,,,,,,,,,,,,,,,,,,,,,,,,,,,,,,,,,,,,,,,,,,,,,,,,,,,,,,,,,,,,,,,,,,,,,,,,,,,,,
  ,,,,,,,,,,,,,,,,,,,,,,,,,,,,,,,,,,,,,,,,,,,,,,,,,,,,,,,,,,,,,,,,,,,,,,,,,,,,,,,,,,,,,,,,,,,
  ,,,,,,,,,,,,,,,,,,,,,,,,,,,,,,,,,,,,,,,,,,,,,,,,,,,,,,,,,,,,,,,,,,,,,,,,,,,,,,,,,,,,,,,,,,,
  ,,,,,,,,,,,,,,,,,,,,,,,,,,,,,,,,,,,,,,,,,,,,,,,,,,,,,,,,,,,,,,,,,,,,,,,,,,,,,,,,,,,,,,,,,,,
  ,,,,,,,,,,,,,,,,,,,,,,,,,,,,,,,,,,,,,,,,,,,,,,,,,,,,,,,,,,,,,,,,,,,,,,,,,,,,,,,,,,,,,,,,,,,
  ,,,,,,,,,,,,,,,,,,,,,,,,,,,,,,,,,,,,,,,,,,,,,,,,,,,,,,,,,,,,,,,,,,,,,,,,,,,,,,,,,,,,,,,,,,,
  ,,,,,,,,,,,,,,,,,,,,,, [ 8853499371716609 ] ]);
