BRENTFACTORS[1376]:=MakeImmutable([ ,,,,,,,,,, [ 5175975062809 ],,,,,, 
  [ 43528817834449, 1093640012266073 ],, [ 125824606177679 ],, [ 904409954869 ],,,, 
  [ 82517505151, 7843826830001 ],, [ 441869368502899 ],, 
  [ 297054112197163, 34532821146604201, 1067934626106545167 ],, [ 64934340788509 ], 
  [ 56770917067681, 68089050878561 ], [ 368460355891 ],, [ 13370992161833816025025091 ],, 
  [ 11973287987, 1405900185270349, 339783482628238805833 ], 
  [ 179898234623, 325587474658431983 ], [ 2483655721, 5398860473332910636781847 ], 
  [ 6523674881 ],, [ 15623737358839 ],, [ 168190878316311049 ], [ 1184167810218781 ], 
  [ 16825524245753, 4102490017658859816949 ], 
  [ 2171976221, 18255624894839, 5232297121628982083216827, 
      1211570506891287645421642768937856602527 ],, [ 3948966040225710281 ], [ 5964525901 ], 
  [ 45962903911, 1231816457031161295739 ], [ 35067230329, 850839679769 ],, 
  [ 61292026510651 ], 
  [ 27217866072874613951, 8668936901475224428234194344881, 
      1869627387396236535299146670037481 ], [ 270396789209, 123049914727321 ], 
  [ 22026079889744876159960471742304272078165661 ], 
  [ 1396030146804520439, 240356114936623266232657 ], 
  [ 38411390681, 142059727057, 3543781536531101882742073 ],,, 
  [ 162082412313851, 21599541823698332341, 7980026052777671459553926249 ], 
  [ 2448764238691, 138246981431956844346815259583 ], [ 2639744484915680257 ], 
  [ 66172885670971, 73685682848260817788871 ], [ 2087874497413 ], 
  [ 4101566638873367, 109604700609352043, 15406495474260523943951, 
      135676780089110112660675143 ],, [ 40863069457552399, 48913369310075096610109 ], 
  [ 10843750891 ], [ 27353664907 ], [ 18217090602981007498729 ],, 
  [ 23086479523, 2282783805281401, 28736152624059008149426855122321221 ],, 
  [ 1931028293, 333405108397, 438808579166680521126096403249701481 ], 
  [ 537841304182594900611971 ],,, 
  [ 158640058147258455150768224561, 1120706320101047894313740896849921 ], 
  [ 622785886651, 39531368199572533, 1498076075936218056887197 ],,, [ 97383754806493 ],, 
  [ 159090215783441, 25040399182008441175717560435274263824876123690791 ],,, 
  [ 3649326764506057 ], [ 4923458875268460073891 ],, [ 622650917093 ], [ 3805427011 ], 
  [ 3446380566066313120241303, 211020992657858678789572457931423246123191 ], 
  [ 27853055048338571 ], [ 43515782732987502042913, 6338699360748369895094961280513 ], 
  [ 530353317117745133529524721271 ], 
  [ 289111037082240184286147, 3910887082901977870929847, 9969186888159556183574141 ], 
  [ 30998639739545281 ], [ 7502345080458600401 ], 
  [ 3306795551, 76123136132383119313, 47360276508646793382599 ],, 
  [ 6773818310549, 16075855960999 ], 
  [ 3201483528275272657, 62124587009912202885637551799463922698622704043889 ], 
  [ 2309138791, 3685676333851, 293739955342051, 28386780851015635764415561, 
      73605534895961720490721621151317838279352511 ], [ 28576183129604113 ], 
  [ 1214068787219218403057849210968803427 ], [ 6700853202796549 ], 
  [ 653107941387121543, 53781820600371725921014847 ], 
  [ 381772696388883911, 217150552572754060402869211 ],, [ 1060436150369, 1506205629905201 ], 
  [ 24444002823785601863 ], [ 928356339811, 381716555979793 ], 
  [ 426437517491, 7741826972184181 ],, [ 9237779980705459 ],,,,, [ 189827932910279 ], 
  [ 1745800907514253, 5484852102067017324583596456557119 ],, [ 390915183539099666166001 ], 
  [ 32300036193967669, 381979708669278464277797815321 ], 
  [ 1727936347, 114633260701, 646385580989, 16126344522203, 1460447343706787 ], 
  [ 128121108354645807568897, 1867894132154751561245057 ], 
  [ 1375846121491, 646863072853309662899991044089 ], [ 1180168471, 4749297151 ],, 
  [ 6146263597, 756145203691021, 974781042677709413322133 ], 
  [ 52955311251809, 41046558927635987114803 ], [ 1730105491, 79498702478999 ], 
  [ 11570804101, 30017278727945603371, 1970636494716164097666901 ],, 
  [ 46039491115613, 198930276910643, 1122463406829548210849, 6920542311045516952582413466801 
     ], [ 640608382291777, 170880655666822489, 149541142796095694437 ], 
  [ 106334351122902168341 ],,,, [ 4746764881, 712765460668363191951863 ], 
  [ 153460936145951621419840806539233, 1625524677148523028994981540360634064125617 ], 
  [ 1668590068531, 254464945479157800461, 3324471048488657731693391 ],, 
  [ 637207046875317266070594733 ], [ 16052867213 ],, 
  [ 6321681156280963710845133041339704351 ],, [ 1825360650649 ],,,, [ 1314098761 ],,, 
  [ 151843814680537313887353739 ], [ 337629653455766401 ], [ 19802159713834793 ],, 
  [ 15274181621057 ],,, [ 1247540163209, 106876683079414709 ], [ 37061670170220091883 ],, 
  [ 10751990591469826211371, 281595536269548789543919 ], [ 21373730696081 ], 
  [ 117262944937, 1636934115927917899, 1445431455549112335121 ], 
  [ 79592411400289362684157, 65473934954776039482952075154029 ],, [ 36333582135691 ], 
  [ 20351914801 ], [ 2153058128109199548986849 ],,,,, [ 64145822376511 ], 
  [ 1179480445586799721 ], [ 35824523391799, 963043444306155169, 52433609753957761489 ],,, 
  [ 8941587673, 20135029455764238193 ], [ 122886809579438851 ], [ 3996002538953 ], 
  [ 315390752839, 284854730030280275167 ], 
  [ 25399787757149622087851, 181555266132220049747861 ], [ 253528197312617023 ], 
  [ 7394260033, 92302302721, 13738708116109441 ],,, [ 7442009921971 ],,,, 
  [ 1238295013, 1427885099, 896956401301503757 ],,, [ 104680833497 ],, 
  [ 2541559018969, 366456518208202339669, 75435541063091919532741, 
      98802083519249050521520801 ], [ 1680393008531 ], [ 1920884502919 ],, [ 513362053777 ], 
  [ 19229302489 ],, [ 1976171441702149 ],,, [ 476860354836751 ], [ 25518259877161 ],, 
  [ 689162961122497, 14672371801040353 ], [ 74146524302626846728012629 ],, 
  [ 819896489152325295637637967961 ],, [ 1875438241 ], [ 33227926998300854681 ], 
  [ 732418700833 ], [ 71751602195551, 82475441577901 ],, [ 48261124268183 ], 
  [ 444608902938800689 ],,, [ 4734122631234708097 ], [ 14520263113 ],, 
  [ 20494800379, 114453809738893, 53009151262030420095337219 ], [ 14383312508194691 ], 
  [ 129153910355884496466980658833597 ],, [ 613550395934920803101, 1508126392669268818489 ],
  , [ 770558892241 ],, [ 1067569933, 219409869690023, 3119060810174153791 ], 
  [ 5043729122533 ], [ 2804874004661, 219768572378727701448370969 ],, 
  [ 40489288655587, 3704412099051493 ],,,, [ 240077656001 ], 
  [ 638123571989, 2299289001929411 ],, [ 7303351507 ],,,, [ 21903841898567671307 ],, 
  [ 412448104517 ], [ 60291033168601, 114986298556741 ],, 
  [ 17549024177110971059, 5858332385871128447783129 ],,,,,, [ 50260454892257 ], 
  [ 6009441180607912781 ], [ 17967890845931126433832764550922851 ], 
  [ 23973355387, 22629908769653 ], [ 2933623135827121 ], [ 2242607332536481 ], 
  [ 28880162249, 77473316197060819892803 ],,, [ 160576152101, 485879190662323 ], 
  [ 3298446580918109609 ], [ 4293115623837444979 ], [ 7883109447112420320619121 ],, 
  [ 1542893090399431, 10554627672412099 ], [ 10385411663629 ], 
  [ 4127730677233, 814998458949217 ], [ 414419686741 ], 
  [ 174955367908751, 9983904473796862253631559 ],, [ 217858379767221026218372993 ], 
  [ 3833076310884451 ],, [ 12843909487 ],,,,, [ 40616784041, 1040528691490991797778569 ], 
  [ 374301399926917, 699859162509607 ], 
  [ 11189982773681575805947, 141466988617657008751990287931 ],, [ 31884965132603701 ], 
  [ 6930603877286587 ],,, [ 25367364817 ],, [ 1072972836015733 ], 
  [ 5455846817, 1848580248439 ], [ 157690216628381020050853, 32292822037493903073099913 ],, 
  [ 212014106011 ],, [ 7957343434871497697336281 ],, [ 1143744059 ],,,, [ 11113374686839 ],, 
  [ 3685095132489381429121, 12010847349122946334721 ],,,, 
  [ 271722958993, 321487405597, 135153579148135417, 58090598095305061895437 ],,,, 
  [ 260482255608501457 ],,,,, [ 15527383741 ], 
  [ 923519285869, 1785123982723, 32175624971284184569 ],, [ 16728826129 ], [ 1743097453 ],, 
  [ 6442763101738477 ],,,,,, [ 15288807016321 ], 
  [ 6352016089, 31653820381, 52392408267919, 1959460039119991, 1529114337850696031 ],, 
  [ 4743397242448164746773 ],, [ 15724073051 ],, [ 21044234074111777 ],, 
  [ 542898040891, 141104629148449, 432012368032939, 48316336518540690662533 ],, 
  [ 14781723255529 ],, [ 151158762125361677 ],,,, [ 4310563115231, 11351981818153 ],, 
  [ 1093610488430546633, 673930473703903256933 ],, [ 11344410801649, 19592552799539059 ], 
  [ 69306465853 ],,, [ 505083472546171 ],, [ 35502485881, 72211639321 ],,, [ 3713759251 ],, 
  [ 142084186773803 ],,,,, [ 409325108499318037331 ],, [ 173130224634476554194049 ], 
  [ 1301018756506579111 ], [ 165232477310263541 ], [ 5175753481, 11809837513 ], 
  [ 1868398885849 ], [ 3453666481 ],, [ 12035636099 ],, [ 2589577609 ],, [ 34663513351 ],,, 
  [ 91811339363597999903 ],,,, 
  [ 20155304347, 240423760513, 1934227639483, 138613706064005533 ],, 
  [ 314083241369436416497 ], [ 39542270624370181, 24816926866363726432141 ],,, 
  [ 24984659352721921, 846650567745655417, 837712202397092512249 ],,,, [ 54838257261217 ], 
  [ 42327447359 ], [ 52295473813159, 162705798773707843 ], [ 519584694481, 16829491706561 ], 
  [ 2558407073 ],, [ 40618854072721, 734189247891947, 674416081392027613 ],, 
  [ 3300720781, 27408727307514001 ], [ 2959779877, 161093311855253 ], [ 246144441815821 ], 
  [ 2270258010523 ],,, [ 2290983898351, 1599082699402979983 ], [ 287808612659 ], 
  [ 8292015077, 8331705229358473 ],,,, [ 8230950890948115937729 ],,, 
  [ 9011560283161, 92650045345651 ], [ 192106658424041, 1209214423596853, 244027971717299113 
     ],,,, [ 8038299281, 340597957375771155721 ],,, [ 42408595277341 ], [ 5573699013709 ], 
  [ 29329900701121 ], [ 150673538434753158079 ],,,,, [ 1105244053 ], [ 36703639544630661641 ]
   ,,, [ 24828182316211 ],,,,, [ 125939189161, 2306053351141 ],, 
  [ 1060689843985148134868419 ],, [ 30650749125793 ], [ 14700447073247251 ],, 
  [ 88463277668569 ], [ 46199750689, 74938314452120094457 ], [ 10354951745096439517 ],,, 
  [ 45091407497, 183447277393, 45337085259859350329 ],, [ 45702115411 ],, 
  [ 295282355033, 2487532437853261 ], 
  [ 2363480719309, 38759543989300243, 750122231972124013759 ],,, [ 33215382598642237921 ], 
  [ 1823119798813 ],,, [ 149671968821, 2078709207257 ], [ 22189384381 ],, 
  [ 172815337573, 5079012658649 ], [ 6364270301953 ],, [ 273086492496091 ], 
  [ 14885686890539824865083 ],,,,,,,,, [ 5531232001 ],, [ 83755586597 ],,,,,,,,,,,, 
  [ 5162533247, 132022481579 ],, 
  [ 7125030773269, 56345905658666995151107041973, 62075098931872892689235283721 ], 
  [ 2927354299 ], [ 3148348928760589 ], [ 555897858661 ],, [ 12805959097 ],,,,,,, 
  [ 258097771537, 152899932181828129, 3743267391587633620129 ],,,, [ 5939490562250140253 ],, 
  [ 871726084713063061 ],,,, [ 42821426741 ], [ 4443423293 ],,,, [ 1017783997, 5889439903 ], 
  [ 30561302017 ],, 
  [ 70999273292221, 218545452145058767, 4513395279218709157, 15487854768286747939 ],, 
  [ 1185348996473 ],, [ 29697170801, 14769205677986722499351 ],, [ 112424313721 ],, 
  [ 138312482081, 14815823747411 ],,,, [ 81114773244488281 ],, [ 602916374514455681 ], 
  [ 10706168426713 ],,, [ 48207355741, 68762722460137 ], [ 104701750081 ],,,,, 
  [ 247894587903867061 ],, [ 131847149381377, 2839762402255637 ],, [ 249366421177852402397 ],
  ,, [ 25993778453 ], [ 6957703247396963, 27817043355975584057 ],, [ 25382504981341 ],,,,,, 
  [ 119029150403021, 5828626333716311 ],,,,,,,, 
  [ 170170227217, 79283007780048073, 196179785723732383, 64914538646375407243 ],, 
  [ 11604480550157536124653 ], [ 75194035236451 ],,, [ 49607103567601 ],,,, [ 455701442549 ],
  [ 5110332151, 6350169541 ],,, [ 168034419337409, 156384042932377217 ],, [ 61405251671221 ],
  , [ 54483516546409 ],, [ 3504885432283 ], [ 8794581181 ], 
  [ 59758426729, 42793672427295329, 17510699863424560409, 1808209481696574964833673 ],,,, 
  [ 231114444203941 ], [ 6213435373 ], [ 14540950549, 20828422065799, 1837141931159083 ], 
  [ 1591472191 ],,,, [ 4573007824309, 53410247695003, 213887506215637 ],,, 
  [ 57508250140531, 2061538982158951, 15830472514170511 ],,,,,,,,,,,,,,,,,, 
  [ 7978840239395714041, 524791750084125702697 ],, [ 44236354257551 ],,,,,, 
  [ 498705785854961 ],,,,,, [ 18130727313821 ],,,,,, [ 5566419953 ],,,,,,,, [ 4042377413621 ]
   ,, [ 2944680997702111 ],, [ 311067686401 ],,,,,, [ 568306209613913 ],,,, 
  [ 5560128520223341 ],,, [ 3651220189 ], [ 65286625913 ],,,,, [ 4653557551, 106284341011 ],,
  , [ 1923800512141, 162024582091087 ],,, [ 11362124041, 1560925244254021 ],, [ 1482890081 ],
  ,, [ 14110470421, 1476710728861, 73368638090771 ],, [ 1506752201, 5733333663041 ],,, 
  [ 1646351851, 2454995401 ],,, [ 3231556451, 15035347211, 44485151849 ],, 
  [ 2281712352758716382641 ],,, [ 168512353063 ],,, [ 1533521089 ], [ 1619069713 ],, 
  [ 1044505369 ],,,,, [ 1217687651 ],,, [ 8331353119 ], [ 22712203314907432237 ],,,, 
  [ 17155384289 ],, [ 751999810153 ],,,, [ 72072031444073 ],,, [ 3510795829 ],,,, 
  [ 129581870081 ], [ 2495393375994687673 ], [ 1295672117 ],, [ 32792270149 ],, 
  [ 2817642073 ],,, [ 28541425669, 828047891717 ],,,,,, [ 32640993001 ],,,,,,,,,,, 
  [ 19732427353 ], [ 129839871263 ],, [ 11317751873 ],,,, [ 5225407417357 ],,,,,, 
  [ 4751265829 ],,,, [ 61910953105597, 13299756394994289697 ],,,, 
  [ 26528690737, 1073305829527367 ],,,,,, [ 176348206649 ],, [ 1412097301, 8085592531 ],, 
  [ 9028431155773 ], [ 2058802177 ], [ 27326529664897 ],,,, [ 1617762691 ],,,, 
  [ 86851500721 ],,, [ 4092727651, 5177726401 ], [ 14370194581 ],, [ 2521720630040473 ],,,,,,
  ,, [ 168226098073441, 1097419960139273 ], [ 309778783939 ],,,,,,, [ 862118707573 ],,,, 
  [ 5988342706721 ],, [ 8084865101 ],,,, [ 491380193123 ],,,,,, 
  [ 19518527321, 195292977881, 10260743222201, 64921611838782761 ],,,,,,,, 
  [ 440037792377, 3304622649469 ],,, [ 1412131397 ], [ 14624159426161, 4405376657279849 ], 
  [ 6786348251671 ], [ 5885389271 ],, [ 1758923029, 282937135849 ],, 
  [ 35377685099, 249463197861511 ],,,,,, [ 17267706072137 ], [ 1746342181 ], [ 1479536717 ],,
  ,,,,,, [ 552424599553 ],, [ 11842992001 ],, [ 20031285493 ],, [ 989878345156274482801 ],,,,
  , [ 45933499441 ], [ 280560655789, 2389499961230407 ],,,, [ 173021956381 ],, 
  [ 45075299953, 29225797296529 ],, [ 15850724777359, 16681727595517739 ],,,,,, 
  [ 2371548401, 1194226772681 ],, [ 7645190809, 14434207807, 346467364635968377 ],, 
  [ 3010045765189, 20930057419708325197 ],,,, [ 332990276232673 ],, [ 357126403981 ],,,,,,, 
  [ 765440084323 ],,,,,, [ 252539232353 ],,,,, [ 1132841989 ],,,,,, [ 1649870995460977 ],,, 
  [ 597040531429 ],,,,, [ 7487149801 ],,,,,, [ 168292512169 ],, 
  [ 1397118161, 380204057776171 ],,,, [ 2677893199 ],,,, [ 237237421879 ],,,,,,,,, 
  [ 2320664011, 2330773805599 ], [ 2075418422322701, 185837389421189117 ],,,, 
  [ 26439337537 ],, [ 700338839579, 9876721787791489 ],, [ 2629910113 ],,,,, 
  [ 1061152093, 16005437449, 178646213747 ],,, 
  [ 5786347123793, 8671793429809, 592634615729573 ],,,,,,,, [ 1668864913 ],,,,, 
  [ 27726641857 ],,,,,, [ 1154971093 ],,,,, [ 2394166769 ],, [ 631155804781 ],, 
  [ 16130409133057 ],,,, [ 116387738573 ],,,, [ 72637957702305989761 ],,, [ 1971322151 ],,,, 
  [ 3088549489 ],,, [ 8118082351 ], [ 16009988101 ], [ 1773980237, 129515279969 ], 
  [ 32391229807 ],,,,,, [ 100667239549 ],,, [ 255907498807 ],,,,,,,,,,,,,,,,,, 
  [ 524504066041 ], [ 4580620753 ],,,,,, [ 4791782969 ],, [ 67456247167 ], [ 10916827421 ],,,
  ,,,,,,, [ 79719212101 ], [ 11215465092397 ],,, [ 7300565842417 ], [ 2788269313831 ],,,,,,,,
  ,,,,, [ 158201965039 ],, [ 1090364801, 1426795749714721, 595081087438519361 ],, 
  [ 1012633681687 ],,,,, [ 1284042943 ],,,,,,, [ 1624116910592863 ], [ 4122894311 ], 
  [ 37119196961569 ],,,, [ 90036005281 ], [ 12551319481 ],,,, [ 1058229611 ], 
  [ 8743622449, 572616590826067 ],,,,, [ 365322614143 ],,,,,,, [ 12619006103785351 ], 
  [ 1100099621 ],, [ 22400194681 ],,, [ 214315278421, 438146696833 ],, [ 9331831477 ],,, 
  [ 333625688873 ], [ 14324320531, 66456160291, 70438302091 ],,,,,,,, [ 63479747119 ],,,,,,,
  , [ 2593088191 ],, [ 8885845104690709 ], [ 1184830093771 ], [ 472907543431 ],,,, 
  [ 678123760513 ],, [ 22356220433 ], [ 3109059073 ],, [ 1216637291 ], [ 30106045944825601 ],
  , [ 4021988161 ],, [ 5615191159723873001 ],, [ 26280600859, 258129766073107 ],,,,,,,,,,,, 
  [ 2888217823, 1353135901062919 ],,,,, [ 1912979911, 3879786497 ], [ 11798584987681 ],,,, 
  [ 49453586201 ],, [ 5954684611 ],, [ 1278195073, 80236290289 ],,, [ 43377324901 ], 
  [ 14222956521973 ],,, [ 58668483721 ],,, [ 19125853904810263969 ],, [ 3911818957 ],,,,,,,,
  , [ 161117664079 ], [ 442486665831607 ],,,,, [ 1102672489 ],, [ 1964754904789 ],,,,, 
  [ 566418403147396563301 ],,, [ 54286614451 ],,, [ 218829638089 ],,,,,, [ 1618553287639 ], 
  [ 1110496867 ],, [ 7171191721 ],,,,,,,,,,,,,,,,,,,,,,,, [ 3312612001 ], [ 25913018591 ],,,,
  ,,,,,,,,, [ 3172179173 ], [ 4569725161 ],,,,,, [ 5752470439, 13106347857751591 ],, 
  [ 1131588514481 ],,, [ 1033191413 ],, [ 10699265849, 1416608372681, 11299754027083 ], 
  [ 7528664142847 ], [ 3188850421 ], [ 2345385409 ],,,, [ 7916368921 ],,,,,,,, 
  [ 19339743869 ],, [ 1383513751, 616014449397901 ],,,,,, [ 26108098561 ],, [ 100689390733 ],
  ,, [ 3531386701 ],,,,,,, [ 2633936257 ],,,,,,,,,,,, [ 49845690551591101 ],, 
  [ 2063641887887 ],, [ 236328551617 ],,,,,,,,,,,,,,,,, [ 450364688808343 ],, [ 6117166987 ],
  , [ 1727298571 ],,, [ 1436789377 ],,,, [ 6607079821 ],, [ 6269070809 ],,,,,,,,,,,, 
  [ 13032688859 ],, [ 33664127533 ],,,, [ 299384184577 ],,,,,,,, 
  [ 88006583521, 1205342807041 ],,,,,,, [ 10137126353 ], [ 55777531961, 71910154633 ],,,,,,,,
  ,,,,,, [ 3080727863 ], [ 1374269051 ], [ 5863437121 ],, [ 13002140183 ],,,,,,,,, 
  [ 47419008001 ],,,,,,, [ 3708297451 ],,,,,, [ 1930041649 ],,,,,,,,, [ 18135825661 ], 
  [ 2789031827 ], [ 5875828169 ], [ 1330530538047001 ], [ 3543185551 ],,,,,,,,,,,, 
  [ 1278370013 ],,, [ 2379046673 ],,,, [ 1327067921 ],,,,,,,,,, [ 20487347113501 ],,, 
  [ 35616376027 ],,,,,,,,,, [ 4642183393 ],,,,, [ 271442261760661 ],,,,,,,,,,,, 
  [ 210251145001, 406200128407321 ],,,,, [ 162356436581 ],,,,,,,, [ 29937213307 ], 
  [ 35399351293 ],, [ 3341652689 ], [ 8638238281 ],,,,,,, [ 1177243057 ],,,,,,,,,,,,,,,,,,, 
  [ 10414456963 ],,,, [ 2237329681 ],,, [ 563888570281 ], [ 5259902113 ],,,,,,,,,,,,,,,,,,,,,
  ,,,,,, [ 1215979129 ],,,,,, [ 1647830521, 153140929549 ],,,, [ 10847145889 ],,, 
  [ 2743631801 ], [ 106935299773 ],,,,,,,,,,,,,,,,,,, [ 1293023143 ], [ 3516769433 ],,, 
  [ 1851250201 ], [ 146940891589 ],, [ 1165709561671 ],, [ 79029651121 ],,,,,,, 
  [ 1650523687 ],,,, [ 4261989637 ],,,,,,, [ 1705335361 ],,, [ 31650374323 ],,, 
  [ 1441067689 ],,, [ 104733579037 ],, [ 16336727489 ],,,,,,,,,,,,,,,, 
  [ 302110331401, 426979714201 ], [ 1664273063 ],,,,,,,,,,, [ 1626492061 ],,,,,,,,,,,,,,,,,,,
  ,,,,, [ 702219022633 ],, [ 17283799691 ],,,,, [ 5903442169 ],,,,,,,,,,,,, [ 4832950097 ],,,
  ,,,,,,,,,,,, [ 1131607517 ],,, [ 10906333159 ], [ 3238092001 ], [ 299246253611 ],,,,,,,,,,
  , [ 1127183593, 75794039281 ],,,,,,, [ 4242321149471 ],,,,,,,,,,,,,,,,,,,,,,,,,, 
  [ 9065270971 ],, [ 2801156507 ], [ 1158690457 ], [ 342269133299 ],,,, [ 1277980747 ],,,,,,,
  ,,,,,,,, [ 15054820969 ],,,,,,,,,, [ 2365801111 ],,,,, [ 1870929971, 2872539097 ],,,,,,,, 
  [ 109529688871 ],, [ 5341065427 ],, [ 2134539371 ],,,,,,,,,,,,, [ 1687194793 ],,,,,,,,,,,,,
  ,,,,,,,,,, [ 7201776499 ], [ 2534612053 ],,,,,,,, [ 21808539101, 15984513547621 ],,,,,,, 
  [ 6178195782133 ],,,,,,, [ 48303315743 ],,,, [ 4908484747 ],,,,,,,,, [ 268904466839 ], 
  [ 37413061537 ],, [ 139150835741 ],,,,,, [ 13057107649 ],,,, [ 303294968461 ],,,,, 
  [ 13589992841 ],,,,,, [ 1403475811 ],,,, [ 4707493771 ],,,,,,,,,, [ 107528458771 ],,,,,,,,
  , [ 1292148163, 1309005343 ],,,, [ 96238504757 ],,,,, [ 7380397613 ],,,, [ 3201068111767 ],
  ,,,,,,,,,,,, [ 1397010361 ],,,,, [ 2270011351 ],,,,,, [ 46019160727 ],,,,,,,,,,,,,,,,,,,, 
  [ 31072144951 ], [ 1499864857 ],,,,,,,,,,,, [ 1907760289 ],,,,,,,,,,, [ 2230894271 ],,,,,,,
  ,,,, [ 1154014291 ],,,,,,, [ 16804393181 ],, [ 7424952841 ],,,,, [ 18290456881 ],,,,, 
  [ 4740666751 ],, [ 2391841279 ],,,,, [ 2096824133 ], [ 364007789029 ],,,,,,,,, 
  [ 6291520957 ],, [ 29187108161 ], [ 12509262481 ],,,,, [ 309515283551 ], [ 15798471211 ],,
  , [ 196760961967 ],,,,,,,, [ 4299154297 ],,,,,,,,,,, [ 9243968077 ],, [ 14890650301 ], 
  [ 69673206913, 117084706561 ],,,,,,,, [ 6910645561 ],, [ 2042014739 ],,, [ 54261518653 ], 
  [ 9574058041 ],,, [ 6678584131 ],,,,, [ 79228206821 ], [ 29055989527 ],,,,,,,,,,,,,,, 
  [ 48575622727 ],,,, [ 18664720982227 ],,,,,,,,,,,,,,,, [ 145216534451 ], [ 9895753051 ], 
  [ 2392477517, 24136128589 ],,,,,,,,,,,, [ 2935442897, 3046860521 ],,,, [ 9137649893 ],,,,,,
  ,,,, [ 21712657513 ],,, [ 8215730311 ],,,,,,,,,,,,,,,,,,,,,,,, [ 4276190773 ],,, 
  [ 38325084373 ],,, [ 1142960491 ], [ 4906425721 ],,,,,,,,,,,,,,,,,,,,,,,,, [ 12445726547 ],
  [ 5599157023 ],,,,, [ 168784444583 ],,,,,,,,,, [ 9123004904341 ],,,,,,,,,,,, 
  [ 422888811607 ], [ 4443074501 ],,,,,,,,,,,,,,,,, [ 524660457367 ],,,,,, [ 9057745747 ], 
  [ 72489503623 ],,,,,,,, [ 439247383849 ],,,,,,,,,,,,,,,, [ 1158869471, 5011882349 ],,,,,,,,
  ,,, [ 1447380199 ], [ 72964314091 ],, [ 954664638517 ],,,,,,,,,,,,,,,,,, 
  [ 13308244921, 329281963831 ],,,,,,,,,,,,, [ 162287932997 ],,,,,,,,,,, [ 20805196051 ],,, 
  [ 57938040343 ],,, [ 56471745241 ],,,,,,,,,,, [ 7877365147 ],,, [ 364050967871 ],,,,,, 
  [ 129239292641 ], [ 1260923593, 4088485148479 ], [ 6714427387573 ],, [ 637555805353 ],,, 
  [ 1207284307 ],,,,, [ 1776803477 ],,, [ 1019746421 ], [ 1084007809 ],,,,,, [ 6912915913 ],,
  ,,,,,, [ 34934433511 ],,,,,,,,,,,,,,, [ 37555698601 ],,,,, [ 14762916851 ],,,,,,,,,,,,,,, 
  [ 1485236551 ],,, [ 11247565057 ],,,, [ 145856926337 ], [ 9189916663 ],,,,,,, 
  [ 14224337921 ],, [ 18556471207 ],,,, [ 20034697130939 ],,,,, [ 28222535461 ], 
  [ 5042948693 ],,,,,,,,,,,,,, [ 1697204731 ],,,,,,,,,,,,,,, [ 23794405777 ],,,,, 
  [ 12582844279 ],,,, [ 35383203631 ],, [ 25396512569 ],,,,,, [ 1101434489 ],,,,,,,,,,,,,,,,
  , [ 9767482657631 ], [ 1401432037 ],,,,,,, [ 1184159149 ],,,,,, [ 159400947193 ],,,,,,,,,,,
  ,,,,,,,,,,,,,,, [ 44763070151 ],,,,,,, [ 483556661281 ],,,,,,,, [ 218456207341 ],,,,,,,, 
  [ 1704242963, 251835423659 ],,,,,,,,,,,,,,,,,,,,,,, [ 1667362755889 ],,, [ 3047385109 ],,, 
  [ 33438321289 ],,,,, [ 1735355473 ],, [ 9291767943581 ],,,,,,,,,,, 
  [ 4214349091, 8811719011 ],,,,,,,,,,,,,,,,,,,,,,,,,,,,,, [ 2981415601 ],,,,,,, 
  [ 1492935263 ],,,,,,,,,,,,,,,,,, [ 16480819601 ],,,,,,,,,,,,,, [ 1306050504907 ],,,, 
  [ 56186495741 ],,,,,,,,,,,,,, [ 25559745889 ],,,,,,,,,,,,,,,, [ 7498086241 ],,,,,,,, 
  [ 2378219761 ],,,,,,,,,,,, [ 43197325573 ],,, [ 2491270057, 7466609701 ],,,,, 
  [ 2473785649 ],,,,,,,,,,,, [ 1565972996297 ],,,,,,,,,,,,,,,,,,,,,,,,,,,,,,,,,,,,,,,,,,,, 
  [ 1532307181, 1025427678949 ],, [ 17439402601 ],,,,,,,,,,,,,,,,,,,,,,,,,,,,,,,,,,,,,,, 
  [ 1863755863 ],,,,,,,,,,,,,,,,,,,,,,,,,,,,, [ 1620521629, 2183807903 ],,,,,,,,,,,,,,,,,, 
  [ 15289900621 ], [ 3564683329 ],,, [ 2363026177 ],, [ 900004645544233 ],,,,,,,,,,,,,,,,,,,,
  ,,,,,, [ 1370341897 ],,,,,, [ 2587419671 ],,,, [ 5672012057 ],,,,,,,, [ 1250076371 ],,,,, 
  [ 3326522701 ],,,,,,,,, [ 18570635989 ],,,,,,,, [ 1728709373 ],,,,,, [ 7302961871 ],, 
  [ 1031249101 ],, [ 28430214649 ],,, [ 31453108239601 ],,,,,,,,,,,,,,,,,,,,,,,,, 
  [ 41418613921 ],,,, [ 8352338783 ],,,,,,,,,,,,,,,,,,,, [ 1655928851, 18128103871 ],,,,,,,,,
  ,,,,,,,,,,,,,,,,,,,,,,,,,,,,,,,,,,,,,,, [ 1213778939 ],,,,,,,,,,,,,,,, 
  [ 6926452163, 15629471543737 ],,,,,,, [ 14358422401 ],,,,,,,,,,,,,,,,,,,,,,, 
  [ 46250964593, 8171880761969 ],,,,,, [ 39959601593 ],,,,,,,,,,,, [ 14113685869 ],,,,,,,,,,,
  , [ 2158215533 ],, [ 2407477361 ],,,,, [ 5732942581 ],,,,, [ 49971856061 ],,,,,,,, 
  [ 93502089403 ],,,,,,,,,,,,,,,, [ 36561850817 ],,,,,,, [ 1441652743 ],,,,,,,,, 
  [ 5812470687691 ],,,,,, [ 136014684769 ],,, [ 5649327559 ],,,,,,,,,,, [ 19299819001 ],, 
  [ 217022645498369 ],,,,,,,,,,,,,,,,,,,,,,,,,,,,,,,, [ 14111598097 ],,,,,,,,,,,,,,,,,,,,,,,,
  ,,,, [ 3098437201 ],, [ 1846434589, 4318478674189 ],, [ 131781611081 ], [ 9837093411643 ],,
  ,,,,,,,,,,,,,,,,,,,,,,, [ 9873972467 ],,,,,,,,,,,, [ 28188332327 ],,,,,, [ 1960837699081 ],
  ,,,,,,,,, [ 57380731981 ],,,,,,,,,,,,,,,,,,,, [ 5025861751 ],,,,,,,,,,,,,,,, 
  [ 13914763559 ],,,,,, [ 3080368177 ],,,,,,,,,,,,,,,,,, [ 29803246381 ],,,,,,,,,,,,,,,,,,,,,
  ,,,,, [ 1383717833, 3766433413 ],,,, [ 50474018201 ],,,,,,,,,, [ 7032796471 ],,,,,,,,,, 
  [ 1018203072281 ],,,,,, [ 44739760781 ],,,,, [ 1174041541 ],,,,,,,,,,,,,,,,,,,,,,,,,,,,,,,,
  ,,,, [ 7728426109, 10572139189 ],,,,,,,,,,,,,,,,,,,,,,,,,,,,,,,,,,,,,,,,,,,,,,,,,,,,,,,,,,,
  ,,,,,,,,,,,,,, [ 1176093101 ],,,,,,,,,,,, [ 2284271903489 ],,,,,, [ 1698865741 ],,,,,,,,,,,
  ,,,,,,,,,,,,,,,,,,,,, [ 12254973751 ],,,,,,,,,,,,,,, [ 30377985331 ],,,,, [ 1122245818721 ]
   ,,,,,,,, [ 498760608888967 ],,,,,,,,,, [ 360728005049 ],, [ 55515222641 ],,,, 
  [ 1821279349 ],,,,,,,,,, [ 8192956297 ],,,,,,,,,,,,,,,, [ 2724103121 ],,,,,,,,,, 
  [ 32898071886151 ],,,,,,,,,,,, [ 3397265449 ],, [ 16316373097 ],, [ 4410431269 ],,,,,,,,,, 
  [ 13200291291793 ],,,,,,,,,,,,,,,,,,,,,,,,,,,,,,,,,,,,,,,,,, [ 207179292497 ],,,,,,,,,,,,,,
  ,,, [ 1462583779471 ], [ 3100532161 ],,,,,,,,,,,,,,,,,,,, [ 50197390273 ],,,,,,,,,,,,,,,,,,
  ,, [ 19137933289 ],,,,,, [ 583741309621 ],,,,,, [ 5033507334913 ],,,,,,,,,,,,,,,,,,,,,,,, 
  [ 37244797129 ],,,,,,,,,, [ 21622625911 ],, [ 40662217597 ],, [ 132996696251 ],,,,,,,,,,,,,
  ,,,,, [ 5971052641 ],,,, [ 3143821777 ],,,,,,,,,,,, [ 68676077161 ],,,,,, [ 13864618363 ],,
  ,,,,,,,, [ 102898598713 ],,,, [ 2173679341 ],,,,,,,,,,,,,,,,,, [ 302461858949 ],,,, 
  [ 8718638557877 ],,,,,,,,,, [ 25487987713 ],,,,,,,,,,,,,,,,,, [ 3444286946311 ],,,, 
  [ 304927145777 ],,,, [ 1371858167 ],, [ 1222210361 ],, [ 1445976991, 116957467243 ],,,,,,,,
  ,,,, [ 4787750761 ],,,,,,,, [ 1071153242513 ],,,, [ 9660080497 ],,,, [ 1192983901 ],,,,,,,
  , [ 29659687597 ],,,,,,,,,,,,,, [ 1083234769 ],,,,,,,,,,,,,, [ 540695720111 ],,,,,,,,,,,,,,
  ,,,, [ 3842031397, 6707629141 ],,,,,,,, [ 2530337941 ],,,,,,,, [ 1379163521 ],,,,,, 
  [ 1407828511 ],,,,,,,,,,,, [ 38867257417 ],, [ 3830835761 ],,,,,,,,,,,,,,,,,, 
  [ 31977511873 ],, [ 1825456861 ],,,,,,,,,,,,,,,,,, [ 3460127683 ],,,,,,,,,,,,,,,,,, 
  [ 21544573177 ],,,, [ 38968848901 ],,,,, [ 51117156721 ],,,,,,, [ 29372563529 ],, 
  [ 400304683687 ],,,,,,,,,,,,,,,,,,,,,,,,,,,,,,,,,,,,,, [ 405249048577 ],,,,,,,,,,,,,,,,,,,,
  ,,,, [ 38578584073 ],,,,,,,,,,,, [ 9533737393 ],,,,,,,,,,,,,,,,,,,,,,,,,,,,,,,,,,,,,,,,,, 
  [ 9049781201 ],,,,,,,,,, [ 7349052481 ],,,,,,,,,, [ 60517877351 ],,,,,,,,,,,,,,,,,,,, 
  [ 79551354818311 ],, [ 1879563713 ],,,,,,,,,,,,,,,,,,,,,, [ 2061236017 ],,,,,,,,,,,, 
  [ 7707828421 ],,,,,,,,,,,,,,,,,, [ 1252663933 ],,,,,,,,,,,, [ 1807559713, 2537225209 ],,,,,
  , [ 1226612521 ],,,,,,,,,,,, [ 4892257459 ],,,,,,,,,,,,,,,,,,,,,,,,,,,,,,,,,, 
  [ 17846705209 ],,,,,,,,,,,,,,,,,,,, [ 2434871809 ],,,,,,,,,,,,,,,,,,,,,,,,,,,, 
  [ 36628641941, 50107909297 ],,,,,,,,,,,,,,,,,,,,,,,,,,,, [ 8143227401 ],,,,,,,,,,,,,,,,,,,,
  ,, [ 26858488471 ],,,,,,,,,,,,,,,,,,,,,,,,,,,,,,,,,,,,,,,,,,,,,,,,,,,,,,,,,,,, 
  [ 151236904519 ],,,,,,,,,,,,,,,,,,,,,,,,,,,,,, [ 3284297593 ],,,,,,,,,,,,,,,,,, 
  [ 17084857201 ],,,,,,,,,,,,,,,,,, [ 14355832081 ],,,,,,,,,,,,,,,,,,,,,,,,,,,,,, 
  [ 373679175943 ],,,,,, [ 14119455793, 242900342689 ],, [ 4211584801 ],,,,,,,,,,,,,,,,,,,, 
  [ 186156621731 ],,,,,,,,,,,,,,,,,,,,,,,,,, [ 2874187009 ],,,,,,,,,,,,,,,,,,,,,,,,,,,,,,,,,,
  ,,,,,,,,,,,,,,,,,,,,,,,,,,,,,,,,,,,,,,,,,,,, [ 290563735663 ],,,,,,,,,, [ 18097696457 ],,,,
  ,,,,,,,,,,,,,,,,,,,,,,,,,,,,,,,, [ 90082971301 ],, [ 1639728199 ],,,,,,,,,,,,,,,,,,,,,,,, 
  [ 225764953021 ],,,, [ 1312843451, 52375615451 ],,,,,,,,,,,,,,,,,,,,,,,,,,,,,,,,,,,,,,,,,,,
  , [ 9070641289 ],,,,,,,,,,,,,,,,,,,,,,,,,, [ 14011852801 ],,,,,,,,,, [ 778485061621 ],,,,,,
  ,, [ 2711224979 ],,,,,,,,,, [ 24310704133 ],,,, [ 4333428936481 ],,,,,,,,,,,,,,,,,, 
  [ 3724276711 ],,,,,,,,,,,,,,,,,,,,,,,,,,,,,,,, [ 292628709433 ],,,,,,,, [ 1050799691 ],,,,,
  ,,,,,,,,,,,,,,,,, [ 10085360161 ],,,,,,,,,,,,,,,,,,,,,,,,,,,, [ 3859231486741 ],,,,,,,,,,,,
  ,,,,,,,,,,,,,,,,,,,,,,,,,,,,,,,,,,,,,,,,,,,,,,,,,,,,,,,,,, [ 182659952801 ],, 
  [ 6601634513 ],,,,,,,,,,,,,,,,,, [ 3512221501 ],,,,,,,,,,,,,, [ 134551369873 ],,,,,,,,,,,,,
  ,,,,,,,,,,, [ 13132474129 ],,,,,,,,,,,,,,,,,,,,,,,, [ 1476842797 ],,,,,,,, [ 73534917761 ],
  ,,, [ 1135454737 ],,,,,, [ 18303644911 ],,,,,, [ 45090592597 ],,,,,, [ 146634396133 ],,,,,,
  ,,,,,,,,,,,,,,,,,,,,,, [ 12848264201 ],,,,,,,,,,,,,, 
  [ 2550772921, 17807249953, 54716302897 ],,,,,,,,,,,,,,,,,,,,,,,,,,,,,, [ 251623416757 ],,,,
  ,,,,,,,,,,,,,,,,,,,,,,,,,,,,,,,, [ 4599296101 ],,,,,,,,,,,, [ 89948163421 ],,,,,,,,,,,,,,,,
  ,, [ 2379245041, 9440071021 ],,,,,,,,,, [ 1240314791 ],,,,,,,,,, 
  [ 7369219201, 131346280801 ],,,,,,,,,,,,,,,, [ 44769134593 ],,,,,, [ 58711027884109 ],,,,,,
  ,,,,,,,,,,,,,,,,,,,,,,,,,,,,,,,,,,,,,,,,,,,,,,,, [ 1003959529 ],,,,,,,,,,,,,,,,,,,,,,,,,,,,
  ,,,,,,,,,,,,,,,,,,,, [ 85804591681 ],,,,,,,,,,,,,,,,,,,,,,,,,,,,,,,,,,,,,,,,,,,,,,,,,,,,,,,
  ,,,,,,,,,,,,,,,,,,,,,,,,,,,,,,,,,,,,,,,,,,,,,,,,,,, [ 1343657591 ],,,,,,,,,,,,,,,,,,,,,,,,,
  ,,,,,,, [ 152676428959 ],,,,,,,,,,,,,,,,,, [ 17016226081 ],,,,,,,,,,,,,,,,,, 
  [ 2033948893 ],,,,,,,,,,,, [ 20112090511 ],,,,,, [ 10580132989 ],,,,,, [ 3087600517 ],,,,,,
  ,,,,,,,,,,,,,,,,,,,,,,,,,,,,,,,,,,,,,,,,,, [ 8188326631 ],,,,,,,,,, [ 68101083181 ],,,,,,,,
  ,,,,,, [ 4468029499 ],,,,,,,,,,,,,,,,,,,,,,,,,,,,,,,,,,,,,,,,,,,,,,,,,,,,,,,,,,,, 
  [ 4689543427 ],,,,,,,,,,,,,,,,,,,,,,,,,,,,,,,,,,,,,,,,,, 
  [ 3104528209, 13096756129, 66854045617 ],,,,,,,,,,,,,,,,,,,,,,,, [ 1414221841 ],,,,,,,,,,,,
  ,,,,,,,,,,,, [ 1635003598849 ],,,,,,,,,,,,,,,,,,,,,,,,,,,,,, [ 1188760483 ],,,,,,,,,,,, 
  [ 5564198083099 ],,,,,, [ 64830512449 ],,,,,,,,,,,,,,,,,,,,,,,,,,,,,,,,,,,,,,,,,,,,,,,, 
  [ 9362258362081 ],,,,,, [ 592615077211 ],,,,,,,,,,,,,,,,,,,,,,,,,,,,,, [ 4788387169 ],,,,,
  , [ 20219578147 ],,,,,,,,,,,,,,,,,,,,,,,,,,,,,,,,,,,,,,,,,,,,,,,,,,,,,,,,,,,,,,,,,,,,,,,,,,
  ,,,,,,,, [ 643555522501 ],,,,,,,,,,,,,,,,,,,,,,,,,,,,,,,,,,,,,,,,,,,,,,,,,, [ 9830866081 ],
  ,,,,,,,,,,,,,,,,,,,,,,, [ 7830777607 ],,,,,,,,,,,,,,,,,,,,,,,,,,,,,,,,,,,, [ 4650623797 ],,
  ,,,,,,,,,,,,,,,,,,,,,,,,,,,,,,,,,,,,,,,,,,,,,,,,,,,,,,,,,,,,,,,,,,,,,,,,,,,,,,,,,,,,,,,,,,,
  ,,, [ 352083060991 ],,,,,,,,,,,, [ 2247377827 ],,,,,,,,,,,, [ 21627852966763 ],,,,,,,,,,,, 
  [ 37654569937 ],,,,,,,,,,,,,,,,,, [ 2268408673 ],,,,,,,,,,,,,,,,,,,,,,,,,,,,,,,,,,,,,,,,,,,
  ,,,,,,,,,,,,,,,,,,,,,,,,,,,,,,,,,,,,,,,,,,,,,,,,,,,,,,,,,,,,,,,,,,,,,,,,,,,,,,,,,,,,,,,,,,,
  ,,,,,,,,,,,,,,,,,,,,,,,,,,,,,,,,,,,,,,,,,,,,,,,,,,,,,,,,,,,,,,,,,,,,,,,,,,,,,,,,,,,,,,,,,,,
  ,,,,,,,,,,,,,,,,,,,,,,,,,,,,,,,,,,,,,,,,,,,,,,,,,,,,,,,,,,,,,,,,,,,,,,,,,,,,,,,,,,,,,,,,,,,
  ,, [ 6127321591 ],,,,,,,,,,,,,,,,,,,,,,,,,,,,,,,,,,,,,,,,,,,,,,,, [ 16309087355311 ],,,,,,,
  ,,,,,,,,,,,,,,,,,,,,,,,,,,,,,,,,,,,,,,,,, [ 133789346623 ],,,,,,,,,,,,,,,,,, 
  [ 1631848177 ],,,,,,,,,,,,,,,,,,,,,,,,,,,,,,,,,,,,,,,,,,,,,,,,,,,,,, [ 50929228621 ],,,,,,,
  ,,,,,,,,,,,,,,,,,,,,,,,,,,,,,,,,,,,,,,,,,,,,,,,,,,,,,,,,,,,,,,,,,,,,,,,,,,,,,,,,,,,,,,,,,,,
  ,,,,,,,,,,,,,,,,,,,,,,,,,,,,,,,,,,,,,,,,,,,,,,,,,,,,,,,,,,,,,,,,,,,,,,,,,,,,,,,,,,,,,,,,,,,
  ,,,,,,,,,,,,,,,,,,,,,,,,,,,,,,,,,,,,,,,,,,,,,,,,,,, [ 4755352641901 ],,,,,,,,,,,,,,,,,,,,,,
  ,,,,,,,, [ 1705222801, 18715938301 ],,,,,,,,,,,,,,,, [ 7821292189 ],,,,,,,,,,,,,,,,,,,,,,,,
  ,,,,,,,,,,,,,,,,,,,,,,,,,,,,,,,,,,,,,,,,,,,,,,,,,,,,,,,,,,,,,,,,,,,,,,,,,,,,,,,,,,,,,,,,,,,
  ,,,,,,,,,,,,,,,,,,,,,,,,,,,,,,,,,,,,,,,,,,,,,,,,, [ 103615031521 ],,,,,,,,,,,,,,,,,,,,,,,,,
  ,,,,,,,,,,,,,,,,,,,,,,,,,,,,,,,,,,, [ 2840050201 ],,,,,,,,,,,,,,,,,,,,,,,,,,,,,,,,,,,,,,,,,
  ,,,,,,,,,,,,,,,,,,,,,,,,,,,,,,,,,,,,,,,,,,,,,,,,, [ 1310939011 ],,,,,,,,,,,, 
  [ 1794507859 ],,,,,,,,,,,,,,,,,,,,,,,,,,,,,,,,,,,,,,,,,,,,,,,, [ 13333320001, 18951146551 ]
   ,,,,,,,,,,,,,,,,,,,,,,,,,,,,,, [ 7679989201, 2087546362201 ],,,,,,,,,,,,,,,,,,,,,,,,,,,,,,
  ,,,,,,,,,,,,,,,,,,,,,,,,,,,,,,,,,,,,,,,,,,,,,,,,,,,,,,,,,,,,,,,,,,,,,,,,,,,,,,,,,,,,,,,,,,,
  ,,,,,,,,,,,,,,,,,,,,,,,,,,,,,,,,,,,,,,,,,,,,,,,,,,,,,,,,,,,,,,,,,,,,,,,,,,,,,,,,,,,,,,,,,,,
  ,,,,,,,,,,,,,,,,,,,,,,,,,,,,,,,,,,,,,,,,,,,,,,,,,,,,,,,,,,,,,,,,,,,,,,,,,,,,,,,,,,,,,,,,,,,
  ,,,,,,,,,,,,,,,,,,,,,,,,,,,,,,,,,,,,,,,,,,,,,,,,,,,,,,,,,,,,,,,,,,,,,,,,,,,,,,,,,,,,,,,,,,,
  ,,,,,,,,,,,,,,,,,,,,,,,,,,,,,,,,,,,,,,,,,,,,,,,,,,,,,,,, [ 26417787001 ],,,,,,,,,,,,,,,,,,,
  ,,,,,,,,,,, [ 1419283081 ],,,,,,,,,,,,,,,,,,,,,,,,,,,,,,,,,,,,,,,,,,,,,,,,,,,,,,,,,,,,,,,,,
  ,,,,,,,,,,,,,,,,,,,,,,,,,,,,,,,,,,,,,,,,,,,,,,,,,,,,,,,,,,,,,,,,,,,,,,,,,,,,,,,,,,,,,,,,,,,
  ,,,,,,,,,,,,,,,,,,,,,,,,,,,,,,,,,,,,,,,,,,,,,,,,,,,,,,,,,,,,,,,,,,,,,,,,,,,,,,,,,,,,,,,,,,,
  ,,,,,,,,,,,,,,,,,,,,,,,,,,,,,,,,,,,,,,,,,,,,,,,,,,,,,,,,,,,,,,,,,,,,,,,,,,,,,,,,,,,,,,,,,,,
  ,,,,,,,,,,,,,,,,,,,,,,,,,,,,,,,,,,,,,,,,,,,,,,,,,,,,,,,,,,,,,,,,,,,,,,,,,,,,,,,,,,,,,,,,,,,
  ,,,,,,,,,,,,,,,,,,,,,,,,,,,,,,,,,,,,,,,,,,,,,,,,,,,,,,,,,,,,,,,,,,,,,,,,,,,,,,,,,,,,,,,,,,,
  ,,,,,,,,,,,,,,,,,,,, [ 1945656721 ],,,,,,,,,,,,,,,,,,,,,,,,,,,,,,,,,,,,,,,,,,,,,,,,,,,,,,,,
  ,,,,,,,,,,,,,,,,,,,,,,,,,,,,,,,,,,,,,,,,,,,,,,,,,,,,,,,,,,,,,,,,,,,,,,,,,,,,,,,,,,,,,,,,,,,
  ,,,,,,,,,,,,,,,,,,,,,,,,,,,,,,,,,,,,,,,,,,,,,,,,,,,,,,,,,,,,,,,,,,,,,,,,,,,,,,,,,,,,,,,,,,,
  ,,,,,,,,,,,,,,,,,,,,,,,,,,,,,,,,,,,,,,,,,,,,,,,,,,,,,,,,,,,,,,,,,,,,,,,,,,,,,,,,,,,,,,,,,,,
  ,,,,,,,,,,,,,,,,,,,,,,,,,,,,,,,,,,,,,,,,,,,,,,,,,,,,,,,,,,,,,,,,,,,,,,,,,,,,,,,,,,,,,,,,,,,
  ,,,,,,,,,,,,,,,,,,,,,,,,,,,,,,,,,,,,,,,,,,,,,,,,,,,,,,,,,,,,,,,,,,,,,,,,,,,,,,,,,,,,,,,,,,,
  ,,,,,,,,,,,,,,,,,,,,,,,,,,,,,,,,,,,,,,,,,,,,,,,,,,,,,,,,,,,,,,,,,,,,,,,,,,,,,,,,,,,,,,,,,,,
  ,,,,,,,,,,,,,,,,,,,,,,,,,,,,,,,,,,,,,,,,,,,,,,,,,,,,,,,,,,,,,,,,,,,,,,,,,,,,,,,,,,,,,,,,,,,
  ,,,,,,,,,,,,,,,,,,,,,,,,,,,,,,,,,,,,,,,,,,,,,,,,,,,,,,,,,,,,,,,,,,,,,,,,,,,,,,,,,,,,,,,,,,,
  ,,,,,,,,,,,,,,,,,,,,,,,,,,,,,,,,,,,,,,,,,,,,,,,,,,,,,,,,,,,,,,,,,,,,,,,,,,,,,,,,,,,,,,,,,,,
  ,,,,,,,,,,,,,,,,,,,,,,,,,,,,,,,,,,,,,,,,,,,,,,,,,,,,,,,,,,,,,,,,,,,,,,,,,,,,,,,,,,,,,,,,,,,
  ,,,,,,,,,,,,,,,,,,,,,,,,,,,,,,,,,,,,,,,,,,,,,,,,,,,,,,,,,,,,,,,,,,,,,,,,,,,,,,,,,,,,,,,,,,,
  ,,,,,,,,,,,,,,,,,,,,,,,,,,,,,,,,,,,,,,,,,,,,,,,,,,,,,,,,,,,,,,,,,,,,,,,,,,,,,,,,,,,,,,,,,,,
  ,,,,,,,,,,,,,,,,,,,,,,,,,,,,,,,,,,,,,,,,,,,,,,,,,,,,,,,,,,,,,,,,,,,,,,,,,,,,,,,,,,,,,,,,,,,
  ,,,,,,,,,,,,,,,,,,,,,,,,,,,,,,,,,,,,,,,,,,,,,,,,,,,,,,,,,,,,,,,,,,,,,,,,,,,,,,,,,,,,,,,,,,,
  ,,,,,,,,,,,,,,,,,,,,,,,,,,,,,,,,,,,,,,,,,,,,,,,,,,,,,,,,,,,,,,,,,,,,,,,,,,,,,,,,,,,,,,,,,,,
  ,,,,,,,,,,,,,,,,,,,,,,,,,,,,,,,,,,,,,,,,,,,,,,,,,,,,,,,,,,,,,,,,,,,,,,,,,,,,,,,,,,,,,,,,,,,
  ,,,,,,,,,,,,,,,,,,,,,,,,,,,,,,,,,,,,,,,,,,,,,,,,,,,,,,,,,,,,,,,,,,,,,,,,,,,,,,,,,,,,,,,,,,,
  ,,,,,,,,,,,,,,,,,,,,,,,,,,,,,,,,,,,,,,,,,,,,,,,,,,,,,,,,,,,,,,,,,,,,,,,,,,,,,,,,,,,,,,,,,,,
  ,,,,,,,,,,,,,,,,,,,,,,,,,,,,,,,,,,,,,,,,,,,,,,,,,,,,,,,,,,,,,,,,,,,,,,,,,,,,,,,,,,,,,,,,,,,
  ,,,,,,,,,,,,,,,,,,,,,,,,,,,,,,,,,,,,,,,,,,,,,,,,,,,,,,,,,,,,,,,,,,,,,,,,,,,,,,,,,,,,,,,,,,,
  ,,,,,,,,,,,,,,,,,,,,,,,,,,,,,,,,,,,,,,,,,,,,,,,,,,,,,,,,,,,,,,,,,,,,,,,,,,,,,,,,,,,,,,,,,,,
  ,,,,,,,,,,,,,,,,,,,,,,,,,,,,,,,,,,,,,,,,,,,,,,,,,,,,,,,,,,,,,,,,,,,,,,,,,,,,,,,,,,,,,,,,,,,
  ,,,,,,,,,,,,,,,,,,,,,,,,,,,,,,,,,,,,,,,,,,,,,,,,,,,,,,,,,,,,,,,,,,,,,,,,,,,,,,,,,,,,,,,,,,,
  ,,,,,,,,,,,,,,,,,,,,,,,,,,,,,,,,,,,,,,,,,,,,,,,,,,,,,,,,,,,,,,,,,,,,,,,,,,,,,,,,,,,,,,,,,,,
  ,,,,,,,,,,,,,,,,,,,,,,,,,,,,,,,,,,,,,,,,,,,,,,,,,,,,,,,,,,,,,,,,,,,,,,,,,,,,,,,,,,,,,,,,,,,
  ,,,,,,,,,,,,,,,,,,,,,,,,,,,,,,,,,,,,,,,,,,,,,,,,,,,,,,,,,,,,,,,,,,,,,,,,,,,,,,,,,,,,,,,,,,,
  ,,,,,,,,,,,,,,,,,,,,,,,,,,,,,,,,,,,,,,,,,,,,,,,,,,,,,,,,,,,,,,,,,,,,,,,,,,,,,,,,,,,,,,,,,,,
  ,,,,,,,,,,,,,,,,,,,,,,,,,,,,,,,,,,,,,,,,,,,,,,,,,,,,,,,,,,,,,,,,,,,,,,,,,,,,,,,,,,,,,,,,,,,
  ,,,,,,,,,,,,,,,,,,,,,,,,,,,,,,,,,,,,,,,,,,,,,,,,,,,,,,,,,,,,,,,,,,,,,,,,,,,,,,,,,,,,,,,,,,,
  ,,,,,,,,,,,,,,,,,,,,,,,,,,,,,,,,,,,,,,,,,,,,,,,,,,,,,,,,,,,,,,,,,,,,,,,,,,,,,,,,,,,,,,,,,,,
  ,,,,,,,,,,,,,,,,,,,,,,,,,,,,,,,,,,,,,,,,,,,,,,,,,,,,,,,,,,,,,,,,,,,,,,,,,,,,,,,,,,,,,,,,,,,
  ,,,,,,,,,,,,,,,,,,,,,,,,,,,,,,,,,,,,,,,,,,,,,,,,,,,,,,,,,,,,,,,,,,,,,,,,,,,,,,,,,,,,,,,,,,,
  ,,,,,,,,,,,,,,,,,,,,,,,,,,,,,,,,,,,,,,,,,,,,,,,,,,,,,,,,,,,,,,,,,,,,,,,,,,,,,,,, 
  [ 1277578333 ],,,,,,,,,,,,,,,,,,,,,,,,,,,,,,,,,,,,,,,,,,,,,,,,,,,,,,,,,,,,,,,,,,,,,,,,,,,,,
  ,,,,,,,,,,,,,,,,,,,,,,,,,,,,,,,,,,,,,,,,,,,,,,,,,,,,,,,,,,,,,,,,,,,,,,,,,,,,,,,,,,,,,,,,,,,
  ,,,,,,,,,,,,,,,,,,,,,,,,,,,,,,,,,,,,,,,,,,,,,,,,,,,,,,,,,,,,,,,,,,,,,,,,,,,,,,,,,,,,,,,,,,,
  ,,,,,,,,,,,,,,,,,,,,,,,,,,,,,,,,,,,,,,,,,,,,,,,,,,,,,,,,,,,,,,,,,,,,,,,,,,,,,,,,,,,,,,,,,,,
  ,,,,,,,,,,,,,,,,,,,,,,,,,,,,,,,,,,,,,,,,,,,,,,,,,,,,,,,,,,,,,,,,,,,,,,,,,,,,,,,,,,,,,,,,,,,
  ,,,,,,,,,,,,,,,,,,,,,,,,,,,,,,,,,,,,,,,,,,,,,,,,,,,,,,,,,,,,,,,,,,,,,,,,,,,,,,,,,,,,,,,,,,,
  ,,,,,,,,,,,,,,,,,,,,,,,,,,,,,,,,,,,,,,,,,,,,,,,,,,,,,,,,,,,,,,,,,,,,,,,,,,,,,,,,,,,,,,,,,,,
  ,,,,,,,,,,,,,,,,,,,,,,,,,,,,,,,,,,,,,,,,,,,,,,,,,,,,,,,,,,,,,,,,,,,,,,,,,,,,,,,,,,,,,,,,,,,
  ,,,,,,,,,,,,,,,,,,,,,,,,,,,,,,,,,,,,,,,,,,,,,,,,,,,,,,,,,,,,,,,,,,,,,,,,,,,,,,,,,,,,,,,,,,,
  ,,,,,,,,,,,,,,,,,,,,,,,,,,,,,,,,,,,,,,,,,,,,,,,,,,,,,,,,,,,,,,,,,,,,,,,,,,,,,,,,,,,,,,,,,,,
  ,,,,,,,,,,,,,,,,,,,,,,,,,,,,,,,,,,,,,,,,,,,,,,,,,,,,,,,,,,,,,,,,,,,,,,,,,,,,,,,,,,,,,,,,,,,
  ,,,,,,,,,,,,,,,,,,,,,,,,,,,,,,,,,,,,,,,,,,,,, [ 30822640801, 73711477201 ],,,,,,,,,,,,,,,,,
  ,,,,,,,,,,,,,,,,,,,,,,,,,,,,,,,,,,,,,,,,,,,,,,,,,,,,,,,,,,,,,,,,,,,,,,,,,,,,,,,,,,,,,,,,,,,
  ,,,,,,,,,,,,,,,,,,,,,,,,,,,,,,,,,,,,,,,,,,,,,,,,,,,,,,,,,,,,,,,,,,,,,,,,,,,,,,,,,,,,,,,,,,,
  ,,,,,,,,,,,,,,,,,,,,,,,,,,,,,,,,,,,,,,,,,,,,,,,,,,,,,,,,,,,,,,,,,,,,,,,,,,,,,,,,,,,,,,,,,,,
  ,,,,,,,,,,,,,,,,,,,,,,,,,,,,,,,,,,,,,,,,,,,,,,,,,,,,,,,,,,,,,,,,,,,,,,,,,,,,,,,,,,,,,,,,,,,
  ,,,,,,,,,,,,,,,,,,,,,,,,,,,,,,,,,,,,,,,,,,,,,,,,,,,,,,,,,,,,,,,,,,,,,,,,,,,,,,,,,,,,,,,,,,,
  ,,,,,,,,,,,,,,,,,,,,,,,,,,,,,,,,,,,,,,,,,,,,,,,,,,,,,,,,,,,,,,,,,,,,,,,,,,,,,,,,,,,,,,,,,,,
  ,,,,,,,,,,,,,,,,,,,,,,,,,,,,,,,,,,,,,,,,,,,,,,,,,,,,,,,,,,,,,,,,,,,,,,,,,,,,,,,,,,,,,,,,,,,
  ,,,,,,,,,,,,,,,,,,,,,,,,,,,,,,,,,,,,,,,,,,,,,,,,,,,,,,,,,,,,,,,,,,,,,,,,,,,,,,,,,,,,,,,,,,,
  ,,,,,,,,,,,,,,,,,,,,,,,,,,,,,,,,,,,,,,,,,,,,,,,,,,,,,,,,,,,,,,,,,,,,,,,,,,,,,,,,,,,,,,,,,,,
  ,,,,,,,,,,,,,,,,,,,,,,,,,,,,,,,,,,,,,,,,,,,,,,,,,,,,,,,,,,,,,,,,,,,,,,,,,,,,,,,,,,,,,,,,,,,
  ,,,,,,,,,,,,,,,,,,,,,,,,,,,,,,,,,,,,,,,,,,,,,,,,,,,,,,,,,,,,,,,,,,,,,,,,,,,,,,,,,,,,,,,,,,,
  ,,,,,,,,,,,,,,,,,,,,,,,,,,,,,,,,,,,,,,,,,,,,,,,,,,,,,,,,,,,,,,,,,,,,,,,,,,,,,,,,,,,,,,,,,,,
  ,,,,,,,,,,,,,,,,,,,,,,,,,,,,,,,,,,,,,,,,,,,,,,,,,,,,,,,,,,,,,,,,,,,,,,,,,,,,,,,,,,,,,,,,,,,
  ,,,,,,,,,,,,,,,,,,,,,,,,,,,,,,,,,,,,,,,,,,,,,,,,,,,,,,,,,,,,,,,,,,,,,,,,,,,,,,,,,,,,,,,,,,,
  ,,,,,,,,,,,,,,,,,,,,,,,,,,,,,,,,,,,,,,,,,,,,,,,,,,,,,,,,,,,,,,,,,,,,,,,,,,,,,,,,,,,,,,,,,,,
  ,,,,,,,,,,,,,,,,,,,,,,,,,,,,,,,,,,,,,,,,,,,,,,,,,,,,,,,,,,,,,,,,,,,,,,,,,,,,,,,,,,,,,,,,,,,
  ,,,,,,,,,,,,,,,,,,,,,,,,,,,,,,,,,,,,,,,,,,,,,,,,,,,,,,,,,,,,,,,,,,,,,,,,,,,,,,,,,,,,,,,,,,,
  ,,,,,,,,,,,,,,,,,,,,,,,,,,,,,,,,,,,,,,,,,,,,,,,,,,,,,,,,,,,,,,,,,,,,,,,,,,,,,,,,,,,,,,,,,,,
  ,,,,,,,,,,,,,,,,,,,,,,,,,,,,,,,,,,,,,,,,,,,,,,,,,,,,,,,,,,,,,,,,,,,,,,,,,,,,,,,,,,,,,,,,,,,
  ,,,,,,,,,,,,,,,,,,,,,,,,,,,,,,,,,,,,,,,,,,,,,,,,,,,,,,,,,,,,,,,,,,,,,,,,,,,,,,,,,,,,,,,,,,,
  ,,,,,,,,,,,,,,,,,,,,,,,,,,,,,,,,,,,,,,,,,,,,,,,,,,,,,,,,,,,,,,,,,,,,,,,,,,,,,,,,,,,,,,,,,,,
  ,,,,,,,,,,,,,,,,,,,,,,,,,,,,,,,,,,,,,,,,,,,,,,,,,,,,,,,,,,,,,,,,,,,,,,,,,,,,,,,,,,,,,,,,,,,
  ,,,,,,,,,,,,,,,,,,,,,,,,,,,,,,,,,,,,,,,,,,,,,,,,,,,,,,,,,,,,,,,,,,,,,,,,,,,,,,,,,,,,,,,,,,,
  ,,,,,,,,,,,,,,,,,,,,,,,,,,,,,,,,,,,,,,,,,,,,,,,,,,,,,,,,,,,,,,,,,,,,,,,,,,,,,,,,,,,,,,,,,,,
  ,,,,,,,,,,,,,,,,,,,,,,,,,,,,,,,,,,,,,,,,,,,,,,,,,,,,,,,,,,,,,,,,,,,,,,,,,,,,,,,,,,,,,,,,,,,
  ,,,,,,,,,,,,,,,,,,,,,,,,,,,,,,,,,,,,,,,,,,,,,,,,,,,,,,,,,,,,,,,,,,,,,,,,,,,,,,,,,,,,,,,,,,,
  ,,,,,,,,,,,,,,,,,,,,,,,,,,,,,,,,,,,,,,,,,,,,,,,,,,,,,,,,,,,,,,,,,,,,,,,,,,,,,,,,,,,,,,,,,,,
  ,,,,,,,,,,,,,,,,,,,,,,,,,,,,,,,,,,,,,,,,,,,,,,,,,,,,,,,,,,,,,,,,,,,,,,,,,,,,,,,,,,,,,,,,,,,
  ,,,,,,,,,,,,,,,,,,,,,,,,,,,,,,,,,,,,,,,,,,,,,,,,,,,,,,,,,,,,,,,,,,,,,,,,,,,,,,,,,,,,,,,,,,,
  ,,,,,,,,,,,,,,,,,,,,,,,,,,,,,,,,,,,,,,,,,,,,,,,,,,,,,,,,,,,,,,,,,,,,,,,,,,,,,,,,,,,,,,,,,,,
  ,,,,,,,,,,,,,,,,,,,,,,,,,,,,,,,,,,,,,,,,,,,,,,,,,,,,,,,,,,,,,,,,,,,,,,,,,,,,,,,,,,,,,,,,,,,
  ,,,,,,,,,,,,,,,,,,,,,,,,,,,,,,,,,,,,,,,,,,,,,,,,,,,,,,,,,,,,,,,,,,,,,,,,,,,,,,,,,,,,,,,,,,,
  ,,,,,,,,,,,,,,,,,,,,,,,,,,,,,,,,,,,,,,,,,,,,,,,,,,,,,,,,,,,,,,,,,,,,,,,,,,,,,,,,,,,,,,,,,,,
  ,,,,,,,,,,,,,,,,,,,,,,,,,,,,,,,,,,,,,,,,,,,,,,,,,,,,,,,,,,,,,,,,,,,,,,,,,,,,,,,,,,,,,,,,,,,
  ,,,,,,,,,,,,,,,,,,,,,,,,,,,,,,,,,,,,,,,,,,,,,,,,,,,,,,,,,,,,,,,,,,,,,,,,,,,,,,,,,,,,,,,,,,,
  ,,,,,,,,,,,,,,,,,,,,,,,,,,,,,,,,,,,,,,,,,,,,,,,,,,,,,,,,,,,,,,,,,,,,,,,,,,,,,,,,,,,,,,,,,,,
  ,,,,,,,,,,,,,,,,,,,,,,,,,,,,,,,,,,,,,,,,,,,,,,,,,,,,,,,,,,,,,,,,,,,,,,,,,,,,,,,,,,,,,,,,,,,
  ,,,,,,,,,,,,,,,,,,,,,,,,,,,,,,,,,,,,,,,,,,,,,,,,,,,,,,,,,,,,,,,,,,,,,,,,,,,,,,,,,,,,,,,,,,,
  ,,,,,,,,, [ 25450283009 ] ]);
