BRENTFACTORS[316]:=MakeImmutable([ ,,,,,,,,,,,, [ 24401350637 ],,,,,,,,,, 
  [ 8739404038997, 33184735763891 ],, [ 3408550963930991051 ], [ 4209545653 ], 
  [ 1633233675364074559 ],,,, [ 27034244166323 ],, [ 734966990473 ],, 
  [ 15631779311, 71993050619701 ],, [ 1497846359, 8432822234832453962069 ],, 
  [ 896061619363 ], [ 48889624081 ],,, [ 70015801497233, 4365575665820976522977025583537427 ]
    , [ 1402280195857729 ], [ 56312637211 ], [ 348327269839 ], 
  [ 2409539628577, 45151754897311492517400564629971327753 ],, [ 88994311561 ],,,, 
  [ 6060333761 ],,, [ 79522208479057 ], 
  [ 693164517702535673784547, 4290966895120130778685579 ], [ 259826062703646407 ], 
  [ 9068308261 ], [ 2577002178815881 ], [ 2507516862687307 ],,, 
  [ 1388474833006081, 2501599131444820650925842113 ],, [ 2331040141 ], 
  [ 149425293435986420431, 91889003254886909345019440020848714539811120793 ],, 
  [ 166261336159, 331182688066291 ],, [ 14847128593546365208074724907678600741 ], 
  [ 1947547187035220992609 ],, [ 378351406833378730674173 ], 
  [ 2158813102158909112951, 2914367956656736850958901 ], 
  [ 4368918090221, 1640647731145381831284575537357 ], 
  [ 3322609884599457701317993, 1038046661130972698053019146744086210990098814787873361 ],, 
  [ 16749451737298201697 ], [ 1852624286437660963529033581441 ], 
  [ 1699562847137340963907, 5011252541927917712424193165128888712471 ], 
  [ 45740315041, 143850391851570515332349867 ], [ 7428030235124387489 ],, 
  [ 2814675551, 450396728516809891, 509033288900597044515961 ], 
  [ 92717714647, 57147697275270799329491, 28091394481140973641642935509 ], 
  [ 85404885278151163 ], [ 14723096580416430945915339922703965377750361 ], 
  [ 108015028357, 8906303559278247663159049, 2308515496945089951759117041 ], 
  [ 251575361148151 ], [ 2288226724998063851 ], [ 65732969174779681, 8199123643774163143037 ]
    , [ 20013249577, 44324942414047 ], 
  [ 2782019485181, 11787025592167865404559, 3239704610219129586966037, 
      67311135266493150381689437 ], [ 1021762811, 102232667024681581216256793526921 ], 
  [ 31604473782279284737, 2153795639482151068288592353 ], 
  [ 2138021621, 96750936011, 4352648882058000265398018987537337543 ], [ 37946355973 ], 
  [ 3104158861, 41922370061947, 802513308194577435061, 354743688926334959701792453 ], 
  [ 3676292867701, 257200705610276101 ], [ 17526884632873571 ], 
  [ 465431015953709232480360737745499 ],,, [ 1613640464012011 ], 
  [ 1511899127163666374299197600096328128410332260526303 ],,,,, 
  [ 3324417906571, 3853886961961 ], [ 175879468992405083122331206612364018497 ], 
  [ 91717082625254089 ], [ 91082534115799 ],, 
  [ 5365760129557, 22346032679680180555742637101, 483626568466405357123470997207836073 ],, 
  [ 82946130337445298939974516085337 ], [ 11818704437 ], [ 39416823081387122135521 ], 
  [ 1628291184900848907737, 4924364898160333904730218933 ], 
  [ 1575675235649, 238939768973903423614412597017283912143309573653178724091341 ], 
  [ 1165692403, 394330219603759, 76493517389864530314644797 ], 
  [ 4194026800349, 92170480226593, 7225531172162943337, 37481770697070196250631573602953 ], 
  [ 6913251553421709823054751, 27493561662298992136860094931026751 ], 
  [ 72346084566657427, 98346885101407273717, 4762890899241551649847 ], 
  [ 1680335741177, 1267871869975683586142519 ], 
  [ 71415755142084419316754662895959277191473920001 ], 
  [ 1356770072599, 5662417494511518507696289521713316781 ], [ 29253604272180424302865791041 ]
   ,, [ 204205039062584761143166084873 ], [ 773527431293 ], 
  [ 4268272441343, 20990934790999, 268429713175027, 
      57069804459306385867811609232903249969540859474655573 ], 
  [ 275463147331, 88030599884641, 962953930323066576028591 ],, 
  [ 39867656416338854092980229, 59737868960963023391690581498103 ], 
  [ 8482560643725280015024483, 592042498318716000637502493577 ], 
  [ 110207667047, 924751589071, 118954191777035494043161 ], 
  [ 42546080628241, 74581631387728501, 82421084481583267067069869684970321 ], 
  [ 208172695003879197037, 830366053446954152608232885659 ], 
  [ 13031936969, 20418175031, 1265026609633, 849751121184824617024205907754697279 ], 
  [ 28094607113 ], [ 123704720929, 1540302391141057 ], 
  [ 1223026073695865281, 235617672122581737451 ], [ 1379120819, 469606411514171 ], 
  [ 6819997727447811074280330278971, 1794703133220487973928672996208189 ], 
  [ 1224244725925965366523468616986808513 ], [ 2243866135140230252365822513 ], 
  [ 199959883164195943838243154634351 ], [ 16356730721, 40284037289937246181 ], 
  [ 710279886808054382261300489713, 66740262755128508123915944096568137, 
      901852190138453698457568358194189336113672394449 ], [ 27578324971 ], 
  [ 39661306387657879079 ], [ 4735898506051, 680389781808795644750868105641 ], 
  [ 22408944405295767229, 51111473196500950494042182308441 ],, 
  [ 1407976769664395492557, 1675139061932360204222993, 
      7890182378863613875587620617469261875253820701740027 ], [ 804358759081 ], 
  [ 2927886094279391223341974789121, 35234899247166046282145540710754897542721, 
      249212143311136932888331999592895330212641 ], [ 4283857915301148136084133 ], 
  [ 27654146816275822292141851, 1143685534277363124496841355863128591 ], 
  [ 120348529632101077, 2116043984649665012219027 ],, 
  [ 233585044056750705888186008547297901 ], 
  [ 2101258173544441, 7123628427074782529673761678027 ], 
  [ 318479075111, 230381932122506573822341171 ],, 
  [ 43274229918531805020039408431, 91104380094824975541812747542309 ], 
  [ 179274205841, 7428188143921, 2051624716632080935421, 196571527397575564109431, 
      165613068805704580285094266991824201 ], [ 189890814259 ], 
  [ 4665078773, 36806967313, 713553657473, 1231582707719404502068405355441149 ], 
  [ 3494980549139, 32137813003010177, 1808794479498926825535735283 ], 
  [ 16222322239, 348855985968487, 452129360608063903258867, 65005215132310581818612399383 ], 
  [ 319723983581936708342106401801 ], [ 215803255782673358937281 ], 
  [ 498455777473, 309563565250632149673419714970229 ],,,, [ 11749321781 ],, 
  [ 101320541713587904975177 ],, [ 22245021971 ], 
  [ 286645225127300491, 189017450653082059667968909 ],, [ 83711604497, 942718642997 ], 
  [ 3982442059, 1234858642265431, 2790886951721861324027893 ], 
  [ 52057591561, 11836146107985191, 113422892812277131 ],, 
  [ 4954989063361, 102486327902977, 385508937444773420353 ], 
  [ 13474985941, 11251502119299430882589899781 ], [ 215406220543, 722154208910175131 ], 
  [ 362585185825365674124971161 ], 
  [ 45868317353276535950087224994081, 136824993340753255911456113044309 ], 
  [ 74974268669, 479184770167057, 1180898244939841 ], [ 968491041236606399305903887164509 ], 
  [ 3456511397, 32177211454341522952070803 ], [ 533437086440554583635854052335442580630401 ],
  [ 9461572903, 10121749107133 ], 
  [ 1489681441885993, 27176094960757009, 939955888116926625896784093669131 ],,, 
  [ 20799954361 ], [ 118965666103679, 130066536277429957304609, 296879488867681352929832749 ]
    , [ 11638970510913077743, 2586679124958105990561794555281 ], 
  [ 67915507856684026554913, 968621622366036173714865713 ],, 
  [ 112631889368779915483861, 394754959463568138297082702112401 ], 
  [ 7959677026582588340964907, 154124206806229142769729631 ],, [ 436638189037528759 ],,, 
  [ 24631452649, 6394901088939249529, 13874143321750949121184973761666969, 
      23943139146519321295919696970485283337 ],, [ 190798568222069898694417126673 ], 
  [ 14352599497 ], [ 2760908510275046150983065611521 ], 
  [ 822471844819, 825267973507463808663329, 8146820578298530399068019 ], 
  [ 358541201233, 5184573704194561, 2257017635484715358735451404383, 
      305544868012966120975923524854903, 22805449010574367065646657682056540867033 ], 
  [ 45511725919921 ], [ 3022107826694707035447949839361 ],,, [ 3020238834101391047 ], 
  [ 3387136309, 95821558872225759229 ],, [ 230990512227252065971 ],, 
  [ 21637480001, 309551085673, 68530934412601 ], [ 6949367822040221033 ],, 
  [ 5103910481, 7838954252272863953943581 ],,, [ 316916240792564625730169 ],,, 
  [ 1876986241133, 277954709758217625308696635407103 ], 
  [ 5913074707, 29928234440277862151, 1123216878729639664163800456147 ], [ 8924031687349 ],, 
  [ 20433064562408822903741 ],, [ 3009199519, 128301420157 ],, 
  [ 105440235739, 427089009097, 11638174409162803, 24213436220340139025404951 ], 
  [ 2373816935985058021635704502415751 ], [ 31582873181, 343572632269, 665497418137 ],,,, 
  [ 1604015971561, 8042115310501 ], [ 722559152224513, 128414271209235350214604033 ], 
  [ 111495049716751073, 288666993736745830487600789, 8274369421941326436876882769 ], 
  [ 334946057801203857906652633 ], [ 10582467580693 ],, [ 4904049092733357211009 ], 
  [ 61592692869754877 ], [ 538082229469, 52197920550401 ], 
  [ 481847397383378290969, 364054656664020460432812409 ], [ 553796939366346691501 ], 
  [ 1325087835505991106387881, 23340000821015073481823180953, 48416227485644625409957014001 ]
    , [ 737354097914563 ], [ 116771893007168831956492586701 ],,,, [ 1613672740913 ], 
  [ 1417103735891244493 ], 
  [ 17351006983, 97656521998747, 122614003598179, 491302828805246779 ],,, 
  [ 10784832679, 34551979846627 ], [ 2555054911, 3647056981 ], 
  [ 5779705420514809995697, 5004786863858635185384072787939 ], [ 5706174041 ], 
  [ 1102871294719 ],, [ 3691932467213, 11413851814117, 307032288996831727566206449 ], 
  [ 2489290427761 ], [ 9313556605464511, 19139597075224501 ], [ 380606142018573043 ],, 
  [ 180065106721 ],, [ 268108905740591, 33319061634224258985751 ], 
  [ 591801624053367031309, 36920579796686599372918103491 ],, [ 12074074093, 4833936738559 ],,
  , [ 53595068989361969 ], [ 1781438671, 1904184166501, 202044689985239953104158137 ],,, 
  [ 156038532675966835801 ],, [ 3083973869, 16327031396886424201743187 ],, 
  [ 30549286113776004213649 ],, [ 16544201203, 128801953984822817370769 ],,, 
  [ 2859497267335213 ], [ 18556005328812881, 4990064472863663309477253003571 ], 
  [ 25407431743 ],,, [ 31329278723 ], [ 426158299948183885531 ], 
  [ 146939161969, 12933328464977, 100736991820169 ], [ 1115597472811 ], 
  [ 3324749149, 4386598264474771 ],,, [ 657732183037 ], [ 1859040919 ],, [ 9366084757 ], 
  [ 1335077384551 ], [ 748911432321974294984141, 19031112046352719105955762722657 ], 
  [ 8382592681 ], [ 10734297554783977, 100462398322387003099901097618034793 ], 
  [ 13121142342323 ], [ 2900102256677948810255360757639751 ],, 
  [ 1559362501, 13346415388528738433 ], [ 13376614507489 ],,, 
  [ 20305131133057, 64509341737464961, 12543197667889882538894837041 ],, 
  [ 4375873981488049 ], [ 132112542553813, 133877603287861, 2209697938386511 ], 
  [ 22193851533126401, 2876053490634147101 ],,, [ 13441412657 ], 
  [ 103215872794771030960097 ], [ 697781396335244072755801 ], [ 5387084465363359579 ],, 
  [ 4111867777 ],, [ 248980587955051 ],, [ 85389807664481, 6689333634624513159333842753 ], 
  [ 90966140851 ], [ 2504841697, 722982942915458450887 ], [ 2866012271, 79744554541 ], 
  [ 2536073737349, 44687380113259001 ], [ 201541462841041 ], [ 125594531576112924733744747 ],
  , [ 1940168161 ],, [ 5921977419205772081 ], [ 44595186250910856981487 ], 
  [ 71594033931492073, 3268094119536536837 ], [ 73540681217461 ],,, 
  [ 15008008577, 122227949519297 ], [ 7498343467 ],, [ 145171827347, 240356713703 ], 
  [ 1061519700808669 ],, [ 49425322890241, 80124060890615482240611541 ],, [ 648265764577 ],,,
  , [ 8147047619095981 ],, [ 19658315071579 ],, [ 2444023918292353, 138944267937297793 ],,,, 
  [ 3323420474557 ],,,, [ 249849590369, 1895398894295537 ], [ 76984291327 ], 
  [ 6722786570782433 ],, [ 63693465377589938881 ], [ 24114474751 ], [ 332013262447 ], 
  [ 4068978061 ], [ 5640058206307601 ],, 
  [ 33474665276869, 1024721078226649, 1651535927593619221339551375973 ],,, [ 3621190051 ], 
  [ 55383019171621, 1143033077294661043 ], [ 1120845480701, 12603603431387, 421893794516041 ]
    , [ 173285268095617, 109549290698618857, 5880136846599282074776921 ], [ 13566800759 ], 
  [ 9545291488506914894261 ], [ 22107419125993328077 ],,, [ 2910707731, 26418505745648431 ],
  , [ 19540285931935393 ], [ 2417844486907 ],, [ 2817502651, 7572996027924863 ], 
  [ 8149028581, 34489077668716368682739272981 ],, 
  [ 106230689203, 22143317206606662952772837 ],, [ 16885303119227919798729418513 ],, 
  [ 350913706132992360983700133 ],,,, [ 8790729047245573451 ],, 
  [ 3290193501850605014581393, 1638827105473627501598876409697 ],, 
  [ 9152940187444663310278662179327 ],, [ 11762665398497642509 ],, [ 18239620416786049 ],, 
  [ 3311900926033435310887841 ], [ 1428318739, 15131561131 ],, [ 19848458257741 ], 
  [ 464727864277, 47780753210475289 ],, 
  [ 2411559060371, 5891184626737037, 4142889935594788746421 ], [ 33759956620729 ], 
  [ 135813379073 ],,,, 
  [ 624156430258489, 1066917979837328340893, 147856299469905477754118353 ],, 
  [ 33598376763157561 ], [ 608694707531, 13609442443102871 ], [ 581094471779233 ],, 
  [ 46542536145055747 ],, [ 849442644241 ], [ 141115825039507 ], 
  [ 1166907589, 3810666553, 7636440057779890897 ],, 
  [ 5301021361, 1450619714689, 9463627072143825724817281 ], [ 655022338351, 35011484837701 ],
  , [ 8021432039, 73386089221 ], [ 2960577458749 ],,,, [ 4204133807108864215397233 ],, 
  [ 307692815041, 9925579823629 ],,,, [ 1160321579, 466580344438910773 ], 
  [ 1532854607, 325079571562393, 1293724974893839 ], [ 2407356481, 7746154081, 99509945761 ],
  [ 113277132681347597 ],,, [ 96825271359653, 55911019004707549 ], [ 6856510252871 ], 
  [ 299975381312653, 4283100005831533 ],, [ 143294370929, 45630947593722273300913 ], 
  [ 338339941081 ], [ 24708383799682241 ],,, [ 14632437023507 ], 
  [ 1551166063852932751500397694352781 ], [ 2367093961, 84189939571 ], 
  [ 6941317139473, 7124510481313, 25936226691521, 294763171805179921, 
      432025481646761307594929 ],,, [ 8337812957 ],,,, [ 49279685627 ], [ 262032536809 ],, 
  [ 280892127725215795147181715047 ], [ 6020069329 ], 
  [ 3380832457, 63360305509769, 26393514912834923657, 3324721054756736943757 ], 
  [ 3933863509 ],, [ 4897051993 ], [ 38584528444990706079233, 10465488886493495705798657 ],, 
  [ 1792623317 ],, [ 3206557083375550863817 ], [ 3105045340937 ],, [ 28363351039 ], 
  [ 20269336391201, 331441255832441 ],,, [ 308583381479 ],, [ 1098701006746606350151 ], 
  [ 19757025440569, 136132644974085791 ],, [ 598491936241 ],, 
  [ 113460307031, 348913300182281, 1325195400045961, 357501269516953394741 ],, 
  [ 149102602069, 1235267644717 ], [ 190305950600923 ], 
  [ 1219563619, 134740640021755393458825397 ],, 
  [ 4498663679049305761, 2465280126134290345121 ],, 
  [ 391700360607337, 5585657825017538651502671 ],, 
  [ 9444404540521, 1977549749085516380821, 1525369287129498921329729101 ], [ 30520967176457 ]
   ,,, [ 5422974144431803649 ], [ 1547207787464231 ], [ 1599756523 ],, 
  [ 70492158845281, 4445238519724976436393649 ],, [ 269583452231261482908001 ],,, 
  [ 297877128557 ], 
  [ 122045673474523, 3381863060834491, 7985163696805358669, 
      1960286413746423918525489375589765039 ], [ 430281296496470581 ], 
  [ 1253483653, 854204782573 ], [ 73843673441 ], [ 1083176378655373 ],,, 
  [ 629119693159, 552876439758061 ], [ 2326160304790805252970722789 ],, 
  [ 15505561575396121, 54115749786543073, 244117708874701927609, 
      5198762769558134155799056261 ], [ 68760646901, 2304603714912127771 ], 
  [ 12050785093973, 35659907267449417 ], [ 163472537719 ], [ 1799816559872851306059841 ],,,, 
  [ 222125553563629, 519176181841856969 ],, [ 446436592344786973147 ],, 
  [ 1594132361401537, 59810737866619816192321 ], [ 1569363172451 ], [ 131968370441 ], 
  [ 11824430641, 443863217181079 ], [ 10945862892581, 3265828518423144248858595061 ],, 
  [ 245666325217 ], [ 436409495897, 4776204340909, 1836547050392759 ],, [ 5022328207798981 ],
  ,, [ 695983181723677 ], [ 1015812961 ], [ 9897540852004901471 ],,,,, [ 4231804872121 ], 
  [ 571833694247693, 3745846175680960343281277 ], [ 13476100513543 ],,,,, 
  [ 101663206033663 ], [ 2484565021 ],,, [ 1428504409, 1946066587, 415465204477 ],, 
  [ 3952066866017, 126240131804055233, 59319538147776787681 ],,,, [ 1655273953, 40443242149 ]
   ,,,,, [ 1957966004913071 ], [ 21546344431, 2323134322687 ],,,, [ 8267465041681 ], 
  [ 36237986177 ], 
  [ 85091467142449, 67307274120460609, 3309564817263199249, 5410598201749229599969, 
      627998826341865727151521 ], [ 9594956251 ], [ 19971126948625751 ], [ 261246586286797 ],
  [ 24416561501 ],,,, [ 1599384770993, 7040533515233, 259807540826129 ], 
  [ 99140867653, 320228739673 ], [ 3563775089071, 75461648804539 ],, 
  [ 14303496901, 301887177792133 ], [ 1031599843, 22229195353 ],, [ 44261340787 ],,, 
  [ 86296894639 ], [ 340733477729, 630605592443 ],,,, [ 1116650208881 ], 
  [ 3125181529, 56067899977 ],,, [ 4392364671451 ],,, [ 222747735696853 ], [ 12130176871 ],, 
  [ 6114098009251 ], [ 1976181929 ], [ 136450613579569 ], [ 135754282621 ],,,,,,, 
  [ 12210838832233 ],, [ 13090265467 ], [ 348287862101 ],,,,,,, [ 47875178821 ], 
  [ 1227036114163 ], [ 70566913733 ],, [ 5157463018143051481 ],,,, [ 22960094411 ], 
  [ 610020671270439437 ], [ 4067461819 ],, [ 85796967101 ], [ 2718956874901 ], 
  [ 1418676899, 946652469331 ],,,, [ 2040305941, 601487271841 ],, [ 1447434992451293 ], 
  [ 5927900147459 ],,, [ 3775416972077 ], [ 11070228313, 251282267280731423413 ], 
  [ 16249041410543 ], [ 39099457409 ], [ 18351374191 ],, [ 6169339793009 ],,,,,,, 
  [ 416228783172939370453 ],, [ 853781998605337 ],,, [ 32044380497 ], [ 80290181683441 ],,,,
  , [ 1152030205256401 ], [ 51311127807130951 ],, [ 17954606489, 35743083242777 ],,, 
  [ 249784733437321 ], [ 206392654297 ], [ 523432781413 ],,, [ 1081566423511969 ],,,, 
  [ 1479986247101, 10643033142817325207081 ],,,, [ 37754325220321 ],, 
  [ 75652576907, 266535997844227 ], [ 29289235051 ],,,, [ 195658914679 ], [ 801378884321 ], 
  [ 4212885907 ], [ 33989670053, 1385739481643141 ], [ 199844191516522841 ], 
  [ 48963406960189, 251363320335541, 353356905457338049 ], [ 1137669868725247877 ], 
  [ 19826039551 ],,, [ 149986521917 ],,, [ 675855159409 ],, [ 6145504065161, 19403637514787 ]
    , [ 12335799061 ], [ 78307128113646337 ],,, [ 873350054167 ], [ 3843680693 ],, 
  [ 231663852523 ],, [ 2154535289, 35380021337 ],, [ 40773517361 ],, [ 2584663381 ],,, 
  [ 474909820417 ],, [ 1615814171, 3782362361, 82005114491 ], [ 5103452413 ], 
  [ 200767559141003893 ],, [ 6131426720593 ], [ 13244699971 ],, [ 338464558878534974161 ],, 
  [ 19934385603019 ], [ 3018783412876321 ], [ 1872149813 ], [ 10412404188701 ], 
  [ 26164099308096037, 284543083343020529119 ],,,, [ 1137241229041 ],, 
  [ 38666456029, 718006899229 ],,,,,,, [ 37425826873 ],,,, [ 401603107091071 ], 
  [ 135219432898993 ], [ 10394231197303 ], [ 32619243067589 ], 
  [ 582563944873, 28044924151609, 91398129853048201 ], [ 7554685421 ], [ 1647558215977 ], 
  [ 56958696898248577 ],,,,, [ 3508418489, 3862291789 ],, [ 1102883363 ],,,,, 
  [ 15795433447990117 ],,,,, [ 20240377212911, 423327501646213 ], [ 5121750481, 5567441881 ],
  [ 421002014767, 4449623861647 ],,, [ 20524495813, 603126232025017 ],,, [ 2859339869 ],, 
  [ 24068798744929 ],,, [ 1342693862077, 12525451378779713476129 ], [ 41048657983 ],, 
  [ 1190994481 ], [ 2307281233, 55018439569 ], [ 4559675357, 6568287961 ],,,,,, 
  [ 143543306198273 ],, [ 25242501056291 ], [ 13864928461, 18784300349 ],, [ 1148344037 ], 
  [ 101309313073, 1387652875489, 5079600001169 ],,,,, [ 1543380869 ],, [ 9713390221 ],,,,, 
  [ 70323125617 ],,, [ 4651006364415841 ], [ 1124796061, 2537895564541 ], [ 1133691047 ],,,, 
  [ 64321388186895451 ],,,, [ 83145854929 ],,, [ 1286327906921851 ], 
  [ 16254653999, 8625951243199 ],,, [ 94918519169, 99619410908317, 241642891518412333 ], 
  [ 2721423785710499 ],,, [ 27100282921 ], [ 124646835914378132011 ],,,,,, 
  [ 7542892081, 20990107729 ],,, [ 25554270061 ], [ 4339422677 ],, 
  [ 471431629769563, 2948109619551541147 ],,,, [ 700455287347 ],, [ 77505652865257 ],, 
  [ 844139905297769 ],, [ 21818504033 ],, [ 48171290020956300691 ], [ 27899938520189 ], 
  [ 298987441633 ], [ 261472131780841 ],, [ 3017518768740521 ], [ 18215260717882100561209 ], 
  [ 5733567221981 ],, [ 2882224819, 266358514711 ],,,,, [ 101488999153 ], [ 30574310761 ],,, 
  [ 8502384481, 115773043873 ],, [ 64864737451 ],, [ 1061564729 ],,, [ 26895032390130041 ],,
  , [ 171912560647 ],,,,,,,, [ 9448221816183697, 94135229529556489 ],,,,, [ 553836183521 ], 
  [ 18062278787341 ],, [ 9293774906797 ],, [ 8393538293377 ],, [ 2068731127 ],, 
  [ 5060742433181 ],,,,,, [ 20520560142293 ],,, [ 981707383009, 13521994918559 ], 
  [ 5723006851 ],,,,, [ 4267218691, 254433903671 ],,, [ 176359947892717 ],, 
  [ 2579793634001 ], [ 19106293207 ],,, [ 45315311617109 ],,,,, [ 4411065481, 12058684117 ],,
  , [ 111252044201, 16335482206033 ],, [ 19883022355327 ],, [ 193231440817 ],,,, 
  [ 9528344613176881, 130182030330314056981 ],,,, [ 4056575382968321 ],, 
  [ 108716669317, 195186578581, 877932699903154459 ],, [ 62819136053, 261853018381 ],,,,,,, 
  [ 21174557851 ], [ 12523904597, 709624895141 ],, [ 508907297641 ],,,, 
  [ 1170982111073, 1166651844883223 ],,,,,, [ 287987123953, 11287731554369 ],,,, 
  [ 23149195829, 571843634149, 78525069610133 ],,,, [ 5215658977 ],, [ 42004624133861 ],,,,,
  , [ 2685342171121 ], [ 2937617191, 1210207548541 ],,,, [ 557269851799 ], 
  [ 283496786761, 74196139974888331 ],, [ 4230395801048449 ],,,, [ 748737623561 ],,,, 
  [ 1725239334241 ],,,, [ 214050217201 ],,,, [ 986591197441 ],,,, [ 159041742232999081 ],, 
  [ 1731724327, 1486231883971651 ], [ 17244791461 ], [ 2490992089 ],, 
  [ 1128689101, 206168263723 ],,,,,,,, [ 7178260741 ],, [ 1120929253, 32416723364969 ],, 
  [ 54301406461 ],, [ 1505095337, 374065308593 ],, [ 1669928333 ],, [ 19798811654329 ], 
  [ 1283567041 ],,,,, [ 54259718832133 ],, [ 1238906521 ],,, [ 17161633679 ],,, 
  [ 754353057782921 ], [ 41865276961 ], [ 1017846200573 ],,,,,, 
  [ 131277939873959, 367342178975921, 62925615895166851, 87177554394121309 ],, 
  [ 12091130769541 ],,,,, [ 4455595751 ], [ 249463342801 ],, 
  [ 2692216403521, 1808561710344229 ], [ 330646560319 ], [ 13506625801 ],, [ 37850124673 ],, 
  [ 15633741490201 ], [ 58863821941, 779655757651, 9604978896369781 ], [ 12504196312453 ],,,,
  ,,,, [ 16508939906497 ],, [ 421721383403 ], [ 2616255289 ],,, [ 40798716661 ],,,, 
  [ 30843799949 ],,,, [ 14934595430893 ],, [ 1994260181 ],, [ 715034477293 ],,,,,,,,,,,, 
  [ 29035922526356101 ],,, [ 23053211333587 ], [ 16621733784197, 90727370167532954761 ], 
  [ 6931140833 ], [ 24122024872046401 ],,,, [ 3349946993 ],, [ 2969349052861 ],,,,,,,,,, 
  [ 39364726529, 363133470808321 ],, [ 131481315631 ],, [ 9948674221, 44643710101 ],,, 
  [ 21281046317 ], [ 132226239893257 ],, [ 30606847253 ], [ 37740770299 ], [ 121132286357 ],,
  , [ 73833540887 ],, [ 3800515357 ],,, [ 25028063113 ],, [ 24683125029439 ],,,,,, 
  [ 141163141154584993 ],, [ 13591689469, 10722854599507 ],, 
  [ 33293557441, 5312830126657, 1853949434982529 ],,,,,, [ 1764194917, 13448312329 ],,,, 
  [ 12278992507913 ],, [ 3954172769821 ], [ 5161714351 ], [ 28689736279927 ],,,,,,, 
  [ 3996134299, 4648281013 ], [ 10753804747111 ],,,,, [ 2724629101 ],,,,,,,,, 
  [ 8701385639408149 ],, [ 118163351261 ],, [ 350554766801, 8396830371833 ],,,,, 
  [ 6611142619 ], [ 18999592373 ],,,, [ 5053804537, 1087275437161 ],,, [ 1494773543 ],, 
  [ 228364632163 ], [ 448041851564969 ],,,,,, [ 573046764181, 21651574464476921 ],,, 
  [ 4246998289 ], [ 1582988941 ], [ 113211266671 ],,,,,,,,,,, [ 540677216041 ],,,, 
  [ 7045856644751, 12523693309471 ],,,,,,,, [ 29069843761015957 ], [ 8807342129 ],,, 
  [ 1441949477 ],,,,,,,,,, [ 9831474953 ],,,, [ 1915610353, 2116020576757 ],, 
  [ 23607661469519 ],, [ 536740662721 ],,,, [ 1101243133, 28085912581 ],,, [ 4714422113 ], 
  [ 4110712777 ],,, [ 8862947407 ],,, [ 958636391107, 446637139358923 ],,,,,, 
  [ 62690283961, 120945692281 ],,,,,, [ 10073773711 ],, [ 277071330233 ],,,,,, 
  [ 51597727889 ],, [ 3132201013 ],, [ 40087629520699 ],, [ 32143352963401 ],,,,, 
  [ 119321218202561 ], [ 7177128059 ],,,,,,,, [ 17351122566773241121 ], [ 13830413761 ],,,,, 
  [ 35776617421, 9528153942301 ], [ 4496169049 ], [ 2169521995701583 ], [ 1408291873 ],, 
  [ 86263666051 ],, [ 22413560791 ], [ 2643495037 ],, [ 9732873151 ],, 
  [ 54475721561, 7480821711457 ],,,,, [ 2718140107 ], [ 111272410837361 ],,,,,, 
  [ 389728826197 ],,,,, [ 5653183663 ], [ 611659002751 ],,,, 
  [ 5464005965827, 21568657192051 ], [ 120522480601 ],,, [ 3216199693049191 ],,,, 
  [ 35020104186371 ], [ 2010322931 ], [ 251439408721 ],,,,,,,,, [ 1420279002661 ], 
  [ 9116014909 ],, [ 1989495346177 ],, [ 10328452845539 ],,,,,,,,,,,, 
  [ 1011982091881, 12035631372521 ],,,, [ 32063819473171 ],, [ 301022958918793 ],, 
  [ 12783124579 ],,,, [ 265437816829 ],,,,, [ 3547987367, 171628839251 ], [ 2898988249 ],, 
  [ 119203205201 ],, [ 37576707658561 ],,, [ 63152135671 ], [ 201568246861, 227936168269 ],, 
  [ 1501628371 ],,,,,,,, [ 18184029641 ],,,,,,,, [ 831454412413, 24586309145190313 ], 
  [ 4666863571 ],, [ 9283833511 ], [ 31938837673269253 ],,,, 
  [ 2814973429, 13778786179, 156711644245657 ],,,, [ 1098753023 ],, [ 5121844381 ],,,, 
  [ 161749953713, 217296413050289 ], [ 6298353013 ], [ 1343568199 ],, [ 872898877777 ],,,,,,,
  , [ 2911379770589 ], [ 11288770681 ], [ 2251693459, 391743572509 ],, 
  [ 2069547491868641, 295075215998179681 ],,, [ 1364979061, 4352464927 ],,,,, 
  [ 87064797737 ],,,, [ 5611664901084481 ], [ 34259289781 ],,,,, 
  [ 191784507643, 100546800622243 ],,,,,, [ 240103709497, 325621985417 ],,,, [ 49049631793 ],
  [ 199150128857 ],,,,, [ 3014314986547 ],,, [ 3512314591, 16212153151 ],,,,,,, 
  [ 2127256457, 4984592549 ],,, [ 4731604391 ],,,,, [ 24747249601, 8514397628101 ],,,,,,, 
  [ 1864792226093 ],,, [ 16569471601 ],,,, [ 18923103685907 ],, [ 8027863965769441 ],, 
  [ 17572015189 ],,,, [ 751359658559 ],,,, [ 7677273125923417 ],, 
  [ 261390130532801, 918688943218609 ],, [ 1784196151 ],,,,,,,, [ 38507776636739 ],, 
  [ 788963432161, 821832375252481 ],,,,,,,,,, [ 63888602161 ],,,,, [ 6908989751 ],,, 
  [ 92739564727 ],, [ 288810794316241 ],,, [ 18635556061 ],,, 
  [ 14487132031, 367593380377, 405868399369 ],, [ 39644661713 ],, [ 46292245091 ],,,,, 
  [ 100329802681 ],,, [ 4005347572423, 31741650604110847 ],, [ 792781853228501 ],,,, 
  [ 9500335057, 29622199681 ],,, [ 1473311701, 65743019047 ],,, [ 4854245401, 4912662421 ], 
  [ 14363160601 ],,,,, [ 3027864841 ],,,,,,, [ 493241321593 ],,,,,,, 
  [ 3031359578101, 12458494442021 ], [ 6308871841 ], [ 3957843835021 ],,, [ 2112136951 ],,, 
  [ 15729355357, 1486294254281, 6505463241157 ],, [ 947699933161 ],, 
  [ 125881947413, 140351669717923 ],, [ 911369605361 ],,,, [ 188960644141 ],,,,, 
  [ 2059045753, 3423409159 ], [ 44371751857 ],, [ 10608320861, 566761932444809 ],,, 
  [ 5590038677 ],,, [ 296785051331 ],, [ 181600189093 ],,, [ 3098183587 ], [ 1921392846881 ],
  [ 892845031069 ],, [ 414528364097 ],,,,, [ 1498920203377, 2101257027169, 4111530980929 ],,
  , [ 72493364059 ], [ 228083187161 ],,,, [ 3251311457, 108211791481361 ], [ 6738792691 ], 
  [ 2827136029181923, 161238347244939257 ],, [ 9916585933, 825481499992549 ],,,, 
  [ 6189743617 ],,,,,,,, [ 2808616586401 ],,, [ 1097767825963 ], 
  [ 71716556957, 528265873829 ],, [ 457202414548317019 ],,,, [ 2435121511 ],, 
  [ 1443913749126649 ],,,,,, [ 8663489929, 13265331561451 ], [ 144259865923 ], 
  [ 1968188633321, 303198034421101 ],, [ 1082518175177 ],, 
  [ 314066611009, 3170863705057, 1407996566632993 ],,,,,,,,,,,,,,,, [ 24550420801 ],, 
  [ 5804851510987578883 ],, [ 9931040248417, 475360607734277 ],, [ 34304965631 ],,,,,,,,,, 
  [ 1210262293313, 1655092565761, 141787818233153, 749413131712001 ],,,,,,, [ 998512452793 ],
  ,,,,,,,,,,,,,,,,,,,,,,,,,,,,,,,,,, [ 5013701989816027 ],,,, [ 144221856547 ],, 
  [ 7097279953, 2045065678769 ],,,,,,, [ 2991437359 ], [ 2315154761 ],,,, 
  [ 1663183801, 101779441892213, 746564504989789 ],, [ 4493747413 ],,, [ 1085599363 ], 
  [ 15109587737 ],, [ 20395669841 ],,, [ 157041246547 ], [ 2635785770257 ],, 
  [ 54956589811, 181719244571, 301413810871, 5216956526191 ],,, [ 35535027149 ], 
  [ 5980202629 ],,,,, [ 177598648613 ],, [ 5251561837 ],,,,,,, [ 1101389461 ],,,,,,,,,,,,,,,,
  ,,,,,,,,,, [ 19044086041 ], [ 6076561501 ],,,,, [ 14228410681, 47597517001 ], 
  [ 1126907699 ], [ 1407049549 ], [ 3337270021 ], [ 494377848208601473 ], [ 1206891911 ], 
  [ 1709282677 ],, [ 5316870217 ],,,,,, [ 82439214173 ],,, [ 280424008087 ],,,, 
  [ 1828193641 ],,,,,,,,,, [ 3558456457 ], [ 2854152781 ],,,, 
  [ 5803545889, 33890320801, 149224049857 ],,,,,,,,, [ 3360738446101 ],,,,,,,,,,,,,,,,,,,,,,,
  ,, [ 10963002301 ],,,, [ 2088441473 ], [ 44773661851 ],,,,, [ 1993047941 ],,,, 
  [ 1486329902929 ],,,,,,,,,,,,,,,,, [ 6598751113 ], [ 31997916553 ],,,,,,,,, 
  [ 129902551147 ],,,,, [ 122267573537 ],,,,,,,,,, [ 152664354883 ],,, [ 1081798897 ],, 
  [ 587431423597 ],,,,,,,,, [ 171143561401, 401066711321 ],,, [ 56173157591 ],,,,,,,,,,, 
  [ 1303532561 ],,,,,,,,,, [ 1075878497 ], [ 1559346361, 230058508681 ],,,,,,,,,,, 
  [ 2058218933 ],,,,,, [ 52170627451, 711616397741 ],,,,,, [ 15209974729 ],,,,,,, 
  [ 2394187801 ],,,,,,,,,, [ 1478126281 ],,,,,,,,, [ 1766685857669 ],,,,,,,,, 
  [ 11996157525299 ],,,,,,,, [ 15629598799 ],,,,,, [ 1392089773 ],,,,,,,, [ 351299487251 ],,,
  ,,,,,,,,,,,,, [ 993334885273 ],,,, [ 1309081951 ],,,, [ 52276484677 ],, [ 15298691899 ],,,,
  ,,,,,,,, [ 9967234132949 ],,,,,,,,,,,,,, [ 51094978309 ],,,,,, [ 5842065987763 ],,, 
  [ 15243233167 ],,,, [ 12784073851 ],, [ 2527562593 ],,,,,,,, [ 1937522546101 ],, 
  [ 14564491573 ],,, [ 77470842551 ],,,, [ 1581646529, 12558429337 ], [ 3907046185351 ],,,, 
  [ 1437118957 ], [ 7332749202641 ],,,,,,, [ 19518936337 ],,,,, [ 137184957391 ],,, 
  [ 326093537641 ],,,,,,,,, [ 26096573851 ],,, [ 2727947549 ],,,,,,,,, [ 1076513497 ],,, 
  [ 546862125503 ],,, [ 1086661853 ],,, [ 2737564601 ],,, [ 68984476801 ], [ 635867902057 ],,
  ,,, [ 98390501977 ], [ 1309067131, 99162203715451, 101045244515161, 222431080750561, 
      40206009618096781 ],,,,,,,,,,,,,,,,, [ 3693572191 ],,,,,, [ 7693949671 ],,,,,,,,,,, 
  [ 238451108453 ], [ 1477747441 ],, [ 21483832549 ],,,,,, [ 6300246481 ], 
  [ 1791699769, 5488615241 ],,,,,, [ 8188079681 ],,,, [ 51677556577 ],,, [ 3094274527 ],,, 
  [ 12451599451 ],, [ 24043501057 ],,,,,,,,,, [ 55770991849 ],,,,,,,,,,, [ 3226259191 ],,,,,,
  ,, [ 34514811311 ],,,,, [ 16049497393 ], [ 6959355138727 ],,,,,,,,,,, [ 1929733975681 ],, 
  [ 1037274881 ],,,, [ 2201507101 ],,,,,,,,,,,,,,,,,,,,,,,,,,,, [ 173331114881 ],,, 
  [ 13375829443751 ],, [ 949680536011 ], [ 4238458753 ], [ 185300698067 ],,,,,,,,,,,,,,,,, 
  [ 152296837489 ], [ 5402196469 ],, [ 430190651057 ],,,,,,,, [ 4621388869 ],,, 
  [ 2114990401 ],,,,,,,,,,,,,,,, [ 974223733499 ],,,,,,,,,,,,,,,,,,, [ 2180116621 ],,,,,,,,,,
  ,,,, [ 1385740019 ], [ 4514894801 ], [ 26206209037 ],,,,,,,,,,,,,,, [ 1120163353 ],,,,,,, 
  [ 3947053679 ],,,, [ 27120806491 ],,,,,,,,,,,,,,,,,,,,,,,,, [ 2695397329 ],,, 
  [ 1001938591 ],,,,,,,,,,,,,, [ 2910224221 ], [ 1103038411 ],,,,,,,,,,,, [ 22498611409 ],, 
  [ 2582901773 ],,,, [ 16873194241 ],,,,, [ 2104285672157 ],,,,,,,,,,,,,, [ 4239340663 ],,,, 
  [ 2032668642317 ],,,,,,,, [ 7157941517, 7216003043 ],,,,,,,,,,,,,,,,,,,, 
  [ 1353011221, 109333977721 ],,,,,,,,,, [ 27647902561 ],,,, [ 98841206771 ],,, 
  [ 21197746441 ],,,,,,,, [ 39773227541 ],,,,,,,,, [ 6233909203 ],,, [ 8231803273 ],,,,,,,,,,
  ,,,,,,,,,,,,, [ 3440732329 ],,,,,,,, [ 480257983633 ],,,,, [ 1349599717 ], [ 4631632631 ], 
  [ 396008743957 ],,, [ 97329828961 ],,,,,,,,,,,,,, [ 25733059603 ],,,,,,,,,,,,,,, 
  [ 2966203331557 ],, [ 2886419521 ],,,,,, [ 2790410027 ],, [ 912326897497 ],, 
  [ 1241369443 ],,,,,,,,,, [ 1140161929, 8154831049 ],,,,,, [ 34039555411 ], [ 32274249751 ],
  , [ 1006127179 ],,, [ 576133643521 ],,,,,, [ 20920642861 ],,,, [ 23245053191 ], 
  [ 147765422239 ],, [ 3756161267 ],, [ 45563328061 ],,,,,,,,,,, [ 6625119143 ],, 
  [ 5534461981 ],,,,,, [ 421806682295085697 ],, [ 4091025529 ],,,,,,,,,,,,,,, [ 1483900819 ],
  ,, [ 51546809323 ],,,,,,, [ 67265687347 ],, [ 52416018973 ],,,, [ 4065551533 ],, 
  [ 135513721969 ],, [ 1720108391, 67936352069 ],,,,, [ 198249389857 ],,,,, [ 40228933627 ], 
  [ 423472009817 ],,,,,,,,,, [ 9081587953 ],,,, [ 12364646113 ],,,,,,,,,,,,,,,,,,,,, 
  [ 3773894329 ],,,,,,,,,,,,,,,,,,,,, [ 2012082493 ],,,,,,,, [ 1975518049 ],,,,,,,,,,,,,,,, 
  [ 122305155337 ],, [ 1887310441 ],,,,,,,,,,,,,,, [ 6789334259 ],,,,,,, [ 2547849067 ],,,,,,
  ,,,,,,,,, [ 2945460649 ], [ 136874874593 ],,,,, [ 4896094447063 ], [ 36278861569 ],,,,,,,,,
  ,,,,, [ 227917840063 ],,,, [ 674719355549 ],, [ 2078780115469 ],,,,,,, [ 6045130981 ],, 
  [ 16471050889 ], [ 1094870111 ],,,, [ 244906960271 ],,, [ 25342075001 ],,,,,,, 
  [ 10331935932709 ],,,,,,,,,,,,,,, [ 1136916691 ],,,,,, [ 7759261843 ],, [ 13064236621 ], 
  [ 1276437889 ],,,,,,,, [ 11329629053 ], [ 62342897671 ],,,,,, [ 1087431031 ],,,,,,,,,,,,,, 
  [ 4073876171 ],,,,,,,,,,,,,, [ 1381846439 ], [ 51243702401, 63326640001 ], [ 1244676841 ],,
  ,, [ 1364580031 ],,,,,,, [ 240030591901 ], [ 6414525740827 ],,,,,,,,,,, [ 1265790761 ],,,,,
  ,,, [ 1823720641 ],,,, [ 364522718117, 11630968335209 ],,,, [ 1088429401, 8143655761 ],,, 
  [ 785971826071 ],,,,,,, [ 83866965001 ],,,,,,,,,,,,,,,,,,,, [ 39458612581 ],,, 
  [ 2190533803 ],,,,, [ 7855189409 ],,,,,,,,,,,,,,,, [ 1913418721 ],,,,,,,,,,,,,,,,,,,,,,,,,,
  ,,,,, [ 163031260351 ],,,,, [ 137538696961 ],,,,,,,, [ 160400603567 ], [ 6388007851 ],,,,,
  , [ 44287505641, 16192273239481 ],,, [ 69582053161 ],,,,,,, [ 11734239991 ],, 
  [ 3861651097 ],,, [ 712276293121 ],, [ 5005328791 ],,, [ 252015604541 ],,,, [ 6975952471 ],
  ,,,,,,,,,,, [ 76998251611 ],,,,,,,,,,,,,, [ 280174072501 ],,,,, [ 2915183801 ],,,, 
  [ 15698601241 ],, [ 16913439869 ],,,, [ 1788367681 ],, [ 2713891153 ],,,, [ 621238224713 ],
  ,,,,,,,,, [ 18689354179 ],,,,,,,,,,,, [ 33351401971 ],,,,,,,,, [ 2978742836521 ],,,,,,,,,,,
  , [ 24271595461 ],,,,,,,,, [ 13587689893 ],,,,,,,,,,,,,,,,,,,,,,,, [ 6695396677 ],,, 
  [ 1172369791 ],,,,,,,,,,,,, [ 2198758273 ],, [ 485134850071 ],, [ 53958835097 ],,,,,, 
  [ 5357548129 ],,,,,,,, [ 3601713799 ],,,,,,,, [ 9842872063 ],,,,,,,,,,,,,,,,,,,, 
  [ 18547231369 ],,,,,,,,,,, [ 49403541841 ], [ 54454378343 ],,,,,,,,,,,,, 
  [ 4950651751, 6120369163 ], [ 1404802741 ],,,,,,,,,, [ 14241393581 ], 
  [ 13150780651, 470984787001 ],,,,,, [ 65111145859, 939661892137 ],,,,, [ 6862757327 ],,, 
  [ 69597661351 ],,,,,,,,,,,,,,, [ 8845535161 ],,,,,,, [ 10200444229 ], [ 5925666821 ],,,,,,,
  ,,, [ 25505447296027 ],,,,,,,, [ 54425468117 ],,,,,,,, [ 3153555469, 3721613617 ],,,,,,,, 
  [ 1709516813 ],,,,,,,,,,,, [ 2381196469499 ],,,,,,,,,, [ 1300754089 ],,,,,,,,,,,,,,,,,,,,,,
  ,,,,, [ 3389263723 ], [ 7888523393 ],,,,, [ 1259639263 ],,,,,,,,,,, 
  [ 43097696849, 2334798290161 ],,,,,,,,,,,,,,,,,,,,,,,,,,,,,,,,,,,,,, [ 613274443237 ],, 
  [ 52642697857 ],, [ 3843711041 ], [ 16861558897 ], [ 200113875349 ],,,,,,,,,,,,,,,,,,,,,,,,
  ,,,, [ 20260866601 ],,,,,, [ 22997127011 ],,,, [ 1267362211 ],,,,,,,,,,,,,,,,,,,,, 
  [ 56420677063 ],,,,,,,,,,,, [ 1390020787 ],,, [ 3663088087 ],,,,,,,,,,,,,,,, 
  [ 16267477781 ],,,,, [ 290443432603 ],,,,,,,,, [ 2514388333, 3919093369 ],,,,,,,,,,,,,,,,,,
  ,,,,,,,,,,,,,,,, [ 1007962811, 4971047409841 ],,,,,, [ 15298120289 ],, [ 27469956043 ],,,,,
  ,,,,, [ 2065350257 ],,,, [ 127484479669 ],,,,,,,,,,,,,,,,,,,,,,,,,,,,,,,,,,,,,,,,,,, 
  [ 6070580251 ],,,,,, [ 19430329447 ],,,,,,,,,,,,, [ 23511419891 ],,,,,,,, [ 4279838851 ],,,
  ,,,,, [ 32871565981 ],, [ 1185044501 ],,,,, [ 100458276829 ],,,,,,, [ 2433031121 ],,,, 
  [ 1163757677, 197116685221 ],,,,,,,,,,,,, [ 1136280709, 11794975867 ],,,,, [ 32226632761 ],
  ,,,,,,,,,,,,,,,,,,,,,,,,,,,,,,,,,,,,,,,,,,,,,,,,,,,,,,,,,,,,,,,,,,,,, [ 4053375061 ],,,,,,,
  , [ 110012665297 ],,,, [ 35139384068449 ],,,, [ 46475492269 ],,,,,,,,,,,,,,,,,,,,,,,,,, 
  [ 4256020693 ],,, [ 2798988193 ],,,,,,,,,,, [ 1920367429 ],,,,,,,,,,,,,,,, [ 5942885077 ],,
  ,,,,,,,,,,,,,,,,,,,,,,,,,,,,,,,,,, [ 8939876353 ],,,,,,,, [ 512647932224041 ],,,,,,,,,,,,,,
  ,, [ 15381315577 ],,,,,,,,,,,,,,, [ 2632342819 ], [ 922140413273 ],, 
  [ 1056786319, 64346172607, 136473375637 ],,,, [ 2558041711 ],,,,,, [ 2130850529 ],,,,,,,,,,
  ,,,,,, [ 2042090681 ],,,,,,,,,,,,,,,,,,,,,,,,,,,, [ 131406127201 ],,,,,,,,,,,,,, 
  [ 1619654807 ],,,,,, [ 2333184001 ],,,,,,, [ 21964260781 ],,,,,,,,,,,,, [ 2848200521 ],, 
  [ 1495987159 ],,,,,,,,,,,,,,,,,,,,,,,,,,,,,,,,,, [ 15968601881 ],,,,,,,, [ 41312580781 ],,,
  , [ 7648197377 ],,,,,,,,,,,, [ 4986308081 ],, [ 60946914012073 ],, [ 129770041409 ],, 
  [ 1732407217 ],,,,,, [ 89752166081 ],,,,,,,,,,,,,,,, [ 165377858753 ],,,,,,,,,,,,,,,,,,,,,,
  ,,,,,,,, [ 2006770921 ],,,,,,,, [ 24720331787 ],, [ 4858989142921 ],,,,,,,,,,,,,, 
  [ 3355264067 ],,,,,,,,,,,, [ 3323148119 ],,,,,,,,,, [ 23510988229, 65809768441 ],,,,,, 
  [ 4060633111 ],,,,,,,, [ 24358872191 ],,,,,,,,,,,,,,,,,,,, [ 136097435951 ],,,,,,,,,,,,,,,,
  ,,,,,, [ 10617635381 ],,,,,,,,,,,, [ 7787554433 ],,,, [ 16650007333 ],,,,,,,,,, 
  [ 6205662215537 ],,,,,,,,,,,, [ 54950505601 ],,,,,,,,,,,,,,,,,,,,,,,,,,,,,, 
  [ 16698916081 ],,,,,,,,,,,,,,,,,,,, [ 12053451697669 ],,,,,, [ 15939569263 ],, 
  [ 6292731677 ],,,,,,, [ 1227142687, 11136754693 ],,, [ 2826890419 ],,,,,,,,,,,,,, 
  [ 52801228801 ],,,,,,,,,,,,,, [ 494201820703 ],,,,,,,, [ 3725932319869 ],,,,,,,,,,,, 
  [ 39504117511 ],,,,,,,,,,,,,,,,,,,,,,,,,,,,,,,,,,,,,,,,,,,,,,,,,, [ 1826406817 ], 
  [ 118613345731 ],,,,,,,,,,, [ 1327296505877 ],,,,,,,,,,,,,, [ 29165430191 ],,,,,,,,,, 
  [ 1212658981 ],, [ 9232823239 ],, [ 2193521041 ],,,,,,,,,,,,,,,,,,,,, [ 5685936961 ],,,,,,,
  ,, [ 57466549687, 73582417021 ],,,,,,,,,,,, [ 52315305139 ],,,,,,,,,,,,,,,,,,,,,,,,,,,,,,,,
  ,,,,,,,,,,,,,,,,,,,, [ 18423349309 ],,,,,, [ 9322402393 ],,,,,,,,,,,,,,,, [ 41574555881 ],,
  ,,,,,,,,,,,,,,,, [ 1101404827, 1383088639 ],,,,,,, [ 6912481531 ],,,,,,,,,,,,, 
  [ 4513174273 ],,,,,,,,,,,, [ 79149553661 ],,,,,,,,,,,,,,,,,,,,,,,,,,,,,,,,,,,,,,,,,,,,,,,,,
  ,,,,, [ 1154173779721 ],,,,,,,,,,, [ 9748486621 ],,,,, [ 132269771261 ],,,,,,,,,,,,,,,,,,,,
  ,, [ 3168311917 ],,, [ 12176073181, 15212357191 ],,,,,,,,,,,,,,,,,,,,,,,,,,,,,,,,,,,,,,,,,,
  ,,,,,,,,, [ 73014670273 ],, [ 8552889493 ],, [ 1198786781 ],,,,,,,,,, [ 10123730951 ],,,,,,
  ,,,,,,,,,,,,,, [ 6168130541 ],, [ 62934354622957 ],,,,,,,,,, [ 2388399347 ],,,,,,,,,,,,,,,,
  ,,,,,,,,,,,,,,,, [ 64762517456737 ],,,,,, [ 3283051141 ],,,,,,,,,,,,,,,,,,,,,, 
  [ 47014344761 ],,,,,,,,,,,,,, [ 1691464897 ],,,,,, [ 37064496649 ],, 
  [ 543770226161, 722773704241 ],,,,,,,,,, [ 11821776481 ],,,, [ 2431179436141 ],, 
  [ 118704416161 ],,,,,,,,,,,,,,,, [ 10283841649 ],,,,,,,,,,,,,,,,,,,,,,,,,,,,,, 
  [ 1057468943507 ],,,,,,,,,,,,,,,,,, [ 39367521889, 128327358433 ],,,,,,,,,,,,,,,,,,,, 
  [ 7930325341 ],,,,,,,,,,,,,,,,,, [ 6053183839 ],,,,,,,,,,,,,,,,,, [ 7168230001 ],, 
  [ 2791607747 ],,,,,,,,,,,,,,,,,,,,,,,,,,,,,,,,,,,,,,,,,,,,,,,,,,,, [ 1567146907 ],,,,,,,,,,
  ,,,,,,,, [ 4148832097, 3654976878433 ],,,, [ 4484915189, 17005926089 ],,,, [ 3587734081 ],,
  ,,,,,,,,,,,,,, [ 16537343089 ],,,,,,,,,,,,,,,,,,,,,,,,,,,,,,,,,,,,,,,,,,,,,,,,,,,,,, 
  [ 2605652851 ],,,,,,,, [ 1649775583 ],,,,,,,,,,,,,,,,,, [ 2288602289 ],,,,,,,,,, 
  [ 5086678633 ],,,,,,,,,,,,,,,,,,,,,,,,,,,,,,,,,,,,,,,,,,,,,, [ 6461221889 ],,,,,,,, 
  [ 5112174961, 15578932081 ],,,,,,,,,,,,,,,,,,,,,,,,,,,,,,,,,,,,,,,,,, [ 2179302691 ],,,,,,,
  ,,,,,,,,,,,,,,,,,,,,,,, [ 1089712513 ],,,,,,,,,,,,,,,,,,,,,,,,,,,,,,,,,,,,,, 
  [ 3496138001 ],,,,,,,,,,,,,,,,,,,,,,,,,,,,,,,,,,,,,,,,,,,,,,,,,,,, [ 21361559917 ],,,,,,,,,
  ,,,,,,,,,,,,,,, [ 1504919887 ],,,,,,,,,,,,,, [ 1107141361, 374497089761 ],,,,,,,,,,,,,,,,,,
  ,,,,,,,,,,,,,,,,,,,,,,,,,,,,,,,,,,,,,, [ 6510581353 ],,,,,, [ 1416603943 ],, 
  [ 5387825089 ],,,,,,,,,,,, [ 813545425081 ],,,,,,,,,,,,,, [ 567320805091 ],,,,,,,,,,,,,,,,,
  ,,,,,,,,,,,,,,,,,,,,,,,,,,,,,,,,,,,,,, [ 2427755401, 184458478051 ],,,,,,,,, 
  [ 1676419903 ],,,,,, [ 5036835438001 ],,,,,, [ 3148086943 ],,,,,, [ 65776107637 ],,,,,,,,,,
  ,,,,,,,,,,,,,, [ 1516985629 ],,,,,, [ 1926890473 ],,,,,, [ 12374383393 ],, 
  [ 5754492341951 ],,,,,,,,,, [ 2647026181 ],,,,,, [ 2218427191 ],,,,,,,,,,,,,,,,,,,,,,,, 
  [ 107094154231 ],,,,,,,,,, [ 1507206301 ],,,, [ 21503097953 ],,,,,,,,,,,,,,,,,,,,,,,,,,,,,,
  ,,,,,,,,,,,, [ 48555366721 ],,,,,,,,,,,,,,,, [ 1357691947 ],,,,,,,,,,,,,,,,,,,,,,,,,, 
  [ 6200029905161 ],,,, [ 1696750417 ],,,,,,,,,,,,,,,,,,,,,,,,,,,,,,,,,,,,,,,,,,,,,,,,,,,,,,,
  ,,,,, [ 552404931781 ],,,,,,,,,,,,,,,,,,,,,,,,,,,,,, [ 67328610247 ],,,,,, [ 4292484337 ],,
  ,, [ 15745006421 ],,,,,,,,,,,,,,,,,,,,,, [ 1884362789 ],,,,,, [ 50161524001 ],,,,,,,, 
  [ 7286666689 ],,,,,,,,,,,,,,,,,,,, [ 8392976461, 30374773729 ],,,,,,,,,,,,,,,,,,,,,, 
  [ 5641596871 ],,,,,,,, [ 5204027053 ],, [ 209714472661 ],,,,,,,,,,,,,,,,,, 
  [ 94031572405583 ],, [ 346054643201 ],,,,,,,,,,,,,,,,,,,,,,,,,,,,,,,,,,,,,,,, 
  [ 214534142201 ],,,,,,,,,,,,,,,,,,,,,, [ 705092800483 ],,,,,,,,,,,,,,,, 
  [ 18947955661, 2243788934663 ],,,,,,,,,,,,,, [ 1526301661 ],,,,,,,,,,,,,,,,,, 
  [ 105404210731 ],,,,,,,,,,,,,,,,,,,,,,,, [ 22434247243 ],,,,,,,,,,,,,,,,,,,,,,,,,,,,,,,,,,,
  , [ 26004717001 ],,,,,,,,,, [ 10704887251381 ],,,,,,,,,,,,,,,,,,,,,,,,,,,,,,,,,,,,,,,,,,,, 
  [ 22470588577 ],,,,,,,,,,,,,,,,,,,,,,,,,,,,,, [ 65170473721 ],,,,,,,,,,,,,,,,,,,,,,,, 
  [ 4063376017 ],,,,,,,,,,,,,,,,,,,,,,,,,,,,,,,, [ 1719585121 ],,,,,,,,,,,,,,,,,,,,,,,,,,,,,
  , [ 9795066761 ],,,,,,,,,,,,,,,,,,,,,,,,,,,,,,,,,, [ 4789976689 ],,,,,,,,,,,,,,,,,, 
  [ 263680579369 ],,,,,, [ 1238099347 ],,,,,,,,,,,,,,,,,,,,,,,,,,,,,,,,,,,,,,,,,,,,,,,,,,,, 
  [ 1256242051 ],,,,,,,,,,,,,, [ 1307619457 ],,,,,,,,,,,, [ 30389925961 ],,,,,, 
  [ 8613635077, 17798799607 ],,,,,, [ 1306860241, 156259080937 ],,,,,,,,,,,,,,,,,,,,,,,,,,,,,
  ,,,,,,,,,,,,,,,,,,,,,,,,,,,,,,,,, [ 1408313251 ],,,,,,,,,,,,,,,,,,,,,,,,,,,,,,,,,,,,,,,, 
  [ 6138135691 ],,,,,,,,,,,,,,,,,,,,,,,,,,,,,,,,,,,,,,,, [ 1803068461 ],, [ 152489855257 ],,,
  ,,,,,,,,,,,,,,,,,,,,,,,,,,,,,,,,,,,,,,,,,,,,,,,,,,,,,,,,,,,,,,, [ 22193415973 ],,,,,,,,,,,
  , [ 1762569001, 11572663275451 ],,,,,,,,,,,, [ 22547760583 ],,,,,, [ 319007345977 ],,,,,,,,
  ,,,,,,,,,,,,,,,,,,,,,, [ 49426519693 ],,,,,,,,,,,,,,,,,,,,,,,,,,,,,,,,,,,, [ 9548114203 ],,
  ,,,,,,,,,,,,,,,,,,,,,,,,,,,,,,,,,,,,,,,,,,,,,,,,,,,,,,,,,,,,,,,,,,,,,,,,,,,,,,,,,,,,,,,,,,,
  ,,,,,,,,,,,,,,,,,,,,,,,,,,,,,,,,,,,,,,, [ 40975566028057 ],,,,,,,,,,,,,,,,,, 
  [ 2496556081 ],,,,,,,,,,,,,,,,,,,,,,,,,,,,,, [ 629549277061 ],,,,,,,,,,,, [ 2223703021 ],,,
  ,,,,,,,,,,,,,,,,,,,,,,,,,,,,,,,,,,,,, [ 16051855951, 364312379059 ],,,,,,,,,,,,,,,,,,,,,,,,
  ,,,,,,,,,,,,,, [ 1645192489 ],,,,,, [ 2649325141 ],,,,,,,,,,,,,,,,,,,, [ 15613661491 ],,,,,
  ,,,,, [ 1376488860001 ],,,,,,,,,,,,,,,,,,,,,,,,,,,,,,,,,,,, [ 7339513873 ],,,,,,,,,,,,,,,,,
  ,,,,,,, [ 18375373801 ],,,,,,,,,,,,,,,,,,,,,,,,,,,,,, [ 2977974451 ],,,,,,,,,,,,,,,,,, 
  [ 2413075009 ],,,,,,,,,,,,,,,,,,,,,,,,,,,,,,,,,,,,,,,,,,,,,,,,,,,,,,,,,,,,,,,,,,,,,,,,,,,,,
  ,,,,,,,,,,,,,,, [ 1531229701 ],,,,,,,,,,,,,,,,,,,,,, [ 157304885167 ],,,,,,,,,,,,,,,,,,,, 
  [ 1460837981 ],,,,,,,,,,,,,,,,,,,,,, [ 12724800037 ],,,,,,,,,,,,,,,,,,,,,,,,,,,,,,,,,,,,,,,
  ,,,,,,,,, [ 3677139649 ],,,,,,,,,,,,,,,,,,,,,,,, [ 1962996361 ],,,,,,,,,,,,,,,,,,,,,,,, 
  [ 3216492781, 55196590621 ],,,,,, [ 6522849037 ],,,,,,,,,,,,,,,,,,,,,,,, [ 6788287741 ],,,,
  ,, [ 1659004873 ],,,,,,,,,,,,,, [ 1565681671 ],,,,,,,,,,,,,,,,,,,,,,,,,,,,,,,,,, 
  [ 100022967553 ],,,,,,,,,,,,,,,,,,,,,,,,,,,,,,,,,,,,,,,,,, [ 1771754969293 ],,,,,, 
  [ 15724651609 ],,,,,,,,,,,,,,,,,,,,,,,, [ 192507542593 ],,,,,,,,,,,,,,,,,, 
  [ 4749669499537 ],,,,,,,,,,,,,,,,,,,,,,,,,,,,,,,,,,,,,,,,,,,,,,,,,,,,,,,,,,,, 
  [ 12174654853 ],,,,,,,,,,,,,,,,,,,,,,,,,, [ 1577626681 ],,,,,,,,,,,,,,,,,,,,,,,,,,,,,,,,,,,
  ,,,,,,,,,,,,,,,,,,,,,,, [ 6172500883 ],,,,,,,,,,,,,,,,,,,,,,,,,,,,,,,,,,,,,,,,,,,,,,,,,,,,,
  ,,,,,,,,,,,,, [ 62825298121 ],,,,,,,,,,,,,,,,,, [ 4631801131 ],,,,,,,,,,,,,,,,,,,,,,,,,,,,,
  ,,,,,,, [ 81868723543 ],,,,,,,,,,,,,,,,,,,,,,,,,,,,,,,,,,,,,,,,,,,,,,,,,,,,,,,,,,,,,,,,,,,,
  ,,,,,,,,,,,,,,,,,,,,,,,,,,,,,,,,,,,,,,,,,,,,,,,,,,,,,,,,,,,,,,,,,,,,,,,,,,,,,,,,,,,,,,,,,,,
  ,,,,,,,,,,,,, [ 3156743591 ],,,,,,,,,,,,,,,,,,,,,,,,,,,,,,,,,,,,,,,,,,,, [ 2199064033 ],,,,
  ,,,,,,,,,,,,,,,,,,,,,,,,,,,,,,,,,,,,,,,,,,,,,,,,,,,,,,,,,,,,,,,,,,,,,,,,,,,,,,,,,,,,,,,,,,,
  , [ 1537151911 ],,,,,,,,,,,,,,,,,,,,,,,,,,,,,,,,,,,, [ 32259021433 ],,,,,,,,,,,,,,,,,,,,,,,
  ,,,,,,,,,,,,,,,,,,,,,,,,, [ 26004188701 ],,,,,, [ 3069615614701 ],,,,,,,,,,,, 
  [ 3719788777 ],,,,,,,,,,,,,,,,,,,,,,,, [ 193967792929 ],,,,,, [ 15212295139 ],,,,,,,,,,,,,,
  ,,,, [ 125649585601 ],,,,,,,,,,,,,,,,,,,,,,,,,,,,,,,,,,,,,,,,,,,,,,,,,,,,,,,,,,,,,,,,,,,,,,
  ,,,,,,,,,,,,,,,,,,,,,,,,,,,,,,,,,,,,,,,,,,,,,,,,,,,,,,,,,,,,,, [ 4996708237 ],,,,,,,,,,,,,,
  ,,,,,,,,,,,,,,,,,,,,,,,,,,,,,,,,,,,,,,,,,,,,,,,,,,,,,,,,,,,,,,,,,,,,,,,,,,,,,,,,,, 
  [ 42782835061 ],,,,,,,,,,,,,,,,,, [ 61224246973, 4803941010679 ],,,,,,,,,,,,,,,,,,,,,,,,,,,
  ,,,,,,,,,,,,,,, [ 54960329737 ],,,,,,,,,,,, [ 11686792981 ],,,,,,,,,,,,,,,,,,,,,,,,,,,,,,,,
  ,,,,,,,,,,,,,,,,,,,,,,,,,,,,,,,,,,,,,,,,,,,,,,,,,,,,,,,,,,,,,,,,,,,,,,,,,,,,,,,,,,,,,,,, 
  [ 2182792861 ],,,,,,,,,,,,,,,,,,,,,,,,,,,,,,,,,,,,,,,,,,,,,,,,,,,,,,,,,,,,,,,,,,,,,,,,,,,,,
  ,,,,,,,,,,,,, [ 19680747661 ],,,,,,,,,,,,,,,,,,,,,,,,,,,,,,,,,,,,,,,,,,,,,,,,,,,,,,,,,,,, 
  [ 1052853181 ],,,,,,,,,,,,,,,,,,,,,,,,,,,,,,,,,,,,,,,,,,,,,,,,,,,,,,,,,,,,,,,,,,,,,,,,,,,,,
  ,,,,,,,,,,,,,,,,,,,,,,,,,,,,,,,,,,,,,,,,,,,,,,,,,,,,,,,,,,,,,,,,,,,,,,,,,,,,,,,,,,,,,,,,,,,
  ,,,,,,,,,,,,,,,,,,,,,,,,,,,,,,,,,,,,,,,,,, [ 13591285021 ],,,,,,,,,,,,,,,,,,,,,,,,,,,,,, 
  [ 12897699541 ],,,,,,,,,,,,,,,,,,,,,,,,,,,,,,,,,,,,,,,,,,,,,,,,,,,,,,,,,,,,,,,,,,,, 
  [ 2711256143 ],,,,,,,,,,,,,,,,,,,,,,,,,,,,,,,,,,,,,,,,,,,,,,,,,,,,,,,,,,,,,,,,,,,,,,,,,,,,,
  ,,,,,,,,,,,,,,,,,,,,,,,,,,,,,,,,,,,,,,,,,,,,,,,,,,,,,,,,,,,,,,,,, [ 1168641541 ],,,,,,,,,,,
  ,,,,,,,,,,,,,,,,,,,,,,,,,,,,,,,,,,,,, [ 8297033473 ],,,,,,,,,,,,,,,,,,,,,,,,,,,,,,,,,,,,,,,
  ,,,,,,,,,,,,,,,,,,,,,,,,,,,,,,,,,,,,,,,,,,,,,,,,,,,,,,,,,,,,,,,,,,,,,,,,,,,,,,,,,,,,,,,,,,,
  ,,,,,,,,,,,,,,,,,,,,,,,,,,,,,,,,,,,,,,,,,,,,,,,,,,,,,,,,,,,,,,,,,,,,,,,,,,,,,,,,,,,,,,,,,,,
  ,,,,,,,,,,,,,,,,,,,,,,,,,,,,,,, [ 135022255201 ],,,,,,,,,,,,,,,,,,,,,,,,,,,,,,,,,,,,,,,,,,,
  ,,,,,,,,,,,,,,,,, [ 119878487041 ],,,,,,,,,,,,,,,,,,,,,,,,,,,,,,,,,,,,,,,,,,,,,,,,,,,,,,,,,
  ,,,,,,,,,,,,,,,,,,,,,,,,,,,,,,,,,,,,,,,,,,,,,,,,,,,,,,,,,,,,,,, [ 1604643315841 ],,,,,,,,,,
  ,,,,,,,,,,,,,,,,,,,, [ 6998537701 ],,,,,,,,,,,,,,,,,,,,,,,,,,,,,,,,,,,,,,,,,,,,,,,,,,,,,,,,
  ,,,,,,,,,,,,,,,,,,,,,,,,,,,,,,,,,, [ 3796308541 ],,,,,,,,,,,,,,,,,,,,,,,,,,,,,,,,,,,,,,,,,,
  ,,,,,,,,,,,,,,,,,, [ 11102960881, 12090543121 ],,,,,,,,,,,,,,,,,,,,,,,,,,,,,,,,,,,,,,,,,,,,
  ,,,,,,,,,,,,,,,,,,,,,,,,,,,,,,,,,,,,,,,,,,,,,,,,,,,,,,,,,,,,,,,,,,,,,,,,,,,,,,,,,,,,,,,,,,,
  ,,,,,,,,,,,,,,,,,,,,,,,,,,,,,,,,,,,,,,,,,,,,,,,,,,,,,,,,,,,,,,,,,,,,,,,,,,,,,,,,,,,,,,,,,,,
  ,,,,,,,,,,,,,,,,,,,,,,,,,,,,,,,,,,,,,,,,,,,,,,,,,,,,,,,,,,,,,,,,,,,,,,,,,,,,,,,,,,,,,,,,,,,
  ,,,,,,,,,,,,,,,,,,,,,,,,,,,,,,,,,,,,,,,,,,,,,,,,,,,,,,,,,,,,,,,,,,,,,,,,,,,,,,,,,,,,,,,,,,,
  ,,,,,,,,,,,,,,,,,,,,,,,,,,,,,,,,,,,,,,,,,,,,,,,,,,,,,,,,,,,,,,,,,,,,,,,,,,,,,,,,,,,,,,,,,,,
  ,,,,,,,,,,,,,,,,,,,,,,,,,,,,,,,,,,,,,,,,,,,,,,,,,,,,,,,,,,,,,,,,,,,,,,,,,,,,,,,,,,,,,,,,,,,
  ,,,,,,,,,,,,,,,,,,,,,,,,,,,,,,,,,,,,,,,,,,,,,,,,,,,,,,,,,,,,,,,,,,,,,,,,,,,,,,,,,,,,,,,,,,,
  ,,,,,,,,,,,,,,,,,,,,,,,,,,,,,,,,,,,,,,,,,,,,,,,,,,,,,,,,,,,,,,,,,,,,,,,,,,,,,,,,,,,,,,,,,,,
  ,,,,,,,,,,,,,,,,,,,,,,,,,,,,,,,,,,,,,,,,,,,,,,,,,,,,,,,,,,,,,,,,,,,,,,,,,,,,,,,,,,,,,,,,,,,
  ,,,,,,,,,,,,,,,,,,,,,,,,,,,,,,,,,,,,,,,,,,,,,,,,,,,,,,,,,,,,,,,,,,,,,,,,,,,,,,,,,,,,,,,,,,,
  ,,,,,,,,,,,,,,,,,,,,,,,,,,,,,,,,,,,,,,,,,,,,,,,,,,,,,,,,,,,,,,,,,,,,,,,,,,,,,,,,,,,,,,,,,,,
  ,,,,,,,,,,,,,,,,,,,,,,,,,,,,,,,,,,,,,,,,,,,,,,,,,,,,,,,,,,,,,,,,, [ 5783292901 ],,,,,,,,,,,
  ,,,,,,,,,,,,,,,,,,,,,,,,,,,,,,,,,,,,,,,,,,,,,,,,,,,,,,,,,,,,,,,,,,,,,,,,,,,,,,,,,,,,,,,,,,,
  ,,,,,,,,,,,,,,,,,,,,,,,,,,,,,,,,,,,,,,,,,,,,,,,,,,,,,,,,,,,,,,,,,,,,,,,,,,,,,,,,,,,,,,,,,,,
  ,,,,,,,,,,,,,,,,, [ 291858703921 ],,,,,,,,,,,,,,,,,,,,,,,,,,,,,,,,,,,,,,,,,,,,,,,,,,,,,,,,,
  ,,,,,,,,,,,,,,,,,,,,,,,,,,,,,,,,,,,,,,,,,,,,,,,,,,,,,,,,,,,,,,,,,,,,,,,,,,,,,,,,,,,,,,,,,,,
  ,,,,,,,,,,,,,,,,,,,,,,,,,,,,,,,,,,,,,,,,,,,,,,,,,,,,,,,,,,,,,,,,,,,,,,,,,,,,,,,,,,,,,,,,,,,
  ,,,,,,,,,,,,,,,,,,,,,,,,,,,,,,,,,,,,,,,,,,,,,,,,,,,,,,,,,,,,,,,,,,,,,,,,,,,,,,,,,,,,,,,,,,,
  ,,,,,,,,,,,,,,,,,,,,,,,,,,,,,,,,,,,,,,,,,,,,,,,,,,,,,,,,,,,,,,,,,,,,,,,,,,,,,,,,,,,,,,,,,,,
  ,,,,,,,,,,,,,,,,,,,,,,,,,,,,,,,,,,,,,,,,,,,,,,,,,,,,,,,,,,,,,,,,,,,,,,,,,,,,,,,,,,,,,,,,,,,
  ,,,,,,,,,,,,,,,,,,,,,,,,,,,,,,,,,,,,,,,,,,,,,,,,,,,,,,,,,,,,,,,,,,,,,,,,,,,,,,,,,,,,,,,,,,,
  ,,,,,,,,,,,,,,,,,,,,,,,,,,,,,,,,,,,,,,,,,,,,,,,,,,,,,,,,,,,,,,,,,,,,,,,,,,,,,,,,,,,,,,,,,,,
  ,,,,,,,,,,,,,,,,,,,,,,,,,,,,,,,,,,,,,,,,,,,,,,,,,,,,,,,,,,,,,,,,,,,,,,,,,,,,,,,,,,,,,,,,,,,
  ,,,,,,,,,,,,,,,,,,,,,,,,,,,,,,,,,,,,,,,,,,,,,,,,,,,,,,,,,,,,,,,,,,,,,,,,,,,,,,,,,,,,,,,,,,,
  ,,,,,,,,,,,,,,,,,,,,,,,,,,,,,,,,,,,,,,,,,,,,,,,,,,,,,,,,,,,,,,,,,,,,,,,,,,,,,,,,,,,,,,,,,,,
  ,,,,,,,,,,,,,,,,,,,,,,,,,,,,,,,,,,,,,,,,,,,,,,,,,,,,,,,,,,,,,,,,,,,,,,, [ 633249212149 ],,,
  ,,,,,,,,,,,,,,,,,,,,,,,,,,,,,,,,,,,,,,,,,,,,,,,,,,,,,,,,,,,,,,,,,,,,,,,,,,,,,,,,,,,,,,,,,,,
  ,,,,,,,,,,,,,,,,,,,,,,,,,,,,,,,,,,,,,,,,,,,,,,,,,,,,,,,,,,,,,,,,,,,,,,,,,,,,,,,,,,,,,,,,,,,
  ,,,,,,,,,,,,,,,,,,,,,,,,,,,,,,,,,,,,,,,,,,,,,,,,,,,,,,,,,,,,,,,,,,,,,,,,,,,,,,,,,,,,,,,,,,,
  ,,,,,,,,,,,,,,,,,,,,,,,,,,,,,,,,,,,,,,,,,,,,,,,,,,,,,,,,,,,,,,,,,,,,,,,,,,,,,,,,,,,,,,,,,,,
  ,,,,,,,,,,,,,,,,,,,,,,,,,,,,,,,,,,,,,,,,,,,,,,,,,,,,,,,,,,,,,,,,,,,,,,,,,,,,,,,,,,,,,,,,,,,
  ,,,,,,,,,,,,,,,,,,,,,,,,,,,,,,,,,,,,,,,,,,,,,,,,,,,,,,,,,,,,,,,,,,,,,,,,,,,,,,,,,,,,,,,,,,,
  ,,,,,,,,,,,,,,,,,,,,,,,,,,,,,,,,,,,,,,,,,,,,,,,,,,,,,,,,,,,,,,,,,,,,,,,,,,,,,,,,,,,,,,,,,,,
  ,,,,,,,,,,,,,,,,,,,,,,,,,,,,,,,,,,,,,,,,,,,,,,,,,,,,,,,,,,,,,,,,,,,,,,,,,,,,,,,,,,,,,,,,,,,
  ,,,,,,,,,,,,,,,,,,,,,,,,,,,,,,,,,,,,,,,,,,,,,,,,,,,,,,,,,,,,,,,,,,,,,,,,,,,,,,,,,,,,,,,,,,,
  ,,,,,,,,,,,,,,,,,,,,,,,,,,,,,,,,,,,,,,,,,,,,,,,,,,,,,,,,,,,,,,,,,,,,,,,,,,,,,,,,,,,,,,,,,,,
  ,,,,,,,,,,,,,,,,,,,,,,,,,,,,,,,,,,,,,,,,,,,,,,,,,,,,,,,,,,,,,,,,,,,,,,,,,,,,,,,,,,,,,,,,,,,
  ,,,,,,,,,,,,,,,,,,,,,,,,,,,,,,,,,,,,,,,,,,,,,,,,,,,,,,,,,,,,,,,,,,,,,,,,,,,,,,,,,,,,,,,,,,,
  ,,,,,,,,,,,,,,,,,,,,,,,,,,,,,,,,,,,,,,,,,,,,,,,,,,,,,,,,,,,,,,,,,,,,,,,,,,,,,,,,,,,,,,,,,,,
  ,,,,,,,,,,,,,,,,,,,,,,,,,,,,,,,,,,,,,,,,,,,,,,,,,,,,,,,,,,,,,,,,,,,,,,,,,,,,,,,,,,,,,,,,,,,
  ,,,,,,,,,,,,,,,,,,,,,,,,,,,,,,,,,,,,,,,,,,,,,,,,,,,,,,,,,,,,,,,,,,,,,,,,,,,,,,,,,,,,,,,,,,,
  ,,,,,,,,,,,,,,,,,,,,,,,,,,,,,,,,,,,,,,,,,,,,,,,,,,,,,,,,,,,,,,,,,,,,,,,,,,,,,,,,,,,,,,,,,,,
  ,,,,,,,,,,,,,,,,,,,,,,,,,,,,,,,,,,,,,,,,,,,,,,,,,,,,,,,,,,,,,,,,,,,,,,,,,,,,,,,,,,,,,,,,,,,
  ,,,,,,,,,,,,,,,,,,,,,,,,,,,,,,,,,,,,,,,,,,,,,,,,,,,,,,,,,,,,,,,,,,,,,,,,,,,,,,,,,,,,,,,,,,,
  ,,,,,,,,,,,,,,,,,,,,,,,,,,,,,,,,,,,,,,,,,,,,,,,,,,,,,,,,,,,,,,,,,,,,,,,,,,,,,,,,,,,,,,,,,,,
  ,,,,,,,,,,,,,,,,,,,,,,,,,,,,,,,,,,,,,,,,,,,,,,,,,,,,,,,,,,,,,,,,,,,,,,,,,,,,,,,,,,,,,,,,,,,
  ,,,,,,,,,,,,,,,,,,,,,,,,,,,,,,,,,,,,,,,,,,,,,,,,,,,,,,,,,,,,,,,,,,,,,,,,, [ 265290369103 ] 
 ]);
