BRENTFACTORS[8214]:=MakeImmutable([ ,,,,,,,,,, [ 2250048197 ],, [ 2392131509, 69482914801 ],,
  ,,,,,,, [ 450587826771193 ],,,,, [ 1887873097747144605697 ],, 
  [ 18576403695309357993605827 ], [ 93631060591 ], [ 95607609131859456824567 ], 
  [ 12279596321, 276291496097 ], [ 1463043294201750361 ], 
  [ 1028291377, 13712232097, 117170300881, 2126715313907 ], [ 87696876839251 ],, 
  [ 121412245760635928466404097829643652943953048893 ], 
  [ 5343745403, 2403895501891564191889849 ], [ 128695312726031553042085994372041 ], 
  [ 4570368041, 213855294262340944514921 ], 
  [ 28463513919047, 227886237648169, 5717848490961719377757, 3308435740631566644183701 ],, 
  [ 3780645839177411618957 ], [ 2394312229, 2085804369887970469 ],, 
  [ 2141971969, 27392025685318462324019 ],, [ 169120702207393040398620757633 ], 
  [ 892602220250560723 ], [ 28587731551, 61918738729513842160451 ],,, 
  [ 24624093037025575469, 242352679587569179057349 ],, [ 21943611801872589172979251 ], 
  [ 1395875467933460249 ], [ 763837178593 ], [ 385206948687227 ], 
  [ 60545813453, 171286992855429560737 ], [ 5656160281 ], [ 10088029153483756344317161751 ],
  , [ 1693891707832066076924204936513683 ], 
  [ 5740668673, 17855361164482241, 7759682802656284196622558711038273 ], [ 43191596111 ], 
  [ 1351098881456218222860375740546431 ],, 
  [ 149483075282413, 83162902739724616007335377714580767872977 ],, 
  [ 36658768931, 161631843227191, 5790183533305608361 ], [ 36155281618613 ], 
  [ 1981227606501632160241 ],,,,, [ 3587481590759556807820136327 ], 
  [ 878200698649, 21949226772948457338335879666716065481 ],, 
  [ 208461011829128883113192210169157921 ],, 
  [ 2549675119, 364105043867, 1658242569439, 10685816630900140061, 1380017154162240546437, 
      149489925755052678316569427934579 ],,,,,,,, 
  [ 22542104357551, 277537081814191, 886288457572561, 1108966620814766911 ], 
  [ 2661040201, 79170746261881, 1814808005530339 ],, 
  [ 1300003849, 34035828678409, 220194472467491262658873 ], [ 1423383439 ], 
  [ 65853850661, 2617408409637841, 112988426682808991 ],, [ 174167029303291 ], 
  [ 5218237067, 48363425699679539 ], [ 19080837667, 150763789234011097 ], 
  [ 3424605601, 16517411101, 5047937939701, 6879132094501, 503348172382795801, 
      647046618658713705776401 ], [ 212530305451, 8764642330365917 ], 
  [ 197586226129, 2249279599982281, 1143328673148968527033 ], [ 1025782982155321847 ], 
  [ 711806478477176256063553 ], [ 2858248051, 480966286789171 ], [ 4328591478298777 ],, 
  [ 124259037229, 3001496627416081003920098887357 ],,,,,, [ 7123448809435294663 ], 
  [ 351689802735961 ],, [ 2246595207595406194932823393 ], 
  [ 221064770209, 361285611343, 29906954020159663, 58410200714961600052400062039 ], 
  [ 13172733855121 ],, [ 1081858339 ],,,,,, 
  [ 7158704251, 861181906031, 6103851929179, 2507638231096973833 ],, [ 5238983089 ], 
  [ 594611541397575466726382219761 ], [ 121027057771, 2461223654740675211109341 ], 
  [ 17075619230023362713629, 18492695280337356661573 ],, [ 717550242180659 ], 
  [ 131907149909102611, 1586395148381511841 ], 
  [ 24789719676158012727881, 25225484896695789179129, 60606894911144444068008320763955009 ],
  , [ 16759084121701471873 ], [ 1660819154083 ], [ 1221584281 ], 
  [ 98028299440969, 168761916310681, 331149140005246082510761 ], [ 114916426751196809549 ], 
  [ 5901537071, 6821477262029 ], [ 167178989377, 150428194024609, 35188638141412513 ], 
  [ 23006479963251172364131 ], [ 552397723474763 ], 
  [ 2507056741603, 15378804218475769, 19926668035450501753, 812338591805066802169 ],,, 
  [ 29735628151 ], [ 2052064633, 2154516019, 135880409563, 551787627701, 1745929431769, 
      19912164928109, 279671649935927, 17057409397058159, 521102671880905379927 ],,, 
  [ 1817957527, 3430155961, 121032350363, 335742502477948106311, 38639335748164364997345101 ]
   ,, [ 30889238797, 132615750697, 159679522805401, 27565818327213037, 
      20214172397327007783217 ],,, [ 1396789243 ], [ 756860325239201 ], 
  [ 21316736641904789 ], [ 266437796473 ], [ 5336257489, 160773735025537 ],, 
  [ 132233413316401, 18718968985866543673291 ], [ 89509411443701 ], [ 157314925849 ], 
  [ 2417302273, 285931253103889, 765684158981588113, 1131630562157459304881137, 
      36519197919002832862830743622710123748942757090753 ],,, 
  [ 131903852761, 68648202889318890091 ],, [ 4118395330243 ], [ 4829287831111 ],, 
  [ 3454871729, 38373062993 ], [ 72962056771, 303400113547393 ], [ 7634891122016023 ], 
  [ 5953705460184000287 ], 
  [ 65919481945381, 235872672563024030667781, 94146008842658268436054819141, 
      113270351579850215888475924129405625261 ], [ 68243202240756074183 ], 
  [ 1583392048421, 182429963943683 ],, [ 3769682985889, 41847843874588417 ], 
  [ 801845969961791 ], [ 725267507531401 ], [ 666845195083, 44076719018861 ],, 
  [ 89894152027 ], [ 17893993688881 ],, [ 6432296144257, 7103014272769 ],, [ 54036695981 ], 
  [ 188846741851, 526224534811, 179382015519448171 ], [ 12716119753, 517271088567569029 ],, 
  [ 3708424613521, 203753470119427009 ],, [ 12681170157931201 ], [ 21413107555009 ], 
  [ 332984114017 ], [ 69450508577731 ], 
  [ 1153015937933805901, 465619533343390460677482039961, 
      66385732557131782725555506496698230462621837 ], 
  [ 9552135062063981, 1901206842930884351 ], [ 45119750558599 ],, 
  [ 312307678532158202461361 ],, [ 58822190071 ],, [ 124316297773 ],, [ 30223815991 ], 
  [ 44052573781542841 ], [ 1945611361 ], [ 2660488307261, 6245461336507 ],,,,, 
  [ 627148312077834889 ],, [ 1538547769697, 10867980768737, 93241640768417 ], 
  [ 22320221851 ], [ 2231572206003018588389 ], [ 87744143894021831 ], 
  [ 3754712893, 6501407917, 22921948993, 40842189903193309 ],, [ 8746490245257467470681 ], 
  [ 3366287233, 3923958104739019579 ], [ 8054074417, 5991642102673 ], [ 18515739864169 ], 
  [ 3270229422409, 328556622033779683260601 ],,,, [ 3078915574043, 3613268578739 ], 
  [ 1876135661 ], [ 146131280641 ], [ 2098936990439, 2020199347882949 ], 
  [ 21839021876604735529 ], [ 34740679457899, 41474804450203 ], [ 225074810269 ],, 
  [ 1480514593, 1074575278413148381711 ],, [ 3232142089871556518498952241 ],,,, 
  [ 78172426199228449789, 93803681120547792425372277326932753 ], 
  [ 1258514790180877637, 202362772231040531683 ],, [ 209499228255174931 ], 
  [ 4697406183937, 4962507938972417 ],, [ 32142638719 ],,, [ 22502507346926209 ], 
  [ 3280069580355343, 2313042192625067126355221 ],, 
  [ 199587410093774737, 95531471343591357834352561 ], [ 231258411792721, 13667846434119671 ],
  [ 2472129532297979 ],,,,,, [ 15866628198760033, 7496320430047150559205409 ],, 
  [ 8740869343, 1737019514280702103 ], [ 70014524379083351, 214224306270400801 ], 
  [ 7304300533, 1083654364957, 1750942142797 ],, 
  [ 21259707574057, 20219318088327769, 22888820299935221 ], [ 3650215033 ],, 
  [ 2786039317709 ], [ 1392402981532717369, 5506248138552687138049, 25499059299075686670601 ]
    , [ 228041620570201 ], [ 38020338121, 178187487874656829 ],, [ 308930888839 ], 
  [ 3778315464029, 30388972461317 ],,,, [ 1099306230375681336409 ], [ 1470578869 ], 
  [ 12813139051, 1415876974247 ], [ 130998347047 ], [ 3320331828941 ], [ 21498083953 ],, 
  [ 978254748913526699 ], [ 510222261433 ], 
  [ 410771484901, 975254207127612901, 10990037717095823305460174539138801 ], 
  [ 522147329655808005241 ], [ 170005627081, 97231156084859737, 46221293405584278742358483 ],
  [ 12106999234123579 ], [ 2047719073 ], [ 10684914941, 3512649644401, 47814344089181 ], 
  [ 970593717871 ], [ 4720797891811, 6785584843467961 ],,, [ 591411341233563853931741 ],,, 
  [ 5501692397, 76531514265121 ], [ 16787999976026339, 1306805331691226027 ], 
  [ 11445414240551895865801 ], [ 162518530193197 ], 
  [ 3521527007, 84679092259, 14399976776617, 76687606709971 ], [ 71268403565133289 ], 
  [ 50964607541 ],, [ 37914448267 ], [ 11554959697 ],, 
  [ 980388635357432457397803169, 1380032108618321933629115941 ],,,,, [ 1719072474043 ], 
  [ 1494664040257711961942761711 ], [ 1429727456639 ], [ 2741758129177, 8063568843456902221 ]
   ,,,, [ 50612636486497, 470002450858526541152104321 ], [ 2776626672383 ], 
  [ 15342614570401 ], [ 20157572649259 ], 
  [ 1098312541, 1356810085419141961, 178253630988489618901 ],, [ 1149087198439 ],, 
  [ 7588561913, 18359082667153, 836848390621769 ], [ 204463096877521 ], 
  [ 220166256361, 301630365107 ],, 
  [ 820103042390941, 54559152445153361641, 467695048286197645282399551949, 
      1021498667868770037250999831249 ], [ 19652436381437 ], [ 195190557101 ],,,, 
  [ 21303625107796513 ], [ 391478870611 ],, [ 12264340873, 1022585590062811179763 ], 
  [ 85703132551, 414880300519, 219235082688306863957 ],, [ 20171139782250588638340241 ], 
  [ 6867819034339, 48335262785567183 ], [ 3611421367832590811 ],, [ 13205258977 ], 
  [ 1333355840501 ], [ 5784263585689, 27201385815553, 1569256626846169 ],, 
  [ 721345843297, 1036946720737 ],,,, [ 7212685681 ], [ 135219617959747 ],,, 
  [ 1967901708104201 ],, [ 2274122089 ],, [ 2281532161, 40121455229221, 16610040403283663461 
     ], [ 11167383448958563 ],, [ 1688642439072077 ], 
  [ 303472261633, 4740233069049601, 70853464797288193, 3673950230897568001, 
      10253885985674163286273 ],, [ 1882087988549 ],, [ 28003447981 ],, 
  [ 1771172521, 54909887761 ],, [ 760484799257 ], [ 682890807307 ],, 
  [ 31268443321, 5242445764631, 32900834232691 ], [ 458430496518638557 ], [ 16791956713843 ],
  [ 10170184067003 ],, [ 3993933274548401 ], 
  [ 88770147139, 116568621217, 19236945997109, 54084551165233 ], [ 3149311973366569 ],,, 
  [ 318864398290561 ], [ 15326828861 ],,,,, [ 12137979979 ], [ 50236754600773494337 ], 
  [ 5712035323, 94775382073 ], [ 389078333635006250353 ],,,, 
  [ 538210790833, 2157184531811, 19702576779029 ],, [ 1555703149158166593033372841 ],, 
  [ 260335955857 ],,, [ 172392196651, 11683145051351, 28486893927601 ], 
  [ 107503464808493623, 7176273849472392559 ],,,,,,, [ 256546937523523 ],, [ 19804231081 ],,,
  , [ 42910990949 ],,, [ 3669842021, 29911869989 ], [ 1560850253, 128603758543150609 ], 
  [ 3916405062036515688373 ],,, [ 84177685467523 ],, [ 28692447001 ], [ 3963465001 ], 
  [ 193052826649 ], [ 119681498353 ],, [ 2189671795567 ],, 
  [ 203325387689953, 509886351667393, 74602425616271230603969 ],, [ 161383712330167 ],,,, 
  [ 455677467169, 1132793556049 ],,, [ 396914216401 ], [ 1109201161, 71152468201 ],, 
  [ 15201844768190400373, 14500692565092456253048909 ],,,, 
  [ 13072104193, 339846567881, 4412216269873 ], [ 18310456253 ], [ 794501982481 ], 
  [ 59364296351 ], [ 2794398577573 ], [ 12826924132699 ], [ 473929343723431 ],, 
  [ 260305388804161 ], [ 911948202049 ], [ 183426878866465133, 2608048735416116957 ],, 
  [ 2370162037, 31301916873541079879917 ], [ 459516282295661 ],,,,,,, 
  [ 1567379161, 3634903873, 561315668078466155353 ],, [ 5971522883, 82904579482661 ], 
  [ 9835858891 ],, [ 15248391578591837 ],,, [ 1173441001, 17645069947501 ],,,, 
  [ 2378029427374609, 379913739640526449 ], [ 1724020511, 94703595361 ],,, 
  [ 20181466430464118535674617 ], [ 2759179057 ], [ 219164743921 ],, 
  [ 250285455361, 1136579021423617 ], [ 8881918867 ], 
  [ 7406565241, 23490254891, 56231142340053487 ],, [ 599852254541292309755389 ],, 
  [ 2738352611 ], [ 4557915091 ],,,, [ 1277309303, 226216090554863 ], [ 1937982037 ], 
  [ 180909094801 ], [ 429897594049046771 ],,, [ 15835428793 ],,,,, [ 4453547750437297 ],, 
  [ 5226018775009, 12172350087929 ],, [ 1339187449, 75724987033, 248355190114270711 ],, 
  [ 15864582109161525661, 703302813041133056761 ],, [ 358686447247, 63047417323859 ],,, 
  [ 18868839581 ], [ 40164546241 ], [ 94538881919 ],, [ 2575943137, 2702292193 ], 
  [ 46697653201 ],,,, [ 11702899083528268159 ],, 
  [ 118047637006177, 1370904937859137, 64221432655964029189 ], [ 1743047951 ], 
  [ 5443374817 ],, [ 17906197988995681, 195260662174747592641 ],, [ 2223966918059 ],, 
  [ 270845726047376461321 ], [ 13459628881 ],,, [ 29711216641 ],, [ 72828162991 ],, 
  [ 2571650797 ], [ 11910226729 ],,, [ 3268528129 ],, [ 178032747668996845883 ],, 
  [ 1351988665201 ],,,, [ 5793930577 ], [ 52968319561, 1397489684761 ],,, 
  [ 493155121123981, 1086383216452500628957 ],,,, [ 103781174336753, 9659914782580229722657 ]
   ,,,, [ 26526299966323813 ], [ 24640372633 ], [ 351533358749 ],,,, [ 44716276345444061 ],,,
  ,, [ 99388059143 ], [ 10290134399683393 ], [ 3957463483 ],,, 
  [ 99244538485453, 1320783611888433729686761 ],,,,,, [ 468285136303 ], [ 1191977351 ], 
  [ 14300268165481 ],, [ 26042745031 ], [ 150833907001 ],,,,, [ 3259170208813 ],,,,,,,,,, 
  [ 3171693688637 ], [ 7073278867 ],,, [ 51243173351977 ],, [ 1348024021 ], [ 273539016211 ],
  [ 480418886603 ],,,, [ 85802427101 ],, [ 4596760393 ],, [ 10045526329, 1137153189441649 ],,
  ,,,, [ 2058619861 ], [ 14755184399 ],,,,,,, [ 2024354513773 ],,,, [ 1124894877121 ],, 
  [ 230892552049 ],, [ 1904212909 ],,, [ 805946220241 ],,,, [ 8081761421 ], 
  [ 6458415553, 106410428124267997, 27731410468250434201, 2376557177249045555251273 ],,,, 
  [ 174681038993 ],,,,,,, [ 1715589431 ],,, [ 10436949701, 40281240773 ],,,,,, 
  [ 60748447937, 1345442207297 ],, [ 1637696911061 ],, 
  [ 22361972557, 3130271006257, 28512487691715484057, 1166935538195708347897, 
      802855629558084974994061 ],, [ 128307288611 ],,,, 
  [ 1598765953, 71219140231, 22972399808023 ],,,,,,,, [ 381532261993 ],,,, [ 2208051341959 ],
  ,,,,, [ 5314755418614637, 174395279943852277728037 ],,,,,, [ 19568868293034703 ],, 
  [ 625186620901 ],, [ 276216260363 ],,,,,,,, [ 18230994751, 25324200751 ],,,,,,,,,,,,,, 
  [ 16772301464353, 2524271824884037 ],, [ 1098715931, 224917226453 ],, 
  [ 1433080321, 275352192001 ],,,,, [ 48021477869 ],, [ 1810612131451 ],,, [ 1064507837 ],, 
  [ 258416212861 ],, [ 17986739302019, 178272748410821 ],, [ 195686744177 ],, 
  [ 214116831793 ],, [ 182371829617, 33495766416157 ],,,, [ 1614796129 ],, 
  [ 27067887173, 380977768468667 ], [ 29077606771 ],,, [ 53959847234833 ],, [ 1549939741601 ]
   ,,,, [ 688737577513, 666983647413655348561 ],, [ 541161203311 ],,,, [ 18082287721 ],,,, 
  [ 1952205273187973 ],, [ 279020378209 ],,,, [ 4500026341, 5081363701 ], [ 182428554629 ],,
  , [ 257763919938913 ],,,, [ 3069981566250877 ],,,, [ 559090856897 ], [ 2688259267 ], 
  [ 19650681313, 1043051674321 ], [ 2517170998411 ],,, [ 58362630673, 76453611827 ],, 
  [ 262607530503361 ],, [ 50202074671109 ],,,,,,, [ 14882115907 ],,, 
  [ 45154763749, 204416799493 ],,,,, [ 2291624857 ],,,,,,,,, [ 164527103863078783 ],,,,, 
  [ 37865806967 ],,,,, [ 1776580802795962717, 123037594484820371533 ],, [ 54551445587 ],,, 
  [ 1959405671 ], [ 31215673441, 1587366594577, 14289710280679, 186117359990311 ],,,,,, 
  [ 1234590454609, 61432906026241 ],,, [ 79519453003 ], [ 10757010029329, 47756499017869 ],, 
  [ 1456913476009 ],,,, [ 12158485369 ], [ 1996626859 ],,, [ 2027104782021793 ],,, 
  [ 3270610271 ],,,,, [ 338796776501 ],, [ 59784760632673 ],,,,,,,, 
  [ 32410133521, 270435807321601 ],,,, 
  [ 6723407461, 417096649201, 1150442222462149, 21705660330876061, 48883875823439581, 
      12866167366119974177041 ],,,,, [ 58755262733 ], [ 863016538900231 ], [ 1018823093 ],,,,
  ,,,,,, [ 640513473673 ],,, [ 132168906641 ],, [ 148769242777 ], [ 34782936883 ], 
  [ 1270044133 ],, [ 384465262201 ],, [ 16239176969, 58357819913 ],, [ 15799461687631 ],,,, 
  [ 3910141187 ], [ 249335463931 ],,, [ 12993455049823 ],, [ 53336380362709 ],, 
  [ 206368577689, 1834704666439 ], [ 6417452953, 13592093981 ],,, 
  [ 6787235501, 5288004825991 ],, [ 3058832922373 ], [ 27230000477 ],,,,, 
  [ 2062496377, 140340659647 ],,,,,, [ 838612907761, 7636153929457 ],,,,,, [ 7283378521 ],, 
  [ 9830136509569 ],, [ 7638692610487 ],, [ 217767277447693, 574151210351200117 ],,,, 
  [ 4414474350001 ], [ 12611350753 ],,,,,,, [ 14785168609 ], [ 1702959931 ],,,,, 
  [ 54582973450279, 52108783031893303 ],,, [ 1470120283 ],,,, [ 56326509623 ],, 
  [ 1144041361 ], [ 10521212929 ],, [ 468648998264593 ],,,, [ 22705650631 ],,,, 
  [ 1496963161, 6164448467 ],,,,,,,,,, [ 1130530897, 2599764599989 ],, 
  [ 1089374483, 2576337749 ], [ 27493137403 ],,, [ 15471838201 ],,,,,,,,,,, [ 20550837911 ],
  , [ 27988460471 ],,,,,,,, [ 2950894171 ],,,,,,,,,,,,,,,,, [ 2706358657, 6652470675073 ],, 
  [ 26458145521 ], [ 2437422739 ], [ 9143696017 ],,,,,,,,, [ 3956421481 ],,,,, 
  [ 28720886713 ],,,,,,,,,, [ 3253666753, 5585690759653, 180270759434285809 ],,,,,,,,,, 
  [ 17729473537 ],,,,,, [ 131105211901 ],, [ 1740363409 ],,,,,,,,,,,,,,,,, [ 925035254131 ],,
  ,,,,,,,,,, [ 1289138749727 ], [ 4244818076701 ],, [ 3918637999 ],,,,,,,,,, 
  [ 6510286609, 4553118153361 ],,,,, [ 5272777633 ],,,,,,, 
  [ 15088001111569, 105049000673497, 357230916604189 ],,,,,, [ 1639704679 ],,,, 
  [ 2182751209 ],, [ 1323047239201, 1760268330434401 ],,,,,,,,, [ 450217597363 ],,,,,,,,,,,,
  , [ 18244538209 ],,,,,,,,,,,,,,,,,,,,,,,,, [ 97891914193 ],,,, [ 197669609281 ],,,, 
  [ 2827888991 ],,,,, [ 9641813581, 29525843951101, 90934909070041, 5547403653703381 ],,, 
  [ 37591606147 ],,,,,,, [ 10926970781 ],,, [ 116141993489399 ],,,,,,,,,,, 
  [ 1784026822357501 ], [ 24323937191 ],,,,, [ 3936237631 ], [ 4193777353 ],,,,,,,,,, 
  [ 6907858087243 ], [ 25378084033 ],,,,,, [ 3732183109 ],,,,,, [ 26661946951 ],, 
  [ 1076189269, 3512160541 ],,,,,,, [ 24753880369 ],, [ 1172611751 ],,,,,,,,,,,,,,,, 
  [ 63319134169 ],,,,,,,, [ 1734050467 ],,,,,, [ 17148636101, 164411456141 ], 
  [ 4946742539677, 338281357530013 ],,, [ 3416284099 ],, [ 1645612321 ],,,,,,,,,,,,, 
  [ 1255879969 ],,,,,, [ 7343823181 ],,,,, [ 3477369361 ],,,,,,,,,,,,,, [ 30712235809 ],,,,, 
  [ 1062558433, 304400692441 ],,,,,,, [ 5750934047, 4216419957019 ],,,,, [ 3046736401 ],,,,,,
  ,,,,,, [ 7504174964581 ],,, [ 13197913069267 ],,,,,,,, [ 75283950029 ],,, [ 1192144661 ], 
  [ 83431085401 ], [ 274713494089 ],,, [ 148028664331 ],, [ 5567200003 ], [ 11657614301 ], 
  [ 25909064707 ], [ 12505702837, 16252196797, 1916698294897 ],, [ 3700175551 ],,,,,,, 
  [ 20873821273 ],,,,,,,,, [ 101395829703001 ],, [ 1027638529 ],,,,, [ 1181133269 ],,, 
  [ 4109370961 ],,,,, [ 5556976921 ],,,,,,,,,,,,,, [ 3542119013 ], 
  [ 44792044501, 37524751995001, 157685038324501 ], [ 194325082747 ], [ 55290511019 ],,,,,,,,
  ,,, [ 1940368033 ],, [ 1129956691 ],,,,,, [ 1953709168321 ],,, [ 1022154421 ],,,,,,,, 
  [ 2793480973, 103392245653 ],,,,,,,,,, [ 30770013247 ],,, [ 36706085281 ],,, 
  [ 439329325753 ],,,,,,,,,,,,, [ 1728991699, 150916446619 ],, [ 134693300569 ],,,,, 
  [ 68787490180193 ],,,, [ 7097038715574421 ],,,,,,,,,,,,, [ 2703265051 ], [ 11714695591 ],,,
  ,,,,,,,,, [ 52580879641 ], [ 1327464217 ], [ 58723228801 ],,,, [ 1184632597 ],,,,,, 
  [ 8469844074371 ],,,,,,, [ 1112599489 ],,, [ 1095035761, 206469307356121 ],,,,,,,,,,,,,,,,,
  ,,,,,,, [ 138332043877, 2586363336468217 ],,,,,,,,,, [ 465657239309 ],,,,,,,, 
  [ 550985714809 ],,,,,, [ 13348837562082769 ],,, [ 7286642809 ],,,,,,, [ 4479126821431 ],,,,
  ,,,,,,,,, [ 1052759107 ], [ 37481169044413 ],,,,,,,,,,,,,,,,,,,,,,,, 
  [ 1105107433, 30296997026869 ],, [ 51763393259 ],, [ 21901301801 ],,,,,,,,, [ 1123078867 ],
  , [ 6484931851 ],, [ 5738555963281 ], [ 3170835751 ],,,,,, [ 3951134581 ],, [ 2390388079 ],
  ,, [ 3312111211 ],, [ 18379348441 ],,,,, [ 356390357809 ],,,,, [ 30030573721 ], 
  [ 70239826264087 ],,,,,,,,, [ 1811807587 ], [ 6618746681 ],,, [ 1383905447 ],,,,,,,,,, 
  [ 15366022751 ],,,,, [ 1067122499 ], [ 1140048817 ], [ 21337301833 ],,,,,,, [ 8523991891 ],
  ,,,,,,, [ 1495437049, 128457869634499 ],, [ 4250645041 ],,,,,,, 
  [ 1946687773, 247436982313, 849480431221 ],,,,,,,,,, [ 10447446389 ],,,,,,,,,,,,,, 
  [ 205843644901 ],,,,, [ 141442078541 ],,,,,,,,,,, [ 2578750729 ], [ 10534642247 ],,,,,,,,,,
  ,,,,,,, [ 2055292691 ],,,,,, [ 2121497113 ],,,,, [ 2155975867 ],,,,,,,,,,,, 
  [ 91373671321 ],,,,,,,,,,, [ 17070081617 ],,,,,,,,,,,,,,,,,,,,,,,,,,,, [ 7874569249 ],,,,,,
  ,,,,,,,,,, [ 1516073857 ],, [ 1740710401, 18848397751 ],,,,,, [ 259659563329 ],,, 
  [ 1975439929 ],,, [ 4663242361 ],,,,,,,,,, [ 5060114533 ],,,,,,,, 
  [ 18970035481, 557847574021 ],,,,,,,,,,,,,,,,,,,,,,,, [ 136993110809683501 ],,,,,,,,,,, 
  [ 88711878191 ],,,,,,, [ 47222849551 ],,,,,, [ 1334830516080049 ],, [ 29221397311 ],,,,, 
  [ 1391353921 ],,,,, [ 7934479860481 ],,, [ 1231138359001 ],,,,,,,, [ 142123618393 ], 
  [ 33748010749 ],,,,,,,,, [ 1216653643 ],,,,,,,,,,,,,, [ 196236700801 ],,,,,,,,,,,,,,,, 
  [ 1756540369, 85090045771 ],,,,,,,,, [ 44065589401 ],,,,,,,,,,,,,,,,,,,,,, [ 21161884787 ],
  ,,,,,,,,,,,,,,, [ 4095153646091 ],,,, [ 25716929113 ],, [ 142523639233 ],,,, 
  [ 129295496233 ],,,,,,,,,,,,,, [ 17108236787, 77829405601 ],,, [ 1401872141 ],,,, 
  [ 16431602203 ],,,,,,,,,,,, [ 4493038843, 219743222107 ],,, [ 99820226689 ],,,,,,,,, 
  [ 6809422897 ],,,,,,,,,,,,,,,,,, [ 103283199163 ], [ 1330418461 ],,,,,,,, 
  [ 60238743181, 21588262008121 ],,,,,,,,,,,,,,,,,,,,,, [ 2136123793 ],, [ 4983002606919613 ]
   ,, [ 2122144331 ],,,,,,,,,,,,, [ 37065992779, 2838668887801 ],,,,,,,,, 
  [ 6734914453, 6501379385593 ],,, [ 1323854014801 ], [ 1786312289, 9854561441 ],,,,,, 
  [ 1649372233, 5997322493 ],,,, [ 1596470721679 ],,,,,, [ 6091690177 ],,,,,,,,,,,,,,,,,,, 
  [ 2430502939 ], [ 134016478021 ],,,,,,,,,,,,,, [ 1465553521 ],,,,,,,,,,,,,, 
  [ 11331821537 ],,,, [ 400546741765240981 ],,,,, [ 1654904021 ],,,,,,,,,,,,,,,, 
  [ 3710490937 ],,, [ 2376713593 ],,,,,,,,,,,,,,, [ 344077539703171 ], [ 4986069061 ],,,,,,,,
  ,,,,,,,, [ 3264322381 ], [ 2550853843 ], [ 3157319507 ],, [ 2686993958401 ],,, 
  [ 1430972083 ],, [ 6829993171 ],,,,, [ 1119724561 ],, [ 52607012833 ],,,,,,,, 
  [ 2974821301 ],,,,,,,,,,,,,,,,,,,,,,,,,,,, [ 307777228417 ],, [ 129971527351 ], 
  [ 38460013561 ],,,,,,, [ 1076665451, 3360272809 ],, [ 724060732261, 147776448158654521 ],,
  , [ 1101059521 ], [ 61951051009 ],,,,,, [ 6964599721 ],,,,,, [ 31426442492521 ],,,,,,,,,,,,
  ,, [ 1399788361 ],,,,,,,, [ 1661342363 ],,,, [ 1466822521 ],,,,,,,,,, [ 2587789553 ],,,,,,,
  ,,,, [ 346892936659 ],,,,,, [ 2395109683, 5653877923 ],,,,,,, [ 116443498417 ],, 
  [ 1405998703 ],,,,,,,,, [ 6266002051 ],,,,,,,,, [ 151552245997 ],,,,,,,,,,,,,,,,,,,,,,,,,,,
  ,,,,,,,,,,,,,,,,, [ 2313776401 ],,,, [ 1117863349 ],,,,,,,, [ 6089770909 ],,,,,,,, 
  [ 2731758721 ],,,,,, [ 5346774967 ],, [ 23526959292217 ],,,,,,,,,, [ 3652113151 ],,,,,, 
  [ 46445239033 ],,,,,,,,,,,,,,,, [ 417010133821 ],,,,,, [ 1898706539 ],,,,,,,,,,,,,, 
  [ 2607326441 ],,,,,, [ 488779966853 ],,,, [ 2230464611 ],,,,,,,,,,,,,, [ 7793831137 ],,,, 
  [ 6564273241 ],,,,,,,,,,,,,,,, [ 927709351273 ],,,, [ 842262448897 ],,,,,,,,,,,,,,,,,,,,,,
  , [ 32625512011 ],,,,, [ 58689011348917 ],,,,,,,,,,,,,,,,,,,,,,,,,,,,,, [ 2680023347 ],,,,,
  ,,,,,,,,,,,,,,,,,,,,, [ 2316466549 ],,,,,,,,,,,,,,,, [ 103726800829 ], [ 1487850313 ],,, 
  [ 82844422369 ],,,,,,,,,, [ 31326808969, 53725062847 ],,,,,,,, [ 1267802551 ],,,,,,,, 
  [ 3538875631 ],,,,,,, [ 8489161171 ],,,,,, [ 1006044337 ],,, [ 59812147537 ],, 
  [ 56895102721 ],,,,,,,,,,,, [ 20430474433 ],,,,,, [ 2003901103 ],,,,,,,,,,,,,,,,,,,,,, 
  [ 20050605541 ],,,,,,,,,,,,,,,,,, [ 6134949991 ],,,, [ 214980096943 ],,,,,,,,,,,,,, 
  [ 23946517729 ],,, [ 25854335161 ],,,,,,,,,,,,,,,,,,,,,,, [ 484160348363 ],,,,,,,,,,,,,,,,,
  , [ 166944190561 ],,,, [ 1496532001 ],,,,,, [ 43755807943 ],,,,,,,,,, [ 1208797721 ],,,,,,,
  ,,,,,,, [ 27527916631 ],,,,,,,,,,,, [ 1328779063, 20191214161 ],,,,,, 
  [ 9856957681, 19728490897 ],,,,,,,,,,,,,, [ 2524750667 ],,,,,, [ 1143072373 ],,,,,,,,,,,,,,
  ,,,,,,,,,,,,,,,,,,,,,,,,,,,,,,,, [ 18952386319 ],,,,,,,,,,,, [ 1052064679 ],,,,,,,,,, 
  [ 1073023169 ],,,,,,,,,, [ 6024737863 ],,,,,,,,,,,,,,,,,,,, [ 9426378749 ],,,,,,,,,,,,,,,,,
  ,,,,,,,,,,,,,,,,,,, [ 5423240209, 8002489633 ],,,,,,,,,,, [ 1022768587 ],,,,, 
  [ 11233014677 ],,,,,,, [ 12340707601 ],,, [ 2175768841 ],,,,,,,, [ 5916268777 ],,,,,,,,,,,,
  ,,,,,, [ 9922415693 ],,,,,,,,,,,,,,,,,, [ 1860524641 ],,,,,, [ 1184570861 ],,,,,,,,,,,, 
  [ 586608260071 ],,,,,,,,,, [ 8163497101 ],,,,,, [ 26836018609 ],,,,,,,,,,,, 
  [ 6503293076239 ],,,,,, [ 8161329755533 ],,,, [ 1097041921 ],, [ 6131565631, 377770501351 ]
   ,,,,,, [ 2282597953 ],, [ 11031919763 ],, [ 428296431366541 ],,,,,,,,,,,,,,,,,,,, 
  [ 1034154241 ],, [ 1828961621 ],,,,,,,,,, [ 2887696501 ],,,,,, [ 98454309721 ],,,,,,,,,,,,,
  ,,, [ 132382372657 ],,,,,,,,,,,,,, [ 3103938241, 5135773424161 ],,,,,,,,,,,, 
  [ 2498152681 ],,,,,,,, [ 44051675026873 ],,,, [ 10576998433 ],,,,,,,,,, [ 109060496263 ],,,
  ,,, [ 1885693961 ],,,,,,,, [ 11775863809 ],,,,,, [ 15887356879 ],, [ 1330363057 ],, 
  [ 50991802399 ],,,,,, [ 3848194673 ],,,,,, [ 153296328001 ],, 
  [ 31006612081, 34776057601, 1060776070801 ],,,,,,,,,,,,,,,, [ 1801544737 ],,,,,,,,,,,,,,,,,
  ,,, [ 17456229785581 ],,,,,, [ 723535910023 ],,,,,,,,,,,,,,,,,,,, [ 15330512737 ],,,, 
  [ 1819293083191 ],,,,,,,,,,,,,, [ 3058064921 ],,,,,,,,,, [ 1802332351 ],,,,,,,,,,,,,, 
  [ 1614176257, 62454905857 ],,,,,,,,,,,,,,,,,,,,,, [ 4584668401 ],,,,,,,,,,,, 
  [ 26001766423 ],,,,,,,, [ 1139920290797 ],,,, [ 127118505361 ],,,,,,,, [ 2495322391 ],,,,,,
  ,,,,,,,,,,,,,,,, [ 5492822258941 ],,,,,,,, [ 7972805149 ],,,,,,,,,, [ 1978866384487 ],,,,,
  , [ 4100616193 ],,,,,,,,,,,,,,,,,,,,,,,, [ 9497919637 ],,,,,,,,,,,,,,,, [ 18441463993 ],,,,
  ,, [ 32745183186511 ],,,,,,,,,,,,,,,,,,,,,,,,,,,,,,,, [ 43789138273, 45998246082889 ],,,,,
  , [ 17772096049 ],,,,,,,,,,,,,,,,,,,,,, [ 157085258055601 ],, [ 1767784897 ],,,,,,,,,,,,,,,
  ,,, [ 7797648871 ],,,,,,,,,,,,,,,,,, [ 1178497362901 ],, [ 17199101411 ],,,,,, 
  [ 15670869397 ],,,,,,,,,,,,,, [ 1810847501 ],,,,,,,,,,,,,, [ 2537102401 ],,,,,,,,,,,,,,,,,,
  ,,,,,,,, [ 3275901477841 ],,,, [ 30376350247 ],,,,,, [ 46279685401 ],,,,,,,,,,,,,,,,,,,,,,,
  ,,,,,,, [ 9572328511 ],,,,,, [ 8159005249 ],,,,,,,,,,,,,,,,,,,,,,,,,,,,,,,,,,,,,,,,,,,,,,,,
  ,,,,,,,,,,,, [ 78823303262533 ],,,,,,,,,,,,,,,,,,,,,,,, [ 40915214281 ],,,,,,,,,,,,,,,,,, 
  [ 1338160897, 5755038361 ],,,,,, [ 224617339753 ],,,,,,,,,,,,,,,,,,,,,,,, [ 1054535437 ],,,
  ,,, [ 12215347159 ],,,,,,,,,,,, [ 2781814177 ],,,,,,,,,,,,,,,, [ 7963311049 ],, 
  [ 3561112587169 ],,,,,, [ 21282023881 ],,,,,,,,,, [ 338952432961 ],,,,,,,, [ 40057839553 ],
  , [ 5528529511, 163279632601 ],,,, [ 5435817271, 550144815793 ],,,,,, [ 70869211381 ],,,,,,
  ,,,,,,,,,,,,,,,,,,,,,,,,,,,,,,,,,,,,,,,,,,,,,,,, [ 196439880529 ],,,,,,,,,,,, 
  [ 1536821929 ],,,,,,,,,,,,,,,,,,,,,,,,,,,,,,,,,, [ 4850343761 ],,,,,,,,,, [ 1263252519751 ]
   ,,,,,,,,,,,,,,,,,,,,,,,,,,,, [ 23777397793 ],,,,,,,,,,,,,,,,,,,,,,,,,,,,,,,,,,,,,,,,,,,,,,
  ,,,,,,,,,,,,,,,,,,,,,,,,,,,,,,,,,,,,,,,,,,,,,,,,,,,,,,,,,,,,,,,,,,,,,,,,,,,,,,,,,,,,,,,,,,,
  ,,,,,,,,,,,,, [ 24439486969 ],,,,,,,,,,,,,,,,,, [ 93632142007 ],,,,,, [ 40897834993 ],,,,,,
  ,,,,,,,, [ 92870188643 ],,,, [ 4318252441 ],,,,,,,,,, [ 497710702721 ],,,,,,,,,,,,,,,,,,,,,
  ,,,,,,,,,,,,,,,,,,,,,,, [ 7696495717 ],,,,,,,,,,,, [ 40380678577 ],,,,,,,,,,,,,,,,,,,,,,,,,
  ,,,,,,,,,,, [ 19817356861 ],,,,,,,,,,,,,,,,,,,,,,,,,,,, [ 37467524401 ],,,,,,,,,,,,,, 
  [ 299164562161 ],,,,,,,,,,,,,,,,,,,,,,,,,,,,,, [ 1375339177 ],,,,,,,,,,,,,,,,,,,,,,,, 
  [ 57752248597 ],,,,,,,,,,,,,,,,,,,,,, [ 1295907971, 3866154601 ],,,,,,,,,,,,,,,,,,,,,,,,,, 
  [ 21229418269 ],,,,,,,,,,,,,,,,,,,,,,,,,,,,,, [ 28322851327 ],,,,,, [ 1036268641 ],,,,,,,,,
  ,,,,,,,,,,,,,,, [ 35983969633 ],,,,,,,,,,,,,,,,,,,,,,,, [ 425816150401 ],,,,,,,,,,,,,,,,,,,
  ,,,,,,,,,,, [ 7198091041 ],,,,,,,,,,,,,,,,,,,,,,,,,,,,,,,,,,,, [ 288832466089 ],,,,,,,,,,,
  , [ 4252737961 ],,,,,, [ 524792344561 ],,,,,,,,,,,,,,,,,, [ 2870557279 ],,,,,,,,,,,, 
  [ 4250349559 ],,,,,,,,,,,,,,,,,,,,,,,,,,,,,,,,,,,,,,,,,,,,,,,,,,,,,, [ 1330416400177 ],,,,,
  ,,,,,,,,,,,,, [ 301439634103 ],,,,,,,,,,,, [ 1709560903 ],,,,,, [ 5754564973 ],,,,,,,,,,,,,
  ,,,,,,,,,,,,,,,,,,,,,,,,,,,,, [ 1470490183 ],,,,,,,,,,,,,, [ 1430532841 ],,,,,,,,,,,,,,,,,,
  ,,,, [ 34581805567 ],,,,,,,,,,,, [ 19873247671 ],,,,,,,,,,,,,,,,,,,,,,,,,,,,,, 
  [ 1737927577, 1851328408441 ],,,,,, [ 3228226921 ],,,,,,,,,,,,,,,,,, [ 36142105429 ],,,,,,,
  ,,,,,,,,,,,,,,,,,,,,,,,,,,,,,,,,,,,,,,,,,,,,,,,,,,,,,,,,,,,,,,,,,,,,,,,,,,,,,,,,,,,,,,,,,,,
  ,,,, [ 8785029751 ],,,,,,,,,,,,,,,,,,,,,,,,,,,,,,,,,,,,,,,,,,,,,,,,,,,,,,,,,,,, 
  [ 1727470441 ],,,,,,,,,,,,,,,,,,,,,,,,,,,,,,,,,,,,,,,,,,,,,,,, [ 81664648183 ],,,,,,,,,,,,,
  ,,,,,,,,,,,,,,,,, [ 1656562153 ],,,,,,,,,,,, [ 4878748801 ],,,,,,,,,,,, [ 170274470917 ],,,
  ,,,,,,,,,,,,,,,,,,,,,,,,,,,,,,,,,,,,,,,,,,,,, [ 8743709521 ],,,,,,,,,,,, [ 7160659201 ],,,,
  ,,,,,,,,,,,,,,,,,,,,,,,,,,,,,,,,,,,,,,,,,,,,,,,,,,,,,,,, [ 2384540941 ],,,,,,,,,,,,,,,,,,,,
  ,,,,,,,,,,,,,,,,,,,,,,,,,,,, [ 4978851316381 ],,,,,,,,,,,,,,,,,,,,,,,,,,,,,,,,,,,,,,,,,,,,,
  ,,,,,,,,,,,,,,,,,,,,,,,,,,,,,,,,,,,,,,,,,,,,,,,,,,,,,,,,,,,,,,,,,,,,,,,,,,,,,,,,,,,,,,,,,,,
  ,,,,,,,,,,,,,, [ 1893598831 ],,,,,,,,,,,,,,,,,, [ 13499965477 ],,,,,, [ 248385605119 ],,,,,
  ,,,,,,,,,,,,, [ 256089821833 ],,,,,,,,,,,,,,,,,,,,,,,,,,,,,,,,,,,, [ 10897759489 ],,,,,,,,,
  ,,,,,,,,,,,,,,,,,,,,,,,,,,, [ 2593876933, 68746735537 ],,,,,,,,,,,,,,,,,,,,,,,,,,,,,,,,,,,,
  ,,,,,,,,,,,,,,,,,,,,,,,,,,,,,, [ 2122659241 ],,,,,,,,,,,,,,,,,,,,,,,,,,,,,,,,,,,,,,,,,,,,,,
  ,,,,,,,,,,,,,,,,,,,,,,,,,,,,,,,,,,,,,,,,,,,,,,,,,, [ 2258111857 ],,,,,, 
  [ 12746546209, 20327948749 ],,,,,,,,,,,,,,,,,,,,,,,,,,,,,,,,,,,,,,,,,,,,,,,,,,,,,,,,,,,,,,,
  ,,,,,,,,, [ 305423820937 ],,,,,,,,,,,,,,,,,,,,,,,, [ 20878664893 ],,,,,,,,,,,,,,,,,,,,,,,,,
  ,,,,,,,,,,,,,,,,,,,,,,,,,,,,,,,,,,,,,,,,,,,,,,,,,,,,,,,,,,,,,,,,,,,,,,,,,,,,,,,,,,,,,,,,,,,
  ,,,,,,,,,,,,,,,,,,,,,,,,,,,, [ 1040276533 ],,,,,,,,,,,,,,,,,,,,,,,,,,,,,,,,,,,,,,,,,,,,,,,,
  ,,,,,,,,,,,,,,,,,,,,,,,,,,,,,,,,,,,,,,,,,,,,,,,,,,,,,,,,,,,,,,,,,,,,,,,, [ 8608845997 ],,,,
  ,,,,,,,,,,,,,,,,,,,,,,,,,,,,,,,,,,,,,,,,,,,,,,,,,,,,,,,,,,,,,,,,,,,, [ 1686729243601 ],,,,,
  ,,,,,,,,,,,,,,,,,,, [ 5730977869 ],,,,,,,,,,,,,,,,,,,,,,,,,,,,,,,,,,,,,,,,,, 
  [ 4989791311 ],,,,,, [ 2732067577 ],,,,,,,,,,,,,,,,,,,,,,,,,,,,,,,,,,,, [ 11860168321 ],,,,
  ,,,,,,,,,,,,,,,,,,,,,,,,,,,,,,,, [ 292048912369 ],,,,,,,,,,,,,,,,,,,,,,,,,,,,,,,,,,,,,,,,,,
  ,,,,,,,,,,,,,,,,,,,,,,,,,,,,,,,,,,,,,,,,,,,,,,,,,,,,,,,,,,,,,,,,,,,,,,,,,,,,,,,,,,,,,,,,,,,
  ,,,,,,,,,,,,,,,,,,,,,,,,,,,,,,,,,,, [ 2806050553, 5636409193 ],,,,,,,,,,,,,,,,,,,,,,,,,,,,,
  ,,,,,,,,,,,,,,,,,,, [ 22305852577 ],,,,,,,,,,,,,,,,,,,,,,,,,,,,,,,,,,,,,,,,,,,,,,,,,,,,,,,,
  ,,,,,,,,,,,,,,,, [ 2418069169 ],,,,,,,,,,,,,,,,,,,,,,,,,,,,,,,,,,,,,,,,,,,,,,,, 
  [ 97920675889 ],,,,,,,,,,,,,,,,,,,,,,,,,,,,,,,,,,,,,,,,,,,,,,,,,,,,,,,,,,,,,,,,,,,,,,,,,,,,
  ,,,,,,,,,,,,,,,,,,,,,,,,,,,,,,,,,,,,,,,,,,,,,,,,,,,,,,,,,,,,,,,,,,,, [ 7628577217 ],,,,,,,,
  ,,,,,,,,,,,,,,,,,,,,,,,,,,,,,,,,,,,,,,,, [ 7770088489 ],,,,,,,,,,,,,,,,,,,,,,,,,,,,,,,,,,,,
  ,,,,,,,,,,,,,,,,,,,,,,,,,,,,,,,,,,,, [ 53096131513 ],,,,,,,,,,,,,,,,,,,,,,,,,,,,,,,,,,,,,,,
  ,,,,,,,,,,,,,,,,,,,,,,,,,,,,,,,,,,,,,,,,,,,,,,,,,,,,,,,,,,,,,,,,,,,,,,,,,,,,,,,,,,,,,,,,,,,
  ,,,,,,,,,,,,,, [ 1420208401 ],,,,,,,,,,,,,,,,,,,,,,,,,,,,,,,,,,,,,,,,,,,,,,,,,,,,,,,,,,,,,,
  ,,,,,,,,,, [ 244344505357 ],,,,,,,,,,,,,,,,,,,,,,,,,,,,,,,,,,,,,,,,,,,,,,,,,,,,,,,,,,,,,,,,
  ,,,,,,,,,,,,,,,,,,,,,,,,,,,,,,,, [ 1542435001, 1806007501 ],,,,,,,,,,,,,,,,,,,,,,,,,,,,,,,,
  ,,,,,,,,,,,,,,,,,,,,,,,,,,,,,,,,,,,,,,,,,,,,,,,,,,,,,,,,,,,,,,,,,,,,,,,,,,,,,,,,,,,,,,,, 
  [ 28809109261 ],,,,,,,,,,,,,,,,,,,,,,,,,,,,,,,,,,,,,,,,,,,,,,,,,,,,,,,,,,,,,,,,,,,,,,,,,,,,
  ,,,,,,,,,,,,,,,,,,,, [ 5136410029, 68572755577 ],,,,,,,,,,,,,,,,,,,,,,,,,,,,,,,,,,,,,,,,,,,
  ,,,,,,,,,,,,,,,,,,,,,,,,,,,,, [ 349734672409 ],,,,,,,,,,,,,,,,,,,,,,,,,,,,,,,,,,,,,,,,,,,,,
  ,,,,,,,,,,,,,,,,,,,,,,,,,,,,,,,,,,,,,,,,,,,,,,,,,,,,,,,,,,,,,,,,,,,,,,,,,,, 
  [ 13649515399777 ],,,,,,,,,,,,,,,,,,,,,,,,,,,,,,,,,,,,,,,,,,,,,,,,,,,,,,,,,,,,,,,,,,,,,,,,,
  ,,,,,,,,,,,,,,,,,,,,,,, [ 8216738317, 857499111289 ],,,,,,,,,,,,,,,,,,,,,,,, 
  [ 149539330189 ],,,,,,,,,,,,,,,,,,,,,,,,,,,,,,,,,,,,,,,,,,,,,,,,,,,,,,,,,,,,,,,,,,,,,,,, 
  [ 1517202901 ],,,,,,,,,,,,,,,,,,,,,,,,,,,,,,,,,,,,,,,,,,,,,,,,,,,,,,,,,,,,,,,,,,,,,,,,,,,,,
  ,,,,,,,,,,,,,,, [ 20466933761 ],,,,,,,,,,,,,,,,,,,,,,,,,,,, [ 3489801001 ],,,,,,,,,,,,,,,,,
  ,,,,,,,,,,,,,,,,,,,,,,,,,,,,,,,,,,,,,,,,,,,,,,,,,,,,,,, [ 389082083113 ],,,,,,,,,,,,,,,,,,,
  ,,,,, [ 103359672109 ],,,,,,,,,,,,,,,,,,,,,,,,,,,,,,,,,,,,,,,,,,,,,,,,,,,,,,,,,,,,,,,,,,,,,
  ,,,,,,,,,,,,,,,,,,,,,,,,,,,,,,,,,,,,,,,,,,,,,,,,,,,,,,,,,,,,,,,,,,,,,,,,,,,,,,,,,,,,,,,,,,,
  ,,,,,,,,,,,,,,,,,,,,,,,,,,,,,,,, [ 9521787757 ],,,,,,,,,,,,,,,,,,,,,,,,,,,,,,,,,,,,,,,,,,,,
  ,,,, [ 4763381881, 1708351254133 ],,,,,,,,,,,,,,,,,,,,,,,, [ 24733766454541 ],,,,,,,,,,,,,,
  ,,,,,,,,,, [ 12764842777, 14547935737 ],,,,,,,,,,,,,,,,,,,,,,,, [ 1485456877 ],,,,,,,,,,,,,
  ,,,,,,,,,,,,,,,,,,,,,,,,,,,,,,,,,,,,,,,,,,,,,,,,,,,,,,,,,,,,,,,,,,,,,,,,,,,,,,,,,,,,,,,,,,,
  ,,,,,,,,,,,,,,,,,,,,,,,,,,,,,,,,,,,,,,,,,,,,,,,,,,,,,,,,,,,,,,,,,,,,,,,,,,,,,,,,,,,,,,,,,,,
  ,,,,,,,,,,,,,,,,,,,,, [ 6675097441 ],,,,,,,,,,,,,,,,,,,,,,,,,,,,,,,,,,,,,,,,,,,,,,,, 
  [ 2738380321 ],,,,,,,,,,,,,,,,,,,,,,,,,,,,,,,,,,,,,,,,,,,,,,,,,,,,,,,,,,,,,,,,,,,,,,,, 
  [ 2620616437, 5652026101 ],,,,,,,,,,,,,,,,,,,,,,,,,,,,,,,,,,,,,,,,,,,,,,,,,,,,,,,,,,,,,,,,,
  ,,,,,,,,,,,,,,,,,,,,,,,,,,,,,,,,,,,,,,,,,,,,,,,,,,,,,,,,,,,,,,,,,,,,,,,,,,,,,,,,,,,,,,,,,,,
  ,,,,,,,,,,,, [ 5609723677 ],,,,,,,,,,,,,,,,,,,,,,,,,,,,,,,,,,,,,,,,,,,,,,,,,,,,,,,,,,,,,,,,
  ,,,,,,,,,,,,,,,,,,,,,,,,,,,,,,,,,,,,,,,,,,,,,,,,,,,,,,,, [ 6790690441, 369889279273 ],,,,,,
  ,,,,,,,,,,,,,,,,,,,,,,,,,,,,,,,,,,,,,,,,,,,,,,,,,,,,,,,,,,,,,,,,,,,,,,,,,,,,,,,,,,,,,,,,,,,
  ,,,,,,,,,,,,,,,,,,,,,,,,,,,,,,,,,,,,,,,,,,,,,,,,,,,,,,,,,,,,,,,,,,,,,,,,,,,,,,,,,,,,,,,,,,,
  ,,,,,,,,,,,,,,,,,,,,,,,,,,,, [ 2095647121 ],,,,,,,,,,,,,,,,,,,,,,,,,,,,,,,,,,,,,,,,,,,,,,,,
  ,,,,,,,,,,,,,,,,,,,,,,,,,,,,,,,,,,,,,,,,,,,,,,,, [ 8594736421, 10430976601 ],,,,,,,,,,,,,,,
  ,,,,,,,,, [ 2903591569 ],,,,,,,,,,,,,,,,,,,,,,,,,,,,,,,,,,,,,,,,,,,,,,,,,,,,,,,,,,,,,,,,,,,
  ,,,,, [ 11109598921, 23983828681 ],,,,,,,,,,,,,,,,,,,,,,,,,,,,,,,,,,,,,,,,,,,,,,,, 
  [ 308179003801 ],,,,,,,,,,,,,,,,,,,,,,,,,,,,,,,,,,,,,,,,,,,,,,,,,,,,,,,,,,,,,,,,,,,,,,,,,,,
  ,,,,,,,,,,,,,,,,,,,,, [ 1474833877009 ],,,,,,,,,,,,,,,,,,,,,,,, [ 1020844189 ],,,,,,,,,,,,,
  ,,,,,,,,,,,,,,,,,,,,,,,,,,,,,,,,,,,,,,,,,,,,,,,,,,,,,,,,,,,,,,,,,,,,,,,,,,,,,,,,,,, 
  [ 600946132921 ],,,,,,,,,,,,,,,,,,,,,,,,,,,,,,,,,,,,,,,,,,,,,,,, [ 7477364593 ],,,,,,,,,,,,
  ,,,,,,,,,,,, [ 4180637077 ],,,,,,,,,,,,,,,,,,,,,,,,,,,,,,,,,,,,,,,,,,,,,,,,,,,,,,,,,,,,,,,,
  ,,,,,,,, [ 1741834477 ],,,,,,,,,,,,,,,,,,,,,,,,,,,,,,,,,,,,,,,,,,,,,,,,,,,,,,,,,,,,,,,,,,,,
  ,,,,,,,,,,,,,,,,,,,,,,,,,,,,,,,,,,,,,,,,,,,,,,,,,,,,,,,,,,,,,,,,,,,,,,,,,,,, 
  [ 12570052921 ],,,,,,,,,,,,,,,,,,,,,,,, [ 22177232037277 ],,,,,,,,,,,,,,,,,,,,,,,,,,,,,,,,,
  ,,,,,,,,,,,,,,,,,,,,,,,,,,,,,,,,,,,,,,,,,,,,,,,,,,,,,,,,,,,,,,,,,,,,,,,,,,,,,,,,,,,,,,,,,,,
  ,,,,,,,,,,,,,,,,,,,,,,,,,,,,,,,,,,,,,,,,,,,,,,,,,,,,,,,,,,,,,,,,,,,,,,,,,,,,,,,,,,,,,,,,,,,
  ,,,,,,,,,,,,,,,,,,,,,,,,, [ 1270267381 ],,,,,,,,,,,,,,,,,,,,,,,,,,,,,,,,,,,,,,,,,,,,,,,, 
  [ 57380352493, 96411069109 ],,,,,,,,,,,,,,,,,,,,,,,,,,,,,,,,,,,,,,,,,,,,,,,,,,,,,,,,,,,,,,,
  ,,,,,,,,,,,,,,,,,,,,,,,,,,,,,,,,,,,,,,,,,,,,,,,,,,,,,,,,,,,,,,,,,,,,,,,,,,,,,,,,,,,,,,,,,,,
  ,,,,,,,,,,,,,, [ 4458446389, 22823635033 ],,,,,,,,,,,,,,,,,,,,,,,,,,,,,,,,,,,,,,,,,,,,,,,,,
  ,,,,,,,,,,,,,,,,,,,,,,,,,,,,,,,,,,,,,,,,,,,,,,, [ 3088787797 ],,,,,,,,,,,,,,,,,,,,,,,,,,,,,
  ,,,,,,,,,,,,,,,,,,,,,,,,,,,,,,,,,,,,,,,,,,, [ 9547468154041 ],,,,,,,,,,,,,,,,,,,,,,,,,,,,,,
  ,,,,,,,,,,,,,,,,,,,,,,,,,,,,,,,,,,,,,,,,,,,,,,,,,,,,,,,,,,,,,,,,,,,,,,,,,,,,,,,,,,,,,,,,,,,
  ,,,,,,,,,,,,,,,,,,,,,,,,,,,,,,,,,,,,,,,,,,,,,,,,,,,,,,,,,,,,,,,,,,,,,,,,,,,,,,,,,,,,,,,,,,,
  ,,,, [ 454133887741 ],,,,,,,,,,,,,,,,,,,,,,,,,,,,,,,,,,,,,,,,,,,,,,,,,,,,,,,,,,,,,,,,,,,,,,
  ,,,,,,,,,,,,,,,,,,,,,,,,,,,,,,,,,,,,,,,,,,,,,,,,,,,,,,,,,,,,,,,,,,,,,,,,,,,,,,,,,,,,,,,,,,,
  ,,,,,,,,,,,,,,,,,,,,,,,,,,,,,,,,,,,,,,,,,,,,,,,,,,,,,,,,,,,,,,,,,,,,,,,,,,,,,,,,,,,,,,,,,,,
  ,,,,,,,,,,,,,,,,,,,,,,,,,,,,,,,,,,,,,,,,,,,,,,,,,,,,,,,,,,,,,,,,,,,,,,,,,,,,,,,,,,,,,,,,,,,
  ,,,,,,,,,,,,,,,,,,,,,,,,,,,,,,,,,,,,,,,,, [ 4198726261, 26872519621 ],,,,,,,,,,,,,,,,,,,,,,
  ,,,,,,,,,,,,,,,,,,,,,,,,,,,,,,,,,,,,,,,,,,,,,,,,,,,,,,,,,,,,,,,,,,,,,,,,,,,,,,,,,,,,,,,,,,,
  ,,,,,,,,,,,,,,,,,,,,,,,,,,,,,,,,,,,,,,,,,,,,,,,,,,,,,,,,,,,,,,,,,,,,,,,,,,,,,,,,,,,,,,,,,,,
  ,,,,,,,,,,,,,,,,,,,,,,,,,,,,,,,,,,,, [ 1077944401, 6657873301 ],,,,,,,,,,,,,,,,,,,,,,,,,,,,
  ,,,,,,,,,,,,,,,,,,,,,,,,,,,,,,,,,,,,,,,,,,,,,,,,,,,,,,,,,,,,,,,,,,,,,,,,,,,,,,,,,,,,,,,,,,,
  ,,,,,,,,,,,,,,,,,,,,,,,,,,,,,,,,,,,,,,,,,,,,,,,,,,,,,,,,,,,,,,,,,,,,,,,,,,,,,,,,,,,,,,,,,,,
  ,,,,,,,,,,,,,,,,,,,,,,,,,,,,,,,,,,,,,,,,,,,,,,,,,,,,,,,,,,,,,,,,,,,,,,,,,,,,,,,,,,,,,,,,,,,
  ,,,,,,,,,,,,,,,,,,,,,,,,,,,,,,,,,,,,,,,,,,,,,,,,,,,,,,,,,,, [ 21857049541 ],,,,,,,,,,,,,,,,
  ,,,,,,,,,,,,,,,,,,,,,,,,,,,,,,,,,,,,,,,,,,,,,,,,,,,,,,,,,,,,,,,,,,,,,,,,,,,,,,,,,,,,,,,,,,,
  ,,,,,,,,,,,,,,,,,,,,,,,,,,,,,,,,,,,,,,,,,,,,,,,,,,,,,,,,,,,,,,,,,,,,,,,,,,,,,,,,,,,,,,,,,,,
  ,,,,,,,,,,,,,,,,,,,,,,,,,,,,,,,,,,,,,,,,,,,,,,,,,,,,,,,,,,,,,,,,,,,,,,,,,,,,,,,,,,,,,,,,,,,
  ,,,,,,,,,,,,,,,,,,,,,,,,,,,,,,,,,,,,,,,,,,,,,,,,,,,,,,,,,,,,,,,,,,,,,,,,,,,,,,,,,,,,,,,,,,,
  ,,,,,,,,,,,,,,,,,,,,,,,,,,,,,,,,,,,,,,,,,,,,,,,,,,,,,,,,,,,,,,,,,,,,,,,,,,,,,,,,,,,,,,,,,,,
  ,,,,,,,,, [ 19472036761 ],,,,,,,,,,,,,,,,,,,,,,,,,,,,,,,,,,,,,,,,,,,,,,,,,,,,,,,,,,,,,,,,,,
  ,,,,,,,,,,,,,,,,,,,,,,,,,,,,,,,,,,,,,,,,,,,,,,,,,,,,,, [ 117881133961 ],,,,,,,,,,,,,,,,,,,,
  ,,,,,,,,,,,,,,,,,,,,,,,,,,,,,,,,,,,,,,,,,,,,,,,,,,,,,,,,,,,,,,,,,,,,,,,,,,,,,,,,,,,,,,,,,,,
  ,,,,,,,,,,,,,,,,,,,,,,,,,,,,,,,,,,,,,,,,,,,,,,,,,,,,,,,,,,,,,,,,,,,,,,,,,,,,,,,,, 
  [ 3208501801 ],,,,,,,,,,,,,,,,,,,,,,,,,,,,,,,,,,,,,,,,,,,,,,,, [ 2089322701 ],,,,,,,,,,,,,,
  ,,,,,,,,,,,,,,,,,,,,,,,,,,,,,,,,,,,,,,,,,,,,,,,,,,,,,,,,,,,,,,,,,,,,,,,,,,,,,,,,,,,,,,,,,,,
  ,,,,,,,,,,,,,,, [ 5588157961 ],,,,,,,,,,,,,,,,,,,,,,,,,,,,,,,,,,,,,,,,,,,,,,,,,,,,,,,,,,,,,
  ,,,,,,,,,,,,,,,,,,,,,,,,,,,,,,,,,,,,,,,,,,,,,,,,,,,,,,,,,,,,,,,,,,,,,,,,,,,,,,,,,,,,,,,,,,,
  ,,,,,,,,,,,,,,,,,,,,,,,,,,,,,,,,,,,,,,,,,,,,,,,,,,,,,,,,,,,,,,,,,,,,,,,,,,,,,,,,,,,,,,,,,,,
  ,,,,,,,,,,,,,,,,,,,,,,,,,,,,,,,,,,,,,,,,,,,,,,,,,,,,,,,,,,,,,,,,,,,,,,,,,,,,,,,,,,,,,,,,,,,
  ,,,,,,,,,,,,,,,,,,,,,,,,,,,,,,,,,,,,,,,,,,,,,,,,,,,,,,,,,,,,,,,,,,,,,,,,,,,,,,,,,,,,,,,,,,,
  ,,,,,,,,,,,,,,,,,,,,,,,,,,,,,,,,,,,,,,,,,,,,,,,,,,,,,,,,,,,,,,,,,,,,,,,,,,,,,,,,,,,,,,,,,,,
  ,,,,,,,,,,,,,,,,,,,,,,,,,,,,,,,,,,,,,,,,,,,,,,,,,,,,,,,,,,,,,,,,,,,,,,,,,,,,,,,,,,,,,,,,,,,
  ,,,,,,,,,,,,,,,,,,,,,,,,,,,,,,,,,,,,,,,,,,,,,,,,,,,,,,,,,,,,,,,,,,,,,,,,,,,,,,,,,,,,,,,,,,,
  ,,,,,,,,,,,,,,,,,,,,,,,,,,,,,,,,,,,,,,,,,,,,,,,,,,,,,,,,,,,,,,,,,,,,,,,,,,,,,,,,,,,,,,,,,,,
  ,,,,,,,,,,,,,,,,,,,,,,,,,,,,,,,,,,,,,,,,,,,,,,,,,,,,,,,,,,,,,,,,,,,,,,,,,,,,,,,,,,,,,,,,,,,
  ,,,,,,,,,,,,,,,,,,,,,,,,,,,,,,,,,,,,,,,,,,,,,,,,,,,,,,,,,,,,,,,,,,,,,,,,,,,,,,,,,,,,,,,,,,,
  ,,,,,,,,,,,,,,,,,,,,,,,,,,,,,,,,,,,,,,,,,,,,,,,,,,,,,,,,,,,,,,,,,,,,,,,,,,,,,,,,,,,,,,,,,,,
  ,,,,,,,,,,,,,,,,,,,,,,,,,,,,,,,,,,,,,,,,,,,,,,,,,,,,,,,,,,,,,,,,,,,,,,,,,,,,,,,,,,,,,,,,,,,
  ,,,,,,,,,,,,,,,,,,,,,,,,,,,,,,,,,,,,,,,,,,,,,,,,,,,,,,,,,,,,,,,,,,,,,,,,,,,,,,,,,,,,,,,,,,,
  ,,,,,,,,,,,,,,,,,,,,,,,,,,,,,,,,,,,,,,,,,,,,,,,,,,,,,,,,,,,,,,,,,,,,,,,,,,,,,,,,,,,,,,,,,,,
  ,,,,,,,,,,,,,,,,,,,,,,,,,,,,,,,,,,,,,,,,,,,,,,,,,,,,,,,,,,,,,,,,,,,,,,,,,,,,,,,,,,,,,,,,,,,
  ,,,,,,,,,,,,,,,,,,,,,,,,,,,,,,,,,,,,,,,,,,,,,,,,,,,,,,,,,,,,,,,,,,,,,,,,,,,,,,,,,,,,,,,,,,,
  ,,,,,,,,,,,,,,,,,,,,,,,,,,,,,,,,,,,,,,,,,,,,,,,,,,,,,,,,,,,,,,,,,,,,,,,,,,,,,,,,,,,,,,,,,,,
  ,,,,,,,,,,,,,,,,,,,,,,,,,,,,,,,,,,,,,,,,,,,,,,,,,,,,,,,,,,,,,,,,,,,,,,,, [ 2167662001 ],,,,
  ,,,,,,,,,,,,,,,,,,,,,,,,,,,,,,,,,,,,,,,,,,,,,,,,,,,,,,,,,,,,,,,,,,,,,,,,,,,,,,,,,,,,,,,,,,,
  ,,,,,,,,,,,,,,,,,,,,,,,,, [ 499764352621 ],,,,,,,,,,,,,,,,,,,,,,,,,,,,,,,,,,,,,,,,,,,,,,,,,
  ,,,,,,,,,,,,,,,,,,,,,,,,,,,,,,,,,,,,,,,,,,,,,,,,,,,,,,,,,,,,,,,,,,,,,,,,,,,,,,,,,,,,,,,,,,,
  ,,,,,,,,,,,,,,,,,,,,,,,,,,,,,,,,,,,,,,,,,,,,,,,,,,,,,,,,,,,,,,,,,,,,,,,,,,,,,,,,,,,,,,,,,,,
  ,,,,,,,,,,,,,,,,,,,,,,,,,,,,,,,,,,,,,,,,,,,,,,,,,,,,,,,,,,,,,,,,,,,,,,,,,,,,,,,,,,,,,,,,,,,
  ,,,,,,,,,,,,,,,,,,,,,,,,,,,,,,,,,,,,,,,,,,,,,,,,,,,,,,,,,,,,,,,,,,,,,,,,,,,,,,,,,,,,,,,,,,,
  ,,,,,,,,,,,,,,,,,,,,,,,,,,,,,,,,,,,,,,,,,,,,,,,,,,,,,,,,,,,,,,,,,,,,,,,,,,,,,,,,,,,,,,,,,,,
  ,,,,,,,,,,,,,,,,,,,,,,,,,,,,,,,,,,,,,,,,,,,,,,,,,,,,,,,,,,,,,,,,,,,,,,,,,,,,,,,,,,,,,,,,,,,
  ,,,,,,,,,,,,,,,,,,,,,,,,,,,,,,,,,,,,,,,,,,,,,,,,,,,,,,,,,,,,,,,,,,,,,,,,,,,,,,,,,,,,,,,,,,,
  ,,,,,,,,,,,,,,,,,,,,,,,,,,,,,,,,,, [ 1683759001 ],,,,,,,,,,,,,,,,,,,,,,,,,,,,,,,,,,,,,,,,,,
  ,,,,,,,,,,,,,,,,,,,,,,,,,,,,,,,,,,,,,,,,,,,,,,,,,,,,,,,,,,,,,,,,,,,,,,,,,,,,,,,,,,,,,,,,,,,
  ,,,,,,,,,,,,,,,,,,,,,,,,,,,,,,,,,,,,,,,,,,,,,,,,,,,,,,,,,,,,,,,,,,,,,,,,,,,,,,,,,,,,,,,,,,,
  ,,,,,,,,,,,,,,,,,,,,,,,,,,,,,,,,,,,,,,,,,,,,,,,,,,,,,,,,,,,,,,,,,,,,,,,,,,,,,,,,,,,,,,,,,,,
  ,,,,,,,,,,,,,,,,,,,,,,,,,,,,,,,,,,,,,,,,,,,,,,,,,,,,,,,,,,,,,,,,,,,,,,,,,,,,,,,,,,,,,,,,,,,
  ,,,,,,,,,,,,,,,,,,,,,,,,,,,,,,,,,,,,,,,,,,,,,,,,,,,,,,,,,,,,,,,,,,,,,,,,,,,,,,,,,,,,,,,,,,,
  ,,,,,,,,,,,,,,,,,,,,,,,,,,,,,,,,,,,,,,,,,,,,,,,,,,,,,,,,,,,,,,,,,,,,,,,,,,,,,,,,,,,,,,,,,,,
  ,,,,,,,,,,,,,,,,,,,,,,,,,,,,,,,,,,,,,,,,,,,,,,,,,,,,,,,,,,,,,,,,,,,,,,,,,,,,,,,,,,,,,,,,,,,
  ,,,,,,,,,,,,,,,,,,,,,,,,,,,,,,,,,,,,,,,,,,,,,,,,,,,,,,,,,,,,,,,,,,,,,,,,,,,,,,,,,,,,,,,,,,,
  ,,,,,,,,,,,,,,,,,,,,,,,,,,,,,,,,,,,,,,,,,,,,,,,,,,,,,,,,,,,,,,,,,,,,,,,,,, [ 14982709249 ] 
 ]);
