BRENTFACTORS[265]:=MakeImmutable([ ,,,,,,,,,,,,,,,, [ 2959570291 ],, [ 4361013343 ],,,, 
  [ 1959310809956352973524823 ],,,, [ 25672354327 ],, [ 1301634203, 251370706703009 ],, 
  [ 2242124707188443465256734039 ],, [ 2494057414267 ],, [ 1474691611, 66819409236534571 ],,
  , [ 7822757920210643 ],, [ 19144445401 ], 
  [ 985706889646964704976879, 9049206560792846067720845021 ],, 
  [ 48646886440815097, 5008210173539075558207 ],,,, 
  [ 539607954980008749302513556814357888550153558041 ],, 
  [ 16830501752717402107, 28599300385792921418341 ],, [ 4048348279 ], [ 15053977469572757 ], 
  [ 12538339054471, 17572149413383811, 54646488740933996809077761546491 ],,,, 
  [ 18405321661, 220340133385788847217749 ], [ 17248993330399 ], 
  [ 28915620638913743715751, 4023597535990508051407144960033, 
      2810717440730003421518904987124351 ],, 
  [ 47929326963697, 379372153758218461555718865308902164585702932384429 ],, 
  [ 1277911896862130484409279533002743 ], 
  [ 11963481566081, 34213071802561, 2000270588127457602497 ],, 
  [ 227893174081, 1554830309407 ], 
  [ 9604595289393739, 888153645282243632233, 11004180733845429433977964201, 
      25191191408018675359515178790219240539 ], [ 382928013882003159957709961321 ], 
  [ 5066084988426463, 9300556771175281, 3418235506680332746315081 ], 
  [ 6127291900031, 23858949140461 ], 
  [ 2628734861189107579, 124572995405902495646897765358203 ],, 
  [ 14864706761, 3849031603996123, 14551110484998148299376750267777574136409499 ], 
  [ 11698244399522602177540693 ], [ 10503184651, 1064215666096351 ], 
  [ 1031202701832409, 6254604280809534699121 ],,, 
  [ 11431323859, 657114653555553688225400903 ], [ 44630381667761 ], 
  [ 4565390404875031, 406338033929812754597338087, 201455153673290277009000453005427124093 ],
  [ 123749039636894190307, 5216177943752300243149511 ], 
  [ 13024270361, 75436786519, 1327056514483109904839, 6792693790237907838032617996397 ], 
  [ 228655013656588922507413 ], [ 71013595312419184611604241397072959920321 ], 
  [ 134095259659756817603 ],, [ 45988917970785593, 525904228936259527151480705772934848577 ],
  , [ 23361824701, 1194918860431 ], [ 2441275019 ], 
  [ 19368550792216265470864404253, 49763857469729356640011428974107777 ], 
  [ 7236471194990283397, 22918189195716880740605950933, 
      8567116034534138427285061178000751779175927643 ], 
  [ 201792105180613, 1057916630478691, 2237352230606761, 4039054670773765227889 ],, 
  [ 5702113970332232775707143009 ], [ 986465883625061959359859373 ], 
  [ 469847380439051539, 43475965409160351605401589602339 ],, [ 2275299701, 3477187398901 ],,
  , [ 148348305417706740717908048389 ], [ 836476207355843022281 ], 
  [ 2079020228225011, 5237212531602398195206424899959659978761 ],,, [ 182530660672441 ], 
  [ 5081046119 ], [ 9773143271, 12480757515931 ], 
  [ 336926800603, 9733137910997335666843315273 ], [ 197540325575345089 ],, 
  [ 1850427960903562969572619 ], [ 387453207292397913391 ], 
  [ 6360937587355117957622941, 188177735041391793275361202308317 ],, 
  [ 97689929782700027617801889 ], [ 1091126593523 ], [ 1687838452561 ], 
  [ 182128831858741005041 ], 
  [ 158240416086019, 2103144887074369003519, 59961625555169759383315665518734421 ], 
  [ 246877140665142814625737389120554551 ], [ 63378348289 ], [ 3132026251, 8243935318001 ], 
  [ 1175428605346196045756005459 ], 
  [ 647225688340549, 944233889764550092177, 313074964457344763376793 ], 
  [ 2704795990946590991027428409857 ], [ 21882809985215359 ], 
  [ 45068211522187304426533294605571, 54637406769501169211037567903168251 ], 
  [ 1813141381949 ],, [ 5387990353579 ], 
  [ 3454331939041, 355964344683240552212162536280227, 
      1079092992578917312938491711231054572522547 ], [ 5889306421 ], 
  [ 421037862980350019505636280649 ], [ 617460616732343 ],, [ 2296591639, 3195549397 ],, 
  [ 62141785814611, 602387974969277751193752173790103 ],, [ 190409601057320503 ],,, 
  [ 6984966355886681970877661730262445929, 737685097182080441925896627225304980026737050153 ]
    , [ 2583032782474084921, 761522975713122456331, 9424552367234758179859773397 ], 
  [ 22290875596995089353, 2479463399558912903791875169 ], 
  [ 496500893744449931, 244395595660060892982367777, 19678971576825968737512418889 ], 
  [ 1539942301, 3853859431501 ], [ 154082821857593 ], 
  [ 21504089041, 56064344138395413751276412371884826019753 ], [ 100123930032463 ], 
  [ 16616096113, 43153304041, 78244198292346172376462351048313995557217310451454078839171 ],
  , [ 1190524082593, 18170406178072643796537954073013737 ], [ 1556326347278676927773 ],, 
  [ 56803114532069720297799482059 ],,,,, [ 167785368133, 29903852798089 ],, 
  [ 76422120023, 76618740478990461077, 571625987119394640563060521, 
      6071152064437112188740466883327131714249 ], [ 3566740206894087734260861 ], 
  [ 54392402569, 70961695746649, 34323061713608635995541042088115346111777 ],, 
  [ 139476430159580194991, 1052005253417289374428734326443321, 
      25765632460543977968932257338480345081 ], 
  [ 98732138347, 297480207457, 88889719584709, 2110383947362321993462957 ],, 
  [ 607661859209 ], 
  [ 94794775473986983521202029033601, 673098498421524960358404006742800361526668123 ], 
  [ 3576059707501 ], 
  [ 50362232160915857660369, 18729241151903958202489621121, 
      335248104055177533545793120631711630129 ], [ 5158197367, 1849417668739 ],,,, 
  [ 61408150764746003 ], 
  [ 3034959929, 405638436659, 3493977567105891129811, 4757996993616296214929243406581 ], 
  [ 541926888600747211, 936042206031472548722691667 ], [ 1926172783940737 ], [ 50552245301 ],
  [ 3765896411715248997780799, 1929624309379000168879164459694053866167 ],, 
  [ 46445677536317 ], 
  [ 45882041307481, 3297402716715631492259131, 2544549609810292684143133665727 ], 
  [ 3203886211 ],, [ 127543445336641, 3317194250112516639337352822191894224792577 ], 
  [ 274302426529 ],, [ 131400751006402762561 ], 
  [ 16429415401885240021, 25599516765699265907303840426251181 ], 
  [ 5604191779, 1612913681403347, 3140002417116439087, 136825430155372724521972978997 ], 
  [ 40199925653911 ], [ 14808603186369621242902751 ], 
  [ 6715031550394801, 2110559670056819516542508333132442587201 ], 
  [ 5843188189, 85537603721923 ], 
  [ 907872038788009, 1491640280648414503, 18614570298179262496170527, 
      7304805135135764952127106551447, 13903580168947820915119484326172963 ], 
  [ 21710191469, 8308417748934797635414547 ], 
  [ 1321442641, 94600011589, 202278224061975247741 ], 
  [ 830171943857735831861, 866984011981871421072110471 ], [ 16637265551 ], 
  [ 2717669881, 759041218419049, 2941329449717986620637, 1621383764231056658387707, 
      1062012635758322724749623111, 168325253363015399855128553047 ], 
  [ 7778711939233, 8205482171775581473457 ], [ 1377832919, 271959964769570640971 ], 
  [ 34049491067540761, 22375453359653835837745529652151 ], 
  [ 14115379207820056181, 139430377341061215299459 ],, [ 4576718297533 ],, 
  [ 43188923402377277647831 ],,,, [ 371679420306566866976841361 ], [ 22534471961 ],,,, 
  [ 55742550116130364322362569945281 ], [ 1291278212524968751 ], 
  [ 23080032138750894772564787 ], [ 15677708918093 ],, [ 92612753414627 ], [ 11619171281 ], 
  [ 10516850191, 316594003830259, 144615809325995408941, 22133207708758069567572853 ], 
  [ 26996628961, 10294796856606601 ], 
  [ 1858844177, 4643704447, 17497579020375119, 215504064115368183601 ], [ 2209848967 ], 
  [ 10069470565261, 4318621587893891 ], [ 1252771747371821 ], 
  [ 15313052533, 1338501614829759979, 54073593456087550197777889 ], 
  [ 239476933687741, 38542289334776149434989, 32365716477371745942468443 ], 
  [ 9822763064181742627, 702373762431779013623, 80702709911331836018366537, 
      365760913873560595042381067441 ], 
  [ 1913957715121, 312567154981518320261792850746284321, 
      90634728720222165547231163200054820752059828474481 ],, [ 3100373842824779951 ], 
  [ 463976489951173, 90571961849496949, 340409989052676937, 74875636989808846309 ],, 
  [ 12827620331, 3518217924691, 31417617498827491, 741335595380495234146076351 ], 
  [ 27901135237801231872461936390353 ], [ 8601538994959 ], [ 807506479152577 ], 
  [ 129900035492581096786828363 ], [ 906347032257842251, 12797259205177780866986435501 ],, 
  [ 4759289708268313, 125104475024829739171657 ], 
  [ 559085986603, 871821443681, 46824674786309377, 2483906037140974843, 
      33654520283683907859109 ], [ 147386102545469, 417651560756557842503 ], [ 3743400511 ], 
  [ 253529313369601 ], [ 305425190563, 44310155636681589249107, 50022717388484071008103 ], 
  [ 618941080629588853 ], [ 311686078369, 19667868630178007 ], [ 4896510955098976201 ],, 
  [ 479119099774085504429, 27221505350255731627999 ],,, 
  [ 234186637931, 24775079805881, 59871117679931, 928259450464651, 1352877844990901, 
      8479450198855501, 855721311030133785481, 41115194600895506905490240351 ],, 
  [ 2111537293927, 2400936683704592663778026071 ], 
  [ 13411407421, 724505396729, 28028564730687892141 ], [ 116440487363549, 5726458767825979 ],
  [ 56976777714691 ],, [ 181084098193 ], [ 57565898209 ], [ 859208211017357445041399909 ], 
  [ 653200017701986255601 ], [ 6853058995297 ], [ 1522378212049 ], [ 1221618648709 ],, 
  [ 111202203001 ],, [ 5785235641, 158032157817515105687137 ],, [ 4437900112124833469 ], 
  [ 1927810111, 3310395841, 462281890201 ], [ 12452174593 ], 
  [ 41310467171, 200278953239, 33898125168209, 2233110482771491, 6745612143545941 ], 
  [ 7544060072444140673833441 ], [ 8895958564909601 ],, [ 417321682249, 514137221294737 ], 
  [ 45812502595107177361 ], [ 2434508674202147, 1139258156852266620679 ], 
  [ 465646371037, 79301755096034989048287482922962851 ], [ 328584959401, 249542555593545631 ]
    , [ 323823160983250681, 5198274220400906873631404803097 ], 
  [ 5929409467898340139, 31346279415364134079 ], [ 17373595489 ], [ 52095163019422771 ], 
  [ 1392315525929850601 ],, [ 4001317784743577640147410831 ], [ 33663561793 ], 
  [ 5694480659297, 18074092313647843261777, 69458032039581874413233 ], 
  [ 160869775841, 1062524890631, 959049052718131 ], [ 816194890324392128263801 ], 
  [ 6993393196170715699 ], [ 2321089524293, 1241539351626021449 ], 
  [ 85678432119583750099, 325368677904582757657 ],,, 
  [ 10754271366259173481873, 1722076876385882180580657058897 ], 
  [ 3587347358823307, 145294453739226593, 226173682141504519 ], 
  [ 2166916251273279277601124388009513 ], [ 59111088121, 80253501581082061 ],,,,,, 
  [ 124654167541, 12731408965546396401499 ], [ 1260916865968384000139 ],, 
  [ 8182627129, 13310435147689, 5589005810971547140681573 ], [ 2232109751 ], 
  [ 14262874997801 ],, [ 344476038908806475497 ], 
  [ 10862912131, 82819101581819, 536345330851940387 ], [ 1192774441 ],,,, 
  [ 97616125960617661, 6140004613472578523, 5384066238964181029233243361 ], [ 81206286041 ], 
  [ 4672980065713, 1367352489393409 ],, [ 502168677349, 22737943735582063171 ], 
  [ 13327528660815547 ],,, [ 5807175374953 ], [ 1933019943235067 ],, 
  [ 41355898651, 684833665085551, 63792352566358397341 ], 
  [ 19847783792659, 1069383072936203, 46059272732146139651 ],, 
  [ 1223724727021, 3208527133837 ],, [ 3132299600501, 175912554116023201 ],, 
  [ 2332139041, 38955362689, 23960693422299170260769 ], [ 69057212089, 2481409899401 ], 
  [ 5266537595573563, 322897671411215477095437361 ], [ 57275873499120181 ],, 
  [ 33997730467, 209638924447, 6119491495321 ], 
  [ 3623513111, 2634945697297, 4073584167551, 6815601610745591, 991267929074939587, 
      1505181496348837796852267 ],, [ 2093633213051420281 ],, [ 1508132183, 153538334936533 ]
   ,, [ 2652309661, 191764582407117721 ], [ 629157094091, 1210323297876192581 ],, 
  [ 1014350567 ],,,, [ 9118138045487171 ], [ 1366454209, 220129407752209 ],, 
  [ 5283621001121, 1292586552546763, 15557183468150879536064622531521, 
      153017489042135689716180785976859 ],, 
  [ 33806332961, 49314457074569, 24707278890819115753, 19988478897649265557966897 ],, 
  [ 2160497836938030157 ],, [ 11614360094423345065761901 ],, [ 971013921373513999 ],, 
  [ 214344123786817502977 ], [ 31666964011212046441 ],,, [ 7558240493149 ],, [ 29162524561 ],
  , [ 190617723577 ], [ 2813265544501 ], [ 38353860263, 1179168169129, 28665948513131431309 ]
   ,, [ 147066167557 ],, [ 114357742723779478681, 10151667609788778139961 ],, 
  [ 1570436984281650903333146801 ],, [ 3420916055024882611822141093 ], [ 519581062703 ], 
  [ 18756639137138713 ], [ 7707491821, 42162905844991 ], 
  [ 1511083485458340151, 9012646631427059466959 ], [ 331001210717 ], [ 5671613713 ],, 
  [ 301730876295767221, 6164361846208320900930272881051 ],,,, [ 38442191987023454321947 ],, 
  [ 9863992911032121889 ], [ 604185561994099, 768220106566113139 ],,, 
  [ 5599750381, 1389438506371889494921 ],,,, [ 122136441748393 ],, 
  [ 143769161611803289, 413758256823991547161, 1511648727024496097080404901, 
      5053315900711178059163811126290479 ],, 
  [ 342481551977, 2061072293928689, 100419284608956772429 ],,,, 
  [ 814849774993, 787639464980209 ], [ 1953388268256157 ],, [ 26753736876695371 ], 
  [ 136615949831441699741 ], [ 27534687407 ], [ 124738110667 ],,, [ 1684265437, 4516126651 ],
  ,, [ 857027208241, 795060217200367298363944753 ],,, [ 41140657903 ], 
  [ 2650021661953, 11677999605889, 1329530456616769083472308976961 ],, [ 1000122763951 ],, 
  [ 4418250301670487313 ], [ 16859081163783373117 ], [ 7431960479, 104262970481 ], 
  [ 4529265034329172411 ],,,, [ 10095079843, 777860923573 ], 
  [ 32364116117741, 1538105829052026701, 536762819107535948146569483841 ],, 
  [ 1283429303526406506967611652693 ],, [ 15877680715937, 35539000509687147305053657841 ], 
  [ 14556044699097961 ], [ 137020422678322891854832727, 16339612093813929026023127244413 ],, 
  [ 184422330110899343677033 ],, [ 10939732587071 ],,,, [ 31102980359280073303 ], 
  [ 1427954501 ],,, [ 115475364903791 ],,,,,, [ 25743729969619796377 ],, 
  [ 105960794924431, 325762643377267543 ],,, [ 30070797787 ], [ 575351486862947341 ],, 
  [ 3192722874065761, 60516129058446035267778949 ],, [ 1204901851998890805871827529711 ], 
  [ 52471926995363371 ], [ 2539570097, 3619032184577 ],, [ 14584814449 ],, 
  [ 7858313501, 123634290572501, 625294551665144772119975367001 ],,,, 
  [ 204888370492346214207241, 14554027526780068375045537 ],,,,,, [ 843662805649921 ],,,, 
  [ 3932348263, 15109572271 ], [ 1771744926151, 227479066965191 ], 
  [ 4143827974921, 1186929268696681 ],, [ 1557418801527583 ],, 
  [ 12634224266561, 283849187138401 ],, 
  [ 1406614398687004854961, 420967438847839704405450880423 ], [ 5814393600787 ],,, 
  [ 168313631186741, 333049426526941, 2686667791416709, 20003620685985271 ],, 
  [ 7710576020401 ],, [ 12797900461 ],, [ 5293538321 ],,,, [ 35822849801 ], 
  [ 116483900593, 70502270048761 ],, [ 6151169333 ],, [ 18835632367 ],,, 
  [ 44161502849820382957256353 ], [ 24341124631 ],,, [ 780736881773, 2071600504829035678781 ]
   ,, [ 8236274561850896551 ],,,, [ 9449985191, 15117380849200489498391701027 ],, 
  [ 36374875529, 338686296756792613 ],, [ 13904414253653985978463, 839383407284612288407831 ]
   ,, [ 63469193761, 65162161121 ], [ 829840055799019 ], 
  [ 565884490376319277, 157553568116067155113627549 ], [ 30859270969439144893 ], 
  [ 74957888149 ],, [ 278188234769 ],, [ 8250146041 ], [ 1649195291 ],,,,, 
  [ 898080625498014631109582237 ],, [ 3185700029683878913145251566913 ],,,, 
  [ 20791159661, 95549019243001 ],, [ 247263385597, 812520768691 ],, [ 36807146041 ], 
  [ 70300992061, 202587603661, 42076431522088471 ],,,,, 
  [ 2014416941, 2088558095593381, 10282196667945121, 417967366309882220682121 ], 
  [ 345871022197, 9403076340061 ], [ 6191146969169, 754917205542809219455065893137 ], 
  [ 9527751892898593 ], [ 1473602052609569114419969 ],, [ 120211001357 ],, 
  [ 207145646153470337 ], [ 18968515031 ], [ 801085677098401 ],, 
  [ 542376829478807, 7221507513876803729 ],, [ 969650393989 ],,,, [ 40788838599202753 ],, 
  [ 2320587355097741 ], [ 2117029869371 ], [ 35398910602532161 ],,,,, [ 5106892649501 ],, 
  [ 1497795539, 388116877417, 1420048791070309 ],, 
  [ 1238666714191, 1441512250687, 1574455384800919 ],,, 
  [ 1812329377, 46328154913, 94325829937 ], [ 2768481251, 397811174815001 ],, 
  [ 36425643787567 ], [ 703260396061, 3522893199517, 54456857878096057 ], [ 92625987739 ], 
  [ 6152013156241, 11378736789841, 2274761854312921, 7149677513562484007941 ],, 
  [ 6068981609, 24663333833009 ],, [ 23257500671 ],, 
  [ 130964591527249, 14207124157491493, 508495941834349477 ],,, 
  [ 57821406427, 1079521401097 ], [ 2898459201315777928321 ], [ 626739596232559 ], 
  [ 163838044333 ],,, [ 100406471461 ],,, [ 8516090521 ],,,,, [ 2872692633367 ], 
  [ 6835359481, 1413446142694060159 ],,,, [ 192824117977 ], [ 1138856123, 12399085001 ], 
  [ 69523275596905587601 ],,,, [ 841106986297 ],,,,,, [ 1573163163875341 ],,,,, 
  [ 17014795201 ],,,, [ 3751995658559 ],, [ 547069180531 ], [ 23145060559520867089 ],,, 
  [ 25524953611 ],,, [ 1952187617 ],, [ 4614282561235268191 ],,, [ 3264934859803 ],,,,,, 
  [ 1126479043 ],, [ 121632714098221 ], [ 12691706509 ],, [ 12380805883777 ],, 
  [ 1543104907 ], [ 46051547869097, 226183676435829407 ], [ 11370412033 ],,, 
  [ 302430248600419 ],,, [ 1684710847, 3332922727 ],,, [ 82116294937 ],,, 
  [ 15322932101868481, 2068466861417775188169035521 ],,,,,, [ 173068813081429 ],, 
  [ 4391684070593, 3100991646126193 ],,,, [ 19798739574843829, 929427749777039713 ], 
  [ 45041425049, 764222804963 ], [ 31202738563 ],, [ 5374555744193 ],,, 
  [ 193915436453429, 8059027104904213 ],,,, [ 175636138999093 ],, [ 13380046531 ], 
  [ 4188051475667 ],,, [ 2089696519 ],,, [ 191269014689 ],,,, 
  [ 403405136569, 8493760807305733 ],, [ 218149403627 ],,, 
  [ 91419657517, 1182544136237, 2184801791299 ], [ 1701271681 ], [ 2462179637 ], 
  [ 1075680677, 20718319119653, 1257196792296421 ], [ 559782677431 ],,, [ 19138252801 ], 
  [ 7993438551887 ],, [ 44172588410413 ], [ 331086798521 ], [ 6607369009 ],,, 
  [ 5565532529, 46951831889, 1190231889257, 32081949310009 ], [ 22806533527, 55248760603 ], 
  [ 20902634143 ], [ 16401360463 ], 
  [ 1627352578801, 587389062493741, 1503636519493681, 17086104222737483701 ],,, 
  [ 303184855279, 1216195567453, 10286962109183729611 ], [ 194530312033 ], [ 189431708231 ], 
  [ 101803105728334363 ], [ 13141475786563 ], [ 12666394446077, 90627373266843773 ], 
  [ 3661660251703 ],, [ 1043779871 ], [ 759237162928201 ],,, 
  [ 50011500661, 126265373143531, 1875970234705079131 ],,, [ 28328144583901, 32478292315939 ]
   ,,,,, [ 1550771267 ], [ 11153805973 ], [ 12966907801, 348105186725731 ],,, 
  [ 559283400209 ], [ 10134804131 ], [ 26087402701, 563952392821, 64716340533814349371 ], 
  [ 1269352871 ], [ 25710666997 ], [ 1059685302229 ], [ 1884009391529 ],, 
  [ 1540968615158197249 ],, [ 3761894971524779 ],, [ 425714574301 ],,,,,,,, 
  [ 12128077445199733 ],,,,,, [ 27143204793571 ],,, [ 132463533594954943 ],, 
  [ 2064256514429 ], [ 13473716603515071961 ],,, [ 5049962839, 1501038741350251 ], 
  [ 2579400679049, 9150771196993 ],,, [ 30026172023, 957933526164077 ], [ 188702164177 ], 
  [ 109277404921, 2484973129741 ],,, [ 350277509916693133 ],,,, [ 7993607057 ],, 
  [ 854103298078603, 4519000946736560857 ], [ 1296136511, 29161608599 ], [ 5721963609881 ],, 
  [ 242813854373 ], [ 37754594767 ], [ 12305732393048699809 ], [ 32374041871 ], 
  [ 46308606446339 ],,,,,, [ 1119527428561 ],,,,, [ 351193934369 ],,,, 
  [ 252371612401, 336167578058241731 ],, [ 6626352128119 ], [ 24500116577 ],, [ 5263566521 ],
  , [ 802215960428593 ], [ 252757375613 ],, [ 73647358489 ],,,, [ 2379581251 ],,, 
  [ 1854307141 ], [ 16709686031 ],, [ 50420772366829 ],,, [ 5257340369 ], [ 227346575831 ], 
  [ 555341097462466410150157 ], [ 226664448133 ],,, [ 5712637113533351 ],, 
  [ 25208799202753, 56316860107626803233, 67783946191474732753 ], [ 444946912609 ], 
  [ 89035582541 ],,, [ 7717090529 ], [ 14479461710662051 ],,, 
  [ 10290528253, 397398939969337 ],, [ 168950367503191 ], [ 13081753662941474281 ], 
  [ 4502359801 ],,,,, [ 79437089866591, 470971726988808391 ], [ 5803394087 ],,,, 
  [ 120816675761, 222693333132271 ],, [ 2148396588787913 ], [ 2572038211, 7903179971 ], 
  [ 1204374547 ],, [ 4903490642472101 ],, [ 15075239593699 ],,,, [ 13166684579 ],, 
  [ 2285708219939 ], [ 683103363401 ], [ 36898029691 ], [ 781534398289, 178007840234113 ],, 
  [ 4957645123 ],,,,,, [ 454802996403551041 ], [ 3310414361, 51446996617 ], 
  [ 157680247620221 ], [ 2190224089, 64786079746243 ],,, [ 5948881093, 4143401769277 ],,,,,,,
  ,, [ 1659792486717301 ],,,,, [ 11758674061 ],, [ 9883122961 ], 
  [ 1051147459, 3994508971, 13339397988331 ], [ 39525778417 ], [ 65999307511381 ],,, 
  [ 19414051801 ],,, [ 327199865329 ], [ 135148563233 ], [ 1345717254241 ], 
  [ 16013341980049, 726335102510851 ],,,, [ 1487865307 ], [ 41912664918463 ],,, 
  [ 1815618991, 116452760023771 ],,, [ 270121250821 ],,,, [ 741876706349 ], [ 26502401011 ],,
  , [ 2822339561 ], [ 1046208697 ],, [ 129727894597033 ],, [ 2366432693297 ],, 
  [ 338334060262793401 ],, [ 32620682473 ], [ 1578216883, 48491165713 ], 
  [ 3644497921, 28153488463873, 62320482353153 ],, [ 344801672209 ],,,, [ 1032747055960661 ],
  ,,,,, [ 6151187632801 ],,,,,,, [ 236277742639 ], [ 35088372289, 586751779189 ],,,,,, 
  [ 85438542001, 2205382839411891174001 ],, [ 1782179114773 ],,,,,,,,,, [ 96251731993 ], 
  [ 9639658177, 54574840949 ], [ 2718947729, 29627344937 ],, [ 2838535928317337 ],, 
  [ 280639198256113 ],,,, [ 272813752418609 ],, [ 6152310254143789 ],,,, [ 1071709871 ],, 
  [ 21536187410318041, 8767924422519066899041 ],, [ 1319025287417 ],,,,,, [ 1068416216513 ],,
  ,, [ 33503584490122975957 ],, [ 225029223967 ],,, [ 50854844477 ], [ 4822724539 ], 
  [ 2091476391761 ],,,,, [ 20977087441 ],,,,,,,, [ 55781261561 ],,,, [ 1430932402189 ],,, 
  [ 83322362551 ], [ 65798379928961 ],, [ 37161746410933 ],, [ 1831044272958529 ],,,,,, 
  [ 1962731598341 ],,,,,,,,, [ 78499274053 ],, [ 1343217149 ],,, [ 11277904761553 ],, 
  [ 27644565068689, 141894556117471 ],, [ 147470144473 ], [ 1638972667 ],,, [ 638629482241 ],
  ,,, [ 1770535381 ],, [ 89833562138899 ],, [ 56204884024481 ],,,, [ 6165002617 ],, 
  [ 45192469432960147 ], [ 33092581657 ], [ 1102421736947953 ],, 
  [ 2195524108546338995368686991 ],,,,,, [ 2363248110026161 ],,,, [ 5867525221 ], 
  [ 1018024363 ],,,,, [ 9448590407, 17968445638277 ],,,, [ 28076493478063871 ],, 
  [ 87661593592697 ],,,, [ 35758297255704817 ],,, [ 1655972473 ],, [ 3063638107 ],,,, 
  [ 124119730831, 4147113048361 ], [ 607889781222967 ],, [ 122401015553 ],,,,,,, 
  [ 1237251511 ],,, [ 25791315823393 ],, [ 12559070401, 110921971781, 1124353332241 ],,,, 
  [ 309280646809 ],, [ 384797497787167 ], [ 6434189227 ], [ 1739673217, 4479822593 ],,,, 
  [ 1162727185313, 29419849246481 ],,,,,,,, [ 48412752959161 ], [ 2207411377 ],,, 
  [ 118468438817 ],,, [ 57525127553 ],, [ 25165316629 ],,,,,, [ 18498137761 ],,,,,, 
  [ 10445745701 ],,,, [ 1161280121 ], [ 10788503066347 ], [ 2647860223 ],,,,,,,,,,, 
  [ 22819442743 ],, [ 18866494721, 137078909441 ],,,,,, [ 131435268688013 ],, [ 1536547937 ],
  , [ 16110155877121 ],, [ 117870772417 ],, [ 18809493421 ],, [ 3493091566316881 ],,,,,, 
  [ 69334010257 ],,,,,,, [ 45503159549 ], [ 1387884416431 ],,,, [ 140932917577 ],,, 
  [ 341457952573 ],,,,, [ 1716032677 ],, [ 39024637828390237 ], [ 2020874101, 311610508151 ],
  ,, [ 1081831297, 16334259233, 17921350464961 ],,,,,,,,, [ 8105182793 ],,,,, 
  [ 74993408905757 ], [ 10366313483 ], [ 41606487553, 2582646773953, 4916687536432897 ],, 
  [ 21096762491823461 ],,,, [ 22298965201 ],,,, [ 4239543251, 2893525218109, 12052167902213 ]
    , [ 20610273571 ], [ 2019640835977 ],,,,,, [ 170683591339 ],,, [ 2241355995061 ], 
  [ 2005931387, 6810285650317 ],,,,,,,, [ 64119283521289 ],,, [ 2578286539 ], 
  [ 1413823867, 49183253549 ],,,,, [ 1161956067037 ],,, [ 103793113567837 ],,,,,, 
  [ 33604466881, 554997932113 ],,,,, [ 2715575364877 ], [ 40985837041 ],, 
  [ 47547777942267401 ],,,,, [ 49462946321 ],,, [ 133593665921 ],, [ 269315521561 ],,,, 
  [ 168701765107 ],,, [ 4773115656011 ], [ 1133786751869 ],,,,, [ 4565530433, 37343350717 ], 
  [ 6491302577 ],, [ 39045170531 ],, [ 96473867869 ],, [ 1476452245789951 ],, 
  [ 9225531121, 1397994805793 ],,,,, [ 3382539931 ],,, [ 2398956481 ],,,, 
  [ 55321024721963233 ],, [ 2460528041203 ], [ 1366746487, 2045053783, 65798177899 ], 
  [ 237696041801 ], [ 168881761441 ], [ 222328426051, 252099712951, 98831121275351 ],, 
  [ 5369536657 ], [ 1305686143 ], [ 262071792246601 ],,, [ 30536890009 ],,,,,,,,, 
  [ 8346003971, 33357174887, 31232545098253 ],, [ 5241954953 ],, 
  [ 121752797041, 35470660363417651 ],,, [ 1071492607 ],, [ 25531754401 ],,,,,,,,, 
  [ 18538289900452561 ],,,, [ 14900319665233 ],,, [ 21791370553 ],,,,,,,,, 
  [ 23980333929001 ], [ 116136467731 ],,,,,,,,,,, [ 2317690112473 ],,,, [ 300140387747309 ],,
  , [ 5728703851207 ],,,,,,,,, [ 340157119649 ],,,, [ 2218305597461, 8397474161533 ],, 
  [ 254384114323 ],,,,,, [ 179419686601 ],,,,,,,,,,,, [ 584610509009 ],, [ 760251793197331 ],
  , [ 932961514073 ],, [ 77662601309 ],, [ 11958587309761 ],, [ 7274865049 ],,,,,, 
  [ 87036860737 ],,,,,, [ 22488462041 ],,,,,,,,,,,, [ 31891178567, 4832404076683 ],,,, 
  [ 1001951381658481 ],, [ 13677048713 ],, [ 4111519085957 ],, [ 7771471429 ],, 
  [ 32524504687, 67461685167779191 ],, [ 27675028613171201 ],,,,,, [ 1310179473461 ],,,, 
  [ 375190009539661 ],, [ 6469078513 ],, [ 509707024927, 2063803602151 ],, 
  [ 3752686568012177 ],, [ 200347639163559691 ],,, [ 2036494721, 5035176137 ],,,,,,, 
  [ 2587590143381 ],,,,,, [ 4194766219627 ],,,, [ 817702884181, 2390649874165099 ], 
  [ 11592073351 ], [ 33171536817147361 ], [ 10513338907 ], [ 155484091591 ],,,,, 
  [ 214334726563 ],,,,, [ 1980327498269 ],,,, [ 17385958153 ],, [ 3771799123 ], 
  [ 219238611859 ],,,,,,,,,,, [ 559955854691 ],, [ 2637063353, 4122660433, 83286459402169 ],,
  ,,, [ 5309533963033 ],,, [ 58038136149841 ],, [ 2732181586873 ],, 
  [ 60149960737, 45711110805228161 ],, [ 14706855304723 ],, [ 5954317567097 ],,, 
  [ 27370695101 ],,,,,, [ 69778243837 ],,, [ 50869989105101, 19037903292765101 ],,,, 
  [ 12054267715489 ],,,, [ 1291792752937 ],,,,,, [ 40704611911 ],, [ 1987830489217 ],,,, 
  [ 2154508121, 21590461681 ],,,, [ 4310824073, 270244430441 ],, 
  [ 3936082678027, 27412610205311 ],,,, [ 675187544100271 ],, [ 1435965086069 ],,,,,, 
  [ 149872795843 ],,,,,,,,,,, [ 596779683061 ],, [ 3619873819 ], [ 2700685015844360104513 ],,
  ,,, [ 8308930309 ],,,,,,,,,,, [ 253648001153 ],, [ 4962331958661751 ],,,, 
  [ 28853029504218502753 ],,, [ 8448799811 ],,, [ 1424989681, 167978562798001 ],,,, 
  [ 9833807617 ],, [ 61130457881, 86298707477161 ], [ 2394258341 ], [ 1538271829 ],,,,,,,,,,,
  ,,,,,,,,,,,,,, [ 6635369693 ], [ 95870743292321 ],,, [ 13125005017 ], [ 284541706203679 ], 
  [ 48613542619 ],, [ 3239322271 ],, [ 55218527807 ],,, [ 2315149205029 ], [ 50390826823 ],,,
  ,,,,, [ 43119013501 ],,, [ 42764731297 ],,,,,, [ 1025048027033 ],,,,,, 
  [ 1827349710001, 143481384044651 ],, [ 43578710093 ],,,, 
  [ 6277450454273, 1829430843701633 ],,, [ 2367362141 ],,, [ 1717593949261 ],,, 
  [ 17836871191 ], [ 25724203903, 64846131614203 ], [ 1174581977 ], 
  [ 34075525489, 481382434369 ],, [ 1420998041, 62372935571 ],, [ 4011246798874849 ], 
  [ 3110740081637 ],, [ 26293575001 ], [ 10061102437 ], [ 310482866341 ], [ 39970727888017 ],
  , [ 1927445561 ], [ 1061692831 ], [ 3122298301163 ],, [ 102708897601, 610226309461 ],,,, 
  [ 5089195286689 ],, [ 3126706381, 3229614991 ], [ 121087764521 ],,,,, [ 39349870032457 ],,
  , [ 1393926769 ], [ 92321662965101 ],, [ 133452271461259 ], [ 151240875523 ], 
  [ 8210287980161 ],, [ 16597478497, 111370405210433 ],,,,,, [ 9068644681 ],, 
  [ 581358143719 ],,,, [ 210945329090791 ],,,,,, [ 1428158173573, 3180340499009857 ],,,,,, 
  [ 3240211491941 ],,,, [ 8903241465047, 42386836008701 ],,,,,, [ 1878051572741 ],,,,,,,, 
  [ 1626613117, 1265440708561 ], [ 1781947313 ],,,,,,, 
  [ 1156680601, 428612468483413, 245511267184780081 ],,,,,,,,,,,, [ 201465513755713 ],, 
  [ 1034909951 ],, [ 85114870429 ],, [ 1953237748309, 11777919469597, 17553330981691 ], 
  [ 2266028101, 8529890701 ], [ 1333606353977, 2702241690721 ],,,,,, [ 2855148299 ],,,,,, 
  [ 1289468489, 194919437917 ],,,,,,,, [ 56224497959393, 166643216622073, 620559329495269 ],,
  ,, [ 35242509442001 ],,,,, [ 2804217061 ],,,,, [ 2557528021 ],,,, 
  [ 1097186921, 4672061089, 73205194241 ], [ 2230858891 ],,,,, [ 5301611201 ],,,,,, 
  [ 30666858979 ],,, [ 3344692877 ], [ 3898428241 ],, [ 30749402561 ],,,,, [ 62341557979 ],,,
  ,,,,,,,,,,,,,,,,,,,,,, [ 5433912307 ],,,,, [ 2836750801 ],,,,,, [ 32680915483 ], 
  [ 1169495417, 104155384033 ],,,,, [ 1227795031, 29816934841 ],,,,, [ 1273407361 ], 
  [ 3118626241 ],,,,,,,,, [ 5663618767 ], [ 6473952241, 9906337391 ],,,,, [ 28152432001 ],,,,
  ,,,,,,, [ 4774528919, 36500182171 ],,,,,,, [ 2506841503 ],, [ 2015284721 ],,,,,,,,,,,,, 
  [ 2110586437 ], [ 23733118817 ], [ 10280131751 ],,,,, [ 4727048141 ], [ 8236020211 ],, 
  [ 4166733479 ],, [ 47773873291 ],,,,,,,,,,, [ 9654816856301 ],,,,, [ 4632427651 ],,,,,,,,,,
  , [ 3889650181 ],,,,,, [ 63470075923 ],,,,,,,,, [ 16216290073 ],, [ 96837918893 ],,,, 
  [ 90312726883 ],,,,, [ 1696304811937 ],,, [ 3550028117 ],,,,,, [ 10607557069 ],, 
  [ 3865345624879 ],,,, [ 8694421123 ],,,,,, [ 8833173301 ],,,,,,, [ 88257538741 ],,,,,,,,,,
  , [ 1133407369 ],, [ 116395037443 ],,,,, [ 117256876441, 278197081537 ], [ 21400107791 ],,,
  ,, [ 1283688001 ],,,,,,,, [ 3921753109 ],,,,,,,,,,,,,,,,,, 
  [ 1625309809, 1708092481, 8529435181 ],,,, [ 15162629281 ],, [ 2735702677 ],,,, 
  [ 1353609181 ],,,,,,,,,,, [ 4918520161 ],,,,,, [ 6343599683 ],,,,,,,,, [ 1170241921 ],,,,,,
  ,,,, [ 47782531639 ],,,,,,,,,,,, [ 5224992763 ], [ 11259879031 ],,,,,,,,,,, [ 2988796963 ],
  , [ 355820578433 ],,,,, [ 1511835443 ],,,, [ 6802429279 ],,, [ 1448218721 ],,,,,,, 
  [ 3743268481 ],,,,,,,, [ 116841868001 ], [ 5963310937 ],,,,,,,,,,,,,,,, [ 2807102897 ],,, 
  [ 3506035711 ],,,,,,,,, [ 63412130233 ], [ 915136530751, 1642486813501 ], [ 843593334427 ],
  [ 34317407753 ],, [ 2241550411 ],, [ 3789855326597 ], [ 2217824353 ],,,,, [ 11660787497 ], 
  [ 18532540584793 ], [ 16265433409 ],,, [ 9582432287 ],,,,,,,,,,,,, [ 29275839421 ], 
  [ 17196133249 ],,,,,,, [ 1093047061 ], [ 9057847709, 14087284433 ],,,,,, [ 38202624601 ],,,
  ,,,,,,, [ 199344501001 ],, [ 1285127071 ],,,,, [ 20234003423 ],,,,,,,,,,,,,,, 
  [ 4162807919 ], [ 11121222919 ],,,,,,,,,,,, [ 1595582441 ],,,,,,,,,,,,,,,,,,,, 
  [ 13858474921 ], [ 2944882393 ],, [ 20271048209 ],, [ 52711956361 ],,,,,,,, [ 4102645697 ],
  ,,,,,,, [ 115913101776161 ],,,,,,,,, [ 8287084991 ],,,,,, [ 1315963963 ],,,,,,,,,,,,,,,,,, 
  [ 2660682473 ],, [ 119922294763 ],, [ 10051640633 ], [ 4256649541 ],,,,, [ 37148091373 ],,,
  ,,,,,,,, [ 8327453471 ],,,,, [ 4513285807711 ],,,,,, [ 4957532011 ], [ 38511041509 ],,,, 
  [ 41650801537 ],,, [ 2012191401323 ],,,,,,, [ 2501680801, 5217332089 ],,,, [ 85595934481 ],
  ,, [ 20816033573 ],,,,, [ 214597762741 ],, [ 7705318771 ],,,, [ 2997302353 ], 
  [ 1235409211, 16277954921 ],,,,,,, [ 4464927161 ],,, [ 723460712111 ], [ 16345448029 ],,,,,
  ,,,,,,,, [ 1721580187, 38991889763 ],, [ 2485054681, 16057724671 ], 
  [ 1145945747, 79998357451 ],,,,, [ 26246144359 ],,,,,,,,,,,,,,,, [ 5715289039 ],,, 
  [ 74546943169 ],,, [ 34983965293 ],,,,,,, [ 4680231737 ], [ 18246985021 ],, [ 5852576377 ],
  ,,,,,, [ 34127620099 ],,,,,,,, [ 1175294987 ], [ 20441289301 ],,,,, [ 26256320580641 ],,,,
  , [ 54957478451 ],,,,,, [ 8287874941, 18138362537 ],,,,, [ 250234532641 ], [ 26544520801 ],
  ,,,,,, [ 93503410729 ],,, [ 1540226419 ],,,,,,,,, [ 2846498773 ], [ 2799386119 ],,, 
  [ 8787296281, 104788340401 ], [ 2323563727 ],,,,,, [ 1159395137 ],,,,,,,, [ 343907059801 ],
  ,,, [ 4544798833 ],,,,,,,, [ 519928127269 ],,,,,, [ 1291611679 ],,,,,,,,,,,,, 
  [ 1197763549 ],, [ 2715810553 ], [ 1994114719 ],,,,,,, [ 10848237313 ],,,, [ 2435822941 ], 
  [ 1189931653, 3044423201 ],,,,,, [ 2050298713 ],, [ 70443780427 ], [ 82381135861 ],, 
  [ 2302141297 ], [ 1745450963, 131250068333 ], [ 682311898711 ],,,,,,,,, [ 1338131869 ], 
  [ 3651957649 ],,, [ 7701829669, 111199236331 ],,,,,,,,,,,,,,,,,,,,,,,,,, [ 9689175263 ],,, 
  [ 23881067321, 205780230221 ],,,,,,,,,,,,,,,, [ 2056183081 ],,,,,,,,,,,,,,,,,,,,,,,,,,,,,,,
  ,,,,, [ 1597797889 ], [ 5430313279 ],,,,,,, [ 14745328937 ],,,,,,,,,, 
  [ 1544723317, 429815236969 ],, [ 55604674841 ],,,,,,,, [ 1128003689 ],,,,,,,,, 
  [ 9972712271 ],,,,,,,,,, [ 4909755551 ],,,,,,,,,,, [ 11952695233 ],,,,,,,,,, 
  [ 11471451511649333 ],,,,,, [ 60624831629 ],, [ 18376234021 ],,,,,, [ 2504298931 ],,,,,, 
  [ 5616509809 ],,,,,,,, [ 93007707409 ], [ 25143660851 ],, [ 3877030033, 6448230427 ], 
  [ 1207490701 ],,,,,,,,,,,, [ 18439454401 ],,,,,,,,,,,,,,,,,,,,,,,,, [ 336398615251 ],,,,,,,
  ,,,,,,,,,,,,,,,,,,,,,,,,,,,,,,,,,, [ 88943198581, 719635746463 ],, [ 1586344957 ],,,,,,,, 
  [ 24907247441 ], [ 1197164893 ],,,,,,,,,,,,,,,,,,,,,,,,,,,,, [ 4159446405973 ],,,,,,, 
  [ 3011575339 ],,,,,,,,, [ 124127939977 ],,,,,,,,,,,,,,,,,,,, [ 2736809563 ],,,,,,,,,,,,,,,
  , [ 66361909069 ],,, [ 2570377393 ],,,,,,,,,,,,, [ 910907470393 ],,,,,,,, [ 212126430583 ],
  , [ 10882989209 ],,,, [ 116489726929 ],, [ 10765131341 ],,,, [ 1143425977 ],,,,,, 
  [ 7094151721 ], [ 6906104297 ],, [ 3774884431, 91466551387 ], [ 1917907949 ],,,,,,,,,,, 
  [ 9792517771 ],,,,,,,,,,, [ 1163127113 ],,,,,,,,,,,,,,,,,,,,,,, [ 1464124663 ],,,,,,,,,,,,,
  ,,, [ 45781527611 ], [ 1212915199 ],,,,,,,,,,,,,,,,,, [ 70140186037 ],,,, [ 4317431409409 ]
   ,, [ 1967287411 ],,, [ 446497632439 ], [ 241860302389 ],,,,,, [ 11407289041 ],,,,, 
  [ 1195897711 ], [ 182946709079 ],,,,,,,,,,,,,,,,,,,,,,,,,, [ 6394741729 ],,, 
  [ 18266465251 ], [ 3617275969 ],,,,,,,, [ 1692094753, 8362858897, 29670428089 ],,,, 
  [ 4421126557 ],,,,,,,,,,,,,,,,,,,, [ 2953618177 ],,,,,,,, [ 24905242993 ],, 
  [ 624667568617 ],,,,,,,,,,,,,,,,,,,, [ 1373976073 ],, [ 5768498161 ],,,,,,,,,,, 
  [ 10026217909 ],,,,,,,, [ 54708574783 ],,,,,,, [ 149884040203, 284228075309 ],, 
  [ 5995273789 ],,,,,,, [ 1879419001 ],,,,,,,,,,,,,,,,,,,,,,,,,,,,,,,,,,,,,,,, 
  [ 1068039781 ],,,,,,,,,,, [ 1381476223 ],,,, [ 1687227041 ],,,,,,,,,,,,,,,,,,,,,,,,,,,,,,,,
  ,,,,,, [ 49237993249 ],,,,,,,, [ 90134893033 ],, [ 38275662157 ],,,,,, [ 1774950913 ], 
  [ 1452326521 ],,,,,,,,,,,,,,,,,,,,, [ 1214115538567 ],, [ 1818594361 ],,,, [ 17550021721 ],
  ,,,,,,,,, [ 2269961731, 3548542219 ],,,,,,,,,,,,,,,,,,,,,, [ 1120475259833 ],,,,,,, 
  [ 67540623013, 42090436470955531 ],,,,,,,,,,, [ 111518346708247 ],,,, [ 296064623947 ],, 
  [ 2118159961, 161901741961 ],,,,,,,, [ 3698850017 ],,,,,,,,,,, [ 1038922861 ],,,,,,,,, 
  [ 4404940849 ],, [ 8954096831 ],,,,,,,,,,,,,,,,,,, [ 1834064443 ],,,,,,,,,,,,,,,,,,,,,,,,,,
  ,,,,,,,,,,,,,,,,, [ 52242725921 ],,,,,,,,,,, [ 1501861087 ],,,,,,,,, [ 8176744801 ],,, 
  [ 34315426549 ],,,,,,,,,,,,,,,,,,,,,,,,, [ 2974036577 ],,,,,,,,,,,,,, 
  [ 2378766937, 8636986177 ],,, [ 1381689451 ],,,,,,,,,,,, [ 37039573969 ],,,,,, 
  [ 115081117579 ],,,,,,,,,,, [ 7112456797 ],,,,,,,,,,,,,, [ 132383642197 ],,,,,,,,,,,,,, 
  [ 3813610807 ],,,,,,,,,,,,,,,,,,,,,,,,,,, [ 2706364879 ],,,,,,,,, [ 110681948473 ],,,,,,,,
  , [ 114986541979 ],,,,, [ 2041919057 ],, [ 354881694581 ],,,,, [ 10603914049 ],,,,,,,,,,,,
  , [ 6267322673 ],,, [ 294761712491 ],,,,,,,,,,,,,,,,,,,,, [ 1524517681 ],,,,,,,,,,, 
  [ 2301990139 ],,,,,,, [ 383128691629 ],,,,,, [ 104446444001 ],,,,,,,, [ 18009591289 ],,,,,
  , [ 9219347173 ],, [ 21084927697 ],,,,,,, [ 2275972021 ],,,,,, 
  [ 1163301229, 1978835293, 2225635717 ],,,,,,,,,,,, [ 2713636567 ],,,,,,, [ 25387971137 ],,,
  ,,,,,,,,,,,,,, [ 1979094031 ],,,,,,,,,,,,,,,,, [ 10825092539 ], [ 45601744939 ],,, 
  [ 1134784351 ],,,,,,,,,,,,,, [ 13585866601 ],,,,,,,,,,,,,,,,,,,, [ 92707247081 ],,,,,,,,,,,
  ,,,,,, [ 1121747551 ],,,,,,, [ 5097604849 ],,,,,, [ 1877588651 ],, 
  [ 7833985297, 29013752497 ],,,,,,,, [ 5321480321 ],,,,,,, [ 10411891219, 30844375687 ],,,,,
  ,,,,,,,,,,,,,,,,,, [ 50710970831, 73466609431 ],,,,,,,,,,,,,,,,,,,,,,,,,, [ 5164709617 ],,,
  ,,, [ 116437537387 ],,,,, [ 14585178961 ],,,,,,,,,,,,,,,,,,,,,,,, [ 50208169909 ],,,,,,, 
  [ 5901498583 ],,,,,,,,,,, [ 895252544971 ],,,,,,,,,,,,, [ 116585046269 ],, [ 992550016837 ]
   ,,,, [ 4334747777 ],,,,,,,,,,,,,,,,,,,,,,,,,,,, [ 34688283293 ],,,,,,, [ 62208601159 ],,,,
  ,,,,,,,,,,,,,,,,,,,,,,,,,,, [ 2036840387 ],,,,,,,,,,,, [ 1976697769 ],,,,,,,,,,,,,,,,,,,,,,
  ,,,,,, [ 89705869547243 ], [ 2985207061 ], [ 79531645117 ],,,,,,,,,, [ 2458530377 ], 
  [ 1811973307 ],,,,,,,,,,,,,,, [ 1702858446169 ],,, [ 1174154828701 ],,,,,,,,, 
  [ 1595681317 ],,,,,, [ 1046777512441 ],,,,,,,,,,,,,,,,,,,,,,,, [ 23991245713 ],, 
  [ 8500964011 ],,,, [ 40519799041 ],,,,,,,,,,,,,,,, [ 76041051043 ],, [ 1087577041 ],,,,,,,,
  ,,,,,,,,, [ 555615002821 ],,, [ 1273406317 ],,,,,,,,,,,,,, [ 6813347143 ],,,,,,,,,, 
  [ 176658891817 ],,,,,,, [ 1613333083 ],,,,,, [ 19844597161 ], [ 71179190479 ],,,,,,,,,,,,,,
  ,,,,,,,,,,,,,,,,,,,,,,,, [ 1625642257 ],,,,,,,, [ 2491725486433 ],,,, [ 59976355936801 ],, 
  [ 1061181617 ],, [ 74890686401 ],, [ 6416034769 ],, [ 1493652701 ],,,,,, [ 480932118701 ],,
  ,,,,,, [ 37059519271 ],,,,,,,,,,,, [ 29255650451 ],,,,,,,,,,,,,,,,,,,,,, [ 3191802329 ],,,,
  ,,,,,,,,,,,,,, [ 4778740951, 11649931441 ],,,,,,,,,, [ 10429206841 ],,,,,,,, 
  [ 49177232513 ],,,, [ 1073252773 ],,,,,,,,,,,,,,,, [ 38456361109 ],,,,,,,,,,, 
  [ 1378986181 ],,,,,,,,,,, [ 1471588141, 1586011571 ],,,,,,,,,,,, [ 3211372499 ],, 
  [ 863612100054089 ],,,,,,,,,,,,,,,,,,,, [ 1013167969273 ],, [ 1240794739 ],,,,,,,,,,,,,,,, 
  [ 5306416074163, 17079300772381 ],,,,,,,, [ 5232212801 ],,,, [ 1762624363 ],,,,,,,,,, 
  [ 35518460473 ],,,,, [ 28175421247 ],,,,,, [ 5241901530511 ],,,,,,,,,,, [ 16418105087 ],, 
  [ 41390004653 ],,,, [ 178606689761 ],, [ 5884321853 ],,,,,,,,,,, [ 2361501217441 ],,,,,,,,,
  ,,,, [ 50119917989 ],,,,,,,,,,,,,,,,,,,,,,,,,,,,,,,,,,,,,,,,,,,, [ 316786892119 ],,, 
  [ 9780484231171 ],,,,,,,,,,,,,,,,, [ 335233999211 ],,,,,, [ 2677303553 ],,,, 
  [ 18860431609 ],,,,,,,,,,,, [ 6291734401 ],,,,,, [ 1767412351 ],,,,,, [ 11735228149 ],,,,,
  , [ 59315107903 ],,,,,,,,,,,,,, [ 1081588337 ],,,,,,,,,,,,,,,,,,, [ 113360106421 ],,,,,,, 
  [ 1086314353 ],,,,,,,,,,,, [ 1149093417833 ],,,, [ 1172280071 ],,,,,,, [ 14297984251 ],,, 
  [ 21458855389 ],, [ 12874918781 ],,,,,, [ 14522972917 ],,,,,,,,,,,,,, [ 32273141051 ],,,,, 
  [ 28890052060651 ],,,,,,,,,,,,, [ 14639282897 ],,,,,,,,,,,,,,,,,,,,,,,, [ 1791971549 ],,,,,
  ,,,,,,,,,,,,,,,,,,, [ 5578158977 ],,,,,,,,,,,,,,,,,,,,,,,,,,,,,,,,,,,,,,,,,, 
  [ 1504660813 ],,,,,,,,,,,,,, [ 19931445013 ],,, [ 1108847251, 22161047401 ],,,,,,,,, 
  [ 1585433089, 45757965313 ],,,,,,,,,,,,,, [ 184139924503 ],,,, [ 41037657247 ],,,,,,,,,, 
  [ 3806135969 ],,,, [ 3203249921 ],,,,,,,, [ 61846429273 ],,,,,,,,,,, [ 858598524232291 ],,
  , [ 29591431489 ],,,,,, [ 271412764081 ],,,,,,,,,,,,,,,,,,,,,,,,,,,,,,,, [ 3523258203953 ],
  ,,,,,,, [ 28655834773 ],, [ 20002863607 ],,,,,,,, [ 1912589851 ],,,,,,,, [ 79348247441 ],,,
  , [ 6588821009 ],,,,,,,, [ 3283334611 ],,,,,,,,,,,,,,,,,,,,,,,,,,,,,, [ 3092962913 ],,,,,,,
  , [ 1500609468121 ],,,, [ 62855702209 ],,,,,,,, [ 47619795061 ],,,,,,,,,,,,,,,,,,,,,,,,,,,,
  ,,,,,,,,,,,,,,,,,,,,,,,,,,,,,,,,,,,,,,,,,,,, [ 2565532240741 ],, [ 5706256541 ],,,,,, 
  [ 211480422217 ],, [ 1011845017, 17198342743 ],,,,,,,,,,,,,,,,,,,,,,,,,, [ 7112639915713 ],
  , [ 2081307859 ],,,,,,,,,,,, [ 23766438229 ],,,,,,,,,,,, [ 197376061279 ],,,, 
  [ 33405332479 ],,,,,,,,,,,,,,,,,,,,,,,,,,,,,, [ 110843068657 ],,,,,,,,,, [ 9266584231 ],, 
  [ 1240896889 ],,,,,,,,,,,,,,,,,,,,,,,,,,,,,,,,,,,,,,,,,,,,,,,,,,,,,,,,,,,,,, 
  [ 20046747671 ],,,,,, [ 665775607421 ],,,, [ 1878018481 ],,,,,,,,,,,,,, 
  [ 14345667881, 828003176681 ],,,,,,,,,,,,,,,,,, [ 8913216113 ],,,,,,,, [ 1095290057 ],, 
  [ 1207807603 ],,,,,,,, [ 162886184999 ],,,,,,,,,,,,,,,, [ 35588951311 ],,,,,,,,,,,,,,,,,,,,
  ,,,,,,,,,,,,,,,,,,,,,,,,,,,,,,,,,, [ 13658373913 ],,,,,, [ 5924308501 ],,,,,, 
  [ 106155420529 ],, [ 35610652751 ],,,,,,,,,, [ 101462695752961 ],,,,,,,, [ 11463617369 ],,,
  , [ 4429005673 ],,,,,,,,,,,,,,,,,,,,,,,,,, [ 13613014039 ],,,,,,,,,,,,,,,, [ 48085861429 ],
  ,,,,,,,,,,,,,,,,,,,,,,,,,,,,,,, [ 24732222059 ],,,,,, [ 393656309509 ],,,,,, 
  [ 1649302327 ],,,,,,,,,,,, [ 5760547981 ],,,, [ 2687308009 ],,,,,,,,,,,,,,,,,,,,,,,,,,,, 
  [ 1464008807 ],, [ 36912888433, 31514235596929 ],,,, [ 9575485529 ],,,,,,,, 
  [ 779830377721 ],,,,,,,,,,,,,,,,,,,,,,,,,,,,,,,,,,,,,,,,,,,,,,,,,,,,,,,,,,,,,,,,,,,,,,,,,,,
  ,,,,,,,,,,,,,,,,,,, [ 9971509531 ],, [ 37893311353, 172770751801 ],,,,,,,,,,,,,,,,,, 
  [ 4043271781 ],,,,,,,,,,,,,,,,,,,,,, [ 414160328761 ],,,,,,,,,,,,,,,,,,,,,,,, 
  [ 27032288053 ],,,,,,,,,,,,,,,,,,,,,,,,,,,,,,,,,,,,,,,,,,,,,,,,,, [ 134731758307 ],,,,,,,,,
  , [ 41237417521 ],,,,,,,,,,,,,,,,,,,,,,,, [ 4736411681, 7922807201, 10392751601 ],, 
  [ 1640379859, 41930413513 ],,,,,, [ 78847369729 ],,,,,, [ 329454584054317 ],,,,,, 
  [ 2860956841, 4627077241 ],,,,,,,,,,,,,,,,,,,,,,,,,,,,,,,,,,,, [ 10686056137 ],,,,,, 
  [ 2577189733 ],,,,,,,, [ 5140834021 ],,,,,,,,,, [ 149405100001 ],,,,,,,, [ 92653072777 ],,,
  ,,,,,,,,,,,,,,,,,,,,,,,,,,,,, [ 5740893401 ],, [ 17550595063 ],,,,,,,,,,,,,,,,,,,,,,,,,,,,,
  ,,,,,,,,,,,,,,,,,,,,,,,,, [ 1066811329 ],,,,,,,,,,,,,,,,,,,,,,,, [ 98691201012961 ],,,,,,,,
  ,,,,,,,,,,,,,,,,,,,,,, [ 1193658391, 3871266481 ],,,,,,,,,,,,,,,,,,,,,,,,,,,,,,,,,,,,,,,,,,
  ,,,,,,,,,,,,,,,,,,,,,,,, [ 1101638929 ],,,,,, [ 280779980743 ],,,,,,,,,,,,,,,,,,,,,,,,,,,,,
  ,,,,, [ 3031105057 ],,,, [ 50041972501 ],,,,,,,,,,,,,,,,,,,,,,,,,,,,,, [ 5497424161 ],,,,,,
  ,,,, [ 1567624921 ],,,,,,,,,,,,,,,,,,,,,,,,,,,,,,,,,,,,,,,,,,,,,,,,,,,,,,,,,,,,,,,,,,,, 
  [ 57303664097, 1024292401441 ],,,,,,,,,,,,,, [ 3910310867 ],,, [ 1598493251, 2910852751 ],,
  ,,,,,,,,,,,,,,,,,,,,,,,,,,,,,,,,,,,,, [ 3698706593 ],,,,,,,,,,,,,,,,,,,, [ 3112030297 ],,,,
  ,,,,,,,, [ 1500023021401 ],,,, [ 1522886034101 ],,,,,,,,,,,,,,,,,,,,,,,,,,,,,,,,,, 
  [ 2846684023 ],,,,,,,,,,,,,,,,,,,,,,,,,,,,,,,,,,,, [ 17643987541 ],,,,,,,,,, 
  [ 23805522421 ],,,,,, [ 1995341869 ],,,, [ 1441693541 ],,,,,,,,,,,,,,,,,,,,,,,,,, 
  [ 7303787041 ],,,,,,,,,,,,,,,,,, [ 21055075621 ],,,,,,,,,,,,,,,,,,,,,,,,,,,,,,,,,,,,,,,,,, 
  [ 3374738778457 ],,,,,,,,,,,,,,,,,,,,,,,,,,,,,, [ 1111638103, 3167713141 ],,,,,,,,,,,,,,,,,
  ,,,,,,, [ 73026330301 ],,,,,, [ 45052836553 ],,,,,,,,,,,,,, [ 1120541551 ],,,,,,,,,, 
  [ 4403640721 ],,,,,,,,,,,,,,,,,,,,,,,,,,,,,,,,,,,,,,,,,,,,,,,,,,,,,,,,,,,,,,,,,,,,,,,,,,,,,
  ,,,,,,, [ 27178485073 ],,,,,,,,,,,,,,,, [ 8534946961 ],, [ 6018377641 ],,,,,, 
  [ 4400155129, 7743552373 ],, [ 3012392671 ],,,,,,,,,, [ 582722522281 ],,,,,,,,,,,, 
  [ 56452078873 ],,,,,,,,,,,,,,,,,, [ 75192160501 ],,,,,, [ 8080694773 ],,,, [ 972365541281 ]
   ,,,,,,,, [ 140829571081 ],,,,,,,,,,,,,,,,,,,,,,,,,,,,,, [ 7261310490619 ],,,,,,,,,,,, 
  [ 968599845781 ],,,,,,,,,,,,,,,,,, [ 24007064629 ],,,,,,,,,,,,,,,,,,,,,,,,,,,,,,,,,,,,,,,,,
  , [ 6161095111 ],,,,,,,,,,,, [ 131481297539947 ],,,,,,,,,,,,,,,,,,,,,,,,,,,,,, 
  [ 5440954033 ],,,,,,,, [ 24294175361 ],,,,,,,,,, [ 31450073311 ],,,,,,,,,,,,,,,,,,,,,,,,,,,
  ,,,,,,,,,,,,,,,,,,,,,,,,,,,,,,,,,,,,,,,,,,,,,,,,,,,,,,,,, [ 10435205491 ],,,,,,,,,,,,,,,,,,
  ,,,,,, [ 5623515721 ],,,,,, [ 4344807877 ],,,,,,,,,,,,,,,,,,,,,,,,,,,,,,,,,,,,,,,,,,,,,,,,,
  ,,,,,,,,,,,,,,,,, [ 12182479381 ],,,,,,,,,,,,,,,,,,,,,,,, [ 1012724173 ],,,,,, 
  [ 6815797501 ],,,,,, [ 8305013701 ],,,,,,,,,,,,,,,,,,,,,,,,,,,,,,,,,,,,,,,,,,,,,,,, 
  [ 351166106653 ],,,,,,,,,,,,,,,,,,,,,,,,,,,,,,,,,,,,,,,,,, [ 5422070377 ],,,,,,,,,,,,,,,,,,
  ,,,,,,,,,,,,,,,,,,,,,,,,,,,,,,,,,,,,,,,,,,,,,,,,,,,,,,,, [ 17448061151 ],,,,,,,,,,,,,,,,,,,
  ,,,,,,,,,,, [ 1657032301 ],,,,,,,,,,,,,,,, [ 506444652253 ],,,,,,,,,,,,,,,,,,,,,,,,,,,,,, 
  [ 34153641240091 ],,,,,,,,,,,,,,,,,,,,,,,,,,,,,,,,,,,,,,,,,,,,,,,,,,,,,, [ 192529474801 ],,
  ,,,,,,,,,,,,,,,,,,,,,,,,,,,,,,,,,,,,,,,,,,,,,,,,,,,,,,,,,,,,,,,,,,,,,,,,,,,,,,,,,,,,,,,,,,,
  ,,,,,,,,,,,,,,,,, [ 54806586521 ],,,,,,,,,,,,,,,,,,,,,,,,,,,,,,,,,,,,,,,,,,,,,, 
  [ 1960223149 ],,,,,, [ 27933530473 ],,,,,,,,,,,,,,,,,,,,,,,,,,,,,,,,,,,,,,,,,,,,,,,,,,,,,, 
  [ 105247731313 ],,,,,,,,,,,,,,,,,,,,,,,,,,,,,,,,,,,,,,,,,,,,,,,,,,,,,,,,,,,,,,,,,, 
  [ 1013894983, 1240884207469 ],,,,,,,,,,,,,,,,,,,,,,,,,,,,,,,,,,,,,,,,,,,,,,,,,,,,,,,,,,,, 
  [ 11270995027 ],,,,,,,,,,,,,,,,,,,,,,,,,,,,,,,,,,,, [ 7986103231 ],,,,,,,,,,,,,,,,,,,,,,,,,
  ,,,,,,,,,,,,,,,,,,,,,,,,,,,,,,,,,,, [ 280046888713 ],,,,,,,,,,,,,,,,,,,,,, [ 61192904921 ],
  ,,,,,,,,,,,,,,,,,,,,,,,,, [ 104989594207, 9830808074551 ],,,,,,,,,,,,,,,,,,,,,,,,,,,,,,,,,,
  ,,,,,,,,,,,,,,,,,,,,,,,,,,,,,,,,,,,,,, [ 3169328527, 17553446527 ],,,,,,,,,,,, 
  [ 64448748901 ],,,,,, [ 1008034849, 322551811177 ],,,,,,,,,,,, [ 2755961281, 94225272697 ],
  ,,,,,,,,,,,,,,,,,,,,,,,,,,,,,,,,,,,,,,,,, [ 1140267091 ],,,,,,,,,,,,,,,,,,,,,,,,,,,,,,,,,,,
  ,,,,,,,,,,,,, [ 1761363847 ],,,,,,,,,,,,,,,,,,,,,,,,,,,,,,,,,,,,,,,,,,,,,,,,,,,,,,,,,,,,,,,
  ,,,,,,,,,,,,,,,,,,,,,,,,,,, [ 1299654217 ],,,,,,,,,,,,,,,,,,,,,,,,,,,,,,,,,,,,,,,,,,,,,,,,,
  ,,,,,,,,,,,,,,,,,,,,,,,,,,,,,,,,,,, [ 8771709073 ],,,,,,,,,,,,,,,,,,,,,,,,,,,,,,,,,,,,,,,,,
  , [ 1505537789113 ],,,,,,,,,,,,,,,,,,,,,,,,,,,,,,,,,,,,,,,,,,,,,,,,,,,,,,,,,,,,,,,,,,,,,,,,
  ,,,,,,,,,,,,,,,,,,,,,,,,,,,,,,,,,,,,,,,,,,,,,,,,,,,,,,,,,,,,,,,,,,,,,,,,,,,,,,,,,,,,,,,,,,,
  ,,,,,,,,,,,,,,,,,,,,,,,,,,,,,,,,,,,,,,,,,,,,,,,,,,,,,,,,,,,,,,,,,,,,,,,,,,,,,,,,,,,,,,,,,,,
  ,,,,,,,,,,,,,,,,,,,,,,,,,,,,,,,,,,,,,,,,,,,,,,,,,,,,,,,,,,,,,,,,,,,,,,,,,,,,,,,,,,,,,,,,,,,
  ,,,,,,,,,,,,,,,,,,,,,,,,,,,,,,,,,,,,,,,,,,,,,,,,,,,,,,,,,,,,,,,,,,,,,,,,,,,,,,,,,,,,,,,,,,,
  ,,,,,,,,,,,,,,,,,,,, [ 1042669702951 ],,,,,,,,,,,,,,,,,,,,,,,,,,,,,,,,,,,,,,,,,,,,,,,,,,,,,
  , [ 7400374957 ],,,,,,,,,,,,,,,,,,,,,,,,,,,,,,,,,,,,,,,,,,,,,,,,,,,,,,,,,,,,,,,,,, 
  [ 10722942721 ],,,,,,,,,,,, [ 1695598633, 39093676987 ],,,,,,,,,,,,,,,,,,,,,,,, 
  [ 1117343503 ],,,,,,,,,,,,,,,,,,,,,,,,,,,,,,,,,,,,,,,,,,,,,,,,,,,,,,,,,,,,,,,,,,,,,,,,,,,,,
  ,,,,,,,,,,,,,,,,,,,,,,,,, [ 1785506689 ],,,,,,,,,,,,,,,,,,,,,,,,,,,,,,,,,,,,,,,,,,,,,,,,,,,
  ,,,,,,,,,,,,,,,,,,,,,,,,,,,,,,,,,,,,,,,,,,,,,,,,,,,,,,,,,,,,,,,,,,,,,,,,,,,,,,,,, 
  [ 6903582841 ],,,,,,,,,,,,,,,,,,,,,,,,,,,,,,,,,,,,,,,,,,,,,,,,,,,,,,,,,,,,,,,,,,,,,,,,,,,,,
  ,,,,,,,,,,,,, [ 24567054481, 49240973071 ],,,,,,,,,,,,,,,,,,,,,,,,,,,,,,,,,,,,,,,,,,,,,,,,,
  ,,,,,,,,,,,,,,,,,,,,,,,,,,,,,,,,,,,,,,,,,,,,,,,,,,,,,,,,,,,,,,,,,,,,,,, [ 5025900751 ],,,,,
  ,,,,,,,,,,,,,,,,,,,,,,,,,,,,,,,,,,,,,,,,,,,,,,,,,,,,,,,,,,,,,,,,,,,,,,,,,,,,,,,,,,,,,,,,,,,
  ,,,,,,,,,,,,,,,,,,,,,,,,,,,,,,,,,,,,,,,,,,,,,,,,,,,,,,,,,,,,,,,,,,,,,,,,,,,,,,,,,,,,,,,,,,,
  ,,,,,,,,,,,,,,,,,,,,,,,,,,,,,,,,,,,,,,,,,,,,,,,,,,,,,,,,,,,,,,,,,,,,,,,,,,,,,,,,,,,,,,,,,,,
  ,,,,,,,,,,,,,,,,,,,,,,,,,,,,,,,,,,,,,,,,,,,,,,,,,,,, [ 11906879041 ],,,,,,,,,,,,,,,,,,,,,,,
  ,,,,,,, [ 186193099861 ],,,,,,,,,,,,,,,,,,,,,,,,,,,,,,,,,,,,,,,,,,,,,,,,,,,,,,,,,,,, 
  [ 26193618091 ],,,,,,,,,,,,,,,,,,,,,,,,,,,,,,,,,,,,,,,,,,,,,,,,,,,,,,,,,,,,,,,,,,,,,,,,,,,,
  ,,,,,,,,,,,,,,,,,,,,,,,,,,,,,,,,,,,,,,,,,,,,,,,,,,,,,,,,,,,,,,,,,,,,,,,,,,,,,,,,,,,,,,,,,,,
  ,,,,,,,,,,,,,,,,,,,,,,,,,,,,,,,,,,,,,,,,,,, [ 332887897501, 1722021063541 ],,,,,,,,,,,,,,,,
  ,,,,,,,,,,,,,,,,,,,,,,,,,,,,,,,,,,,,,,,,,,,,,,,,,,,,,,,,,,,,,,,,,,,,,,,,,, [ 2253918781 ],,
  ,,,,,,,,,,,,,,,,,,,,,,,,,,,,,,,,,,,,,,,,,,,,,,,,,,,,,,,,,,,,,,,,,,,,,,,,,,,,,,,,,,,,,,,,,,,
  ,,,,,,,,,,,,,,,,,,,,,,,,,,,,,,,,,,,,,,,,,,,,,,,,,,,,,,,,,,,,,,,,,,,,,,,,,,,,,,,,,,,,,,,,,,,
  ,,,,,,,,,,,,,,,,,,,,,,,,,, [ 10065974761 ],,,,,,,,,,,,,,,,,,,,,,,,,,,,,,,,,,,,,,,,,,,,,,,,,
  ,,,,,,,,,,,,,,,,,,,,,,,,,,,,,,,,,,,,,,,,,,,,,,,,,,,,,,,,,,,,,,,,,,,,,,,,,,,,,,,,,,,,,,,,,,,
  ,,,,,,,,,,,,,,,,,,,,,,,,,,,,,,,,,,,,,,,,,,,,,,,,,,,,,,,,,,,,,,,,,,,,,,,,,,,,,,,,,,,,,,,,,,,
  ,,,,,,,,, [ 8167417441 ],,,,,,,,,,,,,,,,,,,,,,,,,,,,,,,,,,,,,,,,,,,,,,,,,,,,,,,,,,,,,,,,,,,
  ,,,,,,,,,,,,,,,,,,,,,,,,,,,,,,,,,,,,,,,,,,,,,,,,,,,,,,,,,,,,,,,,,,,,,,,,,,,,,,,,,,,,,,,,,,,
  ,,,,,,,,,,,,,,,,,,,,,,,,,,,,,,,,,,,,,,,,,,,,,,,,,,,,,,,,,,,,,,,,,,,,,,,,,,,,,,,,,,,,,,,,,,,
  ,,,,,,,,,,,,,,,,,,,,,,,,,,,,,,,,,,,,,,,,,,,,,,,,,,,,,,,,,,,,,,,,,,,,,,,,,,,,,,,,,,,,,,,,,,,
  ,,,,,,,,,,,,,,,,,,,,,,,,,,,,,,,,,,,,,,,,,,,,,,,,,,,,,,,,,,,,,,,,,,,,,,,,,,,,,,,,,,,,,,,,,,,
  ,,,,,,,,,,,,,,,,,,,,,,,,,,,,,,,,,,,,,,,,,,,,,,,,,,,,,,,,,,,,,,,,,,,,,,,,,,,,,,,,,,,,,,,,,,,
  ,,,,,,,,,,,,,,,,,,,,,,,,,,,,,,,,,,,,,,,,,,,,,,,,,,,,,,,,,,,,,,,,,,,,,,,,,,,,,,,,,,,,,,,,,,,
  ,,,,,,,,,,,,,,,,,,,,,,,,,,,,,,,,,,,,,,,,,,,,,,,,,,,,,,,,,,,,,,,,,,,,,,,,,,,,,,,,,,,,,,,,,,,
  ,,,,,,,,,,,,,,,,,,,,,,,,,,,,,,,,,,,,,,,,,,,,,,,,,,,,,,,,,,,,,,,,,,,,,,,,,,,,,,,,,,,,,,,,,,,
  ,,,,,,,,,,,,,,, [ 1285936441, 174916012231 ],,,,,,,,,,,,,,,,,,,,,,,,,,,,,,,,,,,,,,,,,,,,,,,
  ,,,,,,,,,,,,,,,,,,,,,,,,,,,,,,,,,,,,,,,,,,,,,,,,,,,,,,,,,,,,,,,,,,,,,,,,,,,,,,,,,,,,,,,,,,,
  ,,,,,,,,,,,,,,,,,,,,,,,,,,,,,,,,,,,,,,,,,,,,,,,,,,,,,,,,,,,,,,,,,,,,,,,,,,,,,,,,,,,,,,,,,,,
  ,,,,,,,,,,,,,,,,,,,,,,,,,,,,,,,,,,,,,,,,,,,,,,,,,,,,,,,,,,,,,,,,,,,,,,,,,,,,,,,,,,,,,,,,,,,
  ,,,,,,,,,,,,,,,,,,,,,,,,,,,,,,,,,,,,,,,,,,,,,,,,,,,,,,,,,,,,,,,,,,,,,,,,,,,,,,,,,,,,,,,,,,,
  ,,,,,,,,,,,,,,,,,,,,,,,,,,,,,,,,,,,,,,,,,,,,,,,,,,,,,,,,,,,,,,,,,,,,,,,,,,,,,,,,,,,,,,,,,,,
  ,,,,,,,,,,,,,,,,,,,,,,,,,,,,,,,,,,,,,,,,,,,,,,,,,,,,,,,,,,,,,,,,,,,,,,,,,,,,,,,,,,,,,,,,,,,
  ,,,,,,,,,,,,,,,,,,,,,,,,,,,,,,,,,,,,,,,,,,,,,,,,,,,,,,,,,,,,,,,,,,,,,,,,,,,,,,,,,,,,,,,,,,,
  ,,,,,,,,,,,,,,,,,,,,,,,,,,,,,,,,,,,,,,,,,,,,,,,,,,,,,,,,,,,,,,,,,,,,,,,,,,,,,,,,,,,,,,,,,,,
  ,,,,,,,,,,,,,,,,,,,,,,,,,,,,,,,,,,,,,,,,,,,,,,,,,,,,,,,,,,,,,,,,,,,,,,,,,,,,,,,,,,,,,,,,,,,
  ,,,,,,,,,,,,,,,,,,,,,,,,,,,,,,,,,,,,,,,,,,,,,,,,,,,,,,,,,,,,,,,,,,,,,,,,,,,,,,,,,,,,,,,,,,,
  ,,,,,,,,,,,,,,,,,,,,,,,,,,,,,,,,,,,,,,,,,,,,,,,,,,,,,,,,,,,,,,,,,,,,,,,,,,,,,,,,,,,,,,,,,,,
  ,,,,,,,,,,,,,,,,,,,,,,,,,,,,,,,,,,,,,,,,,,,,,,,,,,,,,,,,,,,,,,,,,,,,,,,,,,,,,,,,,,,,,,,,,,,
  ,,,,,,,,,,,,,,,,,,,,,,,,,,,,,,,,,,,,,,,,,,,,,,,,,,,,,,,,,,,,,,,,,,,,,,,,,,,,,,,,,,,,,,,,,,,
  ,,,,,,,,,,,,,,,,,,,,,,,,,,,,,,,,,,,,,,,,,,,,,,,,,,,,,,,,,,,,,,,,,,,,,,,,,,,,,,,,,,,,,,,,,,,
  ,,,,,,,,,,,,,,,,,,,,,,,,,,,,,,,,,,,,,,,,,,,,,,,,,,,,,,,,,,,,,,,,,,,,,,,,,,,,,,,,,,,,,,,,,,,
  ,,,,,,,,,,,,,,,,,,,,,,,,,,,,,,,,,,,,,,,,,,,,,,,,,,,,,,,,,,,,,,,,,,,,,,,,,,,,,,,,,,,,,,,,,,,
  ,,,,,,,,,,,,,,,,,,,,,,,,,,,,,,,,,,,,,,,,,,,,,,,,,,,,,,,,,,,,,,,,,,,,,,,,,,,,,,,,,,,,,,,,,,,
  ,,,,,,,,,,,,,,,,,,,,,,,,,,,,,,,,,,,,,,,,,,,,,,,,,,,,,,,,,,,,,,,,,,,,,,,,,,,,,,,,,,,,,,,,,,,
  ,,,,,,,,,,,,,,,,,,,,,,,,,,,,,,,,,,,,,,,,,,,,,,,,,,,,,,,,,,,,,,,,,,,,,,,,,,,,,,,,,,,,,,,,,,,
  ,,,,,,,,,,,,,,,,,,,,,,,,,,,,,,,,,,,,,,,,,,,,,,,,,,,,,,,,,,,,,,,,,,,,,,,,,,,,,,,,,,,,,,,,,,,
  ,,,,,,,,,,,,,,,,,,,,,,,,,,,,,,,,,,,,,,,,,,,,,,,,,,,,,,,,,,,,,,,,,,,,,,,,,,,,,,,,,,,,,,,,,,,
  ,,,,,,,,,,,,,,,,,,,,,,,,,,,,,,,,,,,,,,,,,,,,,,,,,,,,,,,,,,,,,,,,,,,,,,,,,,,,,,,,,,,,,,,,,,,
  ,,,,,,,,,,,,,,,,,,,,,,,,,,,,,,,,,,,,,,,,,,,,,,,,,,,,,,,,,,,,,,,,,,,,,,,,,,,,,,,,,,,,,,,,,,,
  ,,,,,,,,,,,,,,,,,,,,,,,,,,,,,,,,,,,,,,,,,,,,,,,,,,,,,,,,,,,,,,,,,,,,,,,,,,,,,,,,,,,,,,,,,,,
  ,,,,,,,,,,,,,,,,,,,,,,,,,,,,,,,,,,,,,,,,,,,,,,,,,,,,,,,,,,,,,,,,,,,,,,,,,,,,,,,,,,,,,,,,,,,
  ,,,,,,,,,,,,,,,,,,,,,,,,,,,,,,,,,,,,,,,,,,,,,,,,,,,,,,,,,,,,,,,,,,,,,,,,,,,,,,,,,,,,,,,,,,,
  ,,,,,,,,,,,,,,,,,,,,,,,,,,,,,,,,,,,,,,,,,,,,,,,,,,,,,,,,,,,,,,,,,,,,,,,,,,,,,,,,,,,,,,,,,,,
  ,,,,,,,,,,,,,,,,,,,,,,,,,,,,,,,,,,,,,,,,,,,,,,,,,,,,,,,,,,,,,,,,,,,,,,,,,,,,,,,,,,,,,,,,,,,
  ,,,,,,,,,,,,,,,,,,,,,,,,,,,,,,,,,,,,,,,,,,,,,,,,,,,,,,,,,,,,,,,,,,,,,,,,,,,,,,,,,,,,,,,,,,,
  ,,,,,,,,,,,,,,,,,,,,,,,,,,,,,,,,,,,,,,,,,,,,,,,,,,,,,,,,,,,,,,,,,,,,,,,,,,,,,,,,,,,,,,,,,,,
  ,,,,,,,,,,,,,,,,,,,,,,,,,,,,,,,,,,,,,,,,,,,,,,,,,,,,,,,,,,,,,,,,,,,,,,,,,,,,,,,,,,,,,,,,,,,
  ,,,,,,,,,,,,,,,,,,,,,,,,,,,,,,,,,,,,,,,,,,,,,,,,,,,,,,,,,,,,,,,,,,,,,,,,,,,,,,,,,,,,,,,,,,,
  ,,,,,,,,,,,,,,,,,,,,,,,,,,,,,,,,,,,,,,,,,,,,,,,,,,,,,,,,,,,,,,,,,,,,,,,,,,,,,,,,,,,,,,,,,,,
  ,,,,,,,,,,,,,,,,,,,,,,,,,,,,,,,,,,,,,,,,,,,,,,,,,,,,,,,,,,,,,,,,,,,,,,,,,,,,,,,,,,,,,,,,,,,
  ,,,,,,,,,,,,,,,,,,,,,,,,,,,,,,,,,,,,,,,,,,,,,,,,,,,,,,,,,,,,,,,,,,,,,,,,,,,,,,,,,,,,,,,,,,,
  ,,,,,,,,,,,,,,,,,,,,,,,,,,,,,,,,,,,,,,,,,,,,,,,,,,,,,,,,,,,,,,,,,,,,,,,,,,,,,,,,,,,,,,,,,,,
  ,,,,,,,,,,,,,,,,,,,,,,,,,,,,,,,,,,,,,,,,,,,,,,,,,,,,,,,,,,,,,,,,,,,,,,,,,,,,,,,,,,,,,,,,,,,
  ,,,,,,,,,,,,,,,,,,,,,,,,,,,,,,,,,,,,,,,,,,,,,,,,,,,,,,,,,,,,,,,,,,,,,,,,,,,,,,,,,,,,,,,,,,,
  ,,,,,,,,,,,,,,,,,,,,,,,,,,,,,,,,,,,,,,,,,,,,,,,,,,,,,,,,,,,,,,,,,,,,,,,,,,,,,,,,,,,,,,,,,,,
  ,,,,,,,,,,,,,,,,,,,,,,,,,,,,,,,,,,,,,,,,,,,,,,,,,,,,,,,,,,,,,,,,,,,,,,,,,,,,,,,,,,,,,,,,,,,
  ,,,,,,,,,,,,,,,,,,,,,,,,,,,,,,,,,,,,,,,,,,,,,,,,,,,,,,,,,,,,,,,,,,,,,,,,,,,,,,,,,,,,,,,,,,,
  ,,,,,,,,,,,,,,,,,,,,,,,,,,,,,,,,,,,,,,,,,,,,,,,,,,,,,,,,,,,,,,,,,,,,,,,,,,,,,,,,,,,,,,,,,,,
  ,,,,,,,,,,,,,,,,,,,,,,,,,,,,,,,,,,,,,,,,,,,,,,,,,,,,,,,,,,,,,,,,,,,,,,,,,,,,,,,,,,,,,,,,,,,
  ,,,,,,,,,,,,,,,,,,,,,,,,,,,,,,,,,,,,,,,,,,,,,,,,,,,,,,,,,,,,,,,,,,,,,,,,,,,,,,,,,,,,,,,,,,,
  ,,,,,,,,,,,,,,,,,,,,,,,,,,,,,,,,,,,,,,,,,,,,,,,,,,,,,,,,,,,,,,,,,,,,,,,,,,,,,,,,,,,,,,,,,,,
  ,,,,,,,,,,,,,,,,,,,,,,,,,,,,,,,,,,,,,,,,,,,,,,,,,,,,,,,,,,,,,,,,,,,,,,,,,,,,,,,,,,,,,,,,,,,
  ,,,,,,,,,,,,,,,,,,,,,,,,,,,,,,,,,,,,,,,,,,,,,,,,,,,,,,,,,,,,,,,,,,,,,,,,,,,,,,,,,,,,,,,,,,,
  ,,,,,,,,,,,,,,,,,,,,,,,,,,,,,,,,,,,,,,,,,,,,,,,,,,,,,,,,,,,,,,,,,,,,,,,,,,,,,,,,,,,,,,,,,,,
  ,,,,,,,,,,,,,,,,,,,,,,,,,,,,,,,,,,,,,,,,,,,,,,,,,,,,,,,,,,,,,,,,,,,,,,,,,,,,,,,,,,,,,,,,,,,
  ,,,,,,,,,,,,,,,,,,,,,,,,,,,,,,,,,,,,,,,,,,,,,,,,,,,,,,,,,,,,,,,,,,,,,,,,,,,,,,,,,,,,,,,,,,,
  ,,,,,,,,,,,,,,,,,,,,,,,,,,,,,,,,,,,,,,,,,,,,,,,,,,,,,,,,, [ 3808264193 ] ]);
