BRENTFACTORS[5509]:=MakeImmutable([ ,,,,,,,,,,,, [ 130096435258661 ],,, [ 378494345123761 ], 
  [ 1932247426629487169 ],, [ 188309430819256073 ],, [ 15627412291 ], [ 975496097570369 ], 
  [ 1211036060172629 ], [ 6514698151921 ], [ 59429157689712399301 ], [ 26756593906589 ], 
  [ 443035487115650323 ],, [ 1862279371 ],, [ 121450620881927097442477011547 ],, 
  [ 11354126587, 340582010978421090583 ], [ 815887258903860851432160431 ], 
  [ 866416754790803791 ], [ 464643482221 ], [ 16674520937 ], [ 1230733817, 31351402657 ], 
  [ 34292328009978006307, 40173607413215117380288312993 ], [ 104548990801, 670968803778241 ],
  [ 270064731514305011 ],,, [ 327840235537 ], [ 366531763835562830379880364752741 ],,, 
  [ 7032174577 ], 
  [ 2005089409, 1461695075522925893958692539, 16124391994251933663974963869048518066031 ], 
  [ 1212943749281061848843245918911701 ], [ 548039946646386414855590781356688397369 ],, 
  [ 105693859387, 464889913299636332383 ], [ 309845935199629 ], 
  [ 637132982531, 562417768044925981 ], 
  [ 100629294193, 62034161538575564969, 14092029705594501299521 ], 
  [ 35979020587317259, 808706471553647483868698145636627242719 ], [ 123465076123 ],, 
  [ 588861441400194534001 ],, [ 7782802069247, 17211781772504607913, 3118321844242187060207 ]
   ,, [ 10019180759370241, 418131815381517969793 ], [ 107704113219314831948327041 ], 
  [ 46021668237271, 112117873845586712401 ], [ 59362252720610759789339 ], 
  [ 3281359810590270757594482469 ], [ 72480219017541263090055259 ], [ 141801457331801 ], 
  [ 26996077099 ], [ 516936818804977 ],, [ 153220185109, 41970145837117 ], 
  [ 2391686132165401 ], [ 104159696413247824427730893 ],,, [ 203540583163 ],,,,, 
  [ 349674738987421 ], [ 141137491291 ],, [ 76919592751, 124539576757 ],, 
  [ 4249216728733, 165710226663461, 55852965808745959921 ], [ 21350934001, 629014284991 ], 
  [ 143270547706005133597 ], [ 21947161661 ], [ 12781438264336747729 ], 
  [ 7163311440841, 41603102157898198421267 ],, [ 2856363499315873, 148463849199926404856641 ]
   ,, [ 24815177062638456515393 ], [ 71730445249 ], 
  [ 1037038001, 94258483301, 1413916788601, 38285120355013538385270743479768653104901528101 ]
   ,, [ 4439198917, 10409114775823, 42056920768363, 520578131789282394067894104205448255953 ]
   ,, [ 1006214249, 11650994473 ], [ 177282178408861, 1865477890743162535141 ], 
  [ 388202337642551, 39015207839378155057, 196001050325727503589664067173, 
      203448501945868255528448330731 ],, 
  [ 1160062777, 40136569539787873, 883556598460865695027070415157 ], 
  [ 57028355739109, 7804027954976101, 30571770581522591 ], [ 336946469243948868209621 ], 
  [ 531219207728647 ], 
  [ 6720823971233, 41425680166741760604916657, 77987101010109499568147357393041 ], 
  [ 97428780470541247483318399 ], [ 130255711616877355751899195867 ], 
  [ 792497648078962818093671 ],,, [ 1506153964937 ], 
  [ 827855161748567, 12266971008175982519 ],, [ 4068342587, 49541873082074794609 ], 
  [ 2317133191 ], [ 6187167664023949, 5469255046209726979 ], [ 181979365969 ], 
  [ 2241365450035374197501 ], [ 1493895943, 88553453258655708554607894289549 ],, 
  [ 9449122104138881 ],,, [ 5425295046263 ],,, [ 1645479533, 7984600259797668317 ],, 
  [ 464958587743370534713 ], [ 8758171163081668079 ], [ 434331030634792315259203 ], 
  [ 83001422594828752208995987 ], [ 7174273234618981 ],,, [ 234535956227 ], 
  [ 129137851181889244510277171172049 ], [ 171310306261, 2955307626231091 ],, 
  [ 1476505464127, 1015621407732163 ], [ 1858318950100486385233, 451126537551447727999009853 
     ], [ 661641735248622797953 ], [ 1844657251 ], [ 10383797371, 81402299779 ],,,, 
  [ 4176022091 ], [ 17670214272584470646497380349 ],,,, 
  [ 2299507843332001, 32539507357471841, 2380372146227213100161 ],, [ 17812313093260522981 ],
  [ 19122272629, 203469828103, 678266555030231634169 ],,, [ 217046451242289264948223 ], 
  [ 10496605643 ], [ 773495864478787572491043545641 ],,, 
  [ 23955923863, 691880991113089, 66931980776491508803 ],,,,, [ 2865499409698687186129 ],, 
  [ 901287432558345462347 ],, [ 14275605061 ], [ 19800277801 ], [ 4245624006095473 ], 
  [ 428571165001423 ],,, [ 56222966977, 1973486943425705887 ], [ 189960484674666674057 ], 
  [ 1304450597, 33073059358583811629 ], [ 420365684341, 16505913285775747 ],,,, 
  [ 24600950790497, 167283928494475843 ],, [ 3330740401 ], 
  [ 22680745837, 1071558711516501181 ], [ 1953052091 ],, 
  [ 27910107016349, 23198134555645979339 ], [ 62087542801, 13508987869001, 16377364471801 ], 
  [ 43157186773 ], [ 3199062240167, 45263035110451774732633463 ],, [ 149468718170767777 ], 
  [ 11656301422291 ], [ 213948384571617337, 4097713583959506829 ], [ 4299260008969 ], 
  [ 32266304513 ], [ 27951208979, 123305228842247 ],, [ 1608575862769, 2839173005797 ], 
  [ 583652829339101, 2167191696560393, 28334304808221165449 ],,,,,, [ 134614200377 ],, 
  [ 2963743106984189641, 5899099945519133981 ],,,,, [ 1412516251, 11389979692465201 ], 
  [ 357866721908141, 56015159918472799390961 ], [ 48338827864567 ], 
  [ 1106719331565956423461 ],, [ 6674182321, 11687170091, 47573461051 ], 
  [ 10977488677, 251535282204135931 ],,,,, [ 88384978178667024561181 ],,, [ 2394198871501 ], 
  [ 2867416458961 ],, [ 199491129179, 30537970011399829136678257 ],, 
  [ 10173428216486093017 ], [ 440251871504921207761 ],,,, [ 86813297827835893 ], 
  [ 173157244218251 ],, [ 73977225337, 193311183501954235369 ],,, [ 30293009086941210091 ], 
  [ 671343659585457135732108289 ],,,, [ 2106912932799682541, 626650441625423381339941 ], 
  [ 16502251449529 ],, [ 263997189223, 348306469601, 8639551328677, 52002853802821 ], 
  [ 41419002196228288684009 ],, 
  [ 426026220047, 340939108061407423, 1752965680376294093072438293 ],, 
  [ 1000881109, 6880815889499533 ],,, [ 31439924081 ], [ 9218312833, 32710047383635653137 ], 
  [ 256522605067, 771488296489, 35970739603641379993 ], [ 349032411737501 ],, 
  [ 56110030872514518901 ],, [ 10185284550213757 ], [ 438562172798588406313 ], 
  [ 101830962241, 25552495806143996201 ],, [ 104311025579399300791 ],, 
  [ 76569942446737, 939885944951749 ], [ 40868998289511580681 ],,,,, 
  [ 47973882055897554641 ], [ 166386089083, 972102268003 ],, [ 2018067384829 ],, 
  [ 1666608401 ], [ 1006573949137, 3328286309718281 ],, [ 560214074107341211741643 ], 
  [ 414518218050281489 ], [ 3005223168901, 40173059949104101 ],,, [ 10466584147 ], 
  [ 36839005843936583401285889 ], [ 2200614041 ],,, 
  [ 88033320624895493, 193974674366164351969 ], [ 428672935069 ], 
  [ 39927980161, 125403548696401 ],, [ 82234360657180371433 ],, 
  [ 24991449242777, 261391873004863, 23559715386068886599 ], [ 2894504899529685961 ], 
  [ 571345006489, 4478706476915942144101 ],, [ 369619833610903 ],, 
  [ 95446158721, 110227269475042561, 156158498793825601, 91385635493862078009315841 ], 
  [ 3104371741 ], [ 119161354397 ],, 
  [ 22309401349, 30455838107717653009, 6576456520710494916793849 ], [ 293606811706001 ], 
  [ 276433588486401799 ], [ 333642785911 ], [ 23980565711156617 ], 
  [ 10580209669, 81386598721 ], [ 18409177111051, 23847349413316441 ],, 
  [ 51026164779827067437 ],, [ 488507317841, 306903752954602999640293 ],,,,,,,, 
  [ 272449274653, 4596514892209 ], [ 1273343597, 894963097981 ],, [ 1236637828777222171 ],, 
  [ 4195807274059 ], [ 8955563893, 2549092014933184354813 ],,,,, [ 3865277989 ],, 
  [ 3488408089306391 ],,,,, [ 2194547661484414921 ],, [ 1153383394589 ], 
  [ 1344142333355251, 5230600791178621 ], [ 44548021337 ], [ 263944743661 ],,,,,,,, 
  [ 273770055398621 ],,,,,,,,, [ 132507480041 ], [ 68219265239 ], 
  [ 172193253889, 1258464416641, 2556384097921, 11949377497086721 ], 
  [ 4183065041, 21566654341, 60860604495461 ], [ 41849514116945081, 108620755400975543191 ],,
  , [ 1163905117 ],,,,, [ 1339719310687 ],, [ 14926274146289255344849 ],, 
  [ 478684910600423248417 ],, [ 145244920801 ], [ 2618147447 ], [ 160032827546827 ],,,, 
  [ 395510066732047 ], [ 321360506479, 569719794953, 9938030375070799, 20725290887814151 ], 
  [ 1699189441 ],,,, [ 1057504306301 ],,,,, [ 587101359732439 ],,, 
  [ 44536507901341, 379085869627921, 86605085888464501 ],,, [ 583067386009 ], 
  [ 111097387342055473 ], [ 2405719301, 92633310251 ], [ 23399581863165199 ],,, 
  [ 5729825512015177 ],, [ 4720357765755689 ], [ 339280243872681972961 ],,, 
  [ 46599789002551 ], [ 1944287462139479119919857 ], [ 2536949064659 ], [ 595757800189 ], 
  [ 699123209177 ], [ 7430249201, 145646406401 ], [ 72288081433 ],,,,,,,, [ 6942424751807 ], 
  [ 21088791121852351 ], [ 14558643812681 ],, [ 583891574923 ], [ 10388090494435744031 ],,, 
  [ 13921763738689 ],, [ 1230052987 ], [ 72100066501 ],, 
  [ 847436976541, 18475549189752687649 ],,, [ 4362596521 ], 
  [ 447836814463, 184713806391138889 ],, [ 71312452898321233, 28714703542017373297 ],, 
  [ 27223704721 ], [ 13727930851 ], [ 11260832041, 136597279081 ], 
  [ 58511412103, 64579684379387 ], [ 1728499248036651403 ], [ 1753539451 ], 
  [ 9407977775247773 ],,,, [ 2096227201, 236756101441 ],,, [ 15356175614317819 ], 
  [ 56726229737, 62071015117 ],, [ 27879143599 ],, [ 135337600370730377 ],,,, 
  [ 3801558659803969, 64813740024846973 ],,,,,,,,,,,, [ 11708241921433 ],, 
  [ 1300565729, 15585809977, 635540018147, 1342486949915431 ],,, [ 182071759489 ], 
  [ 657378262861 ],,, [ 68565632192353 ], [ 708534594637, 5136558126838241449 ],,, 
  [ 625021209671 ], [ 14808165529039 ], [ 1126764571 ], [ 35210638990505891641 ],, 
  [ 858906891469279 ],,, [ 11802904619101 ], [ 4859301617, 12534586313 ],,, [ 9297166537 ],,,
  ,,,,,,,, [ 33966816042868381 ],,,,,,,,,, [ 241768088101, 2206366654145501 ],, 
  [ 1649808923756737 ],,,,,,,,,, [ 2498594226870794707 ],, [ 39722835786421 ],,,, 
  [ 261857644275651289 ],, [ 102794046241, 308977808101, 343270800801871 ],, [ 5434477621 ],
  , [ 36960390377 ],, [ 102500663985793, 1280972978185718017 ],,,, [ 713535807376301681 ],, 
  [ 5692108993 ],, [ 3853693158521 ],,,, [ 1774946209, 2682144307669, 4605362559001 ], 
  [ 2767447129, 4040548247 ],,,,,, [ 2242731121 ],, [ 90388966489 ],,, [ 243740037601 ],,,,, 
  [ 20286367531 ],,, [ 227338104637697 ], [ 1630670581, 10223063761, 82320777211 ],, 
  [ 175518142697 ], [ 1032849908151769 ],, [ 288724621561 ],, [ 47096422297 ],,,,,,,,, 
  [ 1403852501 ],,,,,,, [ 78481222801, 58591065654049, 23462096200288913 ],, [ 37846306027 ],
  , [ 858402045001 ],, [ 6110836873637, 18187548576979, 85338042508247 ],, [ 51662522654081 ]
   ,,,,, [ 1735766035141 ],,, [ 20286719694361 ],,,,,,,, [ 9391435073 ],, [ 10146882325007 ],
  [ 65783935603 ],,,, [ 192648298519 ],,,,,,, [ 145424024611 ],,,, [ 22820603389 ],,,, 
  [ 4059500593 ], [ 22533757079 ],,,,, [ 24803438509 ],, [ 9858996380927 ],, 
  [ 31004890074921649 ],,,,,,,, [ 710527733281 ],,,, [ 81753903813293361301 ],,,,, 
  [ 7292759701 ],, [ 20521902353 ], [ 12133039287829 ], [ 25015696631 ],,, 
  [ 514872693558721 ], [ 1398667859 ], [ 3376258042081, 137320649237353 ],,,, 
  [ 287766339140369 ], [ 1029786313, 4639801909 ],,, [ 2119440276257 ],, [ 2059417339030717 ]
   ,, [ 848100238723, 53777291576251, 67878993523309 ],,,,,, 
  [ 5090494897, 10702527349, 963555235549 ],, [ 56031588312319 ], [ 5474887827361 ], 
  [ 179903230559329 ],,,, [ 3731997601 ], [ 4627060387 ], [ 20286598671193 ],, 
  [ 806415052801, 1740623215753 ],,,,,, [ 2079257251 ], [ 6002266867 ], [ 218872501217 ],, 
  [ 18089479409 ],,,,, [ 19597694227 ],,, [ 2583289207746787 ], [ 29234346527 ], 
  [ 53126251193 ],,,, [ 336030375937 ],,,, [ 1075781565511453 ],,,, [ 1295459057 ], 
  [ 43436635663 ], [ 1511694211957739 ],,,, [ 87664661674223, 316541598623185151 ],, 
  [ 1886991569 ],, [ 12469176048691, 189344875260319 ],, [ 722969389073 ],,,, 
  [ 173702103074281 ],,,, [ 96226410518401 ],,, [ 2898519429709 ], [ 1527512801 ],,, 
  [ 37434274879 ], [ 2492500567537 ],, [ 1546246179869 ],,,,, [ 65178269581 ], 
  [ 46381172041 ], [ 11447953813 ],,, [ 7124127169, 33669292609 ],,,, 
  [ 1261028801, 118010754520261 ],,,, [ 13340938436009 ],,,,, [ 2431161877 ],,, 
  [ 66775234241 ],, [ 12012766699, 1036112921089 ],, [ 1088285573 ],, 
  [ 15153211259, 92847891329681 ],, [ 50480597161 ],,,,,, [ 2971469251, 3822255919 ],, 
  [ 9577984132433 ],, [ 3533313151 ],,,, [ 823827517598317 ],, [ 798998673241 ],,,, 
  [ 267314108741 ],,,,,,,, [ 8147535817, 20233942189609 ],, [ 532934429822671 ],,,, 
  [ 776871997189 ],,, [ 2971212857 ],,, [ 20530062961, 14190366219041, 92303176618522321 ], 
  [ 2753250103 ],, [ 1264063949 ],, [ 3836774131 ], [ 7911519281 ],, [ 498972066252740137 ], 
  [ 3411651293 ], [ 4771678931 ],,,,,, [ 4027760129 ],,,,,, [ 723016001093 ],,,,,,,,,,,, 
  [ 1282076194177 ],,, [ 10064924143 ],, [ 2927441417 ], [ 1941112601 ],, [ 4879042367 ],,,,,
  , [ 285842918209 ],, [ 1820322829681 ], [ 9146991211 ],, [ 1211485573 ], [ 54285021473 ],,,
  , [ 4900403807111 ],,,, [ 35426241451 ],, [ 19496743861729 ],,,,, [ 1840428508829 ],,,, 
  [ 599444033141 ],, [ 5875820861 ],,, [ 1133086919736173 ],,,,,, [ 4325214799518637 ],,,, 
  [ 111519277321, 52671147966889 ],,,, [ 11127233095129 ],, [ 1522654201, 45533392019483 ],, 
  [ 314347179329, 6720813855521 ], [ 970552810219 ], [ 83086313584993 ],,,, 
  [ 3758722841, 518873248067 ],,,,,, [ 3066969361 ],,,, [ 2578122689 ],,,,,, 
  [ 1850612359, 1837554365323 ], [ 22980808189 ],,,,,,, [ 28507461826219 ],, 
  [ 27436974769, 56862329083617457 ], [ 1091627011 ],,,,, 
  [ 3978945757723, 1576737316838788261 ],,,,, [ 46397782579 ],,,,, [ 60982183937 ],, 
  [ 1380931573261609 ],,,,,,,,,,,,,,, [ 15725056603 ],,,,,,,,,,,,,,,,, [ 3039958807 ],,, 
  [ 1516981727 ], [ 1238153941 ],,,,, [ 3935559079 ],,,,,,, 
  [ 10150997606287, 17885294575411 ],,,,,,,,,,,, [ 40387142143 ],,,,,,,,,,,,,,,,,,,, 
  [ 217200041507 ],,,,,,,,,,,,,,,, [ 2166487753, 281509442083 ],, [ 3876729953 ],,,,,,, 
  [ 13574846898913 ],,,,, [ 7210063633 ],,,,,,,,,,,,,,, [ 2917069079, 8776450967 ],,,,,,,, 
  [ 18780693299 ], [ 1481526481 ],,,,,,,, [ 11183030017 ],, [ 14674995271 ],,,,, 
  [ 1471976551 ],,,,,,,,,,,,,,,, [ 19529984653 ],,,, [ 15058037261 ], [ 1795656461 ],,, 
  [ 1014694517 ], [ 1432164001, 963427465201 ],,,,,,,,,,,,,,,, [ 85916236801 ],, 
  [ 1752528915485167 ],,,,, [ 1886051897 ],,,,, [ 1520281193 ],,,, 
  [ 8068969217, 22732211041 ],,, [ 6297907201 ],,,,,,,,,, [ 1920611701 ],,,,,,, 
  [ 26872618757 ],,,,, [ 543493333633 ],, [ 11471265191 ], [ 130636188923941 ],,,, 
  [ 1613621137 ],,,,,,,,,,,, [ 10733390449 ],,,,, [ 7627286647 ],,, [ 297775411177 ],,,, 
  [ 2882370121 ],, [ 934990491991, 382185884778151 ], [ 7345043803 ],,,,,, [ 1543100563 ],,, 
  [ 1402092486601 ], [ 1193521789 ],,,,,,,,,,,, [ 3114727487 ],,,,,,,,,,,,,,, 
  [ 263447665249 ],, [ 4492009831 ],,,,,, [ 8624632169 ],, [ 77590519059943 ],,, 
  [ 383377661263 ],,,, [ 2203319821 ],,,,,,,,,,,,,,, [ 6133538514401 ],,,,,,,,,,, 
  [ 25510246357 ],,,,,,, [ 340042926523 ],,,,,,,,,,,,,,,, [ 2587790442707 ],,,,,,,,,,,,,,,,,,
  ,,,,,,,,,, [ 1091747611 ],,,,,,,,,,,, [ 847943815687 ],,,,,,,, [ 6109661713 ],, 
  [ 1760498809 ],,,,,,,,,,,,,,,,,,, [ 41190721111 ],, [ 3763365408221 ],,,,,,, 
  [ 9218975634433 ],,,,,, [ 66347115533 ],,,,,,,, [ 86498819191 ],,,,,,,,,, [ 1460103481 ],,
  , [ 4645377017 ],,,,,, [ 3008055541, 18295791361 ],,,,, [ 1620663371 ],,,,,,,,,,, 
  [ 3970336267 ],,,, [ 1493789351, 132577360351 ],,,,, [ 204832607131 ],,,,, [ 150942708421 ]
   ,,,,,,,,,,,,,,, [ 6196923251 ],,,,,,,,,,,,,,,,,,, [ 29130606289 ],,,, [ 24853953697 ],, 
  [ 1681384951 ],, [ 13189781989 ],, [ 32042081719 ],,,,, [ 1417745534833 ],,,,,,,,, 
  [ 16159251817 ], [ 5058860267 ],,,, [ 7024939037 ],,,,,,,,,,,,, [ 13305845071 ],,,,,,,,, 
  [ 4353997861 ],,,, [ 34447427281 ],, [ 26380845133 ],,,,,,,,,,,,,,,,,,,, [ 1617461653 ],,, 
  [ 84662740333 ],,, [ 6410947789 ],,, [ 17304435061 ],,, [ 36203958677 ],,,,,, 
  [ 6849127169, 65078106497 ],,,,,,,,,,,,, [ 10797257173 ], [ 2108039519 ], [ 3325014367 ],,,
  ,,,,,,, [ 12051964219 ], [ 11596991251 ],,,,, [ 1186625431, 5670039421 ],,,,,,,,,,,,, 
  [ 1378325257 ],,,,,,, [ 18978272321 ],,,,,,,, [ 24022417493 ],,,,,,, [ 1317963412261 ],,,,,
  ,, [ 15087956438143 ], [ 241921695577 ],, [ 12533215213261 ],,,,,,,,,,,,,,,, 
  [ 2354787221 ],,,,,,,,,,,,, [ 3329155399 ],,,,,,,, [ 1350758119 ],,,,, [ 1041409711 ],,,,,,
  ,,, [ 12183413617 ],,,,,,,,,, [ 142171213753 ],,,,,,,,,, [ 1372705403, 3291195497 ],,,,,,,,
  ,,,,,,,,,,, [ 3990221671 ], [ 14064734951 ],,, [ 38342928149 ],,,,,,,,,,, [ 52392265741 ],,
  ,, [ 1619631551 ],,, [ 23992865573 ], [ 11346074653 ], [ 17169647419 ],,, [ 6670882531 ],,,
  ,,,, [ 39865123817 ],,,,, [ 9648364867, 102912130231, 1649760906067 ],,,,,,, 
  [ 27670277741 ],,,,,,, [ 11496611309 ],,,,, [ 4667152731457 ],,,,, [ 2481970521109 ],,,,,,
  , [ 2830449001 ],,,,,,,,,,,,,,,,, [ 5636815813 ],,,, [ 3731833070461 ],,, [ 19836715133 ], 
  [ 1483809251 ],,,, [ 1453528507 ],,,,,,,,,,,,,,,,,,, [ 1575817069 ],,,,,,,,, 
  [ 604253895629 ],,,,,,,,, [ 57594886157 ],,,,,,,, [ 18928395823, 36636354301 ], 
  [ 1376930501 ],,,,,,,,,, [ 16949887211 ],,,,,,,,,,,,, [ 7518581893 ],,,,,,, 
  [ 174518837071 ],,,, [ 5097130333 ],,,, [ 20040675139 ],,,,,,, [ 2786444561 ],,,,,,,,,, 
  [ 22808986621 ],,,,,,,,,,,,, [ 256727445571 ],,,,,,, [ 1927959401 ], [ 49639044463 ],,,,,,
  , [ 209362457683 ],,,,,,,,, [ 5557176164593 ],,,,,,,,,,,,,,,,,,,,, [ 4123269649 ],,,,,, 
  [ 57426563443243 ],,,,,,,,,, [ 3991513129 ],,,, [ 793234938173 ],,,,,,,,,,,,,,,, 
  [ 24043690621 ],,,,,,,,,,,,,,, [ 1365918343, 52532295643 ],,,,,,,,,,,, [ 17544850903 ],,, 
  [ 3086272741 ],, [ 1379980141 ],,,,,,,,,, [ 8292197178247 ],,,,,, [ 39943966177 ],, 
  [ 57852847321333 ],,,,,,,,,,, [ 14692062361 ],,,,, [ 1615190701 ],,,,, 
  [ 2387541011, 9129711791 ],,,,,,,,,,,,, [ 1976879809 ],,,, [ 1600550113, 4893773501 ],,,,,
  , [ 2585866391 ],, [ 2973843181 ],,,, [ 4492880321 ],,,,,,,, [ 102163630753 ],,,,,,,, 
  [ 15008387521 ], [ 1722369853 ],,,,,,,,,,, [ 6101715181 ],,,,,,,,,,,,,,,,,,,,,,,,,,,,,,,,,,
  ,, [ 41053835681 ],,,,,,, [ 153780766651 ],,,,,,,,, [ 15210141697 ],, [ 4363124951 ], 
  [ 6784305637 ],,,,,,, [ 2259782981, 180648065417 ],,,,,,,, [ 2914931989 ],,,, 
  [ 18360264719, 39002554081 ],,,,,,,, [ 5498922673 ],,,,,,,,,,,,,,,,,,,,,, [ 2239227217 ],,,
  ,,,,,,, [ 3810090467 ],,,, [ 14139206701 ],,,,,, [ 10572629761 ],,,,,,,,,,,,,, 
  [ 1438302001 ], [ 109652378989 ], [ 1535068393 ],,,, [ 31705218553 ],,,,,,,,,,,,,,,,,,,,,,,
  ,,, [ 21608781251 ],,,,,,,,,,,,,,,,, [ 1171232191 ],,,,,,,,,,,,,,,,,,,,,,,,,,,,, 
  [ 2599090289 ],,,,,,,,,, [ 2287241083 ],,,,,,, [ 168349466041 ],,,,,,,, [ 80761806991 ], 
  [ 6871942661 ],, [ 4246831681, 8039883073 ],,, [ 1331812063 ],,,,,,,,, [ 638748989341 ],, 
  [ 1138739311 ],,,,,, [ 14597318737 ],,,,,,,,,,,,,, [ 1083884891 ],,,,,, [ 2821694746153 ],,
  ,,,,,,,, [ 2586433027, 9229621717, 14472520591 ], [ 2031548329 ],,,,, [ 129645775073 ],,,,,
  ,,,,, [ 26058727129 ],,,, [ 75713563531 ],,,,,,,,,,, [ 2711059879669 ],,,,,,,,, 
  [ 3698078269 ],,,,,,,,, [ 1727169721, 10286035051 ],,,,,,,,,,,, [ 9635560639 ],,,,,,,,,,,,,
  ,,,, [ 2730321857 ], [ 13385410501 ],,,,,, [ 22020833299 ],,,,,,,,,,,,,,,,,,,,,,,,,,,,,,,,
  , [ 400995717553 ],,, [ 22168781419, 47241173743 ], [ 2719009493 ],,,,,,,,,,, 
  [ 5491044499 ],,,,,,,,, [ 11350163329, 383104753921 ],,,,,,,,, [ 2216221993 ],,, 
  [ 11703833101 ],,,,,,,,,,,,,,,,,,,,,,,,,, [ 8834020079 ], [ 2391742621 ],,, 
  [ 14390747281 ],,,,,, [ 895978076113 ],, [ 4448078137 ],,,,,,, [ 1959699421 ],,,,,, 
  [ 10910482507 ],,,,, [ 1516756333, 6970342913 ],,,,,,,,,,,,,,,,,, [ 857336098907 ],, 
  [ 2457109777 ],,,,, [ 476533171333 ],,,,,,,,,,,,, [ 1111377763 ],,,,,,,,,,, [ 4543426801 ],
  ,,,,,,,,,,,,,,,,,,,,,,,,,, [ 12535193809 ],,,,,,,,,,,,,,,,,,,,,,,,,, [ 75009973387 ],,,,,,
  , [ 135762580351 ],,,,,,,,,,,,,,,,,,,,,,,,,,,,,,,,,,, [ 2076574001 ],,,,,,,,,,,,,,,,,,,,,,,
  , [ 88852473973 ],,,,,,,,,,,,,, [ 1203506196491041 ],,,,,,,,,,,,,,,,,,,, [ 7572559867 ],,,,
  ,,,,,,,,,,,,,,,,,,,,,,,,,,,,,,,,,,,,,,,,,, [ 961041076861 ],,,,,,,,,,, [ 34029074881 ], 
  [ 1536896297 ],,,,,,,,,,,,,, [ 92456338291 ],,,,,,,,,,,, [ 43267153879 ],,,,,,,,,,,,,,,,,,,
  ,,,,,,,,,,,,,,,,,,,,,,,,,, [ 63038231677 ],,, [ 23130261095101 ],,,,,,,,,,,, 
  [ 1957805587 ],,,,,,,,,, [ 31646979857 ],,,,,,,,,,,,,,,,,, [ 37862811851 ],, 
  [ 1094038921 ],,,,,,,,,,,,,, [ 6429171893 ],,,, [ 52391836351 ],,,, [ 12461135447 ],, 
  [ 47021310277 ],, [ 17244034783 ],,,,,,,, [ 10971757171 ],,,,,,,,,,,,,,,,,,,,,,,, 
  [ 17169737971, 532453720481 ],, [ 9898197289 ],,,,,, [ 365329948387 ],,,,,, 
  [ 52979918221 ],,,, [ 1339131481 ],,,,,,,,,,,,,,,,,,,,,,,,,,,,,,,,,,,, [ 1693124701 ],,,,,,
  ,,,, [ 19022444711 ],, [ 507046330561 ],, [ 3283891327 ],,,,,,,,,,,,,,,,,,,,,,,,,,,,,,,,,,,
  ,,,,,,,,, [ 890211427093 ],,,,,, [ 13096044509 ],, [ 4140442591 ],, [ 5412798289 ],,,, 
  [ 1099801141 ],, [ 1007049499 ],,,,,,,,,, [ 526805809921 ],,,,,, [ 13219459323193 ],,,,,, 
  [ 1475698841 ],,,, [ 1809418337 ],,,,,,,, [ 7286094913 ],, [ 30323893003 ],,,,,,,,,,,,,, 
  [ 6741961361 ],,,, [ 5140897249 ],, [ 44356954864867 ],,,,,,,,,,,,,,,,,,,,,,,,,, 
  [ 85883816401 ],,,,,,,,,,,,,,,,,, [ 10516055707530739 ],,,,,,,,,,,,,,,,,,,, [ 4346769979 ],
  ,,,,,,,,,,,,,,,,,,,,,,,,,, [ 24054133951 ],,, [ 14995767253 ],,,,,, [ 24642541081 ],,,,,,,
  , [ 312014934131 ],,,,,, [ 11807961281 ],,,,,,,, [ 2198728793 ],, [ 1506175837 ],,,,,,,,,,,
  ,,,,,,, [ 1631938130617 ],,,,,,,,,,,,,,,, [ 14136176581 ],,,, [ 9508703569 ],,,,,,,,,,,,,,,
  , [ 34447192993 ],,,,,,,,,,,,,,,,,,,,,,,,,,,,,,,,,,,,,,,,,,,,,,,,,,,,,,,,,,,,,, 
  [ 21938187077 ],,,,,,,, [ 23635672493 ],,,, [ 1567363883 ],,,,,,,,,,,,,,,,,,,,,,,,,,,,,,,,,
  ,,,,,,,,,,,,, [ 30254746321 ],,,,,,,,,,,,,,,,,,,,,,,, [ 6529172497 ],,,,,,,,, 
  [ 1601382511 ],,,,,,,,,,,,,,,,,,,,,,,,,,,,,,,,,,, [ 10881616021 ],,,,,,,,,,,,,,,, 
  [ 299466000193 ],,,,,,,,,,,, [ 7791828361 ],,,,,, [ 5059062097 ],,,,,, [ 10093427821 ],, 
  [ 26846530783, 47231809561 ],,,,,,,, [ 220730043431 ],,,, [ 1180730741 ],, [ 4316666953 ],
  , [ 1216556371 ],,,,,, [ 2356448184697 ],, [ 263790073031 ],,,, [ 10168627111 ],,,,,,,, 
  [ 44181605833 ],,,,,,,,,,,,,,,,,, [ 8430517164133 ],,,,,,,,,,,,,,,,,, [ 4868257181 ],,,, 
  [ 48678747097 ],,,,,,,,,,,, [ 1158008491 ],,,,,,,, [ 8407065787 ],,,,,,,,,, [ 4160455489 ],
  ,,,,,,,,,,, [ 2659584201301 ],,,,,,,,,, [ 2505481081 ],,,,,,,,,,,,,,,,,,,,,,,,,,,,,,,,,,,,,
  ,,,,,,,,,,,,,,,,,,,,,,,,,,,,,,,,,,, [ 5613843511 ],,,,,,,,,,,,,,,,,,,,,,,,,,,,,,,,,,,,,,,,,
  ,,,,,,,,,,,,,,, [ 1532521951 ],,,,,,,,,, [ 710730227153 ],,,,,,,,,,,,,,,,,,,,,,,,,,,,,,,, 
  [ 2946775921 ],,,,,,,,,,,,,,,, [ 73364631553 ],,,,,, [ 4675061707 ],,,,,,,,,,,,,,,,,,,,,,,,
  ,,,,,,,,,, [ 1121098671529 ],,,, [ 5531656861 ],,,,,,,,,,,,,,,,,, [ 1159037560297 ],, 
  [ 77814771841 ],,,, [ 6706163641, 15526256833 ],,,,,, [ 663526034011 ],,,,,, 
  [ 21714857569 ],,,,,,,,,,,, [ 1838201149, 45053394181, 89690710561 ],,,,,,,,,,,,,,,,,,,,,,,
  ,,, [ 2801580979 ],,,,,, [ 1052476441 ],,,,,,,,,,,,,,,,,,,,,,,,,,,,,, [ 4071980251 ],,,,,,,
  ,,,,,,,,,,,,,,,,,,,,,,,,,,,,,,,,,,,,,,, [ 15650486953 ],,,,,,,,,,,,,, [ 14167594951 ],,,,,,
  ,,,, [ 5453088481 ],,,,,,,,,,,,,,,,,,,, [ 3015701081 ],,,,,,,,,, [ 1467707401 ],,,,,,,,,,,,
  ,,,,,,,,,,,,,,,,,,,,,,,, [ 53729776327 ],,,,,, [ 1290646297 ],,,,,,,,,,,,,,,,,,,,,,,,,,,, 
  [ 2797930721 ],,,,,,,,,,,,,,,,,,,,,,,,,,,,,, [ 2847305801 ],,,,,,,,,, 
  [ 2536642841, 2897608481 ],,,,,,,,,,,,,,,,,,,, [ 6339768961 ],,,,,,,,,, [ 14238948421 ],,,,
  ,,,,,, [ 24101703001 ],,,,,,,,,,,,,,,,,, [ 3271652840971 ],, [ 490042005961 ],,,,,,,,,,,,,,
  ,, [ 2175066433 ],,,, [ 2496359861 ],,,,,,,,,,,,,,,,,,,,,,,,,,,,,,,,,,,,,,,,,,,,,,,,,,,,,,,
  ,,,,,,,,,,,,,,, [ 5540321051 ],,,,,,,,,,,,,,,,,,,,,,,,,,,,,, [ 454797771041 ],,,,,,,,,,,,,,
  ,,,,,,,, [ 1156784945779 ],,,,,,,,,,,,,,,,,,,,,,,,,,,,,,,,,,,,,,,,,,,,,,,,,,,,,,,,,,,, 
  [ 8408290687 ],,,,,,,,,,,,,,,,,, [ 68993753252041 ],,,,,,,,,,,,,,,,,,,,,,,,,,,,,, 
  [ 7308274411 ],,,,,,,,,,,,,,,,,,,,,,,,,,,,,,,,,,,,,,,, [ 5691528701 ],,,,,,,,,,,,,,,,,,,,,,
  ,,,,,,,,,,,,,,,,,,,,,,,,,,,, [ 801115722361 ],,,,,,,,,,,, [ 1226784217 ],,,,,,,,,,,,,,,,,,,
  ,,,,,,,,,,,,,,,,,,,,,,,,,,,,,,,,,,,,,,,,,,,,,,,,,,,,,,,,,,, [ 8561604151 ],,,,,,,,,,,,,,,,,
  ,,,,,,,,,,,,,,,,,,,,,,,,,,,,,,,,,,,,,,,,,,,,,,,,,,,,,,,,,,,,,,,,,,, 
  [ 9916018507, 20997080803 ],,,,,,,,,,,,,,,,,,,,,,,,,,,,,,,,,,,,,,,,,,,,,,,, [ 1735111687 ],
  ,,,,,,,,,,,,,,,,,,,,,,,,,,,,,,,,,,,,,,,,,,,,,,, [ 4470861691, 114223456531 ],,,,,,,,,,,,,,,
  ,,,,,,,,,,,,,,,,,,,,,,,,,,,,,,,,,,, [ 4046331101 ],,,,,,,,,,,,,,,,,,,,,, [ 6367117951 ],,,,
  ,, [ 1987773817 ],,,,,,,,,,,,,,,,,,,,,,,,,,,,,,,,,,,,,,,,,,,,,,,,,,,,,,,,,,,,,,,,,,,,,,,,,,
  ,,,, [ 7773951049 ],,,,,,,,,,,,,,,,,, [ 51939738241 ],,,,,,,,,,,,,,,, [ 23527434001 ],,,,,,
  ,,,,,,,,,,,,,,,,,,,,,,,,,,,,,,,,,,,,,, [ 16721803333 ],,,,,,,,,,,, 
  [ 13480110337, 647496324910849 ],,,,,,,,,,,,,,,,,,,,,,,,,,,,,,,,,,,,,,,,,,,,,,,,,,,,,, 
  [ 7213374901, 1282043981521, 1408530982531 ],,,,,,,,,,,,,,,,,,,,,,,,,,,,,,,,,,,,,,,,,,,,,,,
  ,,,,,,,,,,,,,,,,,,,,,,,,, [ 35522006899 ],,,,,,,,,,,,,,,,,,,,,,,,,,,,,,,,,,,, 
  [ 2021032183, 4218250297 ],,,,,,,,,,,,,,,,,,,,,,,, [ 21473708419 ],,,,,,,,,,,,,,,,,,,,,,,,,
  ,,,,,,,,,,,,,,,,,,,,,,,,,,,,,,,,,,,,,,,,,,,,,,,,,,,,,,,,,,,,,,,,,,,,,,, [ 933412673653 ],,,
  ,,,,,,,,,,,,,,,,,,,,,,,,,,,,,,,,,,,,,,,,,,,,,,,,,,,,,,,,,,,,,,,,,,,,,,,,,,,,,,,,, 
  [ 5361827923 ],,,,,,,,,,,,,,,,,,,,,,,,,,,,,,,,,,,,,,,,,,,,,,,, [ 6794617111 ],,,,,, 
  [ 1156754089 ],,,,,,,,,,,,,,,,,,,,,,,,,,,,,,,,,,,,,,,,,,,,,,,,,,,,,,,,,,,,,,,,,,,,,,,,,,,,,
  ,,,,,,,,,,,,,,,,,,,,,,,,,,,,,,,,,,,,,,,,,,,,,,,,,,,,,,,,,,,,,,,,,,,,,,,,,,,,,,,,,,,,,,,,,,,
  ,,,,,,,,,,,,,,,,,,,,,,,,,,,,,,,,,,,, [ 1785738001 ],,,,,, [ 42762822103 ],,,,,,,,,,,,,,,,,,
  ,,,,,,,,,,,,,,,,,,,,,,,,,,,,,,,,,,,,,,,,,,,,,,,,,,,,,,,,,,,,,,,,,,,,,,,,,,,,,,,,,,,,,,,,,,,
  ,,,,,,,,,,,,,,,,,,,,,,,,,,,,,,,,,,,,,,,,,,,,,,,,,,,,,,,,,,,,,,,,,,,,,,,,,,,,,,,,,,,,,,,,,,,
  ,,,,,,,,,,,,,,,,,,,,,,,,,,,,,,,,,,,,,,,,,,,,,,,,,,,,,,,,,,,,,,,,,,,,,,,,,,,,,,,,,,,,,,,,,,,
  ,,,,,,,,,,,,,,,,,,,,,,,,,,,,,,,,,,,,,,,,,,,,,,,,,,,,,,,,,,,,,,,,,,,,,,,,,,,,,,,,,,,,,,,,,,,
  ,,,,,,,,,,,,,,,,,,,,,,,,,,,,,,,,,,,,,, [ 2983116277 ],,,,,,,,,,,,,,,,,,,,,,,,,,,,,,,,,,,,,,
  ,,,, [ 3735599869 ],,,,,,,,,,,, [ 2168635681 ],,,,,,,,,,,,,,,,,,,,,,,,,,,,,,,,,,,,,,,,,,,,,
  ,,,,,,,,,,,,,,,,,,,,,,,,,,,,,,,,,,,,,,,,,,,,,,,,,,,,,,,,,,,,,,,,,,,,,,,,,,,,,,,,,,,,,,,,,,,
  ,,,,,,,,,,,,,,,,,,,,,,,,,,,,,,,,,,,,,,,,,,,,,,,,,,,,,,,,,,,,,,,,,,,,,,,,,,,,,,,,,,,,,,,,,,,
  ,,,,,,,,,,,,,,,,,,,,,,,,,,,,,,,,,,,,,,,,,,,,,,,,,,,,,,,,,,,,,,,,,,,,,,,,,,,,,,,,,,,,,,,,,,,
  ,,,,,,,,,,,, [ 629478441061 ],,,,,,,,,,,,,,,,,,,,,,,,,,,,,,,,,,,,,,,,,,,,,,,,,,,,,,,,,,,,,,
  ,,,,,,,,,,,,,,,,,,,,,,,,,,,,,,,,,,,,,,,,,,,,,,,,,,,,,,,,,,,,,,,,,,,,,,,,,,,,,,,,,,,,,,,,,,,
  ,,,,,,,,,,,,,,,,,,,,,,,,,,,,,,,,,,,,,,,,,,,,,,,,,,,,,,,,,,,,,,,,,,,,,,,,,,,,,,,,,,,,,,,,,,,
  ,,,,,,,,,,,,,,,,,,,,,,,,,,,,,,,,,,,,,,,,,,,,,,,,,,,,,,,,,,,,,,,,,,,,,,,,,,,,,,,,,,,,,,,,,,,
  ,,,,,,,,,,,,,,,,,,,,,,,,,,,,,,,,,,,,,,,,,,,,,,,,,,,,,,,,,,,,,,,,,,,,,,,,,,,,,,,,,,,,,,,,,,,
  ,,,,,,,,,,,,,,,,,,,,,,,,,,,,,,,,,,,,,,,,,,,,,,,,,,,,,,,,,,,,,,,,,,,,,,,,,,,,,,,,,,,,,,,,,,,
  ,,,,,,,,,,,,,,,,,,,,,,, [ 8835251251 ],,,,,,,,,,,,,,,,,,,,,,,,,,,,,,,,,,,,,,,,,,,,,,,,,,,,,
  ,,,,,,,,,,,,,,,,,,,,,,,,,,,,,,,,,,,,,,,,,,,,,,,,,,,,,,,,,,,,,,,,,,,,,,,,,,,,,,,,,,,,,,,,,,,
  ,,,,,,,,,,,,,,,,,,,,,,,,,,,,,,,,,,,,,,,,,,,,,,,,,,,,,,,,,,,,,,,,,,,,,,,,,,,,,,,,,,,,,,,,,,,
  ,,,,,,,,,,,,,,,,,,,,,,,,,,,,,,,,,,,,,,,,,,,,,,,,,,,,,,,,,,,,,,,,,,,,,,,,,,,,,,,,,,,,,,,,,,,
  ,,,,,,,,,,,,,,,,,,,,,,,,,,,,,,,,,,,,,,,,,,,,,,,,,,,,,,,,,,,,,,,,,,,,,,,,,,,,,,,,,,,,,,,,,,,
  ,,,,,,,,,,,,,,,,,,,,,,,,,,,,,,,,,,,,,,,,,,,,,,,,,,,,,,,,,,,,,,,,,,,,,,,,,,,,,,,,,,,,,,,,,,,
  ,,,,,,,,,,,,,,,,,,,,,,,,,,,,,,,,,,,,,,,,,,,,,,,,,,,,,,,,,,,,,,,,,,,,,,,,,,,,,,,,,,,,,,,,,,,
  ,,,,,,,,,,,,,,,,,,,,,,,,,,,,,,, [ 1525432861 ],,,,,,,,,,,,,,,,,,,,,,,,,,,,,,,,,,,,,,,,,,,,,
  ,,,,,,,,,,,,,,,,,,,,,,,,,,,,,,,,,,,,,,,,,,,,,,,,,,,,,,,,,,,,,,,,,,,,,,,,,,,,,,,,,,,,,,,,,,,
  ,,,,,,,,,,,,,,,,,,,,,,,,,,,,,,,,,,,,,,,,,,,,,,,,,,,,,,,,,,,,,,,,,,,,,,,,,,,,,,,,,,,,,,,,,,,
  ,,,,,,,,,,,,,,,,,,,,,,,,,,,,,,,,,,,,,,,,,,,,,,,,,,,,,,,,,,,,,,,,,,,,,,,,,,,,,,,,,,,,,,,,,,,
  ,,,,,,,,,,,,,,,,,,,,,,,,,,,,,,,,,,,,,,,,,,,,,,,,,,,,,,,,,,,,,,,,,,,,,,,,,,,,,,,,,,,,,,,,,,,
  ,,,,,,,,,,,,,,,,,,,,,,,,,,,,,,,,,,,,,,,,,,,,,,,,,,,,,,,,,,,,,,,,,,,,,,,,,,,,,,,,,,,,,,,,,,,
  ,,,,,,,,,,,,,,,,,,,,,,,,,,,,,,,,,,,,,,,,,,,,,,,,,,,,,,,,,,,,,,,,,,,,,,,,,,,,,,,,,,,,,,,,,,,
  ,,,,,,,,,,,,,,,,,,,,,,,,,,,,,,,,,,,,,,,,,,,,,,,,,,,,,,,,,,,,,,,,,,,,,,,,,,,,,,,,,,,,,,,,,,,
  ,,,,,,,,,,,,,,,,,,,,,,,,,,,,,,,,,,,,,,,,,,,,,,,,,,,,,,,,,,,,,,,,,,,,,,,,,,,,,,,,,,,,,,,,,,,
  ,,,,,,,,,,,,,,,,,,,,,,,,,,,,,,,,,,,,,,,,,,,,,,,,,,,,,,,,,,,,,,,,,,,,,,,,,,,,,,,,,,,,,,,,,,,
  ,,,,,,,,,,,,,,,,,,,,,,,,,,,,,,,,,,,,,,,,,,,,,,,,,,,,,,,,,,,,,,,,,,,,,,,,,,,,,,,,,,,,,,,,,,,
  ,,,,,,,,,,,,,,,,,,,,,,,,,,,,,,,,,,,,,,,,,,,,,,,,,,,,,,,,,,,,,,,,,,,,,,,,,,,,,,,,,,,,,,,,,,,
  ,,,,,,,,,,,,,,,,,,,,,,,,,,,,,,,,,,,,,,,,,,,,,,,,,,,,,,,,,,,,,,,,,,,,,,,,,,,,,,,,,,,,,,,,,,,
  ,,,,,,,,,,,,,,,,,,,,,,,,,,,,,,,,,,,,,,,,,,,,,,,,,,,,,,,,,,,,,,,,,,,,,,,,,,,,,,,,,,,,,,,,,,,
  ,,,,,,,,,,,,,,,,,,,,,,,,,,,,,,,,,,,,,,,,,,,,,,,,,,,,,,,,,,,,,,,,,,,,,,,,,,,,,,,,,,,,,,,,,,,
  ,,,,,,,,,,,,,,,,,,,,,,,,,,,,,,,,,,,,,,,,,,,,,,,,,,,,,,,,,,,,,,,,,,,,,,,,,,,,,,,,,,,,,,,,,,,
  ,,,,,,,,,,,,,,,,,,,,,,,,,,,,,,,,,,,,,,,,,,,,,,,,,,,,,,,,,,,,,,,,,,,,,,,,,,,,,,,,,,,,,,,,,,,
  ,,,,,,,,,,,,,,,,,,,,,,,,,,,,,,,,,,,,,,,,,,,,,,,,,,,,,,,,,,,,,,,,,,,,,,,,,,,,,,,,,,,,,,,,,,,
  ,,,,,,,,,,,,,,,,,,,,,,,,,,,,,,,,,,,,,,,,,,,,,,,,,,,,,,,,,,,,,,,,,,,,,,,,,,,,,,,,,,,,,,,,,,,
  ,,,,,,,,,,,,,,,,,,,,,,,,,,,,,,,,,,,,,,,,,,,,,,,,,,,,,,,,,,,,,,,,,,,,,,,,,,,,,,,,,,,,,,,,,,,
  ,,,,,,,,,,,,,,,,,,,,,,,,,,,,,,,,,,,,,,,,,,,,,,,,,,,,,,,,,,,,,,,,,,,,,,,,,,,,,,,,,,,,,,,,,,,
  ,,,,,,,,,,,,,,,,,,,,,,,,,,,,,,,,,,,,,,,,,,,,,,,,,,,,,,,,,,,,,,,,,,,,,,,,,,,,,,,,,,,,,,,,,,,
  ,,,,,,,,,,,,,,,,,,,,,,,,,,,,,,,,,,,,,,,,,,,,,,,,,,,,,,,,,,,,,,,,,,,,,,,,,,,,,,,,,,,,,,,,,,,
  ,,,,,,,,,,,,,,,,,,,,,,,,,,,,,,,,,,,,,,,,,,,,,,,,,,,,,,,,,,,,,,,,,,,,,,,,,,,,,,,,,,,,,,,,,,,
  ,,,,,,,,,,,,,,,,,,,,,,,,,,,,,,,,,,,,,,,,,,,,,,,,,,,,,,,,,,,,,,,,,,,,,,,,,,,,,,,,,,,,,,,,,,,
  ,,,,,,,,,,,,,,,,,,,,,,,,,,,,,,,,,,,,,,,,,,,,,,,,,,,,,,,,,,,,,,,,,,,,,,,,,,,,,,,,,,,,,,,,,,,
  ,,,,,,,,,,,,,,,,,,,,,,,,,,,,,,,,,,,,,,,,,,,,,,,,,,,,,,,,,,,,,,,,,,,,,,,,,,,,,,,,,,,,,,,,,,,
  ,,,,,,,,,,,,,,,,,,,,,,,,,,,,,,,,,,,,,,,,,,,,,,,,,,,,,,,,,,,,,,,,,,,,,,,,,,,,,,,,,,,,,,,,,,,
  ,,,,,,,,,,,,,,,,,,,,,,,,,,,,,,,,,,,,,,,,,,,,,,,,,,,,,,,,,,,,,,,,,,,,,,,,,,,,,,,,,,,,,,,,,,,
  ,,,,,,,,,,,,,,,,,,,,,,,,,,,,,,,,,,,,,,,,,,,,,,,,,,,,,,,,,,,,,,,,,,,,,,,,,,,,,,,,,,,,,,,,,,,
  ,,,,,,,,,,,,,,,,,,,,,,,,,,,,,,,,,,,,,,,,,,,,,,,,,,,,,,,,,,,,,,,,,,,,,,,,,,,,,,,,,,,,,,,,,,,
  ,,,,,,,,,,,,,,,,,,,,,,,,,,,,,,,,,,,,,,,,,,,,,,,,,,,,,,,,,,,,,,,,,,,,,,,,,,,,,,,,,,,,,,,,,,,
  ,,,,,,,,,,,,,,,,,,,,,,,,,,,,,,,,,,,,,,,,,,,,,,,,,,,,,,,,,,,,,,,,,,,,,,,,,,,,,,,,,,,,,,,,,,,
  ,,,,,,,,,,,,,,,,,,,,,,,,,,,,,,,,,,,,,,,,,,,,,,,,,,,,,,,,,,,,,,,,,,,,,,,,,,,,,,,,,,,,,,,,,,,
  ,,,,,,,,,,,,,,,,,,,,,,,,,,,,,,,,,,,,,,,,,,,,,,,,,,,,,,,,,,,,,,,,,,,,,,,,,,,,,,,,,,,,,,,,,,,
  ,,,,,,,,,,,,,,,,,,,,,,,,,,,,,,,,,,,,,,,,,,,,,,,,,,,,,,,,,,,,,,,,,,,,,,,,,,,,,,,,,,,,,,,,,,,
  ,,,,,,,,,,,,,,,,,,,,,,,,,,,,,,,,,,,,,,,,,,,,,,,,,,,,,,,,,,,,,,,,,,,,,,,,,,,,,,,,,,,,,,,,,,,
  ,,,,,,,,,,,,,,,,,,,,,,,,,,,,,,,,,,,,,,,,,,,,,,,,,,,,,,,,,,,,,,,,,,,,,,,,,,,,,,,,,,,,,,,,,,,
  ,,,,,,,,,,,,,,,,,,,,,,,,,,,,,,,,,,,,,,,,,,,,,,,,,,,,,,,,,,,,,,,,,,,,,,,,,,,,,,,,,,,,,,,,,,,
  ,,,,,,,,,,,,,,,,,,,,,,,,,,,,,,,,,,,,,,,,,,,,,,,,,,,,,,,,,,,,,,,,,,,,,,,,,,,,,,,,,,,,,,,,,,,
  ,,,,,,,,,,,,,,,,,,,,,,,,,,,,,,,,,,,,,,,,,,,,,,,,,,,,,,,,,,,,,,,,,,,,,,,,,,,,,,,,,,,,,,,,,,,
  ,,,,,,,,,,,,,,,,,,,,,,,,,,,,,,,,,,,,,,,,,,,,,,,,,,,,,,,,,,,,,,,,,,,,,,,,,,,,,,,,,,,,,,,,,,,
  ,,,,,,,,,,,,,,,,,,,,,,,,,,,,,,,,,,,,,,,,,,,,,,,,,,,,,,,,,,,,,,,,,,,,,,,,,,,,,,,,,,,,,,,,,,,
  ,,,,,,,,,,,,,,,,,,,,,,,,,,,,,,,,,,,,,,,,,,,,,,,,,,,,,,,,,,,,,,,,,,,,,,,,,,,,,,,,,,,,,,,,,,,
  ,,,,,,,,,,,,,,,,,,,,,,,,,,,,,,,,,,,,,,,,,,,,,,,,,,,,,,,,,,,,,,,,,,,,,,,,,,,,,,,,,,,,,,,,,,,
  ,,,,,,,,,,,,,,,,,,,,,,,,,,,,,,,,,,,,,,,,,,,,,,,,,,,,,,,,,,,,,,,,,,,,,,,,,,,,,,,,,,,,,,,,,,,
  ,,,,,,,,,,,,,,,,,,,,,,,,,,,,,,,,,,,,,,,,,,,,,,,,,,,,,,,,,,,,,,,,,,,,,,,,,,,,,,,,,,,,,,,,,,,
  ,,,,,,,,,,,,,,,,,,,,,,,,,,,,,,,,,,,,,,,,,,,,,,,,,,,,,,,,,,,,,,,,,,,,,,,,,,,,,,,,,,,,,,,,,,,
  ,,,,,,,,,,,,,,,,,,,,,,,,,,,,,,,,,,,,,,,,,,,,,,,,,,,,,,,,,,,,,,,,,,,,,,,,,,,,,,,,,,,,,,,,,,,
  ,,,,,,,,,,,,,,,,,,,,,,,,,,,,,,,,,,,,,,,,,,,,,,,,,,,,,,,,,,,,,,,,,,,,,,,,,,,,,,,,,,,,,,,,,,,
  ,,,,,,,,,,,,,,,,,,,,,,,,,,,,,,,,,,,,,,,,,,,,,,,,,,,,,,,,,,,,,,,,,,,,,,,,,,,,,,,,,,,,,,,,,,,
  ,,,,,,,,,,,,,,,,,,,,,,,,,,,,,,,,,,,,,,,,,,,,,,,,,,,,,,,,,,,,,,,,,,,,,,,,,,,,,,,,,,,,,,,,,,,
  ,,,,,,,,,,,,,,,,,,,,,,,,,,,,,,,,,,,,,,,,,,,,,,,,,,,,,,,,,,,,,,,,,,,,,,,,,,,,,,,,,,,,,,,,,,,
  ,,,,,,,,,,,,,,,,,,,,,,,,,,,,,,,,,,,,,,,,,,,,,,,,,,,,,,,,,,,,,,,,,,,,,,,,,,,,,,,,,,,,,,,,,,,
  ,,,,,,,,,,,,,,,,,,,,,,,,,,,,,,,,,,,,,,,,,,,,,,,,,,,,,,,,,,,,,,,,,,,,,,,,,,,,,,,,,,,,,,,,,,,
  ,,,,,,,,,,,,,,,,,,,,,,,,,,,,,,,,,,,,,,,,,,,,,,,,,,,,,,,,,,,,,,,,,,,,,,,,,,,,,,,,,,,,,,,,,,,
  ,,,,,,,,,,,,,,,,,,,,,,,,,,,,,,,,,,,,,,,,,,,,,,,,,,,,,,,,,,,,,,,,,,,,,,,,,,,,,,,,,,,,,,,,,,,
  ,,,,,,,,,,,,,,,,,,,,,,,,,,,,,,,,,,,,,,,,,,,,,,,,,,,,,,,,,,,,,,,,,,,,,,,,,,,,,,,,,,,,,,,,,,,
  ,,,,,,,,,,,,,,,,,,,,,,,,,,,,,,,,,,,,,,,,,,,,,,,,,,,,,,,,,,,,,,,,,,,,,,,,,,,,,,,,,,,,,,,,,,,
  ,,,,,,,,,,,,,,,,,,,,,,,,,,,,,,,,,,,,,,,,,,,,,,,,,,,,,,,,,,,,,,,,,,,,,,,,,,,,,,,,,,,,,,,,,,,
  ,,,,,,,,,,,,,,,,,,,,,,,,,,,,,,,,,,,,,,,,,,,,,,,,,,,,,,,,,,,,,,,,,,,,,,,,,,,,,,,,,,,,,,,,,,,
  ,,,,,,,,,,,,,,,,,,,,,,,,,,,,,,,,,,,,,,,,,,,,,,,,,,,,,,,,,,,,,,,,,,,,,,,,,,,,,,,,,,,,,,,,,,,
  ,,,,,,,,,,,,,,,,,,,,,,,,,,,,,,,,,,,,,,,,,,,,,,,,,,,,,,,,,,,,,,,,,,,,,,,,,,,,,,,,,,,,,,,,,,,
  ,,,,,,,,,,,,,,,,,,,,,,,,,,,,,,,,,,,,,,,,,,,,,,,,,,,,,,,,,,,,,,,,,,,,,,,,,,,,,,,,,,,,,,,,,,,
  ,,,,,,,,,,,,,,,,,,,,,,,,,,,,,,,,,,,,,,,,,,,,,,,,,,,,,,,,,,,,,,,,,,,,,,,,,,,,,,,,,,,,,,,,,,,
  ,,,,,,,,,,,,,,,,,,,,,,,,,,,,,,,,,,,,,,,,,,,,,,,,,,,,,,,,,,,,,,,,,,,,,,,,,,,,,,,,,,,,,,,,,,,
  ,,,,,,,,,,,,,,,,,,,,,,,,,,,,,,,,,,,,,,,,,,,,,,,,,,,,,,,,,,,,,,,,,,,,,,,,,,,,,,,,,,,,,,,,,,,
  ,,,,,,,,,,,,,,,,,,,,,,,,,,,,,,,,,,,,,,,,,,,,,,,,,,,,,,,,,,,,,,,,,,,,,,,,,,,,,,,,,,,,,,,,,,,
  ,,,,,,,,,,,,,,,,,,,,,,,,,,,,,,,,,,,,,,,,,,,,,,,,,,,,,,,,,,,,,,,,,,,,,,,,,,,,,,,,,,,,,,,,,,,
  ,,,,,,,,,,,,,,,,,,,,,,,,,,,,,,,,,,,,,,,,,,,,,,,,,,,,,,,,,,,,,,,,,,,,,,,,,,,,,,,,,,,,,,,,,,,
  ,,,,,,,,,,,,,,,,,,,,,,,,,,,,,,,,,,,,,,,,,,,,,,,,,,,,,,,,,,,,,,,,,,,,,,,,,,,,,,,,,,,,,,,,,,,
  ,,,,,,,,,,,,,,,,,,,,,,,,,,,,,,,,,,,,,,,,,,,,,,,,,,,,,,,,,,,,,,,,,,,,,,,,,,,,,,,,,,,,,,,,,,,
  ,,,,,,,,,,,,,,,,,,,,,,,,,,,,,,,,,,,,,,,,,,,,,,,,,,,,,,,,,,,,,,,,,,,,,,,,,,,,,,,,,,,,,,,,,,,
  ,,,,,,,,,,,,,,,,,,,,,,,,,,,,,,,,,,,,,,,,,,,,,,,,,,,,,,,,,,,,,,,,,,,,,,,,,,,,,,,,,,,,,,,,,,,
  ,,,,,,,,,,,,,,,,,,,,,,,,,,,,,,,,,,,,,,,,,,,,,,,,,,,,,,,,,,,,,,,,,,,,,,,,,,,,,,,,,,,,,,,,,,,
  ,,,,,,,,,,,,,,,,,,,,,,,,,,,,,,,,,,,,,,,,,,,,,,,,,,,,,,,,,,,,,,,,,,,,,,,,,,,,,,,,,,,,,,,,,,,
  ,,,,,,,,,,,,,,,,,,,,,,,,,,,,,,,,,,,,,,,,,,,,,,,,,,,,,,,,,,,,,,,,,,,,,,,,,,,,,,,,,,,,,,,,,,,
  ,,,,,,,,,,,,,,,,,,,,,,,,,,,,,,,,,,,,,,,,,,,,,,,,,,,,,,,,,,,,,,,,,,,,,,,,,,,,,,,,,,,,,,,,,,,
  ,,,,,,,,,,,,,,,,,,,,,,,,,,,,,,,,,,,,,,,,,,,,,,,,,,,,,,,,,,,,,,,,,,,,,,,,,,,,,,,,,,,,,,,,,,,
  ,,,,,,,,,,,,,,,,,,,,,,,,,,,,,,,,,,,,,,,,,,,,,,,,,,,,,,,,,,,,,,,,,,,,,,,,,,,,,,,,,,,,,,,,,,,
  ,,,,,,,,,,,,,,,,,,,,,,,,,,,,,,,,,,,,,,,,,,,,,,,,,,,,,,,,,,,,,,,,,,,,,,,,,,,,,,,,,,,,,,,,,,,
  ,,,,,,,,,,,,,,,,,,,,,,,,,,,,,,,,,,,,,,,,,,,,,,,,,,,,,,,,,,,,,,,,,,,,,,,,,,,,,,,,,,,,,,,,,,,
  ,,,,,,,,,,,,,,,,,,,,,,,,,,,,,,,,,,,,,,,,,,,,,,,,,,,,,,,,,,,,,,,,,,,,,,,,,,,,,,,,,,,,,,,,,,,
  ,,,,,,,,,,,,,,,,,,,,,,,,,,,,,,,,,,,,,,,,,,,,,,,,,,,,,,,,,,,,,,,,,,,,,,,,,,,,,,,,,,,,,,,,,,,
  ,,,,,,,,,,,,,,,,,,,,,,,,,,,,,,,,,,,,,,,,,,,,,,,,,,,,,,,,,,,,,,,,,,,,,,,,,,,,,,,,,,,,,,,,,,,
  ,,,,,,,,,,,,,,,,,,,,,,,,,,,,,,,,,,,,,,,,,,,,,,,,,,,,,,,,,,,,,,,,,,,,,,,,,,,,,,,,,,,,,,,,,,,
  ,,,,,,,,,,,,,,,,,,,,,,,,,,,,,,,,,,,,,,,,,,,,,,,,,,,,,,,,,,,,,,,,,,,,,,,,,,,,,,,,,,,,,,,,,,,
  ,,,,,,,,,,,,,,,,,,,,,,,,,,,,,,,,,,,,,,,,,,,,,,,,,,,,,,,,,,,,,,,,,,,,,,,,,,,,,,,,,,,,,,,,,,,
  ,,,,,,,,,,,,,,,,,,,,,,,,,,,,,,,,,,,,,,,,,,,,,,,,,,,,,,,,,,,,,,,,,,,,,,,,,,,,,,,,,,,,,,,,,,,
  ,,,,,,,,,,,,,,,,,,,,,,,,,,,,,,,,,,,,,,,,,,,,,,,,,,,,,,,,,,,,,,,,,,,,,,,,,,,,,,,,,,,,,,,,,,,
  ,,,,,,,,,,,,,,,,,,,,,,,,,,,,,,,,,,,,,,,,,,,,,,,,,,,,,,,,,,,,,,,,,,,,,,,,,,,,,,,,,,,,,,,,,,,
  ,,,,,,,,,,,,,,,,,,,,,,,,,,,,,,,,,,,,,,,,,,,,,,,,,,,,,,,,,,,,,,,,,,,,,,,,,,,,,,,,,,,,,,,,,,,
  ,,,,,,,,,,,,,,,,,,,,,,,,,,,,,,,,,,,,,,,,,,,,,,,,,,,,,,,,,,,,,,,,,,,,,,,,,,,,,, 
  [ 409485508609 ] ]);
