BRENTFACTORS[8627]:=MakeImmutable([ ,,,,,, [ 14596690697 ],,,, [ 1200422028917 ],, 
  [ 844550073012959 ],, [ 222628219621 ],, [ 46617350293, 844529067819457 ],,, 
  [ 27252168821 ],, [ 1130762435450689163 ], [ 2467593102706771367, 6725476165670546153 ],, 
  [ 1841214904798663226556203801 ], [ 6971696624231 ], [ 90797730080599 ],, 
  [ 16112871335087, 535916271383568227, 342748151655144390593707 ],,, [ 1505563202435681 ], 
  [ 3301353436938621241, 18291796043309482849 ], [ 1013487479013197 ], 
  [ 432504821355924618064302396220874063552161 ], [ 539424609154571233 ], 
  [ 1161102847, 403526527212553 ],, [ 26879938736609934003430021287469231 ],, 
  [ 23589239636939, 682613450462179, 1186257420670173013 ], [ 2987342989 ], 
  [ 13938406390195104401 ], [ 3091989349549, 676106251619808716477 ],, [ 32299268047 ],, 
  [ 587346128977 ], [ 107103199945281508613 ], 
  [ 1894099601, 2582466101, 15902548451, 3971020435709051 ], 
  [ 160315528231, 362138271033042074549412608854699071804200737 ], 
  [ 1691856554077, 5953025382335513, 9188067363279295990201 ], 
  [ 496588774499581, 1702800765041089254752797 ],,, 
  [ 14330267831489, 217912420914851968751969556532129 ], 
  [ 956606979825283, 34326520741856197, 54844226526742591, 
      593442251773142818455243167063330689 ], [ 102961161981637777, 142713732083818295989 ], 
  [ 37680362638273, 5486116337315568749 ], [ 8686612201, 8103640279981 ], 
  [ 1222835746424704767486568967767665770716175069, 
      871941957864686485867999005881157497782162277733353822766460742054963955056185792098655\
8850943 ], [ 78810015113, 465764061141964934233, 632436335816648959456910561084926159 ], 
  [ 9648566299, 167226638797, 52124343679133566038726617722010860411893306079507 ], 
  [ 146411827201, 5306038492381847489, 11068737719610825601 ],, 
  [ 291154713844092187, 334873487899497493 ], [ 11161953094174008011 ], 
  [ 2395430845612037, 2154334949036403460118961676820708156269 ], [ 3189447497530891 ],,, 
  [ 40646395729, 26743374029048802379324201 ], 
  [ 4657728708627942037920133, 1453958399910229602106983170539 ], 
  [ 96922741820494005798529536163142625794230725594392985289 ], 
  [ 165656071201, 9686519109005701 ], [ 45647989704230111114572350593 ],, 
  [ 147820396149739, 8916317439724813 ],, 
  [ 355585029883781681, 1208643951463979074038161, 2193689302844096905461411521 ], 
  [ 439760583186775554212519779 ], [ 40145045765589303527, 1330527666259093701145786553 ], 
  [ 301871350140897989 ],, [ 18336612761 ], [ 10496597131, 292997206960058025143 ], 
  [ 276108749383 ],, [ 122786357818235790660739, 467916651213661234672369313069 ], 
  [ 1851320199016770520258981 ],, [ 261200685353458180568492201, 292025602219089797751573929 
     ],, [ 40442239301047, 129134415359981 ], 
  [ 267873807931, 9140564339161, 193789594114059990521 ], 
  [ 2215871617, 8185266238484122895617, 990531183243002143482300562756129 ], 
  [ 72638390030671889 ], [ 12975595367281, 708594268995701677, 49936105865148105046263100961 
     ], [ 799583724721, 6035033716994899, 1951867472979736443304929097 ], 
  [ 29392964428357957129053142111472696701 ], [ 1019400666539760926803 ], 
  [ 164015461294753 ], 
  [ 780613899161, 98383737781837, 3526833619195784298211, 2694897063476258863442963 ], 
  [ 100262490017 ],, [ 38873177205253, 455149852459793833291 ], [ 9644778413 ], 
  [ 6940579849126695810014116213 ], [ 9084040312421 ], 
  [ 218919502071110801071, 40828057075715884459357181 ], 
  [ 16904208845137, 16641314152472712191833 ],, [ 64193604831179 ], [ 52721435810875339 ],,,
  , [ 583351208640581973373 ], [ 13656469803111571157, 82985798580574361683 ], 
  [ 1451158040143220170722626641 ], [ 15108358046421487 ], [ 6119480386410169 ],,,, 
  [ 410260376044513, 84477225614176032751, 51519822691787879605627829676836203 ], 
  [ 353204054323, 23332505784393022519, 39887517969029085847 ], [ 17940629761 ],,, 
  [ 60021188573, 3165856717865619797 ], [ 42723133172729042520961 ], [ 292340758993875061 ], 
  [ 10131343177774861807 ],,, [ 709412489766521, 1955160246018296325707 ], 
  [ 30350193988658953, 288067220374715496019891 ], [ 13092714721082738926012721 ],, 
  [ 1569490177, 13923064741 ],, [ 2823716897 ], [ 59039080129 ], [ 1478696371, 6375216161 ],
  , [ 313623675332353 ],,, [ 886132608601, 12601998524249079151 ], [ 58314294254369 ], 
  [ 68385554102523917922329 ],, [ 5674193729053081 ],,, [ 2648775889, 2024570359771 ], 
  [ 4667414968903 ], [ 39741545395693 ],,,, 
  [ 888293282600849, 2121591900154202054027, 237020086265315790509993 ], 
  [ 74799949672151427777589 ], [ 40201865990739389311 ], [ 23495439385063288919 ], 
  [ 82939369979 ],, [ 1046326997 ],,, [ 163769740667053 ], 
  [ 71225958833239118989, 1099487005144586963719 ],, 
  [ 404725381737251, 2391779998625145856683551 ],, [ 64661805632353 ], [ 4568217989 ], 
  [ 7579804763, 26998414271 ], [ 44465156721001 ],,,,,, [ 11081945101 ], 
  [ 289352949139, 2502824850571 ], 
  [ 101864685681677, 92493613501545017, 1732457584706075921, 2602501529430086261 ], 
  [ 116701538563, 22268125094923 ], [ 1480169191293861294483215131 ],, [ 1631732929 ],, 
  [ 3344831279214317671 ], [ 1468027471 ],, [ 23312102978795771473 ], [ 8095394143 ],,, 
  [ 2573560782589 ], [ 36705891607074779 ],,, [ 1102813696280431, 3000427943557476401 ], 
  [ 40045082837 ], [ 4845422013499, 58080684229201 ],, [ 9224655875273213 ], 
  [ 195854024816731 ], [ 2147666935312523, 8517598903231213 ], 
  [ 27699376433, 3278457929977, 853412020523341, 5833893090381292877 ], 
  [ 121073460853, 147306227963833111 ],,,, [ 1886089906156373 ], [ 849695742893 ], 
  [ 143712970546315633, 404011416823210957 ], [ 3606290381, 17021443561, 159850789781 ],, 
  [ 114362687947, 24443464501249280371 ], [ 10665444270497 ], [ 234076071363035629239233 ], 
  [ 12037323766051 ], [ 729516233649227 ], [ 93950552977, 164593506961927818899 ], 
  [ 354060326192416117 ], [ 2709290299 ], [ 10989479797295261 ], 
  [ 48896460229, 93078758389, 2501768264227 ], [ 336415711654655930504209 ], 
  [ 7008856691, 303244497348568117500261443 ], [ 5049070183 ], [ 33147752041 ], 
  [ 1853157218893, 245417216795293, 2983453276816673, 603032552615074110301, 
      3260348038890087933133 ],, [ 77257893763 ], [ 1391809563743 ], 
  [ 238893681841, 14220423120350005921 ], [ 37116083359744006653911 ], [ 164487104307352069 ]
   ,, [ 119317913409550531588921 ],, [ 2144331571 ], [ 8267518793 ], [ 5075916842666689 ], 
  [ 14498408959 ], [ 7621132906233510040285874501 ],, [ 520710433489 ], [ 685786879229 ],, 
  [ 97804784263411, 3120926640091291 ], [ 12247709403241093889 ], 
  [ 1232115569, 382313249285585957 ], [ 13348907998099, 166721898404353 ], 
  [ 106450454061522887 ],, [ 141674101140529 ], [ 1500904991 ], 
  [ 884083575545702369, 5404920889338187853, 754228638384105416607661 ],, 
  [ 3189195874354261351 ], [ 19628502789953, 679800742698734334945569 ],, 
  [ 174876906361, 615314895474016926577 ],, [ 3187491459221590129351 ],,,,, 
  [ 1182031951, 6005019661301 ], [ 10902557876869, 180016527943959245915989 ], 
  [ 737076791743, 5147428240355977 ], [ 24491272079, 1382557604718953301851917 ], 
  [ 362379637693, 61198419649231, 1234778648004757 ],, 
  [ 115093105515070511, 424021485559259867817679 ], [ 1956691123 ],, 
  [ 5266310186422277, 7024855354476767833, 990622010075267974141, 
      3948818253029871367183431421 ],, [ 3997831267, 8011431143, 5217460690157 ], 
  [ 3481840951 ], [ 3249279073, 2059662504379552443073 ],, 
  [ 2548314463081, 89165543519341, 125818623770051, 763553478793381 ], [ 1201619317 ], 
  [ 97575568553 ],, [ 1739662837879, 12215752059169 ],,, [ 1529744239, 4851648253 ],,,,, 
  [ 36927001681, 174972945063205425391 ], [ 5806926523 ],, [ 6771434725651 ], 
  [ 2027702848414797198613, 5994996945227237392169149 ],,,,, 
  [ 1099055341, 308859563027, 2251958725241, 6500064972439 ], [ 1547839177 ],,, 
  [ 76931086352590718011 ],, [ 97049309081, 2867074232807117 ],, [ 79646367109 ], 
  [ 42407416231681 ],,,,,, [ 62123261227, 22621100412517 ], [ 34623140563057147 ], 
  [ 437830936976737 ],, [ 59866907196866993686321 ],,, [ 25618311038268744661 ],,, 
  [ 6456815569, 323954188888513 ], [ 2206182978666509 ], [ 39891678148271 ],, 
  [ 2433933181, 43679933621, 257312490415661, 1348033162919387261, 2498273775844437278761 ], 
  [ 119731627295831 ],,, [ 70078273729 ], [ 20264407831 ],, [ 1734760571 ],,, 
  [ 6543037699296001 ],, [ 29204190819566996641 ], [ 1412746243, 4362866083 ], 
  [ 3306776859427, 106603203900285622117033, 37384204202829418482609619 ], 
  [ 36089322721, 88348533341 ],,,,,, [ 11362181147, 35074256657077637 ], [ 22885714097419 ], 
  [ 20540819194963 ], [ 4476349697, 12758072744265941 ],,,, [ 17348703857 ], 
  [ 30305782283797 ], [ 96052614865631, 1749231992255076361 ],, 
  [ 10500815257, 54130955041, 458661686429521 ],,, [ 130570803751 ], 
  [ 102370325129, 33978407707481, 366773286383082113 ], [ 835783208296739 ], 
  [ 9030810097, 686402352721 ], [ 140892091777, 1431812435897 ], [ 5399590621 ], 
  [ 34547964433 ], [ 30375954311 ], [ 29998411423, 1118616620831636706871409 ], 
  [ 18059392513 ], [ 3047184621251 ],,, [ 2236750260881, 217784482795126756213 ],, 
  [ 7331758591, 34132403761 ],,, [ 8764741194493 ], [ 47868603345281 ],, [ 25020041113 ], 
  [ 570469045987 ], [ 34592099355001, 4562863204390664659 ],, [ 347391352001 ], 
  [ 14427376085981 ],,, [ 20529029549887721 ],, [ 33614512597 ],, [ 193116310729 ],, 
  [ 38667457195881881 ], [ 2995279578283 ],, [ 9565917872099 ],, [ 19197998140861 ],,,,, 
  [ 2511117001, 9050535061, 4578233619961, 8773238139961 ],,, [ 4988526139, 16372322443 ], 
  [ 313549039649, 1085384054473 ], [ 3318660101, 3790604096351 ], [ 92407869640593181 ], 
  [ 5425188721 ], [ 1174692653, 27428093669, 1757944649537 ],,,, 
  [ 6286923551252737, 86401174278540817 ],, [ 49363867083217 ], 
  [ 5376481681, 74159495013421 ],, [ 276780224278193 ],, [ 1429996529677, 23872122602783419 ]
    , [ 267880725641 ],, [ 865833423838553 ],, [ 618684560581 ], [ 26778316441 ], 
  [ 258232347015700051 ], [ 1136754973, 2614285759 ], [ 6788883137, 148169832500033 ],, 
  [ 3786645151, 749562325345522147180951 ],,, [ 198693358645657 ], 
  [ 3576447717643861, 1065342347275352087 ],, [ 2187626774780257, 2460515185553617 ],, 
  [ 2287028039 ],,, [ 26172999323 ],,, [ 234096645268417, 391064763801870449 ],, 
  [ 16326144388299611 ], [ 14060183821, 194173930001 ], [ 2973035860237 ], 
  [ 2090551576680841 ],,, [ 8261585921, 28077688889, 44124925686884921, 25082298178229222209 
     ],,,,,, [ 31216127947 ],, [ 145026438553671841 ],,,, [ 134595220773113 ],, 
  [ 480617791057 ],, [ 6389508299355796033 ],, [ 6022658111 ],, [ 23312577720109 ], 
  [ 1242542999629 ],, [ 2525839471 ], [ 379733981681 ], [ 3154929278299 ], 
  [ 3941788922579387071, 4597968318068726023 ], [ 4096664502499 ],, 
  [ 2171765863, 34709868377407 ], [ 1323946475153, 30478262518211, 135586190839249 ], 
  [ 927495891643 ], [ 116669842442497, 573793096921633 ],,, [ 4058996371 ], [ 3880746870953 ]
   ,,,,,,,, [ 1144656964957876146037 ],,,,,, [ 2415200758025774167 ], [ 54348258373 ],,, 
  [ 803488867558763, 3074619177508293617 ],,,,,, [ 779933479159605902041 ], [ 114026596009 ],
  ,, [ 116532059089 ],, [ 176448793340221789 ],,,,,, [ 9180083925634688939009 ], 
  [ 4806158801 ], [ 132299772366217 ],, [ 3172801601861 ],,, [ 472817014324939 ],, 
  [ 2830637783 ], [ 688897223639740607 ],, [ 30475802149030448437, 64321430686926385657 ],, 
  [ 2092731013 ],, [ 11090908998401 ],,,, [ 7217466553333 ], [ 2606079451 ], 
  [ 66037542534379147 ], [ 12045346867 ],, [ 174417002743 ], [ 8068322641 ],, [ 1578989413 ],
  , [ 2335091733311 ],,,, [ 37888349447895671 ],, [ 21593464381, 8837048709821 ],, 
  [ 795135445635219499 ],,, [ 30178987908461731 ],,, [ 95238712801 ], [ 2675897681 ], 
  [ 5014313831, 4868624384831 ],, [ 218247979824012977 ], [ 2984711321 ], 
  [ 616476000097, 298866192822699877 ],,,,,,,, [ 5083440327160903 ],, [ 85092388073633 ],,,, 
  [ 184334485141057, 51492444159409633 ],,,, [ 57250625689, 2919360911617, 18949237616557 ], 
  [ 1829455591 ], [ 39349265054443 ], [ 6693748561 ],,, [ 13927248619, 463627131871 ],, 
  [ 52645275701 ],,,,, [ 1494810001, 1845960001 ],,,,,,,,, [ 18265964147 ],, 
  [ 456234492734149 ], [ 1603224533 ], [ 16291456963 ],,,,,, [ 50590051121 ], 
  [ 12108275401, 1407051543991, 3211696115191, 19733135575381 ], 
  [ 17921455295561, 73230720051023 ],, [ 13371293505601 ],,,,, [ 1130857488253 ],,, 
  [ 67278691537 ],, [ 37092945107 ],,,,,,,,,,,,,, [ 43542621697 ],, [ 31597647743 ],, 
  [ 6151070122774201 ],,,, [ 22270354929401 ],, [ 651893058169 ],,,, [ 4026475196507 ],,,,,, 
  [ 307347496453, 34436654071933 ],,, [ 16205697251 ],, [ 263314256131 ],,, [ 9515020201 ],,
  , [ 51000150133 ], [ 521381456827969 ],,,,,,, [ 91681090903 ],, [ 1541252173 ],,,,,,,,,,,,,
  ,,,, [ 1211999837501 ],,,,, [ 1294245331 ],, [ 1281386460619 ], [ 370051955110603 ],,,,,,,,
  ,, [ 85064786797 ],,,, [ 2716386373351475633 ],,,,,, [ 3072137859319 ],, [ 65395941161 ],, 
  [ 119975843107 ],,, [ 10823376061, 22100898961 ],,, [ 7610937601 ],, [ 10531495591 ], 
  [ 204155341321 ], [ 7001273734114921 ],,, [ 14748152351 ],,,,, 
  [ 283654553521, 867233306155425301 ],, [ 6602523751 ],, [ 2627478001, 521518377265313 ],, 
  [ 97101062143 ],, [ 902830097513 ],, [ 6702435841 ],,,,, [ 11316678721 ],,, 
  [ 70529357893 ],, [ 113210562401 ],,,,,,,,,, [ 3552635701 ], [ 12022971193 ],,,,, 
  [ 11350660369 ],,,, [ 118471971481 ], [ 534802549357 ], 
  [ 261977864209, 379797902569, 9115508342977 ],,,,, [ 1758091183 ], [ 1937633437 ],,,,,,,,,,
  ,, [ 295757547961, 239174957064961, 711329847873894481 ],,,,,, 
  [ 17924202847, 31505020543, 404313214447 ],, [ 409731510449 ],, [ 1303659815326601 ],, 
  [ 647233821168757, 3231216994678033 ],,,,, [ 14703955219 ], [ 157717821611923 ], 
  [ 487851435347 ],,, [ 4551296213 ],, [ 24024027697633 ],, [ 1748146571 ],,,, 
  [ 3184894261, 109934087401 ], [ 113001890327 ],,,,,,, [ 3731338935526183 ],,,, 
  [ 12044724527557 ],, [ 36092557541 ],,,, [ 1787390377, 2513768161 ],, [ 2886581501 ],,,,,,,
  ,,,,, [ 93716003868060311 ],,,, [ 5598659059717 ],,,, [ 38741626721981 ],,,,,, 
  [ 6460594717, 392244516601901 ],, [ 7055249527 ], [ 96800955319 ],,,, [ 1864152116737 ], 
  [ 5368689481 ], [ 804975885001 ],,, [ 60785933011009 ], [ 15385552823783 ],,,,, 
  [ 24854227549 ],, [ 57222302717414953 ], [ 28930452193, 34525680229 ],,, [ 338816503661 ],
  , [ 806180000221 ],,,, [ 29352650825973612677 ],, [ 100855732993 ],, [ 714101388930101 ],, 
  [ 2489021137 ],, [ 23868901581013 ],, [ 1132370443948481 ],, [ 8995092143, 9572106622229 ],
  , [ 4362024001 ],,, [ 39750382729, 174392416477 ],,,,,,,,,,,,,,, [ 28166131051 ], 
  [ 5716565053 ], [ 167174640641 ],, [ 317034875111 ],,,, [ 7964825427431, 5079175700343697 ]
    , [ 2512392709 ], [ 14092939206893 ],,,,,,,,,, [ 88936996687717 ],, [ 97102354001 ],,,, 
  [ 6708905952977 ],,,,,, [ 8201031331 ], [ 1131927733 ],,,,,, [ 1563169681 ],,, 
  [ 7032032067721 ], [ 3416978659 ], [ 9248132167 ],,,, [ 11803047090859, 321415553173213 ],,
  ,,,,,,,,,,,,,,,,,, [ 62908380331 ],,,, [ 484675926001 ],,,,,,,,, [ 584809070761 ],,,,,,,,,
  , [ 21719612749 ],,,,,,,, [ 1410501082267 ],, [ 26618737939 ],,, [ 59809798397 ],,, 
  [ 39026814191 ],,,,, [ 2447222221 ],,,,,,,,,, [ 3241912301 ],,, [ 25171741687 ],,,,,,, 
  [ 31096015081 ], [ 11371476073 ],,,,,,,,,,,,,,,,,,,,,,,,,,,,, [ 17402988061 ],,,, 
  [ 9690505969 ],,,,,,,,,,,,,,,,,,,,,,,,,, [ 63015984721 ],,,,,, 
  [ 10755310302579529, 43116595393245697 ], [ 2513620033 ],,,,,,,,,,,,, [ 42956370101 ],,,,,,
  ,, [ 2016702419 ], [ 3644266979 ],, [ 7918462927153 ],,,, [ 6396113491 ],,,,,,,,,,,, 
  [ 408109575919 ],,,,,,, [ 673265920969 ],,,, [ 1351553993 ],, [ 966423902701 ],,,,,,,,,,, 
  [ 9496017829, 314177576369 ], [ 25345522567 ],, [ 23484389989 ],,,,,,,,,,,,,, 
  [ 20128000001 ],,,, [ 2343313151 ], [ 205526302633 ],,,,,,,,,, [ 1998032059, 196993778819 ]
   ,, [ 1520478301 ],,,,,, [ 3861039043 ], [ 699142430621 ],,, [ 12428674201 ],,,, 
  [ 31006358777 ], [ 49321670371 ],,,,,, [ 5622427729, 42683861089 ],, [ 1043334997 ],,,,, 
  [ 8035431611 ],,,,,,,,,,,,, [ 6717098249 ], [ 9747095929 ],,,,,,,,,,,,, [ 1310711011 ], 
  [ 8709188203 ],,, [ 6263779620649 ], [ 3308268841, 27836787211, 1125682455721 ],, 
  [ 6551439049 ],, [ 8004633053 ], [ 29603456881 ],,,,,,,,,,,,, [ 1544211373 ],,,, 
  [ 2314659255437 ],,,,,,,,,,,,, [ 20378703421 ],,,,,, [ 53759096737 ], [ 31921922449 ],,,,,,
  ,,,,,,,,,,,,,,, [ 33446775910579 ],,, [ 1141126152313141 ],,,,,,,,, [ 174966550321 ],,,,,,,
  , [ 96932405467 ],,,,,,,,,,, [ 1900295633 ],,, [ 168614044817 ],, [ 15030683233 ],,,,,,,,, 
  [ 2587717471 ], [ 1539589913 ],,, [ 17859611971 ],,,,, [ 31930394761 ],,,,,,,,,,,,,,,,,,,,,
  ,,, [ 119224753129 ],,,,,,,, [ 1146340047077 ],,,,,,,,,,,, [ 1816316041 ],,,,,, 
  [ 418688749823 ],, [ 3751182049 ],,,,,,,,,,,,,,,,,,,, [ 204850258321 ],, 
  [ 6732858497, 68992253051 ],,,,,,,,,,,,,,,, [ 1374003727 ],,,,, [ 11477109463 ],, 
  [ 514393001203 ],,,,,,,,,,,,,,,,,,,,,,,,,, [ 1002736351 ], [ 95322462497 ],, 
  [ 2884258933 ],,, [ 2476601719 ],,,,,,,,,,,,, [ 7627859059 ],,,, [ 10886181643 ],,,,,,,,,,
  , [ 1394217809 ],,,,,,,,,,,, [ 1142484043 ],, [ 2071227157 ],,,, [ 52517929747 ], 
  [ 15466905169, 39126801737 ],,,,,,,,,,,,,,,,,,, [ 2752285231 ], [ 4437373489 ],,,,,,,,,,,,,
  , [ 6809515957147 ],,,,,,, [ 4554734381 ],, [ 181161468343 ],,, [ 1416853513 ],,,,,,,,,, 
  [ 708474511721 ],,, [ 39573963157 ],,,,,,,,,,,,,,,,,,,,,,,,,,,,,,,,,,,,,,,,,,, 
  [ 3287370221 ], [ 610713819193 ],,,,,,,,,, [ 163115355493 ],,, [ 20334011041 ],,,,, 
  [ 20910096043 ],,,,,,,,,,,,,,, [ 7993913509 ],,,,, [ 133127251927 ],,,, 
  [ 8144332237, 12039493132981 ],,,,,,,,,,,,,,,,,,, [ 2170791169 ], [ 8021458853 ],,, 
  [ 1595217977 ],,,,,,,,,,, [ 902385652013 ],,, [ 1954474201 ],,,,, [ 6161554741 ],,,,,,,,,, 
  [ 10135133851 ],,,,,,, [ 9098941273 ],,,,,,, [ 29661547309 ],,,,,,,,,,,,,,, 
  [ 2128440135403 ],,,, [ 5035200439 ],,,,,, [ 284326196233 ],,,,, [ 132220595809 ], 
  [ 508070527031 ],,,,,, [ 37648173949 ],,,,,,,, [ 3124355893, 40702919449 ],, 
  [ 25340618507 ],,,,,,,,,,,,, [ 38584011133 ],,,,,,,,, [ 472664747341 ],, 
  [ 5995113731, 66071304461 ],,,,,, [ 21191419841 ], 
  [ 4075212277, 148927278727, 18108341322481 ],,,,,,, [ 1072039333 ],,,,,,,,,,,,,,, 
  [ 5390211235627 ],,,,,, [ 16350716411 ],,,,, [ 3415148101 ],,, [ 6487799599 ],,,,,,,,, 
  [ 6073704541 ],,,, [ 39256067647 ],,,,,, [ 2488863173 ],,,,,,,,,,,,,,,, [ 214849843657 ],,,
  ,,,, [ 277690370161 ],,,,,,,,,,,,,,, [ 326632597801 ],, [ 2035375417 ],,,,,, 
  [ 2083687919 ],,,,,, [ 2410915937 ],, [ 20684126893 ],,,,,,,, [ 22169261629 ],, 
  [ 1175118121 ],,,,,,,, [ 6618353449 ],,,,,,,,,,,,,,,,,,,,,,,,,,,,,,,,,,,,,,,, 
  [ 1667245849 ],,,,,,,,,,,, [ 210881655793 ], [ 129982431763 ],,, [ 91936536301 ],,, 
  [ 985791773413 ], [ 1115919521 ],,,,,,,,,,,,,,,,, [ 8573798899 ], [ 3698339453759 ],,,,,, 
  [ 49159528097 ],,,,, [ 1357377211 ],,,,, [ 82533432077 ],,,,,, [ 7366425953 ],,,, 
  [ 2765526373 ],,,,,,,,,,,,,, [ 216925132639 ], [ 31974166813 ],,,,, [ 14913943001 ], 
  [ 11231663293 ], [ 7924768391 ],,,,,,,, [ 112327322581 ],,,,,,, [ 2135696488841 ], 
  [ 3158848697 ],,,,,,,,,, [ 4526270029 ],,,,,,,,,,,,,,,,,, [ 40563922541959 ],,,,,,,,,,,,,,,
  ,,,,,,,,,,,,,,,,,, [ 1446295033 ], [ 9485361817, 154777187377 ],,,,,,,,,, 
  [ 1331930481499 ], [ 1168829191 ],,, [ 261505687327 ],, [ 86655913121 ],,,,,,,, 
  [ 97470885697 ],, [ 34901488441 ],, [ 10834558877 ],,,,,,,,,,,,,, [ 7480580411 ],,,, 
  [ 1666611647 ],,,,,,, [ 6022632799 ],,,,, [ 27071455339 ],,,,,,, [ 6728947219 ],,, 
  [ 1610148049 ],,,,,,,,,,,,,,,,,,,,,,,,,, [ 61398806459 ], [ 159532761301 ],,,,,,,,,,,,, 
  [ 2326926961 ],,,,,,,,,, [ 6675818059 ],,,,,,,,,,,, [ 3157201639 ],,,,,,,,,, 
  [ 19304596777 ],,,,,,,,,,,,,, [ 1071279991 ],,,,,, [ 4445038897489 ],,,,,,,, 
  [ 8244421217 ],,,,,,,,,, [ 19356816253 ], [ 1916135917 ], [ 7800253501 ],,,,,,,,,,,,,,,,, 
  [ 410451191611 ],,,,,,,,,,,, [ 13069382509 ],,, [ 33939675361 ],,,,,, [ 26957222029 ],,,,,,
  ,,,,,, [ 6718135537 ],,,,,,,,,, [ 65262887233 ],,,,, [ 11464863247 ],,,,,,,,,,,,,,, 
  [ 3766180837 ],,,,,,,, [ 74690650944677 ],,,,,, [ 609089405341 ], [ 2970807271 ],,,,,,, 
  [ 4423188881 ],,,,,,,, [ 2852847478441 ],,,,,,,,,,,,,,,,,, [ 102032933329 ],,,,,, 
  [ 1051537033 ],,,,,,,,,,,,,,,,,,,, [ 1518004277 ],,,,,,,,,, [ 16517709217 ],,,,,,,, 
  [ 4430332667801 ],,,,,,,,,, [ 3071014741 ],,,,,,,,,,,,,,, [ 1293723994501 ],,, 
  [ 5422933189, 18290929933 ],,,,,,,,,,,,,,,,,, [ 12022974181 ],,,,,,,,,,,,,,,, 
  [ 4032544970983 ],,,,,,,,,,,,,,,, [ 4712428397 ], [ 10161816703 ], [ 7771064681 ],,,,,, 
  [ 3934971199 ],,,,, [ 98931568789 ],,,, [ 13439614651 ], [ 5774958713 ],,,,,,,,,,,,,,,, 
  [ 2782113337 ],,,,,,,,,,,,,, [ 39649877177 ],,,,,,,,,,,, [ 50436670621 ],,,,,,,, 
  [ 2086800733 ],, [ 2083987021 ],,,,,,,, [ 2019186157 ],,,,,,,,,,,,,,,, [ 2635739569 ],,,, 
  [ 1777098041 ],,,,,,,, [ 18132879649 ],,,,,, [ 4852468441 ],,,,,,,,,,,,,,,,,,,,,,,,,,,,,,,,
  ,, [ 2384613841 ],,,,,,,,,,,,,,,,,,,,,,,, [ 1262880097 ],,,,,,,,,, [ 1026513577 ],,,,,,,,,
  , [ 1209263521 ],, [ 6576231901 ],, [ 1454775430033 ],,,,,, [ 17822046659 ],,,,,,,,,,,,,,,,
  ,,,,,,,,,,,,,,,,,,,,,,,,,, [ 2177823601 ],,,,,,,,,,,,,,,,,,,,,,,,,,,,,, [ 111351408001 ],,,
  ,,,,,,,,,,, [ 24098232913 ],, [ 133705642769 ],,,,,,,,,,,,,,,,,,,,,,,,,,,,,, 
  [ 1388247533 ],,,,,,,,,,,,,,,,,,,,,,,,,,,,,, [ 61385862667, 96982970167 ],,,, 
  [ 11776625251 ],,,,,,,,,,,,,,,,,,,,,,,,,,,,,, [ 2468606208301 ],,,, [ 6046874473 ],, 
  [ 1381364839, 7743878983 ],, [ 8826728041 ],,,, [ 93186247311361 ],, [ 1594520689 ],,,, 
  [ 378645590359 ],,,,,,,,,,,,,, [ 3979614257 ],,,, [ 2342764873, 1537355131561 ],,,,,,,,,,,,
  ,,,,,,,,,,,,,,,, [ 1967832593 ],,,,,,,, [ 1082369089 ],, [ 1903206119 ],,,,,,,,,, 
  [ 40034262337 ],,,, [ 6540218693 ],,,, [ 11168991029393 ],,,, [ 11122526689 ],,,,,,,,,,,,,,
  ,, [ 7441188457 ],,,,,,,,,,,,,,,,,,,,,,,,,,,,,,,,,,,,,,,,,, [ 67446040693 ],,,,,,,,,,,,,,,,
  ,,,,,,,,,,,,,,,,,,,, [ 28752499751 ],,,,,,,,,,,,,, [ 7554097153, 8333409793 ],,,,,,,,,,,,,,
  ,,,, [ 633912031381 ],,,,,, [ 42077900521 ],,,,,,,, [ 85312220353 ],,,,,,,,,,,,,, 
  [ 3489203401 ],, [ 2105779537 ],,,,,,,, [ 28292883961 ],,,,,,,,,,,,,,,, [ 1199135209 ],,,,,
  ,,,,, [ 10066809061 ],, [ 6148002709 ],,,,,,,,,,,,,,,, [ 1737028313 ],,,, [ 6625596961 ],,,
  , [ 3410963461 ],,,,,,,,,,,,,,,,,, [ 290454267751 ],,,,,,,,,,,,,,,,,,,,,,,,,,,, 
  [ 58827505621 ],, [ 36503017741 ],, [ 52772256653 ],,,,,,,,,,,, [ 13967623301 ],,,,,,,,,, 
  [ 134025240301 ],,,,,,,,,, [ 9849474757, 123774255793, 11249425060127 ],,,, [ 1482441143 ],
  ,,, [ 3587847163 ],,, [ 2218057381 ], [ 1269907741 ],,,,,,,, [ 4186875223 ],,,,,,,,,,,,,,,,
  ,,,,,,,,,,,,,,,,,,,,,,,,,,,,,,,,,,,,,,,,,,,, [ 6193645993 ],,,,,,,,,,,,,,,,,,,,,,,,,,,,,,,,
  ,,,,,,,,,,,,,,,,,,,,,,,,,,,,,,,,,, [ 7982467201 ],,,,,,,,,,,, [ 6248944587649 ],,,,,, 
  [ 92842391647 ],,,,,,,,,,,,,,,,,, [ 14881937113 ],,,,,,,,,,,,,,,,,,,,,,,,,,,,,,,,,,,,,,,,,
  , [ 4677441331 ],,,,,,,,,,,,,,,,,,,,,,,,,,,,,,,,,,,,,,,,,,,,,,,,,,,,,,,,,,,,,,,,,,,,,,,,,, 
  [ 5491532257 ],,,,,,,,,,,,,,,,,,,,,,,,,,,,,,,,,,,,,,,,,, [ 1297843933 ],,,, 
  [ 3107698309, 65581505443 ],, [ 90628822001 ],,,, [ 50742780889 ],,,, [ 4086638977 ],,,,,,,
  ,,,,, [ 12120966961 ],,,,,,,,,,,,,,,,,,,,,,,,,,,,,,,,,,,,,, [ 32891895973 ],,,,,,,,,,,,,,,,
  ,,,,,,,,,,,,,, [ 39902240737 ],, [ 4992958931 ],,,,,,,,,,,,,,,,,,,,,,,,,,,, 
  [ 445196013762121 ],,,,,, [ 105546975049 ],,,,,,,,,,,,,,,,,,,,,,,,,,,,,,,,,,,,,, 
  [ 11274703021 ],,,,,,,,,,,,,,,, [ 7123432447 ],,,,,,,,,,,,,,,,,,,,,,,, [ 1539445339 ],,,,,,
  ,,,,,,,,,,,,,,,,,,,,,, [ 98317971571 ],,,,,,,,,,,,,,,,,,,,,,,,,,,,,,,,,,,,,, 
  [ 3185203321 ],,,,,, [ 212010458899 ],,,,,,,,,,,,,,,,,,,,,,,, [ 7735794601 ],,,,,,,,,,,,,,,
  ,,,,,,,,,,,,,,, [ 3973146337 ],, [ 29919838691 ],,,,,,,,,,,,,,,, [ 117406407271 ],,,,,,,,,,
  ,,,,,,,,,,,,,,,,,,,,,,,,,,,,,, [ 1189410199069 ],,,, [ 50727102331 ],,,,,,,,,,,,,,,,,,,,,,,
  ,,,,,,,,,,,,,,,,,,,,,,,,,,,,,,,,,,,,,,,,,,,,,,,,,,,,, [ 24451649767 ],,,,,,,,,,,,,,,,,,,,,,
  ,,,,,,,, [ 684195088319641 ],,,,,,,,,,,, [ 607958663749 ],,,,,,,,,,,,,,,,,,,,,,,,,,,,,,,,,,
  ,,,,,,,, [ 12592162501 ],,,,,,,,,,,, [ 218099524543 ],,,,,,,,,,,,,,,,,,,,,,,, 
  [ 47332198831, 96193804633 ],,,,,, [ 2698313041 ],,,,,,,,,,,, [ 2091648973 ],,,,,,,,,,,,,,,
  , [ 2064358294961 ],,,,,,,,,,,,,,,,,,,,,,,,,, [ 36058491613 ],,,,,,,,,,,,,,,,,,,,,,,,,,,,,,
  ,,,,,,,,,,,,,,,,,,,,,,,,,,,,,,,,,,,,,,,,,,,,,,,,,,,,,,,,,,,,,,,,,,,,,,,, [ 18489398269 ],,,
  ,,,,,,,,,,,,,,, [ 20712654481 ],,,,,,,,,,,,,,,,,, [ 4571462761 ],,,,,, [ 4237488001 ],,,,,,
  ,,,,,,,,,,,,,,,,,,,,,,,,,,,,,,,,,,,,,,,,,,,,,,,, [ 1928369917 ],,,,,,,,,,,,,,,,,,,,,,,,,,,,
  ,, [ 2478851227, 3685930562221 ],,,,,,,,,,,,,,,,,,,,,,,,,,,,,,,,,,,,,,,,,, [ 1875095749 ],,
  ,,,, [ 1434642763 ],,,,,,,,,,,, [ 5083023619 ],,,,,,,,,,,,,,,,,,,,,,,,,,,,,,,,,,,,,,,,,,,,,
  ,,,,,,,,,,,,,,, [ 1010920369 ],,,,,,,,,,,,,,,, [ 174228310621 ],,,,,,,,,,,,,,,,,,,,,,,,,,,,
  ,,,,,,,,,,,,,,,,,,,,,,,,,,,,,,,,,,,,,,,, [ 46022910499 ],,,,,,,,,,,,,,,,,,,,,,,,,,,,,,,,,,,
  ,,,,,,,,,,,,, [ 1038440209, 89515272001 ],,,,,,,,,,,,,,,,,,,,,,,,,,,,,,,,,,,,,,,,,,,,,,,,,,
  ,,,,,,,,,,,,,,,,,,,,,,,,,,,,,,,,,,,,,,,, [ 12136427689 ],,,,,,,,,,,,,,,,,,,,,,,,,,,,,,,,,,,
  ,,,,,,,,,,,,,,,,,,,,,,,,,,,,,,,,,,,,,,,,,,,,,,,,,,,,,,,,,,,,,,,,,,, [ 2900242651 ],,,,,, 
  [ 159545639569 ],,,,,,,,,,,,,,,,,,,,,,,,,,,,,,,,,,,,,,,,,, [ 2931038587, 102003393241 ],,,,
  ,,,,,,,,,,,,,,,,,,,,,,,,,,,,,,,,,,,,,,,,,,,,,,,,,, [ 1201116781 ],,,,,, [ 1356972709 ],,,,,
  ,,,,,,,,,,,,,,,,,,,,,,,,,,,,,,,,,,,,,,,,,,,,,,,,,,,,,,,,,,,,,,,,,,,,,,,,,,,,,,,,,,,,,,,,,,,
  ,,,,,,,,,,,,,,,,,,,,,,,,,,,,,,,,,,,, [ 19687070857 ],,,,,,,,,,,,,,,,,,,,,,,,,,,,,,,,,,,,,,,
  ,,,,,,,,,,,,,,,,,,,,,,,,,,,,,,,,,,,,,,,,,,,,,,,,,,,,,,,,,,,,,,,,,,,,,,,,,,, [ 6119042113 ],
  ,,,,,,,,,,,,,,,,,,,,,,,,,,,,,,,,,,, [ 122485620637 ],,,,,,,,,,,,,,,,,,,,,,,,,,,,,,,,,,,, 
  [ 2126013121, 2566772209 ],,,,,,,,,,,,,,,,,,,,,,,,,,,,,,,,,,,,,,,,,, [ 2072981359 ],,,,,,,,
  ,,,,,,,,,,,,,,,,,,,,,,,,,,,,,,,,,, [ 4204346749 ],,,,,,,,,,,,,,,,,,,,,,,,,,,,,,,,,,,,,,,,,,
  ,,,,,,,,,,,,,,,,,,,,,,,,,,,,,,,,,,,,,,,,,,,,,,,,,,,,,,,,,,,,,,,,,,,,,,,,,,,,,,,,,,,,,,,,,,,
  ,,,,,,,,,,,,,,,,,,,,,,,,,,,,,,,,,,,,,,,,,,,,,,,,,,,,,,,,,,, [ 341714058968173921 ],,,,,,,,,
  ,,,,,,,,, [ 3906007309 ],,,,,,,,,,,,,,,,,,,,,,,,,,,,,,,,,,,,,,,,,,,,,,,,,,,,,,,,,,,,,,,,,,,
  ,,,,,,,,,,,,,,,,,,,,,,,,,,,,,,,,,,,,,,,,,,,,,,,,,,,,,,,,,,,,,,,,,,,,,,,,,,,,,,,,,,,,,,,,,,,
  ,,,,,,,,,,,,,,,,,,,,,,,,,,,,,,,,,,,,,,,,,,,,,,,,,,,,,,,,,,,,,,,,,,,,,,,,,,,,,,,,,,,,,,,,,,,
  ,,,,,,,,,,,,,,,,,,,,,,,,,,,,,,,,,,,,,,,,,,,,, [ 1528867033, 1701384721 ],,,,,,,,,,,,,,,,,,,
  ,,,,,,,,,,,,,,,,,,,,,,,,,,,,,,,,,,,,,,,,,,,,,,,,,,,,,,,,,,,,,,,,,,,,,,,,,,,,,,,,,,,,,,,,,,,
  ,,,,,,,,,,,,,,,,,,,,,,,,,,,,,,,,,,,,,,,,,,,,,,,,,,,,,,,,,,,,,,,,,,,,,,,,,,,,,,,,,,,,,,,,,,,
  ,,,,,,,,,,,,,,,,,,,,,,,,,,,,,,,,,,,,,,,,,,,,,,,,,,,,,,,,,,,,,,,,,,,,,,,,,,,,,,,,,,,,,,,,,,,
  ,,,,,,,,,,,,,,,,,,,,,,,,,,,,,,,,,,,,,,,,,,,,,,,,,,,,,,,,,,,,,,,,,,,,,,,,,,,,,,,,,,,,,,,,,,,
  ,,,,,,,,,,,,,,,,,,,,,,,,,,,,,,,,,,,,, [ 1927932553 ],,,,,,,,,,,,,,,,,,,,,,,,,,,,,,,,,,,,,,,
  ,,,,,,,,,,,,,,,,,,,,,,,,,,,,,,,,,,,,,,,,,,,,,,,,,,,,,,,,,,,,,,,,,,,,,,,,,,,,,,,,,,,,,,,,,,,
  ,,,,,,,,,,,,,,,,,,,,,,,,,,,,,,,,,,,,,,,,,,,,,,,,,,,,,,,,,,,,,,,,,,,,,,,,,,,,,,,,,,,,,,,,,,,
  ,,,,,,,,,,,,,,,,,,,,,,,,,,,,,,,,,,,,,,,,,,,,,,,,,,,,,,,,,,,,,,,,,,,,,,,,,,,,,,,,,,,,,,,,,,,
  ,,,,,,,,,,,,,,,,,,,,,,,,,,,,,,,,,,,,,,,,,,,,,,,,,,,,,,,,,,,,,,,,,,,,,,,,,,,,,,,,,,,,,,,,,,,
  ,,,,,,,,,,,,,,,,,,,,,,,,,,,,,,,,,,,,,,,,,,,,,,,,,,,,,,,,,,,,,,,,,,,,,,,,,,,,,,,,,,,,,,,,,,,
  ,,,,,,,,,,,,,,,,,,,,,,,,,,,,,,,,,,,,,,,,,,,,,,,,,,,,,,,,,,,,,,,,,,,,,,,,,,,,,,,,,,,,,,,,,,,
  ,,,,,,,,,,,,,,,,,,,,,,,,,,,,,,,,,,,,,,,,,,,,,,,,,,,,,,,,,,,,,,,,,,,,,,,,,,,,,,,,,,,,,,,,,,,
  ,,,,,,,,,,,,,,,,,,,,,,,,,,,,,,,,,,,,,,,,,,,,,,,,,,,,,,,,,,,,,,,,,,,,,,,,,,,,,,,,,,,,,,,,,,,
  ,,,,,,,,,,,,,,,,,,,,,,,,,,,,,,,,,,,,,,,,,,,,,,,,,,,,,,,,,,,,,,,,,,,,,,,,,,,,,,,,,,,,,,,,,,,
  ,,,,,,,,,,,,,,,,,,,,,,,,,,,,,,,,,,,,,,,,,,,,,,,,,,,,,,,,,,,,,,,,,,,,,,,,,,,,,,,,,,,,,,,,,,,
  ,,,,,,,,,,,,,,,,,,,,,,,,,,,,,,,,,,,,,,,,,,,,,,,,,,,,,,,,,,,,,,,,,,,,,,,,,,,,,,,,,,,,,,,,,,,
  ,,,,,,,,,,,,,,,,,,,,,,,,,,,,,,,,,,,,,,,,,,,,,,,,,,,,,,,,,,,,,,,,,,,,,,,,,,,,,,,,,,,,,,,,,,,
  ,,,,,,,,,,,,,,,,,,,,,,,,,,,,,,,,,,,,,,,,,,,,,,,,,,,,,,,,,,,,,,,,,,,,,,,,,,,,,,,,,,,,,,,,,,,
  ,,,,,,,,,,,,,,,,,,,,,,,,,,,,,,,,,,,,,,,,,,,,,,,,,,,,,,,,,,,,,,,,,,,,,,,,,,,,,,,,,,,,,,,,,,,
  ,,,,,,,,,,,,,,,,,,,,,,,,,,,,,,,,,,,,,,,,,,,,,,,,,,,,,,,,,,,,,,,,,,,,,,,,,,,,,,,,,,,,,,,,,,,
  ,,,,,,,,,,,,,,,,,,,,,,,, [ 6806205841 ] ]);
