BRENTFACTORS[8850]:=MakeImmutable([ ,,,,,,,,,,,, [ 10296947831, 36360689483 ],, 
  [ 87008832751 ],,,, [ 277893496729, 334414663441 ],,, [ 2440229243 ], 
  [ 1234129285061513990959 ],, [ 19087751201, 5432950162510029149991777551 ], 
  [ 4901049011, 353286072968999 ], [ 645558345667 ],, 
  [ 4845276622545698145370127, 348949722569807610813673180639 ], [ 1971711751 ],, 
  [ 13244248001, 201434164253315681 ], [ 31609301595687292335276638221 ],, 
  [ 19532662875181, 86875824310661, 9079408497549251 ],, 
  [ 10299593510155321, 6837370174060126013806421 ], [ 437059506246899363551 ], 
  [ 119376722808799, 21164078982516533214839577281847001 ], [ 139709056173961 ], 
  [ 2342343628185013884283 ],, [ 303163207709 ], [ 1122314422938589, 346717362459647746997 ],
  [ 105165078834035436827555834248250421378181 ], 
  [ 2167088153, 6360819557, 15909971563, 5583796694208693029 ], [ 366752987443798340579 ], 
  [ 258021863804620177 ], [ 9603487112424871 ], [ 798493895806968869951 ],, 
  [ 58079436187478144841463695713 ],,, [ 45223237345339351 ], 
  [ 56649540788233, 2960074167498236507107817, 554512869050602996092517337 ], 
  [ 1722967159, 19405757647973581, 4517299905983368788637291022213888213255447215447 ], 
  [ 1656185611249447, 3110046780844479031 ],,,, 
  [ 5449048608733, 640544918072929651, 86500409595983911904259788063 ], 
  [ 1913056741, 4335529140664219, 266453970837825583, 16012083984280474583563027286743 ], 
  [ 2719756673, 12289608143041, 114913364656488145049894267413402433 ], 
  [ 133052165823686180122871 ],, [ 2321077249, 3966933991, 4277949693009217 ], 
  [ 8312466677 ],,,, [ 1236314174257 ], [ 1689016331, 97127050873166627 ], 
  [ 1166266732400989 ], [ 19950944701 ],, 
  [ 2455464551, 17063745161, 193686751242574591, 172745509112956769837, 
      150472311914879452541872291, 353806734509295922430122471 ], 
  [ 167549566650965071, 694957552909609540571320955028022351 ], [ 4707584984127282371167 ], 
  [ 69405713941546125367353365651128073959994561 ],, 
  [ 339565759679911, 4441879184393239, 31014444271164376928629 ], 
  [ 2895158928641767, 223283453679601727, 3996781899523269839, 821772609000177487811 ], 
  [ 162671997886357 ],,, [ 868090092104828311582363 ], [ 152356514608321 ],, 
  [ 32714460382411, 142494927513031 ],, [ 17754433487113, 41541556613833 ], 
  [ 69003773604477043 ], [ 1104745652631294726346739 ], 
  [ 47129091906791, 17466128892646561, 521597159691277781, 17427358861313772784081 ],, 
  [ 20769294146076542621 ],, [ 194218683517 ], [ 45239279937341376101 ], [ 80867720299 ], 
  [ 59361485760937147, 181645486453694654593 ],, [ 13198155861277860617 ], 
  [ 1326627751, 2596626924207255209131 ], [ 45297304891 ],, [ 129472573177 ], 
  [ 2988360986060999, 3562998100318552033 ], [ 1451284451, 40303740841777271 ],,, 
  [ 54485629427576920533353 ],,, [ 3026499593632396657 ], 
  [ 18855297631, 10474582312982138000270437441 ], [ 3041838221, 1325423830924385587 ], 
  [ 3918307397243 ],, [ 11600356879, 472979104621, 106441068628520956537159943 ], 
  [ 485602312245093093461 ], [ 171820510687429, 6393583426298033054857 ],, 
  [ 832671002026001 ], [ 21318085586071, 21343490903895791890057849 ],, 
  [ 21347108353, 347799236737, 42114128695302017 ],, 
  [ 985961422031, 396797111548182671, 55957378399993546782541, 444176542076879099685341, 
      222073816930066143557567896625862341 ], [ 4130662275577, 2168200898827427 ], 
  [ 4701517610846893 ], [ 129204523141 ],, [ 3419952301 ], [ 428378007365891084681 ],, 
  [ 18586252207 ], [ 16918055849 ], [ 10289459113628413181 ],,, [ 18676162649 ], 
  [ 48156788882947564513 ], [ 3586671103681, 165529799375991494201 ], 
  [ 11412950487177438547811 ], [ 5345355149529949 ], [ 9492156269 ], 
  [ 1414561301, 35421569149 ], [ 141041982353242691438551 ], 
  [ 1191535121873, 362445709778447957, 14054175662125496621, 8696626099857079520977 ], 
  [ 183682667809, 12052371947044755773297, 41863384428474299188009, 
      2832782454396283013531593 ], [ 22742489467, 153170904342356911 ],,, 
  [ 3462225819969956737309 ], [ 2046307229 ], [ 12929434580993071 ], 
  [ 14512211001047788314513499 ], [ 135147785281, 4540623438516646721 ], [ 1357070933 ],, 
  [ 5496232875323, 1667726595599599 ], [ 49787494223893 ], 
  [ 1097599710836641, 202627349233067796841 ], [ 226145924329953347475781 ],, 
  [ 614883273588393590059598593 ], [ 508880707037, 1258034540013733, 37665717438238397 ], 
  [ 154209535816146334411 ], 
  [ 19598381720479, 63077264854643892007, 10417083215949463251900817 ], [ 1872705250357 ], 
  [ 2672706417613 ],, [ 1015611101, 417084767951251 ], [ 268506055313 ],,, 
  [ 33693812969, 3663977194287690103 ], [ 31481915100481 ],,,, [ 1630400510239841 ], 
  [ 13038359344475141 ],, [ 44480098631 ], [ 59922199231649, 196081363543492440440815753 ], 
  [ 96267499616737 ],,, [ 9318542209 ], [ 182397042072864947, 822507208206941629576871 ],, 
  [ 16399686876691, 811990837485125018986591 ],, [ 2268557047, 4310923027, 660959382433901 ],
  , [ 1171104279368625073 ], [ 23713671100634116801 ], [ 276820176811 ], 
  [ 3013046747, 5927094101, 4293516383347042871 ], [ 457603780243 ],,, [ 502362950807 ],, 
  [ 409134888818657 ],, [ 239099585949436990995906039331 ],, 
  [ 2448229371001, 9856571695093037 ],,,, [ 838361180257399369 ], [ 2505610031 ], 
  [ 308609114744977 ], [ 68307177481, 146939695286557 ], 
  [ 39573730901, 37582867004981, 191791070749301, 46385501435419961, 86515818817805521, 
      220767185758325955230021 ], [ 40961040797 ],, [ 139561124424749 ], 
  [ 83230842199009, 36423066018871841 ], [ 676177592401, 3674743575301 ],,, 
  [ 886287369123449789648689 ], [ 14621726295563143, 19133597023852889 ],, 
  [ 1268725097508793, 7775232994989769, 10012966577434129, 3397652520387149203411 ], 
  [ 183748611001, 28659529920365137 ],, [ 474679995492428857, 979121572983790045291 ],, 
  [ 1168588693 ],, [ 15072080899, 48148394742421, 2138641095201132229 ],,, [ 8057355893 ], 
  [ 209739330901 ],, [ 378616567781, 76699343864424687152143289 ], 
  [ 659789031983131, 2740422696706502221 ],,, [ 575349876889 ], [ 4054855032139 ], 
  [ 62043651306787464697501 ], [ 119588004233 ], [ 1074924901, 218588230253991991516658641 ],
  [ 6714533151173, 22238211200480139019 ], [ 3941839463, 22628021292122196321013 ],, 
  [ 289549759196161 ], [ 1574534734952483 ],, [ 2135660129 ],, 
  [ 10721242116523, 52670521406089 ], [ 6839715671 ], [ 1229151726887801 ], 
  [ 374464236370795561, 66245191982680008409 ], [ 1267024250291, 42451483828405871 ], 
  [ 61949216192686621 ],,,, [ 8594509236571 ], [ 26627960125867 ], 
  [ 3112738575175636371361 ], [ 15256937902173096949 ],,, [ 92335763017, 176178631659253 ],, 
  [ 1684760899, 44399053351 ], [ 71824712077, 12148239260359 ], [ 1067894028041 ], 
  [ 9494427926501399472431 ], [ 3650257250396167673497 ],,,, [ 6651152816023 ], 
  [ 1905552716127383 ], [ 1586559722401, 3336636022752721868353 ],,,, [ 46170510313 ],,,, 
  [ 7215519070633, 3332108274616804121 ],, 
  [ 6555814762497922133, 166683861168463507281735559 ],, [ 48875890683032626501 ],, 
  [ 529223944876919235773, 3167979303314222311425473 ],, [ 7412672580737 ], [ 50768537101 ],
  , [ 1708483615471 ], [ 483545915548081 ],, 
  [ 95003699251631, 13969682077581331, 643709028517210211, 5062277815142471833070851 ], 
  [ 255838462433 ],,,, 
  [ 649513281691, 6690638940375601, 22197667162226221, 284779026875792057491 ],,, 
  [ 6426434653, 244925728301554831 ],, [ 5497372481, 13833636083807870401 ],, 
  [ 899428976464649, 37088627089044164201 ],, [ 43158346129, 155814961501, 363413940706981 ],
  ,,,, [ 11787161940919 ],,, [ 2452000277, 664788381809 ], [ 2949673880001493 ],,,,,,, 
  [ 25914494254653541 ],, [ 42730098337 ],, [ 6497544241, 1332193751922961 ], 
  [ 31756815768538291, 53544228820731830011 ], [ 4058294551, 553559392403 ], 
  [ 30672831781301 ], [ 19983719302741, 33941042469435601229281 ], 
  [ 79820230439, 229986897157 ],,, [ 37871905633, 425011679137 ], [ 55537089387361 ], 
  [ 962176460581249 ], [ 73398014351, 113951037245761 ], [ 8523107608849 ], 
  [ 1806080692326667 ],,, [ 172050772593978001 ],, [ 2936291556523823 ],, [ 13189155447833 ],
  , [ 9572152087 ], [ 15045505577 ], [ 5073113997865153 ],, [ 1937409911 ],, 
  [ 8479955308360436917 ],,, [ 15701359073251 ],,, [ 11140788331 ],,,, 
  [ 28094664583813, 470179497809401 ],, [ 59067616513, 162780923189377 ],, [ 408640816877 ],
  , [ 8065394801 ], [ 21172036871, 43898779265957249 ], [ 14727705945811, 75680442298501 ], 
  [ 93057385349 ], [ 7781000473, 20919014380769 ], [ 20848025030179 ],, [ 7526906701 ],, 
  [ 2643617443 ],, [ 15512291677, 79729892945152381 ], 
  [ 138864881201, 2355722086801, 50609343921762401 ],, 
  [ 3302527687, 61232892172591, 1898600126331193, 200942470412885083 ], [ 8996146373969 ],, 
  [ 4284916201 ],,,,,,, [ 3524199797 ],, [ 21512641083139 ], [ 980091252221 ], 
  [ 4896855482050386401 ],, [ 1150643092823269, 275082914259914531 ], 
  [ 64805346700638719797 ], [ 437325585901 ],, 
  [ 3281528224327, 14427974545081, 71057041654069, 2706865178602769 ],,, 
  [ 23922677101, 3429888452251 ], [ 183755788604293, 4169366329960261, 606948744351554401 ],,
  ,, [ 4494508827418681 ], [ 42176860927, 96648312415547, 642921765433393 ], 
  [ 1132726157960401 ], [ 154890202703 ],,, [ 2315980180507073, 101624138938180913 ], 
  [ 13221827875237 ], [ 566322261601, 62253312722059938709, 134784057881994875191 ],, 
  [ 219214762801 ], [ 51698641681, 86719491559 ],,, [ 4168340514850779121 ], 
  [ 59119431713521, 62165908211141221 ], [ 11269696589 ],,,,,,, [ 512661613593499 ],,,,,, 
  [ 407894427757 ],,, [ 211657026645554491 ],,,,,,,, [ 9494354887556103881 ],,, 
  [ 1837801769 ],, [ 56609051984351 ],, [ 138292349610016279 ], 
  [ 4548392749, 1559306671132247 ], [ 2614685687 ], [ 402287587239758881 ], [ 8911213793 ], 
  [ 201728964856394713 ],, [ 33921521393, 6061405217948557093 ],,, 
  [ 19963464036179, 38069891134273 ],,,,,,, [ 30246504697469581, 141509834876270789371 ],, 
  [ 207706964104049315537, 565162337453042180513 ],, [ 1492613071, 7728507245293 ],,, 
  [ 8091072558056263 ], [ 2002290863424115695173 ],, [ 246285427013539498873 ],, 
  [ 1567061761, 23397774973, 30419848479263 ], [ 2580366361 ], 
  [ 164014212259973, 1839875089346857, 227732212922560609 ],, [ 90597608701, 303585018931 ],
  , [ 1209266689 ], [ 9835904083375063 ],,, [ 1095396793, 1702111657 ],,,,,,,, 
  [ 76807212077, 1753808374617899203081 ],,,,,,,,,,,,, [ 94515921850621 ], 
  [ 100061192149, 4212968461714583 ], [ 2189670294043 ],, [ 14279592211 ],,,,,,, 
  [ 1580029769, 220354260073 ],, [ 655994908801 ],,, [ 76306434961 ],,, 
  [ 7574647371278853713 ],,,, [ 8393283726241 ], [ 224863766359 ], 
  [ 120313095443, 446032572869949739 ],,,, [ 333585926249, 469423695143309638619 ],, 
  [ 19512221137, 928193466771870521, 1144628332474406281 ],,, [ 598852393313 ],,, 
  [ 1838398650271 ], [ 4695743251 ], [ 22928395393, 145148322105793 ],,,,,,,, 
  [ 617471655458017, 7314405436643713 ],, 
  [ 1183404310667, 157505315125469, 32245254380284228571 ], [ 1575355381 ],,, 
  [ 8931117075121 ],,,, [ 1595349025696666011223 ],, 
  [ 44740107371222729, 218574611099820289 ],,, [ 2792175007 ], [ 410242344601 ],,,,, 
  [ 3041556431 ], [ 5318858971, 47881351993, 133652171243191, 39002645301108673 ],,,, 
  [ 166682880031 ],,,, [ 157245273517 ],, [ 4104809017 ],, [ 9668088287491 ],, 
  [ 2328576781 ],, [ 35603855351 ],, [ 1608851089 ],,,,,, [ 337814318238391 ],,,,,, 
  [ 1506020653 ],,,, [ 3682384001, 122234249383681 ],,,, [ 4928158481 ], [ 20211806431 ], 
  [ 70277712430381 ],, [ 1168220098227529 ],, [ 1334587073951, 409694139502051 ],,,, 
  [ 19081012474009 ], [ 84173898041 ], [ 98671522993 ],,,,,,,,, [ 4120281481 ],,,,, 
  [ 2802673964669521 ],, [ 1153375777, 1451003233, 4038435073 ],,,,,, [ 6214886823721 ],,,,,,
  ,,,,,,,,,,,,,,,,,,,, [ 69921843991297 ],,,, 
  [ 6712604145308106596689, 290338046933885423168233 ],, [ 631362754361 ], [ 509619051847 ],,
  , [ 4304522503 ],,,, [ 104746570301753 ],, [ 25204741201 ],,,, 
  [ 2288498117, 508969201824709 ],, [ 315207989911, 10811814651133 ],,, [ 7797933667 ], 
  [ 984624364271 ],,,,, [ 5848761031, 2379774246151 ], [ 54351655489, 1041499892737 ],,,,,,,,
  ,,,, [ 13430007889, 2248620811889 ], [ 104373376199 ],,,,,,,,,,,,,, [ 2891637239 ], 
  [ 3776065548173 ],,,,,,,,,,,, [ 93017051024921 ], [ 3176225263 ], [ 100687877749 ], 
  [ 2710341983, 20870991371 ],,,,, [ 19464853289729 ],,,, [ 349715035129, 481582066153 ],, 
  [ 6233525719151, 22102932657511 ],,,,,,,,,,,,,,,,, [ 1472468341 ], 
  [ 59366189657, 2167429669297 ],, [ 12179776117828616281 ],, [ 16812136013 ],, 
  [ 1673375617, 88665819353, 37613241672029 ],,,, [ 5494749276473 ],, [ 17209353121 ],,,, 
  [ 15758117497 ],,,,,,, [ 1780746577 ],, [ 1707976537 ], [ 1068464923, 35430055368853 ],, 
  [ 2189561749, 1712805445913 ],,,, [ 4847333992616817241 ],,,,,, [ 1669657203059149 ],,,, 
  [ 956854176601 ],,,, [ 18821446057 ],, [ 1173270409 ],,,,,,, [ 1550376049 ],, 
  [ 1405103071111 ],,, [ 2135364197, 16635002349869 ],,,, [ 113986565137 ],, [ 4001988317 ],
  , [ 146737684273 ], [ 1159411541 ], [ 8823427637 ],, [ 2227441621598161 ],, 
  [ 9424112913433 ],,,,,, [ 188119936201 ], [ 2066380933 ], 
  [ 3575979260251, 5394348052604941 ],, [ 449931907457 ], [ 3644134327147 ],,,, 
  [ 6760104157 ], [ 72258157648507 ],,,,,,,, [ 5567513923506103 ],, 
  [ 4082578657, 6460849777290807277 ], [ 3643326541 ],,, [ 887129776417, 11393322165457 ], 
  [ 4283741221 ], [ 26441971559, 900222920627, 17696362336813 ],,, [ 290657011373 ],,, 
  [ 1118420081 ],,,,,, [ 5793466219, 58387519703 ],,, [ 4095290263 ], 
  [ 160864902091, 52085917116631 ],,,, [ 1466682617, 30772328114741 ], [ 134398663411 ],, 
  [ 159942251323 ], [ 36677842027, 1661052958937 ],, [ 1253563033748381 ], 
  [ 1535521919, 6638478347, 1232508435919 ],,, [ 8532492209, 12674592046001 ], 
  [ 1600193071 ], [ 147403199857, 6450345217933, 256754660605477 ],,,, [ 18655027451 ],,,, 
  [ 24123281887 ],, [ 421993522009 ],, [ 11462219963 ],, [ 8750450881 ], [ 282827183803 ], 
  [ 5213829323 ],, [ 2695743097 ],,,,,,,, [ 270181049797, 1047399701149, 108007070151961 ],, 
  [ 12114959763143927 ],, [ 4472708369 ],,,, [ 1665054301 ],, [ 2342379331, 14773623582401 ],
  , [ 533270208697 ],,,, [ 59011617279161, 28787227988339497 ], [ 3270001909 ],,, 
  [ 40600994213208833 ],,,,,,,,,, [ 100246045909 ],,,, [ 3861401227 ], [ 2746046707 ],,,,,,,,
  ,,,,, [ 7319982036922939621 ],,,,,,, [ 60685551187 ],,, [ 4273542101, 253515224581 ],,,,,,,
  ,,,,,, [ 29256496277 ],,,,,,, [ 16007111401 ],,,,,,, [ 16741165547 ],,,,,,,,,,,,,,,,,,,, 
  [ 1226394979 ],,,,,,,,,,,, [ 1446740857 ],,,,,,,,,, [ 1711121021 ],,,,, 
  [ 1128862081, 1528844593, 326309585809 ],,,,,,, [ 25168062943 ],,,,, [ 7193415709 ],, 
  [ 6547727993 ],, [ 5191281761 ], [ 51035354473 ],,,,,,,,,,,,,,,,,,, [ 106412772181 ], 
  [ 130986455419 ],,,,, [ 23358987907 ],,,,,,,,,,,,,,,,,, [ 9045243793 ], [ 30565159021 ],,,
  , [ 334643034503 ], [ 2128704622770961 ],,,,,,, [ 80904013961 ],,,,,,,,, [ 1295760743 ],,,
  , [ 88557320041 ],,,,,,,,,, [ 177207930001, 4700578101601 ],,,,, [ 215013030251 ],,,,,,,,,,
  , [ 1184481281 ],,,,, [ 25439569189 ], [ 3633516797 ],,, [ 2120232451 ], 
  [ 17200008111014227 ],,,,,, [ 110556478033 ],,,,, [ 76046759543 ],,,,, [ 1638886069 ],,,,,,
  ,,,,,, [ 247308679663 ],,,,,, [ 929804992201, 1796350622221 ],,,,, [ 4085461344412471 ],,, 
  [ 11246855681 ],, [ 16576606421, 3429202152251 ],,,,,,,,,,,,,,,,,,,,,,, [ 5331871693 ],,,,,
  ,,,,, [ 3718050563, 1488876845971 ],,,,,, [ 288481881073 ],,,,, [ 48468173779 ],,,,,, 
  [ 110118693776521 ], [ 21363920057 ],,, [ 2347270613 ],,,,,, [ 24295921301 ],,,, 
  [ 6926980427 ],,,,,,, [ 11708971003 ],,,, [ 5761162241 ], [ 28244690129 ], [ 4696918957 ],,
  ,,,,,,,,, [ 1356002221757 ],,,, [ 2127095329 ],,,,, [ 29622296723 ], [ 142327101673 ],,,,, 
  [ 7365818227 ], [ 3360108757 ], [ 68262323251 ], [ 816078673057 ],,,,,,,, [ 8828833561 ],,,
  ,,,,, [ 1996989649 ],,,,, [ 2297263123 ],,,,, [ 1315087217 ],,, [ 2417007451, 8315292991 ],
  , [ 2054256674863 ],, [ 2723834670121 ],,,,,,,,,,,, [ 6434938819, 7603887523 ],,,,,, 
  [ 146590985682473 ],,,,,,,,, [ 28719088141 ],,,,,,, [ 42297311239 ],,,,,,,,,,,,,,,,,,, 
  [ 1386537409 ],,, [ 543343240471 ],,,,,,,,,,,,, [ 13515714367 ],,,,,,, [ 1424738701 ],,,, 
  [ 54097386107 ],,,,,,,,,,, [ 10522098001 ],,, [ 6594265207 ], [ 1290514721 ],,,,,,,,,,, 
  [ 364378694851 ], [ 2000192209 ],,, [ 2599997759633 ],,,,,,,,,,,,,,,,,,,,, [ 893207736961 ]
   ,,, [ 3950797720279 ],,,, [ 246420624451 ],,, [ 1000766801 ],,,, [ 1159007389 ],,, 
  [ 43419022039 ],,, [ 1153986601 ], [ 2305812419 ],,,, [ 52077018251 ],,,,,,,,,,,, 
  [ 1860194507 ],,,,, [ 430102624057 ],,, [ 224859299611 ],,,,,,,,,,, [ 6324189901 ],, 
  [ 5967986681 ],,,, [ 3602447839 ], [ 2319303757 ],,,,, [ 14891647801 ],, [ 154196632661 ],,
  ,,,, [ 1176724337 ],,,,,,,,,,,,,, [ 63384047971 ], [ 3197399353 ],,,, [ 2304846421 ],, 
  [ 5988041233 ],,,, [ 3919019791 ],,,,,,,, [ 3236921041 ],,,,,,,,,,,,, [ 1980211507 ],,,, 
  [ 141614073371 ],,,,,, [ 1192062433 ], [ 280337392679 ],,,,,, [ 23806446977 ],,,,,, 
  [ 3146484751 ],,,,,,,,,, [ 2192323171, 1621796228131 ], [ 3240226657, 34759913473 ],,,,,,,,
  ,,,,,,,,, [ 11417727421 ], [ 2788909391 ],,,, [ 2552657659 ],,, [ 144836072891 ],,,, 
  [ 1041541201 ], [ 159994742389 ],,,,,,,,,,,,,,,,,,,, [ 3588311107 ],,,,,,,,,, 
  [ 1390395533 ],, [ 301880349481 ],,,,,,, [ 40422040591 ],,, [ 1350499177 ],, 
  [ 16553386921 ],,,,,, [ 1342918849 ], [ 181402948141 ],,,,,,, [ 6084608521 ],,,,,,,,,, 
  [ 1096993327 ], [ 2351399741 ],, [ 185671395061 ],, [ 1572991631 ],,,, [ 4989791683 ],,,,,,
  ,,,,,,,,,,,,,,,,,,, [ 2308338077 ], [ 4038216179 ],,,,, [ 191388656411 ],,,,,,,,, 
  [ 39602623591 ],,,,,,,,,,,,,, [ 1868799379 ], [ 2155958171 ],,,,,,,,,,,,,,,,, 
  [ 5237396251 ],,,,,,,,, [ 1078377109 ],, [ 10809482639 ],,,,,,,,,,,,,,,,,,,,,,,,,,,,,,,,,, 
  [ 121565105281 ],,,,,,,,,,,,,,,,,, [ 1680837091 ],,, [ 19895739133 ],,,,,, [ 1604113831 ],,
  ,,,, [ 35122892617 ],,, [ 119535521881 ],,,, [ 10463071921 ],,,,,,,,,,,,,,,,,,,,,,,,,,,,,,,
  ,,,,,,,,,,,,,,,,,,,,,,,,,,,, [ 25627211418001 ],,,,,, [ 2966086351, 2851873312501 ],,,,,,,,
  ,,,,,,, [ 2200062481 ],,,,,,,,,,,,,,,,,,,,,,,,,,,,,,,,,,,,,,,,,,,,,,,,,,,,,,,,,,,,,,,,,,,,,
  ,,,,,, [ 1159471912051 ],,, [ 172749906619 ],,,, [ 20915435707 ],, 
  [ 2357064397, 271174455037 ],,, [ 55891953011047 ], [ 197796540257 ],,,,, [ 108744699853 ],
  ,,,,, [ 1639154203 ],,, [ 368336666377 ],,, [ 1038905011 ], [ 39809117627 ],,,, 
  [ 4455393401 ],,,, [ 3877273237 ],,,,,,,,, [ 5143216009, 31730163109 ],,,,,, 
  [ 10106963047 ],,,,,,, [ 2499455873 ],,,, [ 1903283881 ],,,,,,,,,,,,,, [ 216640073059 ],,,,
  , [ 1942174393 ],,,,,,,,,,,,,,,,, [ 7343285513 ], [ 4457668693, 5991309481 ],,,,,,,,,,,, 
  [ 10640006677 ],,,,, [ 1151403601 ],,,,,, [ 5318100481 ],,,,,,,,,, [ 13383016110001 ],,,,,,
  ,,,,,,,,,,,,,,, [ 1263137053879 ],,,,, [ 23331621953 ],,,,,,, [ 3345576691 ],,,,,,,,,,, 
  [ 4324944727, 1830450782269 ],,,,,, [ 1686981001 ],,,,,,,,,,,,,, [ 104644689137 ],,,,,,,,,,
  ,,,, [ 27417891961 ],,,,,,,,,,,,,, [ 1145010827 ],,,, [ 191914741141 ],,,,,,,,,, 
  [ 5062947540649 ],,,,,,,,,,,,,,,,,,,,,,,,,, [ 4370376883 ],,,,,,,,,,,,,,,,,,,,, 
  [ 12661267627 ],, [ 1174592381, 581657888761 ],,,,,,,,, [ 3316196291 ],,,,,,, 
  [ 1149156703, 1675782307 ],,,,,,,,,,, [ 281519178113 ], [ 269263929811 ], 
  [ 44441719613, 211739591659 ],,,,,,,,,,,,,,,,,, [ 32769952613 ],,,,,, [ 137831027597 ],,,,,
  ,,, [ 1047495151 ],,, [ 2698562683, 8379889699 ],,,,,,, [ 11132677861 ],,,,,,,, 
  [ 2047469293 ],,,,,,,,,,,,,,,,,, [ 2506701259 ],,, [ 20623544761 ],,,,,,,,,,,,,,,,,,,,, 
  [ 3270126763 ],,,,,,,,,, [ 143582705297 ],,,,,,,,,,,,,, [ 6899004601 ],,,,,,,,,,,, 
  [ 1146541538731 ],,,,,,,, [ 5631707821 ],,,,,,,,,,,,,,,,,,,,,,,,,,,,,,,,,,,,,, 
  [ 2418301715976241 ],,,,,, [ 3180354469, 8007257081 ],, [ 9999288529 ],,,,,,,,,, 
  [ 40784786771 ],,,,,,,,,,,,,,,,,,,,,,,,,,,,,,,,,, [ 4006116941 ],,,, [ 1854778033 ],,,,,,,,
  , [ 2944240003 ],,,,,,,,,,,,,,,,, [ 110548564198801 ],,,,,,,,,,,,,,,,,,,,,,,,,, 
  [ 7022910581 ],, [ 5978637829, 2262349329391 ],,,,,,,,,,,,,, [ 30883445953 ],,,,,,,, 
  [ 63428769641 ],,,, [ 1398526249 ],, [ 8936939381, 315040578872707 ],,,, [ 101244946001 ],,
  ,,,,,,,, [ 65900809801 ],,,,,,,,,,,,,,,,,, [ 780918660163 ],,,,,,,,,,,,,,,,,,,,,,,,,,,,,,,,
  ,,,, [ 4542704923 ],,,,,,,,,,,, [ 92434240783 ],,,,,,,,,,,,,,,,,, [ 332881210117 ],,,, 
  [ 2240521601, 20513685473 ],, [ 2173612351 ],,,,,,,,,,,,,,,,,, [ 119129997409 ],,,,,,,, 
  [ 37489134541 ],, [ 2927101559 ],,,,,,,,,,,, [ 8083968691 ],,,,,,,,,,,,,,,,,,,,,,,,,, 
  [ 1307347777 ],,,,,,,,,,,,,,,, [ 1572015257 ],,,,,,,,,,,,,,,,,, [ 84291783701 ],, 
  [ 52839353521 ],,,,,,,,,, [ 2963661683 ],,,, [ 59433369419 ],,,, [ 2907701315641 ],, 
  [ 1283440369, 1140087814417 ],,,,,,,,,,,,, [ 3510431641 ],,,,,,,,,,,,,,, [ 1616466001 ],,,,
  ,,,,,, [ 2208638671, 7276566641 ],,,,, [ 1180975501 ],,,,,,,,,,,,, 
  [ 1695374173, 10408406851901 ],,,,,,,, [ 1082069869 ],,,, [ 5906288321 ],, [ 1522006903 ],,
  ,,,,,,,,,,,, [ 1545272513 ],,,,,,,,,, [ 8200164169 ],, [ 6118570693 ],,,,,,,, 
  [ 4012319021 ],,,,,,,,,, [ 314605948513 ],,,,,,,,,,,,,,,,,,,,,,,,,,,,,,,,,,,, 
  [ 23652633468283 ],,,,,,,, [ 4359007021 ],,,,,,,,,,,,,,,,,,,,,,,,,,,,,,,, [ 1991946169 ],,,
  ,,,,, [ 1664278531 ],,,,,,,,,,,, [ 4568429221 ],,,,,,,,,, [ 7836960097 ],,, 
  [ 262889782291 ],,,,,,,,,,,,,,,,,,,,,,,,,,, [ 1019692117 ],, [ 106058697995641 ],, 
  [ 1472401243 ],,,, [ 6819356881, 529427791591 ],,,,,, [ 2071366837 ],,,,,,,,,,,,,,,,,,,,,,,
  ,,,,,,,,,,,,, [ 2022076369 ],,,,,,,,,,,,,, [ 2905349761 ],,,,,,,,,,,,,,,,,,,,,,,,,,,,,,,,,,
  ,,,,,,,, [ 91369907201 ],,,,,, [ 774523803787 ],, [ 1003668961 ],,,,,,,,,,,,,,,,,,,,,,,,,,,
  ,,, [ 12496948201 ],, [ 31712788249 ],,,,,,,,,,,, [ 5086071901 ],, [ 76055474567 ],,,,,,,,,
  ,,, [ 398282074963 ],, [ 705621498073, 5812443615661 ],,,,,,,,,,,,,,,,,, [ 37113208219 ],,,
  ,,,,,,,,, [ 45519206401, 450651075727 ],,,,,,,,,,,,,,,,,,,,,,,,,,,,,,,,,,,, [ 7128098749 ],
  ,, [ 35634628261 ],,,,,,, [ 2494590337 ],, [ 5029066621 ],,,,,, [ 5689497241 ],,,,,,,, 
  [ 3085055777 ],, [ 16115029631 ],,,,,,,,,,,,,,,, [ 2461502999 ],, [ 29168624458969 ],,,, 
  [ 5410106057 ],,,,,,,,,,,,,,,,,,,,,,,,,,,, [ 4458045901 ],,,,,,,, [ 57819396581 ],, 
  [ 4065775951 ],,,,,, [ 12919652089 ],,,,,, [ 150164726479 ],,,,,,,, [ 230389917871 ],,,,,,,
  ,,,,, [ 8454985039 ],,,,,,,,,,,,,,,,,, [ 26863405201 ],,,,,,,,,,,,,,,,,, [ 32581681921 ],,,
  ,,, [ 5805383449 ],,,,,,,,,,,,,,,,,,,,,,,,,,,,,,,,,,,,,,,,,, [ 9049122773419 ],,,,,,,,,,,,,
  ,,,,,,, [ 2555013563 ],,,,,,,,,,,,,,,,,,, [ 3742672441 ],,,,,,,,,,,,, [ 2895689941 ],,,,,,,
  ,,,,, [ 790474076851 ],, [ 22449695824321 ],,,,,,,,,,,,,,,,,,,,,,,, [ 3330865873 ],,,,,,,,,
  ,,,,,,,,,,,,,,,,,,,,,,,,,,,,,,,,,,, [ 6354428401 ],,,,,,,,,,,,,,,,,,,,,,,,,,,,,,,,,,,,,,,,,
  ,,,,, [ 1723142611 ],, [ 1446486289 ],,,,,,,,,, [ 12181662007 ],,,,,,,,,,,,,,,,,,,,,,,,,,,,
  ,, [ 1337635297 ],,,,,,,,,,,,,,,,,,,,,, [ 1567460351 ],,,,,,,,,,,,,, [ 2606885857 ],,,,,,,,
  ,,,,,,,, [ 1486948121 ],,,,,,,, [ 41920681237 ],,,,,,,,,,,,,,,,,,,,,,,,,,,,,,,,,,,,,,,,,,,,
  ,,,,,,,,,,,,,,,,,,,,,,,,,,,,,,,,,,,,,,,,,,,,,, [ 1018742983 ],,,,,,,,,,,,,,,,,,,,,,,,,,,,,
  , [ 187998108589 ],,,,,, [ 1109464273 ],,,,,,,,,,,,,,,,,,,,,,,, [ 2003881021 ],, 
  [ 22883584201 ],,,,,,,,,,,,,,,,,,,,,,,,,,,,,,,,,,,,,,,, [ 16917617341, 56012953861 ],,,,,,,
  ,,, [ 136911633251 ],,,,,,,,,,,,,,,,,,,,,,,,,,,,,, [ 4399098881 ],,,,,,,,,,,,,,,,,,,,,,,,,
  , [ 32808881971 ],,,,,,,,,,,, [ 2936578850743 ],,,,,,,,,,,, [ 5253143941 ],,,,,,,,,,,,,,,,,
  ,,, [ 21106617751 ],,,,,,,,,,,,,,,,,,,, [ 4506946571 ],,,,,,,,,,,,,,,,,,,, [ 2311374781 ],,
  ,,,,,,,,,, [ 1107352009, 74889194491 ],,,,,,,,,,,, [ 478077867612901 ],,,,,,,,,,,,,,,,,,,,,
  ,,,,,,,,,,,,,,,,,,,,,,,,,,,,,,,,, [ 2576919073 ],,,,,,,,,,,,,,,,,,,,,,,,,,,,,,,,,,,,,,,,,, 
  [ 12302815141 ],,,,,,,,,,,,,,,,,, [ 9731667997, 13007939018063257 ],,,,,,,,,,,,,,,,,, 
  [ 17410584907 ],,,,,,,,,,,,,,,,,,,, [ 2984614403 ],,,,,,,,,,,,,,,,,,,,,, [ 17169458857 ],,,
  ,,, [ 2355898609 ],,,,,,,,,,,,,,,, [ 2230095781 ],,,,,,,,,,,, [ 213546502933 ],,,,,,,,,,,,,
  ,,,,,,,,,,,,,,,,,,,,,,,,,,,,,,,,,,,,,,,,,,,,,,,,,,,,,,, [ 13336451551 ],,,,,,,,,,,,,,,,,,,,
  ,,,,,,,,,, [ 11195220961 ],,,,,,,,,,,, [ 6722537401 ],,,,,,,,,,,,,,,,,,,,,,,,,,,,,,,,,,,, 
  [ 1330281973 ],,,,,,,,,,,,,,,,,,,,,,,,,,,,,,,,,,,, [ 1874214721 ],,,,,,,,,,,,,,,,,,,,,,,,,,
  ,,,,,,,,,,,,,,,,,,,,,, [ 5631761521 ],,,,,,,,,,,, [ 217987548529 ],,,,,,,,,,,,,,,,,,,,,,,,,
  ,,,,,,,,,,, [ 1568150401 ],,,,,,,,,,,,,,,,,,,,,,,,,,,,,,,,,,,, [ 2783222728417 ],,,,,, 
  [ 1518794983 ],,,,,,,,,,,,,,,,,, [ 4566456001, 23252976181 ],,,,,,,,,,,,,,,,,, 
  [ 1261011781 ],,,,,,,,,,,, [ 1319380681 ],,,,,,,,,, [ 1604946001, 4744542601 ],,,,,,,,,,,,,
  ,,,,,,,,,,,,,,,,,,,,,,,,,,,,,,, [ 58999026241 ],,,,,,,,,,,, [ 15865305793 ],,,,,,,,,,,,,, 
  [ 1633304971271 ],,,,,,,,,,,,,,,, [ 40147905223 ],,,,,,,,,,,,,,,,,,,,,,,,,,,,,, 
  [ 6651918241 ],,,,,, [ 25994203453 ],,,,,,,,,,,,,,,,,,,,,,,, [ 12966399105487 ],,,,,, 
  [ 21981934021 ],,,,,,,,,,,,,,,,,,,,,,,,,,,,,,,,,,,, [ 4710444961 ],,,,,,,,,,,,,,,,,, 
  [ 47152291399 ],,,,,,,,,,,,,,,,,,,,,,,,,,,,,,,,,,,,,,,,,,,,,,,, [ 28977535207 ],,,,,,,,,,,,
  ,,,,,, [ 5014924927357 ],,,,,,,,,,,,,,,,,,,,,,,,,,,,,,,,,,,,,,,,,,,,,,,, [ 2090187181 ],,,,
  ,,,,,,,,,,,,,,,,,,,, [ 26362044229 ],,,,,,,,,,,,,,,,,,,,,,,,,,,,,,,,,,,,,,,,,,,,,,,,,,,,,,,
  ,,,,,,,,,,,,,,,,,,,,,,,,,,,,,,,,,,,,,,,,,,,,,,,,,,,,,,,,,,,,,,,,,,,,,,,,,,,,,,,,,,,,,,,,,,,
  ,,,,,,,,,,,,,,,,,,,,,, [ 13696408177 ],,,,,,,,,,,,,,,,,,,,,,,,,,,,,,,,,,,,,,,,,,,,,,,, 
  [ 42570713641 ],,,,,,,,,,,,,,,,,,,,,,,,,,,,,,,,,,,,,,,,,,,,,,,, [ 21953384317 ],,,,,,,,,,,,
  ,,,,,,,,,,,,,,,,,,,,,,,,,,,,,,,,,,,,,,,,,,,,,,,,,,,,,,,,,,,,,,,,,,,,,,,,,,,,,,,,,,,,,,,,,,,
  ,,,,,,,,,,,,,,,,,,,,,,,,,,,,,,,,,,,,,,,,,,,,,,,,,,,,,,,,,,, [ 3705832621 ],,,,,,,,,,,,,,,,,
  ,,,,,,,,,,,,,,,,,,,,,,,,,,,,,,,,,,,,,,,,,,, [ 5182103131 ],,,,,,,,,,,, [ 45058513303 ],,,,,
  ,,,,,,,,,,,,, [ 2390434561 ],,,,,,,,,,,,,,,,,,,,,,,,,,,,,,,,,,,,,,,,,,,,,,,,,,,,,,,,,,,,,,,
  ,,,,,,,,,,,,,,,,,,,,,,,,,,,,,,,,,,,,,,,,,,,,,,,,,,,,,,,,,,,,,,,,,,,,,,,,,,,,,,,,,,,,,,,,,,,
  ,,,,,,,,,,,,,, [ 2635096777 ],,,,,,,,,,,,,,,,,,,,,,,,,,,,,,,,,,,,,,,,,,,,,,,,,,,,,,,,,,,,,,
  ,,,,,,,,,,,,,,,,,,,,,,,,,,,,,,,,,,,,,,,,,,,,,,,,,,,,,,,,,,,,,,,,,,,,,,,,,,,,,,,,,,,,,,,,,,,
  ,,,,,,,,,,,,,,,,,,,,,,,,,,,,,,,,,,,,,,, [ 19842374161 ],,,,,,,,,,,,,,,,,,,,,,,,,,,,,,,,,,,,
  ,,,,,,,,,,,,,,,,,,,,,,,,,,,,,,,,,,,,,,,,,,,,,,,,,,,,,,,,,,,,,,,,,,,,,,,,,,,,,,,,,,,,,,,,,,,
  ,,,,,,,,,,,,,,,,,,,,,,,,,,,,,,,,,,,,,,,,,,,,,,,,,,,,,,,,,,,,,,,,,,,,,,,,,,,,,,,,,,,,,,,,,,,
  ,,,,,,,,,,,,,,,,,,,,,,,,,,,,,,,,,,,,,,,,,,,,,,,,,,,, [ 364529167021 ],,,,,,,,,,,,,,,,,,,,,,
  ,,,,,,,,,,,,,,,,,,,,,,,,,,,,,,,,,,,,,,,,,,,,,,,,,,,,,,,,,,,,,,,,,,,,,,,,,,,,,,,,,,,,,,,,,,,
  ,,,,,,,,,,,,,,,,,,,,,,,,,,,,,,,,,,,,, [ 1164756093481 ],,,,,,,,,,,,,,,,,,,,,,,,,,,,,, 
  [ 12318933961 ],,,,,,,,,,,,,,,,,,,,,,,,,,,,,,,,,,,,,,,,,,,,,,,,,,,,,,,,,,,,,,,,,,,,,,,,,,,,
  ,,,,,,,,,,,,,,,,,,,,,,,,,,,,,,,,,,,,,,,,,,,,,,,,,,,,,,,,,,,,,,,,,,,,,,,,,,,,,,,,,,,,,,,,,,,
  ,,,,,,,,,,,,,,,,,,,,,,,,,,,,,,,,,,,,,,,,,,,,,,,,,,,,,,,,,,,,,,,,,,,,,,,,,,,,,,,,,,,,,,,,,,,
  ,,,,,,,,,,,,,,,,,,,,,,,,,,,,,,,,,,,,,,,,,,,,,,,,,,,,,,,,,,,,,,,,,,,,,,,,,,,,,,,,,,,,,,,,,,,
  ,,,,,,,,,,,,,,,,,,,,,,,,,,,,,,,,,,,,,,,,,,,,,,,,,,,,,,,,,,,,,,,,,,,,,,,,,,,,,,,,,,,,,,,,,,,
  ,,,,,,,,,,,,,,,,,,,,,,,,,,,,,,,,,,,,,,,,,,,,,,,,,,,,,,,,,,,,,,,,,,,,,,,,,,,,,,,,,,,,,,,,,,,
  ,,,,,,,,,,,,,,,,,,,,,,,,,,,,,,,,,,,,,,,,,,,,,,,,,,,,,,,,,,,,,,,,,,,,,,,,,,,,,,,,,,,,,,,,,,,
  ,,,,,,,,,,,,,,,,,,,,,,,,,,,,,,,,,,,,,,,,,,,,,,,,,,,,,,,,,,,,,,,,,,,,,,,,,,,,,,,,,,,,,,,,,,,
  ,,,,,,,,,,,,,,,,,,,,,,,,,,,,,,,,,,,,,,,,,,,,,,,,,,,,,,,,,,,,,,,,,,,,,,,,,,,,,,,,,,,,,,,,,,,
  ,,,,,,,,,,,,,,,,,,,,,,,,,,,,,,,,,,,,,,,,,,,,,,,,,,,,,,,,,,,,,,,,,,,,,,,,,,,,,,,,,,,,,,,,,,,
  ,,,,,,,,,,,,,,,,,,,,,,,,,,,,,,,,,,,,,,,,,,,,,,,,,,,,,,,,,,,,,,,,,,,,,,,,,,,,,,,,,,,,,,,,,,,
  ,,,,,,,,,,,,,,,,,,,,,,,,,,,,,,,,,,,,,,,,,,,,,,,,,,,,,,,,,,,,,,,,,,,,,,,,,,,,,,,,,,,,,,,,,,,
  ,,,,,,,,,,,,,,,,,,,,,,,,,,,,,,,,,,,,,,,,,,,,,,,,,,,,,,,,,,,,,,,,,,,,,,,,,,,,,,,,,,,,,,,,,,,
  ,,,,,,,,,,,,,,,,,,,,,,,,,,,,,,,, [ 11860446571 ] ]);
