BRENTFACTORS[4264]:=MakeImmutable([ ,,,,,,,,,, [ 8250530744869667 ],,,, [ 149642263870261 ],
  , [ 1136899288751 ],, [ 139468236753355792297 ], [ 371923201981 ],,, [ 1481053261 ],,, 
  [ 42777830302488737 ],, [ 900711447553 ], 
  [ 147142619413, 121733924641390776503, 22435448053106570466571 ], [ 53828931451 ], 
  [ 1062200059, 11899163947061509242437, 3460276597699417785038908559473991 ], 
  [ 2634366787201 ],, [ 925152472458952103 ], [ 88330278707968411492975141581498470051 ],, 
  [ 3539317788907, 76121141330181074521 ], [ 98262743422581097 ],, 
  [ 1638055481, 912330687619601 ],, [ 45652508872657 ], [ 451355542619 ], 
  [ 2845223393, 87799227379909, 868111655710236653 ],, [ 88765411607, 4648595673142139 ], 
  [ 471969962419, 4581101056824731 ], [ 9325518448783057, 8649283673998716289 ],, 
  [ 459685856281151, 84591475842876260818451 ], [ 418728627638659316102239 ],, 
  [ 18857039562371, 6414137921685547 ], [ 1390316953282651, 3028246761228932557 ], 
  [ 5987731091, 16571578321, 5561265991121831, 
      1428976651853240161425826542429789609951738771931 ], [ 563160891833 ], 
  [ 9089033497, 294547636508207292394532164548765921771281521 ], 
  [ 31089610858886635883, 433810155990477960068710897 ],,, 
  [ 121592358294857, 524687119937896543 ], [ 52765616030904684455418194618681 ], 
  [ 3348614285850996937917860971298977 ], [ 13904398913, 1385427407955790017281 ], 
  [ 61855817233452427771 ], [ 582425512374718004587828861 ], [ 1109967747384685917147317 ], 
  [ 2281818909581, 105253726509178032161 ],, [ 2574309810826607171345195877674981 ], 
  [ 41988516825483955739387 ], [ 50740843287601 ], 
  [ 6517961932851912111143, 4878288437318052191939772707, 135832986732506564392085185099 ], 
  [ 2146366950143989756448896667572473521056274049403171 ],,, [ 992026165544064884773 ], 
  [ 141042959204682069870304168021447 ],, 
  [ 3345294126241, 858309161472295121, 1720164765493739865123237611674947601 ],, 
  [ 74465894681077129, 1687119697521559502437842425356364154643 ],, 
  [ 3923259733, 247714764596153898483692953981534381 ], [ 20073485952063994414631 ], 
  [ 1141912301, 33092830273, 694643355804058060373, 5137628953995306004347338547920706497 ], 
  [ 16877951107 ],, [ 85710995033, 3470840799844657427, 421463400759863590607 ], 
  [ 505183452457654781617011448544962201 ], [ 10316095953901597090141 ], 
  [ 178152908986167212958529, 863856095725313009247997, 12314831828959605676951991597154841 ]
   ,,, [ 5052583513711 ], 
  [ 532998089095896990693697, 838861838732915600292610822212518323969 ],, 
  [ 7129494757687, 185894979275411603, 474474131514210162075058675813 ], 
  [ 9818079283, 275053821485059 ],,, 
  [ 2004182497, 4368000238909, 8374566665766753301, 865097598979334902312656320041 ],, 
  [ 1646479537, 2091989329, 3268382729 ], [ 13239657481 ], 
  [ 94037640305135866732743185671471 ], [ 1194063077, 492925382371501 ],,,, 
  [ 355430425789, 746465950164155036795797 ], [ 233847407437057 ],,, [ 3566780431 ], 
  [ 41282797777624822553 ], [ 14077629438913 ],,, [ 1210524804138453841 ],,, 
  [ 4237732531, 4401234217 ], [ 60079404688578547677857 ],,, 
  [ 1956753386461, 757904299698082469 ], [ 7350058032660573907905409 ], [ 116377369351 ],, 
  [ 148682091539, 24641052057407 ],, [ 2373253506647318093, 422762392338654367721 ], 
  [ 4712628581 ], [ 142342084486081 ], [ 53043327377, 51911301259073 ],, 
  [ 133342063646284794413211943 ], [ 62961265417, 19988655948654302663995379 ], 
  [ 174471589457608681549159801, 8939452059688158243776361241, 
      175036730037218011557965294993465803447616650601 ], [ 220256724067 ], [ 143835057481 ],
  [ 1129792093, 51449402844841, 142036045937501 ],,,, [ 247240159642774999 ], 
  [ 1364190889, 30943893341206032701, 100823411220818507094617 ],, [ 31911498504681933751 ], 
  [ 1388520666200567 ],, [ 16538812237 ],,,,, [ 24258153329, 24395628305111379628513 ], 
  [ 14322364348199147006297131, 165501454884390699289308103 ], 
  [ 13555076016093732187841, 590506209776934809612724961 ],,, [ 237982239155146849667 ],, 
  [ 4723700898335339911 ], [ 1467714734343059 ], 
  [ 64708407499, 8975793695881, 731266405465097 ], [ 25892853918266478755010959617 ],, 
  [ 8233858541, 462690444065341 ],, [ 85788070235089 ], [ 5493467208869 ], 
  [ 703877845665265717 ],, [ 1403580289 ], [ 142587023756946253, 110228811043747570249 ], 
  [ 5271248569, 172861886177, 440491268697793 ], [ 21099006377, 520876386852647131 ],, 
  [ 164766918709, 177192956671631881 ], [ 707796649146247175971 ], 
  [ 3641856649, 615295193331053539 ], [ 72887628361, 136198860088791840139573897 ], 
  [ 8535585834322381 ], [ 2394128389 ], [ 9694779007 ],, [ 15063723361 ],,, 
  [ 2817576177554881 ], [ 14542138139, 4057253677927, 318672357106867 ],,,,, 
  [ 27900407095111, 826521108475012633 ],, 
  [ 300348417401, 1457697741028601, 991370121294084470801 ], [ 179482493329 ], 
  [ 15809335273 ], [ 953148481349 ],,, [ 5237682188261062062697 ],,,, [ 137445469482377281 ],
  [ 16085120106233 ],,, [ 294279917870249, 13584250740206335967 ],, [ 795582869891714929 ], 
  [ 172363392517 ], [ 1013906011 ],, [ 80125821915517841, 1375339056034629401 ],, 
  [ 7008798449539309 ],,, [ 1618379551, 3404912580493778714401 ], [ 132614041204196694277 ], 
  [ 5258744357370277717 ], [ 1084725255253, 552644209743439873 ], [ 224265989027459 ],,,, 
  [ 4950399344029 ], [ 50607373987, 27970073172523, 1038051204341581, 3050970815562931, 
      8442190255300228280647 ],, 
  [ 3069393109, 919529060881, 163985370746078269, 5236514724980536157, 
      86063578201036067180617 ], [ 81606067623673, 171990880632082711 ], 
  [ 1583927476680473, 203115115027035554500249 ],, 
  [ 218230418244853849441, 261316217777187175921 ], [ 2766755926987823 ],, [ 13618988947 ], 
  [ 1933132668769 ], [ 41235279848561 ], [ 6225337685167891 ], [ 4808162579138491 ],,, 
  [ 802841289001 ],,,, [ 8540691581, 18153548236393 ],,,, [ 4960975447 ],, 
  [ 1319125478778066751741 ],,, [ 67882932631 ], [ 310394023633 ], [ 936995121191 ], 
  [ 7565095669811, 23084534201093 ],, [ 2765807437 ],, 
  [ 88564642381, 122961383967539919384562797901 ], [ 406814538150523 ],, 
  [ 6496025370063139 ], [ 4943762273 ],, 
  [ 5268158281, 11418466392060097, 150365524111455310813 ], [ 123647832461497 ], 
  [ 933980366191 ],,,,,,, [ 39822191011 ], [ 3298491769, 773097626159 ],, 
  [ 21331647923440033 ],, [ 14391400511, 262584446611, 170134609076154346171 ],,, 
  [ 27757536222259 ],, [ 15168491131, 73356258636359191 ], 
  [ 11135558197321, 450307514996657, 64239919810381431550529 ], [ 10481989519 ],, 
  [ 8934005853723523 ],,, [ 298262516378261896199 ], [ 18805574133301 ],,, [ 167635545787 ],,
  ,, [ 49738773374261, 17640196398382511 ], [ 797351306027 ],, [ 10968563371729 ], 
  [ 1632615997, 18772119481, 189374773123 ],, [ 7754954737 ],, [ 322765168583434599721 ],, 
  [ 10281292481 ],, [ 84300409187, 231097665590149 ], [ 5095060390649 ], [ 2008791839737 ], 
  [ 24178532951 ],,,,, [ 74273075889871, 1674315700721490317102701 ], [ 4844444033981 ], 
  [ 3437708609 ], [ 35890844698531 ], [ 1351824587 ],, [ 168780365933963449009 ],, 
  [ 79079364547, 605844112277 ],, [ 1254979548461, 47387146090601 ], [ 1873152557 ], 
  [ 123906831877 ],, [ 662278454375137 ], [ 85132282239721, 241420459033826011 ],, 
  [ 1639183323751 ], [ 294586961437 ],, [ 596701253420251351 ],, [ 853747803578209 ],,,,, 
  [ 45741356726479 ],, [ 2028028337 ], [ 33704243281 ], [ 1156805729 ], 
  [ 1226267761, 28054451209, 51930650633 ], [ 531313362889 ], 
  [ 1513750421, 9148699400169887715613 ], [ 819645855169441, 24906692504593111 ],,, 
  [ 1550054641, 4572591879617, 189689128351249 ],,, [ 64860507153283409 ], 
  [ 1966606529100361, 4397706816995461 ],,, [ 7248511166332646251 ], [ 194227635481073 ],, 
  [ 32341413003141313 ],,, [ 277740999001 ], [ 14188301683 ], [ 2000615821 ], 
  [ 4333906561, 4484031843499009 ], [ 9902019821 ], [ 553533276739 ],,,, 
  [ 65931544381, 35838581791988312024221 ], [ 21959329489, 130801173697 ],,, 
  [ 2549244617, 127134239591 ],, [ 1201232341, 1254556251088916267053 ],,, 
  [ 38249052465919, 5542751065805983 ],,, 
  [ 80832349393, 274273498881419111941, 129161210262118443698257 ],,,,,, 
  [ 111770177713, 517483098217 ],,,,,, [ 323467425811944811 ], [ 2254726161521 ], 
  [ 10176234580513 ], [ 7978241659, 1154282028307 ], [ 661222630312597, 1059033262562741863 ]
   ,,, [ 11631320641, 19093704779, 30323344267 ],,,,,, [ 4763710687387 ], [ 490585098221 ],,,
  ,,, [ 359680935358179447097 ],,,, [ 155385429464590747, 71654745504885616459669 ], 
  [ 35957562339443 ], [ 23548455064722281 ],,, [ 88423261896988981 ],,, 
  [ 10211031269917, 9426707710740861361 ],,, [ 198418271855891 ], [ 9342582751 ], 
  [ 10284718175161 ], [ 287898873748949 ],,,,, [ 3042859553 ], [ 61067781768733 ], 
  [ 882082670561557921 ], [ 85065799001 ],,,, [ 103695651273521 ], [ 29318549461 ], 
  [ 1446805706617, 22367056611348179 ], [ 639572283667 ],, [ 8032618343 ],,, [ 1124666969 ],,
  , [ 28385776751 ],,, [ 2459264113 ], [ 5312803265323, 209668388975821 ],,,, 
  [ 12586247367156163 ], [ 949836449453, 760708928731538029 ],,, [ 142545591608601743 ],, 
  [ 1529640831541 ], [ 4691993041, 33961367861 ],, [ 2142135529 ],, [ 15426458861399 ], 
  [ 10516898701 ],,,,,,, [ 19064636729, 242138978156129, 8409021060181981 ],, 
  [ 4925394088777 ],,, [ 6459962809 ],,,,, [ 35527727569409 ],, [ 32984695327 ],,,,, 
  [ 5586543647206813 ],,,,, [ 591370868253588417061 ], [ 289746312451 ],,, [ 3721916881 ],,, 
  [ 1046373733, 9208244115559 ],,,,, [ 122554005689 ],, [ 1166895101 ],, 
  [ 141840964761307741 ],, [ 1088958217, 70324233337, 4724857101945109 ], [ 5527664947627 ],,
  ,,,, [ 582688886327929 ], [ 5368204601 ],,,,, [ 1928838093361, 1447460092742701 ], 
  [ 49973412265766921 ],, [ 368538996578679937783 ],,, [ 124404163423 ],, [ 1019643671 ],, 
  [ 4973363911 ],,,,, [ 23610447636631 ],,,, [ 4324313730957193 ],,,,,, [ 174179192082281 ],
  , [ 10724650500522943 ],,,, [ 87326303657, 247844442004457, 21272285331101024295967 ],,, 
  [ 110736916973 ],,, [ 2721140306836635617 ],, [ 2883152039525803, 861388681876654527091 ],,
  ,, [ 98398874719316393 ],,,, [ 9426285163 ],,,,,,,,,,,,, [ 60030297601 ],,,,, 
  [ 104934855541 ],,,,, [ 3114202501 ],,,,, [ 8160316921 ],,,, [ 12084843536326471 ],, 
  [ 104308779313757094397 ],, [ 1870737221, 244616490419621 ],, [ 549851977601 ],, 
  [ 46623249151147 ],, [ 161022929621 ], [ 5070435301 ],, [ 11327404261 ], 
  [ 1113045642166681 ],, [ 130941382651 ], [ 1101842645318983 ], [ 584980021205393581 ], 
  [ 1039070579 ], [ 328259103691, 1553647833433 ],,,, [ 392377884603139, 1709147872086691 ],
  , [ 182324120221 ],,,,,, [ 4435630597 ],,,, [ 517987856681, 20974789943441 ],, 
  [ 1979136609717793, 11076694720449742273 ],,, [ 12666472201 ],, [ 2647282579 ],,,,,,, 
  [ 53684167869361 ],,,,,, [ 3503406691 ],,,,,, [ 14658453913, 135520433833, 1410521471761 ],
  ,,,,,,, [ 64961676737 ],,,,, [ 1272217106003 ], [ 932901632878001 ],,,,,,,,,,,,,,, 
  [ 2022333851 ],,, [ 574517073313 ],,,,, [ 3393125903 ], [ 819474288540793 ],,,,,, 
  [ 460515598241 ], [ 475359092287 ],,,,,, [ 22437833221 ], [ 2636812949, 2656947613 ],,,,,, 
  [ 126579176569 ],,, [ 555507459893 ],,,,, [ 1144679449, 20141425068607 ],,, [ 8415322831 ],
  ,, [ 9559401217 ],,,, [ 24364364777 ],, [ 148210170193 ],, [ 1728662406241 ],,, 
  [ 34213932397 ],,,,,,,,, [ 103217842681 ],, [ 89100153161 ],,,,, [ 25672688551 ], 
  [ 44936470193 ],,,, [ 130002145601 ],,,, [ 8943167484973 ],,,, [ 81924533209777 ],, 
  [ 898348389661 ],, [ 197466556981, 2618559022997 ],, [ 2307588251 ],,,, 
  [ 2571418738743929 ], [ 104736483307 ],,, [ 876811256436217 ],,,,,,,,,, [ 230941574657 ],,,
  ,,, [ 119814726241587859 ], [ 1028810327, 11669936261 ], [ 190662974989751041 ],,,, 
  [ 2179994683117 ],,,,, [ 2567141677, 3269964253, 18139944553 ],,,,,,,,,,, [ 13592830621 ],,
  ,,,, [ 271646760493 ],,,,,,,, [ 1236682033, 1649826203, 1060048389534467 ],,,,,, 
  [ 2736756881 ], [ 3551258141 ],,,,,,,,, [ 3813106207331 ],, [ 3908777897 ],,, 
  [ 5958884016361 ],,, [ 2490883177, 159019586557019, 4492270213594103 ],, [ 7501881183301 ],
  ,,, [ 97580483753 ],,,, [ 7276159937 ], [ 2243922859 ],,,,, [ 4103808817, 9186664271 ],, 
  [ 216355412341 ],,,,,,,, [ 7301944189 ],,,,,, [ 559021311101401 ], [ 5444778473 ], 
  [ 9107988641 ],, [ 31993681843033 ],, [ 28497938782249 ],,, [ 235160652871 ], 
  [ 3401294825941 ], [ 41613938983 ], [ 568195183779331 ],,, [ 33712591501 ],,,,, 
  [ 98103028322613971551 ],, [ 161322488785417 ],, [ 1898959897, 2646418408507 ],,,,,, 
  [ 4195983361 ],, [ 1221406187 ],, [ 265584553375721 ],, [ 2740215493, 683055805363 ],,,,,, 
  [ 380057718657997 ],, [ 5894466867169 ], [ 1802899801 ], [ 3907241297 ],,,, [ 8374380281 ],
  , [ 436337062309 ], [ 6018460753 ], [ 4991722777 ],, [ 7330405062499 ],, [ 18160399349 ],,,
  , [ 3314822561, 13888524841409 ],,,,,, [ 16653598057, 381431362656671 ],, [ 1238899001 ],,,
  ,,,,,,, [ 21567542021 ],,,, [ 3203479501, 425556249067 ],,,,,, 
  [ 1507740541, 1408645214401, 22505597247541 ],,,,,,,,,,,,,,,,,,,,, [ 10264241263 ],,, 
  [ 9641623969, 256264191541 ],,,,, [ 1343783687 ],, [ 4206270161 ],,,, [ 93974211511 ], 
  [ 86692744254959041 ],,,,, [ 44939217331 ], [ 7632225487 ], [ 1527280133 ],,,,, 
  [ 1537209781 ],,,,,, [ 11967490703557 ],,,, [ 1485305053 ],, [ 1414821601, 154808430121 ],,
  , [ 17556181595503 ],,,,,,,,,,,,,,,,,,,, [ 3146885473 ],, [ 214899946951 ],,,,,,, 
  [ 50521211329, 77197041601 ],,,, [ 40467271569481 ],, [ 415166644751 ],,, [ 15489973517 ],,
  ,,,,,,,,,,, [ 4098852073 ],,,,,, [ 612130945801 ], [ 8161456619 ],, [ 64108549711 ],, 
  [ 72386723671 ],,,,,,,,,,, [ 1989998513 ],,,,,,,,,,,,,,, [ 2347997863 ],,,,,, 
  [ 3169126643 ],,,, [ 12162774149 ],,,,, [ 23194343453 ],,, [ 8014368893 ],,,,,,,,,,, 
  [ 1087926001, 1501423201 ],,,,,,,,,,,,, [ 64070031667 ],, [ 1174805371 ],,, 
  [ 230057575651, 3650190061897 ], [ 275212476827, 569309092153 ],,,, [ 3073425907 ], 
  [ 35828105473, 220620902041 ], [ 39987782801 ],,,,,,,,,,,,,,,,,,,,,, [ 4015619329 ],,,,, 
  [ 17263552561 ],, [ 28591510993, 1004060843413 ], [ 16773587041 ],,,,,, [ 16086734155909 ],
  [ 74305079344619 ],,,,,,,,, [ 6707794013 ],,,,,,,,,,,,,, [ 988683037471 ],,,,, 
  [ 833344363099921 ],,,,,,,,,,,,,,,,,,,, [ 695095256461 ],, [ 9732287976353 ],,,,,,,, 
  [ 60311903521 ], [ 10410959521 ],,, [ 2925282673 ],,,,,, [ 4552204301 ],,,,,,,, 
  [ 1574122213 ], [ 6661476797 ], [ 1079955581 ],,,,,,,,, [ 4174949953 ], [ 9810512576551 ],,
  ,, [ 92121013447 ],, [ 37153769461 ],,,,,, [ 4035374461 ],, [ 14739559957 ], 
  [ 1113429645511 ],,,,,,,,, [ 1738367445007 ], [ 2146872751, 51809015501 ],,, 
  [ 2855341399 ],, [ 1269739019821 ],,, [ 1634822173 ],,, 
  [ 2046965383, 35455149577, 40067092029889 ],,,,,,,,,,,,,,,,,, [ 47373904189 ],,, 
  [ 1017674659 ],,,,,,, [ 5951137151, 94605868771 ],,,,,, [ 104558953721 ],,,,, 
  [ 1752610351 ],,,, [ 41149313937569 ],,,,, [ 768195125017 ],, [ 241041597977 ],,,, 
  [ 71323741441, 137336640481 ],, [ 1234072253 ],,,,, [ 8976397939 ],,,,,,,,, [ 3697857073 ],
  ,,, [ 121867617661 ],,,,,,, [ 101596151989 ],,, [ 265258896250741 ],,, [ 51093246907 ],,,,,
  ,,, [ 1117298983 ],,,, [ 5817918151 ],,,,,,,,, [ 4265882443 ],,,, [ 54939689281 ],,, 
  [ 2079680531 ],,,,, [ 5459328313 ],,, [ 29903563273 ],,,,, [ 24771518419 ],,,,,,,, 
  [ 10156336441 ],,, [ 1300837201 ],,,,, [ 13854760471 ], [ 1360599701 ], [ 15791266181 ],,,,
  ,,, [ 1765251469 ], [ 1031327221 ],, [ 1013447119 ],,,,,,, [ 10985096635169 ],, 
  [ 3662655481 ],,, [ 2112981571 ],,,,,,,,, [ 45125788759 ], [ 1527119317 ],,,,,,,,, 
  [ 145829926243 ], [ 75359699699 ],, [ 9975072937 ], [ 1496784319, 460470721661 ],,,,,,,,,, 
  [ 3312275311 ],, [ 23975972903 ],,,,,,,,,, [ 14747030143 ],,, 
  [ 214292531251, 3740072383513 ],,, [ 20630231504371 ], [ 114674398411 ],,,,, 
  [ 37268851447 ],,,,,, [ 1243938697 ],, [ 1334645317 ],,,,,,,,,,,, [ 4449224473 ],, 
  [ 2031997423 ],,, [ 3848896664429 ],,,,,,, [ 2048600839 ],,,, [ 91272121813 ], 
  [ 2812181809 ], [ 148467484141 ], [ 17493422101 ],, [ 1329519689 ],,,,,, [ 33685741853 ],,,
  ,,, [ 56707460993 ],,,,,, [ 1175536381 ],,,,,,, [ 19385009827 ],,,,,,,,,,,,,,,,,, 
  [ 2179647961 ],, [ 1545892333, 36406820293 ], [ 43121862943 ],,,, [ 701878036051 ],, 
  [ 2948061433, 9418193737 ],,,,,,,,,, [ 25970205769 ],, [ 1285551697 ], [ 447884765833 ],,,,
  ,, [ 3884282957 ],,, [ 327418050697 ],,,,,,,,,,,,,,,,,,, [ 6953158411 ],,,,,,,,, 
  [ 8258102117, 22650257953, 24376876259 ],,, [ 125243158193371 ],,,,,,,,,,,, [ 3641168081 ],
  , [ 116061493241 ],,,, [ 46459073651 ],,,,,,,,,,,,,,,,, [ 48197248361473 ],, 
  [ 259326671917 ],,,,,,,, [ 71201874589 ],, [ 8876995117 ],,, [ 25140534407 ], 
  [ 26187012337 ],,,,,,,,,,,,,,,,,,,,,,,,,,,,,,,,,,,,, [ 308285511211 ],,,, [ 4117094341 ],, 
  [ 45212766631 ],,,,,,,,,,,,,,,,,,,,, [ 2803977073 ], [ 3786093439 ],, [ 3625938806251 ], 
  [ 8466712549 ],,,,,,, [ 306172568773 ],,, [ 2050283803, 51213324763 ],,,,,,, 
  [ 1073452153 ],,,, [ 6739430167, 39999986447 ],,,, [ 192025465871 ],,,,,,,,,,,,, 
  [ 1242898009 ],,,,,,,,,,,,,,,,,,,, [ 65700320141 ],,,,, [ 2304253309 ],,,,,,,,, 
  [ 27474621221 ],,,,,,,,,,,,,,, [ 4379394153187 ],, [ 535742225611 ], [ 32296061971 ],,,,,,,
  ,,,,,,,,,,,,,,,,,,,,,,, [ 22578955851481 ],,,,, [ 18865544059 ],,,,,,,,,,,,,, 
  [ 96722575171 ],,,,,,, [ 3119365995367 ],,,, [ 5099942423 ],,,,, [ 2899207819 ], 
  [ 16271561057 ],,,,, [ 704117873551 ],,,,,,,, [ 620869374271 ],,,,,,,,, [ 19014323719 ], 
  [ 21656428441, 28823347801 ],,,,,,,,,,,,, [ 1499568841 ],,,,,, [ 210858079753 ],,,,,,,,,,,,
  ,,,,,,,,,,,,,,,,,,,,,,,,,,,,,,,,,,,,,, [ 1651800817 ],,,,,,,,,,,, 
  [ 33213373153, 489876419449 ],,,, [ 1501432561 ],, [ 1703416933, 23838090949 ],, 
  [ 1587737057, 6206206865473 ],,,,,,,,,,,,,,,,,,,,,,,,,,,, [ 13890322273 ],,,,,,,, 
  [ 852506304841 ],,,,, [ 1029384091, 3107642471 ],,,,,,,,,, [ 7752840971 ],,,,,,,,,,,,,,,, 
  [ 161378276266351, 542408844711427 ],,,,,,,, [ 2131975259 ],,,, [ 1744512589 ],,,,,,,,,,,,
  , [ 7638824441 ],, [ 14967401587 ],,, [ 7412350334761 ],,,,,,,,,,,,,,, [ 1140098929 ],,,, 
  [ 1548567821 ],,,,,,,, [ 1488213973 ],,,,,,, [ 1765254401, 70351085351 ],,, 
  [ 2785612125193 ],,,,,,,,,,,,,,,,,,,,,,,,,,,,,,,, [ 1243068751 ],,, [ 17197737877 ],,,,,,,,
  ,,, [ 24006357593 ],,,, [ 984258206929 ],,,,,,,,,,,,,, [ 40948019821 ],,,,,,,,,,,,,, 
  [ 9179246941 ],,,,,,,,,,,,,,,,,,,,,,,, [ 10170432581 ],,,, [ 183230003633 ],,,, 
  [ 14627345353 ],,,,,,,,,,,,,,,, [ 9362527049 ],,,, [ 157502376411409 ],,,,,,,,,,,,,,,,,,,,,
  , [ 579432250981 ],,,,,,,,,,,, [ 2329628929 ],,, [ 11641670496571 ],,,,,,,,, 
  [ 764725168393 ],,,,,,,,,, [ 105529973473 ], [ 3329293091 ],,,,, [ 51654635761 ],, 
  [ 143889048769 ],,,,,,,,,,,,, [ 2587809421 ], [ 1676640439, 18178783019 ],,,,,,,, 
  [ 2086235989 ],,,,, [ 2476279093 ],,,,,,,,, [ 34678534837 ],,,,,, [ 2654311369 ],,, 
  [ 729081997531 ],,,,,, [ 6182460121 ],,,,,,,,,,,,,,,,,, [ 1258216807 ],,,,,,,,,,,, 
  [ 221694470457379 ],, [ 2784893791 ],,,, [ 1003762633 ],,,,,,,,,,,,,,,,,,,,, 
  [ 6435165001 ],,,,, [ 1242123521 ],,,, [ 1649895675313 ],,,,,,,,,,,,,,, [ 118283098669 ],,,
  ,,,,,,,,,,,,,,,,,,,,,,,,,,,,, [ 1181389301, 2485215529 ], [ 115604413417 ],,,,,,,,,,,,,,,,,
  ,,,,,,,,,,,, [ 3213988303 ],,,, [ 13109069881 ],, [ 7480869178609 ],,,,,,, [ 183903362689 ]
   ,,,,, [ 11115109633 ],,,,,,,,,,,,,,,,,,, [ 2792231437 ],,, [ 55469828569 ],,,,,, 
  [ 1247229817 ],,,,,, [ 78391854757 ],,,,,, [ 2932849081 ],,,,,,,,,,,,,,,,,,,,,,,,,,,,,, 
  [ 1840120903 ],,,,,,,,,,, [ 4495446980641 ],,,,, [ 2775584321 ],,,,,,,,,,,,,,,,,,,, 
  [ 52247625513841 ],,,,,,,,,,,,,,,,,, [ 890834492809 ],,, [ 2417504977 ], [ 186288681437 ],
  , [ 1803638929 ],,,,,,,,,,,,,,,, [ 37745173111 ],,,,,,,, [ 47224901791, 2083145694961 ],, 
  [ 18963710921 ],,,,,,,,,,,,,,,,,,,,,,,, [ 8466141521 ],,,,,,, [ 1406049283 ], 
  [ 136541881937 ],,,,,, [ 23885227111 ],,,,,,,,,, [ 27884379329 ],, [ 110407883801 ],,,, 
  [ 47913029273 ],, [ 4531967777 ],,,, [ 26010604601 ],,,,,,, [ 219432069397 ],,,,,,,,,,,,,,
  , [ 396062215333 ],,,,,,,,,,,,,,,,,,,,,,,,,,,, [ 4900805501 ],,,,,,,,,,,,,,,,, 
  [ 16829043559, 63994024333 ],,,,,,,,,,,,, [ 231410532181 ],,,,,,,,,,,,,,,,,,,,,,,, 
  [ 753085040353 ],,,,,,,,,,,,,,,,,,,,,, [ 2311630999 ],,,,,,,,,,,, [ 3472039061 ],,,,,,,,,,,
  , [ 1490315401 ],,,,,,,,,,,,,,,,,,,,,,,,, [ 2644555351, 8760004651 ],,,,, 
  [ 1929419801, 3961194161 ],,,,,,,, [ 26822151841 ],,,, [ 6316971461 ],,,, [ 586473747481 ],
  ,,,,,,,,,,,,,,,,,,,,,,,,,,,,,,,,,,,,,,,,,,,,,,, [ 835548786049 ],,,,,,,, [ 30525537697 ],, 
  [ 510420345263 ],,,,,,,,,,,,,,,,,, [ 2447136257021 ],,,,,, [ 2038257971 ],,,,,,,, 
  [ 1886930803 ],, [ 18025337749 ],,,,,,,,,,,,,, [ 1233884297, 2884153277881 ],,,,,,,,,,,,,,,
  ,,,,,,,, [ 348849791551 ],,,,,,,,,,,,,,, [ 60893476921 ],, [ 63945285809 ],,,,,,,, 
  [ 17816565001 ],,,, [ 72185964803, 210768859199 ], [ 1064658843151 ],,,,,,,,,,,,,,,,,,,,,,,
  ,, [ 19173653281 ],,,,,,,,,,,, [ 1417996081 ],,,,,,,, [ 28804901401 ],,,,,,,,,,,,,,, 
  [ 1997121751, 3239570491 ],,,,,,,,,,,,,,,,,,,,,,,,,,,,,,,,,,,,,,,,,,,,,,,,,,,,,,,,,,,,,,,,,
  ,,,,,,,,,, [ 979560612871 ],,,,,, [ 42985365817 ],,,,,,,,,,,,,,,,,,,,,,,,,,,,,, 
  [ 1073257034779 ],,,,,,,,,,,,,,,,,,,,,, [ 1524778009 ],, [ 1092756451 ],,,,,,,, 
  [ 2752917259 ],,,, [ 1139240341 ],,,,,,,,,,,,,,,,,,,,,,,,,,,,,, [ 46944475021 ],, 
  [ 116478227149 ], [ 1520940121 ],,,,,,,,, [ 396741167377, 404317551217 ],,,,,,,,,,,,,,,, 
  [ 56246639681 ],, [ 168094300291 ],,,, [ 10206870871 ],,,, [ 2313734971 ],,,,,,,,,,,,,,,,,,
  ,,,,,,, [ 1200352861 ],,,,, [ 2513737361 ],,,,,,,, [ 1040946161 ],,,, [ 1368526073 ],,,,,,,
  ,,,,,,,,, [ 40198319461 ],, [ 2394526411 ],,,,,,,,,,,,,, [ 1976217361 ],,,,,,,,,,,,,,,, 
  [ 227366686741 ],,,,,,,,,,,,,,,,,,,,,,,, [ 6638763097 ],,,,,,,,,,,,,, [ 27048663989 ],,,,,,
  ,, [ 11078145626419 ],,,,,,,,, [ 15549571801 ],,,,,,,,,,,,,,,,,,,,,,, [ 9268755953 ],,,,,,,
  ,,, [ 1705602133 ],,,,,,,, [ 103778281573 ],, [ 1392298051 ],,,, [ 1852625501 ],,,,,,,,,,,,
  ,,,, [ 1408609231 ],,,,,,,,,,,, [ 126533812501 ],,,,,,,, [ 5447390111 ],,,,,,,,,,,,,,,,,,,,
  ,,,, [ 2603135473 ],,,,,, [ 304961724373 ],,,,,, [ 8339314439 ],,,,,,,,,,,,,,,,,,,,,,,,,, 
  [ 1488027521 ],,,,,,,,,,,,,,,, [ 11185027981 ],,,,,,,, [ 4683133669 ],,,,,, 
  [ 10903631201 ],,,, [ 61910844847, 216615815863 ],,,,,,,,,,,,,,,,,,,, 
  [ 19621538821, 44313384337 ],, [ 37311267481 ],,,,,, [ 1648192506343 ],,,, [ 40798911929 ],
  ,,,,,,,,,,,,,,,,,,,,,,,,,,,,,,,,, [ 9081562001 ],,,,,,,,,, [ 155664584371 ],,,,,,,,,,,,,,,,
  ,, [ 1768621093 ],, [ 30526129301 ],,,,,,,,,,,, [ 1062224087 ],,,,,,,,,,,,,, 
  [ 3676746361 ],,,,,,,,,,,,,,,,,,,,,,,,,,,,,,,, [ 34105490833 ],,,,,,,,,,,, [ 6868053421 ],,
  ,,,,,,,,,, [ 80777285569 ],,,,,, [ 69151836223 ],,,,,,,, [ 90175467761 ],,,,,,,,,,,,,,,,,,,
  ,,, [ 5994161389 ],,,,,, [ 33118857829 ],,,,,,,,,,,, [ 302471445457 ],,,,,,,,, 
  [ 18716713471 ], [ 16786931713 ],,,,,,,,,,,, [ 1728749101 ],,,,,,,,,,,,,,,,,,,,,,,,,,,,,,,
  , [ 130165636501 ],,,,,,,,,,,,,,,,,,,,,,,,,,,,,,,, [ 1371724397 ],,,,,,,,,,,,,, 
  [ 13665577927 ],,,,,,,, [ 10735788619 ],,,,,,,,,,,,,,,,,,,,,,,,,,,,,,,,,,,,,,,,,,,,,,,,,,,,
  ,,,,,,,,,,,,,, [ 1278247081 ],,,,,, [ 2449747458343 ],,,,,,,,,,,,,,,,,,,,,,,,,,,,,,,,,,,, 
  [ 4545944911 ],,,,,,,,,,,,,,,,,,,,,,,,,,,, [ 9333449231 ],,,,,,,,,,,,,, [ 37828907329 ],,,,
  ,,,,,,,,,,,,,, [ 1589264167 ],,,,,,,, [ 3733478911 ],,,, [ 1221089581 ],,,,,,,,,,,,,,,,,,,,
  ,,,,,,,,,,,,,,,,,,,,,,,,,,,, [ 17782785571 ],,,,,,,,,,,,,,,,,,,,,,,, [ 7757549749 ],,,, 
  [ 3428150951 ],,,,,,,, [ 1788375739, 55020533467 ],,,,,,,,,,,,,,,,,,,,,,,,,,,,,,,,,,,,,,,,,
  ,,,,,,,,,,,,,,,,,,, [ 1270556479 ],,,,,,,,,,,,,,,,,,,,,, [ 99372800281 ],,,,,,,,,,,,,,,,,,,
  ,,,,,,,,,,,,,,,,,,, [ 233896273549 ],, [ 92717680301 ],,,,,,,,,,,,,,,,,,,,,,,,,,,,,,,,,,,,,
  ,,,,,,,,,,,,,,,,,,,,,,,,,,,,,,,,,,,,,,,,,,,,,,,,,,,,,,,,,,,,,,,,,,,,, [ 3591223879 ],,,,,, 
  [ 5667846853 ],,,,,, [ 44293077559 ],,,,,, [ 7879684513 ],,,,,,,,,,,,,,,,,,,,,,,,,,,,,,,,,,
  ,,,,,,,,,,,,,,,,,,,, [ 15486671461 ],,,,,,,,,,,,,,,,,,,,,,,,,,,,,,,,,,,,,,,,,,,,,,,,,,,,,, 
  [ 420815835896017 ],,,,,,,,,,,,,,,,,,,,,,,,,,,,,,,,,,,, [ 68464008673 ],,,,,, 
  [ 6034895683 ],,,,,,,,,,,,,,,,,,,,,,,,,,,,,,,,,,,,,,,,,,,,,,,,,,,,,, [ 1024451749 ],,,,,,,,
  ,,,,,,,,,,,,,,,,,,,,,,,,,,,,,,,,,,,,,,,,,,,,,,,,,,,,,,,,,, [ 72290986903 ],,,,,,,,,,,,,,,,,
  ,,,,,,,,,,,,,,,,,,,,,,,,, [ 10946522137 ],,,,,,,,,,,,,,,,,,,,,,,, [ 11980392481 ],,,,,,,,,,
  ,,,,,,,,,,,,,, [ 2124104929 ],,,,,,,,,,,,,,,,,,,,,,,,,,,,,,,,,,,,,,,,,,,,,, [ 2125095701 ],
  , [ 3152345473, 25217700481 ],,,,,,,,,,,,,,,,,,,,,,,,,,,,,,,,,,,,,,,,,,,,,,,,,,,,,,,,,,,,,,
  ,,,,,,,,,,,,,,,,,,,,,, [ 1592449297 ],,,,,,,,,,,,,,,,,,,,,,,, [ 1690074181, 8414441641 ],,,
  ,,,,,,,,,,,,,,, [ 7041652921 ],,,,,,,,,,,, [ 6630918001 ],,,,,, [ 1845329041 ],,,,,,,,,,,, 
  [ 1202816101 ],,,,,,,,,,,,,,,,,,,,,,,,,,,,,,,,,,,,,,,,,, [ 17985463831 ],,,,,,,,,,,,,,,,,, 
  [ 10644731281 ],,,,,,,,,,,,,,,,,,,,,,,, [ 67158795961 ],,,,,, [ 6033349111 ],,,,,,,,,,,,,,,
  ,,, [ 2986351873 ],,,,,,,,,,,, [ 10705939837 ],,,,,,,,,,,,,,,,,, [ 4778062042531 ],,,,,,,,,
  ,,,,,,,,,,,,,,,,,,,,,,,,,,,,,,,,,,,,,,,,,,,,,,,,,,,,,,,,, [ 16996442401, 120307654657 ],,,,
  ,,,,,,,,,,,,,,,,,,,,,,,,,,,,,,,,,,,,,,,,,,,,,,,,,,,,,,,,,,,,,,,,,,,,,,,,,,,,,,,,,,,,,,,,,,,
  ,,,,,,,,,,,,, [ 3554895241 ],,,,,,,,,,,,,,,,,,,,,,,,,,,,,,,,,,,,,,,,,,,,,,,,,,,,,,,,,,,,,,,
  ,,,,,,,,,,,,,,,,,,,,,,,,,,,,,,,,,,,,,,,,,,,,,,,,,,, [ 1020302167 ],,,,,,,,,,,,,,,,,,,,,,,,,
  ,,,,, [ 47859634729 ],,,,,,,,,,,,,,,,,, [ 10607730607 ],,,,,,,,,,,, [ 75557264287 ],,,,,,,,
  ,,,,,,,,,,,,,,,,,,,,,,,,,,,,,,,,,,,,,,,,,,,,,,,,,,,,,,,,,,,,,,,,,,,,,,,,,,,, 
  [ 28538451271009 ],,,,,,,,,,,,,,,,,,,,,,,,,,,,,,,,,,,,,,,,,,,,,,,,,,,,,,,,,,,,,,,,,,,,,,,,,
  ,,,,,,,,,,,,,,,,,,,,,,,,,,,,,,,,,,,,,,,,,,,,,,,,,,,,,,,,,,,,,,,,,,,,,,,,,,,,,,,,,,,,,,,,,,,
  ,,,,,,,,,,,,,,,,,,,,,,,,,,,, [ 2932027201 ],,,,,,,,,,,,,,,,,,,,,,,,,,,,,,,,,,,,,,,,,,,,,,,,
  ,,,,,,,,,,,,,,,,,,,,,,,,,,,,,,,,,,,,,,,,,,,,,,,,,,,,,,,,,,,,,,,,,,,,,,,,,,,,,,,,,,,, 
  [ 2087217289, 10645810111 ],,,,,,,,,,,,,,,,,, [ 8893075621, 12137402581 ],,,,,,,,,,,,,,,,,,
  ,,,,,,,,,,,,,,,,,,,,,,,,,,,,,,,,,,,,,,,,,,,,,,,,,,,,,,,,,,,,,,,,,,,,,,,,,,,,,,,,,,,,,,,,,,,
  ,,,,,,,,,,,,,,,,,,,,,,,,,,,,,,,,,,,,,,,,,,,,,,,,,,,,,,,,,,,,,,,,,,,,,,,,,,,,,,,,,,,,,,,,,,,
  ,,,,,,,,,,,,,,,,,,,,,,,,,,,,,,,,,,,,,,,, [ 36481014421 ],,,,,,,,,,,,,,,,,,,,,,,,,,,,,,,,,,,
  ,,,,,,,,,,,,,,,,,,,,,,,,,,,,,,,,,,,,,,,,,,,,,,,,,,,,,,,,,,,,,,,,,,,,,,,,,,,,,,,,,,,,,,,,,,,
  ,,,,,,,,,,,,,,,,,,,,,,,,,,,,,,,,,,,,,,,,,,,,,,,,,,,,,,,,,,,,,,,,,,,,,,,,,,,,,,,,,,,,,,,,,,,
  ,,,,,,,,,,,,,,,,,,,,,,,,,,,,,,,,,,,,,,,,,,,,,,,,,,,,, [ 2052291301 ],,,,,,,,,,,,,,,,,,,,,,,
  ,,,,,,,,,,,,,,,,,,,,,,,,,,,,,,,,,,,,, [ 2166000751 ],,,,,,,,,,,,,,,,,,,,,,,,,,,,,,,,,,,,,,,
  ,,,,,,,,,,,,,,,,,,,,,,,,,,,,,,,,,,,,,,,,,,,,,,,,,,,,,,,,,,,,,,,,,,,,,,,,,,,,,,,,,,,,,,,,,,,
  ,,,,,,,,,,,,,,,,,,,, [ 2867377801 ] ]);
