BRENTFACTORS[3944]:=MakeImmutable([ ,,,,,,,,,, [ 9199379868383 ],, [ 4010663813640262481 ],,,
  , [ 6245044923371805460635373 ],,,, [ 4695254068723 ],, [ 33323130343 ], [ 2589183673 ], 
  [ 16834067251, 6202500019813691857429351 ], [ 1343572131487 ], 
  [ 162728158357, 464916610079281 ],, [ 64231929887, 4268194706788019719 ],,,,, 
  [ 576137050965320537212688759 ], [ 11471624546002772971 ], [ 1787799133 ], 
  [ 397023910047698447513, 9929773844023421289753595693 ],, [ 1370409358527854751093750283 ],
  , [ 1140627093473515557417428701121817089 ],,, 
  [ 5939308409, 12978622889, 112070018835445661 ], [ 7290175331567807641 ],, 
  [ 305809324177616824653025184483 ], [ 25919491500231182881 ], [ 45483503154628183 ], 
  [ 33705322496536269427001 ],, [ 863407596502205960141 ], [ 1800559037 ], 
  [ 14284787239, 8431276550330971 ], 
  [ 401437666741, 10270688273231, 3430437788980915676921, 34261518859810595420571734231 ], 
  [ 83710155806267767911297752103054961 ], [ 19988991991, 92074512267309118780374957421 ], 
  [ 8168769241943 ], [ 23974737557 ], [ 46707943803121 ], [ 11295212793295511 ], 
  [ 356844462273374993156063550726037315956749 ],, 
  [ 27331312767799214926682950209860080686877682881 ],, [ 935693895313 ], 
  [ 10908475022189762515503419 ], [ 1028246995189, 160205924301286901 ], 
  [ 16660897873, 9444261221761, 57732055281309037241284989481, 
      32709847162374941882281253005057 ], [ 35601348924841726962293756737728761 ], 
  [ 76995069995165770397 ], [ 4239913465873 ], [ 3776904077, 9366365887 ], 
  [ 3064454670518950285757, 336648383220605230864095935253625158967789663 ], 
  [ 192269077501, 9403044523092928801, 7186182669456963364415691536251 ], 
  [ 8506732178568487854677226008317, 3905779588995093245102303050258189 ],,,, 
  [ 150243693396720881, 3494850470214420908321 ],, 
  [ 42786073456570877, 1798388268072286395438344281590057396836924628719 ], 
  [ 1593924697, 13546622693797, 16535465494511007661 ], 
  [ 1235547025708125144337, 1323804557712978737593 ],, [ 6775913857 ], 
  [ 4259950477, 5707607828926123, 87684229655003524194624347731 ], 
  [ 12472301149049671062673, 5543364920000937956663441, 29570453241296200733732604581441 ],, 
  [ 46850762521, 34874965385641, 21090176196221067734431 ], [ 1159921082188597 ], 
  [ 9759068177, 746732155489 ], [ 691279206377443, 1081464497054653 ], 
  [ 409745329417173067 ], [ 5075685228009241 ],, [ 166338361009 ], 
  [ 402904851413, 1326004371007, 8134137299222836259, 144051815695258942423, 
      482734797156870997411, 2262089187564445626661 ], 
  [ 2873874765566139787, 26708127890834160666523 ], [ 3706881552685493201 ], 
  [ 132505405913, 27367500686899237, 133996318609157028461357 ], 
  [ 3893813204317, 153086118906475961215759, 5954861238689767019274702605965243 ],, 
  [ 13617526607569, 60406159451089413895961 ],,,, 
  [ 152449254058573, 9610111864819509607508612723131436718386472527977 ], 
  [ 1867040509, 49734925481 ], 
  [ 2444424511, 3501841777831, 94745871293261, 2812402077027753343408274341 ], 
  [ 54610318351 ], [ 42687930537536885441 ], [ 155746861531, 2630042032477, 5459887735731197 
     ], [ 10526678047111 ], [ 1536604471, 10886509251882957961 ], 
  [ 87943482483229, 495906084101633, 49423635429860129, 518339699212172364689 ],,, 
  [ 3381522803, 24507773207, 101811473639, 793815823039 ], 
  [ 213027212617790329378154686016161 ], 
  [ 47559010382048353, 1880131593281530271, 23215282880604427846157 ], 
  [ 12279488715939025573 ], [ 6112504479511 ], [ 154236778536116087177 ],, [ 1006292154799 ],
  [ 357687855871 ],, [ 9065478613, 169961847212925923072242621 ],,,,,, 
  [ 163657332854427641221 ], [ 5332820033 ], [ 2815143131, 108985343021893005583 ],,,, 
  [ 2317302289 ], [ 459073027591, 1007640442852720993909 ],, 
  [ 350976636828560737, 675669977991916849, 1081575199165526497 ], [ 19022008571 ],, 
  [ 23831674361839 ],, [ 486698461563359 ],,, [ 3969373601 ], 
  [ 64825516069867459, 197082945059815999 ], [ 3934659431627 ],, 
  [ 156388012471081, 3375632468897279761 ], [ 2201968961, 713631034829 ],, [ 38132400760921 ]
   ,, [ 569515283806421, 40068542762218979 ],,, [ 10180051328285513 ], 
  [ 33364867453770799651, 329842656787057065445861 ], [ 217610497427 ], [ 13480669958869 ], 
  [ 8361356848227937, 279474280049309246694527281 ],,, 
  [ 968798385080893, 7247673103015369, 798406870171039855741 ], [ 91896102423266773 ], 
  [ 1303899617, 30126613403 ], [ 3112072329569953 ], [ 2626971551 ],,, [ 31575538013111 ],, 
  [ 696811265461, 27382629600378788477218021 ],, [ 24669241561037347, 38640392768734667 ], 
  [ 1594614421, 3682561157929 ],, [ 23855268631, 1044484268693731 ], [ 1592747688391 ],, 
  [ 541560880241 ],, [ 613645216715990161, 1592709292411138471, 28850696500868007313205261 ],
  [ 4924776853, 2379174720416981 ], [ 364213672530817, 25387167181899198070321954434241 ], 
  [ 179065135591, 1647423373201 ], [ 264411159133337, 599293632983638937657 ], 
  [ 7685100687799472341 ], [ 104918250390831913813 ],,, [ 3397850177, 24593444037208381 ], 
  [ 7301329098601 ], [ 109898296897 ], [ 1858608310146775051283 ], [ 81091108771 ],, 
  [ 27622869902611 ],,,, [ 2691075641, 131742454031 ], 
  [ 3327360103359811, 16142592752687152291 ],, [ 3282684533 ],, [ 26701449461123 ], 
  [ 1981878601, 19222285128961 ], [ 512921385909977617, 857659916492721147313 ], 
  [ 8348359469853584329 ],, [ 617941203709, 11991298511824057 ],,, [ 6227664284263 ], 
  [ 726485390009509673 ], [ 18734021537902049 ],, [ 87987482641633 ],,, 
  [ 13210552001, 193728611293829 ], 
  [ 195606915080711, 4455428658382957601, 60200931701842541251 ], 
  [ 1475027863, 1665094050313, 8095429894377053989069 ], 
  [ 14786958481, 726823566248054943817 ],,, [ 15864351331 ], [ 5466316489, 1583577820361 ],,,
  , [ 2219240046854774401 ],, [ 4671737988787 ], [ 12386843839, 1137918273208111 ],, 
  [ 8272410532261 ], [ 33683383459017198931 ],, 
  [ 64154524657221501842610769, 884060575933485050650249057 ],,,, [ 152707965229 ],, 
  [ 2438074994508417923 ],, [ 7675771030520321 ],, [ 277605871759 ], [ 3206810573 ], 
  [ 372861513181 ], [ 20443740589, 102381596604739, 84267237578686919677 ], 
  [ 3307077031953017 ],, [ 1898104344313 ],, [ 27929545658421499 ],, 
  [ 10804819589, 18175139852467561, 67684956475748510753 ], [ 39677018936003 ], 
  [ 280306837981 ], [ 3799311059 ],,, 
  [ 547490217455063, 1737997082771751971329, 3595921665180854168321 ], 
  [ 124570964101, 566146136628601 ], [ 67722414493, 6130789209709 ],, 
  [ 101279592754872209683493 ], [ 372135442206877399 ],,, [ 19652077581187 ], 
  [ 12002852399 ],, [ 37573867621 ],, [ 14953706671209715403 ], [ 1031917680947136097 ], 
  [ 69100472165728691 ], 
  [ 36334621070423561, 5770219296664411661, 50437038801075285347511251 ], [ 7757955258043 ], 
  [ 13740620321795826269 ], [ 51833211762655259 ], [ 11344770664472896747531 ],,, 
  [ 118941604849 ], [ 41858744647073 ], [ 9543981299168317 ], [ 8844985720940101 ],, 
  [ 151719530250397 ], [ 6938476387 ],, [ 17011802599021 ], [ 2606205367, 103612627951003 ], 
  [ 73444974874109 ], [ 1044022292288977 ],, [ 450379561957738987621 ],, 
  [ 2986555817192098009 ], [ 27970321814639 ],, [ 1822149837271 ], [ 411583266280793 ],, 
  [ 655221096849313, 20107437811957303 ],, [ 118066806034837826561 ],, [ 6878142181 ],, 
  [ 366716025826728380389 ], [ 5749225301 ], [ 207094653405173 ], [ 9384019717 ], 
  [ 72321807728689, 2096352704117689, 6597263309991793 ], [ 46438428961, 307383686944174499 ]
   ,,, [ 78126332271340369 ],, [ 18043094160001 ], [ 59622693774417661 ], 
  [ 1716759409, 3587635603149361, 46662312448303777 ],,,, 
  [ 26359431220136701, 289930368790808382961 ], [ 5777583663919 ], 
  [ 10844408233, 1485073461627397, 428786649654581642213143 ], [ 508176891723257 ],, 
  [ 501442703506141, 2009812220069461 ], [ 935707474948153 ], [ 87761723611, 137364220183 ],
  , [ 575822411551 ],,, [ 95114187521, 4464461751982584353 ], [ 11802312861769 ], 
  [ 1603897381813881877 ], [ 9461357051, 8636479241203711 ], [ 4896007481, 137026937569 ],,, 
  [ 9821709758437 ], [ 88581991864279434841 ], [ 1517739410484893 ],, [ 14456994091 ], 
  [ 1191415681 ],, [ 8723851013191243, 330162680591514876277 ], 
  [ 452677138699, 33370170169933 ], [ 255184952952924817 ],, [ 2623291061816221685521 ], 
  [ 3274358570141 ], [ 89323166811553, 628110609738673224859859629 ],, 
  [ 18538353864832321763 ], [ 25487763834977497266001 ],,, [ 1025081167321 ], 
  [ 2463602580899 ],,,,, [ 3496279681, 5958054411250886017 ],,, [ 5506762906490828887 ], 
  [ 2941667009, 7944854453, 17813969707245469, 1203817613984121349 ], [ 177646131541 ],,,, 
  [ 2122514407861 ],,, [ 4990942837 ], [ 1135376144999 ],,, 
  [ 1610962250577694801, 25391416194096880001 ],, [ 406507605901 ],,,, [ 200366593718593 ], 
  [ 30273245267 ], [ 2779211137 ],,, [ 7424723221, 138010713391 ], 
  [ 20672436193, 305102325720701809, 2883351185508358309 ],, 
  [ 224825366989, 570817962841555615033 ],, [ 476513310209 ],, [ 2055075901808856763 ],, 
  [ 33523397005561, 3142948567233721, 6600648906313064821, 1751592207792086672461 ], 
  [ 71138744441, 20111316920581, 740956653167881 ],,,, [ 6570399701 ],,,, [ 22268464219 ],,,,
  ,, [ 5442782641 ],, [ 1252503114451 ],,, [ 101695714582001, 23318485032095441 ],, 
  [ 249108433523 ],, 
  [ 830608379097529, 868735824678781, 95909626555988269, 4752955424750737597 ],,, 
  [ 811303581912169 ],,, [ 231042591814501, 859429376617973851 ],, [ 23576765130053 ],,, 
  [ 27448974812351 ],,, [ 45590469288735817 ], [ 7792481773567 ],,,, [ 1283206414043 ], 
  [ 170112245153 ], [ 123501239761, 1198782373241731 ], [ 15531097990553857 ],, 
  [ 50806818386527789, 312114008442849913, 101896391547130700521 ],, [ 72342880521421 ],,,,, 
  [ 2645141840401 ],, [ 2887718289751 ],, [ 122938821096493 ],,, [ 372520518789413 ],,,, 
  [ 55197541051093464841 ],,,,, [ 29861629163 ],, [ 3963057409, 13052182889 ],,, 
  [ 70529777606100049, 310749814604117809 ], [ 4568245081 ],, [ 1324694303 ], 
  [ 28834729187405501 ], [ 1731856801, 788565387437257 ],,, [ 2954790721, 1132277231737 ], 
  [ 3627047671081 ],,,,, [ 4771691756086681, 14761002083004241 ],, [ 6130007041 ], 
  [ 25901170260599773 ],, [ 22722268651 ], 
  [ 7263260377, 1215402881557, 2073652372369, 8987318686933 ],, 
  [ 1116194533637, 23737885863749 ], [ 69530949001 ],,,,, 
  [ 4756226480209, 27277230164388709 ],, [ 2906760490246471, 1024550134610018668703 ],, 
  [ 28303384175089, 187514507420593 ],, [ 3967122611, 3351588522915371, 277620969995422271 ],
  , [ 33543754973 ],, [ 4447084379047, 12403229699407 ],, [ 90954247897 ], 
  [ 3060152770594951 ],,,,, [ 700753239553, 1665003960189019 ], [ 2614787441899 ], 
  [ 73903104174817, 6177838801108888097, 23126459191768691009 ],,,, [ 17259736213 ],, 
  [ 2269351151 ],,,, [ 1859466147307 ],,,, [ 1687501369 ], [ 1980419611 ], 
  [ 3617200710481, 42086526170641 ], [ 53997596234975119 ], [ 12602017679 ],, [ 1915368253 ],
  , [ 6570568349, 1838915013313789 ],,, [ 3638569507 ], [ 150125515665997888831 ],, 
  [ 44655314808417457 ],, [ 928537405391, 360239586930469 ],, 
  [ 432778309063489, 295895448468266113, 101959610427524685889 ],, 
  [ 434461127879, 141481116945834541 ],, [ 1535069761, 115189096045721 ], [ 50956330769 ], 
  [ 13031775426001627, 1707855323140438856089 ],, [ 64303923243073, 520778715626981700953 ], 
  [ 1604693611 ],, [ 150774305293 ], [ 12530578117, 148300925893 ],,,, [ 74689845169 ],,, 
  [ 5997575011 ],,, [ 119583057278621, 166958817536148769 ],,,, [ 194663093305345897 ],, 
  [ 195770357837 ],, [ 44308494847387, 59210338238111706553 ],, 
  [ 10500481633, 2997760257313 ],,,,,,, [ 123726989041 ], [ 55796926417, 2499396085649 ],, 
  [ 440992682257, 2935927303586737 ], [ 4477646683 ],,,,, 
  [ 6025282103630677681, 4646586049431849184273 ], [ 1080302501, 2116461251 ],, 
  [ 20315192503 ], [ 4904241029, 19946886491197 ],,,,, [ 1498402153 ],,,,, [ 1646842767329 ],
  [ 3384219403 ],,, [ 48040027969, 65203293245731 ], [ 205445551139 ], [ 15691383289 ],,,,,,,
  ,,,,, [ 29616752129 ],, [ 493629487163 ], [ 1506506951 ], [ 44054132633608021 ],,,, 
  [ 208185197537 ],, [ 10820665171 ],,,,,, [ 7262683095361, 740708583989461249 ], 
  [ 1068212521 ], [ 5408639713 ], [ 68764235851 ],,,,,,,, [ 5465527189 ], [ 2958310261 ],, 
  [ 257829795539 ],,,, [ 2488466824505153491 ],,,,,,,,, [ 12486084619 ],,, 
  [ 3133832599, 138810008611 ],,,, [ 64804832285998037 ],, [ 5516375475781 ],, 
  [ 16161261401 ], [ 26722612207 ],,, [ 2008127560840154041 ],, [ 2254071380383877 ],,,,,, 
  [ 14985242849 ],,,,,,, [ 8112184876981 ], [ 5460136471 ], [ 133404558457 ],,,,,,,,,,,,, 
  [ 75197402905657 ], [ 404469213521 ], [ 29160964691 ],,,, [ 144582990001 ],,,, 
  [ 3226652521 ],,,, [ 1544391153245063 ],,,,,,,, [ 56416969337 ],,,, [ 32093266913401 ],,,, 
  [ 22999227337 ],, [ 75659722969 ],,,,,,,,,,,,,, [ 738457504651 ],, 
  [ 3423213289, 875935154630449 ],, [ 197354557339, 9727926675593719 ],,,,,, 
  [ 11786252642850401 ],,,,,, [ 134668829743891 ],,, [ 1785529218269 ], [ 3631536644941 ],,,
  , [ 340574805337757 ],, [ 272309458753, 278129440033 ],,,,,,,,,, [ 2248667060417 ],, 
  [ 26594514599581 ],,, [ 1873012507 ], [ 17152258241, 1475615815272769 ], [ 8752344329 ],,,,
  ,,, [ 88197843556155481, 11909325355159417921 ],,, [ 23904880189 ], [ 25019407791337 ],, 
  [ 11433455659 ],,,, [ 1603766401 ],, [ 1414722997 ],, [ 11150015708010593 ],,,,, 
  [ 3199323836021 ],,,,,, [ 2878934521 ], [ 4291597231 ],,,,, [ 49000583867 ],,, 
  [ 1503819901346029271 ],, [ 8734765906333, 11740177224421, 782775981775873 ],,,,,, 
  [ 94737189961 ],,,, [ 4467259607412307 ],, [ 2293328655721 ],,,, [ 30301293521 ], 
  [ 14367355553 ], [ 93928919646631 ],, [ 5358978689 ],,,, [ 449055632313901 ],,,,,,, 
  [ 83180940977 ],,,,,,,,, [ 1198340513 ],,,, [ 31068530560443001 ],,,,,,,,,,,,,,, 
  [ 311881079621 ],, [ 1609773497 ],,,, [ 2705017421 ],,, [ 9749139233 ],,, [ 6949063273 ], 
  [ 52838747776873 ],,, [ 8237562001 ],,, [ 882421111693765873 ],,, [ 26454856297 ],,,,,,,,, 
  [ 36777639907 ],,,,,, [ 23177824205689 ], [ 9048851351 ],,, [ 59739940081 ],, 
  [ 2178351876853093 ],, [ 2559137120821 ],, [ 493456768583 ],, [ 1092107375992921 ],,,, 
  [ 6338475469, 229816648673 ], [ 12466847413 ], [ 2519467831, 568272795751 ],,,, 
  [ 28546822963261 ],,,, [ 35295747663751 ],,,, 
  [ 245571941557, 89923386636679, 945631539331459 ], [ 121561553881 ],,, [ 1123958531 ],,,,, 
  [ 15961791343 ],,, [ 2879094817, 3499078753 ],,, [ 33394148947 ],,, [ 10918911301 ],,,,,, 
  [ 34447228720200397 ],,,,,,,,,,, [ 17464490321 ], [ 206325998333269 ], [ 301041000823 ],, 
  [ 10351220977 ],,,,,, [ 203150180593 ],, [ 3388047613 ],,,,, [ 2168568936337 ],, 
  [ 73108710049 ],, [ 6909720767 ], [ 1516083463 ],,,, [ 26750803193 ],, [ 2044246201 ],,,, 
  [ 55711693991 ],,,, [ 2109438599 ],,, [ 12731522521 ],,,,,, [ 7641810023 ],,, 
  [ 7426718671 ],,, [ 9188116481 ],,,,,,,,,, [ 319700319607 ],,,, [ 100949424097 ],,,,,,,,,,,
  ,,, [ 6636737053 ],,, [ 516348631879 ],, [ 7879605407 ],,,,,,, [ 7686152521, 10760357473 ],
  , [ 16320046471 ],,,,,,, [ 1335558859 ],,,,,, [ 11590122871 ],,,,,,,,,,,,,,,,,,,,, 
  [ 367830777973 ],,,,,,,,,,,,,,,,,,,,,, [ 3345498451 ],,,,, [ 42149466181 ],,, 
  [ 2555816701 ],,,,,,,,,,,,,,,,,,,,,,,, [ 21807281497 ],,,,,,,,,, 
  [ 78732506533, 2203905433421 ],, [ 25861745291028541 ],,,,,,, [ 672925736291 ],, 
  [ 1077984517 ],,,,,,,,,,,,,,, [ 50073447475393 ],,,,,,,,,,,,,,,,,, [ 8513165281 ], 
  [ 2344130207 ],,,,,,, [ 1195956481 ],,,,,,,,,,,, [ 361294648733 ],, [ 71593668541 ], 
  [ 152515496281 ], [ 13663342599409 ],,,, [ 232295181301 ],,,,,,,,,,,,,,,,, [ 5769850753 ],,
  , [ 6054103441 ],,,,,,,, [ 97003308481 ],,, [ 1652646799 ],,,,,,, [ 1487236507 ],,,,,,,,,,,
  ,,,,,,, [ 2207867677, 19108631317 ],,,,,,,,,,,,,,,,,, [ 6947761531 ],,,, [ 131539559971 ],
  , [ 1714707961, 490086673991041 ],,,,,, [ 4316401920947887 ], [ 37908049843 ],,,,,,, 
  [ 5393628557 ], [ 1086518071 ],,,,,,,,,, [ 4545515011 ], [ 21710180977 ],,,,,,,,,,,,,,,,,,
  , [ 78665748451 ],,,, [ 4116335155903 ],,,, [ 14842770391 ],,,,,,,,, [ 2680725587 ],,,,,, 
  [ 2278414969 ],,,,,,,, [ 9417958369 ],,,,, [ 1421433199 ],,,,,,,,, [ 1299541741 ],, 
  [ 29025824833, 33266751041 ],,,,,,,,,,,,,,,,,,,,,,,,,, [ 14054513131 ],,,,,, 
  [ 6147509761 ],,, [ 7485103231 ],,, [ 7856270281 ],,, [ 296092877497 ],,,,,, 
  [ 2924728171 ],,,,,,,, [ 308410660687 ],,,,,,,, [ 3166833941 ],,,,,,,,, [ 1837046569 ],,,,,
  ,,,,, [ 655945358041 ],,,, [ 153647412671 ],,,, [ 3230690849 ], [ 224536234861 ],,,, 
  [ 2684223991 ],,,,,,,,,,,,,,,,,,, [ 13585630007, 23042346913 ],,,,,,,,,, [ 1813560337 ],,,,
  ,, [ 21831403987 ],,,,,,,,,,,,,,,,, [ 1183421003 ],, [ 4041270635971 ],,,,,,,,,,,,,,,,,,,, 
  [ 1005608083 ],,,,,,, [ 3843755857297 ], [ 28211121683 ],, [ 35181129283 ],,,,,,,,,,,,,,, 
  [ 92973345781 ],,, [ 1129175303 ],,,, [ 9991182769 ], [ 1042120243 ],,,,,,,,, 
  [ 3690186193, 40472423839 ],, [ 2953063601, 5503135861 ],,,,,,,,,, [ 385762846501 ],,, 
  [ 738063470791 ],, [ 1844576501 ],,,,,,,,,,,,,,, [ 25889314151 ], [ 128587226197 ],,, 
  [ 7174194931 ],, [ 1050081919, 100715057483 ],, [ 7593355799461 ],, 
  [ 1001296951, 1471983901 ],,,,,, [ 1602777907 ], [ 1237371977, 2833908793 ],,,, 
  [ 60680770697 ],,,,,,,,,, [ 1501223023, 133957153261 ], [ 6049350877 ], [ 3756513181 ],,, 
  [ 2544973441 ],, [ 96893726771 ],, [ 103517941411 ], [ 1722883597, 187566288341 ], 
  [ 1670348231833 ],,,,,,,,,,,,, [ 5534988241, 20758200691 ], [ 162530638110611 ],,,,,,,, 
  [ 32155780801, 536183106853 ], [ 89387281721 ],,, [ 5021723219 ],,,,, [ 5457127981 ],,,,,,,
  , [ 160187889101 ],,,,,, [ 15697184159 ],,,,,,,,,,,,,,,,,, [ 4048009421, 11128504661 ],,,,,
  ,,,, [ 1798133797 ],,,,,,, [ 2001282229 ],, [ 7296437261 ],,,,, [ 2276510312561 ],,,, 
  [ 322963317041 ],,, [ 1801824151 ],,,, [ 8488941319 ],,,,,,,,,,,,,,,,,,, [ 3160447757 ],, 
  [ 72824516251 ],,,,,, [ 1440052219 ],, [ 15976750357 ],,,,,,,,,,,,, [ 787599291121 ], 
  [ 1119280418467 ],,,,,, [ 2923221137 ],,,,,,,,,, [ 3973377521, 3252400562909 ],,,,,,,,,,,,
  , [ 5640726277 ],,,,,,,,,,,,,, [ 1809048061 ],,,, [ 1213697521 ], [ 1914459611 ],,,,,,,,,,,
  ,,, [ 3852608581 ],,,,,,,,, [ 2654802481 ],,,, [ 11733439441 ],,,, [ 26338194544273 ],,,, 
  [ 1407681001 ],,, [ 1130179123 ],,, [ 3999629233 ],,, [ 591107671909 ],,, 
  [ 2441321497, 137923958521 ],,,,,,,,,,,,,,,,,, [ 1073729941 ],,,,, [ 1066728911 ],,,,, 
  [ 4704238621 ],, [ 142239256129 ],,,,,,,,,, [ 2194163761 ], [ 35278872631 ], 
  [ 293575343797 ],, [ 47016902117 ],,,,,, [ 40280812888049 ],,,,,,,,,,,,, 
  [ 14415882541, 121770595021 ],,, [ 1887235393 ],,, [ 32756445793 ],,,,,, [ 6874953619 ],,,,
  ,,, [ 8622036949 ],,,, [ 5114111773 ],,,,,,,,,,,,,,,, [ 24925024393 ],,, [ 6810334633 ],,,,
  ,,,,,,,,,,,,,, [ 41398388191, 1517187400879681 ],,,,,,,,,,,,,,, [ 2313801961 ],,,,,, 
  [ 5454799321 ],,,,,,,,,,,,,,,,,, [ 13199610763 ], [ 3837774851 ],,,,,,,,,,,,,,,,,,,,,,,,,,,
  ,,,,,,,, [ 699873058411 ],,,,,,,,,,,,,,, [ 480726788221 ],,,,, [ 59352462781 ],,,,,,,,, 
  [ 1748527621 ], [ 2330933401 ],,,,,,,,,,,, [ 1214567353 ],,,,,,,,,,,,,,,,,,,,,,,,,,,, 
  [ 1250173241 ],,,,,,,, [ 2696401043533 ],, [ 1052149541 ],,,,,,,,,, [ 13593945961 ],,,,,,,,
  ,,,,,,,,,,,,,,,,, [ 80583482281 ],,,,, [ 5061655831, 5189560531 ],,, [ 1242205903 ],,,,,,,,
  ,,,,,,,,,,,,,,,,, [ 6127839551 ],,,,,, [ 50429786417 ],,,,,,,,,,,,,,,,,, [ 1064314800209 ],
  ,,,, [ 211452508117 ],,,,,,,, [ 933956025985001 ],,,, [ 2577451423 ],,,,, [ 157588555489 ],
  ,,,,,,,,,,, [ 11538635237, 95529921661 ],,,,,, [ 83622961379 ],,,,,, [ 4826438681 ],, 
  [ 5038934041 ],, [ 3644773201 ],, [ 4466298311 ],,,,,,,,,,,,, [ 5996864593 ],,,,,,,,,,,,,,,
  ,,,,,,,,,,,,,, [ 31858699049 ],,,, [ 8183514721 ],,,,,,,,,,,, 
  [ 1292314633, 19031932397689 ],, [ 125235925999 ],, [ 23180042117 ],,,,, [ 35266000831 ],,,
  ,,,,,,,,,,,,,,,,,,,,,,,,,,,,,,,,,,,, [ 759554197921 ],,,,,,,,,,,,,,,,,,,,,,,,,,, 
  [ 122107968361 ],,,,,,,,,,,, [ 1118441659 ],,,,, [ 6819693869, 518652173597 ],,,,,,, 
  [ 34365749707 ],,, [ 22112320231 ],,,,,,,,,,,,,,, [ 62090878909 ],,,,,,,,, [ 476154916423 ]
   ,,,,,,,,, [ 1616079301 ],,,,,, [ 2411224141 ], [ 1002649367, 5170735103 ],,,,,,,,,,, 
  [ 1041363751 ],,,,,,,,,,,,,,,,,,, [ 16940033969 ],,,,, [ 1180362613 ],,, 
  [ 171448036093309 ],,,,,,,,,,,,,,,,,,,,,,,,,,,,,,,,,, [ 3830074841 ],,,,,,,,,,, 
  [ 6148786044769 ],,,,,,,,,,,,,,,,, [ 48606762961 ],,,,,,,,,,,,,,,, [ 3575977861 ],,,,,, 
  [ 27420624289 ],,,, [ 15894638621 ],,,,,, [ 1648902966017 ],,,,,,,,,,, [ 1304298103 ],,,,, 
  [ 21614881697, 3631616302117 ],,,,,,,,,, [ 89110743877 ],,,,,, [ 1536870163 ],,,,,,,,,,,,,,
  ,,,,,, [ 193829110873 ],,,, [ 7170222733 ],,,,,, [ 26956182241 ],,, [ 1002256429 ], 
  [ 23295460037 ],,,,,, [ 1604632269659 ],,,,,,,,,,,,,, [ 2576947249 ],, [ 33552332477 ],,,,,
  ,,,,,,,,,,,,,,,,,,,,,,,,,, [ 14175997081 ],,,,, [ 1006867751 ],,,,,,,,,,,,,,,, 
  [ 27361222279 ],,, [ 407662722289 ],,,,,,,,,,,,,,, [ 12325839241 ],, [ 16890633887 ], 
  [ 19114920361 ],,,,,,,,,,, [ 1112674253 ],, [ 9725048321 ],, [ 10410747049 ],,,,,,,,,,,,,,,
  ,,,,, [ 22174839571 ],,,, [ 147893568919 ],,,,,,,,,,,,,,,,,, [ 832660182433 ],,,,,,,, 
  [ 2743551277 ],,,,,, [ 107136340387 ],,,,,,,,,,,,,, [ 4215680129, 11307743393 ],,,,,,,, 
  [ 13352922001 ],,,,,, [ 2983238569, 11130316201 ],,,,,, [ 7304473489 ],,,,,,,,,,,,,,,,,,,,,
  ,,,,,,,,,,,, [ 3528686071, 216970415341 ], [ 29614311607 ],,,,,,,,,,,,,,,,,,,,,,,,,, 
  [ 10762028875777 ],,,,,,,,, [ 39873162031 ],,,,,,,,, [ 9827890231 ],,,,,,,, 
  [ 163816412663 ],, [ 115378645801 ],,,,,,,,,,,,,, [ 2395761013189 ],,,,,,,,,,,,,, 
  [ 707395776761 ],, [ 15977495183371 ],,,,,, [ 249915438529 ],,,,,,,, 
  [ 4014787393, 1484417230441 ],,,, [ 1605376117 ],,,,,,,,,,,,,,,,, [ 1900114081 ],,,,,,,,,,,
  ,,,,,,,,,,,,,,,,,, [ 2257193413 ],,,,,,,,,,,,,,,,,,,,,,,,,,,,,,, 
  [ 2351824801, 271854387151 ], [ 118220208917 ],,,,,, [ 1959464641 ],,,,,,,,,,,, 
  [ 255729739597 ],,,,,,,,,,,,,, [ 3462980329 ],,,,,,,, [ 1984183183 ],,,,,,,, 
  [ 39245274301 ],,,, [ 7298270321, 51162417571 ],,,,,,,, [ 20105696599 ],,,,,,,,,,,, 
  [ 19598013119891 ],,,,,,,,,,,,,,,,,,,,,,,,,,,,,,,,,,,, [ 1821216660499 ],, [ 162691832761 ]
   ,,,,,,,,,,,,,,,,,,,, [ 83053469137 ],,,,,,,,,, [ 1259691841 ],,,,,,,,,, [ 9448963884961 ],
  ,,,,,,,,,,,,,,,,,,,,, [ 3365243281, 3537630617 ],, [ 12371406601 ],,,,,,,,,,,,,,,,,,,,,,,,,
  ,,,,,,, [ 9573402697 ],, [ 1991067541 ],,,,,,,,,,,,,, [ 2488900873 ],,,,,,,,,,,,,,,,,,,,,,,
  ,,, [ 1269048727 ],,,,,,,,,,,,,,,,,,,,, [ 8845125031 ],,,,, [ 3692409001 ],,,,,, 
  [ 57346702393 ],,,,,,,,,,,, [ 3420540847 ],,,,,,,,,,,,,, [ 14902228529 ],,,,,,,,,,,,,,,,,,,
  ,,,,,,,,,,,,,,,,,,, [ 3324391141 ],,,,,,,,,,,,,,,, [ 1487695133 ],, [ 5790967417 ],,,,,,,,,
  ,,,,, [ 1660608449 ],,,,,,,,,,,,,,,,,,,, [ 15750614713 ],,,, [ 58510227427 ],,,,,,,,,,,,,,,
  ,,,,,,,,,,,,, [ 84957319693 ],, [ 936134835217 ],,,,,,,,,, [ 1608120229 ],,,,,, 
  [ 1988347609 ],,,,,, [ 37097481283 ],,,,,,,,,,,,,,,,,,,,,,,,,,,,,,,,,,,,,, [ 2001734881 ],,
  ,, [ 2516832961 ],,,,,,,,,,,,,, [ 4483854413 ],,,, [ 7905294349 ],,,, 
  [ 1427891071, 12240639559 ],,,, [ 1395856997, 1901042557 ],,,,,,,,,, [ 1557560617 ],, 
  [ 21523576717 ],,,,,,,,,, [ 4929538753 ],,,, [ 12101662337 ],,,, [ 3571963841 ],, 
  [ 1270794527 ],, [ 10993612141, 16064262901 ],,,,,,,, [ 600359892721 ],,,, [ 1762066561 ],,
  , [ 16175826929461 ],,,,,,,,,,, [ 13506352201, 51316967857 ],,,,,, [ 1369369513 ],,,,,,,,,,
  ,,,,,,,,,,,, [ 392556776707 ],, [ 9075105229 ],,,,,,,,,, [ 2815156754611 ],,,,,,,, 
  [ 261595587791 ],,,,,,,,,,,,,,,,,,,,,,,, [ 333991020413 ],,,,,,,,,,,,,,,, [ 371973462169 ],
  ,,,,,,,,,,,,,,,,,,,,,,,,,,, [ 2486736257 ],,,,,,,,,,,,,, [ 192878413633, 311561463937 ],,,,
  ,,,,,,,, [ 657653260321 ],,,,,,,, [ 3885009581 ],,,,,,,,,,,,,,,, [ 31359396781 ],,,,,,,, 
  [ 6813107281, 140416784021 ],,,,,,,,,, [ 4168464721 ],,,,,, [ 19369710901 ],,,,,,,,,,,, 
  [ 8921563513 ],,,,,,,,,,,,,,,,,, [ 31368741316243 ],,,,,,,,,,,,,,,,,,,,,,,,,,,,,,,,,,,, 
  [ 10136554459 ],,,, [ 1526571569 ],,,,,,,,,,,,,, [ 10461699361 ],,,,,,,,,,,,,,, 
  [ 123045765571 ],,,,,,,,,,,,,,,,,,,,,,,,,,,,,,,,,,,,,,,,, [ 146135550881 ],,,,,,,,,,,,,,,, 
  [ 2379386641 ],,,,,,,, [ 340181932481 ],,,,,,,,,,,,,,,,,,,,,,,,,,,, [ 54151053589 ],,,,,,,,
  ,,,,,,,,,,,,,,,,,,,,,,,,,,,,,,,,,,,,,,,,,,,,,,,,,,,,,,,,,, [ 5734745083 ],,,,,,,,,,,,,,,,,,
  ,,,,,,,,,,,,,,,,,,,,,,,,,,,,,,,,,,,,,,,,,,,,,,,,,,,,,,,,,,,, [ 9792698269 ],,,,,,,, 
  [ 1369756081 ],,,,,,,,,,,,,,,,,,,,,,,,,,,, [ 151269915889 ],,,,,,,,,,,, 
  [ 4467941641, 18867235441 ],,,,,,,,,,,,,,,,,,,,,,,,,,,,,,,,,,,,,,,,,, [ 10527618487783 ],,,
  ,,, [ 116669661337 ],,,,,,,,,, [ 1300351753 ],,,,,,,,,,,,,,,,,,,,,,,,,,,,,,,,,,,,,,,,,,,,,,
  ,,,,,, [ 18329315971 ],,,, [ 1563925483, 257216539231 ],,,,,,,,,,,,,,,,,, [ 4048990349857 ]
   ,,,,,,,,,,,,,,,,,,,,,,,, [ 4220466734547001 ],,,, [ 1613316241, 41786041961 ],,,,,,,,,,,,,
  ,,,,,,,,,,,,,,,,,,,,,,, [ 76305404033 ],,,,,,,,,,,,,,,,,,,,,,,,,,,,,,,,,,,,,, 
  [ 822018082111 ],,,,,,,,,,,,,,,,,,,,,,,,,,,,,,,,,,,,,,,,,,,,,,,,,,,,,,,,,,,,,,,,,, 
  [ 5834552635081 ],,,,,,,,,, [ 5682633811 ],,,,,,,, [ 1239097501 ],,,,,,,,,,,,,,,,,, 
  [ 1118224909, 32111460937 ],,,, [ 11923914161 ],,,,,,,, [ 4431842809 ],,,,,,,,,,,,,,,,,,,,,
  , [ 2492600501 ],,,,,,,, [ 89395345183 ],,,,,,,,,,,,,,,,,,,,,,,,,,,,,,,,,,,,,,,,,,,,,,,,,,,
  , [ 2499684851 ],,,,,,,,,,,,,,,,,,,,,,,,,,,,,,,,,,,,,,,,,,,,,,,,,, [ 2030728543675021 ],,,,
  ,,,,,,,,,,,,,, [ 3085627681 ],,,,,,,,,,,,,,,,,,,,,, [ 1518186601 ],,,,,,,,,,,,,,,,,,,,,,,,,
  , [ 80409536371 ],,,,,,,,,,,,,,,,,,,,,,,,,,,,,,,,,,,,,,,,,, [ 20392303609 ],,,,,,,,,,,,,,,,
  ,,,,,,,,,,,,,,,,,,,,,,,,,, [ 10789437082561 ],,,,,,,,,,,, [ 612963278443 ],,,,,,,,,,,,,,,,,
  , [ 4005817201 ],,,,,,,,,,,,,,,,,,,,,,,,,,,,,,,,,,,,,,,,,,,,,,,, [ 1086069217 ],,,,,,,,,,,
  , [ 56712596701 ],,,,,,,,,,,,,,,,,,,,,,,,,,,,,,,,,,,,,,,,,,,,,,,,,,,,,,,,,,,, 
  [ 42276225721 ],,,,,,,,,,,,,,,,,,,,,,,,,,,,,,,,,,,,,,,,,,,,,,,,,,,,,, [ 31458533437 ],,,,,,
  ,,,,,,,,,,,, [ 8615644273 ],,,,,,,,,,,,,,,,,,,,,,,,,,,,,,,,,,,,,,,,,,,,,,,,,,,,,,,,,,,, 
  [ 463513647997, 471935961253 ],,,,,,,,,,,, [ 41321538649 ],,,,,,,,,,,,,,,,,,,,,,,,,,,,,,,,,
  ,,,,,,,,,,,,,,,,,,,,,,,,,,,,,,,,, [ 229680635161 ],,,,,,,,,,,, [ 1188603937 ],,,,,,,, 
  [ 1383321941 ],,,,,,,,,,,,,,,,,,,,,,,,,,,, [ 1415782999 ],,,,,,,,,,,,,,,,,,,,,,,,,,,,,,,,,,
  ,,,,,,,,,,,,,,,,,,,,,,,,,,,,,,,, [ 1142125261 ],,,,,,,,,,,,,,,,,, [ 2947063771 ],,,,,, 
  [ 1432355401, 3933725473 ],,,,,,,,,,,,,,,,,,,,,,,,,,,,,,,,,,,,,,,,,,,,,,,,,,,,,,,,,,,,,,,,,
  ,,,,,,, [ 3186347401 ],,,,,,,,,,,,,,,,,,,,,,,,,,,,,,,,,,,,,,,,,,,,,,,,,,,,,, 
  [ 5167042813 ],,,,,,,,,,,, [ 4276799833 ],,,,,,,,,,,,,,,,,,,,,,,,,,,,,,,,,,,,,,,,,,,,,,,,,,
  ,,,,,,,,,,,,,,,,,,,,,,,,,,,, [ 1139293513 ],,,,,,,,,,,,,,,,,,,,,,,,,,,,,,,,,,,, 
  [ 45859622401 ],,,,,,,,,,,,,,,,,,,,,,,,,,,,,,,,,,,, [ 18250751989 ],,,,,,,,,,,, 
  [ 1379696209 ],,,,,,,,,,,,,,,,,,,,,,,,,,,,,,,,,,,,,,,,,,,,,,,,,,,,,,,,,,,,,,,,,, 
  [ 1646887507 ],,,,,,,,,,,,,,,,,,,,,,,,,,,,,,,,,,,,,,,,,,,,,,,,,,,,,,,,,,,,,,,,,,,,,,,,,,,,,
  ,,,,,,,,,,,,,,,,,,,,,,,,,,,,,,,,,,,,,,,,,,,,,,,,,,,,,,,,,,,,,,,,,,,,,,,,,,,,,,,,,,,,,,,,,,,
  ,,,,,, [ 79294118401 ],,,,,,,,,,,,,,,,,,,,,,,,,,,,,,,,,,,,,,,,,,,,,,,,,,,,,,,,,,,,,,,,,,,,,
  ,,,,,,,,,,,,,,,,,,,,,,,,,,,,,,,,,,,,,,,,,,,,,,,,,,,,,,,,,,,,,,,,,,,,,,,,,,,,,,,,,,,,,,,,,,,
  ,, [ 5279226571 ],,,,,,,,,,,,,,,,,,,,,,,,,,,,,,,,,,,,,,,,,,,,,,,,,,,,,,,,,,,,,,,,,,,,,,,,,,
  ,,,,,,,,,,,,,,,,,,,,,,,,,,,,,,,,,,,,,,,,,,,,,,,,,,,,,,,,,,,,,,,,,,,,,,,,,,,, 
  [ 1718885401 ],,,,,,,,,,,,,,,,,,,,,,,,,,,,,,,,,,,,,,,,,,,,,,,,,,,,,,,,,,,,,,,,,, 
  [ 274325014657 ],,,,,,,,,,,,,,,,,,,,,,,,,,,,,,,,,,,,,,,,,, [ 7448387101 ],,,,,,,,,,,,,,,,,,
  ,,,,,,,,,,,,,,,,,,,,,,,,,,,,,,,,,,,,,,,,,,,,,,,,,,,,,,,,,,,,,,,,,,,,,,,,,,,,,,,,,,,,,,,,,,,
  ,,,,,,,,,,,,,,,,,,,,,,,,,,,,,,,,,,,,,,,,,,,,,,,,,,,,,,,,,,,,,,,,,,,,,,,,,,,,,,,,,,,,,,,,,,,
  ,,,,,,,,,,,,,,,,,,,,,,,,,,,,,,,,,,,,,,,,,,,,,,,,,,,,,,,,,,,,,,,,,,,,,,,,,,,,,,,,,,,,,,,,,,,
  ,,,,,,,,,,,,,,,,,,,,,,,,,,,,,,,,,,,,,,,,,,,,,,,,,,,,,,,,,,,,,,,,,,,,,,,,,,,,,,,,,,,,,,,,,,,
  ,,,,,,,,,,,,,,,,,,,,,,,,,,,,,,,,,,,,,,,,,,,,,,,,,,,,,,,,,,,,,,,,,,,,,,,,,,,,,,,,,,,,,,,,,,,
  ,,,,,,,,,,,,,,,,,,, [ 113480329201 ],,,,,,,,,,,,,,,,,,,,,,,,,,,,,,,,,,,,,,,,,,,,,,,,,,,,,,,
  ,,,,, [ 18882047449981 ],,,,,,,,,,,,,,,,,,,,,,,,,,,,,,,,,,,,,,,,,,,,,,,,,,,,,,,,,,,,,,,,,,,
  ,,,,,,,,,,,,,,,,,,,,,,,,,,,,,,,,,,,,,,,,,,,,,,,,,,,,,,,,,,,,,,,,,,,,,,,,,,,,,,,,,,,,,,,,,,,
  ,,,,,,,,,,,,,,,,,,,,,,,,,,,,,,,,,,,,,,,,,,,,,,,,,,,,,,,,,,,,,,,,,,,,,,,,,,,,,,,,,,,,,,,,,,,
  ,,,,,,,,,,,,,,,,,,,,,,,,,,,,,,,,,,,,,,,,,,,,,,,,,,,,,,,,,,,,,,,,,,,,,,,,,,,,,,,,,,,,,,,,,,,
  ,,,,,,,,,,,,,,,,,,,,,,,,,,,,,,,,,,,,,,,,,,,,,,,,,,,,,,,,,,,,,,,,,,,,,,,,,,,,,,,,,,,,,,,,,,,
  ,,,,,,,,,,,,,,,,,,,,,,,,,,,,,,,,,,,,,,,,,,,,,,,,,,,,,,,,,,,,,,,,,,,,,,,,,,,,,,,,,,,,,,,,,,,
  ,,,,,,,,,,,,,,,,,,,,,,,,,,,,,,,,,,,,,,,,,,,,,,,,,,,,,,,,,,,,,,,,,,,,,,,,,,,,,,,,,,,,,,,,,,,
  ,,,,,,,,,,,,,,,,,,,,,,,,,,,,,,,,,,,,,,,,,,,,,,,,,,,,,,,,,,,,,,,,,,,,,,,,,,,,,,,,,,,,,,,,,,,
  ,,,,,,,,,,,,,,,,,,,,,,,,,,,,,,,,,,,,,,,,,,,,,,,,,,,,,,,,,,,,,,,,,,,,,,,,,,,,,,,,,,,,,,,,,,,
  ,,,,,,,,,,,,,,,,,,,,,,,,,,,,,,,,,,,,,,,,,,,,,,,,,,,,,,,,,,,,,,,,,,,,,,,,,,,,,,,,,,,,,,,,,,,
  ,,,,,,,,,,,,,,,,,,,,,,,,,,,,,,,,,,,,,,,,,,,,,,,,,,,,,,,,,,,,,,,,,,,,,,,,,,,,,,,,,,,,,,,,,,,
  ,,,,,,,,,,,,,,,,,,,,,,,,,,,,,,,,,,,,,,,,,,,,,,,,,,,,,,,,,,,,,,,,,,,,,,,,,,,,,,,,,,,,,,,,,,,
  ,,,,,,,,,,,,,,,,,,,,,,,,,,,,,,,,,,,,,,,,,,,,,,,,,,,,,,,,,,,,,,,,,,,,,,,,,,,,,,,,,,,,,,,,,,,
  ,,,,,,,,,,,,, [ 21244764161 ] ]);
