BRENTFACTORS[8750]:=MakeImmutable([ ,,,,,,,,,,,,,,,, [ 31732356030107269 ],, 
  [ 24429282522627745761755387 ],,, [ 87001070971, 32301584011357 ], [ 1665458334391 ],, 
  [ 4309173742414034894541316883314501 ],,,, [ 2542120948148004846438767326897158873519071 ],
  [ 2503857571, 3680448691 ],,, [ 471709534297, 121333829427619916713 ],, 
  [ 171419332601895429241, 6798422987592179914811 ],, [ 6960034928981080488984461 ],, 
  [ 956506990027040060683153 ], [ 325124984201 ], 
  [ 83745613115441368335091790732483474624243433308193887 ], [ 155844149438828218873 ],, 
  [ 162150593089, 60865872505539674755082737 ], [ 365645640860371 ], 
  [ 95813121563, 2572590864970942427 ], [ 23279570152717284229765093 ], [ 74636051137 ], 
  [ 10117057907657 ], [ 148225978501, 563705241401 ],, [ 125087585226486791895931673 ], 
  [ 74940341298751 ], [ 19669882699, 235957004047, 9075214619137 ],, 
  [ 340900266745921, 4261812191817377, 795590544232785841 ], 
  [ 45548915919763, 3490417222597403569541011 ], [ 417292016434852443360090037 ],, 
  [ 8154924302951123821 ],, 
  [ 100461093679721576519, 2155428115432591154529952948097187354562192198543 ], 
  [ 27513013249, 258820060969, 101581220353350536443, 
      496776360551990597235522215155874711017 ],, [ 144449763393555751 ],, 
  [ 55831314401, 1778412834012037 ], 
  [ 5319086957, 6485233839569280981500933, 14929159287903283773237460091593 ],, 
  [ 2254517216971720083931776723660576720122121631 ], [ 49102830534377, 7635446304012409969 ]
    , [ 8048421001, 4171919442399481778497 ], [ 46560490088636923897 ], 
  [ 332850161767, 20993231300658731509 ], 
  [ 41022951751, 5582611717240017276194436451, 936560510858748751026895825358551970625015601 
     ], [ 26389030280489, 175517753466267629 ], 
  [ 22107159699738961, 46517629345989581052805841 ], 
  [ 7065002082276028022764711, 36145377696315170015714671 ], 
  [ 223674754159, 274798509061, 607055562613, 4454170541137 ], 
  [ 1510154161, 37504137969985850065026147041, 3061076883746499787446759858451681 ],, 
  [ 77403198739396769, 1035256398938426131, 76810246268097498523, 66802880201553181671785017 
     ], [ 821139963614611, 1925248015663381 ], [ 36116874892309, 79349693005866193 ], 
  [ 1981478861, 3809898731, 279741521148081447671, 20132093414046541413295031 ], 
  [ 4480015215659935419597865998827 ], [ 2986741591929637, 6514583937822757 ],, 
  [ 96806250000166874946733, 6324385093912493595481433 ], 
  [ 504055962584356398699961, 3827781574967444014569464911 ], [ 25275433014833 ], 
  [ 41931131208682817251529, 25306864008883274507221393 ], [ 428842394779 ],,, 
  [ 80094060935467652762401 ],,,, 
  [ 175445346301, 242238669585713187736932428801, 51192570414923599184567029318901 ], 
  [ 13447785391, 45001124514942559 ],, [ 16025714381 ], 
  [ 5277426998897, 17776523758458193, 15023404197015114194871190719769 ], 
  [ 176376904392060961 ], [ 4488333833, 28739757289838504503879889 ], 
  [ 100022242220943020082583 ], 
  [ 4523755933, 13772802644664697, 443084002963526737, 9900532677262513869337203410862097 ], 
  [ 409807830005893702344671 ], [ 758526823451, 15691762075331 ],,,,, 
  [ 26928186447149398733551 ],,,, [ 4654927523 ],, [ 21051657199 ], 
  [ 217427062419250569163 ], [ 257469400667701 ], [ 2037141599062117, 109091175161266411033 ]
   ,, [ 439978382317783, 4926507513484875319, 4479996108459089965845915671527 ], 
  [ 13727587472381, 1857638030312896547383 ], [ 51135469793248086867713 ], 
  [ 7003515070832977381 ], [ 1182437101 ],, [ 3341270187517871668753716397 ], 
  [ 10096129709768999232659 ], 
  [ 3804563279789, 812732371530883, 38144979292846028819, 13306204215589248525503 ], 
  [ 92263463101 ],,, [ 2374448149, 10358769349 ], [ 33306468120119 ], 
  [ 937076698628018962684318777418928369361 ], 
  [ 19670162486171764473019, 1381825978468529257170253 ], [ 8410322183, 644758334675023 ], 
  [ 715339108941029 ],, [ 62472801651783431 ], [ 443195766679, 27905274188367901472599 ],,, 
  [ 1941916705244237524212433 ], [ 17215442134490401 ], [ 27622943155216921 ], 
  [ 135357072620017865657 ], [ 74886432299641, 9697943803162438423 ], [ 10890336689 ], 
  [ 102945540780571261, 2537881909331114111 ], [ 79155235713061 ],, 
  [ 2331565968493373, 214120820373674387 ],, 
  [ 629844485284997364961, 29511724423121019696961 ], [ 786421665499, 6070774877539 ], 
  [ 33717165213748447 ], [ 10942287149 ], [ 51511152289 ], 
  [ 10264925221, 130939556551, 6041842492951 ], [ 17257018871, 177357534911 ], 
  [ 6560027368003 ], [ 1517993367409, 88961517009568774816561 ], [ 531155091923 ],, 
  [ 31334626268750144971 ],,,,,,,, [ 5145694922791 ],, [ 9824574659 ],,, 
  [ 414760862022041, 261857735705601769 ],,,,, [ 16852357179379, 62677031842022532314059 ], 
  [ 1124968088085662379071 ],, [ 16099173313 ],,, [ 5388714631, 525931937154011701 ], 
  [ 368993254388249, 582496843749899161234313 ],, [ 29094077991059572878091 ],, 
  [ 11601293547401 ], [ 9750058726252177 ],,,, [ 1230839290637351, 2598953655021556741 ],,, 
  [ 440106277012056929, 3095210056995751969, 52483792302280981588114481 ],, 
  [ 104980125391, 28436427707521, 56945769860530984827241 ], [ 1805513497 ],, 
  [ 18889992757 ], [ 1340982657553867, 19453670504728717348381 ], 
  [ 46287918031, 304241103931 ], [ 1577753025481, 119223630017497 ],, 
  [ 388624513373, 269122480171858905439 ], [ 3714778303, 6590195743 ], [ 2875798122433721 ],,
  ,, [ 87778922113, 274249136616001 ], [ 3724124401, 74497904956801 ],, 
  [ 2413242385271623127 ],, [ 5788835916679379 ], [ 2856521823404111 ], 
  [ 139712351173627, 684509073601077913146883 ], [ 33372568961 ],,, 
  [ 8830302661, 4110626031511, 1562690093197956791 ], 
  [ 22197128680351061329, 155339774181376706993 ],,,, [ 269993676721 ],, 
  [ 104206839467853827, 3694813398792001883, 196183896599496045657316967 ], 
  [ 3955073347, 6100321752798748597 ], [ 99903493371956233910521 ], [ 196551586697131 ], 
  [ 9248881697363247089287 ],,,, [ 51984805501, 44574372686430133501 ],, 
  [ 310581661991077, 1171430106223127437, 24509469921646679677, 12441911075944997907328993, 
      353472184890267215377639281558438323953 ], [ 9397985059 ], [ 1980295108454441 ],,, 
  [ 218138368055135851 ],, [ 10502652539 ], 
  [ 2809855356674790451301, 2866617693754119656731381 ],,, 
  [ 24199789761866063327, 79905989149493753189 ], [ 115273403257 ],, [ 252146457354922873 ],
  , [ 5660817380759121473 ],, [ 11045170531 ], [ 207650603778347, 7600503378896796997 ],, 
  [ 112091969811166801 ], [ 2702050540229, 426877819544837, 1692668400907578937505941 ], 
  [ 23101106884901 ], [ 528426228661, 4277342898996080713 ], 
  [ 1768351381, 1066299079139997091 ],, [ 477760128629671, 57501971229987307 ],, 
  [ 174864866339 ], [ 137384280883, 1808046057163 ], [ 58746967049 ], [ 295775079917 ],, 
  [ 5749911567475964524351, 227815782359638847508707 ], [ 4351296150811, 8030146553234849 ], 
  [ 35175006528769, 8385077608582177, 1401683729297672852929 ], [ 54927881009 ], 
  [ 47819656202997281 ], [ 11073965219444512381 ],,,, [ 407106211495811 ], 
  [ 8394649714049, 9416667257761 ],, [ 5992393714882846547547736999 ], [ 34522425354947869 ],
  [ 407976596701, 26796038688301 ], [ 6838624283 ], 
  [ 2434290691014273437, 99550486117679431489 ], [ 3026171293 ],, [ 1347246611 ], 
  [ 2037703573, 3599429347 ], [ 121582656557599 ],, [ 436777701833323 ], [ 11315688821 ],, 
  [ 611981903521, 3774953947189153 ], [ 1664552392507 ], [ 396310167689 ], 
  [ 138953566667161 ], [ 2343723337, 91907419741, 430566977101 ],,,,, [ 1955576941 ],,, 
  [ 816868623466009, 166943726820134749 ], [ 35076970501 ], [ 922056703768537 ],,,, 
  [ 319577595905589131881 ], [ 11502582071038224931 ], [ 4891315829, 228186864889 ],, 
  [ 188789503786881167581997 ], [ 6859762152982001 ], 
  [ 710009652119041, 92191130049202702561 ], [ 127310700721, 2605560811673 ],, 
  [ 117289240441 ], [ 9823094105485139201 ],, [ 8338245316579 ],, [ 3721561243529 ], 
  [ 25590062431 ], [ 216002796689837 ], [ 24907099249 ], [ 110341934759052817 ],,, 
  [ 299498266743806908207 ], [ 23543568929, 54895275644353 ], [ 2423039303, 159252176431 ], 
  [ 51294240337 ],,,, [ 104298876553 ],,,,,, 
  [ 1534712089, 79510500889, 4789985910893, 995387573867075750089 ],, [ 2494970029 ],,,, 
  [ 31017445145189550881 ], [ 127276369291 ],,, [ 369340770794680411 ],, [ 78871654289 ], 
  [ 1177375956797 ], [ 4686199320883879 ],, [ 28834702635421 ],, [ 3828236436847 ], 
  [ 798453391633 ],,, [ 1961514199, 12378935467 ], [ 10174645258741, 127813634832943 ],,, 
  [ 621855152491 ],, [ 3399895969, 11181986110420319153 ],,,, [ 7208102582209 ],, 
  [ 197669614710017, 17837902458304501 ], [ 83252680267 ],,,, [ 4800242617, 320425155727 ], 
  [ 33729471161, 1007696251789781 ], [ 9609319171 ],,,,, 
  [ 1138662251, 12258064243471, 3539823669128471 ], [ 31476627349 ],,, 
  [ 3234422155283929, 3855505130143986044269 ],,, [ 265101727687, 326452713409 ],,, 
  [ 696459654271081, 170275338367595581, 111089100224888664401041 ], [ 61728520899523 ],, 
  [ 141348995587 ], [ 4308183017 ], [ 13061526314101 ], 
  [ 16394185094801603191, 55119976130429570029 ], [ 18023574353 ],, [ 25583195353 ], 
  [ 1839256411482169571 ], [ 17828066126809, 226868291048437, 6941313246304579 ],, 
  [ 678024055129 ], [ 677201899470671 ],,,,,, [ 28129079154062921 ],, 
  [ 119225607749, 63456239185192248149 ], [ 211202550491027 ], [ 257763416341 ], 
  [ 17819091391 ],,,,,,, [ 538918738085231389 ], [ 152220441193 ], [ 413265173466532330231 ],
  [ 1684191601 ], [ 40820599537528205401 ], [ 207681659152621 ],,,, 
  [ 3780979091, 4421634847723 ], [ 1293502519, 35236457823337 ],,,,, 
  [ 7518508531, 603409588327807343 ], [ 131114335717 ],, 
  [ 3883713181451, 1147508548938165961 ],, [ 54472188851441 ],,,, 
  [ 76682883282339881, 9393562423954514334509 ], [ 12005815249 ], [ 137215388824070989 ], 
  [ 36824762208589 ], [ 23305915201 ],, [ 25444774481476021077113 ], [ 29854715899 ],,, 
  [ 241503049972915095439 ],, [ 139283678300209, 20278606717217857 ], [ 968686632490609 ], 
  [ 41300768671, 127195505414881, 1055535028123801 ],, [ 1509377773, 36856925893 ],, 
  [ 2059342247, 5540027584573 ], [ 74681766721 ], [ 12814522081 ], [ 836973211817 ], 
  [ 34196933917, 6276166058078977 ], [ 603492276970339 ],, [ 1081463360235634333 ],,,,,,,,,,
  , [ 542625050113 ],,,, [ 97019063628757 ],, [ 4109306951, 184571331617, 969974987633471 ], 
  [ 1872076597, 147397329679 ],,, [ 127545989284081 ],,, [ 2938293594601 ], [ 9642795587 ],,,
  ,,, [ 15932939821, 4120930209313, 722516413741249 ],, 
  [ 1818599989573, 16881870959244712639 ],, [ 1286563573206649 ],, [ 10451589349 ],,,,,,,,,,
  , [ 1700932663 ], [ 1113583745344932965401 ],, 
  [ 148702247209, 1198619161801, 2475033626089 ],,, [ 1808857111 ],,,,, [ 16343322241 ],,,, 
  [ 35909602513, 72677099973242154541 ],, [ 1669548446143, 5183225627008996381 ],,,, 
  [ 13043272951 ], [ 1960328990317 ],,, [ 41922402257, 3571657369015513 ],, 
  [ 35148382038384055489 ],, [ 168665096334967 ],,,,,, [ 15065548655259482417 ],, 
  [ 85839500941 ],, [ 1289570437 ],, [ 5561145301, 26253685481 ], [ 359441183593 ], 
  [ 56982061937 ],,,, [ 25378664593, 149852345382989 ],,, [ 288572996477 ], 
  [ 19713988552834801 ],, [ 1880123057, 29027935313903 ],,,, [ 45761753135509 ],,,,,,,,, 
  [ 120224067346321 ], [ 8579155201 ],,,,,, [ 85160153461 ],,,, [ 2611723737023 ], 
  [ 1710136231 ], [ 3639068424833 ],, [ 3990321259471 ], [ 3646555214089 ],,, [ 1037088959 ],
  ,,,,,,,,, [ 9786298228163213, 57558837532986301 ],, [ 398592175147 ],, 
  [ 73093287083238577 ],, [ 349206328901 ], [ 5825246953 ], 
  [ 30001474213, 454116902033, 2960932665350837 ],,,,,,,, [ 79591849902181 ], [ 1056560909 ],
  ,, [ 1030759073 ],,,, [ 2740488255773 ], [ 1258006333 ], [ 29110444409633971 ],,, 
  [ 1576300601, 25242396749 ],,,,,, [ 7401250739, 11379708649 ],, [ 108357776719 ],, 
  [ 1451553947 ],,,, [ 2430028334677 ], [ 5237364165521 ],, [ 175473383191 ],,, 
  [ 3956614201 ], [ 69662948273 ], [ 3932049224881 ], [ 170972699028049 ],, 
  [ 1508091821, 585768855013 ],, [ 104094203501, 575654446161901 ],,,,,, 
  [ 1568018941, 124761698623 ], [ 19717702579 ],, [ 62014335553 ],,,, [ 3599902777 ], 
  [ 14645448049 ],, [ 1346995049, 14927823857 ], [ 487634464753 ], [ 9733277647 ],, 
  [ 20396019389761 ],,, [ 2016860557 ], [ 5032221743033 ],,,, [ 3455831533008401 ],,,,,,,,,, 
  [ 18373202983 ], [ 2490350189 ], [ 4643431921, 937037761751401 ],, [ 131460321791 ],,, 
  [ 187940971201 ],,, [ 1018710603857 ],,,, [ 164006709809 ],,,, 
  [ 2458968518161, 8308137443298364981 ],, [ 5512582613648171 ], [ 21634968631 ],, 
  [ 29253842999 ], [ 1490334580921, 1599709873219 ],,,,,,,,,,,,,,,,,, 
  [ 5172346062781, 32836218723066403969741 ],,,, [ 8002273889, 30369066444193 ],,,, 
  [ 10717892957 ], [ 8942319283 ], [ 6831733561, 379266770011 ],,,, [ 55563539071489 ],,,,,,,
  , [ 7482271031, 32746350523 ],, [ 1297315909, 14485571686429 ],, 
  [ 170389186657, 85985407201513 ],,,, [ 1173685951 ],, 
  [ 290630636561237197, 501590002543301872649 ], [ 4767277531 ],,,,,,,,,,,, [ 22845499051 ],,
  ,,,,, [ 107039766913 ],,,,,,,,,, [ 815352794897 ],, [ 83298357803497 ],,,,, 
  [ 6309820639 ], [ 12112521251 ],, [ 6420813104833 ],,,, [ 4112111732177 ], 
  [ 539026359299 ], [ 35211231014389 ],, [ 708128246681 ],, [ 28829625343 ],,,,,, 
  [ 349489146889, 661723486397, 5027204030575599601 ],,, [ 24168332059 ],,,,, 
  [ 5208894853, 797999297046277 ],, [ 2872838300540623 ],, [ 8223444241 ],, 
  [ 3200078169087031 ],, [ 2087051998814381 ],,,,,,,, [ 63463472773, 1558706779501 ],, 
  [ 50672727283, 36844168814731 ], [ 155901005861 ],,, [ 2334477619, 33886094657 ],,,,,,,, 
  [ 9543999697 ],, [ 13842315629, 19335270056057 ],, [ 1195066601 ],,,,,,,,,, [ 8997295481 ],
  , [ 3338546327 ], [ 20706316177 ], [ 15330972889 ],, [ 98323983809 ],, [ 61555568897 ], 
  [ 111366449994769 ],,, [ 2436890149, 9850427297 ],,,,,,, [ 922957954981 ],,, 
  [ 153090668287 ],,,,,,,,,, [ 433224972968033 ],,, [ 13095019211 ],,, [ 1384943239 ],,, 
  [ 1332347699 ], [ 2401728239 ],,,, [ 419898671739457 ],, [ 19391055208537 ],, 
  [ 11569436381 ],,,, [ 1673898869, 2415939593357 ],, [ 19297354274881, 948945974655313 ], 
  [ 4472852551 ],,, [ 41397668294568688853521 ],, [ 2533068019, 7353451681, 133596828301 ],,,
  , [ 1201072918149518047 ],,,,, [ 3160168189 ],,,,, [ 2033830009 ],, [ 1007989696488161 ],,,
  ,,, [ 2943479182697 ],,,, [ 25287327035713, 31350444552001, 248134116814159969 ],,,,,,,,,,,
  ,,,,,, [ 71973390551 ],,,,,,,,,,, [ 31732355232649 ],,, [ 3404460131, 120684267829 ], 
  [ 10423981361 ],,,,,,,,,, [ 7138840801 ],,, [ 601590678859 ],,, [ 7518791809 ], 
  [ 22686207083 ],,,,,,,, [ 9131608201 ],, [ 1664370865411 ],,,, [ 2252672857 ],,,,,,,,,,,,,
  , [ 1575916931 ],,,,,, [ 5887101461 ], [ 66157835017936117, 5173058007921270013 ], 
  [ 96187908569 ],,,,,,,,,,,, [ 12747646861 ],,,,,,,,,,,,,,,,, [ 1306102249 ],,,,,,,,,,,, 
  [ 447784476946129 ], [ 24291576451 ],,,,,,,,, [ 23274768089 ],,, [ 2657605883 ], 
  [ 25660310259277, 264849297908581 ],, [ 3268397454451 ],,,, [ 141890470439 ],,,,,, 
  [ 1147940641 ],,,,,, [ 513415062557 ],,,, [ 12751460922331, 21853373953948291 ],,,,,,,,, 
  [ 30822594643 ],,,, [ 3219444593 ], [ 19793182561 ], [ 2897038231 ],,, [ 1078721821 ],,,,,,
  ,,,,,, [ 80334039888001, 1755392817460801 ],,, [ 638407476997 ],,,,,, [ 7197977359 ],, 
  [ 2688197177 ],,,,,,, [ 1403422231 ], [ 1110360283 ],, [ 1979621953 ], [ 88013211911 ],,,,,
  , [ 2587302673 ], [ 79046418889 ], [ 5584871567701 ],,,,, [ 1711586853211 ],,,,, 
  [ 33465872681 ],,,,,,,,,,,,,, [ 5213315647 ],,,,,, [ 209293762861, 85483115063016301 ], 
  [ 3413794333 ],,,,,,,, [ 26575778701 ],,,,, [ 380588369617 ],,,,,,,,,,,,,,,,,,, 
  [ 21535820101 ],,, [ 4822925329 ],,,, [ 1017755701 ],,,,, [ 1438094341 ],,,, 
  [ 1582542591323 ],,,,,,, [ 149286233293 ],,,,,,, [ 1349396497 ],,, [ 34993329619 ],,,,,,,, 
  [ 19541569903, 35774228843 ],, [ 2155827049 ],,, [ 2182677121 ], [ 20668808561 ],,, 
  [ 153786083911 ],,,,,,,,,,,,,,,,,, [ 5463758999 ],,, [ 1370442173, 17785775701 ],,,,, 
  [ 30451918267 ],,,,,,,, [ 4554102529 ],, [ 4956192193 ],,,, [ 945810924757 ], 
  [ 6985320649 ],,,, [ 2568342709 ],,,,,,,,,,, [ 15593354729 ],, [ 1808469643 ],,, 
  [ 7325368597, 84092740057 ],,,,,,,,,, [ 9525750361 ],,,,, [ 40007794003 ], [ 1058419721 ],
  , [ 8654367367, 15111114787 ],, [ 100352637793 ],,,, [ 38500439377 ],,,, [ 1016738617 ],,,,
  ,,,,,,, [ 1699732789 ],,, [ 4452005533 ],,,,,,,,,,,,,,,,, [ 536152632401 ],,,,,,, 
  [ 1954948591 ],,,,,, [ 9185364973 ],, [ 353010310199 ],,,,, [ 2415554891 ], 
  [ 275050127969 ], [ 13779460531 ],,,,,,,,,,,,,, [ 3660081319 ], [ 1570390501 ],,, 
  [ 375300624043 ],,,,, [ 7169191849 ],, [ 2856097051 ], [ 3011211461 ],,,,, [ 21874526213 ],
  ,,,,,,,,,,,, [ 1183999499 ],,,,,,,,,,, 
  [ 2265301501, 4811623741, 48127114421, 191204510155121 ], [ 428073391433 ],,, 
  [ 39781606217 ],,, [ 5646389113 ],,,,,,,,,,, [ 532775828483 ],,,,,, [ 1608197077 ],,,,, 
  [ 8820732859 ],,,,,,,,,,,,,, [ 188556442549 ],,,,,,, [ 1820716951 ], [ 33926273989 ],,,,,,,
  ,,,,,, [ 3746339293 ],,,, [ 126173585281 ], [ 467818104779 ],,,, 
  [ 36308575159, 78198114187 ], [ 92590018429 ], [ 3749697311, 240076455481 ],,,,,,,,,,,,,,,,
  ,,, [ 41590739587 ],,,,,,,, [ 13423159429481 ],,,,,,,, [ 1491281551, 1767141751 ],,,,,,,,,,
  ,,,,,,, [ 1954604177, 8192518177 ], [ 337690598197 ],,,,,, [ 221391595657 ],,, 
  [ 2367803257 ],,,,,, [ 1235614843 ],,,,, [ 6753206921 ],,,,,, [ 1194314472583 ], 
  [ 1184486341 ],,,,,,, [ 277111759741 ],,,,,,, [ 84715594849 ], [ 37944416071 ],,,,,,,, 
  [ 1339859611 ],,,,,,,,,,,,,,, [ 7161040213 ],,, [ 15049942993 ],,,, [ 2372491741 ], 
  [ 36532137703 ],,,,,,,,,,,,, [ 1346887831 ],,, [ 3160228051 ],,,,, [ 83561172577 ],, 
  [ 1320722677, 10474892158249 ],,,,,,,,,,,,,,,,, [ 1179392449 ],,,, [ 46089888811 ],,,, 
  [ 1247065387 ],,,,, [ 1127206081, 1180060909 ],, [ 344040903209221 ],,,,,,,,,, 
  [ 1184172529, 11065515511 ],, [ 14635490609 ],,,, [ 23925151513 ],,,,,,,,,,,, 
  [ 3259137793 ],,,,,,,,, [ 20307147121, 22702896451 ],,,,,,,,,, [ 9087670817 ], 
  [ 87718263109 ],, [ 10295009089 ],,,,,,,, [ 2507542417 ],,,,,,,,,,,,,,, [ 166665267763 ],,,
  ,, [ 37529439869 ],,,, [ 6138526579 ],,,, [ 1425795673 ], [ 173532410563 ],,,,,,,,,,,,,,,, 
  [ 151631166760147 ], [ 6686324201 ],,, [ 16007133979 ],,,,,,,,,,,,, [ 3581371873 ],,,,,, 
  [ 2123456353 ], [ 36252888289 ],,,,,,,,, [ 482764035181 ],,,,,,,,,,,,, [ 5667687211 ],,,,, 
  [ 1081885351 ],, [ 1175795009 ],,, [ 889463249371 ],,,, [ 8550999739 ],,,,,,,, 
  [ 6407412019 ],,,,, [ 5342745517 ],,,,,,,, [ 6264828901 ],,,,,,,,,,,,,,,,,,,,,,,,,,, 
  [ 1414935001 ],, [ 5900292371 ],,, [ 1318993417949 ],,,, [ 48800146102849 ],,,,,, 
  [ 8165371831 ],, [ 1066768160833 ],,,,,,,,,,, [ 1261903501 ],,,,,,,,,,,,,,,,,,,,,,,,,,,,,, 
  [ 6283200281 ],,,,, [ 1225887121 ],,,,, [ 670681786351 ],,,,,,, [ 11549468191 ],,,, 
  [ 1267014355153 ],,,,,,,,,, [ 3771043553 ],,,, [ 17525699101 ],,,,,,,,,, [ 815373606791 ],,
  ,, [ 1074884441 ], [ 170566421131 ],,,,,,,,,,, [ 10609469219 ], [ 28399270093 ],,,,, 
  [ 542659486513 ],, [ 1044206747 ],,,,,,,,,,,,,,,, [ 2529522301 ],,,,,,,,,, [ 1990880641 ],,
  ,,,,,, [ 3541107137 ],,,,,,, [ 268810394551 ],,,,,,, [ 5484803939 ],,,,,,,,,,, 
  [ 10799871487 ], [ 1300098581 ],,,,,,,,,,,,,,,,,,,,,,,,,,,,,,,,,, [ 3190032577 ],,,,,,,,,,,
  ,,,,,,,,,,,,, [ 20890421273 ], [ 1771344649 ],, [ 3062029664761 ],,,,,,, [ 828198114199 ],
  , [ 43904098933609 ],,,, [ 4631745889, 3040340442553, 1233472731340249 ],,,,,,,,,,,,,,,,,, 
  [ 1054828981, 112542228307 ],,,,,,,,,,,,,,,,,,,,,,,, [ 121196887351 ],,,, [ 23252957911 ],,
  ,,,,,,,,,,,,,,, [ 3777222331 ],,, [ 2242551547, 132468396637 ],,,,,, [ 10932437881 ],,, 
  [ 15122640457 ],,,,,,,,,,,,,,,,,,, [ 23030681165341 ],,,,,,,,,,,,,,,,,,,,,,,,,,,,,,,,,, 
  [ 3002247901 ],,,,,,,,,, [ 5845848577 ],,,,,,,,,,,,,,,, [ 1560903288281 ],,,,,,,,,, 
  [ 3080451457 ],,,, [ 13209139357 ],,, [ 1842015727 ],,,,,,,,,,,,,,,,,,,,,,,,,,, 
  [ 4019784679 ],,,,,,,,, [ 7487893764451 ], [ 7976401813 ],,,,,,,,, [ 3064626251 ],,,,,,,,,,
  ,,,,,,, [ 1013638720267 ],, [ 14252742961 ], [ 4915391161 ], [ 7578635177 ],,,,,,,,,,,, 
  [ 185292008087 ],,,,, [ 262910209063 ],,,,,,,,,,, [ 1408670873 ],,,,,, [ 1147130041 ],, 
  [ 20933433551 ],,,,,, [ 23180675464129 ],,,,,,, [ 5122304881, 1316239625401 ], 
  [ 1858012633 ],,,,,,,,,,,,,,,, [ 741039688901 ],,,,,,,, [ 254057393641 ],,,,,,,,,,,,,,,,,, 
  [ 1679032843 ],, [ 2955396601 ], [ 1068360751, 14451208021 ],,,,, [ 2726610893 ],,,,,,, 
  [ 3149788591, 3979180921 ],,,,,,,,,,, [ 1711215361 ],,,, [ 111730403975761 ],,,,,,,,,,,,,,,
  ,,,,,,,,,,,,,,,,,,,,,,, [ 43389163331 ],,,,,,,,,,,,,,,,,,,, [ 65125755193, 709182544013 ],,
  ,,,,,,,, [ 20293236841 ],,,,,,, [ 6407623681 ],,,,, [ 1091635421 ],,,,,, [ 2187793397 ],,,,
  ,,,,,,,,,, [ 1924535801 ],,,,,,,,,,, [ 44434725787 ],,,,,,,,,,,, [ 2185376507497 ],,,,,,,,,
  ,,,,,, [ 2247922669, 2983277599 ],,, [ 2086020613 ],,,,, [ 61107194927 ],,,, 
  [ 7652098231 ],,,,,,,,,,,,,,,,,,,,,, [ 41677944001 ],, [ 1182453580039 ],,,,,,,, 
  [ 73672287761 ],,,,,, [ 84045316609 ],,,,,,,,,,,,,, [ 131712971381 ],, [ 1392044113 ],,,,,,
  ,,,, [ 18690935929 ],,,,,,,,,,,,,,,,,,,,,,,,,,,,,,,,,,,, [ 17504237753 ],,,,,,,,,, 
  [ 54921901753 ],, [ 124243036301 ],,,,,,,, [ 1000088209 ],, [ 2400527201 ],,,,,,,,,,,,,,,,,
  ,,,,,,,,,,,,, [ 15512345881 ],,,,,,,,,,,, [ 3229677587 ],, [ 27181168897 ],,,, 
  [ 4552466689 ],,,,,,,,,,,, [ 6381395921 ],,,,,,,, [ 1275011249 ],, [ 299946343951 ],, 
  [ 20937172349 ],,,,,,,,,,,,,,,,,,,,,,,,,,,, [ 1558048296001 ],,,,,,,,,,,,,,,,,,,,,,,,,, 
  [ 166225442401 ],,,,,,,,,,,,,,,,,,,,,,,,,,,, [ 14663322310579 ],,,,,,,,,,,,,,,,,,,,,,,,,,,,
  ,,,, [ 63367053749 ],,,, [ 44421490831 ],,,, [ 35930263097 ],,,,,, [ 42437992501 ],,,,,,,,,
  ,,,,,,,,,,,,,,,,,,,,,,, [ 3215464669 ],,,, [ 24259856428417 ],,,,,,,,,,,,,,,, 
  [ 1376970113 ],,,,,,,,,,,,,,,,,,,, [ 13255543757 ],, [ 1185345684379 ],,,,,,,,,,,,,,,,,, 
  [ 8295095089 ],,,,,,,,,,,,,,,,,, [ 2662008061 ],,,, [ 10042364767 ],,,,,,,, [ 9453141793 ],
  ,,,,,,, [ 2252411431 ],, [ 111914331054913 ],,,,,,,, [ 5235146892721 ],,,, 
  [ 1236563912921 ],, [ 571792582819 ],,,,,,,,,, [ 2932464304001 ],,,,,,,,,,,,,,,,,,,,,,,, 
  [ 1807276721 ],,,, [ 46628609617 ],,,,,,,, [ 5889285949 ],,,,,, [ 1428861799 ],,,,,,,,,,,,,
  ,,, [ 6242730931 ],,,,,,,,,,,,,,,,,,,,,,,,,,,,,,,,,,,, [ 3912655951 ],, [ 42080347657 ],,,,
  ,,,,,,,,,,,,,,,,,,,,,,,, [ 4261925594161 ],, [ 25659643223, 206158400281 ],,,,,, 
  [ 13801776913 ],, [ 254315145631 ],, [ 4044325697 ],, [ 1996344013, 10085993923 ],,,,,,,,,,
  ,, [ 634404376763 ],,,,,,,,,,,, [ 1717240799 ],,,,,,,, [ 6900128449 ],,,,,,,,,,,,,, 
  [ 7748266321 ],,,,,,,, [ 3600386432249 ],, [ 1313328387751 ],,,,,,,,,,,, [ 2834574817 ],,,
  , [ 1425139483 ],, [ 7472662597 ],,,, [ 2941040929 ],,,,,,,, [ 24823852681 ],,,,,,,,,, 
  [ 1424684311, 11062762541 ],,,,,,,,,,,,,,,,,, [ 77989080733 ],,,,,,,,,, [ 1714790761007 ],,
  ,, [ 1552476469 ],,,,,, [ 1956537073 ],,,,,,,,,, [ 61890223387 ],,,,,,,,,,,, 
  [ 36398093201 ],,,,,,,, [ 1460003953 ],,,,,, [ 3498315761557 ],,,,,,,,,,,, [ 2296768249 ],,
  ,,,,,,,, [ 1411657589 ],,,,,, [ 9223925537 ],,,,,,,, [ 1463569201 ],,,,,,,,,,,, 
  [ 21779525629 ],, [ 69555127123, 99023227759 ],,,,,,,,,,,,,,,,,,,,,,,,,,,,,,,,,,,, 
  [ 427663867533901 ],,,,,,,,,,,,,,,,,,,,,,,,,,,,,,,,,,,, [ 13760881139, 49470869348339 ],,,
  , [ 13313412991 ],,,,,,,,,,,, [ 1944634687 ],,, [ 1678950391 ],,,,,,,,,,,,, 
  [ 13604455723 ],,,,,,,, [ 6105602449 ],,,, [ 4533259231 ],,,,,,,,,,,,,,,,,,,,,,,,,, 
  [ 1136678281 ],,,,,,,,,,,, [ 18959524729 ],,,,,,,,,,,, [ 3012074863561 ],,,,,,,,,,,,,,,,,,,
  ,,,,,,,,,,,,,,,,,,,,,,,,,,,,,,,,,,,,,,,,,,,,,,,,,,,,,,,,,,,,,,,,,,,,,,,,,,,,,,,,,,, 
  [ 1855611529, 98512446451 ],,,,,,,, [ 220734175561 ],,,, [ 2233824253 ],,,,,, 
  [ 2450752201 ],,,,,,,,,,,,,,,,,,,, [ 1981865761 ],,,,,,,,,,,,,,,,,,,,,,,,,,,,,,,,,,,,,,,,,,
  ,,,,,,,,,,,,,,,, [ 4819251529 ],,,,,,,,,,,,,,,,,, [ 199016248537 ],,,,,,,,,,,,,,,,,,,,,,,,,
  ,,,,,,,,,,,,,,,,,,,,,,,,,,,,,,,,,,,,,,,,, [ 56694568849 ],,,,,,,,,,,, [ 1661426089 ],,,,,,,
  ,,,,,,,,,,,,,,,,,,,,,,,,,,,,,,,,,,, [ 2594273641 ],,,, [ 8525165801 ],,,,,,,,,, 
  [ 1460334961 ],,,,,,,,,,,,,,,,,,,,,,,,,,,,,, [ 1110395521 ],,,,,,,,,, [ 11827062421 ],, 
  [ 881495334133 ],,,,,,,,,,,,,,,,,,,,,, [ 502299744769 ],,,,,, [ 10112709601 ],,,,,,,,,,,,,,
  ,,,,,,,,,,,,,,,, [ 13358555731 ],,,,,,,,,,,, [ 475687614361 ],,,,,,,,,,,,,,,,,,,,,,,, 
  [ 9774246403 ],,,, [ 862493019243871 ],,,,,,,,,,,,,,,,,,,,,,,,,,,,,,,,,,,,,,,,,,,,,,,,,,,,,
  ,,,,,,,,, [ 6070344961 ],,,,,,,,,,,,,,,,,,,,,,,,,,,,,,,,,,,,,, [ 1185598481 ],,,,,,,,,,,,,,
  ,,,,,,,, [ 241513045129 ],,,,,,,, [ 6551292001 ],,,,,,,,,,,,,,,,,,,,,,,,,,,,,,,,,,,,,,,,,,,
  ,,,,,,,,,,,,,,,,,,,,,,,,,,,,,,,,,,,,,,,,,,,,,,,,,,, [ 1062601807 ],,,,,,,,,,,,,, 
  [ 359633413189, 3798995031553 ],, [ 1913967331 ],,,,,,,,,,,,,,,,,,,,,,,,,,,,,,,,,,,,,,,,,,,
  ,,,,,,,,,,,,, [ 6676062751 ],,,,,, [ 1002529873 ],,,,,,,,,,,,,,,,,,,,,,,, [ 95912430301 ],,
  ,,,,,,,,,,,,,,,,,,,,,,,,,,,,,,,,,,,,,,,,,,,,,,,,,,,,,,,,,,,,,,,, 
  [ 150325486039, 6123713079079 ],,,,,,,,,,,,,,,,,,,,,,,,,,,,,,,,,,,,,,,,,,,,,,,, 
  [ 210198351001 ],,,,,,,,,,,,,,,,,,,, [ 251293514891 ],,,,,,,,,,,,,,,,,,,,,,,,,,,,,,,,,,,,,,
  ,, [ 10275200101 ],,,,,,,,,,,,,,,,,,,,,,,,,,,,,,,,,,,,,,,, [ 5221307911 ],,,,,,,,,,,,,,,,,,
  ,,,,,,,,,,,,,,,, [ 213232395601 ],,,,,,,,,,,,,,,,,,,,,,,,,,,,,,,,,,,,,,,,,,,,,,,,,,,,,,,, 
  [ 3510997001 ],,,,,,,,,,,,,,,,,,,,,,,,,,,,,,,,,,,,,,,,,,,, [ 62236248673 ],,,,,,,,,,,,,,,,,
  ,,,,,,,,,,,,,,,,,,,,,,,,,,,,,,,,,,,,, [ 4646320729 ],,,,,, [ 9772176493 ],,,,,,,, 
  [ 3643869297881 ],,,, [ 9990402313 ],,,,,,,,,,,, [ 167694685621 ],,,,,,,,,,,,,,,,,,,,,,,,,,
  ,,,,,,,,,,,,,,,, [ 3212681551 ],,,,,,,,,,,, [ 1179588103 ],,,,,,,,,,,, [ 35338264903 ],,,,,
  ,,,,,,,,,,,,,,,,,,,,,,,,, [ 1319296777, 15620088709 ],,,,,,,,,,,,,,,,,,,,,,,,,,,,,, 
  [ 7292471911 ],,,,,,,,,,,,,,,,,, [ 22156154765809 ],,,,,,,, [ 8531366761 ],,,,,,,,,,,,,,,,,
  ,,,,,,,,,,,,,,,,,,,,,,,,,,,,,,,,,,,,,,, [ 13584891013 ],,,,,,,,,,,,,,,,,,,,,,,,,,,,,,,,,,,,
  ,,,,,,,,,,,,,,,,,,,,,,,,,,,,,,,,,,,,,,,,,,,,,,,, [ 1002312535841 ],,,,,,,,,,,,,,,,,,,,,,,,,
  ,,,,,,,,,,,,,,,,,,,,,,,,,,,,,,,,,,,,,,,,,,,,,,,,,,,,,,,,,,,,,,,,,,, 
  [ 1592150869, 6240257893 ],,,,,,,,,,,,,,,,,,,,,,,,,,,,,,,,,,,,,,,,,,,,,,,, 
  [ 14114015157061 ],,,,,,,,,,,,,,,,,,,,,,,,,,,,,,,,,,,,,,,,,,,,,,,,,,,,,,,,,,,,,,,,,,,,,,,,,
  ,,,,,,,,,,,,,,,,, [ 5473498801 ],,,,,,,,,,,,,,,,,,,,,,,,,,,,,,,,,,,,,,,,,,,,,,,,,,,,,,,,,,,
  ,,,,,,,,,,,,,,,,,,,,,,,,,,,,,,,,,,,,,,,,,,,,,,,,,,,,,,,,,,,,,,,,,,,,,,,,,,,,,,,,,,,,,,,,,,,
  ,,,,,,,,,,,,,,,,,,,,,,,,,,,,,,,,,,,,,,,,,, [ 431348301847 ],,,,,,,,,,,,,,,,,,,,,,,,,,,,,,,,
  ,,,,,,,,,,,,,,,,,,,,,,,,,,,,,,,,,,,,,,,,,,,,,,,,,,,,,,,,,,,,,,,,,,,,,,,,,,,,,,,,,,,,,,,,,,,
  ,,,,,,,,,,,,,,, [ 2679269041, 11562984721 ],,,,,,,,,,,,,,,,,,,,,,,,,,,,,,,,,,,,,,,,,,,,,,,,
  ,,,,,,,,,,,,,,,,,,,,,,,,,,,,,,,,,,,,,,,,,,,,,,,,,,,,,,,,,,,,,,,,,,,,,,,,,,,,,,,,,,,,,,,,,,,
  ,,,,,,,,,,,,,,,,,,,,,,,,,,,,,,,,,,,,,,,,,,,,,,,,,,,,,,,,, [ 1244498473 ],,,,,,,,,,,,,,,,,,,
  ,,,,,,,,,,,,,,,,,,,,,,,,,,,,,,,,,,,,,,,,,,,,,,,,,,,,,,,,,,,,,,,,,,,,,,,,,,,,,,,,,,,,, 
  [ 53495643541, 840597988561 ],,,,,,,,,,,,,,,,,,,,,,,,,,,,,,,,,,,,,,,,,,,,,,,,,,,,,,,,,,,,,,
  ,,,,,,,,,,,,,,,,,,,,,,,,,,,,,,,,,,,,,,,,,,,,,,,,,,,,,,,,,,,,,,,,,,,,,,,,,,,,,,,,,,,,,,,,,,,
  ,,,,,,,,,,,,,,,,,,,,,,,,,,,,,,,,,,,,,,,,,,,,,,,,,,, [ 2085359137, 721588933633 ],,,,,,,,,,,
  ,,,,,,,,,,,,,,,,, [ 1050388193, 240633723037 ],,,,,,,,,,,,,, [ 5840437177 ],,,,,,,,,,,,,,,,
  ,,,,,,,,,,,,,,,,,,,,,,,,,,,,,,,,,,,,,,,,,,,,,,,,,,,,,,,,,,,,,,,,,,,,,,,,,,,,,,,,,, 
  [ 537962365949 ],,,,,,,,,,,,,,,,,,,,,,,,,,,,,,,,,,,,,,,,,,,,,,,,,,,,,,,, [ 3110122541 ],,,,
  ,,,,,,,,,,,,,,,,,,,,,,,,,,,,,,,,,,,,,,,,,,,,,,,,,,,, [ 3744449851969 ],,,,,,,,,,,,,,,,,,,,,
  ,,,,,,,,,,,,,,,,,,,,,,,,,,,,,,,,,,, [ 1543041361 ],,,,,,,,,,,,,,,,,,,,,,,,,,,, 
  [ 13674796801 ],,,,,,,,,,,,,,,,,,,,,,,,,,,,,,,,,,,,,,,,,,,,,,,,,,,,,,,,,,,,,,,,,,,,,,,,,,,,
  ,,,,,,,,,,,,,,,,,,,,,,,,,,,,,,,,,,,,,,,,,,,,,,,,,,,,,,,,,,,,,,,,,,,,,,,,,,,,,,,,,,,,,,,,,,,
  ,,,,,,,,,,,,,,,,,,,,,,,,,,,,,,,,,,,,,,,,,,,,,,,,,,,,,,,,,,,,,,,,,,,,,,,,,,,,,,,,,,,,, 
  [ 19387884013 ],,,,,,,,,,,,,,,,,,,,,,,,,,,,,,,,,,,,,,,,,,,,,,,,,,,,,,,,,,,,,,,,,,,,,,,,,,,,
  ,,,,,,,,,,,,,,,,,,,,,,,,,,,,,,,,,,,,,,,,,,,,,,,,,,,,,,,,,,,,,,,,,,,,,,,,,,,,,,,,,,,,,,,,,,,
  , [ 1185218581 ],,,,,,,,,,,,,,,,,,,,,,,,,,,,,,,,,,,,,,,,,,,,,,,,,,,,,,,, [ 15151660133 ],,,
  ,,,,,,,,,,,,,,,,,,,,,,,,,,,,,,,,,,,,,,,,,,,,,,,,,,,,,,,,,,,,,,,,,,,,,,,,,,,,,,,,,,,,,,,,,,,
  ,,,,,,,,,,,,,,,,,,,,,,,,,,,,,,,,,,,,,,,,,,,,,,,,,,,,,,,,,,,,,,,,,,,,,,,,,,,,,,,,,,,,,,,,,,,
  ,,,,,,,,,,,,,,,,,,,,,,,,,,,,,,,,,,,,,,,,,,,,,,,,,,,,,,,,,,,,,,,,,,,,,,,,,,,,,,,,,,,,,,,,,,,
  ,,,,,,,,,,,,,,,,,,,,,,,,,,,,,,,,,,,,,,,,,,,,,,,,,,,,,,,,,,,,,,,,,,,,,,,,,,,,,,,,,,,,,,,, 
  [ 59584034161 ],,,,,,,,,,,,,,,,,,,,,,,,,,,, [ 115575794909 ],,,,,,,,,,,,,,,,,,,,,,,,,,,,,,,
  ,,,,,,,,,,,,,,,,,,,,,,,,,,,,,,,,,,,,,,,,,,,,,,,,,,,,,,,,,,,,,,,,,,,,,,,,,,,,,,,,,,,,,,,,,,,
  ,,,,,,,,,,,,,,,,,,,,,,,,,,,,,,,,,,,,,,,,,,,,,,,,,,,,,,,,,,,,,,,,,,,,,,,,,,,,,,,,,,,,,,,,,,,
  ,,,,,,,,,,, [ 12469006621 ],,,,,,,,,,,,,,,,,,,,,,,,,,,,,,,,,,,,,,,,,,,,,,,,,,,,,,,,,,,,,,,,
  ,,,,,,,,,,,,,,,,,,,,,,,,,,,,,,,,,,,,,,,,,,,,,,,,,,,,,,,,,,,,,,,,,,,,,,,,,,,,,,,,,,,,,,,,,,,
  ,,,,,,,,,,,,, [ 2011566481 ],,,,,,,,,,,,,,,,,,,,,,,,,,,,,,,,,,,,,,,,,,,,,,,,,,,,,,,,,,,,,,,
  ,,,,,,,,,,,,,,,,,,,,,,,,,,,,,,,,,,,,,,,,,,,,,,,,,,,,,,,,,,,,,,,,,,,,,,,,,,,,,,,,,,,,,,,,,,,
  ,,,,,,,,,,,,,,,,,,,,,,,,,,,,,,,,,,,,,,,,,,,,,,,,,,,,,,,, [ 1084224961, 6823187281 ],,,,,,,,
  ,,,,,,,,,,,,,,,,,,,,,,,,,,,,,,,,,,,,,,,,,,,,,,,,,,,,,,,,,,,,,,,,,,,,,,,,,,,,,,,,,,,,,,,,,,,
  ,,,,,,,,,,,,,,,,,,,,,,,,,,, [ 9619017409 ],,,,,,,,,,,,,,,,,,,,,,,,,,,,,,,,,,,,,,,,,,,,,,,,,
  ,,,,,,,,,,,,,,,,,,,,,,,,,,,,,,,,,,,,,,,,,,,,,,,,,,,,,,,,,,,,,,,,,,,,,,,,,,,,,,,,,,,,,,,,,,,
  ,,,,,,,,,,,,,,,,,,,,,,,,,,,,,,,,,,,,,,,,,,,,,,,,,,,,,,,,,,,,,,,,,,,,,,,,,,,,,,,,,,,, 
  [ 79163417341 ],,,,,,,,,,,,,,,,,,,,,,,,,,,,,,,,,,,,,,,,,,,,,,,,,,,,,,,,,,,,,,,,,,,,,,,,,,,,
  ,,,,,,,,,,,,,,,,,,,,,,,,,,,,,,,,,,,, [ 130477922233, 813643554761941 ],,,,,,,,,,,,,,,,,,,,,
  ,,,,,,,,,,,,,,,,,,,,,,,,,,,,,,,,,,,,,,,,,,,,,,,,,,,,,,,,,,,,,,,,,,,,,,,,,,,,,,,,,,,,,,,,,,,
  ,,,,,,,,,,,,,,,,,,,,,,,,,,,,,,,,,,,,,,,,,,,,,,,,,,,,,,,, [ 2152697401 ],,,,,,,,,,,,,,,,,,,,
  ,,,,,,,,,,,,,,,,,,,,,,,,,,,,,,,,,,,,,,,,,,,,,,,,,,,,,,,,,,,,,,,,,,,,,,,,,,,,,,,,,,,,,,,,,,,
  ,,,,,,,,,,,,,,,,,,,,,,,,,,,,,,,,,,,,,,,,,,,,,,,,,,,,,,,,,,,,,,,,,,,,,,,,,,,,,,,,,,,,,,,,,,,
  ,,,,,,,,,,,,,,,,,,,,,, [ 9996486949 ],,,,,,,,,,,,,,,,,,,,,,,,,,,,,,,,,,,,,,,,,,,,,,,,,,,,,,
  ,, [ 45631212901 ],,,,,,,,,,,,,,,,,,,,,,,,,,,,,,,,,,,,,,,,,,,,,,,,,,,,,,,,,,,,,,,,,,,,,,,,,
  ,,,,,,,,,,,,,,,,,,,,,,,,,,,,,,,,,,,,,,,,,,,,,,,,,,,,,,,,,,,,,,,,,,,,,,,,,,,,,,,,,,,,,,,,,,,
  ,,,,,,,,,,,,,,,,,,,,,,,,,,,,,,,,,,,,,,,,,,,,,,,,,,,,,,,,,,,,,,,,,,,,,,,,,,,,,,,,,,,,,,,,,,,
  ,,,,,,,,,,,,,,,,,,,,,,,,,,,,,,,,,,,,,,,,,,,,,,,,,,,,,,,,,,,,,,,,,,,,,,,,,,,,,,,,,,,,,,,,,,,
  ,,,,,,,,,,,,,,,,,,,,,,,,,,,,,,,,,,,,,,,,,,,,,, [ 103147314397 ],,,,,,,,,,,,,,,,,,,,,,,,,,,,
  ,,,,,,,,,,,,,,,,,,,,,,,,,,,,,,,,,,,,,,,,,,,,,,,,,,,,,,,,,,,,,,,,,,,,,,,,,,,,,,,,,,,,,,,,,,,
  ,,,,,,,,,,,,,,,,,,,,,,,,,,,,,,,,,,,,,,,,,,,,,,,,,,,,,,,,,,,,,,,,,,,,,,,,,,,,,,,,,,,,,,,,,,,
  ,,,,,,,,,,,,,,,,,,,,,,,,,,,,,,,,,,,,,,,,,,,,,,,,,,,,,,,,,,,,,,,,,,,,,,,,,,,,,,,,,,,,,,,,,,,
  ,,,,,,,,,,,,,,,,,,,,,,,,,,,,,,,,,,, [ 14118236497 ],,,,,,,,,,,,,,,,,,,,,,,,,,,,,,,,,,,,,,,,
  ,,,,,,,,,,,,,,,,,,,,,,,,,,,,,,,,,,,,,,,,,,,,,,,,,,,,,,,,,,,,,,,,,,,,,,,,,,,,,,,,,,,,,,,,,,,
  ,,,,,,,,,,,,,,,,,,,,,,,,,,,,,,,,,,,,,,,,,,,,,,,,,,,,,,,,,,,,,,,,,,,,,,,,,,,,,,,,,,,,,,,,,,,
  ,,,,,,,,,,,,,,,,,,,,,,,,,,,,,,,,,,,,,,,,,,,,,,,,,,,,,,,,,,,,,,,,,,,,,,,,,,,,,,,,,,,,,,,,,,,
  ,,,,,,,,,,,,,,,,,,,,,,,,,,,,,,,,,,,,,,,,,,,,,,,,,,,,,,,,,,,,,,,,,,,,,,,,,,,,,,,,,,,,,,,,,,,
  ,,,,,,,,,,,,,,,,,,,,,,,,,,,,,,,,,,,,,,,,,,,,,,,,,,,,,,,,,,,,,,,,,,,,,,,,,,,,,,,,,,,,,,,,,,,
  ,,,,,,,,,,,,,,,,,,,,,,,,,,,,,,,,,,,,,,,,,,,,,,,,,,,,,,,,,,,,,,,,,,,,,,,,,,,,,,,,,,,,,,,,,,,
  ,,,,,,,,,,,,,,,,,,,,,,,,,,,,,,,,,,,,,,,,,,,,,,,,,,,,,,,,,,,,,,,,,,,,,,,,,,,,,,,,,,,,,,,,,,,
  ,,,,,,,,,,,,,,,,,,,,,,,,,,,,,,,,,,,,,,,,,,,,,,,,,,,,,,,,,,,,,,,,,,,,,,,,,,,,,,,,,,,,,,,,,,,
  ,,,,,,,,,,,,,,,,,,,,,,,,,,,,,,,,,,,,,,,,,,,,,,,,,,,,,,,,,,,,,,,,,,,,,,,, [ 4024129621 ],,,,
  ,,,,,,,,,,,,,,,,,,,,,,,,,,,,,,,,,,,,,,,,,,,,,,,,,,,,,,,,,,,,,,,,,,,,,,,,,,,,,,,,,,,,,,,,,,,
  ,,,,,,,,,,,,,,,,,,,,,,,,,,,,,,,,,,,,,,,,,,,,,,,,,,,,,,,,,,,,,,,,,,,,,,,,,,,,,,,,,,,,,,,,,,,
  ,,,,,,,,,,,,,,,,,,,,,,,,,,,,,,,,,,,,,,,,,,,,,,,,,,,,,,,,,,,,,,,,,,,,,,,,,,,,,,,,,,,,,,,,,,,
  ,,,,,,,,,,,,,,,,,,,,,,,,,,,,,,,,,,,,,,,,,,,,,,,,,,,,,,,,,,,,,,,,,,,,,,,,,,,,,,,,,,,,,,,,,,,
  ,,,,,,,,,,,,,,,,,,,,,,,,,,,,,,,,,,,,,,,,,,,,,,,,,,,,,,,,,,,,,,,,,,,,,,,,,,,,,,,,,,,,,,,,,,,
  ,,,,,,,,,,,,,,,,,,,,,,,,,,,,,,,,,,,,,,,,,,,,, [ 4711824517 ],,,,,,,,,,,,,,,,,,,,,,,,,,,,,,,
  ,,,,,,,,,,,,,,,,,,,,,,,,,,,,,,,,,,,,,,,,,,,,,,,,,,,,,,,,,,,,,,,,,,,,,,,,,,,,,,,,,,,,,,,,,,,
  ,,,,,,,,,,,,,,,,,,,,,,,,,,,,,,,,,,,,,,,,,,,,,,,,,,,,,,,,,,,,,,,,,,,,,,,,,,,,,,,,,,,,,,,,,,,
  ,,,,,,,,,,,,,,,,,,,,,,,,,,,,,,,,,,,,,,,,,,,,,,,,,,,,,,,,,,,,,,,,,,,,,,,,,,,,,,,,,,,,,,,,,,,
  ,,,,,,,,,,,,,,,,,,,,,,,,,,,,,,,,,,,,,,,,,,,,,,,,,,,,,,,,,,,,,,,,,,,,,,,,,,,,,,,,,,,,,,,,,,,
  ,,,,,,,,,,,,,,,,,,,,,,,,,,,,,,,,,,,,,,,,,,,,,,,,,,,,,,,,,,,,,,,,,,,,,,,,,,,,,,,,,,,,,,,,,,,
  ,,,,,,,,,,,,,,,,,,,,,,,,,,,,,,,,,,,,,,,,,,,,,,,,,,,,,,,,,,,,,,,,,,,,,,,,,,,,,,,,,,,,,,,,,,,
  ,,,,,,,,,,,,,,,,,,,,,,,,,,,,,,,,,,,,,,,,,,,,,,,,,,,,,,,,,,,,,,,,,,,,,,,,,,,,,,,,,,,,,,,,,,,
  ,,,,,,,,,,,,,,,,,,,,,,,,,,,,,,,,,,,,,,,,,,,,,,,,,,,,,,,,,,,,,,,,,,,,,,,,,,,,,,,,,,,,,,,,,,,
  ,,,,,,,,,,,,,,,,,,,,,,,,,,,,,,,,,,,,,,,,,,,,,,,,,,,,,,,,,,,,,,,,,,,,,,,,,,,,,,,,, 
  [ 4049905861 ],,,,,,,,,,,,,,,,,,,,,,,,,,,,,,,,,,,,,,,,,,,,,,,,,,,,,,,,,,,,,,,,,,,,,,,,,,,,,
  ,,,,,,,,,,,,,,,,,,,,,,,,,,,,,,,,,,,,,,,,,,,,,,,,,,,,,,,,,,,,,,,,,,,,,,,,,,,,,,,,,,,,,,,,,,,
  ,,,,,,,,,,,,,,,,,,,,,,,,,,,,,,,,,,,,,,,,,,,,,,,,,,,,,,,,,,,,,,,,,,,,,,,,,,,,,,,,,,,,,,,,,,,
  ,,,,,,,,,,,,,,,,,,,,,,,,,,,,,,,,,,,,,,,,,,,,,,,,,,,,,,,,,,,,,,,,,,,,,,,,,,,,,,,,,,,,,,,,,,,
  ,,,,,,,,,,,,,,,,,,,,,,,,,,,,,,,,,,,,,,,,,,,,,,,,,,,,,,,,,,,,,,,,,,,,,,,,,,,,,,,,,,,,,,,,,,,
  ,,,,,,,,,,,,,,,,,,,,,,,,,,,,,,,,,,,,,,,,,,,,,,,,,,,,,,,,,,,,,,,,,,,,,,,,,,,,,,,,,,,,,,,,,,,
  ,,,,,,,,,,,,,,,,,,,,,,,,,,,,,,,,,,,,,,,,,,,,,,,,,,,,,,,,,,,,,,,,,,,,,,,,,,,,,,,,,,,,,,,,,,,
  ,,,,,,,,,,,,,,,,,,,,,,,,,,,,,,,,,,,,,,,,,,,,,,,,,,,,,,,,,,,,,,,,,,,,,,,,,,,,,,,,,,,,,,,,,,,
  ,,,,,,,,,,,,,,,,,,,,,,,,,,,,,,,,,,,,,,,,,,,,,,,,,,,,,,,,,,,,,,,,,,,,,,,,,,,,,,,,,,,,,,,,,,,
  ,,,,,,,,,,,,,,,,,,,,,,,,,,,,,,,,,,, [ 3635188201 ],,,,,,,,,,,,,,,,,,,,,,,,,,,,,,,,,,,,,,,,,
  ,,,,,,,,,,,,,,,,,,,,,,,,,,,,,,,,,,,,,,,,,,,,,,,,,,,,,,,,,,,,,,,,,,,,,,,,,,,,,,,,,,,,,,,,,,,
  ,,,,,,,,,,,,,,,,,,,,,,,,,,,,,,,,,,,, [ 40809341161 ],,,,,,,,,,,,,,,,,,,,,,,,,,,,,,,,,,,,,,,
  ,,,,,,,,,,,,,,,,,,,,,,,,,,,,,,,,,,,,,,,,,,,,,,,,,,,,,,,,,,,,,,,,,,,,,,,,,,,,,,,,,,,,,,,,,,,
  ,,,,,,,,,,,,,,,,,,,,,,,,,,,,,,,,,,,,,,,,,,,,,,,,,,,,,,,,,,,,,,,,,,,,,,,,,,,,,,,,,,,,,,,,,,,
  ,,,,,,,,,,,,,,,,,,,,,,,,,,,,,,,,,,,,,,,,,,,,,,,,,,,,,,,,,,,,,,,,,,,,,,,,,,,,,,,,,,,,,,,,,,,
  ,,,,,,,,,,,,,,,,,,,,,,,,,,,,,,,,,,,,,,,,,,,,,,,,,,,,,,,,,,,,,,,,,,,,,,,,,,,,,,,,,,,,,,,,,,,
  ,,,,,,,,,,,,,,,,,,,,,,,,,,,,,,,,,,,,,,,,,,,,,,,,,,,,,,,,,,,,,,,,,,,,,,,,,,,,,,,,,,,,,,,,,,,
  ,,,,,,,,,,,,,,,,,,,,,,,,,,,,,,,,,,,,,,,,,,,,,,,,,,,,,,,,,,,,,,,,,,,,,,,,,,,,,,,,,,,,,,,,,,,
  ,,,,,,,,,,,,,,,,,,,,,,,,,,,,,,,,,,,,,,,,,,,,,,,,,,,,,,,,,,,,,,,,,,,,,,,,,,,,,,,,,,,,,,,,,,,
  ,,,,,,,,,,,,,,,,,,,,,,,,,,,,,,,,,,,,,,,,,,,,,,,,,,,,,,,,,,,,,,,,,,,,,,,,,,,,,,,,,,,,,,,,,,,
  ,,,,,,,,,,,,,,,,,,,,,,,,,,,,,,,,,,,,,,,,,,,,,,,,,,,,,,,,,,,,,,,,,,,,,,,,, [ 1069285141 ] 
 ]);
