BRENTFACTORS[3472]:=MakeImmutable([ ,,,,,,,,,, [ 13489555333 ],, [ 104906678839 ],,,, 
  [ 473274652003763 ],, [ 2955775661, 31585573098943709 ],, [ 229097804167 ],, 
  [ 18274665608465291158121549800373 ], [ 1767696404041 ], [ 8625349808951 ],, 
  [ 3294558739, 6034089021769 ], [ 3074374493, 21391276537 ],,, 
  [ 1626085780993, 850600938600608040744526347910970035346141 ], [ 282103691041 ], 
  [ 87741740779429441, 299380298571604885694467 ],, 
  [ 361741390213771, 25593775929742450868749081 ], [ 1612515504637 ], 
  [ 122621308393, 59961705841312855439412949779571, 864544945950096470724214551639997 ], 
  [ 6101525306617722089 ],,, [ 8106060227 ],, [ 174024091892813 ], 
  [ 95534107769, 317822525731787341 ], [ 995839446667533055561, 26161041833627264712271 ], 
  [ 46230262795472531 ],, [ 1825236961, 10310291607609960529 ], [ 1888472214427 ], 
  [ 11112788187099900305201 ],, [ 853891833214109 ],, 
  [ 125660283121, 454700495354180972570731 ],, [ 6061348082329, 164525155520489 ], 
  [ 17959337701, 48983521193537387223990459799202932861 ], [ 170795419983760339 ], 
  [ 392707736530181 ],,, [ 1535439611, 14070504003556335782869, 601087906906492118307170903 ]
    , [ 764916169613365603, 252952152863906692817587 ], [ 1388688822070644989690978881 ], 
  [ 34685848490411 ], [ 466894652929 ], [ 34573553851409733923691809 ], 
  [ 9675213673, 425614716573087812040953, 25806318764802673404098377 ],, 
  [ 299346129811, 2366256003425942527190842259101 ], [ 2431370914529, 952534462682867 ], 
  [ 6833922092981770645328329 ],,,, [ 2651147899409801329 ], 
  [ 200013859729252819306638737, 1680789273963691569408591220669 ], [ 35154617742444253 ], 
  [ 1088299659583 ], [ 2247365441, 3535778689767250168893293637974067769301111201 ],, 
  [ 1816272754147000498334097659695646300029 ], [ 1229198461, 1288121246120239 ], 
  [ 35144659232517906253784359384117 ], [ 6703769291, 22310555287757911 ], 
  [ 4846769597, 30275808266481966284034516754752431, 12616054625357460473902489711807563913 ]
    , [ 14906320393, 35898845063959 ],, [ 420414313549 ], [ 2406248011, 12907215387091 ], 
  [ 1677452323 ], [ 42223248569, 312340927637, 2700235957413429534761 ], [ 6718149524534827 ]
   ,, [ 680457753558072731 ], [ 488085272401057, 3806691120136848003504015556030847233 ], 
  [ 29989373692151 ], [ 1204260457, 2836249753, 204232640083984652884463441 ], 
  [ 25016728613647565367084601 ],, [ 1358453646101 ], [ 911873515609183 ], 
  [ 142283919739679, 6218512758485000752292387 ], [ 3453804121 ],,, 
  [ 13227324392981, 6201664544410966587285463 ], 
  [ 283587924371536833561181430857, 17188268735887509699963741194049598644961 ], 
  [ 1957450123, 8088656003318003567 ], 
  [ 13042749558851, 199132480997231, 792558832007471, 9619642488821352957725320181 ], 
  [ 9723296576519037283 ], [ 2377728600353 ], [ 139386710909 ], 
  [ 54490935804840989826847841913721 ], [ 21900943621, 40557527251 ], [ 27465210497 ], 
  [ 4246320781, 66042672886677412169458111 ], 
  [ 14934320522941, 220073277095173446811718365517 ], 
  [ 242140254277489, 89252389334588531103599 ], 
  [ 213779317409401, 868583646312161813427949491107797856281 ], 
  [ 6112070581, 2696266116045090161 ], [ 373150170139774519640371 ], [ 264742601257 ], 
  [ 1605127112389, 13556793778013249 ], [ 67318414073260742501 ], 
  [ 307270334119414151831588949763 ], [ 8783982886946404257773 ], 
  [ 135569511626023388929, 1716644757991234677377 ], [ 286690956853219 ], 
  [ 22265062739569261 ],, [ 3021813866336977502855308729 ], 
  [ 106444931657, 4447215908141917 ],, [ 1671452281 ], 
  [ 209515129801, 36845881668317576623053017 ],, [ 748850371456903 ],, 
  [ 128942700433338146916325241 ],, 
  [ 44342467801, 13155710582407103, 12232764642318890391108894114779 ], [ 98447644153 ],, 
  [ 1557717868144942804665893260781 ],,, [ 4820093009 ], [ 13119992957, 5156968454059787 ], 
  [ 1464251339968201, 1622617794806866781193589976083201 ], [ 135050852410430301949 ], 
  [ 2629333393, 65252208055751449, 1708001394443878537 ], 
  [ 259559316091333, 4210128603427987 ],, [ 3029911784089870279891, 15816281741603385641971 ]
    , [ 1603858994557, 39134624674789198417669, 1247279783272258360751881 ], 
  [ 64021865095128461749 ],, [ 407855243133973, 683404077690315741371239 ], 
  [ 41384941342081, 133148037416321 ],, [ 30785437369, 6745880938661225034171419344141 ],,,,
  , [ 3071906054566143401 ], [ 7131097681, 194461142737 ],, 
  [ 74286369598828301, 149895997333630201, 11881623622556218681, 1113014360436161234771 ], 
  [ 18938619080587, 52902846511453 ],,, [ 336017618127511 ], [ 2336554843390951 ], 
  [ 84866903584826946529 ],, [ 109341739609, 29219623308108491, 1107665806871570231 ], 
  [ 142601271493 ],,, [ 17219362826232571554733 ],, [ 32735745650497 ], [ 64889183641 ],, 
  [ 6211067683657 ], [ 38253519961, 3906257740729 ], 
  [ 25067041273, 37469110141, 452666846735636843062243 ], 
  [ 99753074368531, 91438650402245933711 ],, [ 11451659862703157953 ], [ 1740163674472417 ], 
  [ 20185095691, 375458957568109 ],, [ 3808691993, 941954203741013 ],, [ 101948787469 ],, 
  [ 1297375741347195401 ], [ 30606360019057 ], 
  [ 53043591069178669, 21900147337669539651971, 168659441792854004987801 ], 
  [ 596743969053961 ],, [ 16770144471541, 82880315812934506279421 ],, [ 32802072841 ], 
  [ 16543165601 ],, [ 116554307624980681 ], [ 190779676339981 ], 
  [ 166569879981541, 31344896427276689 ], [ 11401841935699 ], 
  [ 60254883770021, 453188910275855729359283 ], [ 7558008091, 98281320614761 ], 
  [ 2936299033, 39973339858871004913, 159673436374478062249 ], 
  [ 69955977827, 154052035439, 467597053211, 237310848013724311 ],, 
  [ 1115240711461, 17953044658531 ],,,,, [ 1294208833, 6645544193 ], 
  [ 2809894276351, 20086627618394101 ], [ 18074729709117163, 396832178866861375860419 ], 
  [ 207615143532369682841 ], [ 8284590356221 ], [ 13054869294237887 ],, 
  [ 37727007806460589 ], [ 8713267027649, 15045954196584157475753 ], [ 137581480249 ], 
  [ 4068125101, 107383132819 ], [ 8017224305381 ], [ 5704708386238373 ],,,,, 
  [ 104877647843 ], [ 30487194393767 ], [ 1386731989 ], [ 652912979116571769173 ], 
  [ 144228985616941 ],,, [ 87028103209, 63508534424801, 798028877649761 ],, 
  [ 65752027437424828884751 ], [ 1375416247, 1712161547751013, 231216085046970077 ],, 
  [ 457016534393 ], [ 1503371137, 2404289071, 9072981347 ],, [ 1726457199153437738497 ],,,,, 
  [ 297967397941, 922566941641 ],, [ 528873397301839 ], [ 250354436641, 579349203577 ], 
  [ 4594841997955171 ], [ 33630228647 ], [ 4935588819529, 8718396580639, 30830952662407 ],, 
  [ 36737217193233311 ],,, [ 23936549379073, 294529564393142031313 ],,,,,, [ 36117057773 ], 
  [ 54383880701053 ], [ 1413561679010468394401 ], [ 3746528041, 79696247009107199 ], 
  [ 152948307289, 1789747866763, 6747148717183627, 5643636521109342373, 17473781440122056461 
     ], [ 7669044645139 ], [ 24904172149 ], [ 11319335083711, 4629719637457381 ], 
  [ 7775366171, 4563271205474144122961 ], [ 41105658686014301 ], [ 19869451478209 ],, 
  [ 1343300011, 1977240499811 ],,,,,, [ 32139279274313 ], [ 10619783857 ], 
  [ 739488374516621731 ],, [ 3797134185889284576001 ], [ 430158854639215179563 ], 
  [ 447685454737 ], [ 4141740331 ], [ 3830642593 ],, [ 759144591960661 ],, 
  [ 14467414501, 60056340653, 560820557917621, 8634557633131018413142781 ],, [ 14194149181 ],
  ,,,, [ 1080466286131 ],, [ 3470968043, 532572792366991 ], [ 2423883946717 ],, 
  [ 131606689761477761 ],,,, [ 4751278237 ],, [ 83886698752499141268181 ], 
  [ 420636498496717, 210235947197458819404967 ], [ 1859001924761 ],, 
  [ 3396818785471, 135316418293413147527114401 ], [ 21534838817 ],,,,,,, 
  [ 4512838097, 1511619082429 ],, [ 28120784941, 1548210468894815445221 ], [ 38835448298879 ]
   ,,,, [ 9587712786181 ],,,,, [ 4562007451, 3660191244512951 ], 
  [ 95933135377, 640761906097 ],, [ 8636930779 ],,,, [ 364440446989543 ], 
  [ 4146436193, 160056324749, 268603303687031 ], [ 71830564525356761, 165587234448848951 ], 
  [ 5509850514597001 ], [ 567765253897, 10111072627970021 ], [ 1762352113, 11747921601287 ],,
  ,, [ 28302535303381, 1363393072832977 ], [ 2232454875973027, 489585436442346029 ],,, 
  [ 138024820618087201 ], [ 351272684587133 ],, [ 153229630070449 ],,, [ 1478568193969 ],, 
  [ 2391160246904816633482739214139 ], [ 904771139777, 5190391717233997 ], 
  [ 3382224314360289781 ], [ 378983383945357 ], [ 670671887359 ], [ 141949670677 ], 
  [ 950014672989313 ],, [ 121084178169887, 1659696629148922937 ], [ 14141919870523 ],, 
  [ 1202596471961 ], [ 391347518251 ],, [ 1716837300731452649 ], [ 80710299961 ], 
  [ 3260276717, 7924940263265449 ], [ 1720995419851 ],, [ 21737871569 ],,,, 
  [ 8550363403, 128860967321495917 ],, [ 3926829564571057 ],,, [ 81311635909771 ],,,, 
  [ 6931877902375466641, 13364366146205857909001 ], [ 581534637787 ],,,, 
  [ 74294906030911, 4620401078067241 ], 
  [ 128861789057, 63963672022849, 289117034350845706721 ], [ 5797766126994859 ], 
  [ 48758802430237307 ],,,, [ 478593145635708067 ],, [ 27288000229083506177 ], 
  [ 6648453779651 ],, [ 155813794501, 84285862266119039 ], [ 4077841049 ], [ 1278045913 ], 
  [ 503702115261071 ], [ 13299879029, 1349024581469 ],, [ 121858368167 ], 
  [ 425080025087966341661 ], [ 112046038593961 ],, [ 54517738112273 ], 
  [ 3574931999339792503 ],,,,,, [ 82162594290207553 ],, [ 2073017127545209 ],,, 
  [ 2863277491 ], [ 11961305883235801 ],, [ 78414141529 ], [ 293274864526069 ],,, 
  [ 1475154702649 ],, [ 24405399401249, 656819076174407 ], [ 24148105669 ], [ 148864210081 ],
  [ 2057572081 ],, [ 20916231499, 36297525793 ], [ 7081072583489 ],,, [ 15936035558249 ], 
  [ 201781438702719457609 ], [ 443702914789 ], [ 5890673795935153831, 7533569911981177741 ], 
  [ 40899297247 ], [ 288698306595115297 ],, [ 98572685290159 ],,, [ 152338981519 ],,,, 
  [ 893576228117 ], [ 5347594309 ],,, [ 17381882598121 ], [ 159854346279253 ], 
  [ 471731135753 ],, [ 19197055399 ], [ 217934155433821, 210739818239389601 ], 
  [ 12434276473, 4624612250413783 ],, [ 13621807907 ],, [ 26874244981 ],,, [ 259360817791 ],
  , [ 205079900602001 ],,,,,,,,,,, [ 2369014397 ], [ 27235338241, 260158715393 ], 
  [ 16337901201214951 ], [ 74045976076510955527 ],, [ 123411055073629 ],,,, [ 153864327761 ],
  ,, [ 45855972653 ],,, [ 808766513931371927 ],, [ 188888680993 ],,,, 
  [ 1362220049, 488212604417455009 ],,,, [ 91664990546878817 ], [ 865413270433 ],, 
  [ 7977270071 ],, [ 318375751721 ], [ 48776618069051, 17974458940132430950129 ],, 
  [ 11771517202302315593153 ],,,, [ 5817872689 ],,,,,, [ 20138994151 ], [ 2998098439351 ], 
  [ 37122454781 ],,,, [ 94416302401 ],, [ 765691001249 ],,,, [ 1212597747514731724429 ],, 
  [ 38629422697, 394920908047256257 ],,, [ 109209132247 ],, [ 88551466987 ], 
  [ 1210621549999 ],,,, [ 6040856603 ],, [ 5814335590139341 ], [ 99548650391 ],,,,, 
  [ 56465139299 ],, [ 9156760756501 ],, [ 5435573717676391, 93310637663671569481 ],, 
  [ 229882929676649521 ], [ 2867107561 ],, [ 33251175161 ], 
  [ 27330521681, 1595850457914733001 ],, [ 35119580535573415103 ], [ 5689434979 ], 
  [ 282491151335401, 3322027869773401 ],, [ 427406126309, 2177255669993083261 ], 
  [ 341478612973 ], [ 247144610677 ],, [ 19079794186905499 ],,,,, [ 6264623327 ],, 
  [ 24008056191013 ], [ 8642527693 ], [ 1678838047810801 ],,, [ 4990194883, 9436875095887 ],,
  ,,,,,, [ 84388281517781 ], [ 478550238541 ], [ 341314945409 ],, [ 78574652729371 ],,,, 
  [ 164389753908343 ],, [ 16218404497 ],,,,,,,, [ 1732754896232753 ], 
  [ 37985795371, 129103063261 ], [ 1694819761 ],,,, [ 1012319101 ], 
  [ 1637764487563, 340826815612057892839471 ],,,,,,,, [ 164548845523 ],,, 
  [ 4602526755674011 ], [ 2199327469 ],,, [ 125499775267 ], [ 2220672449 ],,,,, 
  [ 11101514034913 ],,, [ 1034147726551 ],,, [ 503920686979 ],, [ 11098666921, 115501084481 ]
   ,, [ 22687506799 ],,,,,,,,, [ 1534307570707 ],,, [ 18048802481, 5570681545183 ],,,, 
  [ 16132142497, 83003682116753 ],, [ 500312606501 ],, [ 3363998215793426173 ],,,, 
  [ 139034325820099 ],,,,,,,,,,,,,,,,, [ 629778310411 ], 
  [ 13263268769, 860518203821, 93370367646629 ],,,,, [ 1060738741 ],,,,,,,,, 
  [ 76031447802643, 155898163898713 ],,,, [ 7730559649 ], [ 1045500563 ], [ 6222226753 ],,,, 
  [ 14733449501 ],, [ 1386231884251, 479509708357678501 ],, [ 7878185479457 ],,,,,, 
  [ 1205313347701 ], [ 1039714633 ], [ 36275634481 ],,,,,, [ 1700162279 ], [ 1190726083 ], 
  [ 371359583233 ], [ 75034685917 ], [ 9373684321 ],, [ 389676078721 ],,,, 
  [ 2589452669975609 ], [ 6327802531 ],,, [ 20521784401, 61200000032341, 2017107996618844741 
     ], [ 5439922605041 ],,,,, [ 3562749361573 ], [ 27856234891 ],, [ 52258947913 ],,, 
  [ 22784380783561 ],, [ 305179380132421 ], [ 3541136701 ], [ 522765741252832421 ],, 
  [ 1121338482547291, 94565673722592320977 ],, [ 77579224001 ],,, 
  [ 106347484343, 169770449509 ],,,,,,,, [ 20254470347 ], [ 7624908173 ], [ 126923275471 ],,,
  ,, [ 31150469863 ],, [ 118840145741 ],, [ 13002704251 ],,,,,,,,, [ 3092895577 ],,,, 
  [ 14607050791 ], [ 1379574418861 ],,, [ 6039090119 ], [ 33848399941709524921 ],, 
  [ 37352345111 ],,,,, [ 384569454193 ], [ 78295782337 ], [ 4409093023 ], [ 2537711551 ], 
  [ 18886375757 ],,, [ 91695117529 ],, [ 3084831401 ],, [ 555617510230916563 ],, 
  [ 4122149168021 ],,,,,, [ 1067819569 ],,,, [ 1574536265626771 ],, [ 1143095154809 ], 
  [ 4176634537 ],,,,, [ 5965522711 ],, [ 452021317841281 ],,,,,,,,,, [ 284808659701 ],,,, 
  [ 218597272711 ],, [ 2182874791553, 358860024721215361 ],, [ 1861982347 ],, 
  [ 30860558227603801 ],,,, [ 39441145410509881 ],, [ 27868591711, 156415938345361 ], 
  [ 1138633289 ],,,, [ 7728794639 ],, [ 30072384871 ], [ 10203804601 ],,,, [ 236580498199 ],,
  ,,,, [ 8644472761 ],,,, [ 10821242895809, 1722963880503937 ],,,,, [ 29912345737 ],,,,, 
  [ 129567346598537 ],, [ 5880668201 ],,,, [ 9236411297, 10529364589855009 ],,,, 
  [ 2660597511014449 ],,, [ 375256746643 ], [ 1391890933217 ],,,,,,,, [ 2562223681 ],, 
  [ 1209612056381 ], [ 24907756177 ],, [ 4081112381 ],, [ 42178049009 ],,,,, 
  [ 191401781922878689 ], [ 32398136681 ],,, [ 963503679923139073 ],, [ 7428144721 ],,,,,, 
  [ 25443419857 ],,,, [ 2113045865155993 ],, [ 1040686641631891 ],,,,,,,, [ 18459955103 ], 
  [ 4859505631 ],,,,,,,,, [ 1767763772209, 1395637668609722497 ],,, [ 193993603813 ],,,,,,, 
  [ 21744774203 ],, [ 412640070781 ],,,,,,,,,,,, [ 1230030481, 98487171793, 111729968137 ],,,
  ,,, [ 85843588126541455927 ],,,,,,,,, [ 10247615107 ],,,,,,,,,,,,,,, 
  [ 81436704553, 125911097611093 ],,,,,, [ 37028600233 ],,,,,, [ 3072291919 ], 
  [ 47607024301 ],,,,, [ 37031097241 ],,,, [ 1738210261 ], [ 13309265341, 1071922343101 ],,,,
  ,,,,,,,,, [ 5348670931, 1003840531273 ],,,,,,,, [ 13760860849 ],,,,,,,,,,,, [ 2837700893 ],
  ,, [ 3414971803 ], [ 875396532187 ], [ 1336810217 ], [ 441710624893 ], [ 127131032251 ],,,,
  ,,,,,,,,,,, [ 2849901961, 474601711741 ],,,,,, [ 3229442899 ],,,, [ 1791903551 ],,,,,, 
  [ 2183022769 ],,,,,,, [ 23600414753 ],,,,,,,,,,,,,, [ 8259486863 ], [ 20725424543 ],,,,,, 
  [ 461331584993 ],,,,,,, [ 1310240502271 ],,,,,,,,,,,,,, [ 328174944161 ],,,,,, 
  [ 35536930633 ],, [ 3313583639 ],,,,, [ 1264303489 ],,, [ 1047935461 ],,,,,,,,, 
  [ 12302399731 ],,,,,, [ 2774063569 ], [ 1155093283 ], [ 1178968447, 429599340689 ],,,,,,,,,
  ,,, [ 949805822501, 1408878107501 ],, [ 2398492709 ],,,,,,, [ 1581266231 ],,,,, 
  [ 29200608209 ], [ 15545233331 ], [ 3730719697 ],,,,,,,,,,,,,,,, [ 35082328703 ],,, 
  [ 4461735881 ],,,,, [ 6211757641 ],,,,,,,,,,,,, [ 5978573143, 2790121462613 ],,,,,,,,,,,,,,
  ,, [ 268901773291 ],,,,,,,, [ 96401807303 ],,,,,,,,,,, [ 46835198131 ],,,,,, 
  [ 51403375297 ],,,,,,,,,,,,,,,,,,,, [ 18169775801 ],,,,,,,,,,,,,,, [ 3349704079 ],,,,,,, 
  [ 281601655718923, 15472779792561631 ], [ 6473622773 ], [ 39982231097 ],,,,, 
  [ 2668071407 ],, [ 1619648011, 26413638661 ],,,,,,,, [ 217167580837 ],,,,, [ 3008307457 ], 
  [ 1610033303 ],, [ 3116712749, 10755350323 ],, [ 1142911934137 ],,, [ 3506925073 ],,,,,,,,,
  ,,,,,,,,, [ 476523673579 ],, [ 85429449361 ],, [ 7193564803 ], [ 76505597713 ], 
  [ 7220520001 ],,,,,,, [ 28193978893 ],,,,,,, [ 27478094759 ],,,,,,,,,,,,,,,,,,,, 
  [ 8260602593 ],,,,,,,, [ 5152384927 ],,,,,,,,,,, [ 25141424263 ],,, [ 18565442281 ],,,,,,, 
  [ 1123002523 ],,, [ 12448321909 ],,,,, [ 23797835987 ],,,, [ 2547087691 ],,,,, 
  [ 7115980321 ],, [ 3874890241 ], [ 52990853837 ],, [ 8872654624501 ],,,,,,,,,, 
  [ 1514197681 ],,,,,,,,,,,,,,,,,,,,,,,,,,,,,,,,,,,,,,,,,,,,,, [ 1073246217073 ],,,,,,,,,,,,,
  ,,,,,,,,, [ 14847518197 ],,,,,,,, [ 5149400401 ],, [ 14507817710387 ],,,,,,,, 
  [ 15139695847 ],,,,, [ 55180622173 ],,,,,,,,, [ 210171143671 ],,,,,,,,,,,, [ 3930341509 ],,
  ,,,,, [ 2373671941 ],,,,, [ 42489465229 ], [ 49696416001 ],,,, [ 1339581569 ],,,,, 
  [ 78602239291 ],,,,,,,,,,,,,,,,,, [ 2695515593 ],,, [ 150223633561 ],, [ 185341850893 ],,,
  , [ 2601440129 ],,, [ 2667562523 ],,,,,,,,, [ 118311633049 ],, [ 1219936231 ],,,,,,,,,,,,,,
  ,,,,,, [ 5153294591 ],,, [ 124867401887 ],, [ 1080110371 ],,,,, [ 10537368661 ],,,,,,,,,,,,
  ,, [ 4527561613 ],, [ 54554119097 ],,,, [ 167541084481 ], [ 4174489243 ], [ 187700552857 ],
  ,,, [ 811936728653 ],,,,,,, [ 1416631060171 ],,,, [ 63959324797607 ],,,,,,, 
  [ 17067693913 ],,,,,,,,,,,,,,,,, [ 8564057276239 ],,,, [ 12178457741 ],,,,,,,, 
  [ 17399763487 ],,,,,,,, [ 4400457427 ], [ 8965220237 ],,,,,,,,,,,,,,,,,,,,,,,,, 
  [ 2409404113 ],,,, [ 944802620413 ],,,,,, [ 95213660167 ],, [ 106051473529 ],,,, 
  [ 41902603453 ],,,,,, [ 9187723651 ], [ 27398269471 ],,,,,,,,,,,,,,,,,,,,,,,,,,,,,,,, 
  [ 3008724349 ],,,,, [ 43504085881 ],,, [ 1503122251, 2447051891, 33931659169711 ], 
  [ 179843399737 ],,,,, [ 18815248373 ],,,,,,, [ 1253403709 ],,,,,,,,,, [ 1100739119 ],,,,, 
  [ 2401096729 ],,,, [ 33654555107 ],, [ 1598915867112073 ],,,,,, [ 363245097151 ],,,,,,,,,,,
  ,,,,,,,,, [ 1287367421 ], [ 4129867837 ],,,,,,,,,, [ 9906505561 ],, [ 2064116599 ],,,,,,,,,
  ,,,,,,,,,,,,, [ 42740504801 ],,,,,,, [ 1219710617, 23255583293 ],,,,,,,,,, [ 64537931119 ],
  ,,,,, [ 653511772993 ],, [ 26179939661 ],,,,,,,,,,,,,,,,,,,, [ 9167085451 ],,,,,,,,,,,, 
  [ 1932374706247 ],, [ 6333751393 ],,,, [ 211351686613 ],, [ 17759326902391 ],, 
  [ 9787661801 ],,, [ 1312479001 ],,,,,,,,,,,,,,, [ 1820856071 ],,,,,,,, [ 3196237963 ],,,, 
  [ 11992094977 ],,,, [ 15189042727 ],,,, [ 1662272771 ],,,,,,,,,,,, [ 8858683693 ],, 
  [ 4618867258189 ],,,,,,,,,,,, [ 3023119249 ],,,,,,,, [ 3006657697 ],,,,, [ 24237483607 ],,,
  ,,,,,,,, [ 19666918801 ],,,,,,,,,,,,,,,, [ 10691671553 ],,,,,,,,,,,, [ 3956825149 ],,, 
  [ 1186715713 ],, [ 1271312803 ],,,,,,,,,,,,,,,,,,,,,,,,, [ 32940061411 ],,,,,,,, 
  [ 45991025389 ],,, [ 102126792907 ],,,,,,,,,,,, [ 79987044889 ],,, [ 12692732713 ],, 
  [ 4679318647 ],,,,,,, [ 5356020853 ],,,,,,,,,,,,,,,,,,,,,,, [ 5833160401 ],, 
  [ 1623398477 ],,,, [ 41041610261 ],,,,,,,,,,,,,, [ 130457493937 ],, 
  [ 1436431543, 22231851823033 ],,,,,, [ 479110646017 ],,,,,,,,,, 
  [ 1125374563, 1246956751, 4097626573 ],,,,,,,,,,,,,,,,,,,,, [ 147261519721 ],,,,, 
  [ 39334833721 ],,,,,,,,,,,,,,,, [ 1527726997 ],,,,, [ 1036356229 ],,,,,, [ 9858786967 ],,, 
  [ 37161226630201 ],, [ 135524899521073 ], [ 2836603519 ], [ 4217088137, 6385915187 ],,,,,,,
  ,,,,,,,,,,,,, [ 1301648923 ],,,,,,,,,,,,,,,,,,,,,,,,,, [ 329634177401 ],, [ 11495509537 ],,
  ,,,,,,,,,,,,,,,,,,,,,,,,,,,,,,,,,,,,,,,,,,,,,,,,,,,,,, [ 17850189392281 ],,,,,,,,,,,,,, 
  [ 257077059989 ],, [ 1297710503 ],, [ 5892010177 ],,,,,,,,,,,, [ 11581164013 ],,,,,,,,,,,, 
  [ 1530884881 ],,, [ 3356498281 ],,,,,,, [ 2360049781, 217126120531 ],,,,,,,, 
  [ 51009838183 ],,,,,, [ 1314065041 ],,, [ 1880287093, 18460798633 ],,,,,,,,,,,, 
  [ 39850073563 ],,,,,,,,, [ 16792842793 ],,,,,, [ 204071209057 ],,,,,,,,,,, [ 1102109581 ],,
  ,, [ 74420877493, 10483722355123 ], [ 1739736671 ],,,,,,,,,,,,,,,,,,,,,,,,,,,, 
  [ 49860173903 ],, [ 1753180861 ],,,,,,,,,, [ 5837921461 ],,,,,,,,,,,, [ 3576168929 ],,,,,, 
  [ 46282210049 ],,,,,,,,,, [ 63358629049 ],,, [ 102400522171 ], [ 1644040553 ],,,,,,,,,, 
  [ 8313855857 ], [ 1184358790099 ],,,,,,,,,,,,,,,,,,,,,,,,, [ 3089442995338223 ],,,,,,,,,,,
  , [ 2975851001 ],,,,,,,,,, [ 12954922081 ],,,,,,,,,,,, [ 1835942249 ],,,, 
  [ 2297889793, 29262425617 ],,,,,,,, [ 120902994353 ],,,,,,,,,,,, [ 1095664337 ],,,,,,,,,,,,
  ,, [ 3784601141, 13103939281 ],,,, [ 13151448007 ],,,,,,,,,,,,,,,,,,, 
  [ 10987734619, 14699564587 ],,, [ 18696055141 ],,,, [ 23956828001 ],,,,,,,,,,,,,,,,,,,,,,,
  , [ 1021452097 ],, [ 1211542939 ],, [ 9862862101 ],, [ 4279743911 ],,,,,,,,,,,,,,,,,,,,,,,,
  ,, [ 27234721753 ],,,,,,,,,,,,,,,,,,,,,,,,,,,,,,,,,,,,,,,,,,,, [ 2705821801 ], 
  [ 5547965233, 12097315051 ],,,,, [ 118254648433 ],,,,,,,,,,,,,,,,,,,,,, [ 40025850769 ],,,
  , [ 1138431097 ],,,,,,,,,,,,,,,,,,,,,, [ 61961136637 ],,,,,,, [ 174863175607 ],,,,,,,,,,,,,
  ,,,, [ 6313145843087 ],, [ 3961781861, 5044505261 ],,,,,,,,,,,,,,,,,,,,,,,, [ 1240826233 ],
  , [ 383919349087 ],, [ 24043572673 ],,,,,,,,,, [ 160316679097 ],,,,,,,,,, [ 69748469029 ],,
  ,,,,,,,,,,,,,,,,,, [ 1139180857 ],,,,,,,,,,,,,,,,,,,,,,,,,,,,,,,,,, [ 2277459311 ],, 
  [ 19964992573 ],,,,,,,,,,,,,, [ 20118690821 ],, [ 3023820601 ],, [ 63003205123 ],,, 
  [ 3180370771 ], [ 4716902053 ],,,,,,,,,,,,,,,,,,,,,,,,,,,,,, [ 11975117057 ],,,,,,,,,,,,,,,
  , [ 1514208193 ],,,, [ 4940080489 ],,,, [ 4020932521 ],,,, [ 2447891881 ],,,, 
  [ 102232915489 ],,,,,, [ 138553599973 ],,,,,,,,,,,,,,,,,, [ 1213964190433 ],,,,,,,,,,,, 
  [ 1371573270181 ],,,,,,,, [ 27703365097 ],,,,,,,,,,,,,, [ 1061292707 ],,,,,,,,,, 
  [ 2959927133 ],,,,,,,,,,,,,,,,,,,, [ 449316506321 ],,,,,,,,,,,,,,,,,,,,,,,, 
  [ 20442789075601 ],,,, [ 2108928973 ],,,,,,,,,,,,, [ 101539370689 ], [ 6704688709909 ],,,,,
  ,,,,,,,,,,,, [ 1919809321 ],,,,,,,,,,,,, [ 6265059841 ],, [ 7906062691, 1176819572431 ],, 
  [ 7156712837 ],,,,,,,,,,,,,, [ 2636554313 ],,,,,,,, [ 41745661621 ],,,,,,,, 
  [ 17719404191 ],,,,,,,,,,,,,,,,,,,,,,,,,, [ 108666149593 ],,,,,,,,,,,,,, [ 8499168973 ],, 
  [ 3790122529 ],,,,,,,,,,,,,,,,,,,, [ 3750546881 ],,,,,,,, [ 3646294081 ],,, 
  [ 3428707081, 7980638551 ], [ 15138435317 ],,,,,,,,,,,,,,,,,,,, [ 7878142081 ],,,,,,,,,, 
  [ 20906471819 ],,,,,,,,,,,,,, [ 18156200521 ],,,, [ 13803520901 ],,,,,,,, [ 1733187412009 ]
   ,,,,,,,,,,,,,,,,,,,,,,,,,,,,,,,,,,,,,,,,,,,,,,,,,,,,,,,,, [ 5911498321 ],,,,,,, 
  [ 26229240913 ],,,, [ 2628048961 ],, [ 55931838379, 164592657347 ],,,,,,,,,,,,,,,,,,,,,,, 
  [ 8377800841 ], [ 1302912139, 111551100541 ],,,,,, [ 849061528769 ],,,,,,,, 
  [ 23076770401 ],, [ 561409499389 ],, [ 1535069741 ],,,,,,,,,,,,,, [ 19580936265361 ],,,,,,,
  ,,,,, [ 5944909081 ],,,,,,,, [ 1931308699, 46894955057 ],, [ 4160661961 ],,,, 
  [ 33264665773 ],,,,,,,,,,,, [ 61660414241 ],,,,,,,,,,,, [ 1318301209 ],,,, [ 12439399393 ],
  ,,,,, [ 2108979913 ],, [ 6291427361 ],,,,,,,, [ 1273411081 ],,,,,,,,,,,,,,,,,,,,,,,,,,,,,, 
  [ 106402021441 ],, [ 154170143641 ],,,, [ 80558510173 ],,,,,,,,,,,,,,,,,,,, 
  [ 27244114561, 173013317569 ],,,,,,,,,, [ 3440909999431 ],,,,,,,,,,,,,,,,,,,,,,,,,,,,,,,,,,
  ,,,,,,,, [ 39818677237 ],,,, [ 5177127601 ],, [ 5125791767 ],,,,,,,,,,,,,,,,,, 
  [ 5939070160565501 ],,,,,,,,,,,, [ 58025937377 ],, [ 83736994591 ],,,,,, [ 5516336641 ],,,,
  ,,,,,,,,,,,,,,,,,,,,,,,,,,,, [ 1146750881 ],,,,,,,,,,,,,,,,,,,,,,,,,,,,,, [ 1516547419 ],,,
  ,,,,,,, [ 13164009097 ],,,, [ 4982918117, 106729510933 ],,,,,,,,,,,,,,,,,, [ 1229650381 ],
  , [ 5433553537 ],,,,,,,, [ 80483748721 ],,,,,, [ 117269716524551 ],, [ 40484508304241 ],,,
  , [ 33791503217 ],,,,,, [ 97190688869 ],,,, [ 8134642771 ],,,,,,,,,,,,,,,,,,,,,,,,,,,,,,,,,
  ,,,,,,,,,,,,,,, [ 16393653667 ],,,,,, [ 5310926521 ],,,,,,,,,,,,,,,,,,,,,,,, 
  [ 1845515797 ],,,,,,,,,,,,,,,, [ 3147238921, 4184978981 ],,,,,,,,,,,,,,,,,,,,,,,,,,,,,, 
  [ 4676763671 ],,,,,,,, [ 682557150997 ],,,,,, [ 1840865617 ],,,,,, [ 1596977491 ],,,,,,,,,,
  ,,,,,,,,,,,,,,,,,,,,,,,,,,,,,,,,,,,,,, [ 550688863033 ],, [ 27713296001 ],,,,,,,,,, 
  [ 2083031761 ],,,,,,,,,, [ 2196351556081 ],, [ 5195160188347 ],,,,,,,,,,,,,,,,,,,, 
  [ 66838549933 ],,,,,,,,,,,,,,,,,,,,,, [ 3783639553 ],,,,,,,,,,,,,, [ 20788203697 ],,,,,,,,,
  ,,,,,,, [ 22452110029 ],,,,,,,,,,,,,, [ 4891955993 ],,,, [ 25046368609 ],,,,,,,,,,,,,,,,,,,
  ,,,,,,, [ 2799837135691 ],,,,,,,,,,,,,,,,,,,,,,,,,,,, [ 42267109459 ],,,, [ 9342992551 ],,,
  ,,,,,,, [ 28260171945041 ],,,,,,,,,, [ 216579283351 ],,,,,,,,,,,, [ 2366781257167 ],,,,,,,,
  ,,,,,,,,,,,, [ 1338762349 ],,,,,,,,,,,,,,,,,,,,,, [ 7224929353 ],,,,,,,,,,,,,,,,,,,,,,,,,,,
  ,,,,,,, [ 631361569693 ],,,,,,,,,,,,,, [ 75244983829 ],,,,,,,,,,,,,,,,,,,,,,,,,,,,,,,,,,,,,
  ,,,,,,,,,,,,,,,,,,,,,,, [ 6058988833, 11558999521 ],,,,,,,,,,,,,,,,,,,,,,,,,,,,,,,,,,,,,,,,
  ,,,,,,,,,,,,,, [ 2029965979 ],,,,,,,,,, [ 1641058849 ],,,,,,,,,,,,,,,,,,,,,,,,,, 
  [ 5848980931 ],,,,,,,,,,,,,,,,,,,,,,,, [ 2922040657 ],,,,,, [ 23127580633 ],,,,,,,,,,,,,,,,
  ,,,,,,,,,,,,,,,,,,,,,,,,,,,,,,,,,,,,,,,,,,,,,,,,,,,, [ 4382547901 ],,,,,,,,,,,,,,,,,,,, 
  [ 1416297361 ],,,,,,,,,,,,,,,,,,,,,,,,,,,,,,,,,,,,,,,,,,,,,,,,,,,,,,,, [ 150092825497 ],,,,
  ,, [ 731964349862371 ],,,,,,,, [ 72110528101 ],,,,,,,,,,,,,,,,,,,,,,,,,,,, [ 12590783041 ],
  ,,,,,,,,,,,,,,,,,,,,,,,,,,,,,,,,,,,,,,,,,,,,,,,,,,,,,,,,,,,,,,,,,,,,,,,,,,,,,,,,,,,,,,,,,,,
  ,,,,,,,,,,,,,,,, [ 4879042146397 ],,,,,,,,,,,, [ 3301946779 ],,,,,,,,,,,,,,,,,,,,,,,,,,,,,
  , [ 50522726809 ],,,,,, [ 191496323989 ],,,,,,,,,,,,,,,,,,,,,,,,,,,,,,,,,,,,,,,,,, 
  [ 3106744873 ],,,,,,,,,,,,,,,,,,,,,,,, [ 173142144001 ],,,,,, [ 67137776809 ],,,,,,,,,,,,,
  , [ 140468388061 ],,,,,,,,,,,,,,,,,,,,,,,,,,,,,,,,,,,,,,,, [ 2506976401 ],,,,,,,,,,,,,,,,,,
  ,,,,,, [ 56190575617009 ],,,,,, [ 5648986711 ],,,,,,,,,,,,,,,,,, [ 1996497361 ],,,,,,,,,,,,
  ,,,,,, [ 72054944389 ],,,,,,,,,,,,,,,,,,,,,,,,,,,,,,,,,, [ 4408612001 ],,,,,,,,,,,,,,,,,,,,
  ,,,,,, [ 3738581107 ],,,,,,,,,,,,,,,,,,,,,,,,,,,,,,,,,,,,,,,,,, [ 2595749053 ],, 
  [ 321387261001 ],,,,,,,,,,,,,,,,,,,,,,,,,,,, [ 128567101099 ],,,,,,,,,,,, [ 6472948411 ],,,
  ,,,,,,,,,,,,,,,,,,,,, [ 6708422449 ],,,,,,,,,,,,,,,,,,,,,,,,,,,,,, [ 3502917289 ],,,,,,,,,,
  ,,,,,,,,,,,,,,,,,,,, [ 12662010451 ],,,,,,,,,,,, [ 9194378839 ],,,,,,,,,,,,,,,,,,,,,,,, 
  [ 1762866740251 ],,,,,,,,,,,, [ 5259627697 ],,,,,,,,,,,,,,,,,,,,,,,,,,,,,,,,,,,,,,,,,, 
  [ 10405286761 ],,,,,,,,,,,,,,,,,,,,,,,,,,,,,,,,,,,,,,,,,,,,,,,,,,,,,,,,,,,,,,,,,,,,,,,,,,,,
  ,,,,,,,,,,,,,,,,,,,,,,,,,,,,,,,,,,,,,,,,,,,,,,,,,, [ 3902686261 ],,,,,,,,,,,,,,,,,, 
  [ 9115311409 ],,,,,,,,,,,,,,,,,,,,,,,,,,,,,,,,,,,,,,,,,,,,,,,,,,,,,,,,,,,,,,,,,,,,,,,,,,,,,
  ,,,,,,,,,,,,,,,,,,,,,,,,,,,,,,,,,,,,,,,,,,,,,,,,,,,,,,,,,,,,,,,,,,, [ 7841138646589 ],,,,,
  , [ 1983783853 ],,,,,,,,,,,,,,,,,,,,,,,,,,,,,,,,,,,,,,,,,, [ 52509332041 ],,,,,,,,,,,,,,,,,
  ,,,,,,,,,,,,,,,,,,,,,,,,,,,,,,,,,,,,,,,,,,,,,,,,,,,,,,,,,,,,,,,,,,,,,,,,, [ 2085386719831 ]
   ,,,,,,,,,,,,,,,,,,,,,,,, [ 31150811899 ],,,,,, [ 8470618201 ],,,,,,,,,,,,,,,,,,,,,,,,,,,,,
  ,,,,,,,,,,,,,,,,,,,,,,,,,,,,,,,,,,,,,,,,,,,,,,,,,,,,,,,,,,,,,,,,,,,,,,,,, [ 3778147189 ],,,
  ,,,,,,,,,,,,,,, [ 1709416921 ],,,,,,,,,,,,,,,,,,,,,,,,,,,,,, [ 319154719196881 ],,,,,,,,,,,
  ,,,,,,,,,,,,,,,,,,, [ 4872890881 ],,,,,,,,,,,,,,,,,,,,,,,,,,,,,, 
  [ 2349970351, 10402897201 ],,,,,,,,,,,,,,,,,,,,,,,,,,,,,,,,,,,,,,,,,,,,,,,,,,,,,,,,,,,, 
  [ 155842657561 ],,,,,,,,,,,,,,,,,,,,,,,,,,,,,,,,,,,,,,,,,,,,,,,, [ 1600295761 ],,,,,,,,,,,
  , [ 27252711751 ],,,,,,,,,,,,,,,,,,,,,,,,,,,,,,,,,,,,,,,,,,,,,,,,,,,,,,,,,,,,,,,,,, 
  [ 2023705729, 42411866113 ],,,,,,,,,,,,,,,,,,,,,,,,,,,,,,,,,,,,,,,,,,,,,,,,,,,,,,,,,,,, 
  [ 242009711737 ],,,,,,,,,,,,,,,,,,,,,,,,,,,,,,,,,,,,,,,,,,,,,,,,,,,,,, [ 4013448001 ],,,,,,
  ,,,,,,,,,,,,,,,,,,,,,,,,,,,,,,,,,,,,,,,,,,,,,,,,,,,,,,,,,,,,,,,,,,,,,,,,,,,,,,,,,,,,,,,,,,,
  ,,,,, [ 1166419801 ],,,,,,,,,,,,,,,,,,,,,,,,,,,,,,,,,,,,,,,,,,,,,,,,,,,,,,,,,,,,,,,,,,,,,,,
  ,,,,,,,,,,,,,,,,,,,,,,,,,,,,,,,,,,,,,,,,,,,,,,,,,,,,,,, [ 12348890821 ],,,,,,,,,,,,,,,,,,,,
  ,,,,,,,,,,,,,,,,,,,,,,,,,,,,,,,,,,,,,,,,,,,,,,,,,,,,,,,,,,,,,,,,,,,,,,,,,,,,,,,,,,,,,,,,,,,
  ,,,,,,,,,,,,,,,,,,,,,,,,,,,,,,,,,,,,,,,,,,,,,,,,,,, [ 32096761561 ],,,,,,,,,,,,,,,,,,,,,,,,
  ,,,,,, [ 8231833231 ],,,,,,,,,,,,,,,,,,,,,,,,,,,,,,,,,,,,,,,,,,,,,,,,,,,,,,,,,,,,,,,,,,,,,,
  ,,,,,,,,,,,,,,,,,,,,,,,,,,,,,,,,,,,,,,,,,,,,,,,,,,,,,,,,,,,,,,,,,,,,,,,,,,,,,,,,,,,,,,,,,,,
  ,,,,,,,,,,,,,,,,,,,,,,,,,,,,,,,,,,,,,,,,,,,,,,,,, [ 19566160561 ],,,,,,,,,,,,,,,,,,,,,,,,,,
  ,,,,,,,,,,,,,,,,,,,,,,,,,,,,,,,,,,,,,,,,,,,,,,,,,,,,,,,,,,,,,,,,,,,,,,,,,,,,,,,,,,,,,,,,,,,
  ,,,,,,,,,,,,,,,,,,,,,,,,,,,,,,,,, [ 1562634361 ],,,,,,,,,,,,,,,,,,,,,,,,,,,,,, 
  [ 6910881121, 30950665021 ],,,,,,,,,,,,,,,,,,,,,,,,,,,,,, [ 11437273711 ],,,,,,,,,,,,,,,,,,
  ,,,,,,,,,,,,,,,,,,,,,,,,,,,,,,,,,,,,,,,,,,,,,,,,,,,,,,,,,,,,,,,,,,,,,,,,,,,,,,,,,,,,,,,,,,,
  ,,,,,,,,,,,,,,,,,,,,,,,,,,,,,,,,,,,,,,,,, [ 16119407281 ],,,,,,,,,,,,,,,,,,,,,,,,,,,,,,,,,,
  ,,,,,,,,,,,,,,,,,,,,,,,,,,,,,,,,,,,,,,,,,,,,,,,,,,,,,,,,,,,,,,,,,,,,,,,,,,,,,,,,,,,,,,,,,,,
  ,,,,,,,,,,,,,,,,,,,,,,,,,,,,,,,,,,,,,,,,,,,,,,,,,,,,,,,,,,,,,,,,,,,,,,,,,,,,,,,,,,,,,,,,,,,
  ,,,,,,,,,,,,,,,,,,,,,,,,,,,,,,,,,,,,,,,,,,,,,,,,,,,,,,,,,,,,,,,,,,,,,,,,,,,,,,,,,,,,,,,,,,,
  ,,,,,,,,,,,,,,,,,,,,,,,,,,,,,,,,,,,,,,,,,,,,,,,,,,,,,,,,,,,,,,,,,,,,,,,,,,,,,,,,,,,,,,,,,,,
  ,,,,,,,,,,,,,,,,,,,,,,,,,,,,,,,,,,,,,,,,,,,,,,,,,,,,,,,,,,,,,,,,,,,,,,,,,,,,,,,,,,,,,,,,,,,
  ,,,,,,,,,,,,,,,,,,,,,,,,,,,,,,,,,,,,,,,,,,,,,,,,,,,,,,,,,,,,,,,,,,,,,,,,,,,,,,,,,,,,,,,,,,,
  ,,,,,,,,,,,,,,,,,,,,,,,,,,,,,,,,,,,,,,,,,,,,,,,,,,,,,,,,,,,,,,,,,,,,,,,,,,,,,,,,,,,,,,,,,,,
  ,,,,,,,,,,,,,,,,,,,,,,,,,,,,,,,,,,,,,,,,,,,,,,,,,,,,,,,,,,,,,,,,,,,,,,,,,,,,,,, 
  [ 38302541551 ],,,,,,,,,,,,,,,,,,,,,,,,,,,,,,,,,,,,,,,,,,,,,,,,,,,,,,,,,,,,,,,,,,,,,,,,,,,,
  ,,,,,,,,,,,,,,,,,,,,,,,,,,,,,,,,,,,,,,,,,,,,,,,,,,,,,,,,,,,,,,,,,,,,,,,,,,,,,,,,,,,,,,,,,,,
  ,,,,,,,,,,,,,,,,,,,,,,,,,,,,,,,,,,,,,,,,,,,,,,,,,,,,,,,,,,,,,,,,,,,,,,,,,,,,,,,,,,,,,,,,,,,
  ,,,,,,,,,,,,,,,,,,,,,,,,,,,,,,,,,,,,,,,,,,,,,,,,,,,,,,,,,,,,,,,,,,,,,,,,,,,,,,,,,,,,,,,,,,,
  ,,,,,,,,,,,,,,,,,,,,,,,,,,,,,,,,,,,,,,,,, [ 1178846671861 ] ]);
