BRENTFACTORS[5207]:=MakeImmutable([ ,,,,,,,,,, [ 100147799621 ],, [ 62138947341795353537 ],,
  , [ 1256929057 ],,, [ 24317203229646461, 1047842150641879183 ], [ 1297497601 ], 
  [ 2720033149, 32730111079 ], [ 565119971197 ],,, [ 54211388391701 ],, 
  [ 31759628149, 1336041151741 ],, [ 2029747619671 ], [ 56829194011 ], 
  [ 2864158387, 299536430296703 ], [ 8292599521 ], [ 294526286066099521015817269 ], 
  [ 19536426434491 ], [ 3598246121, 3058458937992975091, 46201827616109160241 ],, 
  [ 6576405038832756355556545018642992250374186914042666252852046768623 ], 
  [ 404948796499587569 ], [ 21065283729248381848476797911 ], [ 166654369324252361 ],, 
  [ 1096559479 ], [ 1158504023, 5469068789722842426132343 ],, 
  [ 854252895859021, 28631099575527580801 ],, [ 10266147128392999 ], 
  [ 104725451126292571626104401 ], [ 455216787677, 20747152962674966380458292291381 ], 
  [ 118810111577951 ], [ 42327265194006518797, 2118530960449676911867 ],,, 
  [ 1104818631738139, 199414330256181180331 ], [ 17257394162195441 ], [ 263862922658609 ], 
  [ 19292812851073, 98781616888361819261739833659990985595288789037580617 ], [ 18329396873 ],
  [ 162224112217, 8569276387969669 ], [ 78532506535459338398761 ], 
  [ 1185280519458733284187, 1287700946794781768840265707 ], [ 4640353959729847834693 ],, 
  [ 90743133593469172033, 23580872161329536144129 ], [ 3930340079130847846493641 ], 
  [ 441621639106033, 38492851212306217 ], [ 92363616854618970239 ], 
  [ 19406414208487651034800792452096133170838027692869713 ], 
  [ 133944617734796503, 6847641569700528775346143, 524211964940342993396353016036251 ],, 
  [ 24264196046249 ], [ 46874455800049, 8267167170082023560713 ], 
  [ 5903892521, 30765695796585121361082533747 ], [ 16118251683857 ], 
  [ 754325027278171462845562019243101 ], [ 17851567345894700685371074233457048993 ], 
  [ 1695389978130767414645381 ], [ 733237349521, 66607271109291433 ], 
  [ 567302517713, 877075218209, 71808086576552537, 13323421652912425183 ], 
  [ 177767066835605599738081, 26168496495426362105934012881 ], 
  [ 8909420177999864938300176078343 ], [ 10636203940834141478051351929042124011105585241 ],,
  , [ 80531361767553726461, 85630875112136617391 ], [ 102822308297 ],, 
  [ 1173681169, 50711803438567129 ], [ 2303419511257 ],, [ 315628111689421450739 ], 
  [ 7531532676180040517775433 ],, 
  [ 1428207049, 130086675013, 24281085567781845275152190309, 175047341554782201877773108089 ]
   ,, [ 4703703649 ], [ 3077917298860153 ],,, [ 2703865015710042141301 ],,, 
  [ 5371825781153115188990989 ], [ 13226963508617, 24836123866009 ], 
  [ 73340760590908651, 937594274358080011, 11418524067173480008850071, 
      79690943341238041842341553380485711 ], 
  [ 940460839607030744941, 18873204261665684548691 ], 
  [ 314648958020412859, 2982970175541770399 ], 
  [ 170708066808401680458949, 4169832240673451879334221946517, 
      168194261785105771974046673764633 ], [ 99777816851679483086396479 ], 
  [ 3268792067777364246691 ],,, [ 1267168714824137 ], 
  [ 13339044893563, 248403792453841, 4241434949089160727100421911989067 ], 
  [ 79566216458801 ], [ 1940934186857, 4205119663975421 ], [ 780581952002971 ], 
  [ 10024983467, 15056778348181 ],, [ 255903675628501872300710927377441 ],, 
  [ 360212111629480282782993307 ], [ 53944499529799129 ], [ 235940138821 ], 
  [ 2181337751, 14739913812251, 6383592527203501, 4550768901507575251 ], 
  [ 71266141801, 25605872103445419195523, 332252852720033968329562382197 ], 
  [ 191152970501, 490144617373 ], [ 142869439873, 448314003329 ], 
  [ 1471643082706285813, 2302020898185053556607, 33659819687733741704239 ], 
  [ 226272110611, 54253608351411619949516790480851 ],, 
  [ 16081335219330480661, 2814080744942086572481, 3770629687984420157539881588295235401 ],, 
  [ 2683008369413, 469895930581664869 ], [ 15355243290820662016053571 ], [ 3294079209893281 ]
   ,, [ 283198179499, 631087166362924207, 32791936260198503293153817623 ], 
  [ 4086403177, 738805011178369 ], [ 55127298880361 ], [ 2045717677, 360341551129142377 ], 
  [ 4361149118320788623 ],, [ 3772999729, 228426412897, 29720186987932228244257 ], 
  [ 16132734128557201 ],,, [ 15113389156481871379712437 ], [ 1928107681 ], 
  [ 408013634863794471739830751 ], [ 21268383219717329 ],, [ 446356850509 ],, 
  [ 54926380321 ],, [ 389975100881 ], [ 3758442547189890599059 ],, [ 46602587867681 ], 
  [ 8563080919, 10107424061472213533 ], 
  [ 1644308497406884491310537, 9571875966694392319136521 ], [ 168709102711 ],, 
  [ 1334763199165441 ], [ 19945838277377927 ], [ 4690533343 ], 
  [ 224974407406907330089, 24431320995882927399337 ],, [ 2381339499361 ], 
  [ 2632254643, 146255599927, 11287242334093519 ], [ 227120052614281117, 383170373830942657 ]
    , [ 1399418820976651507463 ], [ 5935723316173041661 ], [ 934944579451 ], 
  [ 301075493489, 26406733154375808033713 ], [ 84959016457729 ], [ 3459556985023 ],, 
  [ 16083488258358481 ], [ 3344893757 ], [ 4944879771565007, 3352742658337999482557 ],, 
  [ 440066848337 ],, [ 482877821149 ], [ 12229098377, 22059454253, 563617643063003 ],,, 
  [ 59159840583899371, 32029056923241915629501 ], [ 10777042595387213 ], 
  [ 88460611748798118913 ],, [ 433815267017523869 ], 
  [ 6991335302251, 205236606177823437133156168501 ], [ 4255445987086057, 560422396728184061 ]
    , [ 461179433904942923 ], [ 6443551949912245081 ], [ 630747970211, 321273173153951 ], 
  [ 86290884601 ],, [ 94579082285293939 ], [ 1546944527983 ], [ 137049542874167515550173 ], 
  [ 6693400471 ],, [ 168424640029 ], [ 787992026458001 ], [ 245463975181349 ], 
  [ 5264385635461 ], 
  [ 58777990424579, 13268867504920667, 48455872816627187, 33228302713413934097 ], 
  [ 124865038531721, 249058151907082821113 ],, [ 5770382243 ], [ 8909982271 ], 
  [ 37016525080652636161 ],,, [ 398426772836773 ], [ 900785754881 ], [ 2668975749467 ], 
  [ 1990668206689 ], [ 1261884944608397 ], [ 2542054045884507379457 ], [ 31830534381538801 ],
  [ 2188759829 ],, [ 2636443730140383901 ], [ 3815651129 ],, 
  [ 6183719889236737, 934185841119124105051 ],,, [ 46631105011297, 2576135829047971910149 ], 
  [ 521599870208821231 ], [ 2236697317, 17001647917 ], [ 9911695163115601081 ], 
  [ 90831081839, 404464155235841 ], [ 206778284813, 56383202756317, 5583915563710990501 ], 
  [ 1109931601 ], [ 1100057033 ],,, [ 496941254283637 ], [ 1821567189064841 ], 
  [ 413214022801, 3104124644474385787208131 ],, [ 3733789049 ],,,, [ 87924706366255904881 ],
  , [ 32146063979 ],, [ 1310270209, 6484526849 ],,,,, [ 968677631316862279831 ],, 
  [ 4737445723181203 ],,, [ 10723796738302238333 ], [ 587111329061493703 ],, 
  [ 140558730990647 ], [ 19608620327303418001621 ], [ 12900533984472529 ], 
  [ 267348145171153, 2346166439862643159265873 ],,, [ 4006404601 ], [ 211554762313 ],, 
  [ 554965616115203 ],, [ 1828864801 ], [ 422079445043 ],,,,, [ 614868111287, 3924986240891 ]
   ,,, [ 27843938513, 2209940219797469639 ], [ 4935182881 ],, [ 1714850881225286353 ], 
  [ 1856670144983, 3767512077829, 108165106888277 ], [ 274185007699, 4228257574591 ], 
  [ 1133540500327591 ], [ 5571986090460611100841 ],, [ 18891734286891168016452853351463 ],, 
  [ 1703955769016635201 ],, [ 49441998857, 1256673481576393 ],,, 
  [ 1973144431, 10052002094065241 ], [ 75647073349, 146954043739 ],, 
  [ 88708567264377213073075541 ],, [ 2356654272264139321 ], [ 3485512644720017 ], 
  [ 444342599879257, 1681318347290401 ], [ 1684751923, 2424827903 ], [ 5024982708217 ],, 
  [ 32304171191021 ],, [ 38502289477, 3390783865228710817, 846752805136541037497779 ],, 
  [ 1647721083766210561 ],,,, [ 115048659554137, 11431727989673021339293 ],,, 
  [ 259698700357 ], [ 56710754249, 924058681074883284119753 ],, [ 27678176791, 83163255121 ],
  [ 13566367987 ],,, [ 51243909326514733 ],, [ 215575080480817, 9591818104614833809 ], 
  [ 1858280688067 ], [ 162792704699 ], [ 11579948430847 ],,,, [ 6701304609833 ], 
  [ 117190089217 ],, [ 91306337409719, 39670872868364049731 ], 
  [ 12246650041201, 1405913144431753 ], [ 241855941973, 317114119213 ],,,, 
  [ 3821148484430113 ],,,, [ 116022145469 ], [ 21649692818637703 ],, [ 146041738244393 ], 
  [ 104494235401, 1652370962520966764272201 ],,,, [ 2489828668237 ], [ 681328899071 ], 
  [ 19150472371 ],, [ 1039645680039457 ], [ 5026030921 ],,,,, 
  [ 262635444941, 4627787692307473189 ], [ 1634332501, 12027392091056380501 ], 
  [ 6767039026721 ],,, [ 74306031271 ], [ 984120540216232121 ],, [ 428559929342033497 ], 
  [ 2770393733 ], [ 4736890277377, 5239047098497, 58068358816950460727809 ],,,,,,, 
  [ 163278657994009 ],,, [ 29385301303, 1127115033026422316977 ],,,, [ 9133435523083583 ],, 
  [ 431571773201 ], [ 1306693789 ], [ 686135440759 ],,, [ 18946705951, 236864218411 ], 
  [ 41234962889 ],,,, [ 2171221831, 7511716601 ],,, [ 12486470544703 ], [ 2391246011701 ],, 
  [ 2385079841, 788552617601633 ], [ 294728897977 ],, [ 22552155762123011 ], 
  [ 53984767894261, 936704175767225881 ],,, [ 12173759803, 5865009524369371 ],, 
  [ 1140070512101 ], [ 236362882849, 190062285647713 ],, [ 1858307093 ],, [ 186699987559831 ]
   ,, [ 126756582049 ],, [ 232948279810303, 918058063011643 ],,,,,, 
  [ 998417446202441, 115503715010250601 ], [ 240933822319 ],,, [ 26614513957 ],,,,,, 
  [ 11551266901 ],, [ 7740867929 ], [ 12239937691, 6763894874593 ],, 
  [ 4733638001, 469934913631 ], [ 413667565246117681 ], [ 6296442027017 ], [ 45091368661 ],, 
  [ 23806674246821 ],,,,,,,, [ 792569952709821001 ],, [ 4276865159776291 ], 
  [ 2435826427, 126235868527 ], [ 6750423567953921 ], [ 7531399261, 12205141306923379 ], 
  [ 7731798494504413591 ],, [ 862267065157 ], [ 2495580753007 ], [ 52611775529 ],, 
  [ 38514487201, 40467206881, 19853396726352961, 14334287517532594462073281 ],, 
  [ 6502144333, 9650343402381281 ],,, [ 45216212725181 ],,,,, [ 377413587391 ],,, 
  [ 29991610964975753 ],,, [ 101931548881, 476072971841, 1190412912256611174977 ], 
  [ 450441639383 ],,, [ 2593809123141001, 20422733377900501 ], [ 82090728751 ],,, 
  [ 1417642129, 9087410093833, 21636091926836353, 381053789979509809 ],, 
  [ 167510536827327167 ],, [ 5081671321, 182512957301, 47754372445124344357 ],, 
  [ 16960631559121, 5278942533452011 ],,,, [ 238320678056027033 ],, [ 3769535322193 ],,, 
  [ 19869780126433 ],,, [ 1134552976993 ],,,, [ 4917357370390936813 ],, 
  [ 124587059984384449 ],,, [ 20858066569, 494259682878469 ], 
  [ 25770254111196077393, 32815759819205754889 ],, 
  [ 5687583959929, 5973349680061, 14086522628363173, 45897654287229889 ],,,,, 
  [ 5381502127 ], [ 62537382337681 ],, [ 72934013298771371 ],, 
  [ 105574801889, 355291894816771457, 15743668820897827458497 ],,,, [ 53410143221 ],, 
  [ 32064694751, 660654320701 ], [ 11687883631 ], [ 5764200662781105770233 ],,,, 
  [ 12192670229, 1415737661366269 ],,,, 
  [ 9369624881, 43210848110925601, 60971397622804977281 ],,,, [ 249439490893501 ], 
  [ 2268540541 ], [ 4763093761 ], [ 37022648293, 148508243101 ], [ 25971774390017 ],, 
  [ 4426401121 ],, [ 478472991569, 1232813260537 ],,,, [ 45396432577, 259304507151847489 ],,,
  , [ 123861840389839961 ],, [ 1607214195859 ],, [ 286965032821657 ], [ 42921171441721 ], 
  [ 1659593021, 16226706807287 ], [ 50390398651 ], [ 8237580617555017 ],,,, 
  [ 214771852424737, 12597869414943089 ],, [ 601561207164917024983 ],, 
  [ 3005853161905408024169 ],, [ 49378049030311, 119383574065516801, 32735186194054740527 ],
  , [ 3181004424523745401 ],,,, [ 39468250377373, 516615919581473, 143038970938911345481 ],, 
  [ 17498798431 ],,,, [ 2937660957961 ],, [ 6032257014709 ],, [ 32796474156633463 ], 
  [ 736609115591641, 26479129498294471 ],,,,,,,,, [ 1160323009, 91040551681 ],, 
  [ 20289919597763 ],, [ 7641157643557 ],, [ 16168839691032464311 ],, [ 705611070617 ],,,,,, 
  [ 12613418504083 ],, [ 2273860481, 12782352739201 ],,,, [ 1163757512653 ],,,, 
  [ 17234475994009 ],, [ 4130035687051 ], [ 2827962229 ], [ 54300742897 ],,,, [ 1011278449 ],
  ,,,,,, [ 5137029214123 ], [ 468615886489 ],,, [ 2721159901 ],,,,, [ 1001196673 ],,,, 
  [ 9342142213 ],,,,,,,,,,,,,,,,,,,,,, [ 41590722137099 ],,, [ 35132036629 ], 
  [ 32595519529 ], [ 9882734633 ],,,,,,,,, [ 380396085481 ],, [ 6854999761, 577125983533051 ]
   ,,,,,,,,,, [ 5145832897, 142051845869 ],,,, [ 4111355977, 121513737073 ],,, 
  [ 1149311827 ],,,, [ 2201729251, 380719023099871 ],,, [ 1291137643, 23976669304711 ],,,,,,,
  , [ 2321029801, 191110560497, 19557963006649, 645034695795599 ],,,,,,,,,,,, 
  [ 17059983851 ],,,, [ 1294605997 ],, [ 143697221917 ],, [ 11113448189, 20818083203176607 ],
  , [ 14025553203457 ],,,, [ 7733502281 ], [ 99342636101 ], [ 181256372641 ],,, 
  [ 120471658861 ],,,,,,,,, [ 164283479947 ],, [ 13059881753, 1308734522257 ], 
  [ 20067642187 ],,, [ 2601084817, 49416646753 ],,,,,,,,, [ 100783055143 ], 
  [ 8018733643, 202274337021428467 ],,,, [ 55380552997927 ],,,, [ 1043625061, 734988730951 ],
  [ 15206546827 ],,,,,,, [ 3395809873853 ],,,,,,,,,,, [ 43808440339 ],,,,, [ 12390223423 ],, 
  [ 6499072361, 181923299273 ],, [ 378075374179 ],, [ 445994602201 ],,,,,,,,,, 
  [ 2335060501, 4478321679851 ],, [ 49716082069 ],, [ 155372477191 ],, [ 631693679537 ],,,,,
  , [ 15194754151 ],, [ 285167496673 ],, [ 4444105027, 425402359439 ],,, [ 8938506193 ],, 
  [ 11132679533 ],,, [ 102459666056431 ],, [ 40654538917 ],,,,,, [ 16829625959623 ],,,, 
  [ 368352401953 ],,,,,, [ 82127666501 ],, [ 580859147461 ],, [ 781021222913 ],,,,,, 
  [ 2123640839 ],,,, [ 66939952243, 10962133940011 ],,, [ 1207646497 ], [ 359041423651 ],,,,,
  ,,,,, [ 1010506841 ], [ 4046713747 ],,,, [ 304679086301 ],,,,, [ 1109189611 ],,,, 
  [ 629438235161 ],,,,,,,,,,,,,,,,,,,, [ 16434356707, 668465161237, 441076713783157 ],,, 
  [ 2443141002457 ],,,,,,,,,,,,, [ 30507727490381 ],,,,, [ 3524092651 ], 
  [ 201962548817, 186524058848209, 18613673627910769, 277697899424692993, 634014558495163073 
     ],,, [ 4540590253 ],,, [ 99161736431 ],, [ 31043889313 ],,,,,, [ 15711623790504772681 ],
  [ 26208689031257 ], [ 1750799581537 ],,,,,, [ 1795791777883 ],,,, [ 1156464313 ],,,,,,,,,,,
  ,, [ 6828855041 ],,,,,,,,,,,, [ 21359346763 ],,,,, [ 3008861017 ], [ 40625639020691 ],, 
  [ 2418414121 ],,, [ 118196651974657 ],,,,,, [ 6151050552457 ],,,,,, [ 3970253283766351 ],,,
  ,,, [ 1712895361 ],,,,,,,,,,,,, [ 4037873837 ],, [ 6872480623 ],,, [ 139487438329 ],,, 
  [ 18427566931, 99184749043 ], [ 122747140517 ],,,,,,,, [ 569505498942412111 ],,,,,,,,, 
  [ 19241015881 ],,,,,,, [ 361867519861 ],, [ 18616086289, 396696864481 ],,,,, 
  [ 511963659563 ],,,,,, [ 1313978441 ],,,,,,, [ 62886679549 ],,,,,,,,,,,,,,,,,,,,,,,,,,,,, 
  [ 40904640851 ],,,,,,,,,,, [ 22015342637 ],,,,,,,,,,, [ 421434438259 ],,, 
  [ 2790802057, 130799804671201 ],,,,,, [ 4805315803 ],, [ 19099742177 ],,,,,,,,,,,,,,, 
  [ 41203421579 ], [ 7085187927094801 ],,,,,,, [ 15012685517191 ],, [ 1143929203 ],,, 
  [ 3861756817 ],,, [ 2421485281 ],, [ 51840346979 ],,,, [ 52314904951 ],,,, [ 174056089901 ]
   ,,,,,,,,,,,,,,,,, [ 2204224597 ],, [ 9307649053 ],, [ 24598716409 ],,,, [ 12459933751 ],,,
  ,, [ 90173481901 ],,,,, [ 78576077161, 205589821501 ],,,,, [ 2261721331 ],,,,, 
  [ 45029483221 ],, [ 8567281249 ],,, [ 21071810251 ],,,, [ 50459125907 ],,,,,,,, 
  [ 58662394363 ],,, [ 68225624817661, 287958711350694001 ],, [ 423906976501 ],,,,,,,,,,,,,,,
  ,, [ 15110585491 ],,,,,,, [ 4444029353 ],, [ 22561618897 ],, [ 381357473518561 ],,,,,,,,,,,
  ,,,,,,, [ 2511685573 ],,,,,,,,, [ 1177991911 ],,,, [ 967692172441 ],,,,,, 
  [ 15271028564227 ], [ 2944837939 ],,,,,, [ 9488659181 ], [ 410335363621 ],,,,,,,,,,,, 
  [ 694760555287 ],, [ 7641096919 ], [ 1070947487521 ],, [ 23942540539 ],,,,,,,,,, 
  [ 1733165281 ],,, [ 15437376901 ],,,,,, [ 3755503789 ],,,,,,,,, [ 1464076321 ], 
  [ 85769551139 ],,, [ 7045250759 ],,,,,, [ 45642663821 ],,,,,,,,,,, [ 5076561223 ],,,, 
  [ 601930211471 ],,,,,,,,,,, [ 7003183333 ], [ 3747637393 ],,,,,,,,, 
  [ 7530829489, 3559100114753 ],, [ 6836732587 ],, [ 2632349341 ],,,,,, [ 21308453669 ],,,,,,
  , [ 4337457667 ],,,,,, [ 82287395137 ],,,,,, [ 94499350111 ],,,,,,, [ 285205281661 ],,,,,,
  , [ 12616000723 ],,, [ 92108254477 ],,,,,,,, [ 233060805041 ],,,,,,,,,,,,,,,,, 
  [ 8115287311 ], [ 2620461937 ],,,, [ 33771881389 ], [ 42007075909 ],,,,,,,, [ 2077893647 ],
  , [ 530211878291 ],,,, [ 8298684161587 ],,,,,,,, [ 1689254445521 ],,,,, [ 534260355721 ],,,
  ,,,,,, [ 9365863081 ], [ 9473328191, 199411731941 ], [ 14901849323 ], [ 56871555049 ], 
  [ 34335934777 ],,, [ 10075662713, 16775774946001 ], [ 3741322111 ],,,,, 
  [ 8029733671, 43940000959 ],,,,,,,,,,,,,, [ 11947178797, 45345386017 ],,, [ 31139172247 ],,
  , [ 1279209817 ],,,,,,, [ 81647633407 ], [ 105815755921 ],,,,,,,, 
  [ 2807293103, 23881136353 ], [ 9989103106019 ],,,, [ 8746275589 ],,,, [ 1776348839 ],,,, 
  [ 2680975823 ],,,,,,,,,,,,,,,,,,,,,,,,, [ 1777795489 ],,,,,,,,,,,,,, [ 1628664161 ],,,,,,,,
  ,,,,, [ 1939408417 ],,,,,,,,,,,,,,,,,, [ 20477233351 ], [ 5549508863 ],,,,, [ 6079931149 ],
  , [ 19235418586757 ],,,, [ 20952580057 ], [ 5820200663 ],,,,,, [ 84454155161 ], 
  [ 11834917729 ],, [ 7741312611059 ], [ 3630230249 ],,,,,,, [ 1904588143, 86895288960853 ],,
  ,,,,,, [ 2016540923 ],,,,,,,,,,,,,,,,,,,, [ 8724724433 ],,,,,, [ 170948753771 ],,,,,,,,, 
  [ 21887721650941 ],, [ 1903916401 ],,,,,,,,,,, [ 6115156889 ],,, [ 3148825013011 ], 
  [ 6201634807 ],, [ 7387199447 ],,,,,,,,,,,,,, [ 5179349891, 39291426071 ],,,,,,,,,,,,,, 
  [ 52165163599 ],,,,,,,,,, [ 21641079709 ],,,, [ 49760454691 ],,,,,,,,, [ 1529325089 ],,,,,
  , [ 2704637101 ],,,,,,,,,,,,, [ 17844119533 ],,,,,,,,,,,,,,,,,,,,,,,,,,,, [ 49516235893 ],,
  ,,, [ 44812227337 ],,,, [ 71714646901 ],,,,,,,,,,,,,, [ 19606273369 ],, [ 1461668501 ],,, 
  [ 29738301631 ],,,,,,,,,,,,,,,,,,,,,, [ 1010481529339 ],,,,,, [ 7538994277 ],,,,,,,,,,,,, 
  [ 328344664481 ],,,,,, [ 2334758689 ],,,,,,,,,, [ 2433904409 ],,,, [ 9669856681 ],,,,, 
  [ 1009324861 ],,,,,,, [ 5451715561 ],,,,,, [ 774153975097 ],,, 
  [ 4919102323, 15170994290293 ],,,,,,,,, [ 15043045021 ],,,,, [ 42556175351 ],,,,,,,,,,,,, 
  [ 4928356369 ],, [ 9549446831 ],,,,,,,,,,,,,,,, [ 307080207589 ],,, 
  [ 6691312753, 436427260996453 ],,,,, [ 174033865123 ], [ 1450086091 ],,,,,,, 
  [ 13513721153 ],,,,,, [ 15507750017 ],,,, [ 2401613761 ],,,,,,,,,, [ 6770582803 ],,,,,,,,,,
  ,,,,,,,,,,,,,,,, [ 3059538553 ],,,,,,,,,, [ 4679401183 ],,,,,,,, [ 3278430191 ],, 
  [ 1065566918753 ],,,,,,,,,, [ 1191188839 ],,,,,, [ 2079927211777 ],,,,,,,, [ 1732850657 ],,
  ,, [ 2753017112693 ], [ 2130352423 ], [ 1131042329 ],,,, [ 1776863483 ],,,, 
  [ 33771693679 ],,, [ 137971964017 ],,, [ 5355989101 ],,,,,, [ 1777369969 ],,,, 
  [ 42391189033 ],, [ 2521744681, 11826617713 ], [ 22032910721 ],,,,,,,,,, [ 6554722171 ], 
  [ 230124286058041 ],,,,,, [ 17414633707 ],,,,,,,,, [ 2723571709 ],,,,,,,,,,,,,,, 
  [ 4860422029 ],,,,,,,,,,,,,,,,,,,, [ 6876098932799 ],,,,,, [ 1189331516437 ],, 
  [ 608957538239 ],,,,,,,,,,,,,,,,,,,,,,,, [ 70564681133 ],,,,,,,,,, [ 27234636001 ],,,,,,,,,
  , [ 308730322903 ],, [ 115658473901 ],,,,,, [ 7783303441 ],,,,,,, [ 5830249573 ],,,,,, 
  [ 381940269343 ],,,,,,,,, [ 7055194897 ],,, [ 2395349587 ],,, [ 3726333697 ],,,,,,,,,,,,,, 
  [ 2694299477 ],, [ 609426096901 ],,,,,,,,,,,,,, [ 15787617037 ],, [ 1327837057 ], 
  [ 1973637739, 98135626532469157 ], [ 2288759617, 51788538881 ],,,,,, 
  [ 1612086067, 8508748361 ],,,,,,,,,, [ 2327315633 ],,,, [ 2063630797 ],,,,,,,,,, 
  [ 29569284779 ],,,, [ 3258038136739 ],,, [ 8524276309771 ],,,,,,,,, [ 20851332967 ], 
  [ 46623333121 ], [ 4528833073 ],,,,,,,, [ 1494352369 ],, [ 2836044947 ],, 
  [ 64435395838909 ],,,,,,,,,,,, [ 3443598841 ],, [ 28679920039 ],, [ 2654646294821 ],,,,,, 
  [ 27142815001 ],,,, [ 34381072519 ],,,,,,,, [ 4053234917 ],, [ 331042433569 ],, 
  [ 1836158941, 4475462023 ],,,, [ 1742686271 ],,,,,,,, [ 2226809156839 ],, [ 3520784081 ], 
  [ 16222286449 ],,,, [ 10643468711 ],,,,, [ 4946833201 ],,,, [ 6086876353 ],,,,,,,, 
  [ 40221471457 ],,,,,,,,,,,,,,, [ 1605503689, 6122365903 ],,,,,,,,, [ 311045529607 ],,,,,,,,
  , [ 43019563471 ],,,,,,, [ 99581500199 ],,,,,,,,,,,, [ 43029771569 ],,,,,,,,,,,,,,,,,,,,,,,
  , [ 1989455491 ],,,,, [ 1577841049 ], [ 9314841961 ],,,,, [ 13299050929 ],,,,,,,,,,,,, 
  [ 7468814627 ],,,,,,,,,, [ 1120341653 ],,,,,,,,,, [ 53033217667501 ],,,,,,,,,,,,,,,,,,,,,,,
  , [ 93948849541 ],, [ 6261556129 ], [ 13363330831 ],,,,,,,,,,,,, [ 107604532619 ],,,,,,,,,,
  ,,,,,, [ 98316401717 ],,,,,,,,,,,,,,,,,, [ 230312939009 ],,,, [ 187528991401 ],,, 
  [ 5263730299 ],,,,,, [ 44072092513 ], [ 123588877921 ],,,,, [ 1723237651 ], 
  [ 149620306249 ],,,,, [ 16771346071 ],,,,,,,,,,,,,,,,,,,,,,, [ 107938573961 ],,,,,,,,,,,,,,
  ,,,,,,,,,,, [ 19584029401 ], [ 8100696031 ],,,,,,,,,,, [ 1616417317 ],,, [ 10714761313 ],, 
  [ 40984929581 ],,,,,,,,,, [ 54453347017 ],,,,,,,,,,,, [ 1503653113 ],,,,,,,,,, 
  [ 9443033461 ],,,,,,,,,, [ 9824726521, 76800719969 ],,,,,,,,,,,,,,,,,, [ 185732706391 ],,,
  , [ 5726562001 ],,,,,,,,,,,,,,,,,,,,,,,,,,,,,,,,,,,,,,,,,,,, [ 15630575033 ],,,,,,,,,,,,,,,
  , [ 4221813451 ],,,, [ 1242316879 ],,,, [ 234629300933 ],,,,,,,,,,,,,, 
  [ 341160867293, 1225374641969 ],, [ 178327798237 ],,,,,,,,,,,, [ 35348288137219 ],,,,,,,,,,
  ,,,,,,,,,,,,,,,,,,,,,,,,,,,,,,,, [ 2442304549 ],,,,,,,, [ 1523115469 ],,,,,,,,,,,,,, 
  [ 12698572951 ],,,,,,,,,,,,,,,,,, [ 5842365517 ],,,,,,,,,,,,,,,,,, [ 25414185253 ],,,,,, 
  [ 6755736289 ],,,,,,,, [ 2139805981 ],, [ 2655443344999 ],, [ 1008326275441 ],,,,, 
  [ 42159296378431 ],,,,,, [ 1390355101 ],,,,,,,,,,,,,,,,,,,,,,,,,,,,,,,,,,, 
  [ 7527767441, 356891567411 ],,,, [ 3975917833 ],,,,,,,,,,,,,,, [ 15350667487 ],,,,,, 
  [ 4279488181 ],,, [ 254081622607 ],,,,,,,,,, [ 1264211617 ],,,,,,,, 
  [ 1863277153, 4694171281 ],,,,,,,,,,,,,, [ 1474316281 ],,,,,,,,,,,,,,,,,,,, 
  [ 237387212261 ],,,,,,,,,,,,,, [ 7010710849 ],,,,,,,,,,,,,,,,,,,,,,,,,, [ 184717931221 ],,,
  ,,,,,,,,,,, [ 2797739141 ],,,,,,,,,,,,,,,,,,,,,,,,,,,,,,,, [ 52167204181 ],,,,,,,,,,,,,,,,,
  ,,, [ 2278551169 ],,,,,, [ 2660173751 ],,,,,,,,,,,,,,,, [ 4143753979 ],, [ 25299559792201 ]
   ,,,,,,,,,, [ 634040947711 ],,,,,,,,,,,,,,,,,,,,,,,, [ 43369276003 ],,,,,,,,,,,,,, 
  [ 65570824097, 73766101033 ],,,,,,,,,,,, [ 2542655701, 136375547101 ],,,,,, 
  [ 19053580691 ],, [ 551377383481 ],,,,,, [ 1986024300451 ],,,,,,,,,,,,,,,,,,,,,,,,,,,,,,,, 
  [ 7290621649711 ],,,,,,,,,,,,,,,,,,,,,,,,,,,,,,,,,,,,,,,,,,,,,,,,,, [ 7177609781 ],,,,,,,,,
  ,,,,,,,,,,,,,,,,,,,,, [ 9145414831171 ],,,,,,,, [ 3498114049361 ],, [ 1008258709 ],,,,,,,,,
  ,,,,,,,,,,, [ 1001170830193 ],,,,,, [ 2703891961 ],,,,,, [ 19715966353 ],,,,,,,,,,,, 
  [ 2882282801 ],,,,,,,, [ 23567895937 ],, [ 38716357261 ],,,,,,,,,, [ 23977335662521 ],,,,,,
  ,, [ 1651330357, 26215366789 ],,,,,,,,,, [ 1422555653 ],,,,,,,, [ 7435763119 ],,,,,,,,,,,,,
  , [ 14110535561 ],, [ 452378690671 ],,,, [ 50947936103 ],, [ 4177268317 ],,,,,,,, 
  [ 2326629133 ],,,, [ 19318956136481 ],,,,,,,,,,,,,,,,,, [ 58781148233 ],,,, [ 2560518007 ],
  ,,,,,,,,,,,,,,,,,,,,, [ 2165731501 ],, [ 49810016429 ],,,, [ 47542155571 ],,,,,,,, 
  [ 6908599903 ],, [ 3279609701 ],,,, [ 1799825193017 ],,,, [ 157619697373 ],,,,,,,,,,,,,,,,,
  ,,,,,,,,,,,,,,,,,,, [ 7425868321 ],,,,,,,, [ 9545703329 ],,,,,,,,,,,,,,,,,,,,,,,,,,,,,,,,,,
  ,,,,,,,, [ 56215045433, 15012031359487 ],,,,,,,,,,,,,,,,,,,,,, [ 1307416206961 ],, 
  [ 11754789677 ],, [ 7511560141 ],,,,,,,,,,,,,,,,,,,, [ 1082519041 ],,,,,,,, [ 3593127721 ],
  ,,,,,,,,,,,,,,,,,,,,,,,,,,, [ 1471624177 ],,,,,,,,,,,,,,,,,,,,,,,,,,,,,, [ 1590722407 ],,,
  , [ 73395923761 ],,,,,,,,,,,,,,,,,,,,,,,,,,,,,,,,,, [ 42309275777 ],,,,,,,,,,,, 
  [ 2277362389 ],,,,,,,,,, [ 6978978133 ],,,,,,,,,,,,,,,,,,,,,,,,,,,,,,,,,,,, [ 2281880371 ],
  ,,,,,,,,,,, [ 2026034389 ],,,,,,,,,,,, [ 60471586891 ],,,,,,,,,,,,,, [ 9756381841 ],,,,,, 
  [ 1154457319 ],, [ 105104899153 ],,,,,,,, [ 1726059193, 55703684401 ],,,,,,,,,,,,,,,,,,,,,,
  ,,,,,,,,,,,,,,,,,,,,,, [ 1907738201 ],,,,,,,,,,,,,,,,,,,,,,,,,,,,,, [ 3062300011 ],,,,,,,,,
  ,,,,, [ 2407373921 ],,,,,,,,,,,,,,,,,,,,,,,,,, [ 11202796741 ],,,,,, [ 1032006529 ],,,,,,,,
  ,,,,,,,,,,,,,,,,,,,,,,,,,,,,,,,,,,,,,,,, [ 12602380033, 120381144577 ],,,,,,,,,,,,,,,, 
  [ 4766260321 ],, [ 1928235037 ],,,,,,,,,,,, [ 1792856809, 12487795669 ],,,,,,,,,,,,,,,,,,,,
  ,,,,,,,,,, [ 2490910381 ],,,,,,,,,,,,,,,,,,,,,,,,,,,,,,,,,,,,,,,,,,,,,,,, [ 51400375633 ],,
  ,,,,,,,,,,,,,,,,,,,,,, [ 8812876249 ],,,,,,,,,,,,,, [ 1379574041 ],,,,,,,,,,,,,,,,,,,, 
  [ 1789355221 ],,,,,,,,,,,,,,,,,,,,,,,,,, [ 5329352449 ],,,,,, [ 2326958107 ],,,,,, 
  [ 34171694276689 ],,,,,,,,,,,,,,,,,,,,,,,,,,,,,,,,,,,,,, [ 546245525981 ],,,, 
  [ 3128682631 ],,,,,, [ 18663022177 ],,,,,,,,,,,,,, [ 111689064301 ],,,,,,,,,,,,,,,, 
  [ 2603345109307 ],,,,,,,,,,,, [ 104074813693 ],,,,,,,,,,,,,,,,,, [ 866422616473 ],,,,,,,,,,
  ,,,,,,,,,,,,,,,,,,,,,,,,,,,,,,,, [ 2115031423 ],,,,,,,,,,,,,,,,,,,,,,,,,,,,,,,,,,,,,,,,,,,,
  ,,,,,,,,,,,,,,,,,,,,,,,,,,,,,,,,,,,,,,,,,,,,,,,,,,,,,,,,,,,,,,,,,,,,,,,,,,,,,,,,,,,,,,,,,,,
  ,,,,,,,,,,,,,,,,,,,,,,,,,,,,,,,,,,,,,,,,,,,,,,,,,,, [ 1083976741 ],,,,,, [ 22104232471 ],,,
  ,,,,,,,,, [ 4541637553 ],,,,,,,,,,,,,,,,,,,,,,,,,,,,,,,,,,,,,,,,,,,,,,,,,,,,,,,,,,,,,,,,,,,
  ,,,,,,,,,,,,,,,,,,,,,,,,,,,,,,,,,,,,,,,,,,,,,,,,,,, [ 14229585301 ],,,,,,,,,,,,,,,,,,,,,,,,
  ,,,,,,,,,,,,,,,,,,,,,,,,,,,,,,,, [ 2909013409 ],,,,,,,,,,,,,,,,,, [ 37514305921 ],,,,,,,,,,
  ,,,,,,,,,,,,,,,,,,,,,,,,,,,,,,,,,,,,,,,,,,,,,,,,,,,,,,,, [ 8745498721, 216817841521 ],,,,,,
  ,,,,,,,,,,,,,,,,,,,,,,,, [ 1890040231 ],,,,,, [ 50319530101 ],,,,,,,,,,,,,,,,,, 
  [ 50914086823, 1567905183025471 ],,,,,,,,,,,,,,,,,,,,,,,,,,,,,,,,,,,,,,,,,,,,,,,,,,,,,, 
  [ 361728451657 ],,,,,,,,,,,,,,,,,,,,,,,,,,,,,,,,,,,,,,,,,,,,,,,,,,,,,,,,,,,,,,,,,,,,,,,,,,,
  ,,, [ 2995710433 ],,,,,,,,,,,,,,,,,,,,,,,,,,,,,, [ 4416564241 ],,,,,,,,,,,,,,,,,,,,,,,,,,,,
  ,,,,,,,,,,,,,,,,,,,,,,,,,,,,,,,,,,,,,,,,,,,,,,,,,,,,,,,,,,,,,,,,,,,,,,,,,,,,,,,,,,,,,,,,,,,
  ,,,,,,,,,,,,, [ 1386289297 ],, [ 17037358801 ],,,,,,,,,, [ 2249569801 ],,,,,,,,,,,,,,,,,,,,
  ,,,,,,,,,,,,,,,,,,,,,,,,,,,,,,,,,,,,,,,,,,,,,,,,,,,,,,,,,,,,,,,,,,,,,,,,,,,,,,,,,,,,,,,, 
  [ 10225051201 ],,,,,,,,,,,,,,,,,,,,,,,,,,,,,,,,,,,,,,,,,, [ 49894766401 ],,,,,,,,,,,,,,,,,,
  ,,,,,,,,,,,,,,,,,,,,,,,,,,,,,,,,,,,,,,,,,,,,,,,, [ 12280570087969 ],,,,,,,,,,,,,,,,,,,,,,,,
  ,,,,,,,,,,,,,,,,,, [ 17039089633 ],,,,,,,,,,,, [ 2412596341 ],,,,,,,,,,,,,,,,,,,,,,,,,,,,,,
  ,,,,,,,,,,,, [ 8479201249 ],,,,,,,,,,,,,,,,,,,,,,,,,,,,,, [ 9316739521 ],,,,,,,,,,,,,,,,,,,
  ,,,,,,,,,,,,,,,,,,,,,,,,,,,,,,,,,,,,,,,,,,,,,,,,,,,,,,,,,,,,,,,,,,,,,,,,,,,,,,,,,,,,,,,,,,,
  ,,,,,,,,,,,,,,,,,,,,,,,,,,,, [ 1417174081 ],,,,,,,,,,,,,,,,,,,,,,,,,,,,,, [ 2540339240851 ]
   ,,,,,,,,,,,,,,,,,,,,,,,,,,,,,,,,,,,,,,,,,,,,,,,,,,,,,,,,,,,,,,,,,,,,,,,,,,,,,,,,,,,,,,,,,,
  ,,,,,,,,,,,,,,,,,,,,,,,,,,,,,, [ 1056835891 ],,,,,,,,,,,,,,,,,,,,,,,,,,,,,, 
  [ 1667334504421 ],,,,,,,,,,,,,,,,,,,,,,,,,,,,,,,,,,,,,,,,,,,,,,,,,,,,,,,,,,,,,,,,,,,,,,,,,,
  ,,,,,,,,,,,,,,,,,,,,,,,,,,,,,,,,,,,,,,,,,,,,,,,,,,,,,,,,,,,,,,,,,,,,,,,,,,,,,,,,,, 
  [ 231041217289 ],,,,,,,,,,,,,,,,,,,,,,,,,,,,,,,,,,,,,,,,,,,,,,,,,,,,,, [ 4452207871 ],,,,,,
  ,,,,,,,,,,,,,,,,,,,,,,,,,,,,,,,,,,,,,,,,,,,,,,,,,,,,,,,,,,,,,,,,,,,,,,,,,,,,,,,,,,,,,,,,,,,
  ,,,,,,,,,,,,,,,,, [ 1437102241 ],,,,,,,,,,,,,,,,,,,,,,,,,,,,,,,,,,,,,,,,,, [ 19862039863 ],
  ,,,,,,,,,,,,,,,,,,,,,,,,,,,,,,,,,,,,,,,,,,,,,,,,,,,,, [ 3547868182561 ],,,,,,,,,,,,,,,,,,,,
  ,,,,,,,,,,,,,,,,,,,,,,,,,,,,,,,,,,,,,,,,,,,,,,,,,,,,,,,,,,,,,,,,,,,,,, [ 33342585751 ],,,,,
  ,,,,,,,,,,,,,,,,,,,,,,,,,,,,,,,,,,,,,,,,,,,,,,,,,,,,,,,,,,,,,,,,,,,,,,,,,,,,,,,,,,,,,,,,,,,
  ,,,,,,,,,,,,,,,,,,,,,,,,,,,,,,,,,,,,,,,,,,,,,,,,,,,,,,,,,,,,,,,,,,,,,,,,,,,,,,,,,,,,,,,,,,,
  ,,,,,,,,,,,,,,,,,,,,,,, [ 285257685901 ],,,,,,,,,,,,,,,,,,,,,,,,,,,,,,,,,,,,,,,,,,,,,,,,,,,
  ,,,,,,,,,,,,,,,,,,,,,,,,,,,,,,,,,,,,,,,,,,,,,,,,,,,,,,,,,,,,,,,,,,,,,,,,,,,,,,,,,,,,,,,,,,,
  ,,,,,,,,,,,,,,,,,,,,,,,,,,,,,,,,,,,,,,,,,,,,,,,,,,,,,,,,,,,,,,,,,,,,,,,,,,,,,,,,,,,,,,,,,,,
  ,,,,,,,,,,,,,,,,,,,,,,,,,,,,,,,,,,,,,,,,,,,,,,,,,,,,,,,,,,,,,,,,,,,,,,,,,,,,,,,,,,,,,,,,,,,
  ,,,,,,,,,,,,,,,,,,,,,,,,,,,,,,,,,,,,,,,,,,,,,,,,,,,,,,,,,,,,,,,,,,,,,,,,,,,,,,,,,,,,,,,,,,,
  ,,,,,,,,,,,,,,,,,,,,,,,,,,,,,,,,,,,,,,,,,,,,,,,,,,,,,,,,,,,,,,,,,,,,,,,,,,,,,,,,,,,,,,,,,,,
  ,,,,,,,,,,,,,,,,,,,,,,,,,,,,,,,,,,,,,,,,,,,,,,,,,,,,,,,,,,,,,,,, [ 3054513001 ] ]);
