BRENTFACTORS[8207]:=MakeImmutable([ ,,,,,,,,,, [ 3825005760032890577 ],, 
  [ 37128522289, 285353725541 ],,, [ 2101415542273 ], [ 5129054858441, 7420964741887 ],, 
  [ 49338063926579 ],, [ 644857404971557 ], [ 1202264842440323201 ],,, 
  [ 5626091252522429621332632554400069601 ], [ 21641712194524813 ], 
  [ 331820232049, 81858564138593735014231 ],, 
  [ 4712109719, 77574448831279, 668287681289983767893 ],, 
  [ 27507997871, 40000342715076836476323265818606857437 ], 
  [ 1353382343044513, 84698889088232434913 ], 
  [ 20522842957, 8226479167171, 1940215620409903 ], [ 15423603446389 ], 
  [ 37494252283674413770009182163909790869776391 ], [ 166449360817 ], 
  [ 7717702573922612706430327 ], [ 2593364177017846613045607791 ],,, 
  [ 40589895843639436800426413, 119128839701714254473562801, 
      2850812723151439494514323940229316269803 ], [ 437796439135777 ],, 
  [ 444696945793, 34945099533012840577958509 ], [ 1358058437661241, 15220668864800575724491 ]
    , [ 15525219185033, 969686479176683 ], [ 1322869113581960773 ],, [ 53825205005512529 ], 
  [ 143536527039409704745514051 ], 
  [ 1458740431600087, 15382896896824233264130085549324937359913596257 ], [ 244371478691653 ],
  [ 4355463128623829 ],,, 
  [ 59462191751593, 1498407661278828497, 74026591690047708764955533009 ], 
  [ 216317399359, 4022126194946173 ], 
  [ 3445165218282181, 999840791248815992053, 3389330110319242763706884038685543 ],, 
  [ 1909769410340461719601 ], [ 3746105893 ], [ 8430646483557371, 66250267917058292189 ], 
  [ 49637938771, 2287943159041, 11968859616380541379 ],, [ 188912188995752981981 ],, 
  [ 992915204507 ], [ 2630023489, 1494640828069304224613 ],, 
  [ 45288744766035352541, 3246452262382266882801851 ], [ 92639583172607 ], 
  [ 7581438001, 15218743196825665228313749304884729 ], [ 1050246225361622299 ], 
  [ 592589444902951083614806013304029113273517357 ], 
  [ 49359442051, 440752477051, 8812854967051 ],,, [ 1182667864171 ], 
  [ 182968157929, 105795999899851 ], [ 70454412563519394997874687045924919299041 ],, 
  [ 13858876249406404212411206983 ], [ 5729421370289, 5936099065219 ],,, [ 15970554407 ], 
  [ 5393448206647987, 13366503793535541199 ], 
  [ 1051059241, 44777583049, 378850373423291177, 138188608670163026009, 
      44847650145272841162170688881 ],,,,,, [ 163278373103203, 74197585022278851797 ],,, 
  [ 166564820701, 339351551043655414939 ], [ 1631547748573 ], [ 58427605757467 ],, 
  [ 41251105589 ], [ 236869205028924560047, 859221991983671212879 ], [ 89151476137 ], 
  [ 92366553129241, 16314151642918490529067433 ],, [ 566840441723 ], [ 420474339683 ], 
  [ 7024768633, 545588589709, 26402769601093, 
      114892621726706197396083351018698636851459651081 ], 
  [ 3243110573, 560611569473, 33061243448254789 ], [ 1118291021, 182336750594681 ], 
  [ 22972396831, 2506293055921 ], [ 21222322588484059852769 ], [ 1230509207 ],, 
  [ 40753635536163041, 12269930297280146531 ], [ 5506648883850533 ],, [ 58165106464019 ], 
  [ 93255603071, 306128638500847 ], [ 10457221226161, 951858169942918801 ],, 
  [ 990526104104822743 ], [ 2028295203943255162037034421 ], 
  [ 33346382752938504941, 4059342067046794478216261 ], [ 1412113083316110751 ], 
  [ 6861064897, 380380500361, 2757802782090007, 538995381769311265891 ],, 
  [ 549618807900840460662102017 ],, [ 106188967691 ], 
  [ 3020108323, 37461873672397, 7002222309386805965290997 ],, [ 24849315328430006737 ],, 
  [ 57410117222318131934196991 ], [ 63056176236617, 13474662481771131115129 ],,,, 
  [ 917128746377341 ], [ 1597218433429 ], [ 43781577173, 21683103780114457 ], 
  [ 8228302462238861611243207 ], [ 617017104821521 ],, 
  [ 15030655763, 17587570272186408443490991 ],, [ 305742985781, 69882268204001490400721 ],, 
  [ 32049620772059635351 ], [ 20004254407, 33953085345097182427529 ],, [ 45550247443402789 ],
  [ 92189980090979 ],, [ 53569103861521, 244620413833964289326083487701 ], 
  [ 403156708423727, 8583020815250498863 ], [ 22670421643026654667 ], [ 4704492055190173 ],,,
  , [ 327661759826862336409 ],,,,, [ 4611209827105715233 ],, 
  [ 3072046031, 4870473481, 2843288349305811880851475411 ],, [ 1296128781314975929 ], 
  [ 1277147438183 ],,,, [ 20708696977, 403113480396716875501 ],, [ 1019851660133 ], 
  [ 567299537641 ], [ 1357569830887, 7119941348293 ], [ 27029531891646024948704953 ], 
  [ 654574069005827087851 ], [ 446573521385521 ], [ 3603904080631 ],,,, [ 218436893641 ],, 
  [ 256888419135493 ], [ 7163171713, 64962239233 ], [ 22654553134747967387 ], 
  [ 647302445374399, 110575121646001781 ], [ 52104964429760971, 1637072350183231261 ],,,,, 
  [ 4983343874240713001 ],, [ 6521061163 ],,, [ 1607761291 ], 
  [ 188474413023803, 2299953130134214812259 ], [ 63901699496101 ], 
  [ 12707724749716049, 1564769387282275604561 ], [ 17810646019, 1465203759885449 ],,, 
  [ 86546522070140971897 ],,,, [ 40128572147329 ],,,,, [ 1622435699 ], 
  [ 140646685586357621200866899107 ], [ 4357660841 ], [ 1353568351297 ], [ 42483952801 ], 
  [ 3451647960437, 321245294389783, 3393852046254135138367, 518214027397431251882297 ],, 
  [ 28913203192969 ],, [ 10987469611, 2427264748088925926135477881 ], 
  [ 3734495227, 10149807624667932607 ], [ 4925169761 ],, [ 11467265473, 40488230017 ],,,, 
  [ 6450366334091 ], [ 24946972483 ],,, [ 57559259799413989, 73263519376385339500379 ], 
  [ 1826680677949 ],, [ 90014718671696911 ], 
  [ 364433530291, 123431992755307, 705512231550428509 ],, [ 160964975173583107537 ],,,, 
  [ 3896902549, 137781911501490317293 ], [ 444502146187507, 1916761781793629 ], 
  [ 1214895365989 ], [ 3403528337005898191 ], [ 1357137409, 52712242433 ],, 
  [ 24684008494153350571 ],, [ 364730226901 ], [ 25505622613, 574015735567 ],,, 
  [ 411712772329 ],,,, [ 6026699849 ], [ 216740323719659 ], 
  [ 2590380235278271, 1063381901124503101411 ],,, [ 169249727690317, 150093935144567954359 ],
  [ 144503326948081 ], [ 89279656951 ], [ 16634171689 ], [ 546844669449737 ], 
  [ 5361092669, 101946039077119, 1275820508588378725770737 ], [ 13603410019, 525726899317 ], 
  [ 878096516655971201 ], [ 369863293317439 ], [ 6550842341161, 502453669418704250053 ], 
  [ 5880200280252773 ], [ 146278408058889482941 ], 
  [ 1020006451, 311891519895031, 777095430591391 ],,, [ 113618301391297 ], 
  [ 227739578159, 342290998303 ], [ 13167101337872211773081 ],, [ 48306050561 ], 
  [ 68220336296869 ],, [ 13406796226761515311 ],,, [ 33699434003, 597502333774193 ],, 
  [ 16057031701, 287007023101 ], [ 23553206657 ],, [ 499478609673508237 ], 
  [ 1203175314291617 ], [ 439434100921 ], [ 625999205323, 141891738443624195731 ],, 
  [ 126719640433 ], [ 3089848591 ],,,, [ 5664478063 ], 
  [ 319299819799, 3765082409145007, 56011123514824363 ],,,, 
  [ 2044768370388127, 717801694948678309, 100992744808984640551 ],, [ 207151439771577236161 ]
   ,, [ 2664130944210611 ],, [ 1537886232829, 316155951691594129, 2851878095035662422161 ],, 
  [ 532537270009, 1677469168453375240747 ],, [ 43485906097 ], [ 113162763673 ], 
  [ 823309193427389791, 146978166759683520482101 ],,, [ 3334926403, 3019725032202019 ],,,,, 
  [ 56696985433481563847 ],,,,,, [ 7668156409777 ], [ 45260448996421 ], [ 9775069651979 ], 
  [ 36364685309 ],,,,,,,,,,,, [ 22045483387481 ],, [ 2688212107094581 ], [ 3363576679171 ],, 
  [ 2595498946769 ],,, [ 51907193523171383 ], [ 316404886351969 ], [ 49287370591 ],,, 
  [ 4509066313 ],, [ 36582231434503867201 ], [ 64126515751 ], 
  [ 122868065617079441, 8869499398615645001 ], [ 1105661831 ], 
  [ 63575747803, 242528296123, 566328910850076556076959 ],,,, 
  [ 6534723493, 1020082322015423 ],, [ 3478222572204673 ],,,, 
  [ 158184525101, 50531284834109 ], [ 9050698843 ], [ 10654353357961 ],, [ 2747662457 ],,, 
  [ 211186212791565961 ], [ 1198004149 ], [ 552841668749, 131448304450093 ],,,,, 
  [ 4474211607643 ],, [ 3772733044117 ], [ 60270632281 ],, [ 99531793021 ], 
  [ 220813486587193 ],, [ 136059955091 ],, [ 26168282979250033, 267953371059114229 ], 
  [ 10589903983 ], [ 112517861023, 3354435787429, 12475534574823121 ],, 
  [ 212765884775542177 ],, [ 142659073283, 72959109563671 ],, [ 42232599707920280231161 ], 
  [ 42000698731 ],, [ 393105816757, 472379681629, 47779620547717 ],, [ 1235579551 ],,, 
  [ 3614457036431273 ], [ 3036056790706369 ],, [ 2911810141 ],, [ 1091838079 ],, 
  [ 122365681831, 4398597952921 ], [ 30894458614505905301 ],, [ 703584278414302461637 ],,,, 
  [ 159692815846205669, 308483102734544063 ], [ 8666111928631 ],,, 
  [ 118442164387, 8998699123196417059, 119249580924622780901 ],, 
  [ 104999426113, 40077147061455617, 176067230885700778177 ], [ 1515715343 ],,,, 
  [ 1540240771, 662877824216473 ], [ 12968825531, 2341980185003, 151901562331879 ],, 
  [ 2589103626080950773889 ], [ 538769637173, 184939466143805378879 ], [ 1644808704499 ],, 
  [ 497521361881 ], [ 2022031747, 292838785853 ], [ 2628851149, 46940757766519 ],, 
  [ 101363587249 ],, [ 5381060441 ],,,,,, [ 2092406681, 17699520186041 ], 
  [ 7067632262154707 ], [ 70375918130070409 ],, 
  [ 2035840577, 170315940659202661, 419751523697932189 ],,, [ 4238181574087 ],,,, 
  [ 15808711717 ], [ 36003917759657 ], [ 40995181781 ],,, [ 131072152288001 ],,,,,, 
  [ 9594559860520181 ],,,,,, [ 75571207501 ],, [ 1395084248455019, 42241251758972683 ],, 
  [ 27842441761 ],, [ 475566760739269 ], [ 82753217194831 ], [ 75196183476269 ],, 
  [ 21754071421 ],, [ 16484904729046529 ],,,,,, [ 1558454801 ],, 
  [ 9621503321, 7232869860367832201 ],,,,, [ 4052733301 ], [ 2717221847 ],, 
  [ 28784110006609 ], [ 1278465410491 ], [ 122415904653014868199981 ], 
  [ 2516221027, 9831762361 ], [ 531311757155677, 727672106894657 ],, 
  [ 2991241137043, 26152332106063, 241405173197143352581 ],,,,,,,,,, 
  [ 134866425313, 647160393297911777 ],,,,,, [ 2023655701 ],,,,,, [ 115222058516504410253 ],
  , [ 20863985491, 4185124119854902891 ],,,,,,,, [ 57256719753619427 ],, [ 18200064457 ],, 
  [ 173256111413600431 ],,,, [ 144558901999 ],,,, [ 39963402053, 215878810657 ],, 
  [ 275952607915965161, 904277783528089441 ],, [ 19982016099673 ], [ 7460205589 ],, 
  [ 10756381182014521 ], [ 2491589365211 ],,,, [ 743370970625891 ],, [ 394146301112553937 ],,
  ,, [ 3765497009 ],, [ 1087265240340943 ], [ 9017778479, 1843520319097 ], 
  [ 4157433601, 559567296109201, 1563570570479726369401 ],,,,,, [ 2013563067799 ], 
  [ 6685512569 ], [ 77407440987361 ], [ 6627363331, 12183873241 ], [ 377901776094721 ], 
  [ 1042732601 ], [ 9723771793, 444719249139241 ],,,,,,,, [ 7220407781, 8109962802160501 ],, 
  [ 20076573901, 127319046238849 ],,,, [ 29056511779 ],,,,,,,, 
  [ 26809363943, 151758721453727 ],,,,,,,, [ 9847321355329 ], [ 214949210737 ], 
  [ 7743529927981 ],, [ 2393707781, 466071742111 ],, [ 462323923561 ],,,,,, [ 609726014197 ],
  , [ 2581698348401 ],,,, [ 287006972043661 ],,,,,,,,,,,,,,,, [ 33324173741 ],,,, 
  [ 57141052597484441 ],, [ 12735177643 ],, [ 15981022513 ],, [ 54143650346059 ],,,, 
  [ 10794924123801182646781 ],,,, [ 8943493333, 65021262521 ], [ 3426219341 ],,,,,,,,, 
  [ 14245188673 ],, [ 10608606437969 ], [ 23328048983 ],,,,,, [ 21226939753 ], 
  [ 1145335653127, 36451662341068759 ],,,,,, [ 1707870619350001 ],,,,,,, [ 15731473031 ], 
  [ 28317462263273 ],,,,,,, [ 42881506711 ],,,,, [ 6432607000621 ],,,,,, 
  [ 868237575641, 48706039881117529 ],, [ 39639730323997 ],, [ 11563764001 ],,,,, 
  [ 11173509251 ],,, [ 278577940860251 ],, [ 30825356423041 ],,, [ 3779853169 ],,,,, 
  [ 155758831873, 88069940071681 ],,,,,, [ 315047418967 ],, [ 10153804396481 ], 
  [ 31896142153 ],,, [ 54055822148796001 ],,,, [ 1591793617 ],, 
  [ 2633522104009, 10232063095039693 ],,,, [ 1634433245971, 8955100180711 ],,,,,, 
  [ 12108187526153 ],, [ 435890461743199 ],, [ 2137272277601 ],,,,, [ 8554214945851 ], 
  [ 8512102327 ],, [ 59149034809 ], [ 3769640671 ], [ 40819823380801 ],,,, [ 62868706363 ],,
  , [ 7931316719 ], [ 55142418043 ],, [ 326859779341 ], [ 44327207047 ],,,,, [ 23505396097 ],
  ,,, [ 47923531021 ],, [ 766842234497, 1234207191361, 294572896740097 ], [ 2257313381 ], 
  [ 106815102943, 1799668502621617 ], [ 6622887671 ],,, [ 78213096833533 ],,,, 
  [ 3392210142197, 163761382137599003 ],,,, [ 33657835051 ],,,, [ 288532313545726351 ],,, 
  [ 902826452777 ], [ 9936314767 ],,,,,, [ 1083569041 ],, [ 66164486201239 ],, 
  [ 1231824673 ], [ 18907590391 ],,,,,,, [ 1530595441 ],,,, [ 5752806316249 ],,,,,,,, 
  [ 98845829541515473 ], [ 84292844521 ],,,,, [ 760832610781 ],, [ 19570206990913 ], 
  [ 3985419484751 ],,, [ 709788747137, 293792848769366017 ],,,,,,,,,, 
  [ 7940182272562621164607 ],,,,,,,, [ 1789271993 ],,,,,,,,,,,, [ 318459507131 ],,,,,,, 
  [ 412745374807 ],,,,,,,,,,,,, [ 2517616289, 360790400631073799 ],,, [ 1180024561 ],,, 
  [ 3696826253009 ],, [ 1965056833 ],,,, [ 34798187947 ],, [ 103120041601 ],,,, 
  [ 1851662173213 ],,,,,,,,,,,,,,,, [ 4157064941 ],,,, [ 2435148097 ],, [ 5966844077 ],,,, 
  [ 47613969811 ],,,,,,, [ 155592105143 ], [ 3588562493 ],,,,, [ 185067257149 ], 
  [ 416551211581 ],,,,,,,,,,,,,,,,,,,,,, [ 7475559121 ],,,,,,,,,,,,, [ 19221938459 ],,,,,,,,,
  ,,, [ 1991792141 ],,, [ 147105967367 ],, [ 92964777473569 ],,,,,, [ 1683918883 ],,, 
  [ 3299815171 ], [ 1319593381549 ],,,,,, [ 35226690769 ], [ 3048343643 ],,,,, 
  [ 773349812467 ],, [ 29059642081 ],,,,, [ 1641398851 ],,,,,, [ 2320537363 ], 
  [ 113878020131149 ], [ 6940873529 ], [ 40262686579 ],,,,,,, [ 1398606907 ],,,,,,,,,,,,,,, 
  [ 936689977693 ],,,,,, [ 4042221802939, 347705755838299 ],,,,,,,,,,,, [ 32761129591 ],, 
  [ 26210386129 ],,,,, [ 24451164473 ],,,,, [ 1103336713 ],,,,,,, [ 281400661151 ],,,,,, 
  [ 24474797713 ],,,,,, [ 1030309691 ],, [ 184026202231 ], [ 1105148753 ],,,,,,, 
  [ 1121720801 ],,, [ 2230176643 ],,,,,, [ 67357920194017 ],, [ 6022153387 ],,,,,,,,,,,,, 
  [ 84043293511 ],,,,,, [ 95604618061 ],,,, [ 7570586323 ],,,,,,,,, [ 13139816887 ],, 
  [ 35388799861 ],,,,,,,,,,,,,, [ 29868976171 ],,,,, [ 49832557699 ],,,,,,,,,,, 
  [ 3268285001 ],, [ 4225606421 ],,,,,,, [ 1041707666611 ],,,,, [ 365324815409 ],,,,,,,,,,,,,
  ,, [ 23001438797 ],,,,, [ 11757202801 ],, [ 50044543397 ], [ 1111273021 ], [ 176533031417 ]
   ,, [ 10526137426951 ],,,,,,, [ 10857529409 ],,,, [ 3942115867 ],,,, [ 5391996391 ],,,,,,,,
  , [ 27561349729 ],,,,,,,,,,, [ 5258908323551 ],,,,,, [ 4824997453 ], 
  [ 1279576477, 7745574673 ],,,,,, [ 16035476419, 38683766293 ],,,,,,,,,,,,,,,,,,, 
  [ 22615029221 ],,,,,,, [ 1102596221 ],,,, [ 1516012129 ],,,,,,,,, [ 13779220393 ],,,, 
  [ 1004561497 ], [ 4698793091 ],,,,,, [ 2548828817 ],,,,,,,,,, [ 1162299997 ],, 
  [ 10168204201 ],,,, [ 7736014729 ],,,, [ 845074391041 ],, [ 10607150821 ],,,,, 
  [ 1033066031 ],, [ 71963195201 ],,,,,,,,,, [ 37445907001 ],,, [ 1013521081 ],,,,,,,,,,,,,,,
  ,,,,,,,,,,,, [ 35924077573 ],, [ 26840864087 ],,,,, [ 12908278321 ],,,,,, 
  [ 12336112470151 ],,,,,,, [ 3317495609 ],,,,,,,,, [ 6341831921 ],,, [ 3969393252029 ],,,,, 
  [ 1565821063 ],,,,,,,,,,,,,,,,,,, [ 5842806569 ],,,,,,,,,,,,,,,,,,,,, [ 12202336459 ],,,,, 
  [ 13174889599 ],,, [ 171980325523 ], [ 275062965979 ],,,,,,,,,,,, [ 12000665851 ], 
  [ 1459109437 ],,,, [ 1750864441 ],,,,,,,,,,,,,,,,,,,,,,,,, [ 4665349231 ],,, 
  [ 287325400909 ],,,,,,,,,,,,,,,,, [ 6004722301 ],,,,,, [ 1218573289 ], [ 9030412717 ],,,,, 
  [ 3515898079 ],,,, [ 18608181967 ],,,,,,,,,,,, [ 1156758413 ], [ 971344192261 ],,,, 
  [ 776692358443 ],,,,,,,,, [ 25558360111 ],,,,,,,,, [ 7640762473 ],,,,, [ 517702974823 ],,,
  , [ 1278277111 ],, [ 7633676431 ],, [ 2011696728007 ],,,, [ 3712855441 ],,, 
  [ 567426772853 ],,,,,,,,,,,, [ 9932958353 ],,, [ 54340464247 ],,,,,,, [ 7747646287 ],,,,, 
  [ 6219975893 ],,, [ 1784856439 ],,,,,,,, [ 8565360203 ], [ 3934621601 ], [ 19711662829 ],,,
  , [ 631609110281 ],,,,,,,,,,,,, [ 3472800293 ],,,,,,,,,,,,,,,,,,,,, [ 5739426523 ],,,,,,,,,
  ,,,,,,,, [ 17374519471 ],,, [ 135585232271 ],,,, [ 39770872961 ],, [ 1273836756061 ],,,,,, 
  [ 5908466633 ],,,,,,,,,,,,,,,, [ 19775308379 ],, [ 6174902581 ],,,,,,,,,, [ 49881685823 ],
  , [ 1994296697, 687271192801 ],,,,,,,,,,, [ 27119086492429 ],, [ 10610595991 ],,,, 
  [ 4235212489 ],,,,,,,,, [ 57556355089 ],, [ 10660938481 ], [ 7306107751 ], [ 12875209439 ],
  ,,,,,, [ 11199031691 ],,, [ 4698556801 ],,,,,,, [ 58667326867 ], [ 2376644737 ], 
  [ 3593316992261 ],,,, [ 24916644523 ], [ 4169645591, 20777953351 ],, [ 4528845361 ],,,,,, 
  [ 1393804651 ],, [ 24980656572041 ],, [ 1402184101 ],,,,,,,,,,,,,,,,,,,,, [ 1492248869 ],, 
  [ 381903373861 ],,, [ 1134189613, 612187823557 ],,,,,,,,,,,,,,,,,,,,, [ 9283007719 ],,, 
  [ 1188765397, 3920667493 ],,,,,,,,,,,,,,,, [ 1578565697 ],,,,,, [ 83288966671 ],, 
  [ 1647906529 ],,,,,,,,, [ 1787316841 ],,, [ 12516493777 ],, [ 79744469221 ], 
  [ 2469950767 ],,,,,,,,,,,,,, [ 2480880791, 16277825761 ],,,,,,,,,,,,,,,, [ 5919394219 ],,,,
  ,, [ 13166092603 ],, [ 571437171509 ], [ 1071585271 ],,,,,,,,,, [ 2709553261, 4786365761 ],
  ,,,,,,,,,,,,,,,,, [ 12209584633 ],,,, [ 3514788081113 ],,,,,,,,,, [ 13708681489 ],,,,, 
  [ 977603463871 ],,,, [ 51975721874827 ],,,,,,,,,,, [ 2764454113 ],, [ 41250256799 ],, 
  [ 22035660481 ],,,,,,,,,,,, [ 3545591041 ],,,,, [ 4414166303 ],,,,, 
  [ 3463565123, 355218927859 ],,,,,,,,,,, [ 55451183538661 ],,,,, [ 2719741333 ],,,,,,,, 
  [ 167816458079 ],,,, [ 13452249369649 ],,,,,,,,, [ 70405788251 ],,,, [ 2937890833 ],,,,,, 
  [ 6713369521 ],,,,,,, [ 75207689273 ],,,,,,,,,, [ 69294022019 ],,,,,,,,,, [ 1170673249 ],,
  , [ 1319720401 ],,,,,,,,, [ 26348140729 ],, [ 14629350313 ],, [ 59375550329 ],,,,,,,,,, 
  [ 3489004093 ], [ 63304521733 ],,,,,,,,,,,,,,,,,,,,,,,,,,,,,,,,,,,, [ 183418859941 ], 
  [ 17422288157 ],,,,,,,,,, [ 78034453517 ], [ 8771537503, 5128392418129 ],,,,,,,,,,,,, 
  [ 4247095961 ], [ 339230527777 ], [ 3145826737 ],,,,,,,,,,,,, [ 197165209151 ], 
  [ 2250406381 ], [ 1043216659 ],,,,,,,,,,,,,,,,, [ 3862864307 ],,,,,,,,,, [ 58152681217 ],,,
  ,,,,,, [ 15034569391 ], [ 4188379339 ],,,,,,,, [ 35445815299 ],,, [ 1264507051 ], 
  [ 607434239417 ],,,,, [ 831307840021 ],,, [ 1110316477 ],,,,,, [ 649862591041 ],,,,,,,,,,,,
  ,,,,,,,,,,,,,,,, [ 53058028417 ],, [ 5323832911 ],,,,,,,, [ 12451127149 ],,,,,,,,,,,, 
  [ 26192351771, 38117567471 ], [ 4534068377647 ],,,,,, [ 31389112903 ],,,,,,,,, 
  [ 6284777563 ],,,,,,,,,,,,,,,,,,,,,,,,,,,,,,,,,, [ 1370230801 ],,,,,,,,,,,,,,,,, 
  [ 639866205343 ],,,,,, [ 12288362201809 ],,,,,, [ 12789314988493 ],,,,,,,,,,,,,,,,,,,,,,,,,
  ,,,, [ 10932701837 ],,,,,,, [ 1081072831 ], [ 16764478417 ],,,,,,,,,,,,,,,,,, 
  [ 6624510593 ],,,,,, [ 9760656511 ],,,,, [ 2113115161 ],,, [ 1367903323 ],,,,,,,,,,,,,,,,,
  , [ 4568009077 ],,,,,,,, [ 1286869037 ],,,,,,, [ 1133811001 ],,,,,, [ 6642037111 ], 
  [ 1330675949 ],,,,,, [ 14344748020633 ],,,,,,,, [ 445826967841 ],,,,,,,, [ 19137843401 ],,,
  ,,,,,,,,,,,,, [ 266168210929 ],, [ 1121013859979399 ],,,, [ 1522254541 ],,,,,,,,,,,, 
  [ 3413097691, 9423079230319 ],,,, [ 2475763001 ],,,,,,,,,, [ 677179821529 ],,,,,,,, 
  [ 13662535820897 ],,,,,,,, [ 1005561433 ],,, [ 6451755703 ], [ 4980553033 ],,,, 
  [ 11899965761 ],,,,,,,,,,,,,,,, [ 272156857729 ],,,,,,,,,, [ 19385040967 ],, 
  [ 17778452401 ],,,,,,,,,,,,,, [ 554580213789383 ],,,, [ 147196320571 ],,,,,,,,,, 
  [ 1768791553 ],,,,,,,,,,,, [ 9902595641, 278524181141 ],,,,,,,,,,,,,, [ 199088386759 ],,,,,
  ,,,,,,,,,,,,, [ 1326075086953 ],, [ 25632975013 ],,,,,,,, [ 4757606699 ],,,, 
  [ 377237190527 ],,,,,,,,,, [ 8012544733 ],,,, [ 3389940401 ],,,,,,,,,, [ 183422643221 ],,,,
  ,,,,,,,,,,,, [ 13361034097 ],,,,,,,,,,,,,, [ 667875393281 ],,,,,,, [ 8456409937 ],,,,,,, 
  [ 4318478729 ],,,, [ 217355384203 ],,,,,,, [ 2971068031 ],,, [ 3950675737 ],,,,,,,,,,,,,,,
  , [ 1039181060737 ],,,,,,,,,, [ 2070567287 ],,,, [ 168317581699 ],, [ 8848448101 ],,,,,,,,,
  , [ 28041141211 ],,,,,,,, [ 16488771781 ],, [ 4913075201, 19815341921 ],,,,, 
  [ 97248563101 ],,, [ 61923390673 ],,,,,,,,,,,,,, [ 2050632841 ],, [ 6109777409 ],,,,,,,,,, 
  [ 79145260643 ],, [ 2466051869, 1416170311657 ],, [ 20689716211 ],, 
  [ 7834785521, 10352949281 ],,,,,,,,,, [ 7267013821 ],, [ 4747261789 ],,,,,,,,,,,,,, 
  [ 2576096851 ],,,,,,,, [ 25678481119 ],, [ 4448313997 ],, [ 1273487443, 17950605947 ],,,,,,
  ,,,, [ 749877893918849 ],,,,,,,,,,,, [ 1065471101 ],,,,,,,,,,,,,,,,,,,,,,,, 
  [ 196597080929 ],,,,,,,,,,,,,,,,,,,, [ 2172365407753 ],,,,,,,,,,,,,,,,,,,,,,,,,,,,,,,,,,,,,
  , [ 260006655877 ],,, [ 15909541831 ],,,,,,,,,,, [ 1525515701 ],,,,,,,,,,,, [ 4745376193 ],
  ,,,,, [ 3039976867 ],,,,,,,, [ 152572453409 ],,,,,,,,,,,, [ 1778168429 ],,,, 
  [ 20233195471 ],,,,,,,,,,,,,,,,,, [ 2277684281 ],,,,,,,,,, [ 899405276689 ],,,,,, 
  [ 1942070257 ],,,,,,,, [ 1116489601 ],,,,,, [ 14147199557 ],,,,,,,,,,,,,,,,,,,,,,,,,,,,,,,,
  ,,,,,,,,,,,,,,,,,, [ 1460250881, 235039247257 ],,,,,,,,,,,,,,,,,, 
  [ 1012854463, 20836433363 ],,,, [ 1093046513659 ],,,,,, [ 5976942397 ],,,,,,,,,,,,,,,,,,,,,
  ,,,,,,,,,,,,,,,,,,,,, [ 4348239449 ],,,,,, [ 8134891409 ],,,,,,,,,,,,,,,, [ 2561454361 ],,,
  ,,,,,,,,,,,,,,,,,,,,,,, [ 176887557589 ],,,,,,,,,,,,,,,, [ 10823432671 ],,,, 
  [ 10140813811 ],,,, [ 19689554693 ],,,, [ 39586434049 ],,,,,,,,,,,,,,,, [ 15949714423261 ],
  ,,,,,,,,,,,,,,,,,,,,,,,,,,,,,,,,,,,,,,, [ 2698678529, 75083411475073 ],,,,,, 
  [ 2023599521 ], [ 12815032231 ], [ 4621255927 ],, [ 43345280053, 1802866364881 ],,,,,,,,,,,
  ,,,,,,,,,,,,, [ 20158771249 ],,,,,,,,,,,,,,,,,,,,,,,,,, [ 187886255197 ],,,,,,,,,,,, 
  [ 6005479019321 ],,,,,,,, [ 3266759231 ],,,,,,,,,,,, [ 1465603301 ],,,,,,,,,,,,,, 
  [ 18717450841 ],,,,,,,,,,,,,, [ 71335230041 ],,,,,,,,,,,,,,,,,,,,,,,,,,,,,,,,,,,,,,,,,, 
  [ 13884531721 ],,,,,,,,,,,,,,,, [ 10776162277 ],,,,,,,,,,,,,,,,,,,,,,,,,,,,,,,,,,,,,,, 
  [ 15179374351 ],,,,,,,,,,,,,,,,,,,,,,,,,,,,,,,,,,,,,,, [ 12679064173771 ],,,,,,,,,,,,,,,,,,
  ,,,,,,,,,,,, [ 2188229473, 4927392289 ],,,,,,,,,,,,,,,,,, [ 20561711347 ],,,,,,,,,,,,,,,,,
  , [ 3340601461 ],,,,,,,,,,,,,, [ 5084831303483 ],,,,,,,,,,,, [ 2081703119 ],,,,,,,,,,,,,, 
  [ 113860291381 ],,,,,,,,,,,,,,,,,,,,,,,,,,,,,,,,,,,,,,,,,,,, [ 3859649137 ],,,,,,,,,,,,,,,,
  ,,,,,,,, [ 9062041537 ],,,,,, [ 2042441941 ],,,,,,,,,,,,,,,, [ 3636949061, 873426626791 ],
  , [ 1092806031241 ],,,,,,,, [ 892716041281 ],,,,,,,,,,,,,,,,,,,,,,,,,,,,,,,,,,,,,,,,,,,,,, 
  [ 8698469161 ],,,,,,,,,, [ 10573933441 ],,,,,,,,,,,,,,,,,,,,,,,, [ 1539652001 ],,,,,,,,,,,,
  ,,,,,, [ 787583323843 ],,,,,,,,,,,,,,,,,,,,,,,,,,,,,,,,,,,,,, [ 1247820289 ],,,,,,,,,,,,,,,
  ,,,,,,,,,,,,,,,,,,,,,,,,,,,,,,,,,,,,,,,,,,,,,,,,,,, [ 58443509071 ],,,,,,,,,,,,,,,,,,,,,,,,
  ,,,,,, [ 2863547556769 ],,,,,,,,,,,,,,,,,,,,,,,, [ 22501574209 ],,,,,,,,,, [ 3752422493 ],
  , [ 171486115573 ],,,,,,,,,,,,,,,,,,,,,,,,,,,,,,,,,,,,,,,,,, [ 980439310891 ],,,,,,,,,,,, 
  [ 3242622979 ],,,,,,,, [ 8520476501 ],,,, [ 57824281681 ],,,,,, [ 41067128461 ],,,,,,,,,,,
  , [ 6710248273 ],,,,,,,,,,,,,,,,,, [ 15594325891 ],,,,,,,,,,,,,,,,,,,,,,,,,,,,,,,,,,,,,,,,,
  ,,,,,,,,, [ 15216886301 ],,,,,,,,,, [ 124913769151 ],,,,,,,,,,,,,,,,,,,,,,,, 
  [ 1045582831 ],,,,,,,,,,,,,,,, [ 2974501571 ],,,,,,,,,,,,,,,,,,,,,,,,,,,,,,,,,,,,,,,,,,,,,,
  ,,,,,,,,,, [ 705532478418847 ],,,,,,,,,,,,,,,,,,,,,,,,,,,,,,,,,,,,,,,,,,,,,,,,,,,,,, 
  [ 2155293001 ],,,,,,,,,,,,,,,,,,,,,,,,,,,,,,,,,,,, [ 14924617318801 ],,,,,,,,,,,,,,,,,,,,,,
  ,, [ 21008471761 ],,,,,,,,,,,,,,,,,,,,,,,,,,,,,,,,,,,,,,,,,,,,,,,,,,,,,, [ 1968576943 ],,,,
  ,,,,,,,, [ 3919545037 ],,,,,,,,,,,, [ 9516322609 ],,,,,,,,,,,,,,,,,,,,,,,,,,,,,,,,,,,, 
  [ 91135956283 ],,,,,,,,,,,,,,,,,,,,,,,,,,,,,,,,,,,,,,,,,,,,,,,,,,,,,,,,,,,,,,,,,,,,,,,,,,,,
  ,,,,,,,,,,,,,,,,,,,,,,,,,, [ 13688684641 ],,,,,,,,,,,,,,,,,,,,,,,,,,,,,, [ 4698283123 ],,,,
  ,,,,,,,,,,,,,,,,,,,,,,,,,,,,,,,,,,,,,,,,,,,, [ 108652727203 ],,,,,,,,,,,,,,,,,,,,,,,,,,,,,,
  ,,,,,, [ 16293978781 ],,,,,,,,,, [ 68987776201 ],,,,,,,,,,,,,,,,,,,,,,,,,,,,,,,, 
  [ 2522372761 ],,,,,, [ 18403368007, 24840989227 ],,,,,,,,,,,,,,,,,, [ 28821880669 ],,,,,,,,
  ,,,,,, [ 6044002091 ],,,,,,,,,,,,,,,,,,,,,,,,,,,,,,,,,,,,,,,,,,,,,,,,,,,, [ 2042562835693 ]
   ,,,,,,,,,,,,,,,,,,,,,,,,,,,,,,,,,,,,,,,,,, [ 534696958489 ],,,,,, [ 65270566531 ],,,,,,,,,
  ,,,,,,,,,,,,,,,,,,,,,,,,,,,,,,,,,,,,,,,,,,,,,,,,,,,,,,,,,,,,,,,,,,,,,,,,,,,,,,,,,,,,,,,,,,,
  ,, [ 466364820589 ],,,,,, [ 105385006813 ],, [ 1531404841 ],,,, [ 952458616513 ],,,,,,,,,,,
  ,,,,,,, [ 4026113911, 70518754171 ],,,,,, [ 303151128337 ],,,,,,,,,,,,,,,,,,,,,,,,,,,,,,,,,
  ,,, [ 8641702969 ],,,,,,,,,,,,,,,,,,,,,,,,,,,,,,,,,,,,,,,,,,,,,,,,,,,,,,,,,,,,,,,,,, 
  [ 2163309931 ],,,,,,,,,,,,,,,,,,,,,,,,,,,,,,,,,,,,,,,,,,,,,,,,,,,,,,,,,,,,,,,,,,,,,,,,,,,,,
  ,,,,,,,,,,,,,,,,,,,,,,,,,,,,,,, [ 2758655971 ],,,,,,,,,,,, [ 8105602906501 ],,,,,,,,,,,,,,,
  ,,,,,,,,,,,,,,, [ 23721144721 ],,,,,,,,,,,,,,,,,,,,,,,,,,,,,, [ 537556237741 ],,,,,,,,,,,,,
  ,,,,,,,,,,,,,,,,,,,,,,,,,,,,,,,,,,,,,,,,,,,,,,,,,,,,,,,,,,,,,,,,,,,,,,,,,,,,,,,,,,,,,,,,,,,
  ,,,,,,,,,,,,,,,,,,,,,,,,,,,,,,,,,,,,,,,,,,,,,, [ 643584415681 ],,,,,,,,,,,,,,,,,,,,,,,,,,,,
  ,,,,,,,,,,,,,,,,,,,,,,,,,,,,,,,,,,,,,,,,,,,, [ 13602008449 ],,,,,,,,,,,,,,,,,,,,,,,,,,,,,,,
  ,,,,,,,,,,,,,,,,,,,,,,,,,,,,,,,,,,,,,,,,,,,,,,,,,,,,,,,,,,,,,,,,,,,,,,,,,,,,,,,,,,,,,,,,,,,
  ,,,,,,,,,,,,,,,,,,,,,,,,,,,,,,,,,,,,,,,, [ 21398382853 ],,,,,,,,,,,,,,,,,,,,,,,,,,,,,,,,,,,
  ,,,,,,,,,,,,,,,,,,,,,,,,,,,,,,, [ 1518798601 ],,,,,,,,,,,,,,,,,,,,,,,,,,,,,,,,,,,,,,,,,,,,,
  ,,,,,,,,,,,,,,,,,,,,, [ 3703617919 ],,,,,,,,,,,,,,,,,,,,,,,, [ 27509613751 ],,,,,,,,,,,,,,,
  ,,,,,,,,,,,,,,,,,,,,,,,,,,, [ 6071459593 ],,,,,,,,,,,,,,,,,,,,,,,,,,,,,,,,,,,,,,,,,,,,,,,,,
  ,,,,,,,,,,,,,,,,,,,,,,,,,,,,,,,,,,,,,,,,,,,,,,,,,,,,,,,,,,,,,,,,,,,,,,,,,,,,,,,,,,,,,,,,,,,
  ,,,,,,,,,,,,,,,,,,,,,,,,,,,,,,,,,,,,,,,,,,,,,,,,,,,,,,,,,,,,,,,,,,,,,,,,,,,,,,,,,,,,,,,, 
  [ 126278617501 ],,,,,,,,,,,,,,,,,,,,,,,,,,,,,,,,,,,,,,,,,,,,,,,,,,,,,,,,,,,,,,,,,,,,,,,,,,,
  ,,,,,,,,,,,,,,,,,,,,,,,,,,,,,,,,,,,,,,,,,,,,,,,,,,,,,,,,,,,,,,,,,,,,,,,,,,,,,,,,,,,,,,,,,,,
  ,,,,,,,,,,,,,, [ 141677851681 ],,,,,,,,,,,,,,,,,,,,,,,,,,,,,, [ 1422565832244691 ],,,,,,,,,
  ,,,,,,,,,,,,,,,,,,,,,,,,,,,,,,,,,,,,,,,,,,,,,,,,,,,,,,,,,,,,,,,,,,,,,,,,,,,,,,,,, 
  [ 4764929401 ],,,,,,,,,,,,,,,,,,,,,,,,,,,,,,,,,,,,,,,,,,,,,,,,,,,,,,,,,,,, 
  [ 5900820246361 ],,,,,,,,,,,,,,,,,,,,,,,,,,,,,,,,,,,,,,,,,,,,,,,,,,,,,,,,,,,,,,,,,,,,,,,,,,
  ,,,,,,,,,,,,,,,,,,,,,,,,,,,,,,,,,,,,,,,,,,,,,,,,,,,,,,,,,,,,,,,,,,,,,,,,,,,,,,,,,,,,,,,,,,,
  ,,,,,,,,,,,,,,,,,,,,,,,,,,,,,,,,,,,,,,,,,,,,,,,,,,,,,,,,,,,,,,,,,,,,,,,,,,,,,,,,,,,,,,,,,,,
  ,,,,,,,,,,,,,,,,,,,,,,,,,,,,,,,,,,,,,,,,,,,,,,,,,,,,,,,,,,,,,,,,,,,,,,,,,,,,,,,,,,,,,,,,,,,
  ,,,,,,,,,,,,,,,,,,,,,,,,,,,,,,,,,,,,,,,,,,,,,,,,,,,,,,,,,,,,,,,,,,,,,,,,,,,,,,,,,,,,,,,,,,,
  ,,,,,,,,,,,,,,,,,,,,,,,,,,,,,,,,,,,,,,,,,, [ 1484763001 ],,,,,,,,,,,,,,,,,,,,,,,,,,,,,,,,,,
  ,,,,,,,,,,,,,,,,,,,,,,,,,,,,,,,,,,,,,,,,,,,,,,,,,,,,,,,,,,,,,,,,,,,,,,,,,,,,,,,,,,,,,,,,,,,
  ,,,,,,,,,,,,,,,,,,,,,,,,,,,,,,,,,,,,,,,,,,,,,,,,,,,,,,,,,,,,,,,,,,,,,,,,,,,,,,,,,,,,,,,,,,,
  ,,,,,,,,,,,,,,,,,,,,,,,,,,,,,,,,,,,,,,,,,,,,,,,,,,,,,, [ 120834403171 ],,,,,,,,,,,,,,,,,,,,
  ,,,,,,,,,,,,,,,,,,,,,,,,,,,,,,,,,,,,,,,,,,,,,,,,,,,,,,,,,,,,,,,,,,,,,,,,,,,,,,,,,,,,,,,,,,,
  ,,,,,,,,,,,,,,,,,,,,,,,,,,,,,,,,,,,,,,,,,,,,,,,,,,,,,,,,,,,,,,,,,,,,, [ 2895099241 ],,,,,,,
  ,,,,,,,,,,,,,,,,,,,,,,,,,,,,,,,,,,,,,,,,,,,,,,,,,,,,,,,,,,,,,,,,,,,,,,,,,,,,,,,,,,,,,,,,,,,
  ,,,,,,,,,,,,,,,,,,,,,,,,,,,,,,,,,,,,,,,,,,,,,,,,,,,,,,,,,,,,,,,,,,,,,,,,,,,,,,,,,,,,,,,,,,,
  ,,,,,,,,,,,,,,,,,,,,,,,,,,,,,,,,,,,,,,,,,,,,,,,,,,,,,,,,,,,,,,,,,,,,,,,,,,,,,,,,,,,,,,,,,,,
  ,,,,,,,,,,,,,,,,,,,,,,,,,,,,,,,,,,,,,,,,,,,,,,,,,,,,,,,,,,,,,,,,,,,,,,,,,,,,,,,,,,,,,,,,,,,
  ,,,,,,,,,,,,,,,,,,,,,,,,,,,,,,,,,,,,,,,,,,,,,,,,,,,,,,,,,,,,,,,,,,,,,,,,,,,,,,,,,,,,,,,,,,,
  ,,,,,,,,,,,,,,,,,,,,,,,,,,,,,,,,,,,,,,,,,,,,,,,,,,,,,,,,,,,,,,,,,,,,,,,,,,,,,,,,,,,,,,,,,,,
  ,,,,,,,,,,,,,,,,,,,,,,,,,,,,,,,,,,,,,,,,,,,,,,,,,,,,,,,,,,,,,,,,,,,,,,,,,,,,,,,,,,,,,,,,,,,
  ,,,,,,,,,,,,,,,,,,,,,,,,,,,,,,,,,,,,,,,,,,,,,,,,,,,,,,,,,,,,,,,,,,,,,,,,,,,,,,,,,,,,,,,,,,,
  ,,,,,,,,,,,,,,,,,,,,,,,,,,,,,,,,,,,,,,,,,,,,,,,,,,,,,,,,,,,,,,,,,,,,,,,,,,,,,,,,,,,,,,,,,,,
  ,,,,,,,,,,,,,,,,,,,,,,,,,,,,,,,,,,,,,,,,,,,,,,,,,,,,,,,,,,,,,,,,,,,,,,,,,,,,,,,,,,,,,,,,,,,
  ,,,,,,,,,,,,,,,,,,,,,,,,,,,,,,,,,,,,,,,,,,,,,,,,,,,,,,,,,,,,,,,,,,,,,,,,,,,,,,,,,,,,,,,,,,,
  ,,,,,,,,,,,,,,,,,,,,,,,,,,,,,,,,,,,,,,,,,,,,,,,,,,,,,,,,,,,,,,,,,,,,,,,,,,,,,,,,,,,,,,,,,,,
  ,,,,,,,,,,,,,,,,,,,,,,,,,,,,,,,,,,,,,,,,,,,,,,,,,,,,,,,,,,,,,,,,,,,,,,,,,,,,,,,,,,,,,,,,,,,
  ,,,,,,,,,,,,,,,,,,,,,,,,,,,,,,,,,,,,,,,,,,,,,,,,,,,,,,,,,,,,,,,,,,,,,,,,,,,,,,,,,,,,,,,,,,,
  ,,,,,,,,,,,,,,,,,,,,,,,,,,,,,,,,,,,,,,,,,,,,,,,,,,,,,,,,,,,,,,,,,,,,,,,,,,,,,,,,,,,,,,,,,,,
  ,,,,,,,,,,,,,,,,,,,,,,,,,,,,,,,,,,,,,,,,,,,,,,,,,,,,,,,,,,,,,,,,,,,,,,,,,,,,,,,,,,,,,,,,,,,
  ,,,,,,,,,,,,,,,,,,,,,,,,,,,,,,,,,,,,,,,,,,,,,,,,,,,,,,,,,,,,,,,,,,,,,,,,,,,,,,,,,,,,,,,,,,,
  ,,,,,,,,,,,,,,,,,,,,,,,,,,,,,,,,,,,,,,,,,,,,,,,,,,,,,,,,,,,,,,,,,,,,,,,,,,,,,,,,,,,,,,,,,,,
  ,,,,,,,,,,,,,,,,,,,,,,,,,,,,,,,,,,,,,,,,,,,,,,,,,,,,,,,,,,,,,,,,,,,,,,,,,,,,,,,,,,,,,,,,,,,
  ,,,,,,,,,,,,,,,,,,,,,,,,,,,,,,,,,,,,,,,,,,,,,,,,,,,,,,,,,,,,,,,,,,,,,,,,,,,,,,,,,,,,,,,,,,,
  ,,,,,,,,,,,,,,,,,,,,,,,,,,,,,,,,,,,,,,,,,,,,,,,,,,,,,,,,,,,,,,,,,,,,,,,,,,,,,,,,,,,,,,,,,,,
  ,,,,,,,,,,,,,,,,,,,,,,,,,,,,,,,,,,,,,,,,,,,,,,,,,,,,,,,,,,,,,,,,,,,,,,,,,,,,,,,,,,,,,,,,,,,
  ,,,,,,,,,,,,,,,,,,,,,,,,,,,,,,,,,,,,,,,,,,,,,,,,,,,,,,,,,,,,,,,,,,,,,,,,,,,,,,,,,,,,,,,,,,,
  ,,,,,,,,,,,,,,,,,,,,,,,,,,,,,,,,,,,,,,,,,,,,,,,,,,,,,,,,,,,,,,,,,,,,,,,,,,,,,,,,,,,,,,,,,,,
  ,,,,,,,,,,,,,,,,,,,,,,,,,,,,,,,,,,,,,,,,,,,,,,,,,,,,,,,,,,,,,,,,,,,,,,,,,,,,,,,,,,,,,,,,,,,
  ,,,,,,,,,,,,,,,,,,,,,,,,,,,,,,,,,,,,,,,,,,,,,,,,,,,,,,,,,,,,,,,,,,,,,,,,,,,,,,,,,,,,,,,,,,,
  ,,,,,,,,,,,,,,,,,,,,,,,,,,,,,,,,,,,,,,,,,,,,,,,,,,,,,,,,,,,,,,,,,,,,,,,,,,,,,,,,,,,,,,,,,,,
  ,,,,,,,,,,,,,,,,,,,,,,,,,,,,,,,,,,,,,,,,,,,,,,,,,,,,,,,,,,,,,,,,,,,,,,,,,,,,,,,,,,,,,,,,,,,
  ,,,,,,,,,,,,,,,,,,,,,,,,,,,,,,,,,,,,,,,,,,,,,,,,,,,,,,,,,,,,,,,,,,,,,,,,,,,,,,,,,,,,,,,,,,,
  ,,,,,,,,,,,,,,,,,,,,,,,,,,,,,,,,,,,,,,,,,,,,,,,,,,,,,,,,,,,,,,,,,,,,,,,,,,,,,,,,,,,,,,,,,,,
  ,,,,,,,,,,,,,,,,,,,,,,,,,,,,,,,,,,,,,,,,,,,,,,,,,,,,,,,,,,,,,,,,,,,,,,,,,,,,,,,,,,,,,,,,,,,
  ,,,,,,,,,,,,,,,,,,,,,,,,,,,,,,,,,,,,,,,,,,,,,,,,,,,,,,,,,,,,,,,,,,,,,,,,,,,,,,,,,,,,,,,,,,,
  ,,,,,,,,,,,,,,,,,,,,,,,,,,,,,,,,,,,,,,,,,,,,,,,,,,,,,,,,,,,,,,,,,,,,,,,,,,,,,,,,,,,,,,,,,,,
  ,,,,,,,,,,,,,,,,,,,,,,,,,,,,,,,,,,,,,,,,,,,,,,,,,,,,,,,,,,,,,,,,,,,,,,,,,,,,,,,,,,,,,,,,,,,
  ,,,,,,,,,,,,,,,,,,,,,,,,,,,,,,,,,,,,,,,,,,,,,,,,,,,,,,,,,,,,,,,,,,,,,,,,,,,,,,,,,,,,,,,,,,,
  ,,,,,,,,,,,,,,,,,,,,,,,,,,,,,,,,,,,,,,,,,,,,,,,,,,,,,,,,,,,,,,,,,,,,,,,,,,,,,,,,,,,,,,,,,,,
  ,,,,,,,,,,,,,,,,,,,,,,,,,,,,,,,,,,,,,,,,,,,,,,,,,,,,,,,,,,,,,,,,,,,,,,,,,,,,,,,,,,,,,,,,,,,
  ,,,,,,,,,,,,,,,,,,,,,,,,,,,,,,,,,,,,,,,,,,,,,,,,,,,,,,,,,,,,,,,,,,,,,,,,,,,,,,,,,,,,,,,,,,,
  ,,,,,,,,,,,,,,,,,,,,,,,,,,,,,,,,,,,,,,,,,,,,,,,,,,,,,,,,,,,,,,,,,,,,,,,,,,,,,,,,,,,,,,,,,,,
  ,,,,,,,,,,,,,,,,,,,,,,,,,,,,,,,,,,,,,,,,,,,,,,,,,,,,,,,,,,,,,,,,,,,,,,,,,,,,,,,,,,,,,,,,,,,
  ,,,,,,,,,,,,,,,,,,,,,,,,,,,,,,,,,,,,,,,,,,,,,,,,,,,,,,,,,,,,,,,,,,,,,,,,,,,,,,,,,,,,,,,,,,,
  ,,,,,,,,,,,,,,,,,,,,,,,,,,,,,,,,,,,,,,,,,,,,,,,,,,,,,,,,,,,,,,,,,,,,,,,,,,,,,,,,,,,,,,,,,,,
  ,,,,,,,,,,,,,,,,,,,,,,,,,,,,,,,,,,,,,,,,,,,,,,,,,,,,,,,,,,,,,,,,,,,,,,,,,,,,,,,,,,,,,,,,,,,
  ,,,,,,,,,,,,,,,,,,,,,,,,,,,,,,,,,,,,,,,,,,,,,,,,,,,,,,,,,,,,,,,,,,,,,,,,,,,,,,,,,,,,,,,,,,,
  ,,,,,,,,,,,,,,,,,,,,,,,,,,,,,,,,,,,,,,,,,,,,,,,,,,,,,,,,,,,,,,,,,,,,,,,,,,,,,,,,,,,,,,,,,,,
  ,,,,,,,,,,,,,,,,,,,,,,,,,,,,,,,,,,,,,,,,,,,,,,,,,,,,,,,,,,,,,,,,,,,,,,,,,,,,,,,,,,,,,,,,,,,
  ,,,,,,,,,,,,,,,,,,,,,,,,,,,,,,,,,,,,,,,,,,,,,,,,,,,,,,,,,,,,,,,,,,,,,,,,,,,,,,,,,,,,,,,,,,,
  ,,,,,,,,,,,,,,,,,,,,,,,,,,,,,,,,,,,,,,,,,,,,,,,,,,,,,,,,,,,,,,,,,,,,,,,,,,,,,,,,,,,,,,,,,,,
  ,,,,,,,,,,,,,,,,,,,,,,,,,,,,,,,,,,,,,,,,,,,,,,,,,,,,,,,,,,,,,,,,,,,,,,,,,,,,,,,,,,,,,,,,,,,
  ,,,,,,,,,,,,,,,,,,,,,,,,,,,,,,,,,,,,,,,,,,,,,,,,,,,,,,,,,,,,,,,,,,,,,,,,,,,,,,,,,,,,,,,,,,,
  ,,,,,,,,,,,,,,,,,,,,,,,,,,,,,,,,,,,,,,,,,,,,,,,,,,,,,,,,,,,,,,,,,,,,,,,,,,,,,,,,,,,,,,,,,,,
  ,,,,,,,,,,,,,,,,,,,,,,,,,,,,,,,,,,,,,,,,,,,,,,,,,,,,,,,,,,,,,,,,,,,,,,,,,,,,,,,,,,,,,,,,,,,
  ,,,,,,,,,,,,,,,,,,,,,,,,,,,,,,,,,,,,,,,,,,,,,,,,,,,,,,,,,,,,,,,,,,,,,,,,,,,,,,,,,,,,,,,,,,,
  ,,,,,,,,,,,,,,,,,,,,,,,,,,,,,,,,,,,,,,,,,,,,,,,,,,,,,,,,,,,,,,,,,,,,,,,,,,,,,,,,,,,,,,,,,,,
  ,,,,,,,,,,,,,,,,,,,,,,,,,,,,,,,,,,,,,,,,,,,,,,,,,,,,,,,,,,,,,,,,,,,,,,,,,,,,,,,,,,,,,,,,,,,
  ,,,,,,,,,,,,,,,,,,,,,,,,,,,,,,,,,,,,,,,,,,,,,,,,,,,,,,,,,,,,,,,,,,,,,,,,,,,,,,,,,,,,,,,,,,,
  ,,,,,,,,,,,,,,,,,,,,,,,,,,,,,,,,,,,,,,,,,,,,,,,,,,,,,,,,,,,,,,,,,,,,,,,,,,,,,,,,,,,,,,,,,,,
  ,,,,,,,,,,,,,,,,,,,,,,,,,,,,,,,,,,,,,,,,,,,,,,,,,,,,,,,,,,,,,,,,,,,,,,,,,,,,,,,,,,,,,,,,,,,
  ,,,,,,,,,,,,,,,,,,,,,,,,,,,,,,,,,,,,,,,,,,,,,,,,,,,,,,,,,,,,,,,,,,,,,,,,,,,,,,,,,,,,,,,,,,,
  ,,,,,,,,,,,,,,,,,,,,,,,,,,,,,,,,,,,,,,,,,,,,,,,,,,,,,,,,,,,,,,,,,,,,,,,,,,,,,,,,,,,,,,,,,,,
  ,,,,,,,,,,,,,,,,,,,,,,,,,,,,,,,,,,,,,,,,,,,,,,,,,,,,,,,,,,,,,,,,,,,,,,,,,,,,,,,,,,,,,,,,,,,
  ,,,,,,,,,,,,,,,,,,,,,,,,,,,,,,,,,,,,,,,,,,,,,,,,,,,,,,,,,,,,,,,,,,,,,,,,,,,,,,,,,,,,,,,,,,,
  ,,,,,,,,,,,,,,,,,,,,,,,,,,,,,,,,,,,,,,,,,,,,,,,,,,,,,,,,,,,,,,,,,,,,,,,,,,,,,,,,,,,,,,,,,,,
  ,,,,,,,,,,,,,,,,,,,,,,,,,,,,,,,,,,,,,,,,,,,,,,,,,,,,,,,,,,,,,,,,,,,,,,,,,,,,,,,,,,,,,,,,,,,
  ,,,,,,,,,,,,,,,,,,,,,,,,,,,,,,,,,,,,,,,,,,,,,,,,,,,,,,,,,,,,,,,,,,,,,,,,,,,,,,,,,,,,,,,,,,,
  ,,,,,,,,,,,,,,,,,,,,,,,,,,,,,,,,,,,,,,,,,,,,,,,,,,,,,,,,,,,,,,,,,,,,,,,,,,,,,,,,,,,,,,,,,,,
  ,,,,,,,,,,,,,,,,,,,,,,,,,,,,,,,,,,,,,,,,,,,,,,,,,,,,,,,,,,,,,,,,,,,,,,,,,,,,,,,,,,,,,,,,,,,
  ,,,,,,,,,,,,,,,,,,,,,,,,,,,,,,,,,,,,,,,,,,,,,,,,,,,,,,,,,,,,,,,,,,,,,,,,,,,,,,,,,,,,,,,,,,,
  ,,,,,,,,,,,,,,,,,,,,,,,,,,,,,,,,,,,,,,,,,,,,,,,,,,,,,,,,,,,,,,,,,,,,,,,,,,,,,,,,,,,,,,,,,,,
  ,,,,,,,,,,,,,,,,,,,,,,,,,,,,,,,,,,,,,,,,,,,,,,,,,,,,,,,,,,,,,,,,,,,,,,,,,,,,,,,,,,,,,,,,,,,
  ,,,,,,,,,,,,,,,,,,,,,,,,,,,,,,,,,,,,,,,,,,,,,,,,,,,,,,,,,,,,,,,,,,,,,,,,,,,,,,,,,,,,,,,,,,,
  ,,,,,,,,,,,,,,,,,,,,,,,,,,,,,,,,,,,,,,,,,,,,,,,,,,,,,,,,,,,,,,,,,,,,,,,,,,,,,,,,,,,,,,,,,,,
  ,,,,,,,,,,,,,,,,,,,,,,,,,,,,,,,,,,,,,,,,,,,,,,,,,,,,,,,,,,,,,,,,,,,,,,,,,,,,,,,,,,,,,,,,,,,
  ,,,,,,,,,,,,,,,,,,,,,,,,,,,,,,,,,,,,,,,,,,,,,,,,,,,,,,,,,,,,,,,,,,,,,,,,,,,,,,,,,,,,,,,,,,,
  ,,,,,,,,,,,,,,,,,,,,,,,,,,,,,,,,,,,,,,,,,,,,,,,,,,,,,,,,,,,,,,,,,,,,,,,,,,,,,,,,,,,,,,,,,,,
  ,,,,,,,,,,,,,,,,,,,,,,,,,,,,,,,,,,,,,,,,,,,,,,,,,,,,,,,,,,,,,,,,,,,,,,,,,,,,,,,,,,,,,,,,,,,
  ,,,,,,,,,,,,,,,,,,,,,,,,,,,,,,,,,,,,,,,,,,,,,,,,,,,,,,,,,,,,,,,,,,,,,,,,,,,,,,,,,,,,,,,,,,,
  ,,,,,,,,,,,,,,,,,,,,,,,,,,,,,,,,,,,,,,,,,,,,,,,,,,,,,,,,,,,,,,,,,,,,,,,,,,,,,,,,,,,,,,,,,,,
  ,,,,,,,,,,,,,,,,,,,,,,,,,,,,,,,,,,,,,,,,,,,,,,,,,,,,,,,,,,,,,,,,,,,,,,,,,,,,,,,,,,,,,,,,,,,
  ,,,,,,,,,,,,,,,,,,,,,,,,,,,,,,,,,,,,,,,,,,,,,,,,,,,,,,,,,,,,,,,,,,,,,,,,,,,,,,,,,,,,,,,,,,,
  ,,,,,,,,,,,,,,,,,,,,,,,,,,,,,,,,,,,,,,,,,,,,,,,,,,,,,,,,,,,,,,,,,,,,,,,,,,,,,,,,,,,,,,,,,,,
  ,,,,,,,,,,,,,,,,,,,,,,,,,,,,,,,,,,,,,,,,,,,,,,,,,,,,,,,,,,,,,,,,,,,,,,,,,,,,,,,,,,,,,,,,,,,
  ,,,,,,,,,,,,,,,,,,,,,,,,,,,,,,,,,,,,,,,,,,,,,,,,,,,,,,,,,,,,,,,,,,,,,,,,,,,,,,,,,,,,,,,,,,,
  ,,,,,,,,,,,,,,,,,,,,,,,,,,,,,,,,,,,,,,,,,,,,,,,,,,,,,,,,,,,,,,,,,,,,,,,,,,,,,,,,,,,,,,,,,,,
  ,,,,,,,,,,,,,,,,,,,,,,,,,,,,,,,,,,,,,,,,,,,,,,,,,,,,,,,,,,,,,,,,,,,,,,,,,,,,,,,,,,,,,,,,,,,
  ,,,,,,,,,,,,,,,,,,,,,,,,,,,,,,,,,,,,,,,,,,,,,,,,,,,,,,,,,,,,,,,,,,,,,,,,,,,,,,,,,,,,,,,,,,,
  ,,,,,,,,,,,,,,,,,,,,,,,,,,,,,,,,,,,,,,,,,,,,,,,,,,,,,,,,,,,,,,,,,,,,,,,,,,,,,,,,,,,,,,,,,,,
  ,,,,,,,,,,,,,,,,,,,,,,,,,,,,,,,,,,,,,,,,,,,,,,,,,,,,,,,,,,,,,,,,,,,,,,,,,,,,,,,,,,,,,,,,,,,
  ,,,,,,,,,,,,,,,,,,,,,,,,,,,,,,,,,,,,,,,,,,,,,,,,,,,,,,,,,,,,,,,,,,,,,,,,,,,,,,,,,,,,,,,,,,,
  ,,,,,,,,,,,,,,,,,,,,,,,,,,,,,,,,,,,,,,,,,,,,,,,,,,,,,,,,,,,,,,,,,,,,,,,,,,,,,,,,,,,,,,,,,,,
  ,,,,,,,,,,,,,,,,,,,,,,,,,,,,,,,,,,,,,,,,,,,,,,,,,,,,,,,,,,,,,,,,,,,,,,,,,,,,,,,,,,,,,,,,,,,
  ,,,,,,,,,,,,,,,,,,,,,,,,,,,,,,,,,,,,,,,,,,,,,,,,,,,,,,,,,,,,,,,,,,,,,,,,,,,,,,,,,,,,,,,,,,,
  ,,,,,,,,,,,,,,,,,,,,,,,,,,,,,,,,,,,,,,,,,,,,,,,,,,,,,,,,,,,,,,,,,,,,,,,,,,,,,,,,,,,,,,,,,,,
  ,,,,,,,,,,,,,,,,,,,,,,,,,,,,,,,,,,,,,,,,,,,,,,,,,,,,,,,,,,,,,,,,,,,,,,,,,,,,,,,,,,,,,,,,,,,
  ,,,,,,,,,,,,,,,,,,,,,,,,,,,,,,,,,,,,,,,,,,,,,,,,,,,,,,,,,,,,,,,,,,,,,,,,,,,,,,,,,,,,,,,,,,,
  ,,,,,,,,,,,,,,,,,,,,,,,,,,,,,,,,,,,,,,,,,,,,,,,,,,,,,,,,,,,,,,,,,,,,,,,,,,,,,,,,,,,,,,,,,,,
  ,,,,,,,,,,,,,,,,,,,,,,,,,,,,,,,,,,,,,,,,,,,,,,,,,,, [ 7304200193 ] ]);
