BRENTFACTORS[8308]:=MakeImmutable([ ,,,,,,,,,,,, [ 567940133090279 ],,,,,, 
  [ 2182721405156477, 136695621399416689541 ],, [ 2062226629, 82741865641 ],, 
  [ 3687389725234854799 ],, [ 46226481001, 671359081651, 5321737871501 ],, [ 74305756178011 ]
   ,, [ 28213143929, 28680207280672331 ],, 
  [ 430004847014627, 1086255234350681485796125037371442177 ], 
  [ 1792319325045533369214260993 ],,, [ 1173373574359453059272347149840541 ],, 
  [ 2256330069956497, 24739031898184093212836442637510248446553224738873832447514991 ], 
  [ 117608990016940158206704689310573 ], [ 46813288430560627, 295330394081502297600889 ], 
  [ 3536802081350891819441 ], 
  [ 192400328213, 21119208433473097, 1303524241807253985020784524160868783389889 ],, 
  [ 3905917233931, 2804218705845119, 490506957333664436199341 ],, 
  [ 2416332691, 379039491007067437028536352438308141 ], [ 44106688538287527093989 ], 
  [ 7228360655525767 ], [ 835097816041147720504081 ], 
  [ 68587853539549, 229576720558039, 847044204566870178149, 
      298971054138037990766766617862775207 ], [ 2654115780642432175933051 ], 
  [ 2667695353, 34545907390605995524700083 ], [ 146853602377, 39963256558645227809 ], 
  [ 2329583612129, 3790538694547590458639 ], [ 2312785296091, 262373583530106199 ], 
  [ 1281661437211651, 502738313403308350453823761, 158072092568396105843511267611 ],,, 
  [ 52570453367, 18770165800879, 669510586344551875106947241 ], [ 483166150021 ], 
  [ 43708580253901 ],, 
  [ 1117452911423490042647, 23807584882567585689913, 1963258359177576098606840189 ], 
  [ 1587056155956338995700011 ], [ 6874758977, 11898473308578320415169 ],, 
  [ 47342012135159341436613926161 ], [ 1710576331, 2337279893569123936271 ], 
  [ 6796669380349047549603367201729488083578921 ], [ 6723792079, 528268167879911945617 ], 
  [ 5889122607271 ],, [ 25545058921, 11209497670663565551852860357553 ], 
  [ 306425093661702359, 29675762645504949829 ], [ 109485006437 ], 
  [ 2800302914430129947328288850501 ], 
  [ 166503317862808736281981, 540710659966861040240310704789031119621341 ],, 
  [ 361030734091, 1613569687904740099, 1777761260008540314254396599 ],, [ 85210684705121 ], 
  [ 395334597727, 112574629040294899369 ], 
  [ 4843631991460532631059656667, 
      112103185920916584966121637391783652727016627931616958650970739 ],, 
  [ 34603368493, 25123180422074908289025438704029 ], [ 268102014341564038483301 ], 
  [ 31620088395991, 24015522042600076577, 1748239704642042364139, 
      8463818702439402132174128381036097989 ], [ 86350313475547311836793943 ], 
  [ 6231286073 ],, [ 402640874551, 6750035283753344740209933827230775461 ],, 
  [ 3478295432797249 ],, [ 118510143006441417073, 1553036307414651689683 ],,, 
  [ 2118296350980193 ], [ 5306969893 ], [ 2509994295710239339 ],,, 
  [ 36402252763, 60281151815658762112423939174155104982510289 ],,, 
  [ 4616665790920960579321, 26585295715195507421251 ],,,,, [ 9843845441, 44888845871 ], 
  [ 13011401797 ],,, [ 586620538340931277549, 8012569575649628865027169 ], 
  [ 33572792150981, 97254383353783501, 293967868886072401 ], [ 433199606689 ], 
  [ 78758767285712047 ],, 
  [ 2346386309, 816987273650102591, 99505654191136923703, 306360817766823760207 ], 
  [ 182304228344064491365002450481, 32827886768464221472265806117831441 ], 
  [ 876213489273271271 ],, [ 649581907715082432309493 ],,, [ 8927718406054684409572918723 ], 
  [ 788151244879, 9440173006311130695412174747 ], [ 24689528173999889523329 ], 
  [ 5045360539 ],, [ 7664654111, 483493133681 ],, 
  [ 2547502077618821, 45876661065065707619, 80913204680694749707 ], [ 292321068877 ], 
  [ 38770244731, 569273889096484070218021 ],, [ 8013216037, 10639383632766107 ], 
  [ 19510581313, 38217862279 ], [ 253443980053129861 ],, [ 26455387261 ], 
  [ 10382331171550411 ], [ 36631737069925999, 468233284651727977097 ], 
  [ 1704165920280682993 ], [ 131609865201220296880741 ],,,, [ 159534463005604975410443 ], 
  [ 218065313701 ], [ 10970889901 ], [ 45847458281, 2343096193169 ], [ 2265179383 ], 
  [ 24345504569, 30078289866031644161 ], [ 3152138281, 34767387841 ], [ 297959697512881 ], 
  [ 1961346679, 19965173024749, 191271052816904483 ],,, [ 1209072272321 ], 
  [ 3516506675915230369 ], [ 129378655467613 ],, [ 23041608998974913, 42939008872981493 ], 
  [ 70024789561, 1807732776131041, 11826588029532503371 ], [ 482353990454707795236331 ],, 
  [ 130006354294657, 714560162709437689 ],,, [ 154710890310943, 9757210112740439317 ], 
  [ 175058722681559897, 16808470823741019815309 ], [ 704048155961 ],,, 
  [ 454276651554881, 32322065225268017 ], [ 921927876719929, 58497429823328533 ], 
  [ 4134460941659 ],, [ 2181137668703543862633781981 ], [ 131950744117 ], [ 10576090981 ], 
  [ 3773612989, 57161655277, 1719357834773488379047894291 ], [ 6965277600476638745082553 ], 
  [ 28755048391, 122169663601, 75303061759801, 606621163076311 ],, [ 18108918059 ], 
  [ 19645219360460719677209 ], [ 399110675153708197 ], [ 24245754271, 8039443792431023221 ], 
  [ 241057534066291 ], [ 273664876122002055553 ],,, [ 12037326211 ], 
  [ 41497000667557, 7856218964421913307489, 14210675103755814101657 ], [ 6008452721 ], 
  [ 114151190217373 ], [ 1471098347, 4574738963, 35823869357, 172581574309 ],, 
  [ 342154294894807 ], [ 6732637112035693835219491 ], 
  [ 126390314359, 638211320954341, 2161246035430330241 ], [ 46173018585448216657021 ], 
  [ 158034066221 ], [ 11665705223, 4670957975269 ],,,, 
  [ 1439214631, 73608541021, 7693101949471 ], [ 2775518477 ], [ 4093712369, 1661770239593 ], 
  [ 48378669979, 19597322684419 ], [ 4523456093096189 ],, [ 30201328287940321 ], 
  [ 207008228048189 ],,, [ 225455488992145573481 ], [ 2808468670054763 ], 
  [ 21255592107357580309 ],,, [ 75978668251 ],, [ 11441611479601 ], 
  [ 249564939241801, 1956764552046817 ], [ 12282641711 ],, [ 1734743473, 645070840261 ],, 
  [ 45804501187, 10420137259918342987 ], [ 282916560818194972579, 5837727844447492949070337 ]
   ,,, [ 43698087493 ],,, [ 51752794089810241, 173171717982946646849521 ], [ 2231909506819 ],
  ,, [ 147033970073, 575027141573 ], [ 19193386326731 ], [ 40945433802577 ],, 
  [ 316560321433, 67653796813657 ], [ 707079243823, 273062690685013 ], 
  [ 213542965001, 5307952502680001, 1814294834420838001 ],,, 
  [ 108940745893717, 1200325078753637, 20986883189437059511 ],, [ 2499046743082531 ],, 
  [ 153820429754833, 140255256745619045461 ], [ 965436803933571080173 ],, 
  [ 1004800920742035041 ], [ 248526639127732323403 ], [ 981613415796151 ], [ 420746916607 ], 
  [ 3901484892980401 ],, [ 11128065210389, 136107899717910149 ],, 
  [ 399114934109557, 11242099354243595186582081 ],, [ 68715030638332541489401 ],, 
  [ 71284643902560350257 ],, [ 2560725911 ], [ 3296404958551, 16538738280901 ],, 
  [ 555336118919 ], [ 2710201482024019, 1606117081887267569 ], [ 3616146651557197 ], 
  [ 189691944961 ],, [ 556069215147886533597223 ], [ 51859948667 ],, [ 55846732111 ], 
  [ 51980150400605857 ],, [ 1778286152145624269761 ],, [ 20782910611, 2800671828118233431 ], 
  [ 923166111698284021 ], [ 116840274303817 ], [ 22531986493057 ],, 
  [ 25130047001, 19393920454031 ], [ 5687062274009 ],, 
  [ 23597365509497749961, 240236791739489940937 ], [ 168476060117, 256807246732583 ], 
  [ 11603830501, 348253051728424501, 1188247243160625591001 ],, 
  [ 2025109321, 2252790648725802348048373 ], [ 9631240807477 ], [ 80606815632769 ], 
  [ 30766774500061 ],,,,, [ 48253434226488661 ], [ 156957373369 ],,, 
  [ 63939612133, 4684930047980247251 ], [ 95750142391 ], 
  [ 147514428774649, 162164615816331924409 ], [ 1123997740133 ],, [ 482815746494502059 ], 
  [ 22892763371201, 29780435375681, 140397235501723201 ],, 
  [ 1159039967, 20385657115628182461539 ],,,, 
  [ 771945306163, 243825604775393, 605703414090377821 ],, [ 57853600695047977 ], 
  [ 771010226113 ], [ 98688278701 ], [ 73686659287 ], 
  [ 381758467475323193, 1313307723174111149 ],,,,, [ 6537745242893 ],,, 
  [ 21659714644481, 151146970048749581 ],, [ 744952079354621641286671 ],, [ 811997320838537 ]
   ,, [ 4424874977 ], [ 415927894703 ], [ 943483212866637860953 ],, 
  [ 5691219101, 617229624197874101 ],, [ 100355199844769, 153568420038114671041 ],,,, 
  [ 6240178753, 555645410410417 ], [ 42180131197 ],, [ 1163098253 ], 
  [ 125400055781721700801 ],, [ 193344508787 ],, [ 107603531914035613 ], [ 18776345992111 ], 
  [ 3351537463711, 50152156077022097587 ],,,, [ 5418770647751 ], [ 1274572727 ], 
  [ 27959590951189 ],, [ 98797233302219 ], [ 54352229775751 ],,,,, [ 254035111660441 ], 
  [ 3408685843 ],,, [ 76001229590028289 ],,,,,, [ 7781901021075871 ],,,, [ 4335951973405469 ]
   ,,,, [ 5920079208007638299, 23294260651605673567 ], [ 2891597891491 ], 
  [ 8411776837770001 ], [ 1650034801 ], [ 7491958627 ],, [ 1911896973376429829 ], 
  [ 27768842522572861 ], [ 25288542992728990241 ],, [ 1193087567659681, 9212405862254214121 ]
    , [ 6796165679 ], [ 74771518455691 ], [ 238428993667 ],, [ 1034227013191 ],, 
  [ 2297752998811 ], [ 5627574468673, 18826216782356257, 14119404730540242017 ], 
  [ 1807077935362036147 ], [ 2896216071893294041 ], [ 7266395209, 178897829071747 ],,, 
  [ 254509478578133 ], [ 4662980263 ],,, [ 104331390343, 315961359433 ], [ 1071195259 ], 
  [ 4689861361 ], [ 9846803145037 ],,, [ 295765358599164221137 ],, 
  [ 744491589073, 14951476041251 ], [ 268800492211 ], 
  [ 3206094173, 65834508881, 27696849389655409 ], [ 25161836839 ], [ 1144029283 ],,, 
  [ 38135215549999 ],,,,, [ 100341654449 ],, [ 20710270174273, 26229969072180960433537 ],, 
  [ 1948330801 ], [ 86572794617, 71199396955369 ], [ 3505909487389 ],,, [ 1297376901731 ], 
  [ 1261683589633182913 ], [ 1416212839, 2104521138647 ], [ 32189764638977726491 ], 
  [ 10996650483211, 25845925724802163 ], [ 13343155601 ],, [ 157371192371387611 ],, 
  [ 135425927213089 ],, [ 76889363455732483 ], [ 12345074017 ], [ 425391419701 ],,, 
  [ 1027880405779, 2821321829239 ], [ 384499750399417 ], [ 43730841583147709 ], 
  [ 8519918864976907 ],, [ 59757668277434825741, 30681923889327795221672641 ], 
  [ 235201311152659 ], [ 83936584182523, 6841587752983673 ],,, [ 11005771583 ], 
  [ 117101419409851 ],,, [ 18234569251 ], [ 254816996453610478039 ],,, [ 387436884853 ], 
  [ 248395540751, 17665609861271 ],, [ 34461147434281 ], [ 163813025553901 ],, 
  [ 22650280291 ], [ 47579997841, 1819320040795521889 ],, [ 95335062666695749 ], 
  [ 191948828011, 50209079118813311 ],,,,, [ 10066694229702280099441 ],,,,,,,,,, 
  [ 41264355359 ], [ 1387127258821 ], [ 10896558703249, 242756865654973, 1234459546679413 ],,
  ,,, [ 2763462151 ],, [ 299621791123 ],,,,, [ 302619407506658353 ], [ 41858061331 ],,, 
  [ 11406124157 ],, [ 4527167872573, 1903863090033989242597 ],,,,,, 
  [ 186248916435861541, 82647312351111912421 ],, [ 3959869741464319 ], [ 1911180811 ], 
  [ 178575455521 ], [ 1492903241 ], [ 1304200665223, 13338049490215633 ],, [ 869597565857 ], 
  [ 1359562616263 ], [ 1508615766576601 ],, [ 117430180668841 ],,,,, [ 1154437087 ], 
  [ 22187742072751, 5819381145404587, 83288460766090717 ],, [ 39277227564174881 ], 
  [ 1825084628203, 5209583687353 ], [ 1607594819 ],,,, [ 80879439337513 ], [ 52354244377 ], 
  [ 688256427217, 374094158292677521 ], [ 76133504149 ],, [ 3933788865649 ],,,,,,, 
  [ 211551928667, 50478744855046567 ],, [ 2042105409101 ],, [ 722421106579, 2450611807639 ], 
  [ 1109527123 ],,, [ 18282433513 ],, [ 1016185057334749 ],, [ 12066133212928681 ],, 
  [ 5592700961, 142153679137, 2458371377084929 ], [ 2293591169 ],,, 
  [ 13661421409, 77300780224965313 ],,,, [ 538356412801, 31684178373901137001 ],, 
  [ 5106868209367 ],,,, [ 852352947945673 ],,,,,,,, [ 37961832445837 ], [ 1896532949611 ], 
  [ 1423145417, 64121920633 ],,,,, [ 1008261811 ],,, [ 418256022913, 47196033205503313 ],, 
  [ 463846968349 ],, [ 1083620281, 24448645393, 236125090796909 ], [ 3414225839 ], 
  [ 7823901961, 10883709271, 46025183006318251 ],,,,,,,, 
  [ 4949348801, 87015010633, 101363485169 ],,,, [ 3289604135161 ],,,, [ 88570986341 ],, 
  [ 308654837713, 184699776809017 ],,,, [ 572004427409, 1440819351964897 ],, 
  [ 816780174787513 ],, [ 165397562081 ],,,,,, [ 732944216548811 ],, [ 4142491489 ],,, 
  [ 12152949439 ],,, [ 5082038441, 603518161921 ],,,, [ 64605786882751421 ],,,,,, 
  [ 20242808759622121 ],,,, [ 4191459148369 ],,,,,, [ 513696404671 ],,,,,,, [ 12296563217 ],,
  ,,, [ 737600553379 ],,,, [ 29077820057173 ],,,,, [ 2981917547461 ], 
  [ 4485716057, 21666044657 ],,,, [ 133280415713 ],, [ 11151986128109 ],,,,,,,, 
  [ 2363511151 ],, [ 59451166321 ],,,, [ 3488657101 ],, [ 93715658084861, 2469081900827863 ],
  ,,,,,,,,,,, [ 1174309933, 1775355047239, 2231097740933 ],,,,,,,, [ 3578493049 ],, 
  [ 1140618781 ],, [ 36019239374891, 2209429650646079 ],,,, 
  [ 1668375804721, 542767952817271 ],, [ 165263070881 ],,,, [ 34007661313 ],, 
  [ 3419593871, 11973797261581 ], [ 10594701127 ], [ 13238084617 ],,,,,,,,,, 
  [ 1723190177, 34472256941 ],, [ 2879273713, 393680744689, 605985320641 ],, 
  [ 46531603081237 ], [ 84042961889 ],,,, [ 2716672099 ], [ 413721841730473 ],,,,,,,,,, 
  [ 48945665839457 ],,, [ 5344216291 ], [ 10652345861 ],, [ 18863211291433 ],,,,,, 
  [ 157095681733, 103329378101533 ], [ 3047594701 ],,,,, [ 1321618601, 33174328361 ],,,, 
  [ 2339649121 ], [ 1195005901 ], [ 17371204673033 ],, [ 2503668313, 116792634169 ], 
  [ 2287955443 ], [ 828029340536701 ],, [ 1896211822340993 ],, [ 1604477406212615881 ],,,,,,,
  , [ 159644075440873 ],,, [ 5866889081 ], [ 85457391391 ],, [ 1947817841 ],,,,,,, 
  [ 378328691791 ], [ 32660542814017 ],,,, [ 18132424328101 ],, [ 3954819797 ],,, 
  [ 5961867181 ],,, [ 487826902081, 17611081053602653 ],, [ 193137610111 ],,,,,, 
  [ 1268062238748901 ],, [ 48148088861 ],,,, [ 6074731783 ], [ 98050810061 ], 
  [ 3606143633, 5273958944452277 ],,,,,, [ 148948011447371 ],, [ 220916153309 ],, 
  [ 693870424962619 ],,, [ 341749414969 ], [ 190066379066717 ],, [ 4360976101, 45849861901 ],
  ,,, [ 219766462577, 27005701966289 ],, [ 1485937477958797 ],, [ 81733997274001 ],, 
  [ 6283016741, 33711533311 ],,,, [ 2647326053 ], [ 2189238151 ],,,, [ 1078665223 ], 
  [ 3035431812601 ],, [ 1372125011, 429151354001 ], [ 3652833419 ], [ 9476179021 ],,,,, 
  [ 7484415118291 ],,,,,,, [ 3189398250169 ],, [ 5593116719, 601155988915903 ],,,,,,, 
  [ 1676367631 ], [ 19271303421173 ],, [ 81016770575341 ],,, [ 304148713489 ], 
  [ 217224961913 ],, [ 46940907810777373 ],, [ 366741356966549 ],,,,,, 
  [ 2551606877, 24805801797349 ],,,, [ 13381969987, 4047780897217 ],, [ 20025212162297 ],,,, 
  [ 186917401577701 ],, [ 37747972907 ],, [ 544706806695169 ],,,, 
  [ 15631441981, 14863329460524581 ], [ 2907028693, 34875334801 ],,,,, 
  [ 1382051551, 7431938519 ],, [ 6459582533, 114554948822971697 ],,,, 
  [ 1760476609, 200336751839051041 ],, [ 380540850733 ],, [ 149640581809 ],, 
  [ 595942091273 ], [ 187590971251 ], [ 92880619050001 ],,,, [ 524659059137 ],,,, 
  [ 1246389016321 ],,,,,,,,,,,,,, [ 1024635739, 149717807219 ],, [ 3447129089 ], 
  [ 1810783451 ], [ 68751717247, 6287456515487761 ],,,,,, [ 9600622729, 16543068205201 ],, 
  [ 3783917290253 ],,,,,,,,, [ 6109480973 ], [ 629886196837 ],,,,,, [ 25783035691351 ],,,,,,,
  ,,,,,, [ 1622320837 ],,, [ 3346438369 ],,,,,,,,,,,,, [ 8277235591 ], [ 59543253361 ],,, 
  [ 14501094919 ],, [ 88005228851 ],, [ 325616000207 ],,,,, [ 419037319429 ],,,,,, 
  [ 9053376733 ],,,,,,,,,,,, [ 25882671012631 ], [ 19147331743 ],,,,,,,,,,,,,, 
  [ 6292926001 ],,,,,,, [ 51479228201 ],,,,,,,,,, [ 1450865321 ], [ 450365922991 ],,,,,,,, 
  [ 2611966603 ],, [ 4481837831 ],,,,,,,,,,,,,,, [ 19388863073, 77202727969 ],,,,,,,,,,, 
  [ 2476274923 ],,,,, [ 18824669377 ],, [ 2292836873, 13029831263 ],,,, [ 8883334531 ], 
  [ 71911796323 ],,,,,, [ 1530347743 ],, [ 5176891127 ],,, [ 83133137489 ],,,,,,,,,,,,,,,,,,,
  ,,,,,,,,,,, [ 27216593713 ], [ 50920651009 ],,,,,,, [ 309268044121 ],,,,,, [ 54426648109 ],
  ,,,,, [ 4733142181 ],,,,,,, [ 187028277361 ],,,,,,, [ 117370009249 ], [ 1236500777 ], 
  [ 1638740377 ],,,,,,,,,,,,,,,, [ 14366797981 ],,,,,, [ 42265992151 ],,,,,,,,,,,, 
  [ 21678566911 ],,,,,, [ 1121137813 ], [ 154186586401 ],,,,,,,, 
  [ 1541282467, 7208144342167 ],,,,,,,,,,,,,,,,,,, [ 1586731129 ],,,, 
  [ 1635628121, 6456954821, 170210811961 ],, [ 46264752161, 422682466361 ], [ 111335108273 ],
  , [ 7474498561 ],,,,,,,,,,, [ 10133981929 ],,,,,,,,, [ 244079422861 ],, [ 4168223593 ],,, 
  [ 20092214501 ],,,,,, [ 3106392929 ],,,,,,,,, [ 215023022801 ],, [ 1816148897 ],,,,,,,, 
  [ 2155528836991 ],,, [ 1055877247, 221242771537 ],,,,,,, [ 4484571731 ],,,,,,,,,,,,,,,,,,,
  , [ 14475466351 ],,,,,,,,,,,,,, [ 1128852331 ],,,, [ 2381651299 ],,, [ 12581650339 ],,,,,, 
  [ 10781765017 ], [ 1375752709 ],,,,,,,,,,,,,,, [ 1560281417 ],,,, [ 565333370113 ],,,,, 
  [ 4814234237 ], [ 2473657657 ],, [ 7015854161 ],,,, [ 9752030317 ],,,, [ 1854116449 ],,, 
  [ 126813903721 ], [ 5323584313 ],,,,,,,,,,,,, [ 2276682731 ],, [ 168940827463 ], 
  [ 31664759309 ],,, [ 3148815209 ], [ 2482141537 ],,,,,,,,,,,, [ 9156891517 ],,, 
  [ 2090838643 ],,,,,, [ 23188979689 ],,,,,,,,,,,,, [ 1589128763 ],,,, [ 12685530773101 ],,,
  , [ 2507146496737 ],, [ 10343354401 ], [ 127540440541 ], [ 8355444941 ],,,,, 
  [ 577565683771 ], [ 1142872669 ],,, [ 1632929959 ],,,, [ 30632174921 ],,,,,,,,,, 
  [ 3663208621 ],,,,,,,,,,,,,,, [ 227865928249 ],,,,,,,,,,,,,, [ 3048167921 ], 
  [ 6678893467 ],,,,,,, [ 9467024789 ], [ 1050986803, 49357853971 ],,,,,, [ 170343208751 ],,,
  ,, [ 487873810181 ],,,,, [ 426768818341 ],,,, [ 19427053889 ],,,, [ 37631321291 ],,, 
  [ 30462675278813 ],,,,,,,,,,,,,,,,,,,,,,,,,,,, [ 1287495163 ],,,,,,,,,,,,,,,, 
  [ 2551188511 ],,,,,,,,,,,,,,, [ 50623758571 ],,,,,,,,,,,,,,, [ 1767377401 ],, 
  [ 3500774341 ], [ 37059765781 ],, [ 1478383651 ],, [ 3982272031 ], [ 3339631297 ],,,,,,,,,,
  ,,,,,,,,,,,,,,,,, [ 1402820641 ],,,,,,,,,, [ 2786091331, 39351049181 ],,,,,,,,,,,,,,, 
  [ 7720945801 ], [ 158979330043 ],,,,, [ 1974556951 ],,,,,, [ 1609436417 ], [ 63641961241 ],
  ,,,,,,,,, [ 31361291851 ],,,,,,, [ 34554603211 ],,, [ 2110045547 ],,,,,,,, [ 994053052261 ]
   ,,,,,,,,,,,,,,,,,,, [ 1547090401, 9050759441 ],,,,,,,,,, [ 6378598351, 39538965901 ], 
  [ 375130097779 ],,,,,,,, [ 2875969669 ],,, [ 2799701339 ],,,,,,,,,,,,,,,,,,,,,,,,,,,,,,, 
  [ 3973759099 ],,, [ 17281385881 ], [ 191085910261 ],,,,,,,,,,,,,, [ 3222003331 ],,,,,,,,,,,
  ,, [ 38466484425253 ],,,,,, [ 7744126931 ],,,, [ 6290702461 ],,,, [ 18628689727 ],, 
  [ 4697479141 ],,,, [ 1072568953 ],, [ 2239384799 ],,,,,,,,,,,,,,,,,,,,,,,,,,,,,,,, 
  [ 40825257371 ],,,,,,,, [ 25492895773 ],,,,,,,,,,,,,,,,,,,,, [ 5593460833 ],,,,,,,,, 
  [ 72596728513 ],,,,,,,,,,,,,,, [ 35109137407 ],,,, [ 194386313551 ],,,,,,,,, 
  [ 31921685573 ], [ 11696414311 ],,,, [ 11157382428691 ],,,,,,,,,,,, [ 476893281349 ],,,,,,,
  ,,,,,,,,,, [ 54292433813 ],,,, [ 1880408269 ],,,, [ 1758731633 ],,,,,,,,,,,,,,,,,, 
  [ 38894438801 ],,,,,,,, [ 452012727937 ],,,,,,,,,,,,,,,,,,,,,,, [ 234775467151 ],,,,,,,,,, 
  [ 14641289521 ],,,,,,,,,,,,,,,,, [ 4078831363 ],,,, [ 24746957597881 ],,,,,,,,,,,,,, 
  [ 57998431301, 460483937521, 1399521899998301 ],,,,,,,,,,,,,,,, [ 1381977937 ],, 
  [ 158244849547 ],, [ 1428959401 ],,,,,,,,,, [ 1375344881 ],,,,,,,, 
  [ 5899718087, 2460316302599 ],,,, [ 1058880769, 38121071957 ],, [ 2955455809 ], 
  [ 345662885851 ],,,,,,,,,,,,,,,,,,,,,,,,,,,,,,,,,,,,,,,,,,, [ 22205808829 ],, 
  [ 12498274961 ],,,,,,, [ 38474988157 ],,, [ 1586941561 ],,,,,,,,,,,,,,,, [ 2654359681 ],,,
  , [ 1495931501 ], [ 7428645043 ], [ 3987075511 ],,,,, [ 4239089431 ],,,,,,, 
  [ 11382570629 ],,,,,,,,,,,,,,,,, [ 5622185521 ],,,,, [ 76729288513 ],,,,,,,,,,,,,,,,,,,,,,,
  ,,, [ 1828436011 ],,,,,,,,,, [ 2776677433 ],, [ 8865460853 ],,,,,,,,,,,, [ 1385877083 ],,,,
  ,,,, [ 1925958637 ],, [ 49763376977, 246555997717, 1153355823181 ], [ 2738754673 ],,,,, 
  [ 3405243341 ],,,,,, [ 1259978777 ],,,,,,,,,,,, [ 4479693461 ],, [ 1551206231 ],,,,, 
  [ 1347081415003 ],,,,,,,,,,,,, [ 3278686561 ],,,, [ 1347753577, 1844628553 ],, 
  [ 80703169903 ],,,,,,,,,,,,,,,, [ 5363511636061 ],,,, [ 1360603171 ],,, [ 1822576297 ],,, 
  [ 459446027522113 ],,,,,,,,,,,, [ 2363990509 ],,,,,,,,,,,,,,,,,,,,,,,,,,,, [ 1231367329 ],,
  ,,,,,,,,, [ 1190795449 ],,,,,,,,,,,,,,,,,,, [ 1274940101 ],,,,,, [ 26130043213 ],,,, 
  [ 10470756473 ],,, [ 6749865431 ], [ 3006022141 ],, [ 199988504663 ],,,,,,,,,,,, 
  [ 113695018991 ],,,,,,,,,,,,,,,,,, [ 2018663293 ],,,,,,,,,,,,,,,,,,,,,,,,,,,,,,, 
  [ 16469068177 ],,,,,,, [ 13140693615583 ],,,,,,,,,,,,,, [ 19927050001 ],, [ 2233956311 ],,,
  ,,,,,,,,,,,,, [ 1067179027 ],,,,,,,,,,,, [ 6620369060581 ],, [ 1755010711393 ],,,,,,,,,, 
  [ 7755909517 ],,,, [ 5205121507 ],,,, [ 10931759191 ],, [ 4424800021 ],,,, [ 4024011857 ],
  , [ 40090739443 ],, [ 6598505701 ],,,,,, [ 5467951963 ],,,,,, [ 2451268321 ],,,, 
  [ 3787638541 ],,,,,,,,,,,,,,,,,,,,,,, [ 95733801901 ], [ 4298577761 ],,,,,, 
  [ 427085717759 ],,,, [ 1878424449001 ],,,,,,,, [ 6530171761 ],,,,,, [ 1442186101 ],,,,,,,,,
  , [ 2681564773 ],, [ 26525862577 ],,,,,,,, [ 26509749121 ],,,,,, [ 5227715071 ],,,,,,,,,,,,
  ,, [ 4595601781 ],,,, [ 20834180641 ],,,,,,,,,, [ 11109708563 ],,,,,,,,,,, 
  [ 20856532585111 ],,,,,,, [ 1312004501 ],,,,,, [ 1521058154743 ],,,,,,,,,,,,,,,,,,,,,,,, 
  [ 48083698811 ],,,,,,,,,,,,,, [ 25507126081 ],,,,,,,,,,,, [ 16267815229 ],,,,,,,,,,,, 
  [ 5418564889, 554382977017 ],,,,,,,,,,,,,, [ 827658491117 ],,,,,,,,,, [ 37001405377 ],,,,,
  , [ 1564344253 ],,, [ 12257733973 ],,,,,,,,, [ 39150799243 ],,,,,,,,,,,,,,,,,,,, 
  [ 8047294847 ],,,,,, [ 10967639957 ],,,,,,,,,,,,,,,,,,,,,,,, [ 84968090957 ],,,, 
  [ 11500422001 ],,,,,,,,,,,,,,,,,,,,,,,,,,,,,,,,,,,, [ 151459081489 ],,,,,,,,, 
  [ 657243311341 ],,, [ 134911158169 ],,,,,,,,,,,,,,,,,,,, [ 74231705029 ],, [ 1095409771 ],,
  ,,, [ 58058976601 ],,,,,,,,,,,,,,,,,,,,,,,,,,,,,,,,,,,,,,, [ 2734085773 ],, 
  [ 417404948501 ],, [ 10021476497 ],,,, [ 3711068327 ],,,,,,,,,, [ 8554603861 ],, 
  [ 2642682821 ],,,,,,,,,,,,,,,,,,,,,, [ 536639517721 ],,,, [ 1700806801 ],,,,, 
  [ 2587564741 ],,,,, [ 103191878311 ],,,,,,,,,,,,,,,,,,,,,,,,,,,,,,,,,,,, 
  [ 841949387063, 3985903236253 ],,,, [ 5918588371 ],,,, [ 12216629339 ],,,,,,,, 
  [ 86101180579 ],,,,,,,, [ 89478735851 ],,,, [ 107678093293 ],,,,,,,,,,,,,,,,,,,,,,,,,,,,,,,
  ,,,,,,, [ 24566823857, 492468510593 ],,,,,,,,,,,,, [ 1991143621 ],,,,, [ 34596310841 ],,,,,
  ,,,,,,,,,,,,, [ 14736114521, 74316151873 ],,,,,,,,,,,,,, [ 2758000807 ],,,,,,,,,,,,,,,,,,,,
  ,,,, [ 1376199763 ],,,,,,,,,,,,,,,,,,,,,,,,,,,,,,,,,,,,,,,,,,,,,,,,,,,, [ 36460156027 ],,,,
  ,,,,,,,, [ 6753334501 ],,,,,,,,,,,,,,,, [ 913869140851 ],,,,,,,,,,,,,,,,,,,, 
  [ 3919763385521 ],,,, [ 1284007201 ],,,,,, [ 1142591617 ],,,,,,,,,,,, [ 14065798777 ],,,,,
  , [ 46360512631 ],,,,,,,,,,,,,,,, [ 63053648521 ],,,,,,,,,,,,,,,,,,,,,, [ 3521580737 ],,,,,
  ,,,,,,, [ 8832003857 ],,,,,,,,,, [ 1509509227 ],, [ 88321875617 ],,,,,,,,,,,,,,,,,,,,,, 
  [ 1357971187 ],,,,,,,,,, [ 2894964593 ],,,, [ 10143119069 ],, [ 1095824141 ],,,,,,,, 
  [ 59863032343 ],,,, [ 41790455081 ],,,,,,,,,,,,,, [ 1498550401 ],,,,,,,,,,,,,,,,,, 
  [ 4613290093 ],,,,,, [ 242545959433 ],,,,,,,,,,,,,, [ 18557990977 ],,,,,,,,,,,, 
  [ 1314098551 ],, [ 72750283189 ],,,,,,,,,,,,,,,,,,,,,,,,,, [ 49963025977 ],,,, 
  [ 57143200339 ],,,,,,,,,,,,,,,,,,,,,,,,,,,,,,,,,,,, [ 6150430859 ],,,,,,,,,,,,,,,,,,,,,,,,,
  ,,,,,,,,,,,,, [ 25129168823461 ],,,, [ 45121368641 ],,,,,,,, [ 23692844881, 1584656002753 ]
   ,,,,,,,,,,,,,,,,,,,,,,,,,,,,,,,, [ 1887509401 ],,,, [ 126854316049, 518742289537 ],,,,,,,,
  ,,,,,,,,,,,,,,,,,, [ 3162009701 ],,,,,,,,,,,,,,,,,,,, [ 6732090751 ],,,,,,,,,, 
  [ 743478973381 ],,,,,,,,,,,,,,,,,,,,,,,,,,,,,,,,,,,,,,,,,,,,,,,,,,,, [ 3698643433 ],,,,,,,,
  ,,,,,,,,,,,,,,,,,,,,,,,,,,,,,,,,,, [ 2896123117 ],,,,,,,,,,,,,,,,,,,,,,,, [ 1162188613 ],,,
  ,,, [ 1292676529 ],,,,,,,,,,,,,,,,,,,,,,,,,,,,,, [ 28535786911 ],,,,,,,,,,,,,,,,,,,,,,,,,,,
  ,,,,,,,,,,,,,,,,,,,,, [ 366167239279 ],,,,,, [ 153778621429 ],,,,,,,,,,,,,,,,,, 
  [ 16612911919 ],,,, [ 231611710201 ],,,,,,,,,, [ 1114355401 ],, [ 4608219617 ],,,,,,,,,,,,,
  , [ 185017822081 ],,,,,,,,,,,, [ 23780082913 ],, [ 1445702371 ],,,,,,,,,,,,,,,, 
  [ 1856379793, 4966754599 ],,,,,,,,,,,,,, [ 8614265921 ],,,,,,,,,,,,,,,,,,,,,,,,,,,,,,,,,,,,
  ,,,,,,,,,,,,,,,,,,,,,,,,,,,, [ 2141238529 ],,,,,,,,,,,, [ 37818414961 ],,,,,,,,,,,, 
  [ 1784865169 ],,,,,,,, [ 6321232513 ],,,,,,,,,,,,,,,,,,,,,,,,,,,, [ 13967249437 ],,,,,,,,,,
  ,,,,,,,,,,,,,,,, [ 2233536821 ],,,,,,,,,,,,,,,, [ 4620929377 ],,,,,,,,,,,,,,,,,,,,,,,, 
  [ 71486277451 ],,,,,,,,,,,,,,,,,,,, [ 1689599321 ],,,,,,,,,,,,,,,,,,,,,,,,,,,,,,,,,,,,,,,,,
  ,,,,,,,,,,,,,,,,, [ 1635034573 ],,,,,,,,,,,,,,,,,,,,,,,,,,,,,,,,,,,,,,,,,, [ 1387322611 ],,
  ,,,,,,,,,,,,,,,,,,,,,,,,,,,,,,,,,,,,,,,,,,,,,,,,,,,,,,,,,, [ 3534260701 ],,,,,, 
  [ 1216110673 ],,,,,,,,,,,,,,,,,,,,,,,,,,,,,, [ 19786774699, 77000603929 ],,,,,,,,,,,,,,,,,,
  ,,,,,, [ 5063896519111 ],,,,,,,,,,,, [ 6781341529 ],,,,,, [ 5620357490689 ],,,,,,,,,,,,,,,,
  ,,,,,,,,,,,,,,,,,,,,,,,,,, [ 201116215351 ],,,,,,,,,,,,,,,,,,,,,,,,,,,,,,,,,,,, 
  [ 1360280197 ],,,,,,,,,,,, [ 2112836239 ],,,,,,,,,,,,,,,,,,,,,,,,,,,,,,,,,,,,,,,,,,,,,,,, 
  [ 19231764931 ],,,,,,,,,,,,,,,,,,,,,,,,,,,,,,,,,,,,,,,,,,,,,,,,,,,,,,,,,,,,,,,,,,,,,,,, 
  [ 1425969007 ],,,,,,,,,,,,,,,,,,,,,,,,,,,,,,,,,,,, [ 4720150951, 236519207641 ],,,,,,,,,,,,
  ,,,,,,,,,,,,,,,,,,,,,,,,,,,,,,,,,,,,,,,,,,,,,,,,,,,,,,,,,,,,,,,,,,,,,,,,,, [ 7648004261 ],,
  ,,,,,,,,,,,,,,,,,,,,,,,,,,,, [ 1072118461 ],,,,,,,,,,,,,,,, [ 1408046401 ],,,,,,,,,,,,,,,,,
  ,,,,,,,,,,,,,,,,,,, [ 4609045963 ],,,,,,,,,,,, [ 1283559253 ],,,,,,,,,,,, 
  [ 8732330071, 6662813888161 ],,,,,,,,,,,,,,,,,,,,,,,,,,,,,,,,,,,,,,,,,,,,,,,,,,,,,,,,,,,, 
  [ 778511901697 ],,,,,,,,,,,, [ 480130709101237 ],,,,,,,,,,,, [ 1316019421 ],,,,,, 
  [ 3183991297 ],,,,,,,,,,,,,,,,,, [ 231230205343 ],,,,,,,,,,,,,,,,,,,,,,,,,,,,,,,,,,,,,,,,,,
  ,,,,,,,,,,,,,,,,,,,,,,,, [ 3782521621, 103753717021 ],,,,,,,,,,,,,,,,,,,,,,,,,,,,,,,,,,,,,,
  ,,,,,,,,,,,,,,,,,,,,,,,,,,,,,,,,,,,,,,,,,,,,,,,,,,,, [ 1379288431 ],,,,,,,,,,,,,,,,,,,,,,,
  , [ 1503190543, 95818119769 ],,,,,,,,,,,,,,,,,,,,,,,,,,,,,,,,,,,,,,,,,,,,,,,,,,,,,,,,,,,,,,
  ,,,,,,,,,,,,,,,, [ 88888111357 ],,,,,,,,,,,,,,,,,,,,,,,,,,,,,,,,,,,,,,,,,,,,,,,, 
  [ 109313076601 ],,,,,,,,,,,,,,,,,,,,,,,,,,,,,,,,,,,,,,,,,,,,,,,,,,,,,,,,,,,,,,,,,,,,,,,,,,,
  ,,, [ 2956072809301 ],,,,,, [ 9488517193 ],,,,,,,,,,,,,,,,,,,,,,,,,,,,,,,,,,,,,,,,,,,,,,,,,
  ,,,,,,,,,,,,,,,,,,,,,,,,,,,,,,,,,,,,,,,,,,,,,,,,,,,,,,,,,,,,,,,,, [ 50253314929 ],,,,,,,,,,
  ,, [ 2997190351 ],,,,,,,,,,,,,,,,,,,,,,,,,,,,,,,,,,,,,,,,,,,,,,,,,,,,,,,,,,,,,,,,,,,,,,,,,,
  ,,,,,,,,,,,,,,,,,,,,,,,,,,,,,,,,,,,,,,,,,,,,,,,,,,,,,,,,,,,,,,,,,,,,,,,,,,,,,,,,,,,,,,,,,,,
  ,,,,,,,,,,,,,,,,,,,,,,,,,,,,,,,,,,,,,,,,,,,,,,,,,,,,,,,,,,,,,,,,,,,,,,,,,,,,,,,,,,,,,,,,,,,
  ,,,,,,,,,,,,,,,,,,,,,,,,,,,,,,,,,,,,,, [ 1825341841 ],,,,,,,,,,,,,,,,,,,,,,,,,,,,,,,,,,,, 
  [ 110371788001 ],,,,,, [ 90015813889 ],,,,,,,,,,,,,,,,,,,,,,,, [ 26155028521 ],,,,,,,,,,,,,
  ,,,,,,,,,,,,,,,,, [ 1988528401 ],,,,,,,,,,,,,,,,,,,,,,,,,,,,,,,,,,,,,,,,,,,,,,,,,,,,,,,,,,,
  ,,,,,,,,,,,,,,,,,,,,,,,,,,,,,,,,,,,,,,,,,,,,,,,,,,,,,,,,,,,,,,,,,,,,,,,,,,,,,,,,,,,,,,,,,,,
  ,,,,,,,,,,,,,,,,,,,,,,,,,,,,,,,,,,,,,,,,,,,,,,,,,,,,,,,,,,,,,,,,,,,,,,,,,,,,,,,,,,,,,,,,,,,
  ,,,,,,,,,,,,,,,,,,,,,,,,,,,,,,,,,,,,,,,,,,,,,,,,,,,,,,,,,,,,,,,,,,,,,,,,,,,,,,,,,,,,,,,,,,,
  ,,,,,,,,,,,,,,,,,,,,,,,,,,,,,,,,,,,,,,,,,,,,,,,,,,,,,,,,,,,,,,,,,,,,,,,,,,,,,,,,,,,,,,,,,,,
  ,,,,,,,,,,,,,,,,,,,,,,,,,,,,,,,,,,,,,,,,,,,,,,,,,,,,,,,,,,,,,,,,,,,,, [ 508665987649 ],,,,,
  ,,,,,,,,,,,,, [ 1053519211 ],,,,,,,,,,,,,,,,,,,,,,,,,,,,,,,,,,,,,,,,,,,,,,,,,,,,,,,,,,,,,,,
  ,,,,,,,,,,,,,,,,,,,,,,,,,,,,,,,,,,,,,,,,,,,,,,,,,,,,,,,,,,,,,,,,,,,,,,,,,,,,,,,,,,,,,,,,,,,
  ,,,,,,,,,,,,,,,,,,,,,,,,,,,,,,,,,,,,,,,,,,,,,,,,,,,,,,,,,,,,,,,,,,,,,,,,,,,,,,,,,,,,,,,,,,,
  ,,,,,,,,,,,,,,,,,,,,,,,,,,,,,,,,,,,,,,,,,,,,,,,,,,,,,,,,,,,,,,,,,,,,,,,,,,,,,,,,,,,,,,,,,,,
  ,,,,,,,,,,,,,,,,,,,,,,,,,,,,,,,,,,,,,,,,,,,,,,,,,,,,,,,,,,,,,,,,,,,,,,,,,,,,,,,,,,,,,,,,,,,
  ,,,,,,,,,,,,,,,,,,,,,,,,,,,,,,,,,,,,,,,,,,,,,,,,,,,,,,,,,,,,,,,,,,,,,,,,,,,,,,,,,,,,,,,,,,,
  ,,,,,,,,,,,,,,,,,,,,,,,,,,,,,,,,,,,,,,,,,,,,,,,,,,,,,,,,,,,,,,,,,,,,,,,,,,,,,,,,,,,,,,,,,,,
  ,,,,,,,,,,,,,,,,,,,,,,,,,,,,,,,,,,,,,,,,,,,,,,,,,,,,,,,,,,,,,,,,,,,,,,,,,,,,,,,,,,,,,,,,,,,
  ,,,,,,,,,,,,,,,,,,,,,,,,,,,,,,,,,,,,,,,,,,,,,,,,,,,,,,,,,,,,,,,,,,,,,,,,,,,,,,,,,,,,,,,,,,,
  ,,,,,,,,,,,,,,,,,,,,,,,,,,,,,,,,,,,,,,,,,,,,,,,,,,,,,,,,,,,,,,,,,,,,,,,,,,,,,,,,,,,,,,,,,,,
  ,,,,,,,,,,,,,,,,,,,,,,,,,,,,,,,,,,,,,,,,,,,,,,,,,,,,,,,,,,,,,,,,,,,,,,,,,,,,,,,,,,,,,,,,,,,
  ,,,,,,,,,,,,,,,,,,,,,,,,,,,,,,,,,,,,,,,,,,,,,,,,,,,,,,,,,,,,,,,,,,,,,,,,,,,,,,,,,,,,,,,,,,,
  ,,,,,,,,,,,,,,,,,,,,,,,,,,,,,,,,,,,,,,,,,,,,,,,,,,,,,,,,,,,,,,,,,,,,,,,,,,,,,,,,,,,,,,,,,,,
  ,,,,,,,,,,,,,,,,,,,,,,,,,,,,,,,,,,,,,,,,,,,,,,,,,,,,,,,,,,,,,,,,,,,,,,,,,,,,,,,,,,,,,,,,,,,
  ,,,,,,,,,,,,,,,,,,,,,,,,,,,,,,,,,,,,,,,,,,,,,,,,,,,,,,,,,,,,,,,,,,,,,,,,,,,,,,,,,,,,,,,,,,,
  ,,,,,,,,,,,,,,,,,,,,,,,,,,,,,,,,,,,,,,,,,,,,,,,,,,,,,,,,,,,,,,,,,,,,,,,,,,,,,,,,,,,,,,,,,,,
  ,,,,,,,,,,,,,,,,,,,,,,,,,,,,,,,,,,,,,,,,,,,,,,,,,,,,,,,,,,,,,,,,,,,,,,,,,,,,,,,,,,,,,,,,,,,
  ,,,,,,,,,,,,,,,,,,,,,,,,,,,,,,,,,,,,,,,,,,,,,,,,,,,,,,,,,,,,,,,,,,,,,,,,,,,,,,,,,,,,,,,,,,,
  ,,,,,,,,,, [ 1335019141 ] ]);
