BRENTFACTORS[8778]:=MakeImmutable([ ,,,,,,,,,,,,, [ 3500304557 ], [ 5824256401 ], 
  [ 3321991457 ], [ 1497773441 ],, [ 12780537569 ],,,,,, [ 15444352801, 37979988963505051 ], 
  [ 29425805127343 ], [ 718479146356724203939 ],, 
  [ 4441892154046056977570101050643464064739473249 ], [ 2643565831 ], 
  [ 108616589017, 6454355074138234242782026563858111228743285593 ], [ 92541006554881 ], 
  [ 441784022169509779 ], [ 2529770958411220843468289383 ], 
  [ 1700844607211, 4238926230239609938319291, 8606834219116892826476105621 ], 
  [ 34715789677, 66087722587609 ], [ 513112754258003249703496822901 ], 
  [ 49109914356720026211379 ], 
  [ 4674219452137, 23202554143393, 120640384406173626755480596501 ], [ 18286249362401 ], 
  [ 466250923806089 ],, [ 28927058181040603 ], [ 1359568277 ], [ 14421194461, 26724180961 ], 
  [ 59994453121909073 ],, [ 1289482845601 ],, [ 66468294768353177746951 ], 
  [ 2876927349691, 39665006342316919180245133 ], [ 8411925087871641103613 ],,,, 
  [ 374836159284210737 ],, [ 104200041529038037796332009603 ],, [ 23937360815690941 ], 
  [ 2456324333 ],, [ 434086107734430406207 ], [ 5679249701420694636673 ], [ 252075775771 ], 
  [ 222813296599785211, 2428967831367068398243 ],, 
  [ 3963056003189, 541888400813857, 86261624115638303926549 ], 
  [ 363593947443765678332132431 ], [ 3229572011, 3020637178092689197058104925761 ], 
  [ 2680349529079 ], [ 56140356087701555833, 6544036999565813733481 ], 
  [ 1546375426254680984021 ], [ 153015964349 ], 
  [ 1862440711501, 119673594325748401, 19054138500007791106183623840013693860451 ], 
  [ 1435129135729991105737 ], [ 72466658393669 ], [ 1834568581 ],, 
  [ 71919214071116831776890072932388019168154254835433841 ], [ 187453951316821679671 ], 
  [ 71805787553, 358889856836230105815683 ],,, [ 2086210662374101 ], 
  [ 16682601469, 91826951071 ],, 
  [ 2518789032762503953, 189205495920916216112892841, 
      4575368196735658689679647285838851892897 ], [ 136819593502895659 ], 
  [ 1146725922875223033631, 562974877924494842846701 ], [ 38578648837 ], 
  [ 1299669097, 477430138995987361 ],, [ 1634685758633 ],, 
  [ 12756468678348961, 84040038651791881577748289 ],, 
  [ 62884365251350987, 7747096256411706968198279, 65441590995846848608005290699, 
      119894225201486467726856939886485644703 ], [ 2497032570583 ], 
  [ 4652305929938002829501 ],, 
  [ 4390425507188847682771, 90939252117589230063769, 431762425769906910023244187 ], 
  [ 2379093383, 187894038911 ], 
  [ 11436187361, 10439781137969, 121315855412292857369, 3549418226522387308230961, 
      3377116398789345229016107770377 ], [ 2831030581, 65184234826831, 25938624019195898221 ]
    , [ 21169651901929, 568340876362374827 ],, [ 495757397896769714941 ],,, 
  [ 3410304727, 33249846479281 ],, [ 11427521857, 2501410188551 ], 
  [ 35793572257, 105857971231, 299921693573917, 1980315064544545451400051136711807 ],, 
  [ 6021048553913, 522469695491187842329 ], 
  [ 5257923373, 1805139266974291, 2813901524858151001 ],, [ 225125548249930443179 ], 
  [ 11161208539081, 104266369700881, 1986800212009821121 ], [ 98451494321389852154471389 ], 
  [ 2418407300399, 2347080869751184747031, 3272917982574263113733 ], [ 433149960838873 ], 
  [ 1769258915839346372737 ],,, [ 285297001744734651673901 ],, [ 115043429156833399687 ], 
  [ 49127059011031 ], [ 7324599071 ],, [ 556108858397, 3545841916289 ],, [ 3340620631 ], 
  [ 1464905641, 290879527422558722441 ], [ 2473210037 ], 
  [ 180728695574573467, 4715767629807398959, 4383008823685474104253 ], [ 324313590551549 ], 
  [ 10084756122160794901 ], [ 6423195245329, 29431235322211081229023 ], 
  [ 3064307455637011093, 40962924732864360563 ],,, 
  [ 188580618536081, 914532930127934194681, 4517289979504806645611 ],, [ 699060402128575873 ]
   ,, [ 562227650167, 83715092245729557462797, 3433263760220049613360090403 ], 
  [ 217554457156051, 84022706619068851, 5122235211768422056801, 
      11430244171267545275124509120656174482172801 ], [ 376684767913 ], 
  [ 1133817650652499961 ],,,, [ 2341995623044897, 2176411736909558496349 ], 
  [ 6294915344751277 ],,, [ 22155838241 ],, [ 3762439118461, 1398268967907187 ], 
  [ 132459315955861, 229650347102184013 ], [ 8193851119764941 ],, [ 41488844842319657869 ],, 
  [ 2253126783347064409, 1083530796460487932537 ],, [ 181974106143139691 ], 
  [ 1384793809780321, 14409236704548807271, 344548054873888892281 ],,, 
  [ 631297260394147, 25649444118874363306956578188393 ], [ 313923568426651 ],, 
  [ 21890272625281 ],, [ 152052129961, 228054527203 ], 
  [ 45100936585263421, 5768278746184482301 ],,, [ 3963009937, 4240604031636511762393 ], 
  [ 2264489473, 8423391017 ],,,,, [ 99018109614429493993 ],, 
  [ 390109334658296699, 503357726828335723 ], [ 31136229121, 62923410049, 8363534521633153 ],
  , [ 5778318131, 40773570731, 69406230586179449 ], 
  [ 6782500531, 52447749342691, 26674445181676111 ],, [ 738552867223 ], [ 202454252947 ], 
  [ 1369264873, 3440992979 ],, [ 1645967752024681 ],,,,,, [ 173597806027479943 ], 
  [ 43192288673 ],,,,, [ 36559306369 ],,, [ 34223480857 ], [ 8312082812058677 ], 
  [ 13066901079781 ],, [ 11556540161, 10275145892881, 43690165558381 ],,,, 
  [ 79910649959427401857, 3602414423522037117121 ],, [ 129319756513, 505602001549 ],,,, 
  [ 6601165399211 ], [ 10801476379, 19805431339 ], [ 14063519377 ],, 
  [ 987926295907353956869 ], [ 32267055701 ], [ 116706400170939613, 951832517175190150837 ], 
  [ 191591420941 ],, [ 152539009627, 38834044695916861 ],, [ 49166005121, 25308828971369 ],, 
  [ 166756490329879, 6927254512015609 ], [ 2067873633361, 26049167121706961 ], 
  [ 295104958331 ], [ 1052733498391, 154673649062557 ],,, [ 22588919449, 79680713771947 ], 
  [ 7022706751 ], [ 6432079817 ], [ 18333262333, 38300505017873617 ], [ 94432883999483437 ], 
  [ 2238783568130539, 87947639409184733 ],,,, [ 19379722677147180223573 ], [ 3839638741 ], 
  [ 9742131323861 ],,, [ 20081527009, 641441376223 ],, [ 28099165291 ], [ 15281355797 ], 
  [ 931325790793 ], [ 587830191334618314537313 ],,, [ 31471469023 ],, [ 103144408692781 ], 
  [ 1475890468537 ], [ 656868348401 ],, [ 928382712781 ], [ 37051477406106347327475047 ], 
  [ 12113436815554573, 13262168090998815229 ], [ 4815558245681, 229531540929130067041 ],, 
  [ 264127947807391, 385698025976623, 10158527979182023309478887 ],,, [ 57987534892351 ], 
  [ 274982452071069230489 ], [ 47718130769723 ], [ 14680980748068368964315074408449 ],, 
  [ 126028848789161, 39697484622101921 ], [ 117448246603, 5272132057913890177 ],, 
  [ 560377418155956967009 ],, [ 1031874601 ], [ 10620033096410573555849 ], 
  [ 13830470721937, 180388095146724763 ], [ 13843267267, 314051768063845646521 ], 
  [ 17135003497, 58292171629849 ], [ 25742365757889617618401 ],, 
  [ 31015839713, 102980851438142383 ],,, [ 2038307681 ],,, 
  [ 226616781521008520797, 280197371358880782900941 ],, [ 37507562471 ],, 
  [ 131546580049, 606962056711609 ],, [ 336769069127, 1285911757299097 ], 
  [ 50123815492174201 ], [ 2015913013909 ],,,,, [ 2127894877, 6145898743 ],,, 
  [ 227802717967014433 ],, [ 8985113549 ],,, [ 93987957379, 115229400203 ], 
  [ 4256516881, 9598444508180551, 40736314257547261 ],,, [ 56854650746359 ],,, 
  [ 10950845133841201 ],, [ 100422192789881 ], [ 6944162107 ], [ 247347635569961 ],, 
  [ 1799994877273, 182054133543511 ],,,,, [ 712726899835739 ], [ 8193964987782105509229313 ],
  [ 11332886447 ], [ 5217060065136484951 ],,,,,, [ 405133579589, 32119988951497 ],, 
  [ 3277235769384529 ], [ 16762275067, 46281010379269 ], [ 470266949521 ],,,,,, 
  [ 3505308459223 ],,,, [ 12185485639288757891 ],,, [ 4347233125009 ], 
  [ 39253607207, 768572188983853 ],,, [ 1641406789571641 ], 
  [ 152910676423, 3500049781133367382609417 ],, [ 841857001860295381 ],,,, [ 14843369857 ], 
  [ 162272997910871 ], [ 152306775242743249, 130845167556040942789 ],,,,,,,, 
  [ 8480160426323 ],,, [ 41051263343 ], [ 21194556885419 ],,, [ 153025994159 ], 
  [ 57527780994043 ], [ 3136281619979 ],, [ 72979240681 ],,, [ 1075918227381359041 ], 
  [ 2042105099 ], [ 6854090329991851, 24071810485261051741 ],,, [ 5950964083, 11943745241 ],,
  , [ 97426056001, 12589322222881 ],, [ 11344714071753239 ],, [ 60296385506083160281 ], 
  [ 2610987271 ], [ 148347732151243 ], [ 67486643317 ],,, [ 248133411949 ],, 
  [ 24395114527921, 58851771818929513 ],,, [ 172922036362934149 ], [ 303394903400593 ],, 
  [ 60927099983, 93778723914247, 602310655775809 ], [ 2886551251, 6372728251 ], 
  [ 1867107217 ],,,, [ 6079700441, 208987464841 ],, [ 17805038707 ], [ 23153495119 ], 
  [ 34739038104973 ],,,,,,, [ 308713195732129 ], [ 46663654941349 ], [ 1200415667131 ], 
  [ 23782921869102413 ],,,,, [ 1799596238149 ],, [ 5480626384969 ],,, [ 1047458687001697 ],,
  , [ 3389246897, 41976684479 ],, [ 8485526833813 ], [ 1738105591 ], [ 2299137517 ],,, 
  [ 21428852701 ],,,,,,,, [ 1015785599, 8975664221 ], [ 1315174432498659853 ],,, 
  [ 5258921923 ],, [ 5013990265409, 8060980985786713 ],, 
  [ 9835657301, 151165676348471, 42959748658596841, 364994616608875751, 4674998404281366281 ]
   ,,,, [ 67633046989, 1126799851841 ],, [ 3992652689, 7516376561 ], [ 790163656229417 ], 
  [ 16150441789 ],, [ 1949415001, 54027266469732001 ], [ 5926703749 ], 
  [ 2272894357, 3467380199580851 ],,,, [ 4853088067415930299 ],, [ 412056623591989 ],, 
  [ 1210909462801 ],, [ 9554636801 ],, [ 218204190251339 ], [ 3131076401 ], 
  [ 447409916216039377 ], [ 324743016643 ],,, [ 388161128707572133681 ],, [ 1552468717 ],,,,,
  , [ 7007997832177 ],,,,,, [ 3113545741 ],, [ 59316151633 ],, [ 375376934473 ],, 
  [ 8003024101 ],, [ 1538345058946253, 1569343413978179790373 ],,, [ 4026031631 ],,,,, 
  [ 2612024251, 35589471559951 ],, [ 3482457049 ],, 
  [ 34483519569749, 145144586196047, 1136750404996465933 ], [ 27189587641, 56760924481 ], 
  [ 973208267134304137 ],, [ 61456035871 ], [ 1693491619 ],,,,,,,,, [ 6271966193 ],,,, 
  [ 13895088889838107381, 504242086421970840373 ], [ 100198585867 ],,,,,,, 
  [ 610909490814361 ],, [ 388095866189865811 ],,,, [ 14278837950281768308157 ],,,,,, 
  [ 2497136513, 65857495887081169, 5045015449881770833 ],, [ 609048795083440938139 ],, 
  [ 5490485159513 ],,,, [ 5311722085971601 ],,,, 
  [ 2282729120797, 146606887403497, 13651454777387513 ],,,,, [ 1061445589, 102299331583 ], 
  [ 88920998081 ],,,, [ 1261146791 ],,,, [ 7859968729 ],, [ 771128703766541 ],,,,,,,,,,,, 
  [ 112873369729 ],,,, [ 2290774517737 ], [ 12147117347 ], [ 1230902971 ],, [ 194559174401 ],
  ,,,,,,, [ 23419688447017 ],,, [ 14403887989 ],,,,,,,,,,,, [ 5211199891, 1118497007473 ], 
  [ 546731613377 ],,,, [ 241380839417 ],, [ 4393943226731, 7818498383911 ],,,, 
  [ 396031182619 ],, [ 4672034069 ],,,,,, [ 289513075056834619 ],,,, 
  [ 3738667759, 11149393434089 ],,,,,,,,,,,,,, [ 342505130801 ],, [ 17373965482130167 ],, 
  [ 8093088961 ],,,, [ 379301306773, 2160283419037 ],,,, [ 10929886369 ],, 
  [ 49979475258553 ], [ 7232715491, 14245449791 ], [ 2284085699417 ], [ 1759525171 ],,, 
  [ 3077447041 ],,,,,,,, [ 644592643969 ],,,,,,,,, [ 5858115253 ],,,, 
  [ 2069584843, 297633185539 ], [ 2177606317769 ],,,, [ 744104516081149 ],,,,,,,,,,,,,,,,,,, 
  [ 1221998761 ], [ 420649460713 ],, [ 2877096445412353 ], [ 1095731183, 103145668553 ],,,,,
  , [ 5822412251 ],,,, [ 25771133513 ], [ 82129828451581, 1256135032478041, 1949507643643561 
     ], [ 17776715881 ], [ 245934554040508420249 ],,,, [ 2886812941, 14491008915903097 ],,,,,
  , [ 22433387550881473 ],, [ 2151141631279 ],, [ 2213618689 ],,,,,,,,,, 
  [ 10613928261698269 ],,,,,, [ 25899789256657, 647322479668061 ],,,, [ 3940770817 ],,, 
  [ 141698696959 ],,,,, [ 36113697673, 2496960393761, 31603998302101993 ],, [ 20417248069 ],,
  ,,,,,, [ 295405480477 ],,,, [ 25250347841 ],,, [ 1831267409 ], [ 1303080043 ],,,,,, 
  [ 12359253169, 336266901137 ], [ 4769614081 ], [ 224660664401 ],, [ 278001942721 ],,,, 
  [ 1068786193 ],, [ 640041793548245947 ], [ 36619348673 ],,,,, [ 14543714593 ],,,,,, 
  [ 12213855996061, 1635979564573531 ],, [ 36429564089137 ],,,,,,, [ 181827679213 ],,, 
  [ 44870833674593011 ], [ 185768524541 ],,, [ 432153147659 ], [ 10301861039 ], 
  [ 64160767897 ],,,,,,,,,, [ 176113339891 ],,,,,,,,,, [ 97125481213 ],, 
  [ 5636547281, 9026218111 ],,,, [ 3748724387 ],,, [ 4991097119, 7725299513 ], 
  [ 3421533804427 ],, [ 1723915321, 26503831731841 ],,,, [ 40658461537 ],,,,,,,, 
  [ 1209340247215669 ],,, [ 2052061331 ], [ 2163214873 ],, [ 3680755005843287 ],, 
  [ 112218697421 ],, [ 21171245587 ],, [ 19999641944609 ], [ 4880700091 ], [ 1465875247 ], 
  [ 12675286279 ], [ 2824691137, 152425473073, 1763182743733 ],,,,,, [ 55072690399 ],, 
  [ 9967300933 ],,,, [ 401572416001 ], [ 1270716847 ],, [ 6863591827 ], [ 488810780501 ],,,,,
  ,,,,,,, [ 2772450977 ],, [ 6171656950212613, 18976752062821351 ],,,,,, [ 14259437233 ], 
  [ 421362675511 ],, [ 42080636289847 ],,, [ 1541048367871 ],, [ 931115157793 ],, 
  [ 3474982265917 ], [ 20218320401 ], [ 665861170753 ],,, [ 24362758196659 ],,, 
  [ 80472535616587 ],, [ 120650536429 ], [ 16884590941 ],, [ 16696217093 ],, [ 2589737743 ],
  , [ 3412632523, 15605726281441 ],,,,,,,,, [ 268775883289621 ],,,,,,, [ 9422201231 ], 
  [ 7949179621 ], [ 98792458381, 2904804035491 ],,,,,, [ 11959990111 ],,,,,,,,,,,,,,, 
  [ 2275361551, 558080383351 ],,,,,,,,,,, [ 9850749821741 ],,,, [ 24778752211 ],, 
  [ 4545778513 ],,,,, [ 2939804561 ],,,,,,,,,, [ 10683497651003 ], [ 564683462599 ],,,,,,,,,,
  ,,,,,,, [ 2629974601 ],,,,,,,, [ 3150796333 ], [ 77078838091 ],, [ 1379375383 ],,,,,,,, 
  [ 6609787531, 11260371673 ],,,,,,, [ 912524003207 ],,,,,, [ 32876968057 ],,,, 
  [ 5292252529 ], [ 2476213177 ],,,,,,,,,,,,,,,,,, [ 15409668121 ],,,,,,,, [ 31488492491 ],,,
  ,, [ 1635025969 ],, [ 72718593481 ],,,, [ 51185540633 ],,, [ 17542793122559 ], 
  [ 1154448247 ],,,,,,,,, [ 20284569407 ],,,, [ 1236896377 ],, [ 3652708313 ],,,,, 
  [ 150378523513 ],,, [ 16504103569 ],, [ 3562447415167 ], [ 1300238129, 11152624309 ],, 
  [ 1224615817 ],,,,, [ 13200810673 ],,,,,,,, [ 2877166693 ],,,,, [ 2525029389793 ],, 
  [ 1734820651 ],,,,,,,,,,,,,,,,,,,,,,,,,,,,,,,,,, [ 3679878599199181 ],,,,,,,,,, 
  [ 4884549541 ],,,,, [ 130270141501 ],,,,,,, [ 1429501793 ], [ 3860411003 ], [ 1033988509 ],
  ,,, [ 1314552121 ],,, [ 2712463297 ],,,, [ 3934365401 ],,,,,,,,,,,,, [ 28074035641 ], 
  [ 5134701727 ],,,, [ 44505794633 ],, [ 44896246081 ],,,,,,,,,,,,,,, [ 3781582351 ],,,,,,,,,
  , [ 190294240181 ], [ 5270733451 ],,,,,,,,,, [ 4975205077837 ],,,,, [ 19787642893 ],,,,,, 
  [ 7104873460357 ],,, [ 53389785541 ],, [ 1372522681, 1444528039, 9592454987 ],,, 
  [ 1156211501 ],,,,,,,, [ 76785529211 ],,,,,, [ 4126789057 ], 
  [ 37156045951, 576849356878231 ],,,,,,,,,,,,,, [ 2062481347 ], [ 22285678801 ],,,,,,,,,,,,,
  ,,,,,,,,,,,,,,, [ 1133240809 ], [ 1415267311 ],,,,,,,,,,,,,, [ 36803892001267 ], 
  [ 290264002289 ],, [ 1166858377 ],,,,,,,,,,,,,, [ 49580995561 ],,,,,,,,,,,,,,,,,,,,, 
  [ 30381147814687 ],,,,,,,, [ 64028232893 ],,,,,,,,, [ 9569403761, 40090535087 ],, 
  [ 19148347534501 ],,,,,,,,,,,,,,,,,,,,,,,,,,,,,,,,,,,,,,, [ 12700936081 ],,,,,,,,,,,,,,,,,,
  ,, [ 109063309099 ],,, [ 69362715577 ],,,,,,, [ 3234747679 ],,, 
  [ 1739660089, 111746457877 ],,,,,,,, [ 2054262281 ],,,,,,,,,,,,,, [ 3823021741663 ],, 
  [ 139826259049 ],,,,,,,,,,,,,,,,, [ 3387535499 ],,, [ 11870376517169 ],, [ 27485702191 ],,,
  ,,,,,,,,, [ 1399196891 ],,,,, [ 15504740971 ], [ 1937172877 ],,,, [ 5574168121 ],,,,,,,,,,,
  , [ 163440517577 ],,, [ 2280268931 ],,,,,, [ 1937044913, 6863942977 ],,,,,,,,,,,,, 
  [ 2911383973 ],, [ 122325784621 ],,,,, [ 2182728071 ],,,,,,, [ 1375849574257 ],,,,,,,,,,,,,
  ,,,,,,,, [ 1584984707 ],,,,,,,,,, [ 5033030907943 ],,,,,, [ 30958012651 ],,, 
  [ 1141788097 ],,,,,,,,,,,, [ 6677357881 ],, [ 42427995221 ], [ 4668036367 ], 
  [ 1425908353 ],,,,,, [ 869256403751 ],,,,, [ 3490038631 ],,, [ 42500325073 ],,, 
  [ 4484400589 ],,,, [ 1555360361 ],,,,,,,,,,, [ 8815852657 ],, [ 27416082583 ],, 
  [ 66649011701 ],,,,,,,,,, [ 28586957742661 ],,,, [ 17141508541 ],, [ 8512414993 ],, 
  [ 1275796073 ],,,, [ 1736531202829 ],,,, [ 3482233483 ],,,,,,,,, [ 32768979211 ],, 
  [ 4170269381 ],,,,,,,,,,,,,,,, [ 1029860053 ],, [ 219202978441 ],,,,,,,,, [ 12794551589 ],,
  ,,,,,, [ 6362181157 ],,,,,,,,,,,,,,,,,, [ 2834476811 ],,,,,, [ 16500699433 ],, 
  [ 5452735441 ],,, [ 5514538987 ],,,,,, [ 3234582181 ], [ 3789046081 ],, [ 18145525231 ],,,,
  ,,,,, [ 111008540287 ],,,, [ 67890080677 ],,,,,,, [ 1604845031 ],,,,,,, [ 4733276203 ], 
  [ 12149406053 ],, [ 244240089601 ],,,,,,,,,,,,,, [ 548130750451 ], [ 46333236520453951 ],,
  , [ 13782875767 ], [ 7758447019 ],,,,,,,,,,,,,,,,, [ 740282165941 ],,,, [ 1536398921 ],, 
  [ 119041326559 ],,,,,,,,,,,,,, [ 8104564001 ],,,,,,,,,,,, [ 12276486461 ],,,,,, 
  [ 1361955839, 2919808219 ],, [ 2170194913 ],,,,,,,,,,,,,, [ 14828980021 ],, 
  [ 84896712221 ],, [ 13885672037, 39010797341 ],,,,, [ 4344924343 ],,,, [ 3121731761 ],,,,,,
  ,, [ 2772339373 ],,,,, [ 206003660881 ],,,,,, [ 1379072869 ],,,,,,,, [ 2099224601 ],,,, 
  [ 16942036957 ],,,,,,,,,,, [ 121774268351 ],,, [ 6483275129, 16016147137 ],,,,,,,,,, 
  [ 5410694323, 1737663967229 ],,,,,,,,,,,,,,, [ 6388936919 ],,,,, [ 25746092565317 ],, 
  [ 1123529401 ],,,,,,,,,,,,,,,,,,,,,,,,,,,,,,,,,,,,,, [ 1268949473707 ], [ 2914263439 ],,,,,
  ,,,, [ 72176137993 ],,,,,,, [ 2329365361 ],,,,,,,, [ 3815746275433 ], [ 1695822929 ],,,,,,,
  ,,,,, [ 1154215681 ],,,,,, [ 21538879849 ],,,, [ 170384359841 ],, [ 14252938321 ],, 
  [ 1237750771 ],,,,,,,,,,,,,,,,,,,,,,,,,, [ 6417923801 ],,,, [ 8341811824681 ],,, 
  [ 137367239491 ],,,,,,,,,,, [ 30576820553 ], [ 1424177761 ],,,,,, [ 6308957323 ], 
  [ 12268936957 ],,,,,,,,,,, [ 2828947909 ],,,,,,,,,,,,,,,,, [ 696866351141 ],,,,,,,,,,,,,,,,
  ,, [ 3247151866817 ],, [ 14246183891 ],,,,,,,,,,,,,,,,,,,,,,,,,,,,,, [ 87052506241 ],,,,,,,
  ,,,,,,,,,,,,,,,,,,, [ 3492227449 ],,, [ 7176176209 ], [ 32079278951 ],,,,,,,,,,,,,, 
  [ 20648381641 ],,,,,,,,, [ 7352294377 ],,,,,, [ 3216964687 ],,,,,,,,,,,,, [ 53285581753 ],,
  ,,,,,, [ 6599858401, 233160624001 ],,,,,,,, [ 84866191481 ],,,,,,,,,,,,,,,,,,,,,,,,,,,,,, 
  [ 4572800569 ],,,, [ 2714261023 ],,,,,, [ 7801511617 ],,, [ 11070078757 ],,, 
  [ 6440608891 ],,,,,,,,,,,,,,,,,,,, [ 16353605113 ],,,,,,,, [ 19273943699 ],,,,,,,,,,,,,, 
  [ 15807607297 ],,,,,,,,,,,,,,,,,,,,,,,,,,,, [ 53534464033 ],,,,,,,,,,, [ 1475709691 ],,,,,
  , [ 180740887867 ],,,,,,,,,,,,,,,,,,,,, [ 6571517191 ],,,,,,,,,,,,,,,,,, [ 98143808881 ],,,
  ,,,,,,,,,,,,,,,,,,,,,,,,,,,,,,,,,,,,,,,,,,,,,,, [ 15411363421 ],,,, [ 4237553760829 ],,,,,,
  ,,,, [ 1315641181 ],,,,,,,,,,,,,, [ 3837713431 ],, [ 4978781730301 ],,,,,,,,,,,,,,,,,, 
  [ 1768146823 ],,,,,,,, [ 3072249487, 88480184071 ],,,, [ 17634827621 ],,,,,, 
  [ 9187458457 ],,,,,,,,,,,,,,,,,, [ 9551719451 ],,,,,,,,,,,,,, [ 437496695593 ],, 
  [ 21019028941 ],,,,,,,,,,,,,,, [ 521531570071 ], [ 20357119513 ],,,,,, [ 2720734529 ],,,,,,
  ,,,,,,,,,,,,,,,,,,,, [ 4815210187, 9692622571 ],,,,,,,,,,,,,, [ 17712568057 ],,,,,,,,,,,,,,
  ,,,,,,,,,,,, [ 1102292162971 ],, [ 2821320211201 ],,,,,,,,,, [ 43949809441, 54172111871 ],,
  ,,,,,,,, [ 1033967321 ],,,, [ 30631043197 ],, [ 12008420939 ],,,,,,,,,,,,,,,,,,, 
  [ 31172930683471 ],,, [ 1010886829 ],,,,,,,,,,,,,,,,,,,,,,,,,,,,,, [ 98257165273 ],,,,,,,,
  , [ 69435284373181 ],,,,,,,,,,,,,,,,,, [ 220243233601 ],,,,,,,,,,,,,,,,,,,,, 
  [ 1225907197 ],, [ 35523506129 ],,,,,,, [ 1641407941 ],,,,, [ 1427690881 ],,,,,,,,,,,,,,,,,
  , [ 7478240437 ],, [ 2896938461 ],, [ 1850551669 ],,, [ 10181452921 ], [ 5680082669 ],,,,,,
  ,,,,,,,,,,,,,,,, [ 7497458159297 ],,,, [ 10590441997 ],,,, [ 1828269320489 ],,,,,,,,,,,,,, 
  [ 1171376947561 ],,,,,,,,,,,,,,,, [ 8365823771 ],,,,,,,,,,,,,,,,,,,,,,,,,,,,,,,,,,,,,, 
  [ 142291343713 ],, [ 26364197933 ],,,,,,,,,,,, [ 637272698999 ],,,,,,, [ 2669778361 ],,,,,,
  ,,, [ 1938882277 ],,,,,,,,,,,,,,,,,,,,,, [ 5437780097 ],, [ 31883981629 ],,,, 
  [ 1990271623 ],,,,,, [ 181516828001 ],,,,,,,, [ 9739520149 ],,,,,,,,,,,,,,,,,,,,,,,,,,,,,, 
  [ 1579873681 ],,,,,, [ 1759187809 ],,,,,,,, [ 7766782291201 ],, [ 48716150177 ],, 
  [ 3931939189 ],,,,,,,,,,,,,, [ 1614472060973 ],, [ 20916855961 ],,,,, [ 3648145801 ],,,,,,,
  ,,,,,,,, [ 1526519521 ],,,, [ 16225368821 ],, [ 99861300829 ],,,,,,,,,,,,,,,,,, 
  [ 24783839233 ],,,,,,,,,,,,,,,,,,,,,, [ 145318900757 ],,,,,,,,,, 
  [ 23115968641, 4664309749217 ],, [ 638897164483 ],, [ 86962662601 ],,,,,,,,,, 
  [ 44872024931 ],,,,,,,,,,,,,,,, [ 40720897239047 ],, [ 1476304129 ],, [ 3786543001 ],,,,,, 
  [ 22177004089 ],,,,,,,,,,,,,, [ 109450620451 ],,,, [ 12047514337 ],,,,,,,,,,,,,,,,,,,, 
  [ 4268444027 ],,,,,,,,,,,,,,,,,, [ 9751708289 ],,,,,,,,,,,,,,,,,, [ 7985844901 ],,,,,,,,,,,
  , [ 5667191311 ],, [ 14863515521 ],,,,,,,,,, [ 2142414223 ],, [ 4166792533 ],,,,,,,,,, 
  [ 3163955239 ],, [ 286984163569 ],, [ 54853992223951 ],,,,,, [ 1179487873, 69717117313 ],,,
  ,,, [ 1093022641 ],,,,,,,,,,,,,, [ 1375595717, 2531111969, 17258294813 ],,,,,,,,,,,,,,,, 
  [ 43439495257 ],,,,,,,,,,,,,,,, [ 55106382701 ],,,,,,,,,,,,,,,,,,,,,,,,,,,,,,,,,,,,,,,,,, 
  [ 119868927251 ],,,,,,,,,,,,,,,,,,,,,,,,,,,,,,,,,, [ 5899274753 ],,,, [ 1463982882181 ],,,,
  ,,,, [ 24785332909 ],,,, [ 1101243601 ],,,,,,,,,,,,,, [ 1175923121231 ],,,,,,,,,,,,,,,, 
  [ 15345037291 ],,,,,,,,,,,, [ 3957506461, 10588215427 ],,,,,,,,,,,,,,,,,,,,,,,,,, 
  [ 6760857601, 117622746361 ],,,,,,,,,,,,,,,,,,,,,,,,,,,,,,,,,,,,,,,,,,,,,, [ 29139111787 ],
  ,,,,,,,,, [ 38594817269 ],,,,,,,,,,,,,,,,,,,,,,,,,,,,,,,,,,,,,,,,,, [ 36571106293 ],,,,,,,,
  ,,,,,,,,,,,,,,,,,, [ 17113629697 ],,,,,,,,,,,,,,,,,,,,,,,,,,,,,,,,,,,,,,,,,,,,,,,,,,,,,,,,,
  , [ 13277641301 ],,,,,,,,,, [ 92798688461 ],,,,,,,,,,,,,,,, [ 6525528949 ],,,, 
  [ 25674336361 ],,,,,,,,,,,,,,,,,,,,,,,,,,,,,,,,,,,,,,,,,,,,,,,,,,,,,,,,,,,,,,,,,,,,,, 
  [ 2505560051 ],,,,,,,,,,,,,,,,,,,,,,,,,,,,,,,,,,,,,,,,,,,,,,,,,,,, [ 3987644827 ],,,,,,,,,,
  ,,,,,,,,,,,,,,,,,,,,,,,,,,,,,,,,,,,,,,,,,,,,,,,,,,,,,,,,,,,,,,,,,,,,,,,,,,,,,,,,,,,, 
  [ 1936896001, 27628023809 ],,,,,,,,,,,,,,,,,,,, [ 1360617889 ],,,,,, [ 68537322523 ],,,,,,,
  , [ 54097304731 ],,,,,,,,,,,,,,,,,,,,,,,,,,,,,,,,,,,,,,,,,,,,,, [ 107260626817 ],,,,,,,,,,,
  ,,,,,,,,,,,,,,,,,,,,,,,,,,,,,,,,,,,,,,,,,,,,,,,,,,,,,,,,,,,,,,,,,,,,,,,,, [ 6731196181 ],,,
  ,,,,,,,,,,,,,,,,,,,,,,,,,,, [ 18242281201 ],,,,,,,,,,,,,,,,,,,,,,,,,,,,,,,,,,,,,,,, 
  [ 2678399441 ],,,,,,,, [ 1531053721 ],,,,,,,,,,,,,,,,,, [ 1666714501, 9756973909 ],,,,,, 
  [ 4318340743 ],,,,,,,, [ 216001299551 ],,,,,,,,,,,,,,,,,,,,,,,,,,,,,, [ 1683158401 ],,,,,,,
  ,,,,,,,,,,,,,,, [ 1607410267 ],,,,,,,,,,,,,,,,,,,,,,,,,,,,,,,,,,,,,,,,,,,,,,,, 
  [ 3019435831 ],,,,,,,,,,,,,,,,,,,,,,,,,,,,,,,,,,,,,,,,,, [ 1931275873 ],,,,,, 
  [ 19425366901 ],,,,,, [ 7860223801 ],,,,,,,,,,,,,,,,,, [ 283794860953 ],,,,,,,, 
  [ 38340979951, 354662567351 ],,,,,,,,,, [ 14570011681 ],,,,,,,,,,,, [ 35713999693 ],,,,,, 
  [ 2582889289 ],,,,,,,,,,,,,,,,,,,,,,,, [ 513973546243 ],,,,,,,,,,,,,,,,,,,,,,,,,,,,,,,,,,,,
  ,,,,,,,,,,,,,,,,,,,,,,,, [ 3168733429 ],,,,,,,,,,,,,,,,,,,,,,,,,,,,,, [ 551217971113 ],,,,,
  ,,,,,,,,,,,,,,,,,,,,,,,,, [ 5839209541849 ],,,,,, [ 1327083409 ],,,,,,,,,,,, 
  [ 7221181441 ],,,,,,,,,,,,,,,,,, [ 84670284817 ],,,,,,,,,,,, [ 4835120041 ],,,,,,,,,,,, 
  [ 1837894753 ],,,,,, [ 4328859529 ],,,,,,,,,,,,,,,,,,,,,,,,,,,,,,,,,,,,,,,,,,,,,,,,,,,,,,,,
  ,,,,,,,,,,,,,,,,,,,,,,,,,,,, [ 15015908377 ],,,,,,,,,,,,,,,,,,,,,,,,,,,,,,,,,,,,,,,,,, 
  [ 317662817473 ],,,,,,,,,,,,,,,,,,,,,,,,,, [ 3788703361 ],,,,,,,,,,,,,,,,,,,,,,,,,,,, 
  [ 7536699433 ],,,,,,,,,,,,,,,,,,,,,,,,,,,,,,,,,,,,,,,,,, [ 1908454291 ],,,,,,,,,,,,,,,,,,,,
  ,,,,,,,,,,,,,,,,,,,,,,,,,,,,,,,,,, [ 85715203513 ],,,,,,,,,,,, [ 1862089993 ],,,,,,,,,,,,,,
  ,,,,,,,,,,,,,,,,,,,,,,,,,,,,,,,,,,,,,,,,,,,,,,,,,,,,,,,,,,,,,,,,,,,,,,,,,,,, 
  [ 40775423977 ],,,,,,,,,,,,,,,,,,,,,,,,,,,,,,,,,,,,,,,,,,,,,,,,,,,,,,,,,,,,,,,,,,,,,,,,,,,,
  ,,,,,,,, [ 11879873251 ],,,,,,,,,,,,,,,,,,,,,,,,,,,,,,,,,,,,,,,,,,,,,,,,,,,,,,,,,,,,,,,,,,,
  ,,,,,,,,,,,,,,,,,,,,,,,,,,,,,,,,,,,,,,,,,,,,,,,,,,,,,,,,,,,,,,,,, [ 3321775783 ],,,,,,,,,,,
  ,,,,,,, [ 31873813201 ],,,,,, [ 2528086183219 ],,,,,,,,,,,,,,,,,,,,,,,,,,,,,,,,,,,,,,,,,,,,
  ,,,,,,,,,,,,,,,,,,,,,,,,,,,,,,,,,,,,,,,,,,,,,,,,,,,, [ 1355445211 ],,,,,,,,,,,,,,,,,, 
  [ 136123470481 ],,,,,,,,,,,,,,,,,,,,,,,,,,,,,,,,,,,,,,,,,,,,,,,,,,,,,,,,,,,,,,,,,,,,,,,,,,,
  ,,,,,,,,,,,,,,,,,,,,,,,,,,,,,,,,, [ 1183236349 ],,,,,,,,,,,,,,,,,,,,,,,,,,,,,,,,,,,,,,,,,,,
  ,,,,,,,,,,,,,,,,,,,,,,,,,,,,,,,,,,,,,,,,,,,,,,,,,,,,,,,,,,, [ 1413694141 ],,,,,,,,,,,,,,,,,
  ,,,,,,,,,,,,,,,,,,,,,,,,,,,,,,,,,,,,,,,,,,,,,,,,,,,,,,,,,,,,,,,,,,,,,,,,,,,,,,,,,,,,,,,,,,,
  ,,,,,,,,,,,,,,,,,,,,,,,,,,,,,,,,,,,,,,,,,,,,,,,,,,,,,,,,,,,,,,,,,,,,,,,,,,,,,,,,,,,,,,,,,, 
  [ 21337012009 ],,,,,,,,,,,,,,,,,,,,,,,,,,,,,,,,,,,,,,,,,,,,,,,,,,,,,,,,,,,,,,,,,,,,,,,,,,,,
  ,,,,,,,,,,,,,,,,,,,,,,,,,,,,,,,,,,,,,,,,,,,,,,,,,,,,,,,,,,,,,,,,,,,,,,,,,,,,,,,,,,,,,,,,,,,
  ,,,,,,,,,,,,,,,,,,,,,,,,,,,,,,,,,,,,,,,,,,,,,,,,,,,,,,, [ 3183301501 ],,,,,,,,,,,,,,,,,,,,,
  ,,,,,,,,,,,,,,,,,,,,,,,,,,,,,,,,,,,,,,,,,,,,,,,,,,,,,,,,,,,,,,,,,,,,,,,,,,,,,,,,,,,,,,,,,,,
  ,,,,,,,,,,,,,,,,,,,,,,,,,,,,,,,,,,,,,,,,,,,,,,,,,,,,,,,,,,,,,,,,,,,,,,,,,,,,,,,,,,,,,,,,,,,
  ,,,,,,,,,,,,,,,,,,,,,,,,,,,,,,,,,,,,, [ 1503758701 ],,,,,,,,,,,,,,,,,,,,,,,,,,,,,,,,,,,,,,,
  ,,,,,,,,,,,,,,,,,,,,,,,,,,,,,,,,,,,,,,,,,,,,,,,,,,,,,,,,,,,,,,,,,,,,,,,,,,,,,,,,, 
  [ 2733796381 ],,,,,,,,,,,,,,,,,,,,,,,,,,,,,,,,,,,,,,,,,,,,,,,,,,,,,,,,,,,,,,,,,,,,,,,,,,,,,
  ,,,,,,,,,,,,,,,,,,,,,,,,,,,,,,,,,,,,,,,,,,, [ 1808882791 ],,,,,,,,,,,,,,,,,,,,,,,,,,,,,,,,,
  ,,,,,,,,,,,,,,,,,,,,,,,,,,,,,,,,,,,,,,,,,,,,,,,,,,,,,,,,,,,,,,,,,,,,,,,,,,,,,,,,,,,,,,,,,,,
  ,,,,,,,,,,,,,,,,,,,,,,,,,,,,,,,,,,,,,,,,,,,,,,,,,,,,,,,,,,,,,,,,,,,,,,,,,,,,,,,,,,,,,,,,,,,
  ,,,,,,,,,,,,,,,,,,,,,,,,,,,,,,,,,,,,,,,,,,,,,,,,,,,,,,,,,,,,,,,,,,,,,,,,,,,,,,,,,,,,,,,,,,,
  ,,,,,,,,,,,,,,,,,,,,,,,,,,,,,,,,,,,,,,,,,,,,,,,,,,,,,,,,,,,,,,,,,,,,,,,,,,,,,,,,,,,, 
  [ 53817622561 ],,,,,,,,,,,,,,,,,,,,,,,,,,,,,,,,,,,,,,,,,,,,,,,,,,,,,,,,,,,,,,,,,,,,,,,,,,,,
  ,,,,,,,,,,,,,,,,,,,,,,,,,,,,,,,,,,,,,,,,,,,,,,,,,,,,,,,,,,,,,,,,,,,,,,,,,,,,,,,,,,,,,,,,,,,
  ,,,,,,,,,,,,,,,,,,,,,,,,,,,,,,,,,,,,,,,,,,,,,,,,,,,,,,,,,,,,,,,,,,,,,,,,,,,,,,,,,,,,,,,,,,,
  ,,,,,,,,,,,,,,,,,,,,,,,,,,,,,,,,,,,,,,,,,,,,,,,,,,,,,,,,,,,,,,,,,,,,,,,,,,,,,,,,,,,,,,,,,,,
  ,,,,,,,,,,,,,,,,,,,,,,,,,,,,,,,,,,,,,,,,,,,,,,,,,,,,,,,,,,,,,,,,,,,,,,,,,,,,,,,,,,,,,,,,,,,
  ,,,,,,,,,,,,,,,,,,,,,,,,,,,,,,,,,,,,,,,,,,,,,,,,,,,,,,,,,,,,,,,,,,,,,,,,,,,,,,,,,,,,,,,,,,,
  ,,,,,,,,,,,,,,,,,,,,,,,,,,,,,,,,,,,,,,,,,,,,,,,,,,,,,,,,,,,,,,,,,,,,,,,,,,,,,,,,,,,,,,,,,,,
  ,,,,,,,,,,,,,,,,,,,,,,,,,,,,,,,,,,,,,,,,,,,,,,,,,,,,,,,,,,,,,,,,,,,,,,,,,,,,,,,,,,,,,,,,,,,
  ,,,,,,,,,,,,,,,,,,,,,,,,,,,,,,,,,,,,, [ 5998245751 ] ]);
