BRENTFACTORS[8860]:=MakeImmutable([ ,,,,,,,, [ 4924720117 ],, [ 4637109505439269 ],,, 
  [ 66829141387 ], [ 2167160371 ],, [ 12465178198393 ],,,,,, 
  [ 101955090323, 3788815444993, 7631963895463, 1690745135587032937 ], [ 36180638257 ], 
  [ 763496757167435721343511125904351 ], [ 13503799271 ], [ 326284179373 ],,,, 
  [ 4337109360283672979, 842014895585216391872146973432523087049 ], 
  [ 26886737774612336969857 ],,, 
  [ 204498243145771, 35206655526275098111, 423381930880053052857811 ], [ 7620416029 ], 
  [ 1361993257954150565762948041543922354666360369819297 ], [ 253067171600736487 ], 
  [ 737650545548182413769051 ], [ 79638221702488896241 ], 
  [ 100700568050475670912709789800384704187911326733102645672920683 ], 
  [ 1149644105737, 18603690209054833 ],, [ 2563898185400027738681 ], 
  [ 76905020797951510278929930836951 ], [ 2033653837, 7733432282141, 498862285066163 ], 
  [ 9153667267, 129826055054629, 47930938602272303, 708982880014392492959851, 
      47347403891675098986228143, 746629041179018223336420906641 ], 
  [ 6410827785169, 298993152848895793 ], 
  [ 1270295797, 30767070157956791, 216280834612408987, 7433556313778420351, 
      31992866655783782689527791 ], [ 2039513251 ],, [ 8022357042857 ], [ 39969584089 ],,, 
  [ 3658151441746437553 ], [ 2841002616691 ], [ 783703991467750269937 ], [ 276550577399 ], 
  [ 1054702047076681 ],, [ 3937566630348654107412022739 ], [ 1327788063358664468401 ], 
  [ 2844790903102721 ], [ 62408309568526741, 32784241139508265576651 ], 
  [ 18233438719, 4351107812437 ], [ 1511676781, 25055079498316613, 5321062052945121280783 ], 
  [ 58287252338112862280131089062917590985187730534922506521 ],, 
  [ 5455565291119051210794994834933056671 ],, [ 8625087666178022906050437637057 ],, 
  [ 1825833443226962428923133, 4063513099518519056108964709 ], [ 4570898042101 ], 
  [ 1226458660733, 1337540673015119633397978281249537, 
      101870940653795057242903735921469184341429 ], [ 400838101973, 2475929893940119 ], 
  [ 12737073561119291522535122108137 ], [ 934756066022059, 187718908802785429013383 ],, 
  [ 56497354363, 259995004309 ], [ 6770724230089, 238410864842717032018999 ], 
  [ 2630101511 ], [ 6962513641441, 4646086525864082713, 399965554381551299050729 ],, 
  [ 19118621151975253 ],,, [ 3984085891 ], [ 11256589261, 255647292931, 13108476541861 ], 
  [ 9340437322890785567 ], 
  [ 78712303243289, 91610248212255013, 291505142895438204277, 527625409328241850785383490593,
      661884863871746799352018216224805495877 ], [ 344386333582147 ], [ 15340962575821 ], 
  [ 79080420035565490246891 ], 
  [ 1621663514964930767197907521, 5221545868716540590420603520818881 ], 
  [ 2028698832563803, 178986655006027153, 21760177272367081619 ], 
  [ 70151120480197, 923215907192960562469 ], [ 44203482749696033017 ],, 
  [ 805931145075102503 ], [ 650906428530538432137727, 1126990896356149792196879908806544189 ]
    , [ 2381564971 ], [ 105230407554716975898121 ], [ 1987321771, 23280510166621 ], 
  [ 60953503619, 2344546983554943967253, 91923374786239150442187041 ], [ 34378349909819159 ],
  [ 2570832001, 5593526713, 577657082570217259342017298033 ],, [ 158767445050966528921 ], 
  [ 17209669865239, 43883196542113 ], [ 1716709808129, 9006038739937, 87465153088783793 ], 
  [ 232823699312993, 337733484414125143 ], [ 51679047080471857, 47004044519647672636489 ],, 
  [ 1173184223323109, 9546900668069693, 10962330542913076253, 396845177747316137078221 ], 
  [ 212254257502365157, 3877713980421837427 ],, [ 922079884027 ],, 
  [ 19730552012143808551, 16922155057236719347927 ],,, [ 2085489211208913659609 ], 
  [ 1510444459001 ], [ 117694134559, 33009452410501819729 ], [ 41881707449 ],, 
  [ 2826480043 ],, [ 11124504965383093 ], 
  [ 380388865033, 23710195393798426921, 194910617266140897786061, 631038867975423904666297 ],
  [ 479941845167, 9190939888271 ], [ 1728773933, 103840739744947, 354740004879901867 ],, 
  [ 15995841167070497 ], [ 64312493180826773 ],, [ 6153374178499 ], 
  [ 74397797041, 299471159261, 1373184477133321860281 ],, [ 1529975044288099481 ], 
  [ 2230225648223, 48330604419102721 ], [ 91976541543427722913 ], [ 1265675895205604971181 ],
  ,,,, [ 27294827773458891093483589967436901, 338502795570458277169881903786892998001 ], 
  [ 109512378429327584497 ], [ 5690002056376879601 ], [ 5587080347953513 ],,,,, 
  [ 32648141573803963 ], [ 1305460279, 1327553427960121 ], [ 133248251739593988001 ], 
  [ 150182485027 ],,, [ 10044485041 ], [ 13967546011, 36276174182740186531 ], 
  [ 7055089964863 ],,, [ 8507360629 ],, [ 429251395681 ],, [ 50897338711 ], 
  [ 580540208085602563 ],, [ 1410573649, 924313316257 ],,,, 
  [ 35774152286775326101, 117848337588875823944401 ], [ 1838817011 ], 
  [ 1993143517, 109830647473, 3997011557148611 ], [ 745455546108613 ], [ 215401625706049 ],,
  , [ 84560079004699 ], [ 13777794460536017 ], [ 664616474299, 820169779476098899 ], 
  [ 9282471281, 49497214975540816051, 1319272352692908022311611 ], [ 1481481509325846299 ], 
  [ 111659834963243137 ], [ 62106006372563415877 ], [ 9368161519810152013307 ], 
  [ 5644737044701 ],, [ 147735673564974029201 ], 
  [ 4748462334397, 13678456301900775419563, 3238053189629630569886107 ],, 
  [ 44557433801, 74063080001, 82845199001 ], [ 48317987785300243 ], 
  [ 4848154354755414247868051 ], [ 1814918659 ],, 
  [ 72394264571, 3121433581991, 46869279394361 ], [ 19150030384216408483 ], 
  [ 88179793620949, 240083001516763, 6405010608816696979 ], 
  [ 297326735681, 4214449951255113649, 945316834865316502655873 ], 
  [ 1936429794553, 2211632672918289259, 2435497375925848899787 ],,, [ 283132055166473 ], 
  [ 1721419993 ],, [ 20972207391041 ], [ 11378570732440489 ],, 
  [ 6692190952649, 29772430267353617219 ], [ 43604360731, 32153004026231887 ], 
  [ 723879612721 ],, [ 525753886960651 ],, [ 2377701539809, 13812553683616577569 ], 
  [ 670970619224484301, 1544934974547838051, 14614089566091183969301 ], [ 5954713382552581 ],
  [ 22238253304931 ], [ 7970214697, 15943191143233, 18389571339422977 ], [ 32708469197839 ], 
  [ 1407076827704710411 ],, [ 829260124417 ], 
  [ 2260008414691, 6238926819283, 72854715959143, 23439279363922634743 ], 
  [ 106573555783256179196827 ],, [ 195418221387085152629 ], 
  [ 199825860344221, 2536711591824961 ], [ 1779803033 ], [ 10497535339, 34255244287305229 ], 
  [ 28449337681, 589457227727882610912721 ], [ 313083154949 ],, [ 29933627218586929 ], 
  [ 5744517551433317, 217656105083587127947373317 ], [ 119246753228979811 ],, 
  [ 10176680099 ], [ 68688913574369626337 ], [ 1815295159, 16524771019753, 51522879398131 ], 
  [ 43520729501, 208473648430397501 ], [ 19351983447521497 ], 
  [ 3089438346295581589, 246373283594397074473, 11825905490473773292273 ], 
  [ 2991483391757385097 ], [ 5588138177 ], [ 5837344741, 30806589271, 30889761403651 ], 
  [ 3197318618369 ], [ 32250570484243, 167033084677117933861 ], 
  [ 32715555915178738474891, 810680449387997903600161 ], 
  [ 29743022317, 97933492847, 1985934030026171, 91942444292596633 ], [ 67551574274081 ], 
  [ 4121235978966343 ], [ 188841558707182618763 ], [ 1236629683 ],,, 
  [ 155428767871609429, 1713052625692493972377 ], [ 293487790158463 ], 
  [ 121061797882169, 22373652501851713 ], [ 913388401127888944531103 ], [ 20520609391 ], 
  [ 530239388069, 11109660259469 ], [ 1537823809, 3143700113 ],, 
  [ 2108849122064494995684710611 ],, [ 921248828204532445753 ],, 
  [ 2028632999, 4029153351820038917 ], [ 15288666553, 2226041649217 ], 
  [ 24352707132718757886035321 ], [ 4714143320189 ],,, [ 15559122613 ], [ 11254260691 ], 
  [ 416239750803449 ], [ 367729378918721 ],,,,,, [ 4500189931, 19103070257 ], 
  [ 56252194328509243730989 ],, [ 347411396401 ], [ 333821497483, 2097136928701 ], 
  [ 394878614182010385613 ], [ 20828028046339746563189 ], 
  [ 20824753501, 398515143001, 10554478787127001 ],, [ 272036293420958743 ], 
  [ 12178462033822243 ], [ 896569493799033697 ], [ 1863699451, 13342382381 ], 
  [ 94736188398275347129021 ],, [ 1246199113853 ],,, [ 1173571377187007 ], 
  [ 16831375111426201 ],, [ 20348629876559, 40769831846112037, 2023342629691380443 ], 
  [ 9509033550526021 ], [ 41308149473, 3308865566106837313 ],,, 
  [ 97285826837, 6999474485873 ],,, [ 8055153611 ], [ 2931833490011 ], [ 216711334981 ], 
  [ 32444956845601 ], [ 7862460411373 ], [ 168769106493079 ], [ 7989711494060497 ],,, 
  [ 5027237269 ], [ 174027062137 ],,, [ 2486629212412661 ],,,,, [ 1749475361801 ],,,,, 
  [ 85233534091 ],, [ 159461635527893 ], [ 99284426020657, 1053381082314788072257 ],,, 
  [ 8064090217, 5177685548515663 ], [ 16272329921, 589371270401 ], [ 207003115477 ], 
  [ 46778456676691, 453080003655653743, 472678999702137841 ],,, [ 54931479579525151 ],,, 
  [ 1070839801 ],, [ 206978194568352407 ], [ 3199972777 ],,,,, [ 23758137009278249009 ], 
  [ 891209854603, 1061584536079, 14603249010331 ], [ 12830044011557471 ], [ 151418670997469 ]
   ,, [ 1252563841 ], [ 21629319097 ],, [ 494433441809, 325582429285937, 54440156454893369 ],
  , [ 1024744233761641 ],,, [ 371540829943, 68160660358760209 ],, 
  [ 200051533615831, 742734157415065213 ], [ 384007074759169 ], [ 122829537012185851 ], 
  [ 4377470657003, 633663848920033 ], [ 3764996839 ],,,,,,, 
  [ 86953099097299, 632357602442099 ],, [ 225445819897 ], [ 622596985769753 ], 
  [ 1641819745123 ], [ 6064034603089 ], [ 891299704572401 ],, 
  [ 17172166867, 57444207677977489, 57616718456656783 ],,,,,,,,,,,,,,,, [ 89755434143 ],,, 
  [ 2731585247 ], [ 3145595536379458091 ], [ 2257849639 ], 
  [ 1655003858489, 1190450986221617 ], [ 76786699051, 2833376717051, 6188004970801 ],,,, 
  [ 1974280309, 25808133781 ],,, [ 3348492903361 ], [ 1336798469295613 ], [ 234115449247 ],, 
  [ 1254942289 ],, [ 4879185973, 190282895293 ], [ 10588165493, 190591092287 ], 
  [ 868412254589881 ],,,, [ 169080665641, 41739309530713 ],, [ 288195727515271 ],, 
  [ 11897393779231297 ],,,, [ 37793375677 ],,,, [ 3237591919762950961 ],, 
  [ 18384737843, 159075483762979513, 5895282414453994833839 ],, [ 15839631242983422401 ],, 
  [ 2794014501213937 ], [ 847593090913 ],, [ 1044420458331421 ],,,, [ 625257760955801 ], 
  [ 1029590461, 331343428199912341 ], [ 10555214563 ], [ 39114612482873 ], [ 393503836001 ], 
  [ 601892523301, 657051753489466903 ], [ 4778939908901 ],,, 
  [ 14765112886480367, 2002919779406406467 ], [ 3327362963 ], [ 129598070515201 ],, 
  [ 24200074726549, 52658076153664393 ],,, [ 64316611451 ],, [ 2110465488653579 ], 
  [ 4844997203017, 5388015764081 ],,, [ 19765586999, 11510325821112571 ],, 
  [ 5045475878649769 ], [ 13805542349, 262592423341 ],,,, [ 1306178803, 1975035631 ],, 
  [ 47308336680001 ],, [ 1001296229, 32646150453461603, 3509608270520580611 ],, 
  [ 2428899481, 34402854529 ],, [ 110398693417 ],,,,,, [ 2485430186497 ],,,, 
  [ 1453600850938237, 178236170651935837849 ],, [ 1195420717 ],, [ 1064809721 ],, 
  [ 1641183139 ],,,,,,,,,,,,,, [ 431303791609, 495714966281 ],, [ 10960505069 ],,,, 
  [ 3997790917, 21162012769, 3490908579997 ],, 
  [ 2540332033, 89995493334497, 662987561800946177 ],, [ 93521767249, 14522792069841511 ],,,
  , [ 59252493851, 10853753501800892651 ], [ 49637519268167 ], 
  [ 130973343601, 1263799590253609 ],, [ 6479972216243757743 ],, 
  [ 182093305421, 631834258357 ], [ 2168750797 ],,, [ 26237706334001 ],, [ 3097552948663 ],, 
  [ 4236262074427274341, 251818830887242074637 ],,, [ 3124301449324609 ], [ 80332467122753 ],
  ,,, [ 1593329453 ],, [ 4669733951, 123531389825590139 ],, [ 2651708594032129 ],, 
  [ 3822984481, 8190679051 ],,,, [ 258139802232709 ],, [ 44499380567561, 1462650082248881 ], 
  [ 8486983320661 ], [ 4293378308971 ],, [ 6805370171307032977 ],, 
  [ 2788137698441, 160461291177881 ],, [ 697108527889 ],, [ 3832120019971 ],, [ 2974214629 ],
  , [ 2831735895587 ], [ 131690442313 ],,, 
  [ 9401521537423, 11100167714203, 2501967791474388608729 ],, [ 2184154861061093213 ],,,, 
  [ 71630722913 ],,,,,,, [ 1695198301 ],,, [ 7535221222801 ],,,,, [ 242155447601719 ],,,,,,,,
  ,,, [ 329426514121, 2262646543153 ],, [ 14799148746491761 ],, [ 86026260062447 ], 
  [ 55086338179 ],,,,, [ 6055554210917 ],,,,,, [ 159577195336001 ],,,, [ 6168164377 ],,, 
  [ 1120701403, 1320940549 ], [ 6361882871 ], [ 142887022591 ],,, [ 16611134483547859 ], 
  [ 1010665267 ],,,,,,, [ 326459684709871 ],,,, [ 177303443587, 30805905130453 ], 
  [ 46216286101 ],,, [ 6637354298581 ], [ 1148880223 ], [ 480763627801 ],,,,,,, 
  [ 12981318421 ],,,,,,, [ 14888218181719177 ],, [ 718614472477969, 740895669399001 ],, 
  [ 423576094451413 ],,,,,,,, [ 21989041489309 ],, [ 2064512182573, 449500872666133 ],,,, 
  [ 445966268729 ],,,,,, [ 45167148457 ],, [ 10726614001, 7783631289361 ],,,, [ 2873115809 ],
  ,,,,,,, [ 1695879301, 665586640882633 ], [ 9875298920219 ],,, 
  [ 462205118561, 17453496929548289 ],, [ 7199080039 ],, [ 167231298641921 ],,,, 
  [ 86682163297 ],,,,,,,, [ 4012487761 ], [ 7490560873 ],,,, [ 2049871217, 75569786917 ], 
  [ 114474877640129 ],,,,, [ 5796973379 ],,,,, [ 1215515137 ],,,,,,, [ 3614424851 ],,,,,,, 
  [ 11699412071, 250218035831497 ],,,,, [ 36098154920299 ],,, [ 7029392351 ],,,,,,,, 
  [ 31564595241943 ],,,, [ 1127541050269, 9776710519439 ], [ 2182810961 ], [ 13233407606389 ]
   ,,, [ 18342561241 ],,, [ 23351758973830981 ],,,,,,, [ 41009519251 ], 
  [ 69980182211, 15083875669415159 ],,,,,, [ 2009520824761 ],, [ 2292886791940529 ],,,,,,, 
  [ 19293749413 ],,,,, [ 109279801438727 ],,,, [ 63626124899 ],, [ 4135945401937 ],,,, 
  [ 2285292555255105713 ],, [ 1033791838807751 ],,,,,,,,, [ 2030658821 ],,,, [ 1494703919 ],,
  ,,, [ 547118161032493 ],,,,,,,,,, [ 9523163051749 ],,, [ 42302279249 ],,, [ 2589993589 ], 
  [ 1982617711 ], [ 51758835301 ], [ 330160788047 ], [ 7137446305993 ],,,,,, [ 3102160333 ],,
  ,,, [ 67061196277 ],,, [ 2308874657 ],,,,,, [ 2869125649081, 70658367203409149 ],,, 
  [ 10245761921 ], [ 308070775117393 ],,, [ 1470784082671 ],, [ 15002639023 ],,, 
  [ 370404388721 ],,,, [ 181725146989, 22048095515304013 ],, [ 448532636093287 ],, 
  [ 34412027329, 199814386657 ],, [ 154915132231 ],,,,,, [ 122318818129 ],, 
  [ 130104471127, 2515655621879 ], [ 5941561939 ], [ 90252280315317381581 ],,,,,, 
  [ 435394103783 ],, [ 16078175749, 2810712544803416221 ],, 
  [ 5128575760001, 1706868560093437201 ],,,,,, [ 9896437433 ],,,, [ 188540190721 ],, 
  [ 10255395229, 17195731723 ],,,,,, [ 31629158176177 ],,,,, [ 3001455913 ],,, 
  [ 2638661873 ],,,, [ 3031256870881 ],,,,,,,, [ 1830332208433 ],, 
  [ 12100451221, 11312364264301 ], [ 36473499323 ],, [ 8377484221 ],,,,, 
  [ 3715311408192723407 ],,,, [ 878071438603 ],,,,, [ 10567937333, 16430681263 ],,,,,,,,, 
  [ 3619085473, 325260743280617 ],, [ 4369053419 ],,,,,,,, [ 99552322693333 ],,,,, 
  [ 1019399189 ],,, [ 8815318403 ], [ 1516208761 ], [ 22853984917, 141040900141 ],,,,,,,,,,,,
  ,, [ 8978509051, 728941141358378551 ],,,,,, [ 369267159361, 729008314849 ],,,,,, 
  [ 1314862201 ],,,, [ 1437651270823 ],,, [ 2493132491 ],, [ 15087607543 ],,,,,,,,, 
  [ 280170432361 ],,,, [ 3650715797 ],,,,,,,, [ 828603444397 ],,, [ 4655791081 ],,,, 
  [ 10232197739 ],,, [ 7202925461 ],,,,, [ 1977263623 ],,,,,,,, [ 19176650851 ],, 
  [ 9855958967 ],,,, [ 217669374607 ],,,,,,, [ 9712606777 ],,, [ 7056330631507 ],,,,,,,,, 
  [ 211665996490441 ],, [ 4977339623 ], [ 2826115507 ],,, [ 8147907755047 ], [ 1077535387 ],,
  ,,,,,,, [ 1042325897 ],,,,,,,,,,,,,,,,,,,,,,,, [ 1058372681 ],,,,,,,,,,,,,, 
  [ 61205469229 ],,, [ 28711285093 ], [ 5873873069 ],,, 
  [ 1924050041, 3367738513, 55625722573 ],, [ 34664637481 ],,,, [ 231711567911 ],, 
  [ 8665488157 ], [ 5473449521 ],,,, [ 1427758693 ],,,, [ 58154980003 ],,,, [ 38783537833 ],,
  ,,,,, [ 3243815227 ],,,,,,,,,,,, [ 4218017527 ],,,,,,, [ 9446959393 ],,,,, [ 7051209887 ],,
  ,,,,, [ 1071108493561 ], [ 5905737137 ], [ 13169354911 ],, [ 4431672481 ],,, 
  [ 3326513569, 55932330763 ],,,,, [ 2206155529 ],,,, [ 186195581353 ],,,,, [ 1168002991 ],, 
  [ 1433041661549 ],,,,, [ 2176003873 ],,,,,,, [ 1755828341 ],, [ 8221457323 ],,, 
  [ 18737461601 ],, [ 148684889809 ],, [ 1974891049 ], [ 35211473461 ],,,,,, [ 45756519379 ],
  ,,,, [ 57466870861 ],,,,,,, [ 3655634221 ],,,,,,,,,,,,,,,,, [ 2186195261 ],,,,, 
  [ 18880797961, 158115945781 ],,, [ 4857199873 ],,,,,,,,,,, [ 742347582859 ],,, 
  [ 425252838949 ],,,,, [ 1093113349 ],,, [ 3108999911 ],,,, [ 7772505031 ],,,, 
  [ 6180073693 ],,,, [ 224460972563 ],,,, [ 91341533053 ],,,,,, [ 195023126833 ], 
  [ 9292925881 ],,,,, [ 7794474907 ],,,,,,,, [ 1656398759 ],, [ 12259057537 ], 
  [ 26201735821 ], [ 184196108581 ],,,,, [ 318016543711 ], [ 9110307529 ],,,,,,,,,,,,,, 
  [ 314101623551 ],,,,,, [ 25691421433 ], [ 14300776837 ],,,,,,,,,, [ 47242240589 ],,,,,, 
  [ 1385513963 ],, [ 17037811381 ], [ 2318588273 ], [ 1156036253 ],,,,,,,,, 
  [ 20323416017, 130047118393 ],, [ 56561373529 ],,, [ 1670485253 ],,,,, 
  [ 56790299989, 63944513317 ],,,,, [ 107468661331 ],,,,,,,,, [ 4304528051, 29612507341 ],,,,
  ,,,,, [ 18003847429 ],,,,,,,,, [ 26862139721 ],,,, [ 123840503641 ],,,,,,,,, 
  [ 19289489311 ],,,,,,,,,,, [ 1089801989 ],,,,,,,,,,,,,,,,,, [ 13984008551 ],,,,,,,,,, 
  [ 9069710521 ],,,,,,,,,,,,,, [ 9791641511 ],,,,,, [ 80084720561 ],, [ 16559634043 ],,,,, 
  [ 8031392627953 ],,,,,, [ 22687636627 ], [ 19030936559 ], [ 10146940211 ],, [ 1213010933 ],
  ,,,,,,,,, [ 33318172051 ],,,, [ 1305702613, 20387053826983 ],,,,,, [ 1166594353 ],,,, 
  [ 1443889541 ], [ 1038998053 ], [ 1499109919 ],,,,, [ 82985453849 ],,,,,,, [ 4818047431 ],,
  , [ 1136477161, 6099201109 ], [ 7949223653362333 ],,,,, [ 20553154837 ],,,, [ 3638563169 ],
  ,,,,,,,,,,,,,,,,,,,,,,,,,, [ 20973616351 ], [ 13337594593 ],,,,,,,,, [ 2442351470381 ],,,, 
  [ 4034619019 ], [ 1695681781 ],,, [ 2629565693683 ],,,,,,,,,,,,,, [ 3463468861 ],, 
  [ 416438353301 ],,,,,,,,, [ 4198560071 ],,,,, [ 113097106613 ],,,,,,,,,,,,, 
  [ 15316524889 ],, [ 2417872579 ], [ 3459354443 ],,, [ 9798024657331 ],,,,,,,,, 
  [ 1039002825829 ],,,,,,,,,,,,,,,,, [ 7582006121 ],,,, [ 11461209173 ],,,,,,,,,,,,,,,,,,,,,,
  ,,,,,, [ 2076459892201 ],,,,,,,,, [ 2770335163 ],,,,,, [ 60624622741 ],,,,,,,,,,,,,,,,,,, 
  [ 18228813751 ],,,,,,,,,, [ 3136754641 ],,,,,,, [ 2292456097 ], [ 1501025629 ],,,,,,,,,,,,,
  ,,,,,,,,,,,,,,,,,,,,,,,,,,,, [ 1205689561 ],,,, [ 9426287851 ],,,,,,,,,,,,,, 
  [ 1633583953 ],,,,,,,,,,,, [ 375424263199 ],, [ 739513135901 ],,,,,,,,,,,,, [ 3512907949 ],
  , [ 7108569341 ],,,,,,,,,,,,,,,,,, [ 54853608877 ], [ 7545958297 ],,,,,,, [ 10144506919 ],
  , [ 18545964535057 ],,, [ 4786333039 ],,, [ 119531803609 ], [ 60239415751 ],,,,,,,,, 
  [ 85418491201 ],,,,, [ 4303758421 ],,,,, [ 15703992263 ],,,, [ 17310731632309 ],, 
  [ 2107919634001 ],,,,,,,,,,,,,,,,,,,, [ 34293026921 ],,,,,,,,,,,,,,,,,,,,,,,,,,,,,,,,,,,,,,
  ,,,, [ 48220995853, 5101405514629 ],,,,,,,,,,,,,,,,,,,, [ 1726084183 ],,,,,,,,,,,,,,,,,,,,,
  , [ 85431316753 ],,,,,,,,,,,,,,,, [ 11872371001 ],,,,,, [ 2412010781 ],,,,,,,,, 
  [ 3188293711 ],,,,, [ 65783668481 ],,,, [ 245912861473 ],, [ 2404535059 ],, [ 2154527773 ],
  , [ 3125450701, 21925476401 ],,,, [ 8343038659 ],,,,,,,,,,,,,,, [ 5591443411 ],,,,,, 
  [ 8053228951 ],,,,,,,,,, [ 2003129341 ],,,,,,,,,,,,,,,,,,,,,,,,,,,,,,, 
  [ 6732821833, 77606243933417 ],,,,,,,,,,,,,,,,,,,,,,,, [ 3483114881 ],, [ 493935143311 ],,,
  ,,,,,,,,, [ 7478575903 ],,,,,,,,,,,,,,,,, [ 115107270121 ],,,,,,,,,,,,,,,,,,,,, 
  [ 114189993289 ],,, [ 76813929991 ],,,,,,,,,,,,,,,,,,,,,,,,,,,,,,,,,,,,,,,,, 
  [ 68861180321 ],,,,,,,,,,,,,,,,,,, [ 778966854241 ],,,,,,,,,,,,,,,,,,,,, [ 326363111713 ],,
  ,,,,,, [ 20618128897 ], [ 6363857341 ], [ 50042773387 ],,,,,,,,,,,,,,,,,,,,,,,,,, 
  [ 13785076873 ],,, [ 259859438581 ],,,,,,,,,,,,,,,,,,,,,,,,,,,,, [ 1056993341 ],,,,,,, 
  [ 1270132711 ],,,,,,,,,,,,,,,,,,,,,,,, [ 4802895901, 8776072801 ],,,,,,, [ 178091084993 ],,
  ,,,,,,,,,, [ 8286906079 ],,,, [ 4647963502121 ], [ 1572103282051 ],,,,,,,,, 
  [ 219835778053 ],, [ 34922405591 ],,,,,,, [ 6500575357, 23788544551 ],,,,, 
  [ 1316042917333 ],,,,,,, [ 61619418829 ],,,,, [ 1317013559 ],,,,,,,,,,,,,, [ 34383399961 ],
  , [ 534275002951 ],,,,,,,,,,,, [ 494710412239 ],,,,,,,, [ 59759994121 ],, [ 13929874841 ],,
  ,,, [ 207974089459 ], [ 103745951291 ],,,,, [ 315719552737 ],,, [ 101510306113 ],,,,,, 
  [ 217084038337 ],,,,,,,, [ 29135048801 ],,,, [ 1588656133 ],, [ 20674716637 ],,,,,,, 
  [ 1723931977 ],,,,,,,,,,,,,,,,,,,,,,,,, [ 5582102969 ],,,,,,,,,,,,,, [ 2046503317 ],,,,,,,,
  ,,,,,,,,,, [ 1918581901 ],,,, [ 297952867297 ],,,,,,,,,, [ 41020774433 ], [ 1007169979471 ]
   ,,,,,,,,,,,,,,,,,,,,, [ 49779511057 ],,,,,,,,,,,,,,,,,, [ 335290823977 ],,,,,,,,,,,,,,,, 
  [ 17035763681 ],,,,,,,, [ 38766505909 ],,,,,, [ 132945364287271 ],, [ 308829055821989 ],,,,
  ,,,, [ 1532311849 ],,,,,,,,,,,,,,,,,,,,,,,,,,,,,, [ 17164503137, 33868275673 ],,,,,, 
  [ 134663636801 ],,,,,,,,,,,,,,,, [ 4096866049, 69023530753 ],,,,,,,, [ 1277467644737 ],,,,,
  , [ 64784014741 ],,,,,,,, [ 6412605739 ],,,,,,,,,,,,,,,,,,,,,,,,,,,,,,,,,,,,,,,,,,,, 
  [ 152256230039 ],,,, [ 2061302413 ],,,,,, [ 87340756981 ],,,,,, [ 2537185727161 ],,,,,,,, 
  [ 26576404537 ],,,,,,,,,, [ 3465307333 ],,,,,,,,,,,,,,,,,, [ 1132386103, 65167273513 ],,,,,
  ,,, [ 19636905619 ],,,,,,,,,,,, [ 1114449673 ],,,,,,,, [ 2798805649 ],,,,,, 
  [ 112583792435129 ],,,,,,,,,,,, [ 23067768761 ],,,,,,,,,,,,,,,,,,,,,,,,,,,,,,,, 
  [ 75843888889 ],,,,,,,,,, [ 2192077207 ],,,, [ 3614193881 ],,,, [ 1042556341 ],, 
  [ 3007049484017 ],,,,,,,, [ 1103997281 ],,,,,,,,,,,,,,,,,,,,,,,,,, [ 26074003442551 ],,,,,,
  ,, [ 2829241973 ],,,, [ 73345157209 ],,,,,,,,,,,,,,,,,,,,,, [ 24122126101 ],,,,, 
  [ 35840561671 ],,,,,,, [ 1139555273 ],,,,,,,,,,,,,, [ 12382429861 ],,,,,,,,,, 
  [ 8978697281 ],,,,,,,,,,,, [ 71122643777881 ],,,,,,,,,,,, [ 27822561281 ],, [ 3827408119 ],
  ,, [ 6202102351 ], [ 1351549571, 1790661107 ],,,,,,,,,,,,,,,, [ 140155075223 ],,,,,,,,,,,,,
  ,,,,,,,,,,,,, [ 1986922921 ],,,,,,,,,,,,,, [ 1015703281 ],,,,,,,,,,,,,,,,,,,,,,,,,, 
  [ 85664015473 ],,,, [ 5896396321 ],,,,,,,,,,,,,,,,,,,,,,,,,,,,,,,, [ 34329826009 ], 
  [ 1799089381 ],,,,,,,,,,,,,,,,,,,,,,,,, [ 4687747781, 5425358111 ],,,,,, [ 1464348917 ],,,
  , [ 2897204641 ],, [ 7129211321 ],,,, [ 1674877147 ],,,,,, [ 1299290077 ],,,,,,,,,, 
  [ 33709711297 ],,,, [ 139984269839 ],, [ 16586343541 ],,,, [ 1111222838589649 ],, 
  [ 24604789717 ],,,,,,,, [ 214093787209 ],,,,,,,,,,,, [ 8689321999 ],,,,,,,,,, 
  [ 1432487809 ],,,,,,,, [ 17816931137 ],,,, [ 2862559717 ],,,,,,,,,, 
  [ 47392609889, 12233750994271 ],,,,,,,,,,,, [ 86521816441 ],,,,,,,,,,,,,,,,,,,, 
  [ 584555029759 ],,,,,,,, [ 6826388161 ],,,,,,,,,,,,,,,, [ 1801877527 ],,,,,,,, 
  [ 1660724651 ],,,,,,,, [ 22032510917 ],,,,,,,,,,,,,, [ 1976248513 ],,,,,,,, 
  [ 12432787501 ],,,,,,,,,,,,,,,,,,,,,,,,,, [ 2513533783 ],,,,,,,, [ 1848660139 ],,,,,,,,,, 
  [ 4522544473, 12240419593 ],,,, [ 1431213529 ],, [ 1738722551 ],,,,,,,,,,,,,,,,,,,,,,,,,,,,
  ,,,,,,,, [ 1716755490011 ],,,,,,,,,,,, [ 8297531299 ],,,,,,,,,,,,,,,, [ 2378940799 ],,,,,,,
  ,,,,,,,,,,,,,,,,, [ 1248594343 ],,,,,,,,,,,,,,,,,,,,,, 
  [ 3152760601, 3499077121, 9620514961 ],,,,,,,, [ 8628115357 ],,,,,,, [ 22470875701 ],,,,,,,
  ,,,,,,,,,,,,,,,,,,,,,,,,,,,,,,,,,,,,,,,,,,,,,,,,,,,,,,,,,,,,,, [ 77334409153 ],,,,,,,,,,,, 
  [ 194503137889 ],,,,,,,,,,,, [ 5602910497 ],,,,,,,,,,,,,,,, [ 956107287257 ],, 
  [ 74739532009 ],,,,,,,,,,,,,,,,,,,,,,,, [ 25791562591 ],,,,,,,,,,,,,,,,,,,,,,,, 
  [ 19189994311 ],,,,,,,,,,,,,, [ 6738659929 ],, [ 1335565001 ],,,,,,,,,,,,,,,,,,,,,,,,,,,,,,
  ,,,,, [ 235022655421 ],,,,,,, [ 7382855453 ],,,,,,,,,,,,,,,,,,,,,,,,,,,,,,,,,,,,,,,,,,,,,,,
  ,,,,,,,,, [ 5458366621 ],,,,,,,,,,,,,,,,,,,,,,,, [ 1937513797 ],,,,,,,,,,,, 
  [ 18974696401 ],,,,,,,,,,,,,,,,,,,, [ 2513679169 ],,,,,,,,,,,,,,,,,,,,,, [ 2057837563 ],,,,
  ,,,,,,,,,,,,,,,,,,,,,,,,,,,,,,,, [ 18929305891 ],,,,,,,,,,,,,,,,,,,,,,,,,,,,,,,,,,,,,,,,,, 
  [ 626130338689 ],,,,,,,,,,,,,,,, [ 182258475281 ],,,,,,,,,,,,,,,,,,,,,,,,,,,,,, 
  [ 115704685051 ],,,,,,,,,,,,,,,,,,,, [ 5235284881 ],,,,,,,,,,,, [ 1101781357 ],,,,,,,,,,,,,
  ,,,,,,,,,,,,,,,,, [ 4930790777173 ],,,,,,,, [ 2271440321 ],,,,,,,,,,,,,,,,,,,,,,,,,,,,,, 
  [ 21617752501 ],,,,,,,,,, [ 23850151021 ],,,,,, [ 5579800021 ],,,,,,,,,,,,,,,,,, 
  [ 9444690613 ],,,,,,,,,,,, [ 1027401289 ],,,,,,,,,,,, [ 1502057437 ],,,,,,,,,,,,,,,,,,,,,,,
  ,,,,,,,,,,,,,,,,,,,,,,,,,,,,,,,,,,,,,,,,,,,,,,,,,,,,,,,,,,,,,,,,,,,,,,,,,,,,,,,,,,,,,,,,,,,
  ,,,,,, [ 570519575929 ],,,,,,,,,,,, [ 758430126241 ],,,,,,,,,,,,,,,,,, [ 1208798089053211 ]
   ,,,,,,,,,,,, [ 4353422401 ],,,,,,,,,,,,,,,,,,,,,,,,,,,,,,,,,,,,,,,,,,,,,,,,,,,,,,,,,,,,,,,
  ,,, [ 21261914857 ],,,,,, [ 2139954217 ],,,,,, [ 1036844244169 ],,,,,,,,,,,,,,,,,,,,,,,,,,,
  ,,,,,,,,,,,,,,,,,,,,,,,,,,,,,,,,,,,,,,,,,,,,,,,,,,, [ 3071973943 ],,,,,,,,,,,,,,,,,,,,,,,, 
  [ 1219155601 ],,,,,,,,,,,, [ 4040635395259 ],,,,,,,,,,,,,,,,,, [ 10672239241 ],,,,,,,,,, 
  [ 370581236411 ],,,,,,,, [ 46601655967 ],,,,,,,,,,,,,,,,,,,,,,,, [ 11119238107 ],,,,,,,, 
  [ 54002750561 ],,,,,,,,,,,,,,,,,,,,,,,,,,,,,,,,,,,,,,,,,,,,,,,,,,,,,,,,,,,,,,,,,,,,,,,,,,,,
  ,,,,,,,,,,,,,,,,,,,,,,,,,,,,,,,,,,,,,,,,,,,,,,,, [ 3072766453 ],,,,,,,,,,,,,,,,,,,,,,,,,,,,
  ,,,,,,,,,,,,,,,,,, [ 64095224201 ],,,,,,,,,,,,,,,,,,,,,,,,,,,,,,,,,,,,,,,, [ 175049641001 ]
   ,,,,,,,,,,,,,,,,,,,,,,,,,,,,,,,,,,,,,,,,,,,,,, [ 1037890747 ],,,,,,,,,,,,,,,,,,,,,,,, 
  [ 53073620371 ],,,,,,,,,,,,,,,,,,,,,,,,,,,,,, [ 8569965601 ],,,,,,,,,,,,,,,,,,,,,,,,,,,,,, 
  [ 29077158182671 ],,,,,,,,,,,,,,,,,,,,,,,, [ 360532806463 ],,,,,,,,,,,,,,,,,,,,,,,,,,,,,,,,
  ,,,,,,,,,,,,,,,,,,,,,,,,,,,,,,,,,,,,,,,,,,,,,,,,,,,, [ 24415310779 ],,,,,,,,,,,,,,,,,,,,,,,
  ,,,,,,,,,,,,, [ 30425509687, 150230643091 ],,,,,,,,,,,, [ 12977558569 ],,,,,, 
  [ 1502944321 ],,,,,,,,,,,,,,,,,,,,,,,, [ 42435209521 ],,,,,,,,,,,,,,,,,,,,,,,,,,,,,,,,,,,,,
  ,,,,,,,,,,,,,,,,,,,,,,,,,,,,,,,,,,, [ 4222844929 ],,,,,, [ 3055272529 ],,,,,,,,,,,,,,,,,,,,
  ,,,,,,,,,,,,,,,,,,,,,,,,,,,,,,,,,,,,,,,,,,,,,,,,,,,, [ 66005859847 ],,,,,,,,,,,,,,,,,,,,,,,
  ,,,,,,,,,,,,,,,,,,,,,,,,,,,,,,,,,,,,,,,,,,,,,,,,,,,,,,,,,,,,,,,,,,,,,,,,,,,,,,,,,,,,,,,,,,
  , [ 5502854881 ],,,,,,,,,,,,,,,,,,,,,,,,,,,,,, [ 2249054251, 5736541051 ],,,,,,,,,,,,,,,,,,
  ,,,,,,,,,,,,,,,,,,,,,,,,,,,,,,,,,,,,,,,,,,,,,,,,,,,,,,,,,,,,,,,,,,,,,,,,,,,,,,,,,,,,,,,,,,,
  ,,,,,,,,,,,,,,,,,,,,,,,,,,,,,,,,,,,,,,,,,,,,,,,,,,,,,,,,,,,,,,,,,,,,,,,,,,,,,,,,,,, 
  [ 39694893877 ],,,,,,,,,,,,,,,,,,,,,,,,,,,,,,,,,,,,,,,,,,,,,,,,,,,,,,,,,,,,,,,,,,,,,,,,,,,,
  ,,,,,,,,,,,,,,,,,,,,,,,,,,,,,,,, [ 151080116851 ],,,,,,,,,,,,,,,,,,,,,,,,,,,,,,,,,,,,,,,,,,
  ,,,,,,,,,,,,,,,,,,,,,,,,,,,,,,,,,,,,,,,,,,,,,,,,,,,,,,,,,,,,,,,,,,,,,,,,,,,,,, 
  [ 4178265691 ],,,,,,,,,,,,,,,,,,,,,,,,,,,,,,,,,,,,,,,,,,,,,,,,,,,,,,,,,,,,,,,,,,,,,,,,,,,,,
  ,,,,,,,,,,,,,,,,,,,,,,,,,,,,,,,,,,,,,,,,,,,,,,,,,,,,,,,,,,,,,,,,,,,,,,,,,,,,,,,,,,,,,,,,,,,
  ,,,,,,,,,,,,,,,,,,,,,,,,,,,,,,,,,,,,,,,,,,,,,,,,,,,,,,,,,,,,,,,,,,,,,,,,,,,,,,,,,,,,,,,,,,,
  ,,,,,,,,,,,,,,,,,,,,,,,,,,,,,,,,,,,,,,,,,,,,,,,,,,,,,,,,,,,,,,,,,,,,,,,,,,,,,,,,,,,,,,,,,,,
  ,,,,,,,,,,,,,,,,,,,,,,,,,,,,,,,,,,,,,,,, [ 41023838041 ],,,,,,,,,,,,,,,,,,,,,,,,,,,,,,,,,,,
  ,,,,,,,,,,,,,,,,,,,,,,,,,,,,,,,,,,,,,,,,,,,,,,,,,,,,,,,,,,,,,,,,,,,,,,,,,,,,,,,,,,,,, 
  [ 1621792108801 ],,,,,,,,,,,,,,,,,,,,,,,,,,,,,,,,,,,,,,,,,,,,,,,,,,,,,,,,,,,,,,,,,,,,,,,, 
  [ 2184784057 ],,,,,,,,,,,,,,,,,,,,,,,,,,,,,,,,,,,,,,,,,,,,,,,,,,,,,,,,,,,,,,,,,,,,,,,,,,,,,
  ,,,,,,,,,,,,,,,,,,,,,,,,,,,,,,,,,,,,,,,,,,,,,,,,,,,,,,,,,,,,,,,,,,,,,,,,,,,,,,,,,,,,,,,,,,,
  ,,,,,,,,,,,,,,,,,,,,,,,,,,,,,,,,,,,,,,,,,,,,,,,,,,,,,,,,,,,,,,,,,,,,,,,,,,,,,,,,,,,,,,,,,,,
  ,,,,,,,,,,,,,,,,,,,,,,,,,,,,,,,,,,,,,,,,,,,,,,,,,,,,,,,,,,,,,,,,,,,,,,,,,,,,,,,,,,,,,,,,,,,
  ,,,,,,,,,,,,,,,,,,,,,,,,,,,, [ 4797223201 ] ]);
