BRENTFACTORS[3218]:=MakeImmutable([ ,,,,,,,,,, [ 5886181907 ],, [ 171844634833 ],,, 
  [ 17193810371057 ],,,,, [ 233406456532054471 ], [ 6364974140251 ], 
  [ 355694465826534666258746389141 ],, [ 7709863355401 ], [ 164156673693871 ],, 
  [ 3930909137, 4289743787782769 ], 
  [ 129724424153759, 402015988839362981, 50921584531133806111936616882633 ], [ 3479366281 ],
  , [ 35799626689 ],,,,, [ 1244904961, 5258360426862531889, 96571257273318124104557809 ], 
  [ 3133410082387427 ], [ 61264313281742611 ],, [ 3817823037813503 ], 
  [ 1475477557, 6728085757 ], [ 3793380718493 ], [ 134014620950778630451709 ],,, 
  [ 8228231326136760834285996529587319 ], [ 5496034801, 1208580861073 ], 
  [ 8274662291584054908476411 ], [ 915107499451, 473667788968001, 1684145850356401 ], 
  [ 13821436826221, 46894661017127678431, 475837508425190205105919 ], 
  [ 247487894161, 25251030886709941 ],, [ 2416247551, 28130613199040310463 ], 
  [ 37203797287884750895910436152101 ], [ 440594764177, 6572030889734017 ], 
  [ 43657610203, 1443791252857060244645508773958990265603 ], 
  [ 51083580678059, 7297966106294545061, 2315638170276239053187 ], 
  [ 190553742666113, 113483781824691219473887 ],, 
  [ 32221323963431, 2789666648632222818951766039 ], 
  [ 2623454299, 226971334989587, 3927736113143057717, 792863369979832704389 ], 
  [ 187137199820402497, 947266057568009846521, 9385044979755528143714038267 ], 
  [ 1833134209, 147243846754541447041, 2319721688299005891137 ], [ 3884596561 ], 
  [ 227575016857, 68597213690611 ], [ 14375581088038993 ], 
  [ 708875095681, 94823082491502714757, 5023271236640225114585873497 ],,, [ 256935724847 ], 
  [ 1197184226610670201 ],, 
  [ 2261990235469299631, 195116836742414942637271103, 15680569843835648110265606641527387017 
     ],, [ 30078963387835721, 18301971159773674062631631692544500913 ], 
  [ 28626529441357, 248479133752360241495360324191 ], [ 124844713118951047 ],,,, 
  [ 87713789767, 7836862146895177723039, 1592188530203642304827956877414871207194449178839 ],
  ,, [ 608602794126461, 715177377661420951 ], [ 120580164874487 ], [ 27603532783 ],, 
  [ 5192027179833409, 200570630186632207 ],,, 
  [ 5987108627984796812610983557, 17174610733576706067554716852594219166406980810042389 ], 
  [ 233121141689785696412587 ], [ 196997127541321 ], 
  [ 1034618971, 5118773785211, 310249211795431, 9073853417094143471, 
      7117113472985565573556359211 ], [ 1600820270172465556999921065143521 ],,, 
  [ 568272497177468557 ], [ 215570139101, 5706027306091317901, 682472537663704365701 ], 
  [ 3665727406157281234067 ], [ 131989784389 ], [ 143778966283, 312859936331 ], 
  [ 908712250681 ], [ 329534041327054986661 ], [ 9392866027639233718402801 ], 
  [ 16238922286290239 ], 
  [ 1594328293, 398927344979474821, 7048904790795166612280264868597173827092409 ], 
  [ 1016351838329, 834794467846709023 ],,,, [ 1393993087, 136560683151757 ], 
  [ 37686443077, 181655591743, 431773592984299 ],, [ 6107505402810774959989 ], 
  [ 112255464097115821 ], [ 36853505336249022239131 ], 
  [ 3668176667, 3411821041427, 147850400643499, 405063631451543 ],,, [ 12312773583959 ],, 
  [ 379725950449, 5941341961301 ],,,, [ 81644506535837232769 ],, 
  [ 344711239640496371214521, 345398546325998006436392308162991 ],, 
  [ 29647580374897, 1057982687895277, 15589865799573826834657 ],, [ 69538669397 ],,,, 
  [ 4268284939 ], [ 3769993041504407 ], [ 47747986195981 ], [ 194954965531 ], 
  [ 903930950317335389, 2573684981040724694303 ],, [ 2718137809 ], 
  [ 478776751741009321, 224114156061158483818186471 ],, [ 32976380364869206357 ],,,,,, 
  [ 3016986499, 339260965496072143372542619 ],, 
  [ 79937685220721, 270544232409299127279764079161 ], 
  [ 25025643397, 148676014638061, 101016276046708416681233825269, 
      27414213974062375215552839345714113 ],,, [ 11069215869013 ], [ 1621515699521 ],, 
  [ 4039851343610773 ],, [ 3304574804681, 12451100971633 ],,, 
  [ 3917339397047, 30888804544456939, 14230159434556309109, 51680505679335175163, 
      4532427151161600878401 ],,, [ 3734029261 ],,, [ 3488917643, 1152811052830140619 ], 
  [ 27140019884899072984579 ], [ 6110814016301, 6196773700482751, 3618884479094199604169651 ]
    , [ 42904061188517523788641 ],,, [ 2528208688198769 ], 
  [ 7184145421, 120716768984681143081, 176499112918526513692741, 1400620802871878703232021 ],
  , [ 4574068409 ],, [ 25472505406289, 5473353377385964281515409473 ], 
  [ 607627329659055422891 ], [ 31340713528827778307146351 ],,, 
  [ 1273756051, 342965925302335022647, 23607324681646552802929 ], [ 30561407425729887901 ], 
  [ 783436914860651 ], [ 2086311954817, 93781748739836929 ],, 
  [ 17281899853, 31369247683, 182428194504678262937276771 ], [ 92257397311 ], 
  [ 84285269069, 372225808921 ],, [ 35096926393 ],, [ 29504105866601, 106098471334201 ],, 
  [ 8343197719, 1937094734909056021510648167301 ], 
  [ 3855076965979, 5676231777889, 40488012870593 ], 
  [ 7624169413187092261, 20046128876155785965722297, 11728268180186647666401279869341 ], 
  [ 12580098069841, 86294075657831, 102302965255366741 ], 
  [ 8070497639, 82578699818071, 110296134606900060593 ], 
  [ 42175272317887, 384746001225110983 ], 
  [ 1374580481, 987331263361, 4195243684030673, 34247195894558609 ], [ 73203573937253 ], 
  [ 51103384148251, 151281563268161247601, 16862321044655706941161 ],, 
  [ 712788751372527553189 ], [ 1580826361 ], [ 2549122976441804603 ],, 
  [ 10655711137, 1996362508916311201, 3630809716584879707143502833 ],, [ 20149135931593 ],, 
  [ 28565353081 ],,,,, [ 6160231643800372780051 ],, [ 632626192490077 ], 
  [ 655716612643922086729 ], [ 13315089750097823, 2804943789113453395571557 ], 
  [ 26485318386691 ], [ 59581580133418565377, 49747123760631232381447 ],, [ 115859353453 ],, 
  [ 43300534591 ],, [ 3960809887 ], [ 1701158313187417463 ], 
  [ 3089474081723, 431509237855472430419 ], [ 3808569379342801 ],, [ 31464817404507191 ],,, 
  [ 70252034333111 ], [ 1018796209 ], [ 6223971209, 133585223554300210369 ], 
  [ 440949291089531502220609 ], [ 156018803461 ], [ 145204722206195203559251 ], 
  [ 20732706835532556439 ], [ 8415030709, 3773071795772161, 47336972099000914815157 ],,,, 
  [ 27855034369 ],,,, [ 5706963169961, 3507974109353741, 49010127570289445561 ],, 
  [ 430849733503997579501 ], [ 33692493592529, 160802017913109771833 ],,, 
  [ 101531510399508695213 ],, [ 537120715969, 2487407041966980113 ], [ 15334638000181 ],, 
  [ 5217474113 ],,, [ 1424759107056369047 ],,, [ 4650061381557416801 ], [ 118294975889 ], 
  [ 411725038537 ],, [ 24212088497, 1930135667769667 ], [ 3392564919511 ], 
  [ 23593514178144341 ],, [ 1115874453891271 ], 
  [ 3778940798491, 61686869449349, 119644967312640873758227 ], [ 1342952805517 ],, 
  [ 340156685329 ], [ 1240252018141080611, 2954403080495840581 ], [ 4053358789 ], 
  [ 90811984475012342665117 ], [ 11470792367, 350177827919198171 ],,, 
  [ 26896133833, 809147584224197828477953 ],, [ 28386830957 ],, [ 42152287201 ], 
  [ 293874176569, 20804646710009 ],, [ 3559754293, 58876175971159, 928232654784449713 ], 
  [ 441988951601, 1217390055025669269601 ],, [ 553457054276764872472621 ], 
  [ 208511671999, 2718447444643951 ], [ 5532573123025910767961 ], [ 838346034367756183 ], 
  [ 65116635967141541, 136108213205060848541 ],,, [ 8238430433 ],,, 
  [ 155918431354895201, 233460591861518817013 ], [ 4141884652977217 ],, [ 1301317117 ], 
  [ 42225428242238088653761 ], [ 191748357469, 14143632399163 ], [ 50965951514890231 ],, 
  [ 3376461499416541 ], [ 6420895001, 162712504501 ],, [ 475055304733 ], [ 2182287649 ], 
  [ 4422672647, 11176841957, 3643989801019 ], [ 1694087879881 ], 
  [ 619586962817, 1407229417091, 7381272275005067 ], 
  [ 16784824733, 18649568502197, 2865973449105457 ], [ 10479153691, 6199576926172986133 ],,, 
  [ 374385802365121, 2847490714143896673217 ],, [ 1439053591, 21380243743 ],, 
  [ 1996624576563241 ],, [ 43216924393, 7952057137153, 208786080513313 ],, 
  [ 31425434034073 ], [ 1914480901, 22008748774333644391 ],,,,,,,,,,,,, [ 2115557275313 ],, 
  [ 21874559041 ], [ 1923201552043 ], [ 96256358567, 19293056055883 ], [ 4048666777 ],,,,, 
  [ 2375180620115377, 41142225361686689 ],, [ 222116136345940154127181 ],, [ 1308209961913 ],
  [ 2024671169321 ],,,,, [ 152268793867, 152578604179, 2004012267769 ], [ 297291360439 ], 
  [ 97320869761 ],,,,,, [ 32230011841 ], [ 41725274977 ],,, 
  [ 4980934141, 19286762431, 222173857621 ],,, [ 49412441773, 130309267393 ],,, 
  [ 96322642417, 756718912855455678217 ],, [ 350593877323, 363892188041 ], 
  [ 1244182299944893 ], [ 8138416822001 ],, [ 67134229543, 263893850131551847 ],,, 
  [ 3495434550851894668754131 ], [ 13044154388917, 41466319167113 ],, 
  [ 6969624985725601, 41952271506721729 ],,, [ 6992367661 ], [ 29277064827723983261 ], 
  [ 3441680885707 ], [ 1123802587, 1377493921, 1073122615265549491 ], 
  [ 91482037546351, 32522753705655091 ],,, [ 526214790297870587 ], [ 65524997399 ], 
  [ 430212610801 ],, [ 62711025151, 118628332456523 ], [ 1652824279, 26916871519 ],, 
  [ 68230848055801 ],, [ 382259156063 ], [ 3316860473, 17642339333 ],, 
  [ 3364989941, 60808868845801 ], [ 42063382937, 6421146728371 ],,,, 
  [ 3401264822521, 11306914523251 ], [ 21284231621, 147009450169 ],, 
  [ 87721874377, 2457343383031123 ],,, [ 188296592401, 267870273427, 675120549981907 ],,,, 
  [ 4033847413361 ], [ 14694613817670969115697 ],,,,,, [ 2593028437709 ], 
  [ 1056666962076841 ], [ 92737940413338379, 910045927677971423 ],,, [ 3390875107 ], 
  [ 1260656909, 5222034019, 717448109224309 ], [ 1556349247783709947 ], 
  [ 2229036721, 44290423105861, 111957315420761 ], [ 61897712117 ],, [ 1199495953 ],,,,,, 
  [ 71342367419, 1218531995437 ], [ 293162362925159881 ], 
  [ 3646197517, 5119257553, 40811222131 ],, [ 11730235397, 92264158986539 ], 
  [ 48449246926141 ],, [ 148257245753, 119914926892400921 ], 
  [ 103089742736059, 135692661901694257 ], [ 1733546827 ],,, [ 30274272757, 12169425616037 ],
  ,,,,,,, [ 2051418571 ], [ 1774774042751011 ], [ 14618589659731 ],,, [ 4156988692793 ], 
  [ 121693620511 ],,, [ 1212896104711470637 ], [ 11433199777 ], [ 397782211501 ], 
  [ 98568474463 ], [ 1370175051247 ],, 
  [ 112514038561, 8268852597127734529, 16860337221481462801 ],,, [ 237950673013 ],,, 
  [ 1931597861374081 ],, [ 83423372912641 ],, [ 8249800768858069 ],,,,,, [ 243749018761 ],,,,
  ,, [ 197256760153 ],,,,, [ 317922727011319 ], [ 269691644293 ],,,, [ 112821141331586777 ], 
  [ 74114002876497751 ], [ 1062887327, 7512464625300940733 ],,, [ 13986192763 ],, 
  [ 33494631634813 ], [ 4569337793 ],, [ 68178767203, 73145257591824601 ],, 
  [ 1364200067189, 12406462498637 ], [ 35606991493 ], [ 25220925140401 ],,,, 
  [ 5540187253, 30153661462187 ], [ 122667944821 ],,,,, 
  [ 45074466442128481, 3173493313510715441 ],, [ 34353041130218431 ],,,,, 
  [ 282750566617, 1014909002350237 ],,, [ 65797354097491 ], [ 7754503187 ], [ 2621323202213 ]
   ,, [ 52237569133, 223540446878571997301 ],,,,, [ 74524276951 ], [ 78632865481 ],, 
  [ 15346090447 ],, [ 4604065033, 3852547070201, 4666953899869057 ],, 
  [ 139190472511969626953 ],,,, [ 39285447607801 ],, [ 26349831229329457 ],,,, 
  [ 40993058833873661 ],, [ 12547584037 ],,, [ 2091024443 ], 
  [ 8841841891, 18170201640366708563093 ],, [ 438454824133, 812004629743261 ],, 
  [ 9829744204709227 ],, [ 319045289588897 ],,,, [ 6519148849 ],,,, [ 297311708849 ],,,,, 
  [ 11181334771 ],, [ 92069367209 ],, [ 5948578762747501 ],, [ 143367881317 ],, 
  [ 1209643739 ], [ 29987576088751, 5955998211755551 ],, [ 1254731089, 41960599097 ],,,, 
  [ 18323151720553 ],, [ 20952096089 ],,,, [ 4796631739 ],,,, [ 356391820443797 ],, 
  [ 611196994873, 9175118598073 ],,,,,, [ 149928647839 ], [ 2467179331 ],, [ 1503543187 ],,,,
  ,,, [ 144739007513 ],, [ 3761308927, 34871653441, 1178171412578678647 ], [ 1651277227 ],,,,
  ,,,, [ 13025855968651 ],, [ 4753564979 ], [ 8327496651140686801 ],,,,,,,,,,, 
  [ 1081974277376513 ],,, [ 10094282197, 359620715581 ],,,,,,,, [ 15201367301 ],,,,,,,, 
  [ 162415197169 ],,,, [ 27050257721, 278433444097 ],,,,,,,,,, [ 14450705218887229 ],, 
  [ 14605603141 ],,,, [ 52206959710361 ],, [ 13704563021 ],, [ 4043180041, 15977652409 ],,,,,
  ,,, [ 1328393516761 ],,,, [ 5619385360873 ],, [ 8931889333 ],, [ 20738145913 ], 
  [ 3466906787, 93052680113, 468627039721 ],,,,,, [ 1205500951 ],,, 
  [ 4752179429, 715321812077, 435909627855487 ],, [ 6412616281 ],,,, 
  [ 16030492481, 39072559817, 10195369857217 ],, [ 122300077762381 ],,,,,,, 
  [ 9377743807, 43924797401 ],,,, [ 3885379177 ],,,,, 
  [ 7355289463, 168300474437, 11107911949489 ],,,, [ 56443302591213379 ],,,,,, 
  [ 5492222721397369 ],,,,,,,, [ 406768156001, 1651505384801 ],, [ 2557179407, 26505194543 ],
  ,,,, [ 109644359113 ], [ 1307870009 ],,,,,, [ 5859139441 ],,,, [ 211408634900467 ],, 
  [ 2253205402121 ],,,, [ 2173618303231097 ],,,,,,,,,,, [ 2914221811 ],,, [ 88816791751 ],, 
  [ 14268141627915812281 ],, [ 1786446174523, 481338113892653 ],,, [ 798949450261 ], 
  [ 65717526700369 ],, [ 4673021103713 ], [ 1747644427 ], [ 572923142101 ],,,,,,,,, 
  [ 357113112827 ],,,,, [ 357365980908577 ],,,,,,, [ 5964938981 ],,,,, [ 31792900141 ], 
  [ 2288817403 ], [ 1876352729 ],,,, [ 1354911643, 3560562559 ],, [ 60863805757 ],,,,,,,,,, 
  [ 275250504181 ], [ 5092505251 ], [ 2082853836673 ],, [ 649400914597, 281908550514187 ], 
  [ 2852875813 ], [ 223968549601 ],, [ 30512252452859 ],, [ 11371338257 ],,,,,, 
  [ 2301914161, 1382235165221 ], [ 812594200883 ], [ 1126541617, 10094508481 ],,,, 
  [ 29071626029, 32259387553, 32555029301 ],,,,,, [ 1190503370333, 6917477709749941 ],, 
  [ 717220782433 ],, [ 2121825289, 4991060022307 ],,,,,, [ 78399542820617, 1813368012130457 ]
    , [ 6850614079 ],,, [ 1577062657 ],,,,, [ 8374751323, 230074846289 ], [ 5987894754967 ],
  , [ 14151995082961 ],,,, [ 268612918137829 ],, [ 1293971251, 55893181075601 ], 
  [ 178108624621 ],,, [ 1819935307, 1908008587 ],, [ 4863562049 ],,,, [ 17099421496560961 ], 
  [ 3152339471 ],,,,, [ 1609471921, 100635047429113 ],,,, [ 458656424471611 ],,,,, 
  [ 1637847901 ],,,,,,, [ 11287246463 ],,,,,,,,,,,, [ 44908215440873 ],,, [ 11621498597 ], 
  [ 976623572121823 ],,,, [ 7071461441146303 ], [ 1153951501, 9746221211 ],,, 
  [ 28340498821 ],, [ 1107696241 ],,,,,,,,,,,,,,,,,, [ 4516128811 ],,, [ 5710239991 ],,,, 
  [ 41824469683 ],,,,, [ 4444450198503373 ],,,,,,, [ 17954007061 ],,, 
  [ 2805345089, 70726660009 ],, [ 34024585351, 819386614201 ],, [ 1419041749, 555037709021 ],
  ,, [ 5905733861 ],,,,,,,,,,,,,, [ 1974714527 ],,,, [ 1919502577 ],,,,,,, [ 44268815626921 ]
   ,,, [ 3869777767 ],,, [ 92798696743 ],,,,,,,,,, [ 1448016569 ], 
  [ 79178853529, 253247467679 ],,,,, [ 3814318439 ],, [ 2003274241 ],,,, [ 4954230317 ],, 
  [ 5463707939551 ],, [ 265203092881 ],,,,,, [ 4119385037 ],, [ 5958019201 ],,, 
  [ 1169034017 ],,,,, [ 340409678641 ],, [ 8701096051 ],,,,,,,, [ 6367185109 ],, 
  [ 110645959261, 6434016443221 ],,,,,,,,, [ 2200141969 ],,, [ 1066301569, 10873415809 ],,,,,
  ,,,,,, [ 3098022661 ],,,,,,,,,,,, [ 8877128245351 ],,,,,,,,,,, [ 413411434873 ],,,,,, 
  [ 1089653909713 ],,,, [ 66682946513 ],,,,,,,,,,,,,, [ 16923279011 ],,,,,,,, [ 6896379337 ],
  , [ 126101104421 ],,,, [ 4492933129 ],,,,,,, [ 10815501989 ], [ 419739239921 ],,,,, 
  [ 87069604693 ],,,,,,,, [ 12584880811 ],,,,,, [ 1169092027, 1366354711 ],, [ 1818907427 ],,
  ,,,, [ 1124574053 ], [ 5804649950401 ],, [ 6526241177 ],, [ 2882712529, 30406623473 ],,,,,,
  ,, [ 711168114961 ],, [ 7525505261 ],,,,,,,,,,,,,,,,,,,,,,,,, [ 10325259979 ], 
  [ 2960101301 ], [ 2519187925769 ], [ 1748348230063 ],,, [ 4730400541 ],,, [ 1621205298337 ]
   ,,,,,,,,,,,, [ 461027278801, 3299368022918881 ],,,,,,,,,, [ 4670017031 ],, [ 1558413361 ],
  ,,, [ 11211227033 ], [ 149190647789 ], [ 19025545159 ],, [ 3202918921 ],, 
  [ 96399378662269 ],, [ 8525095489 ],,,,,,,, [ 1149916561 ],,,,, [ 2093169787, 25650399389 ]
   ,,,,, [ 3245112097 ], [ 1085964799 ], [ 1465939219273 ],,,,, [ 60756148813 ],,, 
  [ 1089978541 ],,,,,, [ 26628695237 ],,, [ 48777566309 ],, [ 4028584957 ],,, 
  [ 419959334719 ],,,,,, [ 68231261713 ],, [ 1983090306661 ],,,,,,,,,,,,,, [ 1321103873 ], 
  [ 9489279659, 142689841429 ], [ 8648626981 ],,,, [ 2863673807 ],,,,,,,,,,,,,, 
  [ 305293593697 ],,, [ 4456792261 ],,,,,,,,,,,,, [ 124584616141 ],,,,, [ 3581099173 ], 
  [ 1889513851 ],,,,,,, [ 1058962171 ], [ 445836133801 ],,,,,,,,,,,,,,,,,,,, [ 15062488663 ],
  , [ 8191573561 ],,,,,,,,,, [ 1915013416961 ],,,, [ 12107538847 ],,,,,,,,,,,, 
  [ 13688675557 ],, [ 338339260741 ],, [ 5034575561 ],,, [ 37061231549 ],,,,,,,, 
  [ 15298388353 ],,,,,,,,,,,,, [ 25485454151 ],,, [ 8801463498803 ],,,,,, [ 9184386557 ],,,,,
  ,,,,,,,, [ 1598102249 ],,,, [ 339574510081 ],, [ 3272878907 ],,, [ 77639847191 ],,,,,,,, 
  [ 1010894743 ], [ 28152356233 ],, [ 3425525833 ], [ 6683893721 ], [ 95678242801 ],,,,,,,,,,
  , [ 1864183021 ],,,,, [ 4843507679, 56644144901 ],,,, [ 1900806619 ],, [ 3259324801 ],, 
  [ 7347667519 ],, [ 363469976921 ],, [ 398615379889 ],,,,,, [ 14893977281 ],,,,, 
  [ 20051120761057 ],, [ 2881366681 ], [ 2251440361 ],,,,,,,,,,,,,,,,,,, [ 1840413433 ],, 
  [ 1241941898971 ],,,,,,,,,,,,,,,, [ 3234825227 ],,,,,,,,,,,,,,,, [ 1079369411 ],,,,,,,,,,, 
  [ 446033710817 ],,,, [ 36836633201 ],,,,,,,,,, [ 9943243489 ], [ 12090369433 ],,, 
  [ 93153879258431 ],,,, [ 5367019703 ],,,,, [ 4885846051 ],,,,,,,,,,, [ 16354300663 ], 
  [ 461733451211 ],,,,,,,,,,,, [ 45907454581 ],,,,,,,,,,,,, [ 920201601257 ], 
  [ 1972693603 ], [ 12510426251 ],,,, [ 5823460663, 228473545813 ],,,,,, [ 2348908321 ],,,,,,
  ,, [ 444219501233 ],,,,,,,,,,,,,,,, [ 1511902537 ],, [ 1819187453 ],,,,, [ 1041806791 ],,,,
  ,,,,,,,, [ 2142324601 ],,,,, [ 2004086641 ],,, [ 2619339851 ],,,,, 
  [ 4897040129, 6753331721 ],, [ 118592750449 ],,,,,, [ 1186366081 ],,, [ 2744373241 ],, 
  [ 4829306233 ],, [ 3175224989 ],,,, [ 2497552441 ],,,,, [ 1330424881 ],,,, [ 9992119681 ], 
  [ 574753134331 ],,,,,,,,,,,,,,,, [ 19868531027 ],,, [ 2847049369 ], [ 15343866011 ],,,,,,,,
  , [ 690447797177 ],,,,,,,,, [ 7344822269 ],,,,,, [ 1853883491 ],,,,,,,, [ 216162778189 ],,,
  ,,,, [ 3850982801 ],,,,,,,, [ 7098210137 ],,, [ 94171634021 ],,,,,,, 
  [ 4408837361, 134563857787 ],, [ 1820998661 ],,,,,, [ 8956865591 ],,,,,,,,,,,,,,, 
  [ 41889791761 ],,,,,,,,,,,,, [ 520695866329 ],, [ 332320843961 ],,, [ 36398224747 ],,,, 
  [ 1572419801 ],,,,,,,,,,,,,,,,,,,,,,,,,,,,,,, [ 19678831599871 ],,,,,,,,,,,,,,,,,,,,,,,, 
  [ 6639862109389 ],,,,,,,,,, [ 7818674737 ],,,,,, [ 52474764347 ],,, [ 7621518529 ],,,, 
  [ 5957751671 ],,,,,,, [ 150352822513 ],,,,,, [ 8374674967 ],,,,,, [ 20765301313 ],,,,,, 
  [ 66604152331 ], [ 10702737469 ],,,,, [ 8950873297 ],,, [ 62395659019 ],,,,,,,,,,,,,,, 
  [ 1255495393 ],,,, [ 193824636337 ],, [ 54602832901 ],, [ 1488396773 ],,,,,,,,,, 
  [ 1153247041, 2490763969 ],,,,,,,, [ 25369541801 ],,, [ 5634824141 ],,,,,,,,,,,,,,,,,,,,,,
  , [ 1537254911 ],, [ 6727287575209 ],,,,,,,, [ 9540823909, 12404481880561 ],,,,,, 
  [ 1723790707 ],,,,,, [ 41889458609 ],,,, [ 8151516001, 8596148293 ],,,,, [ 5733538777 ],,,,
  ,,,,,,,,,,,,,, [ 76758460771 ],,,,, [ 21311591401 ],,,,, [ 2161032301 ],,, 
  [ 2210956513, 19323005089 ],,, [ 5015321208811 ],,, [ 1890831277 ],,,,,, [ 11768095681 ],,,
  ,,, [ 161696898217 ],,,,,,,,,,,,,, [ 14608856641 ],,,,,,, [ 42984566227 ],,, 
  [ 10459003501 ],,,,,,,,,, [ 33920956981 ],,,, [ 15152979169, 1118248203641 ],,,,,,,,,,, 
  [ 846362621651 ], [ 2594289497 ],,,,,, [ 2400323983 ],,,,,,,,,,,,, [ 1366204321 ],,,,,,, 
  [ 1757171849, 3837010433 ], [ 17248432498501 ],,,,,,, [ 12059371171 ],,,,,,,,,,,,,,,,,,,,,,
  ,,,,,,,, [ 12003605641, 13780929241 ],,, [ 12226931443 ],,,,,, [ 2172561913 ],,,,,,,,,,,,, 
  [ 1353503947, 2839509007 ],,,,,,,,,,, [ 137437354237 ],,,,, [ 43967362783 ],,,,,,, 
  [ 110054869492681 ],,,,,,,,,,,,,,, [ 1328414401 ],, [ 13983082067 ],,,,,, [ 48106939721 ],,
  ,,,,,,,,,, [ 22372118341 ],,,,,,,,,,,,,,,,,,,,,,,,,,,,,,,,,,,,,,,,,,,,,,,,,,,,,,,,,,,,,,,,,
  ,,,,,,,,,,,,,, [ 19465730593 ],,,,,,,,,,, [ 20248272911 ],,,,,,, [ 47783875753 ],,,,, 
  [ 21602493641 ],,,,,,,,,,,,,,,,,,,,,, [ 401862222241 ],,,,,,,, [ 20814157937 ],, 
  [ 4199629037 ],,,,,, [ 8160593921 ],, [ 16267787929 ],,,,,,,,,,,,,,, [ 1880498749 ],,,,,, 
  [ 579898626049 ], [ 4653661399537 ],,,,,,,,,,,,,,,, [ 4023996601 ],,,, 
  [ 1191559153, 15830723749 ],,,, [ 12522030337 ],,,,, [ 8746970467, 45613447777 ],,,,,,,,,,
  , [ 18235873729 ],,,,,,,,,, [ 1126798861 ],, [ 33025879897 ],,,,,, [ 13344631037 ],,,,,,, 
  [ 8574818299 ], [ 4389099601 ],,,, [ 297564966100013 ], [ 43568719921 ],,,,,,,,, 
  [ 2986783561, 174626377489 ],,, [ 14280526177 ],,,,,,,,,,, [ 73493609983 ],, 
  [ 2918624521, 3463993801, 29533090801 ],,,,,,,,,,, [ 93411434811943 ],,, [ 3812556883 ],,,
  , [ 89158437157 ],, [ 98506343701 ],, [ 1144426697 ],,,,,,,,,,,, [ 1243682359, 1514485279 ]
   ,, [ 1320473029 ],,,,,,,,,,,,,, [ 12376460461 ],,,,,,,,, [ 13176507301 ],,,,,,,,,,,, 
  [ 4856560381 ],,, [ 52239879667 ],,,,,,,,,,,, [ 26166473407 ],,,,,,,,,,,,,,, 
  [ 21101335593787 ],,, [ 11031975841 ],,,,,,,,,,,,,,,,,,,,,,,,,,,, 
  [ 1813529101, 4900447093 ],,,,,,,,,,,,,,,,, [ 55013888233 ], [ 14620433731 ],,,,,,,,,,,,,,,
  ,,,,,,,,,,, [ 13454873041 ],,,,,,,,, [ 30855310831 ],,,,, [ 2790535441 ], [ 1167716089 ],,,
  ,,,,,, [ 24579187201 ],,,,,,,,,,,,,,,,,,,,,,,, [ 1249141081 ], [ 10005546251 ],,,,,,,,,,,,,
  ,,,,,,,,,,,, [ 99348761111 ],, [ 1101332501 ],,,,,,,, [ 1574231821, 1347985922221 ],,,,,,,,
  ,,,, [ 93875383009 ],, [ 3332785513 ],, [ 35810766469 ],,,, [ 23962428401 ],, 
  [ 417984504947 ],,,,,, [ 7200949729, 179018766529 ],,,,,,, [ 22095342851 ],,,,,,,,,,, 
  [ 25465282837 ],,,,,,,,,,,,,,,, [ 1540473299 ],,,,,,,,,,,,,, [ 44203225873 ],,,,,,,,,,,,,,,
  ,,,,, [ 1102210693 ],,,, [ 56405448795841 ],,,,,,,,,,,,,,,,,,,,,,,,,,,, [ 2119727221 ],, 
  [ 2287398049861 ],,,,,,,, [ 76947011263 ],, [ 261920686721 ],,,,,,,,,,,,,,,,,,,, 
  [ 226116315701 ],,,,,,,,,,,,,,,,,, [ 5253318649 ],,,,,,,,,,,,,, [ 376017985297 ],,,, 
  [ 10149908609 ],,,, [ 181613565101, 34826977712641 ],,,, [ 2022579217 ],,,,,,,,,,,,,,,,,,,,
  ,,,,,,,,,,,,,,,,,,,,,, [ 25069512529 ],,,,,, [ 242415258961 ],,,, [ 1381087481 ],,,,,,,, 
  [ 26219491849 ],,,, [ 68082360649 ],,,,,,,,,, [ 3417786313 ],,,,,,,,,,,,,,,,,, 
  [ 36455568973 ],,,, [ 4195663921 ],,,,,,,,,,,,,, [ 53178696749 ],,,,,, [ 25596183401 ],,,,,
  ,,,,,,,,,,,,,,, [ 1395971281 ],,,,,,,,,,,,,,,,,,,, [ 2728014301 ],,,,,, [ 426376043221 ],,,
  , [ 1016130281 ],,,,,, [ 2148030753721 ],,,,,,,,,,,,,, [ 2363790511 ],,,, [ 53871312109 ],,
  ,,,, [ 2668200923681 ],,,, [ 9694991681 ], [ 2866604791 ],,,,,,,,,,,,,,,,,,,,,,,,,,,,,,,,,,
  ,,,,,,,,,,, [ 1002524701 ],,,,,,,,,,,,,,,,,,,,,,,, [ 1021089847 ],,,,,,,, [ 61876220737 ],,
  ,, [ 1371294187 ],,,,,, [ 3350448817 ],,,,,,,,,,,,,,,,,,,,,,,,,,,,,,,,, [ 6610235941 ],,,,,
  ,,,,,, [ 4554102257, 3220367896769 ],,,,,,,,,,,,,, [ 2717617631 ],,,, [ 3093636517 ],, 
  [ 3217333841 ],,,,,,,, [ 3477232583089 ],,,,,,,,,,,, [ 153137875153 ],,,,,,,,,,,,,,,, 
  [ 7373396137 ],,,,,,,,,, [ 3856522517, 4982488897 ],,,,,,, [ 41961672481 ],,,,,,,,, 
  [ 45813113989 ],, [ 3097890641 ],,,,,, [ 35990799991 ],, [ 5337842177 ],, [ 3491709901 ],,,
  , [ 55612923211 ],,,,,,,,,, [ 2128634369 ],, [ 45435179417 ],,,,,,,,,,,,,, 
  [ 1617469201, 13820155201 ],,,,,,,,,,,,,,,,,,,,,,,,,,,,,,,,,,,,,,,,,,,, [ 7870602721 ],, 
  [ 11985907799 ],, [ 1382351233 ],,,,,,,,,,,,,,,,,,,,,,,,,,,,,,,,,,,,,,,,,,,,,,,,,,,,,,,,,, 
  [ 104433845903 ],,,,,,,,,,,,,,,, [ 662594824517 ],,,,,,,,,,,,,,,,,, [ 10017414221 ],,,, 
  [ 1858083553, 315699703489 ],,,,,, [ 153479325001 ],, [ 32520493769 ],, [ 2118813911 ],, 
  [ 2291952517 ],, [ 1775166461 ],,,,,,,,,,,,,,,,,,,,,,,,,,,,,,,,,,,,,,,,,,,,,,,,,,,,,, 
  [ 3790061941 ],,,,,,,,,,,,, [ 1642302001 ],,,,,,,,,,,,,,,,,,,,,,,,,,,,,,,,,,,,,,,,,,,,,,,,,
  ,,,,,,,,,, [ 38524063789 ],, [ 6724114580639 ],,,,,, [ 12901727021 ],,,,,,,,,,,,,,,,,,,, 
  [ 1640000377 ],,,, [ 11570891069, 44667446737 ],, [ 1607896267 ],,,,,,,,,,,,,, 
  [ 21985726494733 ],,,,,, [ 2405330401 ],,,,,,,,,,,, [ 20631406951 ],,,, [ 26538544189 ],,,,
  ,,,,,,,,,,,,,,,,,, [ 49110271729 ],,,,,,,,,,,,,, [ 3652789141 ],,,,,,,,,,,,,,,,,,,,,,,, 
  [ 168364496467 ],,,,,, [ 1982374561 ],,,,,,,, [ 23214689213 ],,,,,,,,,, [ 24787937347 ],,,,
  ,,,,,, [ 6063102497 ],,,,,,,,,,,,,,,,,,,,,,,,,,,,,,,,,, [ 3004845923 ],,,,,,,,,,,,,,,,,,,,,
  ,,,,,,, [ 357503212501 ],,,,,,,,,,,,,,,,,,,,,,,, [ 1108705729 ],, [ 13753163689 ],,,,,,,,,,
  ,, [ 224175557297 ],,,,,,,,,,,,,,,,,,,,,,,, [ 26425639913 ],,,,,,,, [ 42521551601 ],,,,,,,,
  ,,,,,,,,,,,,,, [ 32493257972209 ],,,,,,,,,,,,,,,,,,,,,,,,,, [ 1618190897 ],,,,,,,,,,,, 
  [ 149025145601 ],,,,,,,,,,,,,,,,,,,,,,,,,,,,,,,,,,,,,,,, [ 18018855641 ],,,,,,,,,,,,,,,,,,,
  ,,,,,, [ 277464301591 ],,,,,,, [ 1049295017 ],, [ 2813224111 ],,,,,,,,,,,,,,,, 
  [ 22985220451 ],,,,,,,,,,,,,,,,,,,,,,,,,,,,,, [ 3591467161, 9685116521 ],,,,,,,,,,,,,,,,,,,
  ,,,,,,,,,,,,, [ 1179493561 ],,,,,,,,,,,,,,,,,,,,,,,,,,,, [ 26483123941 ],,,,,,,,,,,,,,,,,,,
  ,,,,,,,,,,,,,,,,,,,,,,,,,,,,,,,,,,,,, [ 2692827844801 ],,,,,,,,,,,,,,,,,,,,,,,,,,,,,,,,,, 
  [ 117481693561 ],, [ 152930427361 ],,,,,,,,,,,,,,,,,,,,,,,,,,,, [ 14634349501 ],,,,,,,,,,,,
  ,, [ 3073745071 ],,,,,,,,,, [ 1785482441 ],,,,,, [ 130324947581 ],,,,,, [ 1669956289 ],,,,,
  ,,,,,,,,,,,,,,,,,,,,,,,,,,, [ 9244597249 ],,,,,,,,,,,,,,,,,,,,,,,, [ 611926354297 ],,,,,,,,
  ,,,,,,,,,,,,,,,,,,,,,,,,,,,,,, [ 1660796771 ],,,,,,,,,,,,,,,,,,,, [ 23270898281 ],,,,,,,,,,
  ,,,,,,,,,,,,,,,,,,,,,,,,,,,,,,,,,,,,,,,,,,,,,,,,,,,,,,,,,,,, [ 3934268521 ],,,,,,,,,,,,,,,,
  ,,,, [ 1187552761, 15444595861 ],,,,,,,,,,,,,,,,,,,,,,,,,, [ 22940700877, 32550581431 ],,,,
  ,,,,,,,,,,,,,, [ 120945986929, 172616772313 ],,,,,,,,,,,,,,,,,,,,,,,,,,,,,, [ 3006193843 ],
  ,,,,,,, [ 35745326761 ],,,,,,,,,,,,,,,,,,,,,,,,,,,,,,,,,,,,,,,,,,,,,,,,,,,,,,,,,,,,,,,,,,,,
  ,,,,,,,, [ 1690395913 ],,,,,, [ 29129034481 ],,,,,,,,,,,,,,,,,,,,,,,, [ 4179076130233 ],,,,
  ,,,,,,,,,,,,,, [ 3701112787 ],,,,,,,,,,,, [ 11858664637 ],,,,,,,,,,,,,,,,,,,,,,,,,,,,,,,,,,
  ,, [ 12942529783 ],,,,,,,,,,,,,,,,,,,,,,,,,,,,,,,,,,,,,,,,,,,,,,,,,,,,,,,,,,,,,,,,,,,,,,,,,
  ,,,,,,,,,,,,,,,,,,,,,,,,,,,,,,,,,,,,,,,,,,,,,,,,,,,,,,,,,,,,,,,,,,,,,,,,,,,,,,,,,,,,,,,,,,,
  ,,,,,,,,,,,,,,,,,,,,,,,,,,,,,,,,,,,,,,,,,,,,,,,,,,,, [ 3029638501 ],,,,,,,,,,,,,,,,,,,,,,,,
  ,,,,,,,,,,,,,,,,,,,,,,,,,,,,,,,,,,,,,,,,,,,,,,,,,,,,,,,,,,,,,,,,,,,,,,,,,,,,,,,,,,,, 
  [ 1558587210847 ],,,,,,,,,,,,,,,,,,,,,,,,,,,,,, [ 1249229353 ],,,,,,,,,,,,,,,,,, 
  [ 1045417687 ],,,,,,,,,,,, [ 39573435007 ],,,,,,,,,,,,,,,,,,,,,,,,,,,,,, [ 6006060433 ],,,,
  ,,,,,,,,,,,,,,,,,,,,,,,,,, [ 5682986518969 ],,,,,,,,,,,,,,,,,,,,,,,,,,,,,,,,,,,,,,,,,,,,,,,
  , [ 1189311247 ],,,,,,,,,,,,,,,,,, [ 10395620929 ],,,,,,,,,,,,,,,,,,,,,,,,,,,,,,,,,,,,,,,,,
  ,,,,,,,,,,,,,,,,,,,,,,,,, [ 6635833381 ],,,,,,,,,,,,,,,,,,,,,,,, [ 2028234367 ],,,,,,,,,,,,
  ,,,,,,,,,,,,,,,,,,,,,,,,,,,,,,,,,,,,,,,,,,,,,,,,,,,,,,,,,,,,,,,,,,,,,,,,,, [ 2828928961 ],,
  ,,,,,,,,,,,,,,,,,,,,,,,,,,,,,,,, [ 3884197423 ],,,,,,,,,,,, [ 3598906561 ],,,,,,,,,,,,,,,,,
  ,,,,,,,,,,,,,,,,,,,,,,,,, [ 1922709361, 3613046449 ],,,,,,,,,,,,,,,,,,,,,,,,,,,,,,,,,,,,,,,
  ,,, [ 115407986851 ],,,,,,,,,,,,,,,,,,,,,,,,,,,,,,,,,,,,,,,,,, [ 352008725569 ],,,,,, 
  [ 27928759081273 ],,,,,,,,,,,,,,,,,, [ 1771072921 ],,,,,,,,,,,,,,,,,,,,,,,,,,,,,,,,,,,,,,,,
  ,,,,,,,,,,,,,,,,,,,,,,,,,,,,,,,,,,,,,,,,,,,,,,,,,,,,,,,,,,,,,, [ 4061409787 ],,,,,,,,,,,,,,
  ,,,,,,,,,, [ 722027053987 ],,,,,,,,,,,,,,,,,,,,,,,,,,,,,,,,,,,,,,,,,, [ 291958499197 ],,,,,
  ,,,,,,,,,,,,,,,,,,,,,,,,,,,,,,,,,,,,,,,,,,,,,,,,,,,,,,,,,,,,,,,,,,,,,,,,,,,,,,,,,,,,,,,,,,,
  ,,,,,,,,,,,,,,,,,,,,,,,,,,,,,,,,,,,,,,,,,,,,,,,,,,,,,,,,,,,,,,,,,,,,,,,,,,,,,,,,,,,,,,,,,,,
  ,,,,,,,,,,,,,,,,,,,,,,,,,,,,,,,,,,,,,,,,,,,,,,,,,,,,,,,,,,,,,,,,,,,,,,,,,,,,,,,,,,,,,,,,,,,
  ,,,,,,,,,,,,,,,,,,,,,,,,,,,,,,,,,,,,,,,,,,,,,,,,,,,,,,,,,,,,,,,,,,,,,,,,,,,,,,,,,,,,,,,,,,,
  ,,,,,,,,,,,,,,, [ 6312198817 ],,,,,,,,,,,,,,,,,,,,,,,,,,,,,,,,,,,,,,,,,,,,,,,,,,,,,,,,,,,,,
  ,,,,,,,,,,,,,,,,,,,,,,,,,,,,,,,,,,,,,,,,,,,,,,,,,,,,,,,,,,,,,,,,,,,,,,,,,,,,,,,,,,,,,,,,,,,
  ,,,,,,,,,,,,,,,,,,,,,,,,,,,,,,,,,,,,,,,,,,,,,,,,,,,,,,,,,,,,,,,,,,,,,,,,,,,,,,,,,,,,,,,,,,,
  ,,,,,,,,, [ 6294765121 ],,,,,,,,,,,,,,,,,,,,,,,,,,,,,,,,,,,,,,,,,,,,,,,,,,,,,,,,,,,, 
  [ 1183821901 ],,,,,,,,,,,,,,,,,,,,,,,,,,,,,,,,,,,,,,,,,,,,,,,,,,,,,,,,,,,,,,,,,, 
  [ 7100007139 ],,,,,,,,,,,,,,,,,,,,,,,, [ 726984506071 ],,,,,,,,,,,,,,,,,,,,,,,,,,,,,,,,,,,,
  ,,,,,,,,,,,,,,,,,,,,,,,,,,,,,,,,,,,,,,,,,,,,,,,,,,,,,,,,,,,,,,,,,,,,,,,,,,,,,,,,,,,,,,,,,,,
  ,,,,,,,,,,,,,,,,,,,,,,,,,,,,,,,,,,,,,,,,,,,,,,,,,,,,,,,,,,,,,,,,,,,,,,,,,,,,,,,,,,, 
  [ 2946016321 ],,,,,,,,,,,,,,,,,, [ 16739937397 ],,,,,,,,,,,,,,,,,,,,,,,,,,,,,,,,,,,,,,,,,,,
  ,,,,,,,,,,,,,,,,,,,,,,,,,,,,,,,,,,,,,,,,,,,,,,,,,,,,,,,,,,,,,,,,,,,,,,,,,,,,,,,,,,,,,,,,,,,
  ,,,,,,,,,,,,,,,,,,,,,,,,,,,,,,,,,,,,,,,,,,,,,,,,,,,,,,,,,,,,,,,,,,,,,,,,,,,,,,,,,,,,,,,,,,,
  ,,,,,,,,,,,,,,,,,,,,,,,,,,,,,,,,,,,,,,,,,,,,,,,,,,,,,,,,,,,,,,,,,,,,,,,,,,,,,,,,,,,,,,,,,,,
  ,,,,,,,,,,,,,,,,,,,,,,,,,,,,,,,,,,,,,,,,,,,,,,,,,,,,,,,,,,,,,,,,,,,,,,,,,,,,,,,,,,,,,,,,,,,
  ,,,,,,,,,,,,,,,,,,,,,,,,,,,,,,,,,,,,,,,,,,,,,,,,,,,,,,,,,,,,,,,,,,,,,,,,,,,,,,,,,,,,,,,,,,,
  ,,,,,,,,,,,,,,,,,,,,,,,,,,,,,,,,,,,,,,,,,,,,,,,,,,,,,, [ 22834974601 ],,,,,,,,,,,,,,,,,,,,,
  ,,,,,,,,,,,,,,,,,,,,,,,,,,,,,,,,,,,,,,,,,,,,,,,,,,,,,,,,,,,,,,,,,,,,,,,,,,,,,,,,,,,,,,,,,,,
  ,,,,,,,,,,,,,,,,,,,,,,,,,,,,,,,,,,,,,,,,,,,,,,,,,,,,,,,,,,,,,,,,,,,,,,,,,,,,,,,,,,,,,,,,,,,
  ,,,,,,,,,,,,,,,,,,,,,,,,,,,,,,,,,,,,,,,,,,,,,,,,,,,,,,,,,,,,,,,,,,,,,,,,,,,,,,,,,,,,,,,,,,,
  ,,,,,,,,,,,,,,,,,,,,,,,,,,,,,,,,,,,,,,,,,,,,,,,,,,,,,,,,,,,,,,,,,,,,,,,,,,,,,,,,,,,,,,,,,,,
  ,,,,,,,,,,,,,,,,,,,,,,,,,,,,,,,,,,,,,,,,,,,,,,,,,,,,,,,,,,,,,,,,,,,,,,,,,,,,,,,,,,,,,,,,,,,
  ,,,,,,,,,,,,,,,,,,,,,,,,,,,,,,,,,,,,,,,,,,,,,,,,,,,,,,,,,,,,,,,,,,,,,,,,,,,,,,,,,,,,,,,,,,,
  ,,,,,,,,,,,,,,,,,,,,,,,,,,,,,,,,,,,,,,,,,,,,,,,,,,,,,,,,,,,,,,,,,,,,,,,,,,,,,,,,,,,,,,,,,,,
  ,,,,,,,,,,,,,,,,,,,,,,,,,,,,,,,,,,,,,,,,,,,,,,,,,,,,,,,,,,,,,,,,,,,,,,,,,,,,,,,,,,,,,,,,,,,
  ,,,,,,,,,,,,,,,,,,,,,,,,,,,,,,,,,,,,,,,,,,,,,,,,,,,,,,,,,,,,,,,,,,,,,,,,,,,,,,,,,,,,,,,,,,,
  ,,,,,,,,,,,,,,,,,,,,,,,,,,,,,,,,,,,,,,,,,,,,,,,,,,,,,,,,,,,,,,,,,,,,,,,,,,,,,,,,,,,,,,,,,,,
  ,,,,,,,,,,,,,,,,,,,,,,,,,,,,, [ 6065133691 ],,,,,,,,,,,,,,,,,,,,,,,,,,,,,,,,,,,,,,,,,,,,,,,
  ,,,,,,,,,,,,,,,,,,,,,,,,,,,,,,,,,,,,,,,,,,,,,,,,,,,,,,,,,,,,,,,,,,,,,,,,,,,,,,,,,,,,,,,,,,,
  ,,,,,,,,,,,,,,,,,,,,,,,,,,,,,,,,,,,,,,,,,,,,,,,,,,,,,,,,,,,,,,,,,,,,,,,,,,,,,,,,,,,,,,,,,,,
  ,,,,,,,,,,,,,,,,,,,,,,,,,,,,,,,,,,,,,,,,,,,,,,,,,,,,,,,,,,,,,,,,,,,,,,,,,,,,,,,,,,,,,,,,,,,
  ,,,,,,,,,,,,,,,,,,,,,,,,,,,,,,,,,,,,,,,,,,,,,,,,,,,,,,,,,,,,,,,,,,,,,,,,,,,,,,,,,,,,,,,,,,,
  ,,,,,,,,,,,,,,,,,,,,,,,,,,,,,,,,,,,,,,,,,,,,,,,,,,,,,,,,,,,,,,,,,,,,,,,,,,,,,,,,,,,,,,,,,,,
  ,,,,,,,,,,,,,,,,,,,,,,,,,,,,,,,,,,,,,,,,,,,,,,,,,,,,,,,,,,,,,,,,,,,,,,,,,,,,,,,,,,,,,,,,,,,
  ,,,,,,,,,,,,,,,,,,,,,,,,,,,,,,,,,,,,,,,,,,,,,,,,,,,,,,,,,,,,,,,,,,,,,,,,,,,,,,,,,,,,,,,,,,,
  ,,,,,,,,,,,,,,,,,,,,,,,,,,,,,,,,,,,,,,,,,,,,,,,,,,,,,,,,,,,,,,,,,,,,,,,,,,,,,,,,,,,,,,,,,,,
  ,,,,,,,,,,,,,,,,,,,,,,,,,,,,,,,,,,,,,,,,,,,,,,,,,,,,,,,,,,,,,,,,,,,,,,,,,,,,,,,,,,,,,,,,,,,
  ,,,,,,,,,,,,,,,,,,,,,,,,,,,,,,,,,,,,,,,,,,,,,,,,,,,,,,,,,,,,,,,,,,,,,,,,,,,,,,,,,,,,,,,,,,,
  ,,,,,,,,,,,,,,,,,,,,,,,,,,,,,,,,,,,,,,,,,,,,,,,,,,,,,,,,,,,,,,,,,,,,,,,,,,,,,,,,,,,,,,,,,,,
  ,,,,,,,,,,,,,,,,,,,,,,,,,,,,,,,,,,,,,,,,,,,,,,,,,,,,,,,,,,,,,,,,,,,,,,,,,,,,,,,,,,,,,,,,,,,
  ,,,,,,,,,,,,,,,,,,,,,,,,,,,,,,,,,,,,,,,,,,,,,,,,,,,,,,,,,,,,,,,,,,,,,,,,,,,,,,,,,,,,,,,,,,,
  ,,,,,,,,,,,,,,,,,,,,,,,,,,,,,,,,,,,,,,,,,,,,,,,,,,,,,,,,,,,,,,,,,,,,,,,,,,,,,,,,,,,,,,,,,,,
  ,,,,,,,,,,,,,,,,,,,,,,,,,,,,,,,,,,,,,,,,,,,,,,,,,,,,,,,,,,,,,,,,,,,,,,,,,,,,,,,,,,,,,,,,,,,
  ,,,,,,,,,,,,,,,,,,,,,,,,,,,,,,,,,,,,,,,,,,,,,,,,,,,,,,,,,,,,,,,,,,,,,,,,,,,,,,,,,,,,,,,,,,,
  ,,,,,,,,,,,,,,,,,,,,,,,,,,,,,,,,,,,,,,,,,,,,,,,,,,,,,,,,,,,,,,,,,,,,,,,,,,,,,,,,,,,,,,,,,,,
  ,,,,,,,,,,,,,,,,,,,,,,,,,,,,,,,,,,,,,,,,,,,,,,,,,,,,,,,,,,,,,,,,,,,,,,,,,,,,,,,,,,,,,,,,,,,
  ,,,,,,,,,,,,,,,,,,,,,,,,,,,,,,,,,,,,,,,,,,,,,,,,,,,,,,,,,,,,,,,,,,,,,,,,,,,,,,,,,,,,,,,,,,,
  ,,,,,,,,,,,,,,,,,,,,,,,,,,,,,,,,,,,,,,,,,,,,,,,,,,,,,,,,,,,,,,,,,,,,,,,,,,,,,,,,,,,,,,,,,,,
  ,,,,,,,,,,,,,,,,,,,,,,,,,,,,,,,,,,,,,,,,,,,,,,,,,,,,,,,,,,,,,,,,,,,,,,,,,,,,,,,,,,,,,,,,,,,
  ,,,,,,,,,,,,,,,,,,,,,,,,,,,,,,,,,,,,,,,,,,,,,,,,,,,,,,,,,,,,,,,,,,,,,,,,,,,,,,,,,,,,,,,,,,,
  ,,,,,,,,,,,,,,,,,,,,,,,,,,,,,,,,,,,,,,,,,,,,,,,,,,,,,,,,,,,,,,,,,,,,,,,,,,,,,,,,,,,,,,,,,,,
  ,,,,,,,,,,,,,,,,,,,,,,,,,,,,,,,,,,,,,,,,,,,,,,,,,,,,,,,,,,,,,,,,,,,,,,,,,,,,,,,,,,,,,,,,,,,
  ,,,,,,,,,,,,,,,,,,,,,,,,,,,,,,,,,,,,,,,,,,,,,,,,,,,,,,,,,,,,,,,,,,,,,,,,,,,,,,,,,,,,,,,,,,,
  ,,,,,,,,,,,,,,,,,,,,,,,,,,,,,,,,,,,,,,,,,,,,,,,,,,,,,,,,,,,,,,,,,,,,,,,,,,,,,,,,,,,,,,,,,,,
  ,,,,,,,,,,,,,,,,,,,,,,,,,,,,,,,,,,,,,,,,,,,,,,,,,,,,,,,,,,,,,,,,,,,,,,,,,,,,,,,,,,,,,,,,,,,
  ,,,,,,,,,,,,,,,,,,,,,,,,,,,,,,,,,,,,,,,,,,,,,,,,,,,,,,,,,,,,,,,,,,,,,,,,,,,,,,,,,,,,,,,,,,,
  ,,,,,,,,,,,,,,,,,,,,,,,,,,,,,,,,,,,,,,,,,,,,,,,,,,,,,,,,,,,,,,,,,,,,,,,,,,,,,,,,,,,,,,,,,,,
  ,,,,,,,,,,,,,,,,,,,,,,,,,,,,,,,,,,,,,,,,,,,,,,,,,,,,,,,,,,,,,,,,,,,,,,,,,,,,,,,,,,,,,,,,,,,
  ,,,,,,,,,,,,,,,,,,,,,,,,,,,,,,,,,,,,,,,,,,,,,,,,,,,,,,,,,,,,,,,,,,,,,,,,,,,,,,,,,,,,,,,,,,,
  ,,,,,,,,,,,,,,,,,,,,,,,,,,,,,,,,,,,,,,,,,,,,,,,,,,,,,,,,,,,,,,,,,,,,,,,,,,,,,,,,,,,,,,,,,,,
  ,,,,,,,,,,,,,,,,,,,,,,,,,,,,,,,,,,,,,,,,,,,,,,,,,,,,,,,,,,,,,,,,,,,,,,,,,,,,,,,,,,,,,,,,,,,
  ,,,,,,,,,,,,,,,,,,,,,,,,,,,,,,,,,,,,,,,,,,,,,,,,,,,,,,,,,,,,,,,,,,,,,,,,,,,,,,,,,,,,,,,,,,,
  ,,,,,,,,,,,,,,,,,,,,,,,,,,,,,,,,,,,,,,,,,,,,,,,,,,,,,,,,,,,,,,,,,,,,,,,,,,,,,,,,,,,,,,,,,,,
  ,,,,,,,,,,,,,,,,,,,,,,,,,,,,,,,,,,,,,,,,,,,,,,,,,,,,,,,,,,,,,,,,,,,,,,,,,,,,,,,,,,,,,,,,,,,
  ,,,,,,,,,,,,,,,,,,,,,,,,,,,,,,,,,,,,,,,,,,,,,,,,,,,,,,,,,,,,,,,,,,,,,,,,,,,,,,,,,,,,,,,,,,,
  ,,,,,,,,,,,,,,,,,,,,,,,,,,,,,,,,,,,,,,,,,,,,,,,,,,,,,,,,,,,,,,,,,,,,,,,,,,,,,,,,,,,,,,,,,,,
  ,,,,,,,,,,,,,,,,,,,,,,,,,,,,,,,,,,,,,,,,,,,,,,,,,,,,,,,,,,,,,,,,,,,,,,,,,,,,,,,,,,,,,,,,,,,
  ,,,,,,,,,,,,,,,,,,,,,,,,,,,,,,,,,,,,,,,,,,,,,,,,,,,,,,,,,,,,,,,,,,,,,,,,,,,,,,,,,,,,,,,,,,,
  ,,,,,,,,,,,,,,,,,,,,,,,,,,,,,,,,,,,,,,,,,,,,,,,,,,,,,,,,,,,,,,,,,,,,,,,,,,,,,,,,,,,,,,,,,,,
  ,,,,,,,,,,,,,,,,,,,,,,,,,,,,,,,,,,,,,,,,,,,,,,,,,,,,,,,,,,,,,,,,,,,,,,,,,,,,,,,,,,,,,,,,,,,
  ,,,,,,,,,,,,,,,,,,,,,,,,,,,,,,,,,,,,,,,,,,,,,,,,,,,,,,,,,,,,,,,,,,,,,,,,,,,,,,,,,,,,,,,,,,,
  ,,,,,,,,,,,,,,,,,,,,,,,,,,,,,,,,,,,,,,,,,,,,,,,,,,,,,,,,,,,,,,,,,,,,,,,,,,,,,,,,,,,,,,,,,,,
  ,,,,,,,,,,,,,,,,,,,,,,,,,,,,,,,,,,,,,,,,,,,,,,,,,,,,,,,,,,,,,,,,,,,,,,,,,,,,,,,,,,,,,,,,,,,
  ,,,,,,,,,,,,,,,,,,,,,,,,,,,,,,,,,,,,,,,,,,,,,,,,,,,,,,,,,,,,,,,,,,,,,,,,,,,,,,,,,,,,,,,,,,,
  ,,,,,,,,,,,,,,,,,,,,,,,,,,,,,,,,,,,,,,,,,,,,,,,,,,,,,,,,,,,,,,,,,,,,,,,,,,,,,,,,,,,,,,,,,,,
  ,,,,,,,,,,,,,,,,,,,,,,,,,,,,,,,,,,,,,,,,,,,,,,,,,,,,,,,,,,,,,,,,,,,,,,,,,,,,,,,,,,,,,,,,,,,
  ,,,,,,,,,,,,,,,,,,,,,,,,,,,,,,,,,,,,,,,,,,,,,,,,,,,,,,,,,,,,,,,,,,,,,,,,,,,,,,,,,,,,,,,,,,,
  ,,,,,,,,,,,,,,,,,,,,,,,,,,,,,,,,,,,,,,,,,,,,,,,,,,,,,,,,,,,,,,,,,,,,,,,,,,,,,,,,,,,,,,,,,,,
  ,,,,,,,,,,,,,,,,,,,,,,,,,,,,,,,,,,,,,,,,,,,,,,,,,,,,,,,,,,,,,,,,,,,,,,,,,,,,,,,,,,,,,,,,,,,
  ,,,,,,,,,,,,,,,,,,,,,,,,,,,,,,,,,,,,,,,,,,,,,,,,,,,,,,,,,,,,,,,,,,,,,,,,,,,,,,,,,,,,,,,,,,,
  ,,,,,,,,,,,,,,,,,,,,,,,,,,,,,,,,,,,,,,,,,,,,,,,,,,,,,,,,,,,,,,,,,,,,,,,,,,,,,,,,,,,,,,,,,,,
  ,,,,,,,,,,,,,,,,,,,,,,,,,,,,,,,,,,,,,,,,,,,,,,,,,,,,,,,,,,,,,,,,,,,,,,,,,,,,,,,,,,,,,,,,,,,
  ,,,,,,,,,,,,,,,,,,,,,,,,,,,,,,,,,,,,,,,,,,,,,,,,,,,,,,,,,,,,,,,,,,,,,,,,,,,,,,,,,,,,,,,,,,,
  ,,,,,,,,,,,,,,,,,,,,,,,,,,,,,,,,,,,,,,,,,,,,,,,,,,,,,,,,,,,,,,,,,,,,,,,,,,,,,,,,,,,,,,,,,,,
  ,,,,,,,,,,,,,,,,,,,,,,,,,,,,,,,,,,,,,,,,,,,,,,,,,,,,,,,,,,,,,,,,,,,,,,,,,,,,,,,,,,,,,,,,,,,
  ,,,,,,,,,,,,,,,,,,,,,,,,,,,,,,,,,,,,,,,,,,,,,,,,,,,,,,,,,,,,,,,,,,,,,,,,,,,,,,,,,,,,,,,,,,,
  ,,,,,,,,,,,,,,,,,,,,,,,,,,,,,,,,,,,,,,,,,,,,,,,,,,,,,,,,,,,,,,,,,,,,,,,,,,,,,,,,,,,,,,,,,,,
  ,,,,,,,,,,,,,,,,,,,,,,,,,,,,,,,,,,,,,,,,,,,,,,,,,,,,,,,,,,,,,,,,,,,,,,,,,,,,,,,,,,,,,,,,,,,
  ,,,,,,,,,,,,,,,,,,,,,,,,,,,,,,,,,,,,,,,,,,,,,,,,,,,,,,,,,,,,,,,,,,,,,,,,,,,,,,,,,,,,,,,,,,,
  ,,,,,,,,,,,,,,,,,,,,,,,,,,,,,,,,,,,,,,,,,,,,,,,,,,,,,,,,,,,,,,,,,,,,,,,,,,,,,,,,,,,,,,,,,,,
  ,,,,,,,,,,,,,,,,,,,,,,,,,,,,,,,,,,,,,,,,,,,,,,,,,,,,,,,,,,,,,,,,,,,,,,,,,,,,,,,,,,,,,,,,,,,
  ,,,,,,,,,,,,,,,,,,,,,,,,,,,,,,,,,,,,,,,,,,,,,,,,,,,,,,,,,,,,,,,,,,,,,,,,,,,,,,,,,,,,,,,,,,,
  ,,,,,,,,,,,,,,,,,,,,,,,,,,,,,,,,,,,,,,,,,,,,,,,,,,,,,,,,,,,,,,,,,,,,,,,,,,,,,,,,,,,,,,,,,,,
  ,,,,,,,,,,,,,,,,,,,,,,,,,,,,,,,,,,,,,,,,,,,,,,,,,,,,,,,,,,,,,,,,,,,,,,,,,,,,,,,,,,,,,,,,,,,
  ,,,,,,,,,,,,,,,,,,,,,,,,,,,,,,,,,,,,,,,,,,,,,,,,,,,,,,,,,,,,,,,,,,,,,,,,,,,,,,,,,,,,,,,,,,,
  ,,,,,,,,,,,,,,,,,,,,,,,,,,,,,,,,,,,,,,,,,,,,,,,,,,,,,,,,,,,,,,,,,,,,,,,,,,,,,,,,,,,,,,,,,,,
  ,,,,,,,,,,,,,,,,,,,,,,,,,,,,,,,,,,,,,,,,,,,,,,,,,,,,,,,,,,,,,,,,,,,,,,,,,,,,,,,,,,,,,,,,,,,
  ,,,,,,,,,,,,,,,,,,,,,,,,,,,,,,,,,,,,,,,,,,,,,,,,,,,,,,,,,,,,,,,,,,,,,,,,,,,,,,,,,,,,,,,,,,,
  ,,,,,,,,,,,,,,,,,,,,,,,,,,,,,,,,,,,,,,,,,,,,,,,,,,,,,,,,,,,,,,,,,,,,,,,,,,,,,,,,,,,,,,,,,,,
  ,,,,,,,,,,,,,,,,,,,,,,,,,,,,,,,,,,,,,,,,,,,,,,,,,,,,,,,,,,,,,,,,,,,,,,,,,,,,,,,,,,,,,,,,,,,
  ,,,,,,,,,,,,,,,,,,,,,,,,,,,,,,,,,,,,,,,,,,,,,,,,,,,,,,,,,,,,,,,,,,,,,,,,,,,,,,,,,,,,,,,,,,,
  ,,,,,,,,,,,,,,,,,,,,,,,,,,,,,,,,,,,,,,,,,,,,,,,,,,,,,,,,,,,,,,,,,,,,,,,,,,,,,,,,,,,,,,,,,,,
  ,,,,,,,,,,,,,,,,,,,,,,,,,,,,,,,,,,,,,,,,,,,,,,,,,,,,,,,,,,,,,,,,,,,,,,,,,,,,,,,,,,,,,,,,,,,
  ,,,,,,,,,,,,,,,,,,,,,,,,,,,,,,,,,,,,,,,,,,,,,,,,,,,,,,,,,,,,,,,,,,,,,,,,,,,,,,,,,,,,,,,,,,,
  ,,,,,,,,,,,,,,,,,,,,,,,,,,,,,,,,,,,,,,,,,,,,,,,,,,,,,,,,,,,,,,,,,,,,,,,,,,,,,,,,,,,,,,,,,,,
  ,,,,,,,,,,,,,,,,,,,,,,,,,,,,,,,,,,,,,,,,,,,,,,,,,,,,,,,,,,,,,,,,,,,,,,,,,,,,,,,,,,,,,,,,,,,
  ,,,,,,,,,,,,,,,,,,,,,,,,,,,,,,,,,,,,,,,,,,,,,,,,,,,,,,,,,,,,,,,,,,,,,,,,,,,,,,,,,,,,,,,,,,,
  ,,,,,,,,,,,,,,,,,,,,,,,,,,,,,,,,,,,,,,,,,,,,,,,,,,,,,,,,,,,,,,,,,,,,,,,,,,,,,,,,,,,,,,,,,,,
  ,,,,,,,,,,,,,,,,,,,,,,,,,,,,,,,,,,,,,,,,,,,,,,,,,,,,,,,,,,,,,,,,,,,,,,,,,,,,,,,,,,,,,,,,,,,
  ,,,,,,,,,,,,,,,,,,,,,,,,,,,,,,,,,,,,,,,,,,,,,,,,,,,,,,,,,,,,,,,,,,,,,,,,,,,,,,,,,,,,,,,,,,,
  ,,,,,,,,,,,,,,,,,,,,,,,,,,,,,,,,,,,,,,,,,,,,,,,,,,,,,,,,,,,,,,,,,,,,,,,,,,,,,,,,,,,,,,,,,,,
  ,,,,,,,,,,,,,,,,,,,,,,,,,,,,,,,,,,,,,,,,,,,,,,,,,,,,,,,,,,,,,,,,,,,,,,,,,,,,,,,,,,,,,,,,,,,
  ,,,,,,,,,,,,,,,,,,,,,,,,,,,,,,,,,,,,,,,,,,,,,,,,,,,,,,,,,,,,,,,,,,,,,,,,,,,,,,,,,,, 
  [ 39454179329 ] ]);
