BRENTFACTORS[5365]:=MakeImmutable([ ,,,,,,,,,, [ 116504849510017 ],, [ 5816904991 ],,,,,, 
  [ 113612006828372551, 1375949816873193857 ],, [ 1403961510365965027 ],, 
  [ 8657406438222793 ],, [ 17162922837751 ], [ 36335411354321 ], [ 1559873817704557 ],, 
  [ 81979283471894950037987, 28273516173705105974124295202710051 ],, 
  [ 676846442759, 59022870125639443, 49392117544019829289858434039947 ], 
  [ 3935053473996034177 ], [ 194957700103, 2254500803790192036319437512899 ], 
  [ 16271184479023 ], [ 96577987356971 ],, 
  [ 3096449528186824548253, 15585135578380294394747248519654003 ],, 
  [ 4206981369631, 283235454869820455867398483 ],, 
  [ 914564214743, 6806355790211, 73623743297083885933119857 ], [ 147451317696815159371 ], 
  [ 3910436857 ],, [ 56539682461, 6029795846881 ], [ 2502264189672112616444787144204900889 ],
  [ 498822228119569351, 12990032832540611393567909 ],, [ 241091798049545523625357 ], 
  [ 7281940912715256701, 65325326648646397871401651 ], 
  [ 196616399226853, 57322075673366067930582349955277223 ],, 
  [ 18350200194133450375765810931 ],, [ 101943393173214713891 ], 
  [ 11475244145778139889, 29709494212769554937782001 ], 
  [ 4322683999347972151477, 7861402741219546610251850719342580551 ],, [ 106156447968821 ], 
  [ 25363133677381 ], [ 1602381673, 911197760857133364467 ], 
  [ 10540813768787, 20132455292329, 11645028575524579 ],,, [ 18047107875558581 ], 
  [ 239228160324370052566332460783 ],, 
  [ 617956047268115473189, 13042057993652956599569368294863600020782619329 ], 
  [ 34721403337, 14470564830064639, 18997051239715788657163477 ], 
  [ 19272816534346186189138811 ],, [ 606028687056270035430527136529 ],, 
  [ 2897552024863887530512729 ], 
  [ 1751137407751, 3647514018103112016119251, 5116727429298233512246532921261701 ], 
  [ 1540193221306064581, 6714508079913188303890782401 ],, 
  [ 1618163523987884442994263326994469939 ], [ 1372601498684223819313 ], 
  [ 344101888944481, 960222489548044122936504442592147650081 ],, 
  [ 4315252537758469, 112149370179559007, 38242150654119270714460646659 ], [ 45366740257 ], 
  [ 6508605769, 1001468636029, 5745974202623598623989 ],, 
  [ 29577772028548610201970449354461687, 232289710419889959475444185465630583 ], 
  [ 22681736071 ], [ 110996234009 ], [ 2622398524196327682936850319 ], [ 9692230231 ], 
  [ 175550066693 ], [ 332992524655801 ], [ 17527888561, 242692139960668712341 ], 
  [ 10227738812769020885395783 ],, [ 8556464739899114998098287715284919807801697 ], 
  [ 2799303989, 81025454102867279 ],,, [ 104107607848655507101 ], 
  [ 194954627585493131, 436094170910258603, 7781881920002804249261 ], 
  [ 1709045055259, 48636832854097, 370095561102442007908342273, 
      2636698504951974638052595692973 ], [ 4294368907, 44290360104481 ], [ 5027265125689 ],,
  , [ 13837023203021, 46946045081093719963, 147020680543637888169675113 ], 
  [ 14172659419109620999789, 28506588719409318011703343560262087183873 ], 
  [ 580903268679233, 5791717599894458443 ],, [ 628139797657 ], [ 2353415481073005013729 ],, 
  [ 487792555626213326555749 ], [ 234567200187371, 30180153946305301 ], [ 11088982301 ], 
  [ 146364723397600579 ], [ 6654942643 ], [ 2230905377, 16153184141753 ], 
  [ 2958415589654281, 123801124613117644095424825238401, 68231962461711720435972473662555441 
     ], [ 1115311693, 22088689877 ],, 
  [ 493149136849, 59675601371922721, 2406722290442018977, 681719630840908350133021 ],, 
  [ 493818295401895494001 ], [ 1058029858443286418593656474793 ], [ 1378286741009 ], 
  [ 2428157441, 4348432260737 ], [ 2014804291681 ], [ 547337710849441082823331 ], 
  [ 2539664603536540202467 ],,, [ 124452261384986497 ], 
  [ 4111803001, 21738921481, 77298082632721 ], [ 8787171104977641360161 ], 
  [ 37862837203709311 ],, [ 376900128581269, 894017339703871, 175179302073128986019 ],,, 
  [ 10410916897694238423727147 ],, [ 300688385267774593, 7824133741055766868884987649 ], 
  [ 2841096631811347031, 1901906682634417163951 ], [ 305430912593, 2031336598079055979 ], 
  [ 1461985561, 199450468794403 ], [ 1668463201, 300008107488791453 ], 
  [ 2491215699958901, 526378511291139354413, 550878489430439459953043 ], 
  [ 19782599083100501677501 ],, [ 950867859854655972040657 ], 
  [ 798323331763, 2901762466817109799663 ], [ 1362157909814341566376172881376527 ], 
  [ 37262180731 ],,, [ 7330472790623, 8139982137979, 11701261119682847 ], [ 652041945608803 ]
   ,, [ 2391445379, 1324841937833, 32161270372255697 ], [ 8769391453 ], [ 6380068454561257 ],
  [ 318942456629 ],, [ 4785630899223539041 ],, 
  [ 45556416413659537, 39369080010636508777, 1285477157180172499214874889177 ],,,,,, 
  [ 156584326603 ],,,, [ 6699439915967426447 ], 
  [ 5832489461, 200843120833, 11610934314480859 ],, [ 2818013617 ],, 
  [ 2540793742462381277419 ],,, [ 3440489236329772177, 85593576784184499176533 ],,, 
  [ 2066603035267 ], [ 2700615991378441 ], [ 15185771297, 3280457777893 ], [ 17101660209793 ]
   ,, [ 47907609943, 2343184995757, 4262210361583, 25886105114450828415767, 
      23932559527396490172905987 ], [ 28764320223192260945941 ],, [ 53878497303097 ], 
  [ 1707012253 ],,, [ 4179723296869, 75801705012828209533 ], [ 11166559193 ],, 
  [ 1369490297996989849, 104849936527493468473 ],,, [ 84289154689, 6628796548370780788819 ],
  , [ 24553882249711, 7595377612587887, 587076405062629571 ], 
  [ 76348692030661, 534919639552201, 2133080227790773568161, 38639016046712925067927776781, 
      14698874555176180696200398138888815136433086131 ],, 
  [ 2171862409, 1637936419433, 1415886809104975369 ],,,, 
  [ 9059435913154828249, 2987949179216530066807369 ], [ 18176245235751289 ],,,, 
  [ 3193015107361 ], [ 646353819989171415937 ],, 
  [ 2800586008739009, 3794668630699284421129313 ],,, [ 2847780803669 ],,, 
  [ 16896919272980261 ], [ 7442388493 ],, [ 1071301381, 4353361283 ], 
  [ 4835395593897103, 25097656610226042883 ], [ 5683106521, 27874736501, 102681765477172711 ]
   ,,, [ 104601087818490654535621 ], [ 1333787516259629 ], [ 320453152675926481 ],, 
  [ 48833679731, 3229009488551910832280312153 ],,,, 
  [ 490897141834530287497, 406466945209399560073459 ], [ 21548546267 ],, 
  [ 56668584823, 2390810949216541 ], [ 60163588451501 ], [ 1745283823, 365310919993 ], 
  [ 2292196789 ],,, [ 78668422726748851 ],, [ 2727264708310421 ], [ 1623616791463 ],, 
  [ 23145838540537539061 ], [ 237331159669, 147197740896361 ],,,, 
  [ 4094585491, 937606834471 ],,, [ 77788068517, 6760592941922312720797 ],, 
  [ 7261153109033221 ], [ 1145321339, 5860851419 ], 
  [ 433229631469628561, 85984934051300177400593 ],,, [ 318123275251 ], 
  [ 1615780547221, 2004723365857, 102612801261769, 39000022605063545257, 
      7702067983410969353389 ], [ 64861795765313 ],, 
  [ 1373623021, 3179636893, 264224386851752881 ],, [ 3212270273220442957 ], [ 58732913527 ], 
  [ 21033847651, 120800149517 ], [ 4748431434332353 ],,, [ 121263328397 ],,, 
  [ 102843259411 ], [ 1012532145807276823 ], [ 947118908924555764742677 ],,,, 
  [ 1234291070327524659929 ], [ 1886027904289, 103471294054820304493 ], [ 173625027659 ], 
  [ 1142452475113 ], [ 207117000301 ],, [ 50533785902316786928277 ],, 
  [ 3943784948874134104408769 ], [ 31249525301 ], [ 6743530658723228926906033 ],,, 
  [ 80173891489, 69956051144299 ], [ 3366940691, 2727754801986893071, 50243707085621569691 ],
  , [ 16782721351519969 ], [ 5525314507 ],,,,, [ 10578066799, 6794365151198372173 ], 
  [ 203051169642679381 ], 
  [ 88441537601, 2060959938881, 266230211773121, 1298719067645523086081 ],,,,,,, 
  [ 83013000877 ],,, [ 269325320555100811 ], [ 9370559587317272657 ],, [ 117756700093 ],,,,,,
  , 
  [ 700425465661, 131717580440291534201, 148814669194216457981, 472076146972978531885598621 ]
   ,,, [ 48838226967853 ],, [ 219291911161 ],,, 
  [ 3746429726790976429, 985399097323829726366329 ], [ 1907560013 ], 
  [ 1618430725951408035451 ],,,, [ 47382417248778318337171 ],,,,,, 
  [ 139343841449126974540081 ],, [ 83874186073907, 48405447928175783 ],, 
  [ 14529159884723075258213 ],,,, [ 1009935889, 6948658433 ], 
  [ 1817908124059, 13440729775861 ], [ 48694050810536172281 ], [ 9676124268791 ], 
  [ 111651165400074229, 912839014529000394313 ],,, [ 673380127504462501 ], [ 6164683561 ], 
  [ 261080390643931 ],,, [ 29767466441, 908453582838041, 2880458278011971621 ],, 
  [ 23098787916038477 ], [ 14027134477 ],,, [ 15035999763089927 ],,,,, [ 1931904413 ], 
  [ 1555531206769 ],, [ 431247147463987 ],,, [ 8885695289 ],,, 
  [ 2532926630401, 130541878135601 ],,,,, [ 6135658471 ], [ 1164788423 ], 
  [ 26098003207, 349146262169 ],, [ 1075680786149 ], [ 5081471531, 44922543183844211 ], 
  [ 6689070211 ], [ 1676901389 ],, [ 223543118737 ],, [ 102902866606869473 ],, 
  [ 2419166800931 ], [ 2071456391 ], [ 23656393617452800261 ],,,,,,,, 
  [ 1981007389037, 5576163412037 ], [ 66165727057 ],,, [ 4073482657 ], 
  [ 67832483599, 6647486436977 ], [ 491393861281 ], [ 15642083221, 832650567146701 ], 
  [ 40454903904421 ],, [ 6072867811 ], [ 60225251041, 460711785431 ], 
  [ 1312240083103436521 ], [ 28336341223 ],, [ 1110303995081 ], 
  [ 286377482077, 884352150169, 54529376293969 ],,,, [ 84254558613289470337 ], 
  [ 10042687813 ],,, [ 36745781153, 8134218054637, 148249193746937 ],,,, 
  [ 2610985777, 25261103137, 105956533498201 ],,,, [ 5579134770908861581 ], 
  [ 4007462856157 ], [ 2573253287893508149165699, 386075940915249485583392557 ],,,, 
  [ 55913590032698350889 ], [ 2256062057, 14201727582257, 46562022185299, 7424752985863841 ],
  [ 1240926890113 ],, [ 9128092247112918061 ], [ 739429796383 ],,,,,,,,, 
  [ 1149908934241, 870226695642787043535841 ],,,,,,, [ 10437228412267, 67302495414059 ],,, 
  [ 262017617709401 ], [ 2985965553654403 ],,,,,, [ 2218111001 ], [ 106485418438736864071 ], 
  [ 199559034097, 1837602046769 ],,, [ 6748742739917573 ],,,, [ 23066568693693911 ],, 
  [ 9659602179361 ],, [ 16677645661, 29495581391671 ], [ 14635755401 ],,, 
  [ 8876810464267, 18524889576509393653, 46807258071672713567 ],, [ 1909488931649413 ], 
  [ 16731359767 ], [ 78773356410197, 773674291617590497 ],, 
  [ 578993708124001, 180747448806667601 ],, [ 5069809925623 ],,, [ 2639723101 ], 
  [ 10430600075843 ],, [ 1939583049361, 62462292546723169 ], [ 5590444493 ],, 
  [ 22980135102418099 ],,, 
  [ 46800511339, 239635925611, 3465693612097, 8962519561399, 939699203215207, 
      92948183678751989677 ],, [ 12863990353 ],, 
  [ 12451125529, 18739698853, 326231510829347 ], [ 4016391919 ],,, [ 13656441969461261 ], 
  [ 278943478753 ],,, [ 6500543323, 8413065571, 1259570332567 ],,,, [ 29563238101 ],, 
  [ 136753228551415009 ],, [ 1349844297917, 1876627354035867791 ],,, [ 15311292793 ],,,,,,, 
  [ 41035112689 ],, [ 2603734709 ],, [ 11904984774729601 ],, 
  [ 4696006271896351, 7388009744190511 ],, [ 4213404447253, 4882564240539153169 ], 
  [ 40246654771 ],,,,,,,,, [ 111174136794619 ], [ 3461171891 ],,, [ 4280184447435223 ],,,,,, 
  [ 3658577761, 177290843393, 54506325185041 ],, [ 2335246059169, 3306441771953062752439 ],,,
  , [ 794739232457 ],,,,,, [ 69727591933, 137440892789 ],, [ 2292771913 ],,,,,,,,,,,, 
  [ 22326069824587 ],,,, [ 37180916447, 320433722233 ],, [ 325418110869754222892833 ],,,,,,, 
  [ 4607674319 ],, [ 3544303729 ],,, [ 149483835373 ],,, [ 342585969643 ], [ 23937814907521 ]
   ,,, [ 48651180401 ],, [ 25443769081 ], [ 5746404430817 ],,,,,, [ 67108412477 ],,,,,, 
  [ 324701801873, 1581596264263 ], [ 7181571121, 1048325431579 ], [ 65272418584808161 ],, 
  [ 60275700007673 ],, [ 25040388193 ],,,,, [ 1759368313 ],,, [ 229005951553 ], 
  [ 220433814301 ],,, [ 6750459613 ],,,,,,,,,, [ 16430696759 ], [ 2385301099 ], 
  [ 10581916605121, 62353036711601, 66190123802273, 270711926198897 ], [ 5080091552849 ], 
  [ 3467712301, 187935944290261, 319929059154996961 ],,, [ 35537896549 ], 
  [ 37010138621, 51017613929 ],,, [ 49288805263 ],,, [ 94168941301 ], 
  [ 6910592593, 53391459901421 ],,,,,,,,,,, [ 2189869921, 4041733881100121 ],,,,,, 
  [ 2674749526457 ],, [ 3399996792219217921, 9317330835820977327121 ],,,,,,, [ 212368906331 ]
   ,,,,, [ 2890338203257, 273577349979259609 ],,, [ 40303149746371 ],,, [ 96872048983 ], 
  [ 1991628649 ],, [ 10761150271 ], [ 2228818117, 1232038318830299 ],,,,,,, 
  [ 5434872829, 5529176423 ], [ 72741477597001 ],,,, [ 1106465791549 ],, [ 1106869923397729 ]
   ,, [ 6166439986559 ],,,,,, [ 1073473481 ],, [ 5809574567 ],, [ 565174498561 ], 
  [ 208479520453 ],, [ 1128944461 ],,, [ 1399210309467724987 ], [ 2910583801 ], 
  [ 1224830483281123561 ], [ 2933608567 ],, [ 237141601747 ], [ 122272254001 ],,,,,, 
  [ 5393517792902233 ],,,, [ 5524042490711, 10343337530431 ],, [ 24214515337, 256306579849 ],
  ,, [ 63797660851 ], [ 8838563509 ],, [ 41191604497 ],,,,,,,, [ 4529087483735803 ],,,, 
  [ 1143707881094005411 ],,, [ 1281354667 ],,, [ 1285119217 ],,,,,, [ 44436805469923 ],,, 
  [ 2307044851 ], [ 94160919847 ],,, [ 163897003973 ],,, [ 1127506433, 15068397761 ],, 
  [ 4725476527 ],,, [ 1327548961 ],,, [ 401177778736711201 ],, 
  [ 544047277379, 1572340419449018669 ],, [ 14101964717 ],, 
  [ 9353614573, 223676584597, 5768992555903 ],,,, [ 2754867851 ],,,,, [ 88868662381 ], 
  [ 1594666369 ],,,, [ 1525777601 ],, [ 1006127263 ],, [ 5768951329 ], [ 286752570631 ],,, 
  [ 139153839306156613 ], [ 4727033257, 82880195443 ], [ 2557786951 ],,,,, [ 34178357501 ], 
  [ 107121260763001 ],, [ 1830824917, 155464186817 ],, [ 5315327163521 ],,,,,, 
  [ 2258810322248003 ],, [ 13728455081833 ],, [ 38250593551 ],,,,,,,,,,,, 
  [ 928512192235739 ], [ 3093132589 ], [ 19319410217 ],,,, [ 256021210889 ],, [ 7251661691 ],
  ,,,,,,,,,,, [ 6780558571 ],,,,,,,,,,,, [ 2857222751, 489530120791, 1737483168769 ],,,,,,,, 
  [ 2801912119 ], [ 1243734017 ],,,,, [ 4957347961 ],, [ 4214122976851 ],,,,,, 
  [ 5927895013, 50243221477 ],,,,, [ 4918918018243 ],,,,, [ 2699765209 ], [ 4476330031 ],,, 
  [ 13122400561, 39433843591 ],,,,,,,,,, [ 51792132701 ],, [ 7600311266857 ],, 
  [ 1267215897457, 15522286601115817 ],,,,, [ 2046239023 ], [ 43476021271, 3357869461651 ], 
  [ 1827733013 ],,, [ 21955789087 ],, [ 116151544190977 ],,,,, [ 3672590923 ],, 
  [ 4907743193 ],, [ 46098646501 ],,,, [ 671138224723 ],, [ 21963884011 ],,, [ 1931292793 ],,
  ,,,,,,,,,,,,,,,, [ 3836106022819393 ],,,,,, [ 1066099448881 ],, [ 28440712561 ],,, 
  [ 43279973381 ],,, [ 34861846351 ],,,,, [ 81888915139, 291991542091 ],, [ 6849109985563 ],,
  ,,,,,, [ 174983122631 ],, [ 932098246901 ],,,,, [ 2459344218613 ],, [ 9459207671 ], 
  [ 24064129783 ],,,,, [ 36775390273 ],,,,,,,,,,, [ 4814801281 ],,,,,,,,, [ 8995466768513 ],,
  ,,,,,,,,,,,,,, [ 255124528697 ],, [ 307949961631439 ],,, [ 3277510337 ],,,, 
  [ 1204218557 ], [ 3229258971973, 17122415037487 ],,,,,, [ 43218591313 ],,,,,,,,,,,,,,,,,,, 
  [ 1380272273 ], [ 2305384901, 140908280941 ],,,,,,, [ 1611871801 ],,,, [ 126890463209 ],,,,
  ,,, [ 2308622867 ],,,,,,,,, [ 147028816901 ], [ 1740949143364033 ],,,,,,,,,,,,, 
  [ 2386173187 ],,,,,,,,, [ 5143599823 ],,,,,,,,,, [ 10348440721 ],,,,,,,,,,,, 
  [ 3602567281 ],,,, [ 13018984201 ],,,,,, [ 5892794701 ],,,,,,,,,,,,,, [ 2247902094733 ],,,,
  ,,,,,,,, [ 27599630369 ],,, [ 1377436649 ], [ 1095055763761 ],,,,,,,,,,,, [ 1412586529 ], 
  [ 9444254609 ],,,,,,,,, [ 130365554401 ],,,,,,,, [ 7402807733341 ],,,,, [ 2837588461 ],,, 
  [ 1084038979 ],,,,, [ 12669749167 ],,,,, [ 1971374437 ],,,,,, [ 2766318211 ],,,,, 
  [ 113900978761 ], [ 38040278761, 291952259281 ],, [ 32225407789 ],,,,,,,,,,,,, 
  [ 73069414741 ],,, [ 6480932149, 420482798179 ],, [ 775132627901, 1241403977861 ],,,, 
  [ 28375999681 ],, [ 3592469963, 2180529899831 ], [ 3901108663 ],,,,,,,,,,,,,,,,,, 
  [ 5760832351 ],,,,,,,,,,,,,,,,,, [ 15669351277, 2880551021659 ],,,, [ 2442088127 ],,,,,,, 
  [ 4113201919 ],,,,,,,,,,,, [ 2506162663 ],,, [ 7040525017 ],, [ 34589756317 ],, 
  [ 33553878038173 ],,,, [ 1229610253 ],,,,,, [ 3243959027 ],, [ 95710187701 ],,,,,,,,,,,, 
  [ 1384612729 ],,,,,,,,, [ 16769262001 ],,,, [ 2445835351 ],,,,,,,,,, [ 94745915981 ], 
  [ 2432667271 ],,,,,,, [ 6566968817 ],, [ 4777551451, 7665178941728911 ],,,,,, 
  [ 11840181229 ],,,,, [ 1553266877 ],,,, [ 1700268571 ], [ 2204273444437 ],,,, 
  [ 1145196121 ], [ 1594045993 ],,,,,,, [ 4323096110089 ],, [ 5164134960001 ],,,,,,,,,,,, 
  [ 2124133201 ],,,,,, [ 2128530493 ],,, [ 17821359271 ],,,,,,,,,,,,,,,,,,,, [ 539854507991 ]
   ,, [ 9443289613 ],,,,,,,,,,,,,,,, [ 44222085767 ],,,,, [ 18178676981 ],,,,, 
  [ 228711344479 ],,,,,,, [ 2370723217 ],,,,,,,, [ 39196328667409 ],,,,, [ 1926490889 ],,, 
  [ 3052020017 ],, [ 13218276881 ],,, [ 1690549067 ],,,,,,,,,,, [ 5926665097 ],,,,,,,,,,,,,,,
  , [ 1181305721 ],,, [ 12280644811 ],,, [ 36437342741 ],,,, [ 16135011433 ],,,,,,,,, 
  [ 9738116863 ], [ 1245396660553609 ],, [ 62904994357 ],, [ 1778879054497 ],,,,,,,,,,,,,,,,,
  ,, [ 10105420681 ],,,,,,,,,,,,,,,,,,, [ 5375886871 ],, [ 335625338777 ],,,,,,,,, 
  [ 18201611327 ],,, [ 15970828501 ],,, [ 11001710383 ],,,,,,,,,,,,, [ 13657523881 ],,,,,,,,,
  ,, [ 4200385223 ], [ 56724167809 ],,,,,,,,,,,,,,, [ 10982301373 ],,,,, [ 56414259793 ],,,,,
  ,,,,, [ 43689699973 ],,,,, [ 80521156979 ],,,,, [ 14833698569 ],,, 
  [ 7941326933, 67882093511 ], [ 26255070133 ],, [ 8542466381 ],,, [ 1051962677 ],,, 
  [ 6153641561 ],,,,,,, [ 1004537033 ],,, [ 2186485001, 11248732321 ],,, [ 3700895441 ],,,, 
  [ 1748294113 ],,,,,,,,,,, [ 76746308272033 ],,,,,, [ 770020938133 ],,,,,,,, 
  [ 7497045349, 370276243343 ],,,,,,, [ 99557423370961 ],, [ 3031561067 ],,,, 
  [ 8287825211 ], [ 5760189596449 ],,,,,,,,,,,,,,,,,,,,,,,,,,,,,,,,,,,,,,,,,,,,,,,,, 
  [ 14184364871 ],,,,,,,,,,,,,,,,,,,,,,, [ 3434457241, 5924198809 ],,, [ 14044298269 ],,,,, 
  [ 1462185821 ],,, [ 1079844329 ],,,, [ 5737182043 ],,,,,,,,,,, [ 10360977587 ],,,,,,,,,,,,,
  ,,,,,,,,,,,,,,, [ 5638201363 ], [ 45608726749 ],, [ 6399513751 ],, [ 10953404729 ],, 
  [ 4317007316491 ],,,,,,,,,,,,,,,,,,, [ 1225659653 ],,,,,,, [ 176071286581 ],,,,,,,,,,,, 
  [ 1277001919 ],,,,,,,,,,, [ 1353582915989 ], [ 6958733857, 12778432411189 ],,,,,,, 
  [ 1054626197 ],,,,,,,,,,,,,,,, [ 1459927901 ], [ 2020453453 ],, [ 2053875301 ],,,,,,,,,,,,,
  ,, [ 88606297961 ],,,,,,,, [ 40366557617 ],, [ 11166807511 ],, [ 1803004673 ],,,, 
  [ 1259407477 ],, [ 18243643073 ],, [ 11777827361 ],,,, [ 10434823493 ], [ 19697499571 ],,,,
  ,,,,,,, [ 26669971409 ], [ 772704509199247 ],,, [ 1219341901 ],,, [ 4990427413 ],,,,,,,,,,,
  ,, [ 3632378501 ],,,,,, [ 1259063237 ],,,, [ 144819913993 ],,,,,,,, [ 3476983819 ],, 
  [ 510279897289 ],,,,,,,,,,,,,,,,,,, [ 368176237511, 136958121732281 ],,,,, [ 2225903761 ],,
  ,,,,,,, [ 12417477283 ],,,,,,,,,,,,,,,, [ 69949790291 ], [ 16344612526674247 ],,,,,,,,, 
  [ 58801679401 ],,,,,,,,,,,,,,,,, [ 67025179369 ],, [ 9693593839 ],, [ 2248391273 ],,,,,,,,,
  ,,,, [ 3231274309 ],,,,,,,,, [ 1215068389 ],,,,,,,,,,,, [ 23945141251 ],,,,,, 
  [ 1960854289 ],,,,,,,,,,,,,,,,,,,,, [ 1227494269 ],,,,,,,,,,,,,,,,,,,,,,,,,,,, 
  [ 3330734221 ],,, [ 2262426233, 2834570201, 8930037437 ],,,,,,,,,,, [ 28016706307 ],,, 
  [ 6435364951 ],,, [ 49868692501 ],,,,, [ 27250654801 ],,,,,,,,,,,, [ 10339663013 ], 
  [ 57949095667 ],,,,,,,,,,,, [ 25202484661 ],,,,,,,,,, [ 810076515821 ],,,,,,,,,,,,,,,,,,,, 
  [ 3196377001 ],,,,,,, [ 1881224281 ],, [ 1224547759 ],,,, [ 13899513013 ],,,, 
  [ 10249043359, 18165611111957 ],,,,,,,,,,,, [ 187824352679 ],,,,,,,,,,,,, [ 4437691837 ],,,
  ,, [ 10219833089 ],,,,,,,,,,,,,, [ 1966187749 ],,,,,,,, [ 1615941823 ],,, [ 9385386193 ], 
  [ 12184318291 ],,,, [ 35652820267, 63469697723 ],,,,,,, [ 2145743707 ],,,,,,,,,,,,,,,,,,,,
  , [ 5562642571 ],,, [ 72189511813 ],,,,,, [ 280214669281 ],,,,,,,,,,,,, [ 1737554893969 ],,
  ,,,,,,,, [ 49768335917 ], [ 4414402273 ],,, [ 1969453999 ],, [ 1469885377, 3180504064481 ],
  ,,,,, [ 5313871487 ], [ 1480303905991 ],,, [ 5407632847 ],,,,,,,,,,,,,,,,,,,, 
  [ 3813993349 ],,,,,,,,,, [ 838543374577 ],,, [ 384820790797 ], [ 1145918593, 2303997601 ],
  , [ 6363321823 ],,, [ 2064042997 ],,,,,,, [ 4511968913 ],,,,,,,,,,,,,,,,, 
  [ 13282352542243 ],,,,, [ 2885222477 ],,,,,,,,,, [ 2675095441 ],,,,,,,, [ 19137013057 ],,,,
  ,,,,,,,,,,,,,,,,,,,,,,,,,,,,,,,,,,,,,,,,,, [ 417819806731 ],, [ 1443537313 ],,,, 
  [ 1910083309 ],,, [ 18027366061 ],,,,,, [ 46326930931 ],,,,,, [ 1910592368569 ],,,,,,,,,,,,
  ,,,,, [ 5206555157 ],,,,,,,,,, [ 18205223797 ],,, [ 3565277323 ],,,,,,,,,,,,,,,,,,, 
  [ 56677853521 ],,,,,,,, [ 2263395697 ],,,, [ 3450471361 ],, [ 37266709393, 837351769447 ],,
  ,, [ 66697582771 ],,,,,,,, [ 3950224177 ],, [ 26362193953 ],,,,,,,,,,,,,, [ 150236312617 ],
  ,,,,,,,,,,,,,,,,,,,,,,,,,,,,,,,,,,,,, [ 190968812341 ],,,,,,,,,,,,,,,,,,,,,,,,,,,, 
  [ 1041983521 ],,,,,,,,,,,, [ 1059346861, 22665374161 ],,,,,,,,,,,,,, [ 4111334599 ],,,,,,,,
  ,,,,,,,,,,,,,,,,,,,,,,,,,, [ 160683092873 ],,,,,,,,,,, [ 4299044821 ],,,,,,,,,,,,,,, 
  [ 41147895569257 ],,, [ 109782034891 ],,,,, [ 2928387367 ],,,, [ 1415912413 ],,,,,,,,,,,,,,
  ,,,, [ 62076039013 ],,,, [ 9049556657 ],,,,,, [ 11586618229841 ],,,,,,,,,,,,,,,,,,,,,,,, 
  [ 5553642103 ],,,,,,,,,, [ 21647282561 ],, [ 6699052991 ],, [ 2717622181 ],,,, 
  [ 6328610112449 ],,,,,,,,,,,,,,,,,,,,,,,,,, [ 5537599003 ],,,,,,,, [ 7754008901 ],,,,,,,,,
  , [ 2085582781 ],,,,,,,,,,,,,,,,,,,,,,,,,,, [ 69439891753 ],,,,,,,,,,,,,,,,, 
  [ 3615439873 ],,,,,, [ 3832720503541 ],, [ 6357582601 ],,,,,,,,,,,,,,,,,,,,,,,,,,,,,,,,,, 
  [ 4309566977 ],,,,,,,,,,,,,,,,,,,,,,,,, [ 17747046913 ],,,,,,,,,,,,,,, [ 20044056313 ],,,,,
  , [ 52143059641 ],,,,,,,,,,,,,,,,,,,, [ 7976957033 ],,,,,,,, [ 870059063161 ],, 
  [ 163939310173 ],, [ 1664412569 ],,,,,,,,,, [ 30019271438773 ],,,,,,,, [ 4979562869 ],,,, 
  [ 14995322227 ],,,,,,,,,,,,,,,,,,,,,,,, [ 184144706821 ],, [ 8893983121 ],,,, 
  [ 399595669201 ],,,,,,,,,,,,,,,, [ 1403448733 ],, [ 4070603323 ],,,,,,,,,,,,,,,,,,,,,,,, 
  [ 5315784391 ],,,,,,,,,,,,,,,, [ 24214175201 ],, [ 26249639593 ],,,,,,,,,,,,,,,,,,,, 
  [ 1561865621 ],,,,,,,,,,,,,,,, [ 17203569709 ],,,,,,,,,, [ 6978094129 ],, [ 521044317289 ],
  , [ 2433978697 ],, [ 9058485437 ],,,,,,,,,,,,,,,,,,,,,,,,,,,,,,,, [ 333620863201 ],, 
  [ 51489920327 ],,,,,,,,,,,,,,,,,,,,,,,, [ 2595168817 ],,,,,,,,,,,,,,,,,,,,,,,,,,,,,,,,,,,,,
  ,,,,,,,,, [ 1962682093, 3371599333 ],,,, [ 6627535009 ],,,, [ 41106803501 ],,,, 
  [ 5026750801 ],,,,,,,,,,,,,,,,,, [ 2743899561331 ],,,,,,,,,,,,,,,,,,,,,,,,,,,, 
  [ 22789200151 ],,,,,,,,,,,,,,,,,, [ 12434162449 ],,,,,,,,,,,,,, [ 5721707701 ],,,,,,,,,,,,,
  ,,, [ 3752915489 ],, [ 55996995601 ],,,,,,,, [ 29456217121 ],,,,,,,,,,,, [ 20746824541 ],,,
  ,,,,,,,,,,,,,,, [ 2565321149 ],,,,,,,,,,,,,, [ 1484998153 ],,,,,,,,,,,,,,,, 
  [ 87293081401 ],,,,,,,,,,,,,, [ 3953087251 ],,,,,,,,,,,,,, [ 1778614993 ],,,,,,,,, 
  [ 184298518951 ],,,,,,,,, [ 4379351959 ],,,,,,,,,,,,,,,,,,,,,,,,,,,,,,,,,,,,,,,,,,,,,,,,,,,
  ,,,,, [ 16862165711 ],,,,,,,,,, [ 10648241101 ],, [ 3055171459, 8375091503 ],,,,,,,, 
  [ 1558853531 ],,,,,,,,,, [ 390617051801 ],,,,,,,,,,,,,,,,,, [ 8253886031 ],,,,,,,,,,,,,,,,,
  , [ 5138678749 ],,,,,,,,,,,,,,,,,,,,,,,, [ 8674056901, 22502981681 ],,,,,,,,,,,,,,,,,,,,,, 
  [ 3432825427 ],,,, [ 574887192353 ],,,,,, [ 6201322093 ],,,,,,,,,,,,,,,,,,,,,,,,,,,,,,,,,,,
  ,,,,,,,,, [ 783087883681 ],,,,,,,,,,,,,,,,,,,,,,,,,,,,,, [ 2313851653 ],,,, 
  [ 39998524151 ],, [ 97690350973 ],,,,,,,,,,,,,,,,,,,,,,,,,,,,,,,,,,,,,,,,,,,,,, 
  [ 2209333463 ],,,,,,,, [ 32333236783 ],,,,,,,,,,,,,,,,,,,,,,,, [ 5390327251, 40480252201 ],
  ,,,,, [ 10074499657 ],,,,,, [ 24074214781 ],,,,,,,,,,,,,,,,,,,,,,,,,,,, [ 19644040961 ],,,,
  , [ 2499481531 ], [ 10598301697 ],,,,,,,, [ 2264562577, 6220330201 ],,,,,,,,,,,,,,,,,, 
  [ 13336256971 ],,,,,,,,,,,,,,,,,,,,,,,,,,,,,,,,,,,, [ 1302763936321 ],, [ 4723201601 ],,,,,
  ,,,,,,,,,,,,,,,,, [ 12258734239 ],,,,,,,, [ 1732569191 ],,,, [ 37012981069 ],,,,,,,,,,,,,,,
  ,,, [ 4628983789 ],,,,,,,,,,,,,,,,,,,,,,,,,,,,,,,,,,,,,,,,,,,,,,,,,,,,,,,,,,,,,,,,,,,, 
  [ 43446883481 ],,,,,,,,,,,,,,,,,,,,,, [ 9349196743 ],,,,,,,,,,,,,,,,,, [ 2872666081 ],,,,,,
  ,,,,,,,,,,,,,,,,,,,,,,,,,,,,,,,,,,,,,,,,,,,,,,,, [ 136967991499 ],,,,,,,,,,,,,,,, 
  [ 27190031311 ],, [ 3516797377 ],,,,,,,,,,,, [ 1091068981 ],,,,,,,,,,,,,,,, 
  [ 66592453721 ],,,,,,,, [ 56362103533 ],,,,,,,,,,,,,,,,,,,,,,,,,,,,,, [ 68002170749683 ],, 
  [ 11841286621, 28351484101 ],,,,,,,,,,,,,,,,,,,,,,,,,,,,,,,,,,,,,,,,,,,,,, [ 27196440637 ],
  ,,,,,,,,,,, [ 4179529513 ],,,,,,,,,,,,,,,,,,,,,,,,,,,,,,,,,,,,,,,,,,,,,,,,,,,,,,,,,,,,,,,,,
  ,,,,,,,,,,,,,,,,,,,,,,,,,,, [ 2375648251 ],,,,,,,,,,,,,,,,,,,, [ 2531332121 ],,,,,,,,,,,,,
  , [ 1577506429 ],,,,,, [ 2711024401 ],,,,,,,,,,,,,,,,,,,,,,,,,,,,,,,,,,,,,,,, 
  [ 9597808291 ],,,,,,,,,,,,,,,,,,,,,,,,,,,,,,,,,,,,,,,,,,,,,,,,,,,,,,,, [ 781800473833 ],,,
  , [ 2183370751 ],,,,,,,,,,,,,,,,,,,, [ 15115142611 ],,,,,,,,,,,,,,,,,,,,,,,,,,,,,,,,,,,, 
  [ 6905675014723 ],,,,,,,,,,,,,,,,,,,,,,,,,,,,,,,,,,,,,,,,,,,,,,,,,,,,,,,,,,,,,,,,,, 
  [ 1271665081, 45899092513 ],,,,,,,,,,,, [ 4786573969 ],,,,,,,,,,,,,,,,,,,,,,,, 
  [ 171666944221 ],,,,,,,,,,,,,,,,,,,,,,,,,,,,,,,,,,,,,,,,,,,,,,,,,,,,,,,,,,,, 
  [ 1922765041 ],,,,,,,,,,,,,,,,,,,,,,,,,,,,,,,,,,,,,,,,,,,,,,,,,,,,,,,,,,,,,,,,,,,,,,,,,,,,,
  ,,,,,,,,,,,,,,, [ 82875463900681 ],,,,,,,,,,,,,,,,,,,,,, [ 1226563670641 ],,,,,,,,,,,,,,,,,
  ,,,,,,,,,,,,,,,,,,,,,,,,, [ 3435554893, 8698794469 ],,,,,,,,,,,,,,,,,,,,,,,,,,,,,,,,,,,,,,,
  ,,,,,,,,,,,,,,,,,,,,,,,,,,,,,,,,,,,,,,, [ 5514765049 ],,,,,,,,,,,,,,,,,,,,,,,, 
  [ 108995379169 ],,,,,,,,,,,,,,,,,,,,,,,,,,,,,, [ 2910783313 ],,,,,,,,,,,,,,,,,, 
  [ 489879703927 ],,,,,,,,,,,,,,,,,,,,,,,,,,,,,,,,,,,,,,,,,, [ 1917327037, 3775343461 ],,,,,
  , [ 5429350063 ],,,,,, [ 489659578273 ],,,,,,,,,,,,,,,,,,,,,,,,,,,,,,,,,,,,,,,,,,,,,,,,,,,,
  ,,,,,,,,,,,,,,,,,,,,,,,,,,,,,,,,,,,,,,,,,,,,,,,,,, [ 2090131891 ],,,,,,,,,,,,,,,,,,,,,,,,,,
  ,,,,,,,,,,,,,,,,,,,,,, [ 21440760529 ],,,,,,,,,,,,,,,,,,,,,,,,,,,,,, [ 2220671377 ],,,,,, 
  [ 46512178033, 179494275469 ],,,,,,,,,,,,,,,,,, [ 3882927397 ],,,,,,,,,,,,,,,,,,,,,,,,,,,,,
  ,,,,,,,,,,,,,,,,,,,,,,,,,,,,,,,,,,,,,,,,,,,,,,,,,,,,,,,,,,,,,,,,,,,,,,,,,,,,,,,,,,,,,,,,,,,
  ,,,,,,,,,,,,,,,,,,,,,,,,,,,,,,,,,,,,,,,,,,,,,,,,,,,,,,,,,,,,,,,,,,,,,,,,,,,,,,,,,,,,,,,,,,,
  ,,,,,,,,,,,,,,,,,,,,,,,,,,,,,,,,,,,,,,,,,,,,,,,,,,,,,,,,,,,,,,,,,,,,,,,,,,,,,,,,,,,,,,,,,,,
  ,,,,,,,,,,,,,,,,,,,,,,,,,,,,,,,,,,,,,,,,,,,,,, [ 1300920601 ],,,,,,,,,,,,,,,,,,,,,,,,,,,,,,
  ,,,,,,,,,,,,,,,,,,,,,,,,,,,,,,,,,,,,,,,,,,,,,,,,,,,,,,,,,,,,,,,,,,,,,,,,,,,,,,,,,,,,,,,,,,,
  ,,,,,,,,,,,,,,,,,,,,,,,,,,,,,,,,,,,,,,,,,,,,,,,,,,,,,,,,,,,,,,,,,,,,,,,,,,,,,,,,,,,,,,,,,,,
  ,,,,,,,,,,,,,,,,,,,,,,,,,,,, [ 1011942966961 ],,,,,,,,,,,,,,,,,,,,,,,,,,,,,,,,,,,,,,,,,,,,,
  ,,,,,,,,,,,,,,,,,,,,,,,,,,,,,,,,,,,,,,,,,,,,, [ 3507323643361 ],,,,,,,,,,,,,,,,,,,,,,,,,,,,
  ,,,,,,,,,,,,,,,,,,,,,,,,,,,,,,,,,,,,,,,,,,,,,,,,,,,,,,,,,,,,,,,,,,,,,,,,,,,,,,,,,,,,,,,,,,,
  ,,,,,,,,,,,,,,,,,,,,,,,,,,,,,,,,,,,,,,,,,,,,,,,,,,,,,,,,,,,,,,,,,,,,,,,,,,,,,,,,,,,,,,,,,,,
  ,,,,,,,,,,,,,,,,,,,,,,,,,,,,,,,,,,,,,,,,,,,,,,,, [ 34501152841 ],,,,,,,,,,,,,,,,,,,,,,,,,,,
  ,,,,,,,,,,,,,,,,,,,,,,,,,,,,,,,,,,,,,,,,,,,,, [ 186719661781 ],,,,,,,,,,,,,,,,,,,,,,,,,,,,,
  ,,,,,,,,,,,,,,,,,,,,,,,,,,,,,,,,,,,,,,,,,,,,,,,,,,,,,,,,,,,,,,,,,,,,,,,,,,,,,,,,,,,,,,,,,,,
  ,,,,,,,,,,,,,,,,,,,,,,,,,,,,,,,,,,,,,,,,,,,,,,,,,,,,,,,,,,,,,,,,,,,,,,,,,,,,,,,,,,,,,,,,,,,
  ,,,,,,,,,,,,,,,,,,,,,,,,,,,,,,,,,,,,,,,,,,,,,,,,,,,,,,,,,,,,,,,,,,,,,,,,,,,,,,,,,,,,,,,,,,,
  ,,,,,,,,,,,,,,,,,,,,,,,,,,,, [ 145539933241 ],,,,,,,,,,,,,,,,,,,,,,,,,,,,,,,,,,,,,,,,,,,,,,
  ,,,,,,,,,,,,,,,,,,,,,,,,,,,,,,,,,,,,,,,,,,,,,,,,,,,,,,,,,,,,,,,,,,,,,,,,,,,,,,,,,,,,,,,,,,,
  ,,,,,,,,,,,,,,,,,,,,,,,,,,,,,,,,,,,,,,,,,,, [ 1183279051 ],,,,,,,,,,,,,,,,,,,,,,,,,,,,,,,,,
  ,,,,,,,,,,,,,,,,,,,,,,,,,,,,,,,,,,,,,,,,,,,,,,,,,,,,,,,,, [ 6986639436408661 ],,,,,,,,,,,,,
  ,,,,,,,,,,,,,,,,,,,,,,,,,,,,,,,,,,,,,,,,,,,,,,,,,,,,,,,,,,,,,,,,,,,,,,,,,,,,,,,,,,,,,,,,,,,
  ,,,,,,,,,,,,,,,,,,,,,,,,,,,,,,,,,,,,,,,,,,,,,,,,,,,,,,,,,,,,,,,,,,,,,,,,,,,,,,,,,,,,,,,,,,,
  ,,,,,,,,,,,,,,,,,,,,,,,,,,,,,,,,,,,,,,,,,,,,,,,,,,,,,,,,,,,,,,,,,,,,,,,,,,,,,,,,,,,,,,,,,,,
  ,,,,,,,,,,,,,,,,,,,,,,,,,,,,,,,,,,,,,,,,,,,,,,,,,,,,,,,,,,,,,,,,,,,,,,,,,,,,,,,,,,,,,,,,,,,
  ,,,,,,,,,,,,,,,,,,,,,,,,,,,,,,,,,,,,,,,,,,,,,,,,,,,,,,,,,,,,,,,,,,,,,,,,,,,,,,,,,,,,,,,,,,,
  ,,,,,,,,,,,,,,,,,,,,,,,,,,,,,,,,,,,,,,,,,,,,,,,,,,,,,,,,,,,,,,,,,,,,,,,,,,,,,,,,,,,,,,,,,,,
  ,,,,,,,,,,,,,,,,,,,,,,,,,,,,,,,,,,,,,,,,,,,,,,,,,,,,,,,,,,,,,,,,,,,,,,,,,,,,,,,,,,,,,,,,,,,
  ,,,,,,,,,,,,,,,,,,,,,,,,,,,,,,,,,,,,,,,,,,,,,,,,,,,,,,,,,,,,,,,,,,,,,,,,,,,,,,,,,,,,,,,,,,,
  ,,,,,,,,,,,,,,,,,,,,,,,,,,,,,,,,,,,,,,,,,,,,,,,,,,,,,,,,,,,,,,,,,,,,,,,,,,,,,,,,,,,,,,,,,,,
  ,,,,,,,, [ 3124904161 ] ]);
