BRENTFACTORS[168]:=MakeImmutable([ ,,,,,,,,,,,,,,,,,, [ 2767908693257094433 ],,,,,, 
  [ 23948749301, 31927012951 ],,,, [ 1482090177142849, 1674010959527728751 ],, 
  [ 75481641070464510188603 ], [ 4036137748801 ], [ 25675234818524149 ],,,, 
  [ 2114419701881485507, 64208264622187214554875713 ],, [ 16834549306279410499 ], 
  [ 8491489361 ], [ 11402019814217939, 5484823906296502899695598409 ],, 
  [ 24418249485418934033931068401 ],,,,, [ 5820665233 ], [ 3291885292724234918350619 ], 
  [ 725091928751, 1230089646825401 ], [ 7046922967549 ], [ 1591299529, 27025652433188345197 ]
    , [ 1135064564303, 9113142773653034076931103441597 ],, 
  [ 37533956981951, 2965060046270111021, 64507976475881345752511 ], 
  [ 283017711649, 833834345233 ], [ 114039032456467 ], [ 1934281519320047 ], 
  [ 3460746953, 44517452886593903, 113526752193947394102222392986478731832743 ], 
  [ 43654121751791821 ], 
  [ 169701777961, 978874415527, 44031760025415646145151403924667962276488944027267 ],, 
  [ 35987079374385277809607224468903703 ],, 
  [ 1287230101, 57258164272361651, 36023748738073190114281 ],, 
  [ 9727314992782830454698477216563376990646051799650739 ],, 
  [ 5156876695291, 39863755301528723186163959988239947 ],, 
  [ 975432963046739, 9704361296469701 ], [ 149373191161, 17900026403650921 ], 
  [ 1052015557, 3424174732579, 11508681423287, 1087243032192899 ],, [ 11218580825248276951 ],
  [ 7004033839744803360156733301789 ], 
  [ 5182995882127757, 5813516078734617151605923694773934369193 ], [ 125265698221 ], 
  [ 6799961657 ], [ 212260871843201, 104242577940355121 ], [ 460051138231106311 ], 
  [ 15139427777, 17911432315392883048681357332291869 ], 
  [ 27783909037, 3651319432703, 2720262751502499653839021 ], 
  [ 465374008933, 1790864188863289 ], 
  [ 1085167801, 917354092568904391, 8160630459628509509081581 ], 
  [ 129554714879, 6077910510211061 ], 
  [ 95423123187823, 3100827675931143857137188338144394967 ], 
  [ 3350488831537, 626694115967970829422953 ], [ 12254252920519 ], [ 14377765614055123771 ], 
  [ 1974737224748463876247, 20226644366352026859319519 ], [ 8162756213, 1884681582961 ], 
  [ 9448885450843297, 268608911214208632915547201771985371 ], [ 4940381968591 ], 
  [ 16777823081, 328398421361, 9864491604161, 55177160363821, 
      1091888450264222376469861760921 ], [ 122895226682401 ], [ 106128615237871673 ],, 
  [ 44219354765678929 ], [ 55859303065617499901, 1286933016789971198625938169301 ], 
  [ 21649102860975621318381953, 3899490103287021340674400592204430301579 ],,, 
  [ 201972879112771395868131881, 240826195679071900534441783492489 ], [ 18508754327281 ], 
  [ 83777285896532173474708961, 1093380247268956474266155407 ], [ 89943362262715061 ], 
  [ 59900237353909943637190849 ], [ 114497897653 ], [ 1152250216609148109807123661 ], 
  [ 146490453540591001 ], [ 1824770005109369527777, 6595430621738285440612767224232775297 ], 
  [ 4307669868917353, 3426322146093143529839 ],, [ 13855430445511 ], 
  [ 5159959036957, 32743189670214109 ], 
  [ 113221640990338687, 1340360486149087729, 59043591801974825845489, 
      73513527165571511746377219528121539642317299 ], 
  [ 923390462791, 1841779938123354499, 1170907667302243114963113923386496303 ], 
  [ 541867334191, 5218904700768893 ], [ 60342639361, 9341843314681 ], 
  [ 3559700467423546103919691 ], [ 114905121272947372333939370657890800167907578242939 ], 
  [ 4691647685307308053411 ], [ 13296828637, 2283886962984821142920117 ],, 
  [ 4301793775269823859736947722022900668489 ], [ 18126526119241 ], 
  [ 18255825286560734087539292737857676417798876744860012911489 ], [ 44312251724572057 ], 
  [ 452503328681 ], [ 201007756765667352197078748059 ], 
  [ 79699725337, 985445509412494757671573 ], [ 899742857324774636983013 ], 
  [ 3677362486021619, 57529053042491608049 ], [ 5313057301 ], 
  [ 166003595873033, 1058888527850536815532245270998337492614233 ], 
  [ 8764048840025886445019 ], [ 41126516016277, 15969785075128582318826740122331 ], 
  [ 8519911137193 ], [ 139520457970741 ], [ 3929487547 ], [ 2861663947 ],, 
  [ 1949429052001, 82861277763457, 447487090610606209, 3585456546019152595633 ], 
  [ 44111685715231 ], [ 17608005565680499411129483249612333066117275446545339969208393889401 
     ],, [ 469552204373401, 5113106677274735681 ], 
  [ 1684143326938408018046099, 1841257567355642371905133 ], [ 64342132829637483365286901 ], 
  [ 953877631639908113 ],,, [ 8993665645273, 16317927565171 ],, 
  [ 174631617595969, 581030428788889 ], [ 106086845231, 504470656411260053 ], 
  [ 62574197551, 10374036162896179, 2367174251171383984454261 ],,, [ 556823392881127 ], 
  [ 12167801857, 48052960464540726778483 ],, 
  [ 192544109435872933, 517238357306036539483309653377 ],,, [ 98704798206438647 ], 
  [ 10373536665409, 843009976068790475038883517338603785297 ],, 
  [ 21360245566708651294983940841, 168325924750379658313676134031 ],, 
  [ 17250814171077307023569813, 1285139186802182283532470975277 ], 
  [ 66747375974278762825504049 ], [ 26334186571853895901483 ],,, 
  [ 395311176649135609, 2329527340040392360049046822135373 ],, 
  [ 5708480051, 35478737126603567, 1288661069747814808179671 ], 
  [ 7411453286536479326184593461 ],,, [ 221747205247 ], [ 662043433424447297 ],, 
  [ 942664063333, 94149744902609323, 1403558908477079563537488454293054684808771 ], 
  [ 6880833301, 1968156429779, 17757648684698160193979 ], 
  [ 28079461050957270237239111214924748131129033853 ], 
  [ 103441489435550953, 453364434859328292889, 155812758673692479799770932897 ], 
  [ 356281518364872430184531 ],, 
  [ 75763635256068646273, 661842845942310158839539644737, 3714804312458001632930874721153 ],
  , [ 28611278412670879654733, 21406438383439336919786878537067 ], [ 19343837371 ],, 
  [ 588312834075638720365789 ], [ 205246419717945003751, 3147722324526978466291 ], 
  [ 251645613447477493, 854325306885071059, 140865978035564302679806258391761 ], 
  [ 228107372201, 81178232580844380109153001 ], [ 2450093993691073, 18869351499439579 ], 
  [ 6393589871, 8725774197014353524216992655289277497262047 ],, 
  [ 745150754713, 646251302092072394428314588691093, 816508604273730212236309719598969 ], 
  [ 2218434580091, 8095678642161281 ],, [ 471931188169691377, 1422857674874326687273559521 ],
  [ 5233361969064529 ], [ 574441143321290858517817067 ], [ 1071069721 ],, 
  [ 40927785395624725149989 ], [ 116634417398887813489506227565163 ], [ 8076021581067467 ], 
  [ 435610677724331, 25722582591757021 ], [ 64509762313, 14136165584608681 ],, 
  [ 170353654547989487 ],, [ 855035945501 ], [ 1835653847 ], [ 2353871726008133619619 ],,, 
  [ 38846866307923801 ], 
  [ 600906131941, 486437401798354945442461, 134397117460979375639865365210653 ],, 
  [ 11675843293 ], [ 385343315101, 6504377856667 ],, [ 1040934049 ], 
  [ 15241749936001, 63428317829822074699702031614187926273 ], 
  [ 1986071963, 11436856261, 738601602829509577 ], 
  [ 1333293411061, 13332423025589851, 9853776303780086497 ], 
  [ 4928788283222281, 25832326538843791 ], [ 1213222104228292430029 ], 
  [ 9976070389, 38101710271, 2126353740503771846358095743 ],,, 
  [ 45891177725503921, 917565557298879613912321 ],, 
  [ 11577077166007, 847301423062887607, 282463448226583294595321 ], 
  [ 1585340749, 6868348831, 32976195373785831373 ], 
  [ 1909396803341, 813675336332185888319331553 ],, [ 29437841505523890091 ], 
  [ 242179986779693, 34570243420940698927 ], [ 4484001692298171457 ], 
  [ 469561939579, 2899557203953 ],, [ 113525053372531302386291300423 ], 
  [ 263492315370003013550822085699072881655232319418960137278966235281 ], [ 274266315247 ], 
  [ 45202717170378499, 3159131139193920208337839273807 ],, 
  [ 16201673729, 171391151873, 21213266557753534903396609, 5198393299802086726275059201 ], 
  [ 65024422048549, 375968604878651, 4028739048028139 ], 
  [ 144919638967, 151279731901378339985611, 4088866947339364841037894806911, 
      10127620587036054934606351214452447 ], [ 70989655215908697241 ], [ 281475910552981 ], 
  [ 15117611443214113, 113072980138249201538779 ], 
  [ 9133249523, 314040742255309, 72700443696494925920809 ], 
  [ 111185347346627, 8420535329643356836009 ], [ 2021945377 ], [ 15338958431 ], 
  [ 10727935877, 12248137914606721, 15126835131535097560885294343 ],,,,, 
  [ 54704336381886019 ], [ 94921838622001 ],, [ 87661074183797209 ],, 
  [ 36742022416569805682089 ], [ 1650726348393103 ], 
  [ 948767539529, 40802877519711991798547 ], [ 9865467343 ], [ 2294845098001 ], 
  [ 2346386881807240423 ], [ 28433319059583396223, 100100225595202424052935661331 ],, 
  [ 1530545497357, 86334277364435461, 46569658689698278444410132649 ],, 
  [ 4177593397653014515177 ], [ 35210725533287518033 ], 
  [ 11172309301010017, 3399732471607247821713851714689 ],, [ 5926055731885838895194011 ], 
  [ 16272152816584511599, 35696862270973357161641107 ],, 
  [ 581921202683479, 3111914110592104343003 ],,, 
  [ 1676444249, 315126635849, 792815045569, 12530922437537673280273 ],, 
  [ 3470808492625480133 ], [ 212487531959 ], [ 17653107618001 ],, 
  [ 1777383751493047, 1512116505973379597, 989656263777835865489881201 ], [ 1359922783 ], 
  [ 2804694493313, 15926119173705303553 ],, [ 35485315169466961 ], 
  [ 30004112968387, 132743747901270697 ], [ 6725128681657 ], 
  [ 26390793901, 386597821347834157, 7616919392935397048787541 ],, [ 4969541153 ],, 
  [ 1640030066963 ], [ 36666052710257 ],, [ 3772187117, 96876700493, 1934281958379193136957 ]
    , [ 8558620585871 ], [ 45358634053, 199195489005783382831 ], 
  [ 3572371903, 1806489209603534017 ], [ 224773215171573121, 346014465489514672372801 ], 
  [ 166767268201, 332964710547181, 69642318495824986727030491 ], [ 63857319535003 ], 
  [ 31286092244101939 ], [ 465236055001, 1139379380101 ], [ 1002166751, 4545847647367001 ],,,
  , [ 1047039214879729 ], [ 208780265591041 ],, [ 307475933170021942088269873 ], 
  [ 54831671607169, 81659103055948153 ], [ 288443138785403475693121433 ], [ 3300872921 ], 
  [ 571117090105633, 84686996052183897793, 39113870273388393652513, 
      86954023574662610171664845281 ],, [ 2342194312816879 ],,, [ 22930294892400662911 ],, 
  [ 10843348946263 ],, [ 350297212338234399524851, 34162616281571415987804901 ],, 
  [ 713917475209, 1467743664011 ], [ 8754527497081 ],,,,,, [ 57985510813 ], 
  [ 1238061337021 ], [ 21659560942821749, 31524637372254355649 ], [ 36498305840740087 ], 
  [ 2714164357231, 96851147124320158560805981 ],, [ 43532651521, 81892706292361 ],, 
  [ 1009507982910457 ],,, [ 1497853421, 1800541494885411911 ],, [ 39474249889 ], 
  [ 661853373098081, 38320532553428353 ], [ 124881405049 ],, [ 374883633937, 1098202823789 ],
  [ 30236563929174154540005282217 ], [ 13189553782747 ],, [ 11149443057001 ], 
  [ 3305707777, 4661611529, 7320045833, 39645068252629937, 143337338365993128337 ], 
  [ 44183879565827, 902199260378833, 3927874674147841, 9258227423060071 ],,, 
  [ 10100071204200509641, 261973780393650919842041 ],,, [ 23441247004943, 54296583952889 ], 
  [ 77004418756609, 9932830380534913, 47509865773173573327000577, 
      525479369240724300941211649 ],, [ 17984316974617497578929 ],,, 
  [ 9012433691, 861171809143, 916030162259, 1129550043403, 238490385235693 ], 
  [ 8687141412834244245140191 ], [ 722703981589783 ],, [ 407313339372634693 ],,, 
  [ 189766018695345794159155237 ],, [ 126235615929620737 ],,,, 
  [ 3964044013, 730430271029309558190434797 ], [ 906604049521 ],, 
  [ 454634004691, 205485494932298341, 61005391964033899861 ], 
  [ 304581071299, 40541665520613769726213887917, 5082136733957238134375759707201 ], 
  [ 4053471731 ], [ 7170265188230575508140125529 ],, [ 3571891711, 163578255961 ], 
  [ 13081912171, 631553986646191350361 ], [ 10651828707277 ],,,, [ 32488392919009 ],, 
  [ 13607494076441, 381923362509194215052056561 ], [ 5458104328783 ], 
  [ 974522776921, 187299276107413272579421, 
      307211984675652480207626471527142594911891846351304281 ], [ 1565730553951 ],, 
  [ 20367524299710583 ], [ 969888899889465235993 ],,,, [ 11139436693213422064892677 ], 
  [ 1429482203976955129 ], [ 24442550169301788069521, 99446142647457916835500741 ], 
  [ 10798568592811 ], [ 4626914401 ], [ 4708741266530627 ],,, 
  [ 392048447043342101, 659391127087670596971939306221 ], 
  [ 313883443751, 764340003979, 120507708118097 ], [ 6642812033421747499009 ],, 
  [ 4780725568961 ], [ 51280770367 ],,, [ 1900239637 ],,, [ 10392680269 ], 
  [ 38972079457921, 126998304890883507911528289298177 ],, [ 15924895081201 ], 
  [ 45384835804177 ],,, [ 267972899876345824773689 ],, 
  [ 1136381440729, 23850371287993, 102214396999580338969 ], [ 121754747063 ], 
  [ 32799726647731, 23450469334577399 ],, [ 303987764518241 ], 
  [ 11002454657, 65673918775417 ], [ 4704557799481 ], [ 13686203143 ], [ 2810344993 ],, 
  [ 1485352614340357753, 3938359841028602720117 ],,, [ 53153403059 ],, 
  [ 331314309467411186341 ], [ 5409281739769, 345072023631929921 ],, [ 4507900134739 ], 
  [ 10208420701, 61892894251, 4916848212151 ], [ 432719448729611274818618557 ], 
  [ 1282236103, 37342291303, 9271075639699 ],,,, [ 5055149347, 21430785689, 3424553988623 ], 
  [ 26328489744855742837901 ], [ 11152292217361 ], [ 5417119387963973115053 ],, 
  [ 606376869233661462439 ], [ 31179027629 ], 
  [ 167887636460467242337, 50842557271273350480577, 40546974309510002456456680001 ],, 
  [ 20337378915701 ], [ 127187986379819 ], [ 4545163897, 18885742498945693779516721 ], 
  [ 6795259078183 ], [ 273263885419169503, 30465827280904273987 ], [ 1130320191026159101 ],, 
  [ 28949461759 ], [ 2270244148849535214487179259 ],, [ 609927655992783499545001 ],, 
  [ 2213612173, 186324331013, 809604329082190282319157107, 2495910328560339917233906097 ], 
  [ 1505286245371 ], [ 766375191642991393 ],,,, [ 13604836393, 866609075009 ],,, 
  [ 6394181837 ], [ 3904748640849682433, 14926623474171866996833793 ],, 
  [ 176971794508620901 ],,, [ 9568539839 ], [ 1398991609, 489589161797 ], [ 3011414041687 ],,
  , [ 109528166342551609 ], [ 133559078229041 ], 
  [ 355711445379866881, 458095960354777158157 ],, [ 27549953944624367254709 ], 
  [ 1533264000682619 ], [ 18717773466481, 69151278735627654193 ], [ 9047296561 ], 
  [ 39002140541675681 ],, [ 31667976484794721, 4317434620392717937 ],,,, 
  [ 222408877697, 47624069830604149889, 403113735299095551569 ],, 
  [ 4080360630721, 32565161583411371 ],, [ 9457486021, 721000377541806928193666719801 ],,,, 
  [ 9245894076164471733595361 ], [ 98638376071 ], 
  [ 108618007922332273, 34286391771972602809 ], [ 119422183879837 ], 
  [ 1457930658871527877994643340493 ], [ 96653037846349 ], [ 721169175101 ], 
  [ 8762417826444043 ],, [ 1520115981077 ], [ 5496797419, 3008986242355565512251499 ],,, 
  [ 116518887929 ],,, [ 805850735348555108063426401 ],, 
  [ 99890662473116466199, 32487400601609802051997, 1039293062605677337336979078687 ], 
  [ 3811432307, 38595346883, 340059701335553 ], 
  [ 129833650942892832406885837934317, 66154187464354166097589086279690277 ],, 
  [ 12643940789, 56612127622571, 193179677584493456251259266819, 
      952797588865906923872771578567 ],, [ 1410152017 ],, [ 1198803811171, 3196370368487521 ]
   ,, [ 64645383089717, 117025799556818125117 ],, [ 139989978181521959 ], [ 33685845112201 ],
  [ 12346386049 ],, [ 608217401635081239974171533 ], [ 523626751369 ], 
  [ 2431858801, 49147290474701 ],, [ 77971116326083 ],, 
  [ 21933150699104639249, 30618493759814591849 ], [ 212178092133151 ],,, [ 310915579297 ], 
  [ 98858030941 ],,, [ 96856208599208363339946641 ], [ 1310247792487 ], 
  [ 2263991347784488230433158679 ],, [ 1632966788776650281, 14769055604920586597 ],, 
  [ 32157884280574807, 65277268851135017 ], [ 2503677439 ], [ 10603723201, 164668730830801 ],
  [ 4042916260819949 ],,,,, [ 39756085813 ],,,,, [ 43426970675083139 ], [ 156248257516453 ],,
  ,,, [ 6007647557, 17035770690907 ], [ 16677203389237 ], [ 1508551283 ], 
  [ 826844180521, 26091323784752561 ],,, [ 1978897201 ],,, 
  [ 19287923881, 29329373911, 1152047947811 ], [ 47683924333, 8838207231247021 ], 
  [ 1158393101, 17978678533, 5955296949529 ],, [ 38438849611 ], 
  [ 141429205193, 2403575390299, 26279423858088733 ],,, [ 12812437291943542069 ], 
  [ 2836691850101 ], 
  [ 3188201221, 166930057385569, 964344887817547933, 1203688820324971159909 ],,, 
  [ 4248283624021 ],,, [ 34508782287863041 ], [ 1928663069, 774293287788569 ], 
  [ 6716318732512453 ],, [ 180388922429, 5055033395371 ], [ 975866252939 ],,, 
  [ 28069458301, 12456864435266551 ], [ 550305945300721 ],, 
  [ 25056353845361, 1575602898124727 ], [ 15671298470498062603 ],, [ 8807718401 ], 
  [ 1523614537 ],, [ 53080849949 ], [ 293148432721, 47830501317061, 211049900840535241 ],,,, 
  [ 3488900353 ],, [ 25587891350422584701437 ], [ 4570207963 ], [ 1013533508718821 ], 
  [ 1892583331711 ], [ 14528273971, 242949599141, 6511144105771 ],,, 
  [ 621437434693, 30646792428262537 ], [ 241679368201981 ],,,,,, [ 437212565401 ],, 
  [ 360466234376711, 1513414432574978509489 ],, [ 2965209769 ],,,, [ 1783519591124801 ], 
  [ 7180168217, 201725884387 ], [ 127715258247507497491 ], [ 121112992572757 ],, 
  [ 11219111994819961 ], [ 44802581597 ],, [ 2674503615244561 ], 
  [ 46684363001, 3188534589367, 29779371153947 ], [ 5704189359881 ],, 
  [ 6964896424501, 13572426982801 ],,,, [ 2839430544603297217 ], [ 160890421621 ],,, 
  [ 39642267187959199009 ], [ 15944773319 ], [ 45264335351 ],,, [ 3949133808023 ],, 
  [ 1427578799791 ],,, [ 9229168411 ], [ 90716993579 ], 
  [ 250642517230801, 1637784091109865629521 ], [ 43904819141, 108788452711, 73820278433287 ],
  ,, [ 18789430642033 ],, [ 2974554754909 ],,,, [ 63500919806253901, 159724836809723701 ], 
  [ 238981596448589, 3305454464232647 ],,,, [ 5134590430530751 ], [ 3987185057 ],,,,, 
  [ 3330883921, 13057080973, 4365822464719, 2163904481056891 ], [ 12160333781 ],, 
  [ 305412806497 ],, [ 91087125931 ],, [ 543546036353 ], [ 10227912577 ], 
  [ 542898169315863001 ],,,,,, [ 3566001927588336709038404387040241 ],, [ 631616118548039 ], 
  [ 1862112171481 ], [ 11166863161, 166322897320842271921, 9781652581382771242961 ],, 
  [ 101890535869, 1546627373593 ],,,, [ 5104696744723 ],,,, [ 416631021123879101 ], 
  [ 192663453709 ], [ 3614167409 ], [ 1194902147741, 5800771149949723 ], 
  [ 2861490425797, 17390164935223 ],, [ 305200711537, 33060472393489 ], [ 6092285683217161 ],
  [ 96696877423897 ], [ 149890741606993 ],,, [ 8394389167, 3410347649251 ], 
  [ 2220470988481, 170147677247137 ], [ 24138314549558497 ],, [ 121909421059370443 ],,,, 
  [ 43074960931 ],, [ 8646006051937, 18115603738849 ], [ 534268200857 ],,,,,,, 
  [ 1021432305601 ], [ 2854683901 ],,,,, [ 184021787639 ],,,, [ 3004382147350411 ],, 
  [ 16393631865661, 93313511253793846681 ],, [ 1669640719451 ],,,,, [ 114760286551 ], 
  [ 61906850381 ], [ 3434007422959493 ], [ 68481018531907 ],,,,, 
  [ 2778438821, 3203974979, 737888818129 ],,, [ 413071558567211 ],,, [ 2839523737 ],, 
  [ 229954378158101 ],,, [ 468091276889 ],, [ 3493400403150801361 ],,,,, [ 82257295405091 ],
  , [ 70150138449831749 ],, [ 594293134987 ],,, [ 580632151873 ],, [ 149057940436441 ],,, 
  [ 14643762180989 ], [ 1463106351002536813 ], [ 218735067647 ], 
  [ 25865508056741, 4795794325845845741 ],, [ 10750522649 ],, [ 3394935937 ], 
  [ 244236142531 ],,,, [ 50201916227 ],, [ 3301797253, 138412281159829 ], 
  [ 7338737177, 66046033409, 47766760013593 ],,, [ 1070639501, 12517130501 ], 
  [ 2837737253089, 25432088466063226537 ],,, [ 13796091258343, 6893385224916577 ],,, 
  [ 143824843276507 ],,, [ 11662676911 ],,, 
  [ 175365887017, 23400956585257, 9790532176948821721 ],,,,,, 
  [ 124882495868437, 15466343906886793033 ],,, [ 217610864838823, 613001836912999 ],,,,, 
  [ 2173175859251 ], [ 70996009999657 ],, [ 6979933771, 16004883371, 90722713261 ], 
  [ 50266549786698457 ], [ 609687346423 ],, [ 199140134631301 ], [ 1339018931251 ],, 
  [ 5908974973209275041 ],,, [ 12661801111 ],,, [ 44602944949, 161962916257 ],,, 
  [ 1840080637, 70901709559 ],,, 
  [ 3057209538769, 339868481434021, 1855251086600119878680685267264673 ], [ 34720816651 ],,,,
  ,,, [ 21048350612693 ], [ 47034532219 ],,, [ 22084595209 ],, [ 14911989450086303 ], 
  [ 104321237971 ], [ 6804003881, 36391378081 ], [ 4433154511, 1999329253111 ],, 
  [ 1964044567 ], [ 1989109009, 5737827520651297 ],, [ 3518634703, 4966570951 ], 
  [ 14885219626181 ],,, [ 6217702501 ],,, [ 2947597916953 ], [ 3985626373543 ],, 
  [ 45608265797, 9241932500917 ],,, [ 8486758729 ], [ 26469422026561 ],,,,,, 
  [ 1120177988279883095011 ],,,, [ 63012077851, 1156705663051 ],,, [ 17303719133 ], 
  [ 1717675556111 ], [ 724512537451, 209362056614101 ], [ 3915211507201 ],,,,, 
  [ 5574918874699 ], [ 2303385032486599987 ],, [ 5316569326273 ], [ 22261750571 ],, 
  [ 1181663257185937 ], [ 414917375676337 ], [ 80815136111 ], 
  [ 55168639021, 9726141662807131, 22598421658593376078891 ], [ 97770278725069 ],, 
  [ 685192070737747 ],, [ 7433666227331, 121537891341431 ], [ 559587251314309 ],, 
  [ 359601881301293 ],,,, [ 39378632873617 ], [ 1141305677 ], [ 3738562673 ], 
  [ 23877356821 ],,, [ 1438498657 ],,,, [ 745235893249, 1094034134777 ], [ 36651782513 ],,,,,
  ,, [ 1552954365601, 2397248131321, 38411423206917700921 ],, [ 9373415854917787 ],,,, 
  [ 15129515017 ],,,,,, [ 1068255599641 ],,, [ 1237525227074431 ],,,,, [ 11134032001 ],,,,,,,
  , [ 1050084473, 7645726886087004761 ],, [ 158270108899068601 ],, [ 942135770716649 ],,, 
  [ 1092513691 ], [ 4117008442273 ],, [ 257683227709 ],,, [ 23993778667 ],,, [ 13512341417 ],
  , [ 2636526821267 ], [ 1051076093 ],,,,, [ 536088387473 ],,,, 
  [ 14650487821, 195020965739213 ],, [ 1467638789 ],, [ 2789375685435618121 ],, 
  [ 6948668921 ],,,,,,,,,, [ 30158338335217, 1113466630932699436697680741 ],, 
  [ 55781416813 ], [ 89474453851 ], [ 8649068865337, 76940928376657, 2426955534168481 ],,, 
  [ 4207048931 ],,,, [ 34830734747 ],,,,, [ 2086813849 ],, [ 5184515851 ],,,, 
  [ 33983071301 ],,, [ 16486509272399 ], [ 359275308318029611 ],, [ 484091489281 ],,,,,,,,,,,
  , [ 104832989537 ],, [ 2431148515363, 2022019510989619, 51239904547715731 ],, 
  [ 8915469823921 ],, [ 4385213081281 ],, [ 43827411962821 ],,,, [ 353084044457 ],,,, 
  [ 88741900076677 ], [ 2070808231 ],,, [ 18331312897, 15090688322247169 ], [ 239609904043 ],
  ,, [ 18110239333 ], [ 91510112747 ], [ 6356790049, 402955485409 ],,,,, [ 1871658349501 ],, 
  [ 3861164161, 121908498521 ],, [ 4351381231, 29035774567 ], [ 2267554033, 25668080129 ],,, 
  [ 4872634049 ], [ 473022475741 ],, [ 60988548641 ],,,, [ 4439615567029 ],,,, 
  [ 26540025181 ],, [ 5373895393 ],,,,,, [ 6614256811 ],, [ 2427633727792513 ],,,,,,,,,, 
  [ 573012395786311177 ],, [ 23386916197 ],, [ 6189645457 ],, 
  [ 2677443817, 934264451801, 23082221069993 ],, [ 11409189967903421 ],,, [ 42655234763 ],,,
  , [ 3198276001 ],,, [ 7425648341 ],,,,,,,,,, [ 8745803071, 947289543001 ],, [ 1077249713 ],
  ,, [ 1200265244621 ], [ 6321794631937 ],, [ 1769506812966337 ],,,,,, [ 79435435889 ],,,,,,
  , [ 1941251761 ], [ 4344595249 ],, [ 416450001876943 ],,,,,, [ 45441802981, 1807789067281 ]
   ,, [ 11407558741 ], [ 25631145181 ],,, [ 18375645649 ], [ 37542621439, 49409325701 ], 
  [ 939978092593 ],,, [ 20987555273 ],,,,, [ 15737415777821 ],, [ 2143600903 ],, 
  [ 145953335041 ],,,, [ 214749166921 ],, [ 17031193796731 ],,,,, [ 73480957261 ],, 
  [ 23598597307 ], [ 659182995767 ],, 
  [ 79499161097137, 198643132515889, 439968641740993, 202646400946292593 ],,,,, 
  [ 110670478239553 ], [ 23270692873, 172211638848649 ],,,, [ 22880289431017 ],,, 
  [ 67200437620009 ], [ 26594534569014991 ],, [ 2653771501217 ],, [ 1054633483, 2534535181 ],
  , [ 168595506493 ],,, [ 9847018243 ], [ 45240036461401 ],,,,,, [ 1571886920059 ],,,,,, 
  [ 252828666253 ],,, [ 1316367706711 ],, [ 89329136093 ], [ 3407045737 ],,,, 
  [ 66641437259 ],, [ 8221333803649 ],,,,,,, [ 1617792779 ], [ 460803571489 ],,,,,, 
  [ 1258526501, 1303356797 ], [ 33903785683 ], [ 4577590986295121 ],, [ 993257252017 ],,,,,,,
  ,,,,,, [ 545921829751 ],,,,,,,,,,,,,,, [ 2172179411 ],,, [ 30439306661 ], 
  [ 1886643479920201 ],,,,, [ 2534834111 ], [ 5285555801 ],,,, [ 2287308349 ],, 
  [ 6439087727 ],, [ 41975514241 ],, [ 2584289618971, 7451748209859511, 15183003071924731 ],,
  ,,,,,,,, [ 308482316561 ],,, [ 3521401337 ], [ 2834365201 ],, [ 2747669563, 52275294793 ],
  , [ 39251835369760692474497807869 ],,,, [ 5865866705602529 ], [ 8129443393 ],, 
  [ 1678054561 ], [ 79781036701 ], [ 1189539979 ],,, [ 7627579633441 ],,,, 
  [ 2184011976593, 40052256269189, 5499811201846097 ],, [ 1496616473656687 ],, 
  [ 29490228641, 32912335473907289 ],, [ 16787941210501 ], [ 5059605079 ], 
  [ 1622774077, 140142688126175989 ], [ 41444750117 ], [ 7947591245195947 ], [ 1791972181 ], 
  [ 397544521921 ],,,,,,,,,, [ 38515012857109 ], [ 5754421927 ],,,,,, [ 3651605299 ],,,,,,, 
  [ 678257180181481 ],,,,,,,, [ 3426991969 ],,,,,, [ 2680113883429 ],,,, [ 118483867859309 ],
  [ 1036246709 ],,,,,,, [ 26792494507, 7861796055637 ],, [ 2552805737 ],,,,, 
  [ 57470076223103 ],,, [ 2721629321 ],,, [ 15550777691 ],,,, [ 2821037671 ],,,,,,,,, 
  [ 147606569552149, 1429627553855701 ],,,,,,,,,, [ 5723850384661 ],,,, [ 54710404561 ],, 
  [ 5350501899649 ],,,,,,,, [ 28409382649, 636950653921 ], [ 78857240750857 ], 
  [ 184619519429 ],,,, [ 3164176522211, 550732200324708799 ],, [ 456158886306769 ], 
  [ 57526072811 ],,, [ 1823670388974113 ],,,, 
  [ 2597145217, 2963457373, 5405384064133, 461198779663357, 24613669675348609 ], 
  [ 14742901603 ], [ 5836182659, 38363922930856513 ],,,,,, [ 16294644281, 587443293514061 ],
  , [ 9706995383, 13074803905703 ],,,, [ 42725758349 ],,,, [ 30445763611 ],,,, 
  [ 19008556799 ],, [ 7999635728543761 ],,,, [ 28696560001 ], [ 38497629991 ], 
  [ 45347430330613 ],, [ 27866357401781513 ],, [ 968868768869 ],,,, [ 1576211075445791 ],, 
  [ 17965984684482173 ],,,,,, [ 11965765291 ],,,, [ 1649681053 ],, [ 19480439544329 ],, 
  [ 664961090161 ],, [ 2615913144769, 380053823960449 ],,,,, [ 4017424951 ], [ 11221565263 ],
  ,, [ 13718367757 ],,,, [ 23660827423, 133819194787 ], [ 885728367640807 ],, 
  [ 1753391131993, 451384030399789, 1940443200795397 ],,,, [ 5430400609, 13108615537 ],,,, 
  [ 985575350604601 ],,,,, [ 7693792343 ], [ 27233911739 ],, [ 334608719137981 ], 
  [ 2473654217, 90532203719 ],,, [ 3001000404481, 10576198478977 ],, 
  [ 13442780737, 134440237387 ], [ 2113912699 ], [ 44625024817 ],, [ 552900842831 ],,,, 
  [ 8348561083 ],, [ 9946459993 ],, [ 70307538869 ],,,, [ 17298217831, 17017493394103 ],, 
  [ 154928634934514633 ],,,,,, [ 52729146262781 ],,, [ 200381624473 ], [ 77461305083471 ],,,
  , [ 121315552513 ],,,, [ 442011592177 ],, [ 16011975097 ],,,, 
  [ 3827986681, 606829032853, 684133724317 ],, [ 34477737887071 ],, 
  [ 1346764246609, 38659910578690033 ],,,, [ 2332186053913 ],,,, 
  [ 84080968481, 1581937657121 ], [ 3985426883881 ], [ 4051805490643 ],,,,,,, 
  [ 63258079249 ],,,,, [ 137929797127 ],, [ 87301412353, 133564241273 ],, 
  [ 2425213891, 6608848499639 ],,,,,,,,,,,,, [ 2796045829 ], [ 2358120169 ],,,, 
  [ 12744768797, 53295583361 ], [ 8462218167103 ],,,, [ 1209535807 ], [ 482570735666713 ],, 
  [ 11517455881, 128864239561, 351978141475549, 1029030760033417, 72720994811431429 ],,,, 
  [ 1514498426377 ],,,, [ 1783989353, 2034026955349446248017 ],,,,,,, [ 14562456622177 ], 
  [ 20555233736939281 ], [ 11620875397 ], [ 1097352037, 59168104183 ],, 
  [ 683686967321, 1281754971682057 ], [ 4867891351 ],,,,,,, [ 337129585409, 166007163657217 ]
   ,,,,,,,, [ 17178276601 ],,,, [ 1020940739633020097 ],,,,,, 
  [ 5746966814471, 108693000855281 ],,,, [ 2044753499 ],, [ 12655825673 ],, 
  [ 20391422473, 34190775127, 632079894781 ],,,, [ 16140496741, 52327685131 ],,,, 
  [ 196884582533, 563625771759392387 ],, [ 398904670181 ],, [ 344958400141, 643064900551 ],, 
  [ 651774265529 ], [ 11319940789, 65540253091 ], [ 2027341961262647 ],, [ 737509174201 ],,,
  , [ 205699666481 ],, [ 18508893079, 65378614393 ],, [ 49695659857 ],,,, [ 8058761545297 ],,
  ,,,,,,,,,,,,,, [ 4218908633, 44390017369 ],,,,,, [ 2381991041 ],,,,, [ 254744895001 ], 
  [ 3755029741 ],,,,,, [ 22137322357 ],, [ 3130919361781 ], [ 7823507771 ],,,,,,, 
  [ 789680586279773 ],, [ 50437309137323 ],,,,,, [ 15747720601 ],,, 
  [ 1451920493, 5656305931 ], [ 239713978905521 ],, [ 5025742047118673 ],, 
  [ 2650629853, 2700385594738309 ],,,,,, [ 272299677277 ],,,,, [ 1289153497 ],,,,, 
  [ 26095101217740413 ],, [ 2735031573181 ],, [ 190084665618530569 ],,,, 
  [ 3568318993, 932210504317 ],, [ 11378880467 ],, [ 17666358161, 103173487570033 ],,,,,, 
  [ 365848767751 ], [ 3854834281, 175451804149 ], [ 515537141414041 ],,,, 
  [ 3975848521, 5832257960533, 7393284665715181 ],,,, [ 57211316353 ],, [ 3290833009 ],,,,,, 
  [ 2753333521, 5621515201 ],,,,,,,,,,,,,, [ 8795986081 ],,,,,, [ 40459367670481 ], 
  [ 4462539271 ], [ 49311674411 ],,, [ 1067898241 ], [ 457679591939683 ], [ 1211831561 ],,,, 
  [ 6522316901 ],,, [ 40746291307, 638223891029 ],,,,,,,,,,,,,,,,, [ 2064227149 ],,,,, 
  [ 17510677633 ],,,,,,, [ 1364007751 ],, [ 4325983201, 9257728951 ],,,,,,,,, [ 7556936473 ],
  ,,, [ 1060536479 ], [ 3603622405116007 ], [ 12385864922521 ],,,, 
  [ 1825760077, 9935668169953 ],, [ 13802172781, 292170883048969 ],,,,,,,,,,,, 
  [ 5300511230617 ],,, [ 215975875069 ],, [ 14483856763 ],,,,,,,,,,,,,, [ 92515769461 ],,,,,
  , [ 2813637247 ],,,,,,, [ 23267848781, 9155313702481 ], [ 1148619757, 5504820967 ],,, 
  [ 59647368037 ],,,,,,,,,,,,,,,,,,,,,,,,,,,,,,,, [ 11137063757 ],,,,,,,, [ 93726191219 ], 
  [ 28122561601 ],,,,,, [ 2234257679 ], [ 25999099057 ],,,,, [ 8024897000609 ],, 
  [ 1171871191 ],,,,,,,,,, [ 4466219669 ],,,,,, [ 5689104731 ], [ 11752219987 ],, 
  [ 1422877913 ],, [ 21047112101 ],,,,,,,,,,, [ 4855150273 ],,,,, [ 4040493101 ],, 
  [ 8705914157 ], [ 1352688173 ], [ 117187290720091 ],,,,,,,,,,,,,,, [ 1684015831 ],,,,,,,, 
  [ 4335709601 ],, [ 5817347531 ],,,, [ 1195215533 ], [ 2601495901 ],,,,, [ 9424930901 ],,,, 
  [ 1008528883 ],, [ 6969666311 ],, [ 2453946419 ],,,, [ 8752598051 ],, [ 45489045857257 ],,,
  , [ 1581830891 ],,,,,, [ 1067650020893 ], [ 10110316501 ],,, [ 58863063079 ],,,,,,,,,,,,,, 
  [ 160636260307 ], [ 3305312893, 2009465926617187333 ],,,, [ 1819840193 ],,,,,,,,,,,,, 
  [ 1921502201 ],,,, [ 37197678337 ],,,,,, [ 57195039871 ], [ 1064485297 ],,, [ 3759802993 ],
  , [ 9864865609 ], [ 1364282603 ], [ 2371818247 ],,,,,, [ 45187277777 ],,, [ 3681258881 ],, 
  [ 4735508441 ], [ 4022391211 ], [ 3124033873 ],,,,,,,,,,,, [ 3094714882969 ],,,,,, 
  [ 6589995319, 22026935947 ],,, [ 32756770831 ],,,,,,,,,,,,,,,,,,,,, [ 4260792817 ],,, 
  [ 1947145033 ], [ 21983407993 ],,,,,,,,, [ 6730420183 ],,,,,,,,,,,,,,,,,,,,, 
  [ 2784039233 ],,,,,,,,,,, [ 9246527081191 ],,,,,, [ 1863877027 ],,,,, [ 5540195179 ],,,, 
  [ 53399585929 ],,,,,, [ 36274187977 ],,,, [ 272430107713 ],,, [ 29223707371 ],,,,, 
  [ 6567137525357389 ],,,,,,,,,, [ 68766489331 ], [ 148300253923 ],,,,,,,,,, 
  [ 3284031679111 ],,,,,,,,,,, [ 4731118981 ],,,,, [ 17565412349 ],,,,,,,,, [ 150113273623 ],
  [ 3410782883 ],,,,, [ 162106242097 ],,, [ 1136194921 ],,, [ 4367797069 ],,, [ 7080967631 ],
  ,,,,,,,,,,,,,,,,, [ 3261970091, 4294488251 ], [ 2107363861 ],,,, 
  [ 19863527041, 27415498321 ], [ 1132581606229 ],, [ 1023132222979 ],,, [ 13291132507 ],,,,,
  ,,,, [ 14627380951, 27138518551 ],,,, [ 3885533261 ],,,,,,,,, [ 2299926721 ],, 
  [ 12545793451, 23361876001 ],,,, [ 2460102191 ],, [ 11864491921 ],, [ 36825599827 ],,,,,, 
  [ 4938225541 ],,,,,,,,, [ 1034088701, 1131538785031 ],,,, [ 383316370093 ],,,, 
  [ 1053140917 ],,,,,,,,,,,,,,,,,,,,,,, 
  [ 9948896703817, 71964845811853, 3064179891937837, 56499563664345229, 1388733188359842781 ]
   ,,,,,, [ 32783327821 ],,,, [ 2485736249 ],,,,,,,,,,,,,, [ 1159168753 ],,,,,,,,,,, 
  [ 1015276081 ], [ 1397964481 ],,,,,,, [ 33149667443 ],,,,,,,,,,,,,, 
  [ 3526346557, 811418863051 ],,,,,,, [ 15609003269 ],,,, [ 2942125841 ], [ 1148491873 ], 
  [ 86323426393 ],,, [ 1653747776431 ], [ 1815761663 ],,,,,,,,,,,,,,,,,, [ 7704402337 ],,, 
  [ 9754428911 ],,,,,,,,,,,,, [ 1824893953 ],,, [ 1892099791 ],,,,,,,,,, [ 1556857901 ], 
  [ 19039283581 ],,,, [ 354740780473171 ],,,,,,, [ 4708723853 ],,, [ 95310793141 ], 
  [ 4415674253 ],,,,,,, [ 1224291709 ], [ 1297170631 ],,,,, [ 7134424273 ],,, 
  [ 18308768311 ],,,,,,,,,,,,,,,,,,,,,,,,,,, [ 7466646241 ],,,,,,,,, [ 19173760663 ], 
  [ 1648395739 ], [ 21910748471 ],,, [ 370860574241 ],, [ 2405477201 ],,,,,,,,,, 
  [ 1057979051 ],,,,,,,,,,,,,,,,,,,,,, [ 12927272881 ],,,,,,,,,,,,,,,,,,,,,,,,,,,,,,,,, 
  [ 15312668641 ],, [ 2177086564969 ], [ 9474366301 ],,,,,,, 
  [ 1398555251, 1577581501, 2936875751 ],,,, [ 10115803169447 ],,,,,, 
  [ 1106472511, 4133235641 ],,,,,, [ 1631563769948141 ],, [ 51699631120919 ],,,,,, 
  [ 45081108229 ],,,,,,,, [ 51755611717 ],,,,,,,,,,,,,,,,, [ 2686316813 ],,,,,, 
  [ 3390821611 ], [ 1590419221 ],, [ 13175429023 ],,,,,,, 
  [ 4805556421, 81982144358808034321 ],,,,,,,,,,,,,,,,,,,,,,,, [ 3780952501 ], 
  [ 3326036191 ],,,,,, [ 36291180941 ],,,,,,,,, [ 16770495341 ], [ 14186644583 ],,,,,,,,,,,,,
  ,, [ 346811300557 ],,, [ 6000681107 ], [ 7586259001 ],,,,,,,,,,,,,,, [ 1362201121 ],,,,,,,,
  ,,,,,,,,, [ 60962447137, 1047324761489 ],,,,,,,,,,,,,,,,,,,,,,,,, [ 1010717569 ], 
  [ 69152018783 ],,,,,,,,,,,,,, [ 11980965889 ], [ 2663123261 ],,,,, [ 186911725447 ],,,,, 
  [ 164012553997 ],,,,,,,, [ 75949505017 ],,, [ 3297087067, 6677759723909 ],,,,,,,,,,, 
  [ 119767655971 ],,, [ 211269476377 ],, [ 10196735231 ],,,, [ 1235308231 ],,,,,,,,,, 
  [ 10794663353 ],,,,,,,,,,,,,,, [ 26141114873 ],,,,,,,,, [ 10192295341 ],,,,,,, 
  [ 104485845011 ], [ 5364732913 ],,,, [ 1137697961, 1709556841 ],,,,, [ 3910692991 ],,,,, 
  [ 150235118941 ],,,,,, [ 25071318593 ],,,,,, [ 272744624063 ],,,,,,,,,, [ 80810868097 ],,,,
  ,,, [ 3019152221 ],,,,, [ 8099580637 ],,,,,, [ 6286829750611 ],,,,, [ 4447405951 ],,,,,,,,
  , [ 30547251697 ],,,,,,,,,, [ 1107127561 ],,,, [ 16110571861 ],, [ 7665085081 ],,,, 
  [ 158891097293 ], [ 482469539971 ],, [ 1267187209 ],,,,,,,,,,,,,, [ 314002596559 ],,,, 
  [ 2051758651 ],,,,,,,,,,, [ 25557461749 ],, [ 1848513371 ],,,, [ 21736813999 ],,,,,, 
  [ 1736514457 ], [ 963527975411, 1450481357183 ], [ 171826030531 ],, [ 2305897861 ],, 
  [ 67307583367 ],,, [ 2481480457 ],,,,,, [ 320629067029 ],,,,, [ 20518303349 ],,, 
  [ 3148032581 ],,,,,,,,, [ 2906110095121 ], [ 1119635299 ],,,,,,,,,,,,,,,,, [ 216018382933 ]
   ,,,,,,, [ 58122178111 ],,,,,,,,, [ 12952037827 ],, [ 508473416221 ],,,,,,,,,,,,,,,, 
  [ 9554103409 ],,, [ 90859812751 ],, [ 3214998557, 22763668093 ],,,,,,,, [ 2763534311 ],,,,,
  ,, [ 1892786881 ],,,,,,,,,,,,,,,,,,,,,,,,,,,,,,,,,,,,,,,,,, [ 1111443920857 ],,,,,,,,,,,,,,
  ,, [ 7099489351 ],,,,,,,,, [ 28318390249, 1427624733811 ], [ 5023933841 ],,,,,,,,,,,,,,,,,,
  ,, [ 1046630881 ],,,,,,,,,,,,, [ 1812783169, 4042812173 ],, [ 15019461931 ],,,,, 
  [ 467054868001 ], [ 1542652633 ], [ 1310171743 ],,,,,,,,,,,,,,,, [ 6827667559 ],,,,,,,,,, 
  [ 1780313473 ],,,,,,,,,,,,,,, [ 2598776329 ],,,,,,,,,,,,,,,,, [ 110227041121 ],,, 
  [ 11382039131 ],, [ 4389955261 ],,,,, [ 6020019601 ],,,, [ 57344247439 ],, [ 115718430241 ]
   ,,, [ 533186313703 ],,,,,, [ 48981023281 ],,,,,,,,,, [ 6805701691 ],,,,,,,,,,,,,,,,, 
  [ 3512095693, 153492517921 ],,,,,,,,,,,,,,,,,,,,, [ 72483552457 ],,,,,,,,,,, 
  [ 1175277457 ],,,, [ 1632483649, 60351749569 ],,,,,,,,,,,, [ 120951990721 ],,,,,,,,,,,,,,,
  , [ 27694847989 ],,,,,,,,,,,,,,,,,,,,,,,, [ 1198579098901 ],,,,,, [ 1252387111 ],,,,,,,, 
  [ 90951507193 ],,,,,,,,, [ 2928772411 ],,,,,, [ 23418037963 ],,,,, [ 50748846277 ],,,,,,,,,
  ,,, [ 1497699499 ],,,,,,,, [ 430958899681 ],, [ 3247290871861 ],, [ 84043731617 ],,,,,,,,,,
  ,, [ 313486112551 ],,,,,,,, [ 25321232731 ],, [ 84517352641 ],, [ 535774227539 ],,,,,,, 
  [ 630609339979 ],,,,,, [ 1176723241 ],,,,,,,,,,,, [ 1675673893 ],,,,,,,,,,,,, 
  [ 20641843681 ],,,,, [ 3656042101 ],,,,,, [ 158656574281 ],,,,,,,,, [ 6718106881 ],,,,,,,,,
  , [ 31659928301, 39351246551 ],,,, [ 424239097379 ],,,,,,, [ 1338863527 ],,,,, 
  [ 13537460087 ],,,,,, [ 16803899201 ],,,,,,,, [ 5994425401 ],, [ 32209027759 ],,,, 
  [ 1266027713 ],,,,,,,,,,,,,,,,,,, [ 1183878851, 1559008771 ],,,,,,,,, [ 21163780801 ],,,,,,
  ,,,,,,,,,, [ 1630612021 ],,, [ 10320333589 ],,, [ 159444474913 ],,,,,,,,,,,,,,,,,,,,,,,,,,,
  ,, [ 15505346611 ],,,,,,,,, [ 63379052873 ], [ 3557092351 ],,, [ 3723984811 ],,,, 
  [ 1789761667 ],,,,,,,, [ 1305974881 ],,,, [ 106655728073 ],,,,,,,,,, [ 1023602581 ],,,,,,,,
  ,, [ 109022560093 ], [ 1225185281 ],,,,, [ 12655249441 ],,,,, [ 1252539751, 477032052001 ],
  [ 83995766581, 501132766861 ],,, [ 3862497547 ],,,,,,,,,,,, [ 49181192551 ],,,,,,,,,,,,,,, 
  [ 2187875353 ],,,,,,,,, [ 24896759161 ], [ 3633275951 ],,,, [ 514235871601 ],, 
  [ 44284539217 ],,,,,, [ 13340420233307 ],,,,,,,,,, [ 2275241809, 3228645169 ],,,,,, 
  [ 16211073211 ],,,,,,,,,,,,,,,,,,,,,, [ 5605930261 ],,,,,,,, [ 395109272209 ],,,,,,,,,,,,,
  , [ 21640486187 ],,,,,, [ 24344247089 ],,,,,,,,,,,, [ 12325457513 ],,,,,,,,,,,, 
  [ 570381276121 ],,,,,,,,,,, [ 1672469233 ],,,,,,,,,,,,,,, [ 355734807391 ],,,,,,,,, 
  [ 2349715436191 ],,,,, [ 14044641841 ],,,,,,,, [ 2777235193 ],,,, [ 65112241021 ],,,,,,,,,
  , [ 25867651321 ],,,,,, [ 1955464681 ],,, [ 84873809071 ],,,,,,,,,,,, [ 5098853449 ],,,,,,,
  ,,,, [ 14900523109 ],,,,,,,,,,,,,,,,,,, [ 30882860017 ],,, [ 398368483129, 2393773593121 ],
  ,,,,,,,,,,,,,,,,, [ 1391142043 ],,,,,,,,,,,,,,,,,, [ 2224372321 ],,, [ 2031853231 ],,, 
  [ 586855244809 ],,,,,,,,,, [ 13391870417 ],,,,,,,,,,, [ 216146376559 ], [ 4006568953 ],,,,,
  ,,,,, [ 23251764719 ],,,,,,,,,,,,, [ 1538417161 ],,,,, [ 21053111041 ],,,,,, 
  [ 307957827913 ],,,,,, [ 66078040729 ],,,,,, [ 40726918259 ],,,,,,,,,,,,,,,,,, 
  [ 786639529813 ],,,,,,,,,, [ 1055725969 ],,, [ 85363630801 ],,,,,, [ 23595961201 ],,,,,, 
  [ 1714980367 ],,,,,,,,,,,, [ 383488504339 ],,,,,,,,,,,, [ 273878999803 ], [ 166083640367 ],
  ,,,,, [ 22548168589 ],,,,,,,,,,, [ 660230434873 ],,,,,,,,,,,,,,,,,,,,,,, [ 15608951731 ],,,
  ,,,,,,,,,,,,,,,,, [ 2789332393 ],,,,,,,,,,,,,, [ 2627713873, 122839334353 ],,,,,,,,,,,,,,,,
  ,,,,,, [ 261853189237 ],,,,,,,,,,,, [ 1990335541 ],,,,,,,,,,,,,, [ 29969380633 ],,, 
  [ 3131297203 ],,,,,,, [ 3179838169 ],,,,, [ 3261794761 ],,,,,,,,,,,,,,,,,,,,, 
  [ 58519096021, 53111939546821 ],,,,,,,,,, [ 1098064691, 73637251621 ],,,,,,,,,,,,,,,, 
  [ 1389883423 ], [ 4131526879 ],,,,, [ 4575921193, 11714736181 ], [ 9714728827 ],,,,, 
  [ 12216867319 ],, [ 21247503001 ],,,,,,,,,,,,,,,,,,,,,,,, [ 2390331397230373 ],,,,,,,,,, 
  [ 58673915687 ],,,,,,,,,,,,,,,,,,,, [ 1605470551 ],,,,,,,,,,,,,,,,,,,,,, [ 21719168129 ],,,
  ,,, [ 9824783831, 150128628217 ], [ 338633182117 ],,,,,,,,,,,,,,, [ 3430655983 ],,,,,,,,,,,
  ,,,, [ 36192141187 ],,,,,,, [ 28061716561 ],,,,,,,,,, [ 1482351721 ],, [ 6415505641 ],, 
  [ 68768002813 ],,,,,,,,,,,,,, [ 45606734480753 ],,,,,,, [ 26336191411 ],,,,,,,,,,,,,,,,,,, 
  [ 3631334639, 6346689119 ],,,,,,,,,,,,,,,,,,,, [ 10906787527 ],,,,,, [ 1227227761 ],,,,,, 
  [ 9356977381 ],,,,,,,,,,,, [ 3354649381 ],,,,,,,,,,,, [ 70456992136501 ],,,,,,,,,,,,,,,,,,,
  ,,, [ 1801814929 ],,,, [ 2187477437 ], [ 9870808663 ],,,,,,,,,,,,, [ 1054379101 ],,,,,, 
  [ 1514196977, 12019480841 ],,,,,,,,,, [ 4069924481699 ],,,,,,,,,,,,,,,,,,, [ 70053558271 ],
  [ 1142815649 ],,,,,,,,,,, [ 1231155980839 ],,,,,,,,,,,,,,, [ 1247890177 ],,,,,, 
  [ 14971109161 ],,,,,,,,,,,,,,,,,,,,,, [ 10784968001 ],,,,, [ 4852947236101 ],,,,, 
  [ 512080659001 ],, [ 2467456297 ],,,,,,,, [ 1346234401 ],, [ 12891829297 ],,,,,,,,,,,,,,,,,
  ,,,,,,,,,,,,,,,,,,,,,,,,,,,,, [ 240254098177 ],,,,,,,,,,,,,,, [ 28165089961 ],,,,, 
  [ 9298081198157 ],,,,,, [ 19639263517 ],,,,,,,,,, [ 1551849517 ],, [ 46973746447 ],,,,,, 
  [ 19052365249 ],,,,,,,,,,,,,, [ 28417920473 ],,,,,,,,,,,,,,,,,,,,,,,,,,,,,,,, 
  [ 7371179088397 ],,,,,,,,,,,,,,,,,,,,,,,, [ 3506761837 ],,,,,,,,,,,, [ 3014917291 ],,,,,,,,
  ,,,, [ 134685025957 ],,,,,,,,, [ 28152427021 ],,, [ 5599924849 ],, [ 2474956801 ],,,,,, 
  [ 151480164791 ],, [ 1394300894081 ],,,,,,,,,,,,,, [ 60099306823 ],,,,,,,,,,,,,, 
  [ 31008724493 ],,,,,,,,,,,,,,,,,, [ 2669171273 ],,,,,,,, [ 1287516473 ],,,,,,,,,,,,,,,,,,,,
  ,,,, [ 1058340113 ],,,, [ 6389678621 ],, [ 7976218781 ],,,,,,,,,,,,,,,, [ 33781845301 ],, 
  [ 42115553101 ],,,,,,,,,,,, [ 194152733069 ],,,, [ 66086636461 ],,,,,,,,,,,,,,,, 
  [ 255665284759 ],,,,,,,,,,,,,,,,,,,, [ 1471602037 ],,,,,,,,,, [ 75843540697 ],,,,,,,,,,,,,,
  ,,,,,,,,,,,, [ 3832561013 ], [ 2187141559 ],,, [ 183771278941 ],,, [ 1172058031 ],,,,,,,,,,
  ,,,,, [ 107310481824001 ],,,,,,,,,,,,,,,,,, [ 5166741666967 ],,,,,,,,,,,,,, 
  [ 5312226003353 ],,,,,,,,,,,,,,,,,,,,,,,,,,,, [ 2791287361 ],,,, [ 1279082201 ],,,,,,,,,,,,
  ,,,, [ 1570567841 ],,,,,, [ 2055168220177 ],,,,,,,,,,,, [ 8106793199 ],,,,,, 
  [ 72629273393 ],,,,,, [ 481003599541 ],,,,,,,,,,,,,,,,,,,,,, [ 841878228241 ],,, 
  [ 1161936031 ], [ 5004015949 ],,,,,,,, [ 15609538513 ],,,,,,,,,,,,,,,,,,,,,,,,,,,,,,,,,,,,,
  ,,, [ 6256865029 ],,,,,,,,,,, [ 1608395101 ],,,,,,,,,,,,,,,,,,,,,,, [ 42708326161 ],,,,,,,,
  ,, [ 1914068881 ],,,,,,,,,,,,,,,,,,,,,,,,,,,,,,,,,,,,,,,,,,,,,,,,,,,, [ 3389757001 ],,,,, 
  [ 3006760651 ],,,,, [ 1550480977338001 ],,,,,,,,,,,,,,,,,,,,,,,,, [ 24893613452401 ],,,,,,
  , [ 1236353497 ],,,,,,,,,,,,,,,,,,,,,,,, [ 22732771759 ],,,,,, [ 9834659561 ],,,,,,,,,,,, 
  [ 2326542401 ],,,,,,,,,,,,,,,,,,,,,,,,,,,,,,,,,,,,,,,,, [ 1881492001 ],,,,,,,,,,,,,,, 
  [ 1382787841 ],,,, [ 2860945181593 ],,,,,,,,,,,,,,,,,,,,,,,,,,,,,,,,,, [ 20575525315687 ],,
  ,, [ 1322672779 ],,,,,,,,,,,,,, [ 1470691489, 6786842497 ],, [ 3881373701, 41601255669587 ]
   ,,,,,, [ 5224389641 ],,,,,,,,,,,,,,,,,,,,,,,,,,,,,,,,,,,,,,,,,,,,,,,, [ 75615942137 ],, 
  [ 10133893963 ],,,,,,,,,,,,,,,,,,,,,,,, [ 72563160367 ],,,,,,,,,,,,,,,,,, [ 4099959054109 ]
   ,, [ 1013218667, 156876115861 ],, [ 1132717441 ],,,,,,,,,,,,,,,,,,,,,,,,,,,,,,,,,,,,,,,,,,
  ,,,, [ 3629726917 ],,,,,,,,,,,,,,,,,,,, [ 1112452141 ],,,,,,,,,,,, [ 4839949801 ],, 
  [ 1560918241 ],,,,,, [ 14610614143 ],,,,,, [ 1101218212417 ],,,, [ 1654087657 ],,,,,,,,,, 
  [ 29794031807 ],,,,,,,,,, [ 14183867233 ],,,,,,,,,,,,,,,,,,,,,,,,,,,,,,,,,,,,,,,,,,,,,,,,,,
  ,,,,,,,,,,,,,,,,,,,,,,,,,,,, [ 3162994453 ],,,,,,,,,, [ 16634315713, 1618151288293 ],,,,,,,
  ,,,,,,,,,,,,,,,,,,,,, [ 2162936833 ],,,,,, [ 2259420811 ],,,,,,,,,,,,,,,,,,,, 
  [ 26913281189 ],, [ 4505640301 ],, [ 3365570497, 11909191897 ],,,,,,,,,,,,,,,,,,,, 
  [ 15444171851 ],,,,,,,,,,,,,, [ 3521333377 ],,,,,,,,,,,,,,,,,, [ 759500158267 ],,,,,,,,,,,,
  ,,,,,,,,,,,,,,,,,,,,,,,, [ 8894445511951 ],,,,,,,, [ 629900419387 ],,,,,,,,,,,,,,,,,,,,,, 
  [ 1574427961 ],,,,,,,,,,,,,,,,,,,,,,,,,,,,,,,,,,,, [ 1271425273 ],,,,,,,,,,,,,, 
  [ 4849316761 ],,,,,,,,,, [ 3980612161 ],,,,,,,,,,,, [ 5812229173 ],, [ 6362678487857 ],,,,,
  ,,,,,,,,,,,,,,,,,,,,,,,,,,,,,,,,, [ 31220856697 ],,,,,,,,,,,,,, [ 1808803813, 2055876037 ],
  ,,,,, [ 5725504513 ],,,,,,,,,,,,,,,,,,,,,, [ 2583746351 ],,,,,,,,,,,,,,,,,,,,,,,,,, 
  [ 3736583401 ],,,, [ 2817708869 ],, [ 110346729697 ],,,,,, [ 1916373323113 ],,, 
  [ 2342728711 ],,,,,,,,,,,,,,,,,,,,,,,,,,,,,,,,,,,,,,, [ 32634030643 ],,,,,,,,,,,,,,,, 
  [ 762996354191 ],, [ 731172076753 ],,,,,, [ 349907299561 ],,,, [ 10224903313 ],,,,,,,,,,,,,
  ,,,,,,,,,,,,,,, [ 414943326821 ],,,,,,,,,,,,,,,,,,,,,,,,,,,,,,,,,,,,,,,,,,,,,, 
  [ 12189181957 ],,,,,,,,,,,,,,,,,,,,,,,,,,,,,,,,,,,,,,,,,,,,,,,,,,,,,, [ 1507291351 ],,,,,,,
  , [ 1885770167 ],,,,,,,,,, [ 1355385313 ],, [ 1244965571 ],,,,,,,,,,,,,,,,,,,,,, 
  [ 620254571917 ],,,,,, [ 1038506941 ],,,,,,,,,,,,,,,,,,,,,,,,,,,,,,,, [ 737627608121 ],,,,,
  ,,,,, [ 2643472801 ],, [ 15969806189 ],,,,,,,,,,,,,,,,,,,,,, [ 110219237017 ],,,,,,,,,,,,,,
  ,,,,,,,,,,,,,,,,,,,,,,,,,,,,,,,,,, [ 23304460789, 41863165878829 ],,,,,, [ 1243633117 ],,,,
  ,,,, [ 1141868687 ],,,,,,,,,,,,,,,,,,,,,,,, [ 652981892561 ],,,,,,,,,,,,,,,,,,,,,, 
  [ 3061838281 ],,,,,,,,,,,,,,,,,,,,,,,,,,,,,,,,,,,,,,,,,,,,,,,, [ 13824287641 ],,,,,, 
  [ 33922883272987 ],,,,,, [ 5314152355597 ],,,,,,,,,,,,,,,,,,,, [ 4810279433 ],,,,,,,, 
  [ 6184916161 ],,,,,, [ 132158461079 ],,,,,,,,,,,,,,,,,,,,,,,, [ 1631336851 ],,,,,,,,,,,,,, 
  [ 41232344689 ],,,,,,,,,,,,,,,,,,,,,,,,,,,,,,,,,,,,,,,,,,,,,,,,,,,,,,,,,,,,,,,,,,,,,,,,,, 
  [ 54327993721 ],, [ 89408751001 ],,,,,,,,,,,,,,,,,,,,,,,,,,,,,,,,,,,,,,,, [ 7771501921 ],,,
  ,,,,,,,,,,,,,,,,,,,,,,,,,,,,,,,,,,,,,,,,,,,,,,,,,,,,,,, [ 12184103257 ],,,,,,,,,,,,,,,,,, 
  [ 3968981293 ],,,,,,,,,,,,,,,,,, [ 1830927331 ],,,,,,,,,,,,,,,, [ 30542256631 ],, 
  [ 2812833409, 22289541121 ],,,,,,,,,,,,,,,,,,,,,,,, [ 3156657481 ],,,,,,,,,,,,,, 
  [ 69858866101 ],,,,,,,,,,,,,,,,,,,, [ 6816414751 ],,,,,,,,,, [ 419721114641 ],, 
  [ 3749498299 ],,,,,,,,,,,,,,,,,,,,,,,,,,,,,,,,,,,,,, [ 8393700001 ],,,,,,,,,,,,,,,,,,,, 
  [ 4280030561 ],,,,,,,,,,,,,,,, [ 2136606721 ],,,,,,,,,,,,,,,,,,,,,,,,,,,,,,,,,,,,,,,,,,,,,,
  ,,,,,,,,,,,,,,,,,,,, [ 4866047803 ],,,,,,,,,,,,,, [ 24315892609, 681066572929 ],,,,,,,,,,,,
  ,, [ 5260198301 ],,,,,,,,,,,,,, [ 1096837561 ],,,,,,,,,,,,,,,,,,,,,,,,,,,,,,,,,,,,,,,,,,,,,
  , [ 19185611821 ],,,,,,,, [ 1596534409 ],,,,,,,,,,,,,,,,,,,,,,,, [ 1257194186821 ],,,,,,,,,
  ,,,,,,,,,,,,,,, [ 5255529319 ],,,, [ 11066349001 ],,,,,,,,,,,,,, [ 9426303457 ],,,,,,,,,,,
  , [ 1432572481 ],,,,,,,,,,,,,,,,,,,,,,,,,,,,,,,,,,,,,,,,,,,, [ 1073998801 ],,,,,, 
  [ 21055250399 ],,,,,,,,,,,,,,,,,,,,,,,,,,,,,,,,,,,,,,,,,,,,,, [ 35645321281 ],,,,,,,,,,,,,,
  ,,,,,,,,,, [ 16240777057 ],,,,,,,,,,,,,,,,,,,,,,,,,,,,,,,,,,,,,,,,,,,,,,,,,,,,,,,,,,,,,,,,,
  ,,,,,,,,,,,,,,,,,,,,,,,,, [ 10562083951 ],,,,,, [ 884829892393 ],,,,,,,,,,,, 
  [ 18359631229, 59314153679713 ],,,,,,,,,,,, [ 414789531217 ],,,,,,,,,,,, [ 3748249117 ],,,,
  ,,,,,,,, [ 1035541765081 ],,,,,,,,,,,,,,,,,, [ 6806101063 ],,,,,,,,,,,,,,,,,,,,,,,,,,,,,,,,
  ,,,, [ 6827572291 ],,,,,,,,,,,,,,,,,,,,,,,,,,,,,,,,,,,,,,,,,,,,,,,,,,,,,, [ 1844438317 ],,,
  ,,, [ 1139032261 ],,,,,,,,,,,, [ 1140030763 ],,,,,,,,,,,,,,,,,,,,,,,, [ 153549617131 ],,,,,
  ,,,,,,,,,,,,,,,,,,,,,,,,,,,,,,,,,,,,,,,,,,,,,,,,,,,,,,,,,,,,,,,,, [ 2809482061 ],,,,,,,,,,,
  ,,,,,,,,,,,,,,, [ 2461198867, 4077731179 ],,,,,,,,,,,,,,,,,,,,,,,, [ 1889328361 ],,,,,,,,,,
  ,, [ 286642934713 ],,,,,,,, [ 5593936531, 7903154141 ],,,, [ 7350620577607 ],,,,,,,,,,,,,,,
  ,,,,,,,,,,,,,,,,,,,,, [ 15629828311 ],,,,,,,,,,,,,,,,,,,,,,,,,,,,,,,,,,,,,,,,,,,,,,,,,,,,,,
  ,,,,,,,,,,,, [ 51718045297 ],,,,,,,,,,,,,,,,,,,,,,,,,,,,,,,,,,,,,,,,,,,,,,,,,,,,,,,,,,,,,,,
  ,,,,,,,,,,,,,,,,,,,,, [ 10327466881 ],,,,,,,,,,,,,,,,,,,,,,,,,,,,,,,,,,,, [ 116083452997 ],
  ,,,,,,,,,,,,,,,,,,,,,,, [ 1884399661 ],,,,,,,,,,,,,,,,,,,,,,,, [ 1479320137 ],,,,,,,,,,,,,,
  ,,,,,,,,,,,,,,,,,,,,,, [ 25724186651521 ],,,,,,,,,,,,,,,,,,,,,,,,,,,,,,,,,,,,,,,,,,,,,,,,,,
  ,,,,,,,,,,,,,,,,,,,,,,,,,,,,,,,,,,,,,,,,,,,,,,,,,,,,,,,,,,,,,,,,,,,,,,,,,,,,,,,,,,,,,,,,,,,
  ,,,,,,,,,,,,,,,,,,,,, [ 795151678429 ],,,,,,,,,,,, [ 100498655869 ],,,,,, [ 3946482541 ],,,
  ,,,,,,,,,,,,,,,,,,,,,,,,,,, [ 3776277301 ],,,,,, [ 4181457817 ],,,,,,,,,,,,,,,,,,,,,,,,,,,,
  ,,,,,,,, [ 52628217877 ],,,,,,,,,,,,,,,,,,,,,,,,,,,,,,,,,,,,,,,,,,,,,,,, [ 31810880161 ],,,
  ,,,,,,,,,,,,,,,,,,,,,,,,,,,,,,,,, [ 1637653249 ],,,,,,,,,,,,,,,,,,,,,,,, [ 19597041001 ],,,
  ,,,,,,,,,,,,,,,,,,,,,,,,,,, [ 3740442721, 26528709819571 ],,,,,,,,,,,,,,,,,,,,,,,,,,,,,,,,,
  ,,,,,,,,,,,,,,,,,,,,,,,,,,,,,,,,,,,,,,, [ 6656647579 ],,,,,,,,,,,,,,,,,, [ 1203767041 ],,,,
  ,,,,,,,,,,,,,,,,,,,,,,,,,,,,,,,,,,,,,,,,,,,,,,,,,,,,,,,,,,,,,,,,,,,, [ 1679479513 ],,,,,,,,
  ,,,,,,,,,,,,,,,,,,,,,,,,,,,,,,,,,,,,,,,,,,,,,,,,,,,, [ 223027657273 ],,,,,,,,,,,, 
  [ 38477042017 ],,,,,,,,,,,,,,,,,, [ 6972638401 ],,,,,,,,,,,,,,,,,,,,,,,,,,,,,,,,,,,,,,,,,, 
  [ 617531251933 ],,,,,,,,,,,,,,,,,,,,,,,,,,,,,,,,,,,,,,,,,,,,,,,,,,,,,,,,,,,,,,,,,,,,,,,,,,,
  ,,,,,,,,,,,,,,,,,,,,,,,,,,,,,,,,,,,,,,,,,,,,,,,,,,,,,,,,,,,,,,,,,,,,,,,,,,,,,,,,,,,,,,, 
  [ 72257328361 ],,,,,, [ 2194085293 ],,,,,,,,,,,,,,,,,,,,,,,,,,,, [ 82979547281 ],,,,,,,,,,,
  ,,,,,,,,,,,,,,,,,,,,,,,,,,,,,,,,,,,,,,,,,,,,, [ 1396046737 ],,,,,,,,,,,,,,,,,, 
  [ 1228386979 ],,,,,,,,,,,,,,,,,,,,,,,, [ 78847017481 ],,,,,,,,,,,,,,,,,,,,,,,,,,,,,,,,,,,,,
  ,,,,,,,,,,,,,,,,,,,,,,,,,,,,,,,,,,,,,,,,,,,,,,,,,,,,,,,,,,,,,,,,, 
  [ 3858791401, 7123117321 ],,,,,,,,,,,,,,,,,,,,,,,, [ 3247207489 ],,,,,,,,,,,,,,,,,,,,,,,,,,
  ,,,,,,,,,,,,,,,,,,,,,,,,,,,, [ 4792456549 ],,,,,, [ 968059842457 ],,,,,, [ 2358500581 ],,,,
  ,,,,,,,,,,,,,,,,,,,, [ 49812681403 ],,,,,, [ 308574675601 ],,,,,,,,,,,,,,,,,,,,,,,,,,,,,,,,
  ,,,,,,,,,,,,,,,,,,,,,,,,,,,,,,,,,,,,,,,,,,,,,, [ 11176286743, 19004185611613 ],,,,,,,,,,,,,
  ,,,,,,,,,,,,,,,,,,,,,,,,,,,,, [ 2801138667121 ],,,,,,,,,,,,,,,,,,,,,,,,,,,,,,,,,,,,,,,,,,,,
  ,,,,,,,,,,,,,,,,,,,,,,,,,,,,,,,,,,,,,,,,,,,,,,,,,,,,,,,,,, [ 22999125943 ],,,,,,,,,,,,,,,,,
  ,,,,,,,,,,,,,,,,,,,,,,,,,,,,,,, [ 77346352801 ],,,,,,,,,,,,,,,,,,,,,,,,,,,,,,,,,,,,,,,,,,,,
  ,,,,,,,,,,,,,,,, [ 496468737451 ],,,,,,,,,,,,,,,,,,,,,,,,,,,,,,,,,,,,,,,,,,,,,,,,,,,,,,,,,,
  ,, [ 100795944481 ],,,,,,,,,,,,,,,,,,,,,,,,,,,,,, [ 1106179848001 ],,,,,,,,,,,,,,,,,,,,,,,,
  ,,,,,,,,,,,,,,,,,,,,,,,,,,,,,,,,,,,,,,,,,,,,,,,, [ 2701133566993 ],,,,,,,,,,,,,,,,,,,,,,,,,
  ,,,,,,,,,,,,,,,,,,,,,,,,,,,,,,,,,,,,,,,,,,,,,,,,,,,,,,,,,,,,,,,,,,,,,,,,,,,,,,,,,,,,,,,,,,,
  ,,,,,,,,,,,,,,,,,,,,,,,,,,,,,,,,,,,,,,,,,,,,,,,,,,,,,,,,,,,,,,,,,,,,,,,,,,,,,,,,,,,,,,,,,,,
  ,,,,,,,,,,,,,,,,,,,,,,,,,,,,,,,,,,,,,,,,,,,,,,,,,,,,,,,,,,,,,,,,,,,,,,,,,,,,,,,,, 
  [ 2147979961, 53985516841 ],,,,,,,,,,,,,,,,,,,,,,,,,,,,,, [ 453734091001 ],,,,,,,,,,,,,,,,,
  , [ 2804777221 ],,,,,,,,,,,,,,,,,,,,,,,,,,,,,,,,,,,,,,,,,,,,,,,,,,,,,,,,,,,,,,,,,,,,,,,,,,,
  ,,,,,,,,,,,,,,,,,,,,,,,,,,, [ 5691578821 ],,,,,,,,,,,,,,,,,,,,,,,, [ 35078470729 ],,,,,,,,,
  ,,,,,,,,,,,,,,,,,,,,,,,,,,,,,,,,,,,,,,,,,,,,,,,,,,,,,,,,,,,,,,,,,,,,,,,,,,, 
  [ 316160704819 ],,,,,,,,,,,,,,,,,,,,,,,,,,,,,,,,,,,,,,,,,, [ 1021202101921 ],,,,,,,,,,,,,,,
  ,,,,,,,,,,,,,,,,,,,,,,,,,,,,,,,,,,,,,,,,,,,,,,,,,,,,,,,,,,,,,,,,,,,,, [ 4353710593 ],,,,,,,
  ,,,,,,,,,,,,,,,,,,,,,,,,,,,,,,,,,,,,,,,,,,,,,,,,,,,,,,,,,,,,,,,,,,,,,,,,,,,,,,,,,,,,,,,,,,,
  ,,,,,,,,,,,,,,,,,,,,,,,,,,,,,,,,,,,,,,,,,,,,,,,,,,,,,,,,,,,,,,,,,,,,,,,,,,,,,,,,,,,,,,,,,,,
  ,,,,,,,,,,,,,,,,,,,,,,,,,,,,,,,,,,,,,,,,,,,,,,,,,,,,,,,,, [ 4626697501 ],,,,,,,,,,,,,,,,,,,
  ,,,,,,,,,,,,,,,,,,,,,,,,,,,,,,,,,,,,,,,,,,,,,,,,,,,,,,,,,,,,,,,,,,,,,,, [ 77705138701 ],,,,
  ,,,,,,,,,,,,,,,,,,,,,,,,,,,,,,,,,,,,,,,,,,,,,,,,,,,,,,,, [ 8418136201 ],,,,,,,,,,,,,,,,,,,,
  ,,,,,,,,,,,,,,,,,,,,,,,,,,,,,,,,,,,,,,,,,,,,,,,,,,,,,,,,,,,,,,,,,,,,,,,,,,,,,,,,,,,,,,,, 
  [ 1698085957 ],,,,,,,,,,,,,,,,,,,,,,,,,,,,,,,,,,,,,,,,,,,,,,,,,,,,,,,,,,,,,,,,,,,,,,,,,,,,,
  ,,,,,,,,,,,,,,,,,,,,,,,,,,,,,,,,,,,,,,,,,,,,,,,,,,,,,,,,,,,,,,,,,,,,,,,,,,,,,,,,,,,,,,,,,,
  , [ 2232591313 ],,,,,,,,,,,,,,,,,,,,,,,, [ 475298471701 ],,,,,,,,,,,,,,,,,,,,,,,,,,,,,,,,,,
  ,,,,,,,,,,,,,,,,,,,,,,,,,,,,,,,,,,,,,,,,,,,,,,,,,,,,,,,,,,,,,,,,,,,,,,,,,,,,,,,,,,,,,,,,,,,
  ,,,,,,,,,,,,,,,,,,, [ 1313416693 ],,,,,,,,,,,,,,,,,,,,,,,,,,,,,,,,,,,,,,,,,,,,,,,,,,,,,,,,,
  ,,,,,,,,,,,,,,,,,,,,,,,,,,,,,,,,,,,,,,,,,,,,,,,,,,,,,,,,,,,,,,,,,,,,, [ 20762252281 ],,,,,,
  ,,,,,,,,,,,,,,,,,,,,,,,,,,,,,,,,,,,, [ 11158715569 ],,,,,,,,,,,,,,,,,,,,,,,,,,,,,,,,,,,,,,,
  ,,,,,,,,,,,,,,,,,,,,,,,,,,,,,,,,,,,,,,, [ 16340952811 ],,,,,,,,,,,,,,,,,,,,,,,,,,,,,,,,,,,,
  ,,,,,,,,,,,,,,,,,,,,,,,,,,,,,,,,,,,,,,,,,,,,,,,,,,,,,,,,,,,,,,,,,,,,,,,,,,,,,,,,,,,,,,,,,,,
  ,,,,,,,,,,,,,,,,,,,,,,,,,,,,,,,,,,,,,,,,,,,,,,,,,,,,,,,,,,,,,,,,,,,,,,,,,,,,,,,,,,,,,,,,,,,
  ,,,,,,,,,,,,,,,,,,,,,,,,,,,,,,,,,,,,,,,,,,,,,,,,,,,,,,,,,,,,,,,,,,,,,,,,,,,,,,,,,,,,,,,,,,,
  ,,,,,,,,,,,,,,,,,,,,,,,,,,,,,,,,,,,,,,,,,,,,,,,,,,,,,,,,,,,,,,,,,,,,,,,,,,,,,,,,, 
  [ 2266642561 ],,,,,,,,,,,,,,,,,,,,,,,,,,,,,,,,,,,,,,,,,,,,,,,,,,,,,,,,,,,,,,,,,,,,,,,,,,,,,
  ,,,,,,,,,,,,,,,,,,,,,,,,,,,,,,,,,,,,,,,,,,, [ 5403132001, 3568454110368001 ],,,,,,,,,,,,,,,
  ,,,,,,,,,,,,,,,,,,,,,,,,,,,,,,,,,,,,,,,,,,,,,,,,,,,,,,,,,,,,,,,,,,,,,,,,,,,,,,,,,,,,,,,,,,,
  ,,,,,,,,,,,,,,,,,,,,,,,,,,,,,,,,,,,,,,,,,,,,,,,,,,,,,,,,,,,,,,,,,,,,,,,,,,,,,,,,,,,,,,,,,,,
  ,,,,,,,,,,,,,,,,,,,,,,,,,,,,,,,,,,,,,,,,,,,,,,,,,,,,,,, [ 16923950569 ],,,,,,,,,,,,,,,,,,,,
  ,,,,,,,,,,,,,,,,,,,,,,,,,,,,,,,,,,,,,,,,,,,,,,,,,,,,,,,,,,,,,,,,,,,,,,,,,,,,,,,,,,,,,,,,,,,
  ,,,,,,,,,,,,,,,,,,,,,,,,,,,,,,,,,,,,,,,,,,,,,,,,,,,,,,,,,,,,,,,,,,,,,,,,,,,,,,,,,,,,,,,,,,,
  ,,,,,,,,,,,,,,,,,,,,,,,,,,,,,,,,,,,,,,,,,,,,,,,,,,,,,,,,,,,,,,,,,,,,,,,,,,,,,,,,,,,,,,,,,,,
  ,,,,,,,,,,,,,,,,,,,,,,,,,,,,,,,,,,,,,,,,,,, [ 5950280533, 28061057137 ],,,,,,,,,,,,,,,,,,,,
  ,,,,,,,,,,,,,,,,,,,,,, [ 95230214731 ],,,,,,,,,,,,,,,,,,,,,,,,,,,,,,,,,,,,,,,,,,,,,,,,,,,,,
  ,,,,,,,,,,,,,,,,,,,,,,,,,,,,,,,,,,,,,,,,,,,,,,,,,,,,,,,,,,,,,,,,,,,,,,,,,,,,,,,,,,,,,,,,,,,
  ,,,,,,,,,,,,,,,,,,,,,,,,,,,,,,,,,,,,,,,,,,,,,,,,,,,,,,,,,,,,,,,,,,,,,,,,,,,,,,,,,,,,,,,,,,,
  ,,,,,,,,,,,,,,,,,,,,,,,,,,,,,,,,,,,,,,,,,,,,,,,,,,,,,,,,,,,,,,,,,,,,,,,,,,,,,,,,,,,,,,,,,,,
  ,,,,,,,,,,,,,,,,,,,,,,,,,,,,,,,,,,,,,,,,,,,,,,,,,,,,,,,,,,,,,,,,,,,,,,,,,,,,,,,,,,,,,,,,,,,
  ,,, [ 2372820451, 82613253451 ],,,,,,,,,,,,,,,,,,,,,,,,,,,,,,,,,,,,,,,,,,,,,,,,,,,,,,,,,,,,
  ,,,,,,,,,,,,,,,,,,,,,,,,,,,,,,,,,,,,,,,,,,,,,,,,,,,,,,,,,,,,,,,,,,,,,,,,,,,,,,,,,,,,,,,,,,,
  ,,,,,,,,,,,,,,,,,,,,,,,,,,,,,,,,,,,,,,,,,,,,,,,,,,,,,,,,,,,,,,,,,,,,,,,,,,,,,,,,,,,,,,,,,,,
  ,,,,,,,,,,,,,,,,,,,,,,,,,,,,,,,,,,,,,,,,,,,,,,,,,,,,,,,,,,,,,,,,,,,,,,,,,,,,,,,,,,,,,,,,,,,
  ,,,,,,,,,,,,,,,,,,,,,,,,,,,,,,,,,,,,,,,,,,,,,,,,,,,,,,,,,,,,,,,,,,,,,,,,,,,,,,,,,,,,,,,,,,,
  ,,,,,,,,,,,,,,,,,,,,,,,,,,,,,,,,,,,,,,,,,,,,,,,,,,,,,,,,,,,,,,,,,,,,,,,,,,,,,,,,,,,,,,,,,,,
  ,,,,,,,,,,,,,,,,,,,,,,,,,,,,,,,,,,,,,,,,,,,,,,,,,,,,,,,,,,,,,,,,,,,,,,,,,,,,,,,,,,,,,,,,,,,
  ,,,,,,,,,,,,,,,,,,,,,,,,,,,,,,,,,,,,,,,,,,,,,,,,,,,,,,,,,,,,,,,,,,,,,,,,,,,,,,,,,,,,,,,,,,,
  ,,,,,,,,,,,,,,,,, [ 2786400541 ],,,,,,,,,,,,,,,,,,,,,,,,,,,,,,,,,,,,,,,,,,,,,,,,,,,,,,,,,,,
  ,,,,,,,,,,,,,,,,,,,,,,,,,,,,,,,,,,,,,,,,,,,,,,,,,,,,,,,,,,,,,,,,,,,,,,,,,,,,,,,,,,,,,,,,,,,
  ,,,,,,,,,,,,,,,,,,,,,,,,,,,,,,,,,,,,,,,,,,,,,,,,,,,,,,,,,,,,,,,,,,,,,,,,,,,,,,,,,,,,,,,,,,,
  ,,,,,,,,,,,,,,,,,,,,,,,,,,,,,,,,,,,,,,,,,,,,,,,,,,,,,,,,,,,,,,,,,,,,,,,,,,,,,,,,,,,,,,,,,,,
  ,,,,,,,,,,,,,,,,,,,,,,,,,,,,,,,,,,,,,,,,,,,,,,,,,,,,,,,,,,,,,,,,,,,,,,,,,,,,,,,,,,,,,,,,,,,
  ,,,,,,,,,,,,,,,,,,,,,,,,,,,,,,,,,,,,,,,,,,,,,,,,,,,,,,,,,,,,,,,,,,,,,,,,,,,,,,,,,,,,,,,,,,,
  ,,,,,,,,,,,,,,,,,,,,,,,,,,,,,,,,,,,,,,,,,,,,,,,,,,,,,,,,,,,,,,,,,,,,,,,,,,,,,,,,,,,,,,,,,,,
  ,,,,,,,,,,,,,,,,,,,,,,,,,,,,,,,,,,,,,,,,,,,,,,,,,,,,,,,,,,,,,,,,,,, [ 2587244521 ],,,,,,,,,
  ,,,,,,,,,,,,,,,,,,,,,,,,,,,,,,,,,,,,,,,,,,,,,,,,,,,,,,,,,,,,,,,,,,,,,,,,,,,,,,,,,,,,,,,,,,,
  ,,,,,,,,,,,,,,,,,,,,,,,,,,,,,,,,,,,,,,,,,,,,,,,,,,,,,,,,,,,,,,,,,,,, [ 6000471457 ],,,,,,,,
  ,,,,,,,,,,,,,,,,,,,,,,,,,,,,,,,,,,,,,,,,,,,,,,,,,,,,,,,,,,,,,,,,,,,,,,,,,,,,,,,,,,,,,,,,,,,
  ,,,,,,,,,,,,,,,,,,,,,,,,,,,,,,,,,,,,,,,,,,,,,,,,,,,,,,,,,,,,,,,,,,,,,,,,,,,,,,,,,,,,,,,,,,,
  ,,,,,,,,,,,,,,,,,,,,,,,,,,,,,,,,,,,,,,,,,,,,,,,,,,,,,,,,,,,,,,,,,,,,,,,,,,,,,,,,,,,,,,,,,,,
  ,,,,,,,,,,,,,,,,,,,,,,,,,,,,,,,,,,,,,,,,,,,,,,,,,,,,,,,,,,,,,,,,,,,,,,,,,,,,,,,,,,,,,,,,,,,
  ,,,,,,,,,,,,,,,,,,,,,,,,,,,,,,,,,,,,,,,,,,,,,,,,,,,,,,,,,,,,,,,,,,,,,,,,,,,,,,,,,,,,,,,,,,,
  ,,,,,,,,,,,,,,,,,,,,,,,,,,,,,,,,,,,,,,,,,,,,,,,,,,,,,,,,,,,,,,,,,,,,,,,,,,,,,,,,,,,,,,,,,,,
  ,,,,,,,,,,,,,,,,,,,,,,,,,,,,,,,,,,,,,,,,,,,,,,,,,,,,,,,,,,,,,,,,,,,,,,,,,,,,,,,,,,,,,,,,,,,
  ,,,,,,,,,,,,,,,,,,,,,,,,,,,,,,,,,,,,,,,,,,,,,,,,,,,,,,,,,,,,,,,,,,,,,,,,,,,,,,,,,,,,,,,,,,,
  ,,,,,,,,,,,,,,,,,,,,,,,,,,,,,,,,,,,,,,,,,,,,,,,,,,,,,,,,,,,,,,,,,,,,,,,,,,,,,,,,,,,,,,,,,,,
  ,,,,,,,,,,,,,,,,,,,,,,,,,,,,,,,,,,,,,,,,,,,,,,,,,,,,,,,,,,,,,,,,,,,,,,,,,,,,,,,,,,,,,,,,,,,
  ,,,,,,,,,,,,,,,,,,,,,,,,,,,,,,,,,,,,,,,,,,,,,,,,,,,,,,,,,,,,,,,,,,,,,,,,,,,,,,,,,,,,,,,,,,,
  ,,,,,,,,,,,,,,,,,,,,,,,,,,,,,,,,,,,,,,,,,,,,,,,,,,,,,,,,,,,,,,,,,,,,,,,,,,,,,,,,,,,,,,,,,,,
  ,,,,,,,,,,,,,,,,,,,,,,,,,,,,,,,,,,,,,,,,,,,,,,,,,,,,,,,,,,,,,,,,,,,,,,,,,,,,,,,,,,,,,,,,,,,
  ,,,,,,,,,,,,,,,,,,,,,,,,,,,,,,,,,,,,,,,,,,,,,,,,,,,,,,,,,,,,,,,,,,,,,,,,,,,,,,,,,,,,,,,,,,,
  ,,,,,,,,,,,,,,,,,,,,,,,,,,,,,,,,,,,,,,,,,,,,,,,,,,,,,,,,,,,,,,,,,,,,,,,,,,,,,,,,,,,,,,,,,,,
  ,,,,,,,,,,,,,,,,,,,,,,,,,,,,,,,,,,,,,,,,,,,,,,,,,,,,,,,,,,,,,,,,,,,,,,,,,,,,,,,,,,,,,,,,,,,
  ,,,,,,,,,,,,,,,,,,,,,,,,,,,,,,,,,,,,,,,,,,,,,,,, [ 15689838193, 1407113396809 ],,,,,,,,,,,,
  ,,,,,,,,,,,,,,,,,,,,,,,,,,,,,,,,,,,,,,,,,,,,,,,,,,,,,,,,,,,,,,,,,,,,,,,,,,,,,,,,,,,,,,,,,,,
  ,,,,,,,,,,,,,,,,,,,,,,,,,,,,,,,,,,,,,,,,,,,,,,,,,,,,,,,,,,,,,,,,,,,,,,,,,,,,,,,,,,,,,,,,,,,
  ,,,,,,,,,,,,,,,,,,,,,,,,,,,,,,,,,,,,,,,,,,,,,,,,,,,,,,,,,,,,,,,,,,,,,,,,,,,,,,,,,,,,,,,,,,,
  ,,,,,,,,,,,,,,,,,,,,,,,,,,,,,,,,,,,,,,,,,,,,,,,,,,, [ 9174913861 ],,,,,,,,,,,,,,,,,,,,,,,,,
  ,,,,,,,,,,,,,,,,,,,,,,,,,,,,,,,,,,,,,,,,,,,,,,,,,,,,,,,,,,,,,,,,,,,,,,,,,,,,,,,,,,,,,,,,,,,
  ,,,,,,,,,,,,,,,,,,,,,,,,,,,,,,,,,,,,,,,,,,,,,,,,,,,,,,,,,,,,,,,,,,,,,,,,,,,,,,,,,,,,,,,,,,,
  ,,,,,,,,,,,,,,,,,,,,,,,,,,,,,,,,,,,,,,,,,,,,,,,,,,,,,,,,,,,,,,,,,,,,,,,,,,,,,,,,,,,,,,,,,,,
  ,,,,,,,,,,,,,,,,,,,,,,,,,,,,,,,,,,,,,,,,,,,,,,,,,,,,,,,,,,,,,,,,,,,,,,,,,,,,,,,,,,,,,,,,,,,
  ,,,,,,,,,,,,,,,,,,,,,,,,,,,,,,,,,,,,,,,,,,,,,,,,,,,,,,,,,,,,,,,,,,,,,,,,,,,,,,,,,,,,,,,,,,,
  ,,,,,,,,,,,,,,,,,,,,,,,,,,,,,,,,,,,,,,,,,,,,,,,,,,,,,,,,,,,,,,,,,,,,,,,,,,,,,,,,,,,,,,,,,,,
  ,,,,,,,,,,,,,,,,,,,,,,,,,,,,,,,,,,,,,,,,,,,,,,,,,,,,,,,,,,,,,,,,,,,,,,,,,,,,,,,,,,,,,,,,,,,
  ,,,,,,,,,,,,,,,,,,,,,,,,,,,,,,,,,,,,,,,,,,,,,,,,,,,,,,,,,,,,,,,,,,,,,,,,,,,,,,,,,,,,,,,,,,,
  ,,,,,,,,,,,,,,,,,,,,,,,,,,,,,,,,,,,,,,,,,,,,,,,,,,,,,,,,,,,,,,,,,,,,,,,,,,,,,,,,,,,,,,,,,,,
  ,,,,,,,,,,,,,,,,,,,,,,,,,,,,,,,,,,,,,,,,,,,,,,,,,,,,,,,,,,,,,,,,,,,,,,,,,,,,,,,,,,,,,,,,,,,
  ,,,,,,,,,,,,,,,,,,,,,,,,,,,,,,,,,,,,,,,,,,,,,,,,,,,,,,,,,,,,,,,,,,,,,,,,,,,,,,,,,,,,,,,,,,,
  ,,,,,,,,,,,,,,,,,,,,,,,,,,,,,,,,,,,,,,,,,,,,,,,,,,,,,,,,,,,,,,,,,,,,,,,,,,,,,,,,,,,,,,,,,,,
  ,,,,,,,,,,,,,,,,,,,,,,,,,,,,,,,,,,,,,,,,,,,,,,,,,,,,,,,,,,, [ 1683355801 ],,,,,,,,,,,,,,,,,
  ,,,,,,,,,,,,,,,,,,,,,,,,,,,,,,,,,,,,,,,,,,,,,,,,,,,,,,,,,,,,,,,,,,,,,,,,,,,,,,,,,,,,,,,,,,,
  ,,,,,,,,,,,,,,,,,,,,,,,,,,,,,,,,,,,,,,,,,,,,,,,,,,,,,,,,,,,,,,,,,,,,,,,,,,,,,,,,,,,,,,,,,,,
  ,,,,,,,,,,,,,,,,,,,,,,,,,,,,,,,,,,,,,,,,,,,,,,,,,,,,,,,,,,,,,,,,,,,,,,,,,,,,,,,,,,,,,,,,,,,
  ,,,,,,,,,,,,,,,,,,,,,,,,,,,,,,,,,,,,,,,,,,,,,,,,,,,,,,,,,,,,,,,,,,,,,,,,,,,,,,,,,,,,,,,,,,,
  ,,,,,,,,,,,,,,,,,,,,,,,,,,,,,,,,,,,,,,,,,,,,,,,,,,,,,,,,,,,,,,,,,,,,,,,,,,,,,,,,,,,,,,,,,,,
  ,,,,,,,,,,,,,,,,,,,,,,,,,,,,,,,, [ 1356084409, 16557589441, 3131289898129 ],,,,,,,,,,,,,,,,
  ,,,,,,,,,,,,,,,,,,,,,,,,,,,,,,,,,,,,,,,,,,,,,,,,,,,,,,,,,,,,,,,,,,,,,,,,,,,,,,,,,,,,,,,,,,,
  ,,,,,,,,,,,,,,,,,,,,,,,,,,,,,,,,,,,,,,,,,,,,,,,,,,,,,,,,,,,,,,,,,,,,,,,,,,,,,,,,,,,,,,,,,,,
  ,,,,,,,,,,,,,,,,,,,,,,,,,,,,,,,,,,,,,,,,,,,,,,,,,,,,,,,,,,,,,,,,,,,,,,,,,,,,,,,,,,,,,,,,,,,
  ,,,,,,,,,,,,,,,,,,,,,,,,,,,,,,,,,,,,,,,,,,,,,,,,,,,,,,,,,,,,,,,,,,,,,,,,,,,,,,,,,,,,,,,,,,,
  ,,,,,,,,,,,,,,,,,,,,,,,,,,,,,,,,,,,,,,,,,,,,,,,,,,,,,,,,,,,,,,,,,,,,,,,,,,,,,,,,,,,,,,,,,,,
  ,,,,,,,,,,,,,,,,,,,,,,,,,,,,,,,,,,,,,,,,,,,,,,,,,,,,,,,,,,,,,,,,,,,,,,,,,,,,,,,,,,,,,,,,,,,
  ,,,,,,,,,,,,,,,,,,,,,,,,,,,,,,,,,,,,,,,,,,,,,,,,,,,,,,,,,,,,,,,,,,,,,,,,,,,,,,,,,,,,,,,,,,,
  ,,,,,,,,,,,,,,,,,,, [ 1297836541 ],,,,,,,,,,,,,,,,,,,,,,,,,,,,,,,,,,,,,,,,,,,,,,,,,,,,,,,,,
  ,,,,,,,,,,,,,,,,,,,,,,,,,,,,,,,,,,,,,,,,,,,,,,,,,,,,,,,,,,,,,,,,,,,,,,,,,,,,,,,,,,,,,,,,,,,
  ,,,,,,,,,,,,,,,,,,,, [ 1444022161, 20314189813 ],,,,,,,,,,,,,,,,,,,,,,,,,,,,,,,,,,,,,,,,,,,
  ,,,,,,,,,,,,,,,,,,,,,,,,,,,,,,,,,,,,,,,,,,,,,,,,,,,,,,,,,,,,,,,,,,,,,,,,,,,,,,,,,,,,,,,,,,,
  ,,,,,,,,,,,,,,,,,,,,,,,,,,,,,,,,,,,,,,,,,,,,,,,,,,,,,,,,,,,,,,,,,,,,,,,,,,,,,,,,,,,,,,,,,,,
  ,,,,,,,,,,,,,,,,,,,,,,,,,,,,,,,,,,,,,,,,,,,,,,,,,,,,,,,,,,,,,,,,,,,,,,,,,,,,,,,,,,,,,,,,,,,
  ,,,,,,,,,,,,,,,,,,,, [ 44186940757 ] ]);
