BRENTFACTORS[9699]:=MakeImmutable([ ,,,,,,,,,,,,,, [ 349365443851 ], [ 30273247720769 ],,,, 
  [ 303166002421 ],, [ 183268039813 ],, [ 3922712713 ], 
  [ 530205599801, 919816622951, 8596055974201 ], [ 43426423657787 ], 
  [ 2404778798968280253181441 ],, [ 2178214999, 6803589978834665143 ], [ 56219482591 ], 
  [ 367843174870429, 7406977480885089355442543, 2723927945257361078127991709 ], 
  [ 15679411950375072848950049 ], [ 262233265603794795293786963631967 ],, 
  [ 492420108041, 7346044357230970441, 3548621252622012754832401 ], [ 273906877621969 ], 
  [ 175659484528037819, 531962690314401211, 42586065197154926621 ],, 
  [ 654157339273221686487001, 6499198318973173385852656819 ], [ 20347566274601 ], 
  [ 38817516926984857, 7595517931463212992359604383405617311523911648001284521 ], 
  [ 151572417003547 ], [ 46741813672919, 303731987821243 ],, 
  [ 293322568593188610402727095104110600128847471 ], [ 3315399310022213131 ], 
  [ 980083257221 ], [ 906595963429489, 4498935137048161 ], [ 349479845947 ], 
  [ 552635811751, 848260582219471951, 45253942428180835709051 ],, [ 332111723809196033 ], 
  [ 5700116743208611, 97737451885424718882563, 3376614511580269515727277 ], [ 2429855479531 ]
   ,,, [ 5138312653 ], [ 2474264711269749607289, 765055486427573023845951401345166757 ],, 
  [ 19291204970699461, 35360321265353281 ],, 
  [ 1099698123498537530859902474229191, 98092453672493438880618976800999478349 ], 
  [ 53276995423 ], [ 165848762721632846605313 ], [ 7112958551653363694689301 ], 
  [ 8286700381628857, 2332672215257972233756837 ],, 
  [ 252535128582368868875622502544284970645007515389 ], 
  [ 1384274201137, 239676923650754717764981, 1641182348992594081520131, 
      34512389319952812535519414003, 438366246087603727949913422468820754261 ], 
  [ 1017891421, 120098176871, 23391352496579025684799465321485707551 ], 
  [ 57660912501155970703 ], [ 15486010518889, 1603783018619888218991713 ], [ 1128947921 ], 
  [ 5163356601097, 6292916865133897 ], [ 1694360348851, 2322762658556984956165043401 ], 
  [ 249686220400105546693, 13009295854021528491801118921, 
      576847978987559808566027727824803582241 ], [ 86749473856836498844753 ],, 
  [ 4406842786747549 ], [ 2559192878905152084655012481, 50440983489228563503172941499916481 ]
    , [ 4196896971130261 ], 
  [ 61990314901, 884174999526737, 2422109319153977, 
      4908992484824152943315842165173131201799073051 ], [ 6861461100605733287681 ], 
  [ 758350849369, 4681516983095356805463497418369457 ],,, 
  [ 1627208503, 7812274969, 6199069198563349 ],,, [ 109369329656221 ], 
  [ 100611816998771807 ], [ 519818843315025913 ], [ 23012134459 ],, [ 6450828511 ],, 
  [ 1819612632641 ], [ 133733335476733837657 ],,,,,, 
  [ 10756929189241, 20828642504177, 658854616344206142433 ], 
  [ 1581629701, 5098371298198510291, 5953922629508784904891, 295860740231658590503445701 ],, 
  [ 1426430207010884249 ], [ 43923650548753 ],, [ 1183997981 ], [ 3101949934057621 ], 
  [ 10838727761, 30314082401, 40571604104876209, 185631429949011581221807793 ], 
  [ 18189423838849019 ], [ 376935568512523 ], 
  [ 37163217029251, 12890506239869511091, 162301180343261790507631 ], [ 1026797919781 ], 
  [ 2387734537501 ],,,,,, [ 80509856784649 ],, [ 225840600001 ],, [ 44561334229969399 ], 
  [ 9693702913 ],, [ 12284613158611, 38303012563661, 15228310454260852783349191 ], 
  [ 232062207917, 943029893357, 65637389664635783 ],, [ 45372844133, 100667636731901 ],,, 
  [ 823384519179364633, 1043147056819594673 ], 
  [ 333768654077, 253437980905883, 1309249039192739, 11176725627948770704007, 
      11829716888369323253353, 416980033320851544379931, 1540401664803291096803933 ], 
  [ 1901035124968342669 ],,,, [ 1799679029533028946647 ],, [ 28772015460105835441 ], 
  [ 719056429121, 197643600625735102562221 ], [ 1174498607, 17750656730959 ], 
  [ 6367636312593697 ], [ 2322495181, 4335393053915669 ],,, [ 10745211643 ],,, 
  [ 548540827825947055639 ], [ 1860850951 ], [ 10967240701, 5909629741469507811745573 ], 
  [ 523910197548587 ], [ 111022979273, 397073197958429, 4900858502770991682524893 ], 
  [ 61889368927, 35386759756333981, 1679651715874913338635060283 ], [ 261771774721 ], 
  [ 9705127013, 225613318561 ], [ 8900408785930631357435998219 ],, 
  [ 14294251481, 54144352116461 ], [ 16515908164533691 ], [ 4384613846021623 ], 
  [ 5101266169, 5402796153226271 ], [ 322224915769 ],,,,, [ 17998713388136620357 ],,,,,, 
  [ 1673894750280001, 71033776518550299277 ], [ 98955269821, 107921610832958050669921 ],, 
  [ 1653446341, 116653078543, 40726639048601507 ], [ 4677771337 ], 
  [ 6113255085649, 7957427619793, 13377040259607374321, 29315762344439502600833, 
      49178469383282289244460177 ],,,, [ 195287205557984951091973 ], 
  [ 1248980797, 50551966269379 ],,, [ 34703516813305729 ], [ 65147530597 ], 
  [ 251553442689841, 21496160479920839 ],, [ 23788857121, 56155905806072129 ], 
  [ 2025241053936989653, 3597792287329706988601 ],, [ 1281439707349436027 ],,, 
  [ 28574432071270634531, 71166633380159269720277 ],,, [ 6443392817171 ], 
  [ 135125908345856749957 ],,, [ 259092987913, 1991217567670768521239 ], 
  [ 75515061091, 154021675711, 468040624126761001 ], [ 1081520373878044631 ],, 
  [ 11339519095189339063 ],,,, [ 13745083367, 24758121109, 4626725894350463 ], 
  [ 1125347244847603 ],,,,,, [ 67773200321 ],,,,,, [ 78951560917261 ],, 
  [ 9002364209, 559300749809 ], [ 16864857162863 ], [ 1989774636881865679 ], 
  [ 5379465841, 413050332900041, 45225731891763886321 ], 
  [ 4423813000102783564301, 1312786790115959711490317 ], [ 293111200512997 ],,,,,,, 
  [ 160131334720314733 ],,, [ 3477449182117 ], 
  [ 29015932793, 49562893001, 105308108844188161 ], [ 4327185507427698067 ], 
  [ 17169693096192001 ],,, [ 724450364369623 ], [ 125851154699 ],, 
  [ 614834675201, 707517626120478523293953 ],,, 
  [ 6449510916650467, 900290680980304406241873803 ], [ 7942416301, 982439578978180441 ], 
  [ 61949665084685041 ], [ 298574349612191 ], [ 42410871359, 1329502448005603 ], 
  [ 5352157009 ], [ 891372975070226881, 1280285491561790221 ], [ 563187379609 ], 
  [ 416533321241431, 4974035373481633 ], [ 88560903481392341 ], [ 39940561345575872589187 ], 
  [ 2950946101, 436309185421, 873021100228343987581 ],,, [ 51159460795717 ],, 
  [ 11936201742100351 ],,,,, [ 43750716073641192281 ], [ 5718799039 ], 
  [ 2292860029651, 12901743029595151, 660418876988234175901 ],,, [ 13765619438148940321 ], 
  [ 1967164343, 2057604121, 1633537719761377, 709071872572521506304985873 ], 
  [ 11208461865891300011 ], [ 583594661564641 ],, [ 168507376231435861 ],,, 
  [ 5832581647, 6732116772730797787 ],, [ 9611064601, 214468784851 ],,, 
  [ 276320316731, 3871553267723, 23076670419619, 61156714120037315183 ], 
  [ 1190854211, 1431790196227 ], [ 230253729401701 ], [ 139910551207001 ],, 
  [ 26149072669399, 515179065986177311, 5579124925235615989 ], [ 589447857962823793 ], 
  [ 171135640342091 ],,,, [ 11322467456119 ],,, [ 885875439073 ], [ 44018680507 ], 
  [ 92582212027 ], [ 22113712757773981 ],,, [ 1567290349 ],,,, 
  [ 28387443043, 33782546845111, 22205612804115931 ],, 
  [ 31725719321646421, 547822525576284889597, 4141200185977718220121 ], [ 374476050001 ], 
  [ 2335076505317, 72746024685345259531 ],,, [ 6106800767999 ], [ 1252431618376291 ],, 
  [ 75540827255381 ],, [ 1396424609, 6441291549361 ],,, [ 54088522445549 ], 
  [ 5232893185339, 97453820588411017901 ],, [ 4427041551208201 ],,,,, [ 12947694393961 ],, 
  [ 9457362857 ],,,, [ 161710510732291 ], [ 9424177313, 906412258049 ],,, 
  [ 6157730028688561 ], [ 2506154353877 ],, [ 1604369713751755019 ],, 
  [ 9209997721, 8251345440091150921 ], [ 15496058776596691 ],,, [ 363562844549633 ],,, 
  [ 147280054158427 ], [ 1976352878737 ], [ 151079213179, 1778701955977 ],, 
  [ 7370694101, 4148886661004219 ], [ 1754893044012936781 ], [ 104918648521 ],, 
  [ 1527327751 ],, [ 1732221717383 ],, [ 1137541752779183 ],,, [ 693064311173325322207 ], 
  [ 17362849997 ], [ 963634071937 ],,, [ 2305841203 ], [ 9696636445116233 ], 
  [ 23362114651, 292883001575404769 ], [ 18416599990141262521 ], [ 1395201687259486823 ], 
  [ 36480669737 ],, [ 9891344766869669, 43688202910671414557599 ],,,, [ 139885128457 ],, 
  [ 1446909601, 2373251936221378001 ], [ 1192730737267 ], [ 9448156674802207 ], 
  [ 1106537251 ],,, [ 198257391467771287 ], [ 274925970089 ], [ 241699369321, 850086788401 ],
  ,, [ 1690930447 ], [ 26906240509, 32965227022010737 ], [ 248454139963 ],, 
  [ 1116286091, 202916661151 ],,, [ 1975184597 ], [ 5091072071, 43582761823 ], 
  [ 73417276584121, 321566376612601 ],, [ 3076854751 ], [ 21102303367 ],, 
  [ 353692621951, 40399757687351 ],,,, [ 10945276057, 505742926261 ],,,, [ 8855399911 ], 
  [ 45571173103, 80218610473, 671801107064081 ],,,,, [ 272379731831, 34493532185507 ], 
  [ 21607132361 ],,, [ 15049229197 ],,,, [ 92008637467 ], [ 1896412673 ],, 
  [ 708432205254376951 ], [ 112563646801 ], [ 443271338302861, 291988390377927469 ], 
  [ 7479693143983 ],, [ 1216409741, 2796595621 ], [ 1138207390129 ],,, 
  [ 3466798987231, 15356288730907 ],,, [ 89558207971 ], [ 6093670789, 11515543393 ], 
  [ 4310807130577 ],, [ 157427026286357 ],,,, [ 1684185311 ], [ 2578892677, 13317670007713 ],
  ,, [ 7206392433487207 ], [ 8036062351, 509523620351 ],,, [ 768336727259, 42489511871123 ], 
  [ 61623868740374869 ], [ 1100475476161 ], [ 12056246723 ], [ 95185422993893086573 ], 
  [ 7114677867200611 ], [ 1001696720333, 41781685138549621 ],,,, 
  [ 1552953617, 188437493653177 ],, [ 336380089711 ],,,, [ 39088715916247650251 ],, 
  [ 11476102289 ], [ 72635753807 ],, 
  [ 2770293311, 4081225193, 18005383050037, 5372687160344039 ], 
  [ 220058424411968501, 34330849099503369001 ],, [ 89017634771899651 ], [ 1168938803 ], 
  [ 443212364977383457 ],,,, [ 1143181588283509 ],, [ 290411502223351, 76284154884450361 ],, 
  [ 475576736590337 ], [ 4684527217, 10040744827 ], [ 187024844083097 ],,,, [ 413381561237 ],
  ,,, [ 14237469613 ],,,, [ 1493228642299 ],, [ 30939769174705249 ],, [ 2986727551 ],,, 
  [ 25128035557 ],,, [ 4327790639092169 ],, [ 94765927687 ], [ 1160505809 ], 
  [ 1087764825684421 ],, [ 22124954359, 5334983652883 ], [ 9696949387 ], 
  [ 3545226241, 5702603396665121 ],,,, [ 4427046883383769573 ],,,, [ 4520810449 ],,, 
  [ 4150162533151 ],,,,, [ 105255823121 ],, 
  [ 1401219427, 28667572231, 749144215037983, 156305023369908037 ],, [ 7928116320299353 ],,, 
  [ 2386083421 ],,, [ 28365573423817305901 ],, [ 8429784221 ],,,, [ 1249924841857 ],,,, 
  [ 5276459521 ],, [ 9017670574040045413, 18577636981426811862073 ],,,,,,,, 
  [ 679935292411, 35978469882102871 ], [ 6482774743 ],,,,, 
  [ 123006589421, 853554683677, 929746886140596538383797 ], [ 117822630481 ], 
  [ 35993725460291, 4970069285719591, 133330165379243093 ],, [ 1305084601 ],, 
  [ 59448548083 ],, [ 31971155143898367601 ],,,,,,,, [ 938634299409673 ],,, 
  [ 15650237036161771 ], [ 1822084385969 ],,,,,, [ 19933993886827 ],,,, [ 67158832694719 ],,,
  , [ 37063057262109481 ],,,, [ 3716145463734259 ],,, [ 64729784393 ],,, [ 2635821997784321 ]
   ,,,,,,, [ 3467236769 ],, [ 1016531297, 1988641139 ], [ 1193242051, 8896106701 ],,,,,, 
  [ 26910327679601 ],, [ 7498973987, 2509758439217 ],, [ 4953037472386633081 ], 
  [ 3324225847 ],,,,,,, [ 2051080643341 ], [ 1843176619, 6780288241 ], [ 619704688503001 ],, 
  [ 30796283567617, 3651017504490721 ],,,,,,,, [ 91654218881, 8682983424961 ],, 
  [ 12867105557263 ],,,,, [ 22971829057 ], [ 6409423974673 ],, [ 2623830062279064252448831 ],
  ,,,,,, [ 2221108991 ],,, [ 6007997041963001 ],, [ 16616385631, 1413301308005809 ],,, 
  [ 10757422981 ], [ 346548911587 ], [ 5584851763 ], [ 1880941477, 22659689978473 ],,,,,, 
  [ 20490017143 ],, [ 30984839857 ],, [ 2032730519 ],, 
  [ 270200532708721, 4167921626705369521 ],,,, [ 1069151012305477 ],,,, [ 19521173229377 ],,,
  ,,,,, [ 12072483456289, 10638229301101697 ], [ 709747958371 ], 
  [ 3139501447, 411302915713, 2653049355821209, 139046691769322149 ],,,,,, [ 124657993849 ],
  , [ 50380532614651 ], [ 4723654501 ], [ 1527140573505229 ],,,,,,,,,, [ 342904434161 ],,,,,,
  , [ 68340161161 ],,, [ 3112652530094593 ],, [ 3002827735601 ],,,,,, [ 8339408604649 ],,,,,,
  ,,, [ 1151408171 ], [ 14747594399143 ],, [ 9035725717 ],,,, [ 18986389489 ],,,,, 
  [ 2071104923 ],,,,, [ 101853338351, 12556852878729079 ],,,,,,,,,,,, [ 19761876047 ],,,,,,,,
  , [ 2815186721 ],,,,,,,,,,, [ 77491155037 ],, [ 84156126229033 ], [ 451011221047 ], 
  [ 161041502779 ],,,,,, [ 1189928066189 ],, [ 23592462067, 44701228027 ], 
  [ 6399244237, 32093617711 ],,, [ 23095534942830851 ], [ 3071898953 ],,,, [ 3691180351 ], 
  [ 79746339017 ],,,,,, [ 1179951287 ],,, [ 99244394461 ],,,,,,,,,,,,,,,,, 
  [ 213013683701281 ],,,, [ 55724771537 ],,, [ 1093681583, 15661194739 ],,,,,,, 
  [ 132255611230849 ],,,,,, [ 5353904887 ],,,, [ 54588870097 ],, [ 399542249633 ],,,,,, 
  [ 62716677301525997 ],, [ 209975601624241 ],,,,, [ 5920285627 ],,, [ 48818252022541 ],, 
  [ 6750017490611 ],, [ 15960772842977 ],, [ 9270442179211 ],,,, [ 651308685858071 ], 
  [ 114157805851 ], [ 149011955353, 195518718061993 ],,, [ 3550641734779 ],,, 
  [ 2051116043010919 ],,,,,,,,,,,,,, [ 30487483540961 ],,,,,,,,,, 
  [ 5091465289, 567221523373, 104243231997842953 ], [ 215102947663 ], [ 837509848033 ],,,,,,,
  , [ 315647477444161 ], [ 691447139371 ],,,,, [ 87536667240947 ], [ 12793953397 ],, 
  [ 26385590971 ],,, [ 8793925193, 380244653919521 ],, [ 225756250831, 116252713397072341 ],
  , [ 19476519616417 ],, [ 3504185091317 ],,,,,,,,,, [ 3461222815333 ],,, [ 75835305037 ],,,,
  , [ 264636112621 ],, [ 1299237925207, 9614240158381 ],,,,,, [ 73747229927221 ], 
  [ 7159147859, 876631694513 ], [ 690246601409 ], [ 4068383023 ],,, [ 1097364043549 ],, 
  [ 7096542029 ], [ 2248943299 ], [ 47299587901 ],,,,,,,,,,,,,,,,,,,, [ 35006313301 ],,,,,, 
  [ 482057480446081 ], [ 118463454691 ],,,,,, [ 14685383269 ],,,,,,,,,,,,, [ 35558300849 ],, 
  [ 1044614341, 5509786283 ],,,,, [ 1524142723 ],, [ 1288174931 ],,,,,,,,,, [ 1661993191 ],,,
  ,,,,,,,, [ 2449100963 ],,,, [ 195848609791, 22087519118266321 ],,,,,,,,,,,,,,,,,,,,, 
  [ 27511846441 ], [ 5382221917 ],,,,,,,, [ 66657014251621 ],, [ 733593643241 ],,, 
  [ 2891356291 ],,,,,,,, [ 35731310887 ],,,,,,,,,,,,,, [ 135823983769 ], [ 96566351729 ],,,,,
  , [ 1271235377 ],,,, [ 42518673101 ],,, [ 1194005173 ],,,,, [ 256174151027 ],,,,,, 
  [ 5428580177 ],, [ 1840131907 ],, [ 134344317901 ],,,, [ 2040980401, 35123053519201 ], 
  [ 7700223511, 3959516004497 ], [ 178153895111 ], [ 1161609583 ],,,,,,,,,,, [ 2347400113 ],,
  ,, [ 20229760783 ],,,,,,,,, [ 180370322707 ],,,, [ 85003159721 ],,,, [ 1612418471 ],,,,, 
  [ 4338350801 ],,,,,, [ 1270135021, 24550720489 ],,,, [ 101725180001 ],,,,, 
  [ 12123362664661 ],,,,, [ 1946076280812721 ], [ 4525058149 ],,,,,,, [ 21078774253 ],,,,, 
  [ 1009832711 ],,,,,,,,,,,, [ 16936145801 ],,, [ 13615364281 ],,,,,,,,, [ 3971816071 ],,,,,,
  ,,,, [ 4568187156019 ],,,,,,, [ 1627220809 ],, [ 27121070257 ],, [ 41098233179 ],,,,,,, 
  [ 44354067601, 241764866251 ], [ 249488267107 ],,,, [ 257914194511 ],,,,,,,,,,,,,,,,,, 
  [ 1004408281, 27163871521 ], [ 40904213423 ], [ 21923430301 ],,,,, [ 1671278681 ],, 
  [ 1283835989 ],,,,,,,,,, [ 9887196357611 ],,,, [ 13457146471 ],,,, [ 36808048751 ], 
  [ 26111692897 ],,,,,,, [ 17309420551 ],,,,,,,, [ 2160245257 ],,,,,,,,,,,,,,,, 
  [ 4376245567 ],,,,,,, [ 81885478109 ],,,,,,,, [ 1402244173909 ],, [ 100553873201 ],,, 
  [ 16997995901 ],,,,,,, [ 6525299413 ],, [ 1570115221 ], [ 1252543807 ],,,,,,,, 
  [ 54977530631 ],,,,,,,,,,,,,,,,,,,,, [ 2889516787 ], [ 27244719109 ],,,,,,,,,,,, 
  [ 11958161659, 20119946251, 402505753171 ],,,,,,, [ 3411439921 ],, [ 16516323841 ],,,,, 
  [ 208843849889 ],, [ 9263545740671 ], [ 271970174521 ],,,,,,,,,,,,,,,,,,, 
  [ 14389830833611 ], [ 3044594929 ],,,,,,,,,,,,,,,,, [ 7261048369 ], [ 12515582327 ],, 
  [ 10820854273 ],, [ 1074609829 ],,,,,, [ 70284901097 ],,, [ 1169290669 ],, [ 1267066511 ], 
  [ 2995509851 ],,,,,,,, [ 9376690571 ],,,,,,,,,,,, [ 192746138371 ],,,,,,, [ 4408014631 ],, 
  [ 1037260891 ], [ 2181660841, 1133018428181 ],, [ 4094208091 ],,,,,,,,,,,,,,,,, 
  [ 10417605177643 ],,,,,,,, [ 74851273463 ], [ 28289076073 ],,,,,,, [ 163086517861 ], 
  [ 25307054497 ],,,,,,,,, [ 12236224001 ],,,,,,,, [ 126207450121 ],,,,, [ 568915170643 ], 
  [ 22716589171 ], [ 3098975161, 7105660801 ], [ 629576709583 ],,, [ 9148966861 ],,,,,,,,,, 
  [ 17647742566621 ], [ 61713023106671 ],,,,,,,,, [ 16945518721 ],,,, [ 11657153269 ], 
  [ 2731415303 ],, [ 10532927929 ],,, [ 3801905101 ],,,,,,,,,,,,,, [ 188273142737 ],,,,,,,,,,
  ,, [ 7263586601 ], [ 13869225973 ],,, [ 5886091417 ],,,,, [ 4310832871 ],,,,,,,,,,, 
  [ 1070643241 ],,, [ 2054136479 ],,,,,,,,,,,,,, [ 1055015587 ],,,,, [ 1351391341 ],,,,,,, 
  [ 83050964173 ],,,,,,,, [ 33804114247 ],,, [ 2936612801 ],, [ 1028546357 ],,,,,,,,,,,,,, 
  [ 1172401537, 178412910943777 ], [ 93181860427 ],,,,,,,,,,, [ 10894507501 ],,,,,,,,,, 
  [ 1119531893 ],,,,,, [ 6126667229 ],,,,,,,,, [ 713652136387 ],,,,,, [ 476013233243 ],,,,,,,
  ,, [ 17676447413 ],,,,,,, [ 2146399501 ],,,,,,,, [ 144651043391 ],, [ 117016093657621 ],,,,
  , [ 4166557051 ],,,, [ 59463551503 ], [ 4683032831 ],,,,,,, [ 20424203521 ],,,, 
  [ 59086218241 ],,, [ 106498374907 ],,,,,,,,,,,,,,,,,,, [ 439600513441 ],,,,,,, 
  [ 11823958621 ],,,,,,,,,,,,,,,,,,,, [ 4360627351, 30002366281 ],,,,, [ 1435651201 ],, 
  [ 3210143621 ], [ 2881719343 ],,,,, [ 3111454601 ],,,,,, [ 1039617833 ],,,,,,, 
  [ 19779873079 ],,, [ 2026518913 ], [ 311810951731 ],,,,,,,, [ 3986260489 ],,,,,,,,,,,,, 
  [ 2213383747 ],,,, [ 5933366171 ], [ 163007861347 ],,,, [ 1484587751 ],,,,,,,, 
  [ 195547084387 ],,,,,, [ 2698420609 ],,, [ 1048477249 ],,,,,,,,,,,,, [ 3041328361 ],, 
  [ 2978359903 ],,,,,,, [ 708820371841 ],, [ 44382185569 ],,,,,,,, [ 107629337201 ], 
  [ 51780760651 ],,,,,, [ 16960986613 ],,,,,,,,,,, [ 1335480253 ],,,,,,,,,,,,,,,,,,,,,, 
  [ 39132787777 ],, [ 2343705523, 2482104797, 4691648411 ],,,,,,,,,,,,,,,, [ 62300067007 ],, 
  [ 12246155017 ],,,,,,,,, [ 13935034933 ], [ 73110615397 ],,,,,, [ 17736774301 ],,,,,,,, 
  [ 195479121349 ],,,,,,,,,, [ 1329885847 ],,,,,,,,,,,,,,,, [ 12819223957 ],,,,,,,,,,,,,,,,,,
  ,,,,,,,,,,,, [ 7210424197 ],,,,,,,,,,,,,,,,,, [ 8150839181, 26804704813 ],,,,,,,,,,,,,,,,,,
  ,,,, [ 1308519209 ],,,,,,,,,,,,,,,,,,,, [ 46201858609 ],,,,, [ 19261640479 ],,,,, 
  [ 77200014071 ],, [ 8205630317 ],, [ 787097013181 ],,,,,,,, [ 2155672619 ],,,,,,,,,,,, 
  [ 1322634791, 2239823101 ],,,,,, [ 3795815609 ], [ 2917469491 ],,,,,,,,,,,,, 
  [ 1074161287 ],,,,,, [ 7517119073 ],,,, [ 2042833937 ],, [ 1331783851 ],,,,,,,,,,,,,,,,, 
  [ 3721121791 ], [ 50166817249 ],,,,,,,, [ 56508329497 ],,,,,,,, [ 10867611973 ],,,,,,, 
  [ 272938281841 ], [ 4902974033 ],,,,,,,,,,,,,, [ 4752022411 ],,,,,,,,,,,,,,,,,,, 
  [ 512223624331 ],,,,, [ 24917560505701 ],,,,,,,,,,,,,,, [ 31219177771 ],,,,,,, 
  [ 2783027417 ],,,, [ 5621892937 ],, [ 4556248246539419 ],,,,,,,,,,,,,,,,,,,,,,,,,,,, 
  [ 10508172907 ],,,,,,,,,,,,,,,,,,,,,,,,, [ 5143497031 ],,, [ 38187516091 ],,,,,,,,,, 
  [ 1340290337 ],, [ 12918096613 ],, [ 19667726461 ],,,,,,,,,,,,,,,, [ 1679365333 ],, 
  [ 4706937709 ],,,,,, [ 8428576969 ],,,, [ 1039322573953 ],,,,,,,,,,,,,,,,,,,,,,,,,, 
  [ 2318767153 ],, [ 4280219393, 74025303109 ],,,,,,,,,,,,,,,, [ 3885140821 ],,,,,,,, 
  [ 8226024353 ],,,, [ 4910042897 ], [ 1162498339 ], [ 1109789621, 395091814079 ], 
  [ 1083938311, 1027287005291 ],,,,,,,,,,, [ 1151276957 ],, [ 1753409857 ],,,, 
  [ 13321892621 ],,,,,, [ 5581475699 ],, [ 54060760141 ],,,,,, [ 7702535473 ],, 
  [ 11141500457 ],, [ 1241252321 ],,,,, [ 38092607041 ], [ 1158428657 ],,,,,,,,,,,,,,,, 
  [ 2504281121 ],,,,,,,,,,,,, [ 2832534500251 ],,,,, [ 29574226391 ],,,,,,,,,,,,,,,,,,,,,,,,,
  ,,,,,,,,,,,, [ 9129050323 ], [ 3696431293, 152908154537 ],,,,, [ 3900446947, 261522968059 ]
   ,,,,,,, [ 9753809081 ],, [ 1077683923 ],,, [ 7889727511 ],,,,,,,,,,,,,,,,,,,,,,,,,,, 
  [ 24304618561 ],,, [ 2266661191, 5569920241 ],,,,,,,,,,,,,,,,, [ 12210217757 ],,,, 
  [ 2581312033 ],, [ 181520690423 ],,,,,, [ 62798141281 ],,,,,,,, [ 169140336257 ],,,, 
  [ 267018044749 ],,,,,,,,,,,,, [ 33968425063 ],,,,,, [ 2094792001 ],,,,,,,,,,, 
  [ 1190764261, 2207514961 ],,,,,,,, [ 25934402539 ],, [ 16122927097 ],,,,,,,,,,,,,,,, 
  [ 7931113837 ],,,, [ 3484073473 ],,,,,,,,,,,, [ 1404935273029 ],, [ 1586857411 ],,,,,,,,,,,
  ,,,,,,,,,,,,,,,,,,,,, [ 21495320029 ],,,,,,,, [ 15277997281 ],, [ 31842982833553 ],,,,,,,,,
  ,,,,,,,,,,,,, [ 21540476101 ],,,,,,,, [ 1836472661 ],,,,, [ 5478090337 ],,,,,,, 
  [ 813155479459 ],,,,,,,,,,,,,,,,,,,,,,,,,,,,,,,,,,,,,,,,,,,,,,,,,,,,,,,, [ 454572084781 ],,
  ,,,,,, [ 13481227321 ],,,,,,,,,,,,,, [ 4313596321 ],,,, [ 1753394021, 2646037241 ],,,,,,,,,
  ,,,,, [ 3637855901 ],,,,,,,, [ 77652955903 ],,,,,,,,,,,,,,,,,,,,,,,,,,, [ 132423273980761 ]
   ,,,,, [ 31135694060101 ],,,,,,,,,,,, [ 10099713049 ],,,,,,,,,,,, [ 4827001489613 ], 
  [ 7285044001 ], [ 1267161277 ],,,,,,,,,, [ 5263210033 ],,,,,,,,,,,,,, 
  [ 2605193501, 19611936101 ],,,,,,,,,,,,,,,,,,,,,, [ 1456516027 ],,,,,,,,,,,,,,,,,,,,,,,,,,,
  ,,,,,,, [ 1560121261 ],,,,,,,,,,,,,,,,,,,,,,,,,,,,,,,,,,,,,,,,,,,,,, [ 2819354597 ],, 
  [ 802494134137 ],,,,,,,, [ 6147986417, 41640814469 ],, [ 7937737933, 4194786052697 ],,,,,,,
  ,,, [ 1653198960817 ], [ 2687076451 ],,,,,,,,,,,,,,,,,,,,,,,,,,,,, 
  [ 8841199351, 2040880122499 ],, [ 1409876815601 ],,,,,,,,,,,, [ 2113755473 ],,,,,,,,,,,,,,,
  ,,,,,,,,, [ 510565333001 ],, [ 457293278809 ],, [ 1496604833 ],,,,,,,,,,,,,,,,,, 
  [ 2536946537 ],,,,,,,,,,,,,,,,,,,,,,,, [ 1154951339, 90248461207 ],,,,,,,, [ 13912239713 ],
  ,,,,, [ 3039033817 ],,,,,,,,,,,,,,,,,,,,,,,,,,,,,,,,,, [ 93581709311 ],,,,,, 
  [ 1223457089 ],,,,,,,,,,,, [ 1304562577 ],, [ 109448925119 ],,,,,,,,,,,,,,,,,,,,,,,,,, 
  [ 7584208633 ],,,,,,,,,,,,,,,, [ 3480842201 ],,,, [ 1355631469 ],,,,,,,,,,,,,,,,,,,,,,,,,,,
  ,,,,,,,,,,,,,,,,,,,,,,,,, [ 2523577297 ],,,,,,,,,,,,,,,,,,,,,,,, [ 7434145153 ],,,,,,,, 
  [ 144707034161 ],,,,,, [ 3744843257 ],,,,,,,,,,,, [ 81567967729 ],, [ 7505014439777 ],,,,,,
  ,,,, [ 75924461993 ],, [ 589532405057 ],,,,,,,,,,,,,,,,,, [ 4888998203 ],,,,,,,,,,,,,, 
  [ 1883571220801 ],,,,,,,,,, [ 2617611001 ],,,, [ 38960336689 ],,,,,,,,,,,,,,,,,,,, 
  [ 10589068993 ],,,,,,,,,,,,,,,,,,,,,,,,,,,,,,,,,, [ 5568904321 ],,,,,,, [ 49334662651 ],,,,
  ,,,,, [ 2462562433 ],, [ 1457230613 ],,,,,,,,,,,,,,,,,,,, [ 5222784269 ],,,, 
  [ 8200884511 ],,,,,,,,,,,,,,,,,,,,,,,,,,,,,,,,,,,,,,,,,,,,,, [ 1776265419697 ],,,,,,,,,,,, 
  [ 252398617129 ],,,,,,,,,,,,,,,, [ 591702502073 ],,,,,,,, [ 6785078689 ],, [ 115592139461 ]
   ,,,,,,,,,,,,,, [ 1731821281 ],,,,,,,,,,,,,,,,,,,, [ 109892949277 ],,,,,, [ 2784454003 ],,,
  ,,,,,,,,, [ 11558383801 ],,,,,,,,,,,,,,,,,,,,,,,,,,,,,,,,,,,,,,,,,,,, [ 116416916921 ],,,, 
  [ 109086212269 ],,,,,, [ 7322261701 ],,,,,,,,,,,,,,,,,, [ 173290338631 ],,,,,,,,,,,,,,,,,,,
  ,,, [ 19298726761 ],,,,,,,, [ 1331786737 ],,,,,,,,,,,,,,,,,,,,,,,,,,,,,,,,,,,,,,,,,,,,,,,,,
  ,,,,,,,,,,,,, [ 20756008621, 153761890111 ],,,,,,,,,,,,,,,,,,,, [ 4205462171 ],,,,,,,,,,,,,
  ,,,,,,,,,,,,,,,,, [ 18798392053561 ],,,,,,,,,,,,,,,,,,,,,,,,,,,,,,,,,,,,,,,,,,,,,,,,,,,,,,,
  ,,,,,,,,,,,,,,,,,,,,,,,,,,,,,,,,,,,,,,,,,,,,,,,,,,,,,,,,,,,,,,,,,,,,,,,,,,,,,,,,,,,,,,,,,,,
  ,,,,,,,,,,,,,,,,,,,,,,,, [ 55124019091 ],,,,,,,,,,,,,,,,,,,, [ 2636164501 ],,,, 
  [ 1291106017 ],,,,,,,,,,,,,,,,,,,,,,,,,,,,,,,,,,,,,,,,,,,,,,,,,,,,,,,,,, [ 6349984873 ],, 
  [ 6434660046037 ],,,,,,,,,,,,,,,,,,,,,,,,,,,,,,,,,,,,,,,,,, [ 35622614413 ],,,,,,,,,,,,,,,,
  ,,,,,,,,,,,,,,,,,,,,,,,,,,,,,,,,,,,,,,,,,,,,,,,,,,,,,,,,,,,,,,,,,,,, [ 1258651201 ],,,,,,,,
  ,,,,,,,,,,,,,,,,,,,,,,,,,,,,,,,,,, [ 1456139053 ],,,,,,,,,,,,,,,,,,,,,,,,,,,,,,,,,,,,,,,, 
  [ 63586433107 ],,,,,,,,,,,,,,,,,,,,,,,,,,,,,,,,,,,,,,,,,,,,,,,,,, [ 103782548341 ],,,,,,,,,
  ,,,,,,,,,,,,,,,,,,,,,,,,,,,,,,,,,,,,,,,,,,,,, [ 4200976999 ],,,,,,,,,,,,,,,,,,,,,,,,,,,,,,,
  ,,,,,,,,,,,,,,,,,,,,,,, [ 352912865761 ],,,,,,,,,,,,,,,,,,,,,,,,,,,,,, 
  [ 21643679311, 90026553781 ],,,,,,,,,,,,,,,,,,,,,,,,,,,,,,,,,,,,,,,,,,,,,,,,,,,,,,,,,,,,,,,
  ,,,,,,,,, [ 19585948231 ],,,,,,,,,,,,,,,,,,,,,,,,,,,,,, [ 3375257101 ],,,,,,,,,,,,,,,,,,,,,
  ,,,,,,,,,,,,,,,,,,,,,,,,,,,,,,,,,,,,,,,,,,,,,,,,,,,,,,,,,,,,,,,,,,,,,,,,,,,,,,,,,,,,,,,,,,,
  ,,,,,,,,,,,,,,,,,,,,,,,,,,,,,,,,,,,,,,,,,,,,,, [ 5014705151 ],,,, [ 1507183369213 ],,,,,, 
  [ 6047159221 ],,,,,, [ 1340608222099 ],,,,,,,,,,,,,,,,,,,,,,,, [ 1423693353301 ],,,,,,,,,,,
  ,,,,,,,,,,,,,,,,,,, [ 19125519841 ],,,,,,,,,,,,,,,,,, [ 21583897183, 142846953589 ],,,,,,,,
  ,,,,,,,,,,,,,,,,,,,,,,,,,,,,,,,,,,,,,,,,,,,,,,,,,,,,,,,,,,,,,,,,,,,,,,,,,,,,,,,,,,,,,,,,,,,
  ,,,,,,,,, [ 1663436503 ],,,,,, [ 1364192581 ],,,,,,,,,,,,,,,,,,,,,,,,,,,,,,,,,,,,,,,,,,,,,,
  ,, [ 767692710181 ],,,,,,,,,,,,,,,,,, [ 175462754473 ],,,,,,,,,,,, [ 171068887501 ],,,,,, 
  [ 2964993697 ],,,,,,,,,,,,,,,,,,,,,,,,,,,,,,,,,,,,,,,,,,,,,,,,,,,,,,,,,,,,,,,,,,,,,,,,,,,,,
  ,,,,,,,,,,,,, [ 2394970579, 41120982937 ],,,,,,,,,,,,,,,,,,,,,,,,,,,,,,,,,,,, 
  [ 216829052623 ],,,,,,,,,,,,,,,,,,,,,,,,,,,,,, [ 4055990929 ],,,,,,,,,,,,,,,,,,,,,,,,,,,,,,
  ,,,,,,,,,,,,,,,,,,,,,,,,,,,,,,,,,,,,,,,,,,,,,,,, [ 1210846951 ],,,,,,,,,,,,,,,,,,,,,,,,,,,,
  ,,,,,,,,,,,,,,,,,,,,,,,,,,,,,,,,,,,,,,,,,,,,,,,,,,,,,,,,,,,,,,,,,,,,,,,,,,,,,,,,,,,,,,,,,,,
  ,,,,,,,,,,,,,,,,,,,,,,,,,,,,,,,,,,,,,,,,,,,,,,,,,,,,,,,,,,,,,,,,,,,,,,,,,,,,,,,,,,,,,,,,,,
  , [ 1803303301 ],,,,,,,,,,,,,,,,,,,,,,,,,,,,,,,,,,,,,,,,,,,,,,,,,,,,,,,,,,,,,,,,,,,,,,,,,,,
  ,,,,,,,,,,,,,,,,,,,,,,,,,,,,,,,,,,,,,,,,,,,,,,,,,,,,,,,,,,,,,,,,,,,,,,,,,,,,,,,,,,,,,,,,,,,
  ,,,,,,,,,,,,,,,,,,,,,,,,,,,,,,,,,,,,,,,,,,,, [ 1079231011 ],,,,,,,,,,,,,,,,,,,,,,,,,,,,,,,,
  ,,,,,,,,,,,,,,,,,,,,,, [ 73504444712917 ],,,,,,,,,,,,,,,,,,,,,,,,,,,,,,,,,,,,,,,,,,,,,,,,,,
  ,,,,,,,,,,,,,,,, [ 3324586231 ],,,,,,,,,,,,,,,,,, [ 1899217153, 241457751361 ],,,,,,,,,,,,,
  ,,,,,,,,,,,,,,,,,,,,,,,,,,,,,,,,,,,,,,,,,,,,,,,,,,,,,,,,,,, [ 5729605201 ],,,,,,,,,,,,,,,,,
  ,,,,,,,,,,,,,,,,,,,,,,,,,,,,,,,,,,,,,,,,,,,,,,,,,,,,,,,,,,,,,,,,,,,,,,,,,,,,,,,,,,,,,,,,,,,
  ,,,,,,,,,,,,,,,,,,,,,,,,,,,,,,,,,,,,,,,,,,,,,,,,,,,,,,,,,,,,,,,,,,,,,,,,,,,,,,,,,,,,,,,,,,,
  ,,,,,,,,,,,,,,,,,,,,,,,,,,,,,,,,,,,,,,,,, [ 9883847041 ],,,,,,,,,,,,,,,,,,,,,,,, 
  [ 22830237361 ],,,,,,,,,,,,,,,,,,,,,,,,,,,,,,,,,,,,,,,,,,,,,,,,,,,,,,,,,,,,,,,,,,,,,,,,,,,,
  ,,,,,,,,,,,,,,,,,,,, [ 15595590961 ],,,,,,,,,,,,,,,,,,,,,,,,,,,,,,,,,,,,,,,,,,,,,,,,,,,,,,,
  ,,,,, [ 1474279501 ] ]);
