BRENTFACTORS[5179]:=MakeImmutable([ ,,,,,,,,,,,, [ 35626999159329007769 ],, [ 12801006721 ],
  , [ 42091943867 ],, [ 42041961391 ], [ 2113117541 ], [ 8593991466721093987 ],, 
  [ 259000221999790102096839317, 2370435788494362209536668144750337246327745430349 ], 
  [ 73749860216017 ],,, [ 8979590538310141 ], [ 252131083934437 ], 
  [ 11526691035373, 53707947486569 ], [ 3507154681 ],, [ 47475806628867680257 ], 
  [ 2506469400139, 98680738267057 ], [ 2473350184147135785022100041 ], [ 814960441961 ], 
  [ 28432168689313 ], [ 36539396120969820121329335369, 8359437963536721702551336090172713 ], 
  [ 14504549975905419065301858053 ], [ 24924034220245681, 259734272074201238785147 ],, 
  [ 267405911237, 7291637906604826519631, 21391388743851762716770026572446599437201 ],,, 
  [ 346692958393 ],, [ 93710699377682090401 ], [ 58718657463071105273 ], 
  [ 145460280431918560073554753 ],, [ 267138740719244201 ], 
  [ 3774667387, 75018163427023, 222195440637739, 64228416600881008392658545172009 ],, 
  [ 1299779076150124183, 57229083074629923596560330711411 ], [ 356068538191279 ], 
  [ 1597051832861, 952014242356211, 6329040648935682235577604751 ], 
  [ 658139817785246441, 1221885582016503115342793 ],, 
  [ 19032292485121146052773041483966808164428181 ], [ 520784096051368781 ], 
  [ 71705920339298173021 ],, [ 287520403406351782722031674785705249490411914145179093 ],, 
  [ 559552232989713130385057338346548344950051939591617 ],, 
  [ 34748535418022180544691007990599 ], 
  [ 2416550641, 9411712307, 23079368479139980871, 2493060679536798626237053, 
      6656473259815233694823803, 71111014043137600326491313792916008126479 ], 
  [ 6026260600418298520347049, 2999366770414984904879948987852064562501 ], 
  [ 1170671746335045051878600629 ], [ 2147016901 ], 
  [ 19706243922321654415813, 8009722588138340247733938650687089 ], [ 4922032811112216433 ], 
  [ 70981842762851 ], [ 498445933250956265211821116277060995057 ],, 
  [ 340341803273, 264027759724176809, 8036503055626662227144823688709 ],, 
  [ 21738183471962394091760523395647177 ], [ 1154532370628971 ], 
  [ 31732563521, 704131675441, 5335273612001, 40584267529475314951681 ],, 
  [ 1235556649, 19681110199 ], 
  [ 4207613170141, 137254563147386441, 39078769779109138781901823 ], [ 233787436093 ], 
  [ 3287384821751, 959568341059301 ], [ 1407402938103124149784405035939653 ],, 
  [ 42554221258375054264609 ],, [ 17218295912006040628981 ], [ 4100137795937 ], 
  [ 85742079551124588192901 ], [ 9587112391 ], [ 32596547410711 ],, 
  [ 11996236589089, 73987798367844001 ],, [ 13860051899, 2407567908549707 ],, 
  [ 22235126564103701 ], [ 98571611682109 ], [ 16835795018860291 ], [ 27986429113 ], 
  [ 14256640888769199762713 ], [ 137444202335458332931 ], [ 2587620379 ], 
  [ 52608025676379211 ], [ 19164216761564694610037682565113429325249 ],, 
  [ 2068774621, 143891468885011 ], [ 7273959478171 ],, [ 68063689652424106261888681153 ], 
  [ 15346546909893352200769 ],,, [ 28506612332805683779 ],, [ 98662683659 ],, 
  [ 58753487557558223 ], [ 5921971337131 ],, [ 2404136677 ],, 
  [ 5497265669714568375162908334480729457309 ], [ 769048382538084557 ], 
  [ 5405124523961663617 ],, [ 39893240457244133629209541 ], [ 402173458663 ], 
  [ 15168168313, 110936161249, 67060110212242128301, 914000878960691223241 ], 
  [ 33500662834779791099 ], [ 120425771636221, 1112653604717891, 82736880872203384783417 ], 
  [ 889905870923491 ],,, [ 476412777829, 1634248569997, 4290617125493574091874033223577, 
      1982029321259473132519371405053311 ],, [ 540797099221, 137331012715586427372672101 ], 
  [ 24953764897, 56289622663 ],, [ 1958982714547, 335805100241183 ],,,,,,, 
  [ 119686181239951 ],, [ 309679103497 ], [ 1189918333 ], 
  [ 111078959523856171, 2533905314964215914199017, 1063527191977825824115031675819 ],, 
  [ 11935610857, 529847232461286048238021 ], [ 24765570836760527 ],,, 
  [ 1891680961, 86363481121, 39178839387841, 1247366868308967361 ], 
  [ 5641758228548597, 312974072232938143637, 257895541788239121842961131 ],, 
  [ 570281386858693, 112566613332550801 ], [ 68994316735695833 ],, 
  [ 15619094771927, 42604800195567343803077 ], [ 4429757833 ],, [ 1702809187 ],, 
  [ 558702032786925283, 1167743262317195264477797 ], 
  [ 38957755589, 555751567731533, 146571984622639835412978157 ], [ 11588224562467387 ], 
  [ 203031509844270931 ], [ 1987630244251, 54031014203251 ],,, 
  [ 2881044811, 12531709516081288997 ], [ 104844018574283 ],, 
  [ 72436539385606601, 74769435824582685416743 ],, [ 528528121823423069563 ], 
  [ 17892281362537 ],, [ 13412298964393602427093 ], [ 1053918315947377 ],,, 
  [ 13793638051, 368870197060291 ], [ 40808141291 ], 
  [ 10177004161, 5652446923973336573040961 ], [ 3354719579424570568943 ], 
  [ 348911691648733, 1709859227857333513, 1449800002665760413677 ], [ 3802700851 ], 
  [ 6083188244643922273 ], [ 1670305171439 ], [ 879154284814468723369 ], [ 550908794189153 ],
  , [ 7466516573023 ], [ 853539710212729, 7695703219636216801 ], 
  [ 10681651723, 333613242818969 ], [ 70881127621393, 15554091897297049, 2544825568097567089 
     ], [ 97887964960055971 ], [ 18670180259 ], [ 562297101309742177 ],, 
  [ 9856260466894117, 709268115645815507 ],, [ 55084362209 ], 
  [ 35562097093, 49717471943081, 4067706392818577 ], [ 476065819549, 2886505324107268243 ],, 
  [ 789921594167401 ], [ 6387077017, 2579449227743161, 600023443090810369010329 ], 
  [ 16450107034187 ], [ 3824738279, 823483384180164733 ], [ 139360947403 ], 
  [ 10766419355561, 249661138614796822981 ], [ 6437564197403 ], [ 53619339282673921 ], 
  [ 379717393047546127312523311 ], [ 231561923477999297 ], 
  [ 8026476731551, 6872165044427701 ], [ 3429712710606989 ], 
  [ 15251957204417307046493, 49730940886891852248309491 ], [ 8351889343108273 ], 
  [ 74966339928323, 93332509882749951359251, 15351785860810624382229597409 ],, 
  [ 54985858961419 ],, [ 15267092348426803 ], 
  [ 7448946681820073977, 816300828156285156852649 ], [ 12967182031 ],, [ 1135416283 ], 
  [ 2986393110545858298002243 ], [ 236655005864511149, 16229615216260187927 ],, 
  [ 7495971650004657053027647373339 ], [ 110888675899 ],, [ 96878879717, 180483236787241613 ]
    , [ 29491546211, 24831047895991 ], [ 9828274454301157 ], [ 145164864748397651 ],, 
  [ 21230960189143 ],,, [ 22219189980140906474401 ], [ 152236640051 ], 
  [ 21122860981, 1171237763801983 ], [ 39175253176141 ], 
  [ 3004519937, 2348090497793, 6488736401921 ], 
  [ 4654130402377117, 417426727318798103, 18577025827133622007 ],,, [ 2157469081 ], 
  [ 187634460424236643 ], [ 67637391023, 133039189438584019923901 ],, 
  [ 260001962210288618233 ], [ 287115005251, 146762071829042801 ], 
  [ 330684231706529, 10518208930244428421 ], [ 11951477933588971, 38619842538645619 ], 
  [ 1077737077, 20563556653 ], [ 104440331335342497083 ], 
  [ 93906741819061, 87315575901976441 ], [ 1576434322430087873 ], 
  [ 4198853652130446899501441 ], [ 76301175519490386193 ], [ 1182452415197908111 ], 
  [ 22539719401, 374461100149532551, 11937989073341885401 ], [ 9087981290814006388693 ], 
  [ 489164731267, 1312846607881, 1325386158553, 852236769207391676543 ], 
  [ 12452755315385353603905518777 ], [ 549291534499, 297595581402367741401536851 ], 
  [ 572818877391041, 15014889870763832281 ],,, 
  [ 1658045424383, 4786961219815465388517359669 ], 
  [ 416445871331788297, 25378474160333794993 ], [ 94351543681, 640395705661 ], 
  [ 431964203071922339963 ],, [ 900122156622065222440993 ],, 
  [ 1438196805121, 31269267332299628761, 98885102340001894771 ],, 
  [ 3196370993, 82208102033461, 727965820473629, 1144835878009688545218232481 ], 
  [ 6779940520141257883 ],,, [ 17944716562537, 72418139494533713, 119151638016112001 ], 
  [ 23577466177 ],,,, [ 14623237987, 17062856231 ], [ 152934747593471 ],,,,,, 
  [ 1798009205190661 ], [ 201435384483913 ], [ 11903495846071, 10578218155296840211 ], 
  [ 700443819853, 228073202035146527693 ],,, [ 6485097354433 ], [ 222808683511 ],, 
  [ 4174657716349 ], [ 1577293279613221 ], [ 21331211639, 127727377339 ],,, 
  [ 4563681036058424183 ], [ 13520323279, 135108927763 ], [ 8645430349 ],, 
  [ 3162982705789, 178806399745541 ], [ 46622063748847 ], [ 2561585419430867057 ],, 
  [ 328077557184301, 2956454583277074331 ],,, [ 7610558440717 ], [ 4320645377, 8613175301 ],,
  , [ 10216352483 ], [ 1831002367168937 ],,,,, [ 11545161853 ],,,, 
  [ 12276710791, 42610500011 ], [ 1847543011417 ], [ 11870335999574951 ], [ 37748047233751 ],
  , [ 2553007073, 97262440001 ],,,, [ 15288379061 ],,,,,, [ 12686244751 ],, 
  [ 1236056641, 5578127210657 ],,,, [ 3681062255921 ], [ 1011082141 ], [ 2079634590361 ],, 
  [ 17220122173, 52303557213001 ],, [ 14213728060643 ], [ 9718029001 ], [ 199190750009 ],,,,,
  , [ 2595384318253 ], [ 114032730971, 152105965097 ], [ 12249314765929729 ],, 
  [ 484814833563971 ], [ 33987725335499779 ],,,,, [ 16012404241 ], [ 271476690377521 ], 
  [ 699467939938960007 ],, [ 1253176017570526888477 ],,, 
  [ 567147239947, 7010660612579881321 ], [ 1656310801, 1294390801549201 ],, 
  [ 15937369999, 5586968513251, 309842204480101327 ], [ 17864514400357, 546962170890208789 ],
  [ 1373794317941 ],,, [ 1970958197539, 2368664166133 ], 
  [ 86429953369, 37703675097616786140697 ],,, [ 11189659951, 52937251585429 ], 
  [ 1095308290996921, 7742237695757066393677 ], 
  [ 471531572569, 13332607872109, 195988960119947 ], [ 41839349833337689 ],,,, 
  [ 537738016808190287 ], [ 897944478859 ], [ 994069436090957101 ], 
  [ 15028462261, 44043683302271374487 ],, [ 111849280637527 ], [ 7469269649 ],, 
  [ 69779493103, 661229837026651 ], [ 840150828889 ], [ 1073237821 ], [ 1075530267681013 ], 
  [ 180624231389671 ], [ 68576263295359 ],, [ 40310136733, 97796063681 ], [ 3284865277 ], 
  [ 388182740461 ], [ 1995907357920313, 13608076229880485473 ],, [ 1802746681 ], 
  [ 2232912882881 ],,,, [ 48808284853464121 ],,, [ 234684564412537, 3176670064745231 ],, 
  [ 75724701996161 ],,,, [ 37210099057 ], [ 1590948202009 ], [ 102652429167912716347 ],,, 
  [ 33090062972689 ],,,, [ 73842256607099 ],,, 
  [ 558332092273, 44511943584673, 21743943581253958529 ],, [ 148577684330926130359 ], 
  [ 714397863961 ], [ 617714826769, 240449067904033 ], [ 28993838551259 ], [ 2506794821 ], 
  [ 45899392741 ], [ 230020058198514214856569 ], [ 28025560289, 124745826519689 ],,,,, 
  [ 100227548168971, 54857061554392101100897 ], [ 1545931307, 125761888979444621 ], 
  [ 1309762561 ],, [ 1242391151 ],,,,,,,, [ 1083470851, 4117077511 ],, [ 1118056995457 ],,, 
  [ 27348848011 ],,,,, [ 118581408948001 ], [ 7433066967013 ],,, 
  [ 4885255369, 359339048713, 21587990296882969 ],, [ 1167290333353 ],,,, 
  [ 8229876757484191, 8192734759463193905912521 ],,,,, [ 2357958401 ],,, [ 1171442713043 ], 
  [ 4879695091 ], [ 63100522129321, 6507938275223426081 ], [ 29904510133 ], 
  [ 2288761723, 148290464224459 ], [ 12176836411 ], [ 426999120109 ],, 
  [ 44423793481919059639 ],,,,,, [ 96339879469, 127518293281 ],, 
  [ 2483035640669407, 92692742529256531 ],,,,,, [ 27771838201, 172647189721 ],,,, 
  [ 71018960641, 1417870336481, 49631170220036609 ],,,, [ 10932525083345797 ],, 
  [ 1118310818492086451, 1459133962664119501 ], [ 1870628471, 2737920103, 3214380823 ], 
  [ 90055167841 ],,, [ 29413271731 ], [ 298456329072326413 ],,,,,,,,, [ 1115759741 ],, 
  [ 5492964457, 273609758899 ],,, [ 73656040317667519741 ],,,, [ 18513137623 ],,,, 
  [ 134710663697 ],, [ 2003402941, 710914361281 ],, [ 1800573941551387 ],, [ 2895796121 ],,, 
  [ 17535478003 ], [ 34371833169569953 ],, [ 2811938821, 3327626551 ],, 
  [ 5836369937, 11132670113, 1928084990033 ],,,,,, [ 416300337241924097 ],,,, 
  [ 666071448138029543 ],, [ 847581529513 ],,,, [ 8503989601 ], [ 15035457277 ],,, 
  [ 76803682832749 ],, [ 639763334393 ],,, [ 1468358813 ],,, [ 39537995201 ],,, 
  [ 10276902091 ],,, [ 3363261373 ],,, [ 13871804977 ], [ 43687326691, 2073831432898681 ],,,,
  ,,,,,,,,,, [ 6203962409, 3388192262618693909 ],,, [ 40612824503843 ], 
  [ 13205403149473, 554323132503001 ],, [ 259419897101 ],,,, [ 14999625379, 234463254271 ],,,
  ,,, [ 1513074866489341, 62145501402077150484291481 ],,,,,, [ 658169432407 ],, 
  [ 1152446293, 55703776517, 44871577516313 ],, [ 1128733142441, 12734520240416291 ],, 
  [ 3444141903752257 ],,,,,, [ 53389526784907 ],,,,,,,,,,,, 
  [ 3906958021, 46258984545721, 233327619188221 ], [ 40721763241 ],,,,,,,,,,, 
  [ 2620618461289063 ], [ 1088661583 ],,, [ 5908602851562833 ],, [ 78013678833697 ],,,, 
  [ 8191151368249 ],, [ 190873251991549, 239588575897273 ],, [ 2946329977 ],, 
  [ 100782520187 ],,,,, [ 94661616391, 193505630167 ],, [ 2152359701 ],,,,, [ 1014027671 ],, 
  [ 15612358789 ],,,,,,, [ 6135609577 ], [ 2594767081 ],, [ 64294254845854153 ],, 
  [ 24464068129 ],, [ 1396588093, 13688448743 ],,,,,,,, [ 23616553343137 ],,,, 
  [ 519541143083 ],, [ 1037799761 ],,, [ 7515412661 ], [ 72098440947457 ], [ 3842013601 ], 
  [ 25467247961 ],, [ 313092241921 ],,,,,,,, [ 533519962601 ],,,,,,,, [ 21512032557793 ],, 
  [ 2349120559, 2732277569729761 ],,, [ 1833408769 ],,, [ 1654484833 ],,,,,,,, 
  [ 4839828001 ],, [ 560639898887 ], [ 4576218307 ],,, [ 3414316751 ],, [ 173846952770929 ], 
  [ 6397879421 ],,,,, [ 8905349119063 ],, [ 22025135809 ], [ 1531397873 ],,, 
  [ 5426227889701 ], [ 42478893031 ], [ 1552265623, 4344788683, 12414236493801073 ],, 
  [ 93925760977, 836404996993 ],,,, [ 1527930757, 57657281149873 ],, 
  [ 11504097971, 103059058219239401 ],,,, [ 2010954405816787 ],,,,,, 
  [ 10067336161, 224193173401, 578666004001 ],,,, [ 7681373977 ],, 
  [ 2922974736481, 231213823840963 ],, [ 10423055024257 ],,,, [ 6665575141, 320835044809 ],,,
  , [ 1941488737921 ],,, [ 57364303471 ], [ 182696019974081, 441052755118961 ], 
  [ 2620047109 ],,,,, [ 5534110256569 ],, [ 16543594789 ],, [ 45150522129511 ],,,,, 
  [ 4422169501 ],,,,,,, [ 1045022589577 ],,,, [ 1462081525453 ],, [ 194718509904673 ], 
  [ 67204586191 ], [ 2370467831 ],, [ 134402653933 ],, [ 7819064359 ],,,, [ 9996434246723 ],,
  ,,,,, [ 3790693861 ],,,,,,,,,,,,,,, [ 94433448761 ],,,,, [ 464390731451 ],,,,, 
  [ 361557072015541 ],, [ 4233717181 ],,,, [ 322841260872001 ], [ 31249216109 ], 
  [ 248803096753 ],,,, [ 157037455177, 304679716039 ], [ 3782893537, 82997222747 ],,, 
  [ 2222915846911 ],,,,,, [ 4015676897 ], [ 287460398363 ], [ 1011421261, 30676833872947 ],,
  , [ 57173846203 ], [ 6568571069, 47568925082408029 ],,,,,,,,, [ 5653851733 ],, 
  [ 14346934543 ],,,,,,, [ 3619945984982513 ],,,,,, [ 112215703021, 18078121117487 ], 
  [ 1886960903 ],,,,,, [ 3752444021 ],,,, [ 856923335413 ], [ 1305863958379 ], 
  [ 3745562081, 4609759381 ],,,,, [ 315934680001, 2983446823001 ],,,,,,,,,,,,,,,,,,,,, 
  [ 1696244477 ], [ 709628539117 ],,,,,,,,, [ 3074759549 ],,, [ 566277574787 ],,,,,,,, 
  [ 1360983293 ],,,, [ 7910399059 ],,,, [ 128129274609001 ],,,, [ 6613573156361 ],,,,,,,,,, 
  [ 1559744201, 21697760449 ],,, [ 45576973289 ], [ 227275799809 ], 
  [ 6641273677, 1882916949643 ],,,, [ 213098836519 ],,,, [ 1525032001 ],, [ 1599772877 ], 
  [ 407195106481 ],,,,,,,,, [ 53208664147 ],,,,,, [ 2048738431 ],,,,,,,,, [ 8337595681 ], 
  [ 2535113101 ],,,,,, [ 3245915377 ],,,,,,,,,,, [ 17370693547476853, 359426142343971649 ], 
  [ 18951590629519 ], [ 5546737681 ],, [ 2077690697 ], [ 1848435527, 3862792501 ],,,,,,,, 
  [ 22306139111 ],,,, [ 26414915759 ],,, [ 2460699377 ],,,, [ 15971178577 ],, 
  [ 322062703901 ],,,,, [ 32514427051 ],,,,, [ 1794940531 ], [ 4346185097 ],,,,,,,,,,, 
  [ 42020154541, 396736732081 ],,,,,,, [ 65043884819 ],,,,, [ 110997352981 ],, 
  [ 2684088929, 5073471539393 ],, [ 1685560634201 ],,,,,,,,,,,,,, [ 58432839736801 ],,,,,,,,,
  ,, [ 30161572897 ],,,,, [ 2339810177 ],,,,,,,,,,,, [ 2252332517 ],, [ 105507083828821 ],, 
  [ 158336817409 ],,, [ 4360570111 ],,,,,, [ 1519951981 ],,,,,,,,,, [ 1236973789 ],,,,,,,, 
  [ 1925389785259 ], [ 4654719721, 1194709401901, 95185280181601 ],,,,,,,,,, [ 10088247541 ],
  ,,, [ 3359901091 ],,,,,,,,,,,,,,,,,, [ 1120578733 ],, [ 690542547463 ],,,,,,,, 
  [ 92060989231 ],, [ 1197583169 ],,,,,, [ 2284802441 ],, [ 16556539969 ],,,,,,,,,,,,,,,,,,,,
  ,,,, [ 101941052489 ],, [ 4608935011 ],,, [ 2598444973 ],, [ 4322794681 ],,, 
  [ 300099672437 ], [ 96819903073 ], [ 2449822849 ],,,, [ 561947904233 ], [ 442420668493 ],, 
  [ 87276731561 ],,, [ 2295656903 ], [ 2370030769 ],,,,,,,,, [ 2046775230433 ],,,,,,,,,, 
  [ 1970538623, 6226134721 ],,,,,,,,,,,,, [ 311872587989 ],,,,,,,,,,, [ 9834725767 ],,,,,,, 
  [ 14753433287, 40083037559 ],,,,,,,,,,,,,,,,,,,,,,,,,,,,, [ 20579576063 ],,,,,,,,, 
  [ 1567462751 ],,,,,,,,,,, [ 8964507169 ], [ 2348540629 ],,,,,,,, [ 3894148567 ],,,,,,,,,,,,
  ,,,,,,,,,,,,, [ 6907557161 ],, [ 788498098471 ],,, [ 76223961571 ],,,, [ 541777388297 ],, 
  [ 112228955893 ], [ 308802565921 ],,,,,,,,,,,,,,,,, [ 3690609157 ],,,,,,,,,,,,, 
  [ 66603596871397 ],,,,,,,,,,,, [ 15751074697 ],,,,,,,, [ 4097640037 ],,,, [ 5877593951 ],, 
  [ 6887367241 ],,, [ 2167146391 ],,,, [ 8111848159 ],,, [ 1220051711 ],,,,,,,, 
  [ 17072080603 ],,,,,,, [ 280497389771 ],,,,, [ 3966272491, 60977802211 ],,, [ 7766677873 ],
  ,, [ 1559232949, 6708546601 ],,,,,,,,,, [ 133238875111 ], [ 221205568393 ],,,,,,,,,,,,,,,,
  , [ 1470467041 ],,,,,,,, [ 4275146401 ],,,, [ 499512948269 ],,,,,,,,,,,, [ 13313353169 ],,,
  , [ 1173346217 ], [ 7501866103 ],,,,,, [ 1284437617 ],, [ 14291303797 ],,,,,, 
  [ 37963691221 ],, [ 566216331299 ],,,,,,,,,,,,,, [ 6539912479 ],, [ 1216374541 ],,,,,,,,,,,
  ,,,,,,, [ 71078986343 ],,,,,,, [ 1445360401 ],, [ 13962149233, 58689796177 ],, 
  [ 7749410503 ],,, [ 1481716057 ],, [ 6976087057 ],,,,,,,,,,,, [ 8890009467727 ],, 
  [ 223679304743 ],,,,,,,,,,,,, [ 23611503709 ],,,,, [ 35525754721649 ],,,,, [ 13435840841 ],
  ,,,,, [ 1818438623 ],,,,,,,,,, [ 9080810693, 119124424157 ],,,,,, [ 50399897423 ],,,,,,,,,,
  ,,, [ 24643902529423 ],,,,,,,,,,, [ 11347543589 ],,,,,,,,, [ 13663976891 ], 
  [ 25503751417 ],,,,,,, [ 4260960558887 ],,,,,,,,, [ 329005271657 ],,,, 
  [ 9443534977, 82051487761 ],, [ 1249861831 ],,,,,,,,,,,,,,,,,,,,,,, [ 11690286679 ],,,,,,, 
  [ 1039437233 ],,,,,,,,,,,, [ 34907169109 ],, [ 125136509203 ],, [ 278196875819281 ],,, 
  [ 148233217189 ],,,,,,,,,,, [ 25275566369 ],,,,,,,,,,,,,,,,,,,,,,,, [ 11173393393 ],,,,,, 
  [ 16143320077 ],,,,,,,,,,, [ 48135268981 ],,,,,,, [ 62595435379 ],,,,, [ 99355289287 ],,, 
  [ 4947566896351 ],,,,,,, [ 31633194583 ],,,,,,,,,,, [ 445681096897 ],, [ 5739543781 ],, 
  [ 13401840181 ],,,,,,,,,,,,, [ 1184096171 ],,,,,, [ 1314637391 ],,, [ 6452920987 ],,,, 
  [ 3741502753 ],,,, [ 1736670937 ],,,,,, [ 1809521249, 18626418841 ],,,,,,,,,,, 
  [ 19838593051 ],,,,,,,,, [ 14265949777 ],,,,,,,,,,,,,,,,,,,,,,, [ 1121876491 ],,,, 
  [ 10467294571 ],,,,,, [ 474783357331 ], [ 60493945621 ],,,,,,,, [ 21654880651 ],,, 
  [ 4026926881 ],,,,,,,,,,,, [ 15455300191 ],,, [ 16429212937, 371381485249 ],, 
  [ 52245468881 ],,,, [ 8927444431 ],,, [ 1557710317 ],,,,,, [ 138523987513 ],, 
  [ 5148455311 ],,,,,,,,,,,,,,, [ 108573258121 ],, [ 2819885483 ],,,,,,,,,,,,,,,, 
  [ 3197532937 ], [ 8011705783 ],,,,,, [ 2623111921 ],,,,,,,,,,,, [ 224214554743 ],,,,,,,,,,,
  ,,,,,,,,,,,,,,,,, [ 3349015051, 158282103571, 857877221491 ],,,,,,,,, [ 2728081033 ],,,, 
  [ 11658488731, 64179696533 ], [ 86913007723 ],,,,, [ 541724327149 ], [ 1556471900341 ],,,,,
  ,,,,,,,, [ 11145259253 ],,,,,,,,,,, [ 109209654391 ],,,,,,, [ 12001846273 ],,,, 
  [ 3095088641 ],,,,,, [ 21992405261 ],,,,,,,,,,,,,,,,,,,,,,,,,,,, [ 55096034239 ],, 
  [ 34967956453 ],, [ 2045903693 ],,,, [ 2092253983, 4545009197 ],,,, [ 31920293539 ],,,,,,,,
  ,,,,,,, [ 621628141447 ],,,,,,,,,,,,,,,,,, [ 3101616121 ],,,,, [ 1516686557, 21883839097 ],
  ,,,,,,,,,,,, [ 5742462379 ],,, [ 2455371361 ],,, [ 25750410251347 ],,,,,,,,, 
  [ 1975592977, 611829690193 ],,, [ 5933723941 ],,,,,, [ 1846047013 ],,,,,,,,,,,,,,,,,,,,,,,
  , [ 1409062771 ],,,,,,,,,,,,,,,,,,, [ 137828866157 ],, [ 5292815041 ],,,,,,,,,,,,,,,,,,,,,,
  ,,,,,,,,,,,,,,,, [ 178731768073 ],,,,,,,,,,,, [ 147964232489 ],,,, [ 7501398488341 ],,,,,, 
  [ 243845381827 ],, [ 57471223870513 ], [ 1349822053 ],,,,,,,,,,,,,,, [ 5571236917 ],,,,,,,,
  , [ 2958632569 ],,, [ 8815417729 ],,,,,,,, [ 3063962009, 9877889377 ],, [ 2756564768147 ],,
  ,,,,,,,,,, [ 2554206323, 14690754811 ],, [ 10610684281 ],,,,,,,,, [ 715415735071 ],,,,,,, 
  [ 10576370249 ],,,,,,,,,,,,,, [ 327015335401, 1119555888751 ],,,,,,,,,,,, [ 9950482627 ],,,
  ,,,,,,, [ 100259299181 ],, [ 157811867929 ],,,, [ 5023786669327 ],, [ 1579744321 ],,,,,,,,,
  ,,,,,,,,,,,,,,,,,,,,,,,,,,,,,,, [ 4267495301 ],,,,, [ 2926827751 ],,, [ 337658777101 ],, 
  [ 16285564901 ],,,, [ 19888225087 ],,,,,, [ 3026118481 ],,,,,, [ 29613915577 ],,,,,,,,,,,,,
  , [ 11846325961 ],,,,,,,,,,,,,,,,,,,,,,,,,,,,,,,,,,,,, [ 63186614535379 ],,, 
  [ 16081777801 ],, [ 1078462771 ],,,,,,,,,,,, [ 7772459047 ],,,,,,,, [ 1133955259 ],,,,,,,,,
  ,,,,,,,,,,,,,, [ 3304617661 ],,,,,,,,,,,,,,,,,, [ 16736413843 ],,,,,, [ 9400378417 ],,,,,,,
  ,, [ 15718351813 ],,,,,,,, [ 3932528153 ],,,,,,, [ 9751374067 ],,,,,,,,,,,,,,,,,,, 
  [ 1210549129 ],,,,,,,,,,,,,,,,, [ 27202758721 ],,, [ 336904521553 ],,,, [ 6622691324797 ],,
  ,,,,,,,,,,,,,,,,,, [ 4835236561 ],,,,,,,,,,,, [ 24665717761 ],,,,,,,,, 
  [ 2499139423942267 ], [ 31670107747 ],,,, [ 178826097011 ],,,,,,,, [ 32232164221 ],,,,,,,,,
  ,,,,,,, [ 1229984843 ],,,,,,,,,, [ 72385428061 ],, [ 1266239839 ],, [ 8556166481 ],,,,,,,,,
  ,,,,,,,,,,, [ 1248833275621 ],,,,,,,, [ 66831835093 ],,,,,,, [ 65555315701 ],,,,,, 
  [ 518987267443 ],,, [ 4075647103321 ],,,, [ 560106725473 ],,,,,,,,,, [ 9941368061 ],,,,,,, 
  [ 63119096611 ], [ 496997490133 ],,,,,,,,,,,,,,,,,,,,,, [ 7694286529 ],, [ 6041088061 ],,,
  , [ 6681911413 ],, [ 8068638449 ],,,,,,,,,,,,,,,,,, [ 16405429631, 434346778589 ],,,, 
  [ 12489549143 ],, [ 1139610881 ],,,,,,,, [ 7873489969 ],,,,,,,,,,,,,,,,,,,,,,,,,,,,,, 
  [ 3377615599 ],,,,,,,,,,,,,,,,,,,, [ 2320578587 ],, [ 118061574901 ],,,, [ 2893704001 ],,,
  , [ 2881523149 ],,,,,,,,,,,, [ 2587662481 ],,,,,,,,,,,, [ 1956278521 ],,, [ 137847078601 ],
  ,,,,,,,,,,,, [ 6298808017 ],,,,,,,,,,,,,,,,,,,,,,,,,,,,,,,,,,,,,,,,,,,,,,,,,,,, 
  [ 1296534401 ],,,,,,,,,,,,,, [ 164770817047 ],,,, [ 239243397443 ],,,,,,,, [ 363225485771 ]
   ,, [ 919077196189 ],,,,,,,,,, [ 1735202107 ],,,,,,,,,, [ 1222803793 ],, [ 6576599251 ],,,,
  ,,,,,,,,,,,, [ 16106746039, 8624611436069 ],,,,,, [ 148116087817 ],,,,,,,, [ 7176128321 ],,
  ,,,,,,,,,,,, [ 2403638389 ],,,,,,,,,,,,,,,,,,,,,,,, [ 27442133632957 ],,,,,,,,,,,, 
  [ 5832355141 ],,,,,, [ 6711174649 ],,,,,,,,,,,,,,,,,, [ 8114616609139 ],,,,,,,,,,,,,,,,,,,,
  ,,,,,,,, [ 1409563489 ],,,,,,,,,,,,,,,,,, [ 7123323001 ],,,, [ 6537228821 ], 
  [ 5121637561 ],,, [ 7278976801 ],, [ 2510111231 ],, [ 1060872689, 123805242293 ],,,,,,,,,,,
  ,,,,,,,,, [ 10852413001 ],,,,,,,, [ 2427738721 ],,,,,,,,,,,,,,,,,,,,,,,, 
  [ 495514556458177 ],,,, [ 12215704009 ],, [ 29395025831 ],,,,,,,,,,,,,,,,,,,,,,,,,,,,,,,,,
  , [ 43997933953 ],, [ 1861128547 ],,,,,,,,,, [ 6276288541 ],,,,,,,,,, [ 1892513507 ],,,, 
  [ 7825215751 ],,,, [ 29031152677 ],,,,,, [ 5432356561 ],,,,,,,,,,,,,, [ 19765812673 ],,,,,,
  ,,,,,,,,,,,,,,,,,,,,,,,,,,,,,,,, [ 1558047961 ],,,,,, [ 10969298159 ],,,,,,,,,, 
  [ 533527331833 ],,,,,, [ 5987255977, 7031434541 ],,,, [ 191881096723 ],,,,,, 
  [ 228720032284561 ],,,,,,,,,,,,,,,,,,,,,,,,,,,, [ 467319703709 ],,,,,,,,,,,,,,,,,, 
  [ 1154090221 ],, [ 271492013055817 ],,, [ 82778037301 ],,,,,,, [ 33909456323 ],,,, 
  [ 4918620517 ],,,,,,,,,,,,,, [ 213286988401 ],,,, [ 215923457681 ],,,,,,,,,, 
  [ 1376048143 ],,,,,,,,,,,, [ 5721757381 ],,,,,,,,,,,, [ 3006862153 ],,,,,,,,,,,,,,,,,,,,,,,
  , [ 2214501301 ],,,, [ 1122279299 ],, [ 245477893849 ],,,,,,,,,,,,,,,,,,,,,,,,,,,, 
  [ 13221251629, 16435154009 ],,,, [ 13949986201 ],,,,,,,,,,,,,,,,,,,,,, [ 6015782137 ],,,,,,
  ,,,,,,,, [ 20961787477 ],,,,,,,,,,,,,,,,,,,,,,,,,,,,,,,,,,,,,,,,,, [ 8473387343 ],,,, 
  [ 3711075541 ],,,,,,,,,,,, [ 20091244867 ],,,,,, [ 6309813901 ],,,,,, [ 218992467961 ],,,,,
  ,,,,,,,,,,,,,,,,,,,,,,,,,,,,,,,,, [ 4804202177 ],,,,,, [ 11788273351 ],,,,,,,,,,,,,,,, 
  [ 17169535813 ],,,, [ 71428585391 ],,,,,,,,,,,,,,,,,,,,,,,,,,,,,,,,,,,,,,,,,,,,,,,,,,,,,,,,
  ,,,,,,,,,,,,,,,,,,,, [ 2121249019 ],,,,,,,,,,,,,,,,,,,,,,,, [ 115680848911 ],,,,,,,,,,,,,,,
  , [ 22738753441 ],,,,,,,,, [ 732763132921 ],,, [ 699301984699 ],,,,,, [ 3420573193 ],,,,,,,
  ,,,,,,,,,,,,,,,,,,,,,,,,,,,,,,,,,,,,,,,,,,,,,,,,,,,,,,,,,,,,,,,,,,,,, [ 64434649660261 ],,,
  ,,,,,,,,,,,,,,,,,,,,,,,,,,,,,,,,,,,,,,,,,,,,,,,,,,,,,,,,,,, [ 12735655984003 ],,,,,, 
  [ 5875735897 ],,,,,,,, [ 84303171457 ],,,,,,,,,,,,,,,,,,,,,,,,,,,,,,,,,,,,,,,,,,,,,,,,,,,, 
  [ 3433071049 ],, [ 39555878381 ],,,,,,,,,,,,,,,,,,,,,, [ 26196600361 ],,,,,,,,,,,,,,,,,,,,,
  ,,,,,,,,,,,,,,,,,,,,,,,,,,,,,,,,,,,,,,,,,,,,,,, [ 1645248001 ],,,,,,,,,, [ 2117474731 ],,,,
  ,,,,,,,,,,,,,, [ 11948320369 ],,,,,,,,,,,,,,,,,,,,,,,,,,,,,,,,,,,,,,,,,, [ 663787570861 ],,
  ,,,,,,,,,,,,,,,,,, [ 76858230541 ],,,,,,,,,,,,,,,,,,,,,,,,,,,, [ 1334761777 ],, 
  [ 24365132321 ],,,,,,,,,,,,,,,,,,,,,,,,,,,,,,,,,,,,,,,,,,,,,,,,,,,, [ 58309660369 ],,,,,,,,
  ,,,,,,,,,,,,,,,,,,,,,,,,,,,,,, [ 31808737231 ],,,,,,,,,,,,,,,, [ 44266800007 ],,,,,, 
  [ 115481902033 ],,,,,,,,,,,,,,,,,, [ 18383398351 ],,,,,,,,,,,,,,,,,, [ 4199314129 ],,,,,,,,
  ,,,,,,,,,,,,,,,,,,,,,,,, [ 95736010801 ],,,, [ 14976534049 ],,,,,, [ 6205434421 ],,,,,,,,,,
  ,,,,,,,,,,,,,,,,,,,,,,,,,,,,,,,,,,,,,,,,,,,,,,,,,,,,,,,,,,,,,, [ 5677061287 ],,,,,,,,,,,,,,
  ,,,,,,,,,,,,,,,,,,,,,, [ 1991428759 ],,,,,,,,,,,,,,,,,,,,,,,,,,,,,,,,,,,,,,,,,, 
  [ 694525278961 ],,,,,,,,,,,,,,,,,,,,,,,,,,,,,,,,,,,,,,,,,,,,,,,,,,,,,,,,,,,,,,,,,,,,,, 
  [ 21144582661 ],,,,,,,,,, [ 1533529141 ],,,, [ 5256248209 ],,,,,,,,,,,,,,,,,,,,,,,,,,,,,,,,
  ,,,,,,,,,,,,,,,, [ 6622866433 ],,,,,, [ 431633752411 ],,,,,,,,,,,,,,,,,,,,,,,,,,,,,,,,,,,,,
  ,,,,,,,,,,, [ 3501661609, 19333799461 ],,,,,, [ 2304500113 ],,,,,,,,,,,, [ 1299442657 ],,,,
  ,, [ 11973971101 ],,,,,, [ 1449888337 ],,,,,,,,,,,,,,,,,,,,,,,,,,,,,,,,,,,,,,,,,,,,,,,,,,,,
  ,,,,,,,,,,,,,,,,,,,, [ 3630879282889 ],,,,,,,,,,,,,,,,,, [ 48618192043 ],,,,,,,,,,,, 
  [ 14805564139 ],,,,,,,,,,,,,,,,,,,,,,,, [ 49590270649 ],,,,,, [ 16878565537 ],,,,,,,,,,,,,,
  ,,,,,,,,,,,,,,,,,,,,,,,,,,,,,,,,,,,,,,,, [ 5200425444121 ],,,,,,,,,,,,,,,,,,,,,,,,,,,,,,,,,
  ,,, [ 48021236239 ],,,,,,,,,,,, [ 2662412761 ],,,,,, [ 1435511377 ],,,,,, [ 6116047723 ],,,
  ,,,,,,,,,,,,,,,,,,,,,,,,,,,,,,,,,,,,,,, [ 314412694489 ],,,,,,,,,,,,,,,,,,,,,,,,,, 
  [ 13385245721 ],,,,,,,,,,,,,,,, [ 2367990181 ],,,,,,,,,,,,,,,,,,,,,,,,,,,,,,,,,,,,,,,,,,,,,
  ,,, [ 7376578633 ],,,,,,,,,,,, [ 7445960113 ],,,,,,,,,,,,,,,,,,,,,,,,,,,,,,,,,,,,,,,,,, 
  [ 1599165181 ],,,,,,,,,,,,,,,,,,,,,,,,,,,,,,,,,,,,,,,,,, [ 9341713096951 ],,,,,,,,,,,, 
  [ 1506818107 ],,,,,, [ 66443339329 ],,,,,, [ 893359076647 ],,,,,,,,,,,,,,,,,, 
  [ 49043355433 ],,,,,,,,,,,,,,,,,,,,,,,,,,,,,,,,,,,,,,,,,,,,,,,,,,,,,,,,,,,,,,,,,,,,,,,,,,,,
  ,,,,,,,,,,,,,,,,,,,,,,,,,,,,,,,,,,,,,,,,,,,,,,,,,,,,,,,,,,,,,,,,,,,,,,,,,,,,,,,,,,,,,,,,,,,
  ,,,,,,,,,,,,,,,,,,,,,,,,,,,,,,,,,,,,,,,,,,,,,,,,, [ 6079361377 ],,,,,,,,,,,,,,,,,,,,,,,,,,,
  ,,,,,,,,,,,,,,,,,,,,,,,,,,,,,,,,,,,,,,,,,,,,,,,,,,,,,,,,,,,,,,,,,,,,,,,,,,,,,,,,,,,,,,,,,,,
  ,, [ 18032329849 ],,,,,,,,,,,,,,,,,,,,,,,,,,,,,,,,,,,,,,,,,,,,,,,,,,,,,,,,,,,,,,,,,,,,,,,,,
  ,,,,,,,,,,,,,,,,, [ 1356938641 ],,,,,,,,,,,,,,,,,,,,,,,,,,,,,, [ 2942164513 ],,,,,,,,,,,, 
  [ 188328601621 ],,,,,,,,,,,, [ 11585952841 ],,,,,,,,,,,,,,,,,,,,,,,,,,,,,,,,,,,,,,,,,,,,,,,
  , [ 4516186681 ],,,,,,,,,,,,,,,,,, [ 1079582131 ],,,,,,,,,,,, [ 764927141551 ],,,,,,,,,,,,,
  ,,,,,,,,,,,,,,,,,,,,,,,,,,,,,,,,,,,,,,,,,,,,,,,,,,,,, [ 66688144657 ],,,,,,,,,,,,,,,,,,,,,,
  ,,,,,,,,,,,,,,,,,,,, [ 7310032381, 500454012241 ],,,,,,,,,,,,,,,,,,,,,,,,,,,,,,,,,,,,,,,,,,
  ,,,,,,,,,,,,,,,,,,,,,,,,,,,,,,,,,,,,,,,,,,,,,,,,,,,,,,,,,,,,,,,,,,,,,,,,,,,,,,,,,,,,,,,,,,,
  ,,,,,,,,,,,,,,,,,,,,,,,,,,,,,,,,,,,,,,,,,,,,,,,,,,,,,,,,,,,,,,,,,,,,,,,,,,,,, 
  [ 2350115461, 13471563337 ],,,,,,,,,,,,,,,,,,,,,,,,,,,,,,,,,,,,,,,,,,,,,,,,,,,,,,,,,,,,,,,,
  ,,,,,,,,,,,,,,,,,,,,,,,,,,,,,,,,,,,,,,,,,,,,,,,,,,,,,,,,,,,,,,,,,,,,,,,,,,,,,,,,,,,,,,,,,,,
  ,,,,,,,,,,,,,,,,,,,,,,,,,,,,,,,,,,,,,,,,,,,,,,,,,,,,,,,,,,,,,,,,,,,,,,,,,,,,,,,,,,,,,,,,,,,
  ,,,,,,,,,,,,,,,,,,,,,,,,,,,,,,,,,,,,,,,,,,,,,,,,,,,,,,,,,,,,,,,,,,,,,,,,,,,,,,,,,,,,,,,,,,,
  ,,,,,,,,,,,,,,,,,,,,,,,,,,,,,,,,,,,,,,,,,,,,,,,,,,,,,,,,,,,,,,,,, [ 721235916781 ],,,,,,,,,
  ,,,,,,,,,,,,,,,,,,,,,,,,,,,,,,,,,,,,,,,,,,,,,,,,,,, [ 757589353291 ],,,,,,,,,,,,,,,,,,,,,,,
  ,,,,,,,,,,,,,,,,,,,,,,,,,,,,,,,,,,,,,,,,,,,,,,,,,,,,,,,,,,,,,,,,,,, [ 79019773561 ] ]);
