BRENTFACTORS[3339]:=MakeImmutable([ ,,,,,,,,,, [ 100929598243 ],,,,,,, [ 1544055157 ], 
  [ 3675154049623646111 ],, [ 4750231187660407 ],,, [ 73398092463313 ], 
  [ 7343467051, 82294593196230420181439801 ], [ 385943605294417 ], [ 49276550989 ], 
  [ 2514677537 ], [ 2305382957, 69256194592885870137854361804879683402273 ],, [ 3926506253 ],
  , [ 10438609299541218761206773659359 ], [ 629565050591 ], [ 19340263451840318428776718391 ]
   ,, [ 1520073769007, 41125240383372209, 92463244986255336427282357 ], [ 10538254883417 ], 
  [ 33520163237510209301496937 ],, 
  [ 7397711459328468116128019400437467408253379233634793824500433052301 ], [ 596298450679 ], 
  [ 78238082135323948199995755376619, 1914508113426235175440699553586657450054462350701 ], 
  [ 6228651628276366169 ], [ 76849669801, 4047740572634211159739801 ], 
  [ 4181651767806189749 ], [ 7416464359, 68602135417641393109 ], [ 100486981993841041 ], 
  [ 8026490682553687, 16096932899929290011, 19096811029820851013766430387, 
      550208814027262285177891852434523775731 ], [ 2088874357761151 ], 
  [ 252557975112328631042856316922502724621 ], [ 102852203008960106936664613 ], 
  [ 57745287282381029 ],, [ 439650553529771 ], [ 1665775332807097 ], 
  [ 20467780591, 94455402058163465043070590441007 ], 
  [ 10918418152160039617652591323, 429805907330045448568001136713 ],, 
  [ 235368770701, 37263988999261 ], [ 278178099778230658371149731 ], [ 539632374683875223 ], 
  [ 10250643917431 ],, 
  [ 19654941585076901611, 1203629252898245557306324453481, 
      33098493751552543751207108902562379421 ], [ 1029153809253616694206021 ], 
  [ 169061800553, 714988228715947, 140485530389605363 ],, [ 476827042099 ], 
  [ 1609784419635927906796951 ], [ 1710624869 ], [ 5148504402655266500473 ], 
  [ 1797574693493851684309 ], 
  [ 81495732934227497966879, 1680183584559645524866169119, 2569387624734378336428326361 ], 
  [ 32328827612101 ], [ 49662087530828760786641094069989690657 ], 
  [ 4584860028673, 3484560361355231159 ],,,,, 
  [ 1318703534097625418025020176480572155117265629 ], [ 17222023249 ],,,, 
  [ 5210673347911737682369, 5961099541969470902083 ], 
  [ 5295978953, 739148783033, 680847216657169, 944544569297473, 3825949380200076705137 ],,, 
  [ 27539021693, 74509025315999 ], [ 12789156349 ], 
  [ 2403586117, 162979978957, 452365582555002166189 ], [ 113153489287303 ], 
  [ 110001094572290741 ], [ 5905290455887873, 1682113122998027696118348001 ],, 
  [ 28692213721333, 6674624145563566067, 935227073934958532685499207, 
      17268828493872879548251905643 ],, 
  [ 3477331301, 45714820158998401, 4549173871457928474844288692334987299754839831414701 ], 
  [ 19297196085775921 ], [ 56863882489, 247685612641, 4806352176949, 117434718476557 ],, 
  [ 108375821927505497, 48914014137681654937692809, 1270573423859890917495783601, 
      132353051749916392560650829670366122351257 ],,, [ 258743157919517 ], 
  [ 413539792529401 ], [ 102269900857631135281799 ], 
  [ 559137071355135140912444692671328418675708198117349391 ], [ 161732813367902073061 ], 
  [ 11761426769 ],, [ 168550348776645934003093, 156831381699619382103786413507227 ],,,, 
  [ 69120599532583 ],, [ 35340446386235401, 1930673223542192281, 7594066202037353641 ], 
  [ 437061317710394147 ], [ 1878552364523 ],, 
  [ 94151793097, 75397679552909202384425641, 89378486189566580946613669 ],, 
  [ 107440727689, 31657719773925633948933493 ], [ 13336056430702223 ],,, 
  [ 65113076605201, 1263470187187781, 6606870227243544701, 8190202980294003631, 
      198483159566679379471, 271900055043011678401 ], [ 539323326629655787 ],, 
  [ 1115979098412719125523 ], [ 1315117541, 42465774511, 12527270116129930410758419 ],, 
  [ 2690164772296289 ],,,,, [ 104495964440786409837608887 ], [ 2215792272687049119541 ],, 
  [ 4703587504168196044561393 ], [ 52179679375529454598731638831 ],,,, 
  [ 220937529887, 470837931488429, 522008666064540233 ], 
  [ 19924023390989436151670982233698051 ],, [ 218820440190870073 ],,,, 
  [ 516793210337365906933 ], [ 552330956491 ], [ 481717680343536701, 886503953876120137 ],, 
  [ 183087651779362970561, 476066947609595551507201 ], [ 387101090015249 ],, [ 96102181243 ],
  [ 1704801019465116409 ], [ 16644514068736859911 ], [ 788309258886868793 ],, 
  [ 5615902993, 55754613955183646123889409 ],, [ 140260605281 ],, [ 27256693996159981 ], 
  [ 5529172037 ],, [ 364662816325151, 9958610076649908078848552201 ], [ 176935850486561 ],, 
  [ 17782329202369 ],, 
  [ 14564056998781, 351897429098557216849309201, 5786729628814024956479346481, 
      2364030096380860493131430991925470761339281 ], [ 36990003099497530651 ],,,,, 
  [ 2753161082000105137208670771397 ], [ 2038955546380567 ], 
  [ 1190756952886244201, 1551925439324803741201 ], [ 457451520247, 3369973696363 ], 
  [ 180239371681, 10032808621571, 1049020900174324301064851 ],,,, 
  [ 8485024673977043076418531 ], [ 10113426724018558557241 ], [ 1925383853, 35012531933 ], 
  [ 3075706935118667 ], [ 336586771621, 821209689562775376526929883 ], [ 203055510551 ],, 
  [ 138125957297336379883, 28641105653136218706829 ], [ 974902937148310091 ],,,, 
  [ 403355904111439 ],, [ 908238276217763136881 ],,,, [ 53103170392117 ], 
  [ 1276056571813, 592330329855301567, 643345595051905146391 ], [ 10730330451977 ], 
  [ 2619380733502026466044581 ], [ 74698791934871237689 ],, [ 14906195593, 189545840406521 ],
  , [ 24450471541, 2103738628421 ],,, [ 59231661091, 1322259817061 ],, 
  [ 8488518169107885301, 34332043048814591551 ], [ 125052288736482776443 ],,,, 
  [ 385050187609775551 ], [ 28623811063 ],, [ 2441295713 ], [ 1356794790668191837 ],, 
  [ 1690764294084473958797 ],, [ 9181900530456749091193824271 ], [ 5076123413873233 ],, 
  [ 421661356943463401 ], [ 2939103549911299 ], [ 7889074338327283 ], 
  [ 131141287472969, 32748400930953049, 7597275192352138597 ], [ 38304250601 ], 
  [ 6727607496152149 ], [ 6713747156254711, 9739985481126889 ],,,,,, [ 168600838465951 ], 
  [ 188723677372313 ], [ 1125959026981, 486797375495623561 ],,,, [ 957125851050349 ], 
  [ 9923187301, 25197012101 ], [ 2688038627301042607 ], [ 5514008771 ],,, 
  [ 10199135614198250715181 ], [ 727125544121319004663 ],, 
  [ 2086433201895649, 2201175527385997, 6717398557806151313653 ],, 
  [ 26775593986591, 131069048964833594964961 ], [ 2026682078127227, 22180081405589053 ],, 
  [ 115532162032295737 ], [ 9005999709709843 ], [ 2144718961293151 ],, 
  [ 4897829239, 22129695647, 57719748891944021 ],, [ 1070654131 ], [ 7782034961 ], 
  [ 9466143103 ], [ 72358845019 ], [ 6315750789785421539 ], [ 63445147454237 ], 
  [ 332264814102721 ], [ 56128191912933567857 ],,,, 
  [ 79050627301, 254531673959889607479921251 ],, [ 382471156605493 ], [ 250428773954123 ], 
  [ 1643978617 ],,, [ 158682762019, 489870319040667181, 4375222806531198403 ], 
  [ 524890698102497 ],,, [ 2009686099, 12003618447857 ],,,,, 
  [ 15667890031, 97980976927, 133814594310211 ],, 
  [ 298274598814609957, 1871798406813785634493 ],,, 
  [ 19153266527, 1390720332539, 2452358269542991 ], [ 496941843841, 716577045601 ],, 
  [ 1563175312912559, 659737777970597141 ], [ 7936266241 ],,, 
  [ 118921699784113, 122484779992387 ], [ 12313133317, 141699567131 ], 
  [ 10325666545713601, 1271330897001905769424001 ], [ 272476576111627 ], 
  [ 28778312235527, 671637574666129, 11302150016602999 ],, [ 144275134177 ], 
  [ 500468027269601 ], [ 2179872677, 2852320049 ],, [ 3348364057 ],,, 
  [ 8690695619, 310864583770801, 713928746541841 ], [ 32162673504529 ],,,,,, 
  [ 11319148829, 535383734549, 441761553036792080717 ], [ 8913627574351 ], 
  [ 475234860646241, 1926816632290255421 ],, [ 85988699191 ], [ 73985861461 ], 
  [ 2312330269530977 ], [ 10358852469541, 512997068115781 ],,, 
  [ 18945982733442277, 146676857920139557 ],, [ 520017359051 ], [ 69209480986309 ],,,,,,, 
  [ 12088080178257996331, 70168853105095953239 ], [ 159059194799862233 ], 
  [ 80884669448454841 ],, [ 8410648856803 ],,,,,, 
  [ 2565994817, 16987376801, 19367327009, 445220078561 ],, 
  [ 14443697663071, 286063154306387951 ],,, [ 2284479080979617 ],,, 
  [ 11185027289, 29109704177 ], [ 8100871949, 325377603930913 ], 
  [ 2386497307321, 775072583724210032143 ], [ 5053939229 ], [ 46736261256546061 ],,,,, 
  [ 2458564571 ],,,,, [ 59779811521, 443460208634431, 9584235626226577128137911 ],,,, 
  [ 4567516117789, 115793580729539, 301996310362859617 ],,,,, [ 2266434913, 153246525097 ], 
  [ 750084928001 ],,,, [ 7525091772666608816581 ],,,, [ 3350052279976705184969473 ], 
  [ 4397491927 ], [ 2083796393891 ],, [ 1028294205877, 81624766710013, 10911327813450637 ], 
  [ 91256119039 ],, [ 14145522341 ], [ 13778905305838817 ], 
  [ 29696565259330687, 105229645883782339 ], [ 1645347220243 ],,,, [ 1293461651491046702129 ]
   ,, [ 1704871932268510169 ],,, [ 3130573559 ],, [ 96354225397, 524440445626813 ], 
  [ 577081373581, 398803744024571 ],, [ 18349479937, 2913814422577 ],, [ 110594917133 ],,, 
  [ 222581475644401, 495354426939747821 ], [ 4737246379, 100284344896711 ], 
  [ 22830063663493 ], [ 199853812065601 ],, [ 20604057082363, 11276992121001491 ],,,, 
  [ 48635131659739 ], [ 80312295109 ],, [ 950773478079877 ], [ 1318446531857701 ], 
  [ 320826850741 ],,, [ 26123258967461 ], [ 1849790710951 ],,, [ 23470950586001 ], 
  [ 179301350182069 ], [ 15594539581 ],, [ 5259078811603, 24657721882333 ], [ 167981053151 ],
  ,, [ 19290208403 ], [ 1148861882429 ], [ 6205354741, 481786958502039736261 ],, 
  [ 1264840446421 ],, [ 94592182253353 ],,, [ 1787907601 ],, [ 13476991051, 335219117743 ],,,
  ,, [ 269459224377397 ],,, [ 5829667021 ],,, [ 7331312242486515113 ], [ 3851539063 ],,, 
  [ 5620634825101489 ],,, [ 3398369093461 ], [ 32172412753954906529 ], [ 2965718281 ], 
  [ 1874999004019 ],, [ 2104571539001 ], [ 34722159709 ],,, [ 16840582921 ],,, 
  [ 9105532343077 ], [ 1941366153329 ],,,,, [ 489039754674907 ], [ 14654607845279023 ],,,,,, 
  [ 22215160241 ],,,, [ 13027510889, 52915854154333, 372775266327699133 ],, 
  [ 927118769555659 ],,,, [ 275108993161 ],, [ 379872878981, 49588242219181 ],, 
  [ 1093566319, 157627534621003, 2633939674850413 ],,,,,, [ 103581994204461061 ],, 
  [ 4085168185429618778923 ], [ 445571321449 ],,, [ 52299676445171611 ], 
  [ 58711175069, 146966583749 ],, [ 2667910497139 ], [ 1994359951 ],, [ 599372895250321 ],,,
  , [ 5571770927332829 ], [ 279862095599 ],,,,,,, [ 248585687461, 3914432624629 ],, 
  [ 3616972627 ],, [ 63058977169 ], [ 1727798089 ], [ 1626875191 ],, 
  [ 59600661121, 30545592500281 ],, [ 23058087991, 834417491148781 ],, [ 148127210638008769 ]
   ,, [ 40852374441161939, 284895160640172847 ],,,,,, [ 40141032097 ],,, [ 1347002989 ], 
  [ 316082172477069517 ],, 
  [ 43485703381, 5223814033400311, 1804760985578345401, 401391403147299003721 ],, 
  [ 24771897900837457 ],, [ 8137661599 ],,,,,, [ 167191369620432601 ],,,, 
  [ 86956531176797, 1136621147398359798560153 ],, [ 117044118075132787723 ],,,, 
  [ 4061122776537731 ],, [ 60520036177, 112069970354917 ],,,,,, [ 274732618711753 ],,,,,,,,, 
  [ 40750896913 ],,,,,,,,, [ 1738047625261 ],,,, [ 26986357121 ],, [ 140011703773 ],, 
  [ 3616651193, 33160448077 ], [ 3957135631, 69290135757571 ],,,,,, [ 26299872691 ],,, 
  [ 11122479960169 ],, [ 1233268849 ],,,, [ 12055057081 ],,,,,,,, [ 30562638850493 ],, 
  [ 964896128083171 ],, [ 4118253767713 ],,,,, [ 2270224721 ], [ 474662213959 ],,,,,, 
  [ 3607419421 ],, [ 4660702523 ],,,,,,,,,, [ 37617259753, 115424829275113 ],, 
  [ 53678255903161 ],, [ 885780973001 ],,,,,,,, [ 41732187037, 1174901716139497 ],,,, 
  [ 25116670725415249 ],, [ 4051423301069573437 ],, [ 21388559738809 ],, [ 4571707759 ],,,,,,
  ,, [ 5215178767129, 141650062300627 ],, [ 92845200449 ], [ 199480821877 ],, 
  [ 2312290429, 67883744821 ],,,,,,,,, [ 3283084741 ],, [ 2792942440005019 ], 
  [ 1087026833 ], [ 3462560377 ],,,,, [ 1423249801 ], [ 558345217501, 44368910426251 ],,,,,,,
  ,,,,, [ 156942577796209 ], [ 16718535541, 42758863351 ],,, [ 1604530251959 ],,,,,,,, 
  [ 5956174474867 ],,,, [ 849320458165903 ],, [ 30822282661, 2767800858421 ],, 
  [ 7724443511 ], [ 2439331579 ],, [ 660780460181 ],,, [ 24115848773 ],, [ 3850821764701 ],,,
  ,,, [ 11794678261, 2702829670157 ], [ 4372007261 ], [ 1467463933531 ],,,, [ 860683497287 ],
  ,,, [ 1226234699, 2701604803, 48169804957 ],, [ 33898512461299289 ],, 
  [ 1767209401, 98070212751826501 ],,,,,,,,, [ 88340227584337 ],,, [ 20793382693 ],, 
  [ 34051794233 ],,,, [ 4768387914457, 3522744092188333 ],,,, [ 5300491457 ], 
  [ 53727776957 ], [ 196240169143 ], [ 4188393401 ], [ 94448059732181 ],,,, 
  [ 2574656281, 1696365625328897881 ],,,,,,, [ 3010625927, 16947047041 ],,, 
  [ 1394857010727751 ], [ 307794694093 ], [ 101623278949, 12903105207361 ],, [ 6104057233 ], 
  [ 84246296401 ], [ 1885404449953 ],, [ 496790142421 ],, [ 134912321981 ],, 
  [ 8615090317807 ],,,, [ 1853214887, 90907342843 ],,,,,,,,, [ 114223233251 ], 
  [ 935123752369 ],,, [ 523303754521 ],,,,,,, [ 366470955259 ],, 
  [ 52132331929, 298058695393 ],, [ 14720389961 ],,,,,,,,,,,,, [ 3095801857, 6200046763 ], 
  [ 104873170914321209 ],,,, [ 17665681169, 64237819366801 ],, [ 214430290621 ],,,, 
  [ 152698610572819 ],,,,, [ 104588526397 ], [ 743542022823401 ],, [ 6197965211 ],,,, 
  [ 137221513937413 ],,,, [ 2464410024361, 23617568147311 ],,, [ 1687818990811 ],,, 
  [ 48455084809 ],,,,,, [ 1156340802820081 ],,, [ 1312975441 ],, 
  [ 2883195823709, 2913463733539 ],, [ 50120351243 ], [ 1379157751 ],,, [ 25446697229 ],,,,,,
  ,,,,,,,,,,, [ 649627328745581, 37740761959352471 ],,, [ 15681473207 ],,,,, [ 8761444297 ],,
  ,, [ 12433156423423 ],,,,,,,,, [ 1037687993 ],,, [ 17174211727, 37383664081 ],,, 
  [ 7876126523 ], [ 102813364854677 ], [ 3787810399 ],,,,, [ 1682932913 ],, [ 96788060777 ],,
  ,, [ 9562172981 ],,,,,,,,,,,,,,,,,,,,, [ 2602724447 ],,,, [ 1463175361 ],,,,,,,, 
  [ 14705761813 ],,,,, [ 1073570754601 ], [ 3547659257 ], [ 1084238081851 ],,,,,, 
  [ 1003757569, 27612147553, 16955657869921 ],,,,,,,,, [ 8598833431 ],,,,,, [ 7672770379 ],,,
  ,,,,,, [ 18372648961 ],,,,,,,,,,, [ 110049564943 ], [ 4967447941 ],, [ 136707049561 ], 
  [ 5613565681 ],,,,,,,,,,,,,,,,,,, [ 2386074373 ],, [ 4694254237, 10379811097 ],,,,, 
  [ 5789497697699 ],,,,,, [ 1095371873 ],,,,,,, [ 20407653379 ],,,, [ 10631203967 ],, 
  [ 25296043681 ],,, [ 1195191667 ],,,,,,,,,,, [ 55688288347 ], [ 1265882311, 288924952471 ],
  [ 58646499497 ],,,,,,,, [ 13020949813, 13888520917 ],,, [ 149400710059 ],,,,,,,,,,,, 
  [ 40375182763 ],,,,,,, [ 21852390383 ],, [ 123772673377 ], [ 7264117027 ],,,,,,,,,,,,,,,,,,
  ,, [ 16603342081 ],, [ 285001097179 ],,,,,,, [ 2648050147, 547510703587 ],,,, 
  [ 1396175327, 821087419231 ],,,,, [ 10859757367 ], [ 2748110501 ],,,,,,,,,,,,,,,,, 
  [ 24571476871 ], [ 13015921604953 ],,,,,,,, [ 1242315229, 378348058111, 736415525341 ],,,,,
  ,,, [ 34743830088043 ],, [ 1978661809 ],,, [ 1245367243 ],, [ 27446591881 ], 
  [ 2988946271 ],,,,,,,,,,,,,,,,,,,,,, [ 5386289861 ], [ 1966019431 ], [ 1495194555571 ],,,, 
  [ 17023434847 ],,,,,,,, [ 15879224327 ],,,,,,, [ 1225835183, 13365893581, 50887113811 ],,,,
  ,,, [ 2226038761, 3846083602681 ],,,,,,,,,,,, [ 10131824157877 ],,,,,,,, [ 113430368861 ],,
  ,,, [ 22583149871 ],,,,,,, [ 99062643473 ],,, [ 92252914861 ], [ 6800167789 ],,,,,, 
  [ 1121039047 ], [ 3947038099 ],,,, [ 2001927757 ],,,, [ 43690696219 ],,,, 
  [ 23944356155501 ],,,,,,,,, [ 16745353697 ],,,,,,,, [ 11439219361 ],,, [ 29921168071 ], 
  [ 39162813037 ],,,,,,,,,,,,, [ 53417605027 ], [ 76595236831 ],,,,,, [ 11960974657 ],,,,,,,,
  ,,,,,,,,,, [ 4229868067729 ],, [ 1318582589, 2966039333 ],,,,,, [ 18146076089 ],,, 
  [ 51086249671 ],, [ 11912334893 ],,,,,,,,,,,,,,,, [ 1375383857 ],,,,,, [ 9950393012743 ], 
  [ 1085192221 ], [ 4670922199 ],, [ 50387767749829 ],,,,,,,,,,,,,,,,, [ 8664874481 ],,,,,, 
  [ 1460218673 ],,,,,,, [ 1077921541 ],,,,,,,,,,,,,,,,,,, [ 6088706209 ],,,, [ 98329973869 ],
  [ 131889791767087 ],,,,,,,,,,,,,, [ 9844752469 ],,,,,,,,,,,,, [ 3692420551 ],,,,, 
  [ 201635750047 ],,,, [ 1236920689 ], [ 322791230821 ],,,,,,,, [ 401161816141 ],, 
  [ 9906897661 ],,,, [ 48030819997 ],,, [ 13857284767 ],, [ 2269189343 ],,,,,,,,,, 
  [ 3626802217 ],, [ 6183148291, 24247470721 ],,,,,,, [ 410933305351 ],,,,,, [ 1590426169 ],,
  , [ 3064073671 ],,,,,,,,,,,,, [ 1370425393 ],,,,,,,,,,,,,,,,, [ 59223033601 ],,,,,,,,,,,,,,
  ,,, [ 25843819669 ], [ 4188244343221 ], [ 4207223521 ], [ 6064154867 ],,,,,,, 
  [ 1076358733 ],,,,,,,,,,,,,,,,,,,, [ 2660750513 ],,,,,,, [ 17532496921 ],,,,,,,,,, 
  [ 7685809231 ],,,,,, [ 15692008751 ],,,, [ 9057436361 ], [ 1876923631441 ],,,,,,,,,,,,,, 
  [ 185209717201 ],, [ 19684188661 ],, [ 21533710213 ],,,,,, [ 12576225841 ],, 
  [ 432544967011 ],,,, [ 1448895318193 ], [ 3116183299 ],,,, [ 3174979739 ],,, 
  [ 29499812123 ],,,,,,,,,, [ 2636253901 ],,,, [ 79959021689 ], [ 14279028353, 20853304573 ],
  ,,, [ 8595709669 ],,,,,,,,, [ 484924654369 ], [ 5038604663 ], [ 12142792433 ],,,,,,,,,,,, 
  [ 23204104481 ],,, [ 6258559091 ],,,,,,, [ 1368687937 ],,,,,,,,, [ 34875758611 ], 
  [ 1605565553, 14968946593 ],,,,,,, [ 1109211643 ],, [ 4540736353051 ],, [ 27007313257 ],,,,
  ,,,, [ 1207613501, 31331993761 ],,,,,,,,,, [ 38733789781 ],,,, [ 1340539793 ],, 
  [ 19765325989 ],,,,, [ 144604078081 ],,,,,, [ 1709684677 ],,,,,,,,,,,,,,,,,,, 
  [ 171771813973 ],,,,,,,,,,,,,,,,,,,,,,,,,,,,,,,,,, [ 862368583301 ],,,, [ 4425636181 ],,,,,
  ,,,,,, [ 2718902941, 2235956027856721 ], [ 8090538559 ], [ 9360182581 ],,,,,, 
  [ 170363298943 ],, [ 600463453361 ],,,,,,,,,, [ 1320924151 ],, [ 772092664801 ],,,,,,,,,,,,
  ,,,,,, [ 4607493131 ],,,,,,,,,,,,,,,,,,,,,,,,,,,,,,,,,,,,,,,,,,,,,,,,,,,,,,,,,,,,,, 
  [ 175452237361 ],,,,,,,,,,,,,,,,,, [ 76993332151 ],,,,,, [ 16478167544081 ], 
  [ 3878547553, 126466418592119 ],,,,,,, [ 2115280081 ],,,,,,,,,,, [ 3936768851 ], 
  [ 544844395957 ],,,,,, [ 304583928949 ],,, [ 31943179951, 34718002201 ],,,,,,, 
  [ 3626525933 ],, [ 673799329297 ],,, [ 10885304719 ], [ 7616862431 ],,,,,,, [ 3510626381 ],
  ,,,,,,,,,,,,,,,,,,,,, [ 9161554783 ],,,,,,,,,,,,,,,,,,,,,,,,,,,, [ 10252093561 ],,, 
  [ 2319465877 ],, [ 3965176801, 22070970721 ],,, [ 12899708053 ],,,,, [ 38129212201 ],,,,,, 
  [ 86494692259 ],,, [ 14603202797 ],,,,, [ 673788702199 ],,, [ 10772050001 ],,,,,,,,, 
  [ 16949422289 ],, [ 239307244381 ],,,,,, [ 17371478911 ],,,,,,,, [ 569883413581 ],, 
  [ 2720827788953 ],,,,,, [ 2786196151 ],,,, [ 7843500017 ], [ 29489028661 ], 
  [ 28935169633 ],, [ 249133056313 ],, [ 208979234753 ],,,,, [ 225956131171 ],,,,,,,,,,,, 
  [ 20368858061 ],, [ 152148378649 ],,,,,, [ 32195464627 ], [ 243418536859 ],,,,,,, 
  [ 2370726331, 11650955611 ],,, [ 119387586713 ],,,, [ 24973527755233 ],,,,,,,, 
  [ 41021736361, 350530372013 ],,,,,,,,,,,,,,,,,,,, [ 18394727737 ],,,,,,,,, [ 3353304781 ],,
  ,,,,,,, [ 5908148767 ],,,,,,,,,,,,,,,,,,,,, [ 26930451641 ],,,,,,,, [ 1317478273 ],,,,,,,,,
  ,,,,,, [ 2939232117975823 ],,,,,,,,,,,,,,,,,, [ 11397192049 ],,,, [ 159686556961 ],,,,,,,, 
  [ 54429626689 ],,,,,,,,,, [ 1018691983 ],,,, [ 44820801169 ],,,,,, [ 1808228813497 ],,,,,,,
  ,,,,, [ 8484345761, 15154724861 ],,,,,,,, [ 38038300849 ],, [ 1022189221 ],,,,,,,,,,,,,,,,,
  ,,,,,,,,,,,,,,,, [ 11379119113 ],,,,,,,,,,,,,,,,,,,,,,,,,,,,,,,,,,,,,,,,,,, 
  [ 973402800847 ],,,, [ 1661040191, 255302313191 ],,,,,, [ 11191749197 ],, [ 10366165351 ],,
  ,, [ 21616904110933 ],,,,,, [ 1738586497 ],,,,,,,,,,,,, [ 1517007493 ],,,,,,,,,,,,,,, 
  [ 77554939249 ],,,,,,,, [ 2262806921 ],,,,,,,,,,,,,, [ 85477127017 ],,,,,,,,,,,, 
  [ 2890015241 ],,,,,, [ 539080881901 ],,,,,, [ 1017558937 ],,,,,,,,,,,,,,,, [ 1879493617 ],,
  ,,,,,,,,,,,,,,, [ 5309087591 ],,,,,,,,, [ 4242945781, 27834958537 ],,,,,,,,,,, 
  [ 3725097751 ],,,,,,,,,,,,,,,,,,,,,,,,,,,,,,, [ 7630920629 ],,,,, [ 28055187343 ],,,,, 
  [ 1657018217 ],,,,,,,,,,,,,,,, [ 2024131033 ],,,,,,,,,,,,,,, [ 1328288977 ],,,,,,,,,,,,,,, 
  [ 44599926967 ],, [ 9732659187497 ],,,, [ 7262419897 ],,,,,,,,,,,,,,,,,, [ 136019161933 ],,
  ,,,,,,,,,,,,,,,,,,,,,,,,,,,, [ 1644165433 ],,,,,,,,,, [ 18930375953 ],,,,,,,,,,, 
  [ 1351512091 ], [ 2983723763 ],,,,,,,,,,,,,,,,,,,,,,, [ 73927962211 ],,,,,, [ 4139646187 ],
  ,, [ 3166669201 ],,,, [ 54614378029 ],,,,,,,,,,,,,, [ 1349514457 ],,,,,, [ 604059854869 ],,
  ,,,,,,,,,, [ 5250975991 ],,,,,,,, [ 1278056963 ], [ 40916580931 ],,,,,,,,,,, 
  [ 3367396604681 ],,,,,, [ 1431058721 ],, [ 1742056223, 34466657957 ],, 
  [ 1114145281, 10293532489 ],,, [ 5613513616343683 ],,,,,,,,,,, [ 29808252451 ],,,, 
  [ 1211615937757 ],,,, [ 928261164637 ],,,,,,,,,,,,,,,, [ 2521865249 ],,,,,,,,,, 
  [ 2355395953 ],, [ 192658971019 ],,,,,,,,,,,,,, [ 8853687281, 48338037641 ],,,, 
  [ 2861303580649 ], [ 19421723401, 147862524241 ],,,,,,,,,,,,,,,,,, [ 372577903699 ],,,,,,,,
  , [ 5515487053 ],,,,,,,, [ 76077732041 ],,,, [ 23267968417 ],,,,,,,,,,,,,,,,,,,,,,,,,,,,,, 
  [ 1242074017 ],,,,,, [ 199394101261 ],,,,,,,, [ 3145494613 ],, [ 251354650531 ],,,,,,,,,, 
  [ 10345972561, 190082572681 ],,,, [ 1514789869 ],,,,,,,,,,,,,,,,,,,,, [ 2752157673901 ],,,,
  ,,, [ 69109024241 ],,,,,,,,,,,,,,,,,, [ 3487073531 ],,,,,,,,,,,,,,,,,,,,,,,,,,,,,,,,,,,,,,,
  ,,,,,,,,,,,,, [ 1924947719 ],,,, [ 1001987443 ],,,,,,,, [ 42697628357 ], 
  [ 5476664521, 11321891461, 2139845147551 ],,,,,, [ 1139933719 ],,,,,,,,,,,,,,,,,,,,,,,,,,,,
  ,,, [ 1360536257 ],,,, [ 4498065889 ],, [ 63568953509 ],,,,,,,,,,,,,,,,,,,,,,,,,, 
  [ 12922202113 ],,,,,,,,,, [ 170101619461 ],, [ 8783981389 ],,,,,,,, [ 8980754801 ],,,, 
  [ 3549014593 ],,,,,,,,,,,,,,,,,, [ 160580608963 ],,,, [ 86284692731 ],, 
  [ 8807356513, 23737600801 ],,,, [ 117719432513, 307559321653 ],, [ 1285293661 ],,,, 
  [ 10976522503 ],,,,,,,,,,,, [ 283803562697 ],,,, [ 3422334571 ], [ 23677596937 ], 
  [ 1269684301 ],,,, [ 3018294401 ],,,,,,,,,,,,,,,, [ 11148799201 ],, [ 1256947579 ],,,,,,,,,
  ,,,,,,,,,,, [ 6127910059 ],,,,,,,,,, [ 4766770817 ],,,, [ 6347823577 ],,,,,,,,, 
  [ 22974781231 ],,,,,,,,,,,,, [ 37891216549 ],,,,,, [ 69497140289 ],,,,,,,, 
  [ 8190004681, 63740418457 ],, [ 1675895021 ], [ 22804556331181 ],,,,,,,,,,,,,,,,,,,,,,,,,,,
  ,,,,,,,, [ 7753760111 ],,,,,, [ 154955867089 ],, [ 5228971277 ],, 
  [ 8694160561, 38306653321 ],,,,,,,,,,,,,,,,,,,,,, [ 1400688086587 ],, [ 1774150371313 ],, 
  [ 13554125881 ],,,,,, [ 3157677833 ],,,,,,,,,,,,,,,, [ 44489551177 ],,,,,,,,,,,,,,,,,, 
  [ 10698182713 ],,,,,,,,,,,,,,,,,,,,,, [ 2237546321 ],,,,,,,,,,,,,,,,,,,,,,,,,,,, 
  [ 2665161017 ],,,,,,,,,,,,,, [ 36190740961 ],,,,,,,,,,,,,,,,,,,,,,,,,,,,,,,,,,,,,, 
  [ 45044106817 ],,,,,,,,,,,,,,,,,,,,,, [ 7878066041 ],,,,,,,,,,,,,,,,,,,,,,,,,,,,,, 
  [ 1389385660601 ],,,,,, [ 1928020559, 3254583259 ],,,,,, [ 3246144001 ],,,,,,,,,,,,,,,,,,,,
  ,,,,,, [ 10651281481 ],, [ 6402700481 ],,,,,,,,,,,,,,,,,,,,,,,, [ 110501215961 ],,,,,,,,,,,
  ,,, [ 1390243553 ],,,,,,,, [ 1781808967 ],,,,,,,,, [ 20904484261 ],,,,, [ 10728524801 ],,,,
  ,,,,,, [ 8109082081, 39743416831 ],,,,,,,,,,,,,,, [ 5863656151, 114497557651 ],,, 
  [ 3108083353 ],, [ 2345633711 ],,,, [ 4627007575381 ],,,,,,,, [ 127353705718783 ],,,, 
  [ 43930996537 ],,,,,,,,,,,,,, [ 1246154681 ],,,,,, [ 2271847169 ],,,,,,,, [ 6073938363299 ]
   ,,,,,,,,,, [ 1476479297 ],,,,,,,,,, [ 1922487271 ],,,, [ 4748902217 ],, [ 3540474601 ],,,,
  ,,,, [ 7784556233 ],, [ 6685289198941 ],,,,,,,, [ 6656270611 ],,,,,,,,,,,,,,,,,,,,,,,,,,,,,
  ,,,,,,,,,,,,,,,,,,,,,,,,,,,,,,,,,,,,,,,,,,,,,,,,,,,,,,, [ 4990277893 ],, 
  [ 6554840293, 7113854749 ],,,,,,,,,,,,,,,,,,,,,,,,,,,,,,,,,,,,,,,, [ 24892247533 ],,,,,,,,,
  ,,,,,,,,, [ 33719839981 ],,,,,,,,,,,, [ 16198012153 ],,,,,,,, 
  [ 24816759839, 1660138574537 ],,,,,, [ 188994972937 ],,,,,,,,,,,,,,,, [ 7178934313 ],,,,,, 
  [ 22627444711 ],,,,,,,,,,,,,,,,,,,,,,,,,,,,,,,,,,,,,, [ 19431915757 ],,,, [ 7381160872633 ]
   ,,,,,,,,,,,, [ 1529345593, 93612383041 ],,,,,,,,,,,,,,,, [ 2096849030321 ],,,,,, 
  [ 38721529757 ],,,, [ 1866138011 ],,,,,,,,,,,, [ 2139902117 ],,,,,,,,,, [ 7304033413 ],,,,,
  ,,,,,,,,,,,,,,,,,,,,, [ 1261565589623 ],, [ 2648282801, 10911788401 ],,,,,,,,,,,,,, 
  [ 50479121089 ],,,,,,,,,,,, [ 1948696003 ],,,,,,,,,,,,,,,,,,,,,,,,,,,,,,,, [ 6161513947 ],
  , [ 11341950901 ],,,,,,,,,,,,,,,,,,,,,,,,,,,,,, [ 16724694281 ],,,,,,,,,,,,,,,,,,,,,,,, 
  [ 1909781959 ],,,,,, [ 1512518881 ],,,,,,,, [ 20226622417 ],,,,,, [ 6732823843 ],,,,,,,,,,,
  ,,,,,,, [ 7722585361 ],,,,,, [ 368589967717 ],,,,,,,,,,,, [ 2599580341 ],,,,,,,,,,,,,,,,,,,
  ,,,,,,,,,,,,,,,,,,,,,,,,,,,,,,,,,,,,,,,,,,,,,,,,,,,,,,,,,,,,,,,,,,,,,,,,,,,,,,,,, 
  [ 2612845951 ],,,,,,,, [ 1688227507, 2932810003 ],,,, [ 12334017277 ],,,,,,,, 
  [ 126241124941 ],,,,,,,,,,,,,,,,,,,, [ 5194543901 ],,,,,,,,,,,,,,,,,,,,,,,,,,,, 
  [ 24788611051, 81091171519 ],,,,,,,,,,,,,,,,,,,,,,,,,,,,,,,,,,,,,,,,,,,,,,,,,,,,,,,,,,,, 
  [ 6537024463 ],,,,,,,,,,,,,,,,,,,,,,,,,,,,,,,,,,,,,,,,,,,,,,,,,,,,,,,,,,,,,,,,,,,,,,,,,,,,,
  ,,,,,,,,,,,,, [ 3167074441, 162657369817 ],,,,,,,,,,,,,,,,,,,,,,,, [ 23617121617 ],,,,,,,,,
  ,,, [ 1099685521809829 ],,,,,,,,,,,,,,,,,,,,,,,,,,,,,, [ 4155623730649 ],,,,,,,,,,,,,,,,,,,
  ,,,,, [ 856492444039 ],,,,,,,,,,,, [ 292715368681 ],,,,,, [ 2534726533 ],,,,,, 
  [ 9334315603 ],,,,,,,, [ 2200212093301 ],,,,,,,,,,,,,,,,,,,,,,,,,,,,,,,,,,,,,,,,,,,,,,,,,,,
  ,,,,,,, [ 8501721037 ],,,,,,,,,,,,,,,,,,,,,,,,,,,,,, [ 1805885857 ],,,,,, [ 42281458801 ],,
  ,,,,,,,,,, [ 3932090401 ],,,, [ 45175060001 ],,,,,,,,,,,,,,,,,,,,,,,,,,,,,,,,,,,,,,,,,,,,,,
  ,,,,,,,,,,,,,,,,,,,,,,,,,,,,,,,,,,,,,,,, [ 33528792889 ],,,,,,,,,,,,,,,,,, [ 8963264809 ],,
  ,,,,,,,,,,,,,,,,,,,,,, [ 20706010355617 ],,,,,,,,,,,,,,,,,, [ 12934018813 ],,,,,,,,,,,,,,,,
  ,,,,,,,,,,,,,,,,,,,,,,,,,,,,,,,,,,,,,,,,,,,,,,,,,,,,,,,,,,,,,, [ 6893652097 ],,,,,,,,,, 
  [ 2999453490559 ],,,,,,,,,,,,,,,,,,,,,,,,,,,,,,,,,,,,,,,,,,,,,,,,,, [ 264968963101 ],,,,,,,
  ,,,,, [ 1013887657, 13993973857, 28995575473 ],,,,,,,,,,,,,, [ 8456431721 ],,,,,,,,,,,,,,,
  , [ 20011289491 ],,,,,,,,,,,,,,,,,,,,,,,,,,,,,,,,,,,,,,,,,,,,,,,,,,,,,, [ 1906486801 ],,,,,
  ,,,,,,,,,,,,,,,,,,,,,,,,, [ 1563695671 ],,,,,,,,,,,,,,,,,,,,,,,,,,,,,,,,,,,,,,,,,,,,,,,,,,,
  ,,, [ 7733729041 ],,,,,,,,,,,,,,,,,, [ 3804094051 ],,,,,,,,,,,, [ 375997418317 ],,,,,,,,,,,
  ,,,,,,,,,,,,,,,,,,, [ 1384298701 ],,,,,, [ 2590835311 ],,,,,,,,,,,, [ 80745838951 ],,,,,,,,
  ,,,, [ 5480144041 ],,,,,,,,,,,,,,,,,,,,,,,,,,,,,,,,,,,, [ 17139121501 ],,,,,,,,,,,,,,,,,,,,
  ,,,,,,,,,,,,,,,,,,,,,,,,,,,,,,,,,,,,,,,,,,,,,,,,,,,,,,,,,,,,,,,, [ 179350519303 ],,,,,,,,,,
  ,,,,,,,,,,,,,, [ 110649386977 ],,,,,,,,,,,,,,,,,, [ 493312971757 ],,,,,, [ 1092540643 ],,,,
  ,,,,,,,,,,,,,, [ 8918499301 ],,,,,,,,,,,, [ 18234120577 ],,,,,,,, [ 2120009321 ],,,,,,,,,,,
  ,,,,,,,,, [ 16525810141, 965493353581 ],,,,,,,,,,,,,,,,,,,,,,,,,, [ 3669886021 ],,,,,,,,,,,
  , [ 313936588243 ],,,,,,,,,,,,,,,,,,,,,,,, [ 312859702669 ],,,,,,,,,,,,,,,,,,,,,,,,,,,,,,,,
  ,,,,,,,,,,,,,,,, [ 30644107651 ],,,,,,,,,,,, [ 118987274617 ],,,,,,,,,,,,,,,,,,,,,,,,,,,,,,
  ,,,,,,,,,,,, [ 52389752113, 4331049347377 ],,,,,,,,,,,,,,,,,,,,,,,,,,,,,,,,,,,,,,,,,,,,,,,,
  ,,,,,,,,,,,,,,,,,,,,,,,,,,,,,,,,,,,,,,,,,,,,,,,,,,,,,, [ 2057948494603 ],,,,,,,,,,,, 
  [ 1710706771 ],,,,,,,,,,,,,,,,,,,,,,,,,,,,,, [ 6874072129 ],,,,,,,,,,,,,,,,,,,,,,,,,,,,,,,,
  ,,,,,,,,,,,,,,,,,,,,,,,,,,,,,,,,,,,,,,,,,,,,,,,,,,,,,,,,,,,,,,,,,,,,,,,,,,,,,,,,,,,,,,,,,,,
  ,,, [ 15169100532643 ],,,,,,,,,,,,,,,,,,,,,,,,,,,,,,,,,,,,,,,,,,,,,,,,,,,,,,,,,,,,,,,,,, 
  [ 87815713441 ],,,,,,,,,,,,,,,,,, [ 2235739339, 3020260993 ],,,,,,,,,,,, [ 1666208611 ],,,,
  ,,,,,,,,,,,,,,,,,,,,,,,,,,,,,,,,,,,,,,,,,,,,,,,,,, [ 10919663449 ],,,,,,,,,,,,,,,,,,,,,,,,,
  ,,,,,,,,,,,,,,,,,,,,,,,,,,,,,,,,,,,,,,,,, [ 238131324721 ],,,,,,,,,,,,,,,,,,,,,,,,,,,,,,,,,
  ,,,,,,,,,,,,,,,,,,,,,,,,,,,,,,,,,,,,,,,,,,,,,,,,,,,,,,,,,,,,,,,,,,,,,,,,,,,,,,,,,,,,,,, 
  [ 26713726411 ],,,,,,,,,,,,,,,,,,,,,,,,,,,,,,,,,,,,,,,,,,,,,,,,,,,,,,,,,,,,,,,,,,,,,,,,,,,,
  ,,,,,,,,,,,,,,,,,,,,,,,,,,,,,,,,,,,,,,,,,,,, [ 4979083591 ],,,,,, 
  [ 5970084037, 16828862821 ],,,,,,,,,,,,,,,,,,,,,,,,,,,,,,,,,,,,,,,,,, [ 3412918783 ],,,,,,,
  ,,,,,,,,,,,,,,,,,,,,,,,,,,,,,,,,,,,,,,,,,,,,,,, [ 41459277817, 147672162397 ],,,,,,,,,,,,,,
  ,,,,,,,,,,,,,,,, [ 52946836237681 ],,,,,,,,,,,,,,,,,,,,,,,,,,,,,,,,,,,,,,,,,,,,,,,,,,,,,,,,
  ,,,,,,,,,,,,,,,,,,,,,,,,,,,,,,,,,,,,,,,,,,,,,,,,,,,,,,,,,,,,,,,,,,,,,,,,,,,,,,,,,,,,,,,,,,,
  ,,,,,,,,,,,,,,,,,,,,,,,,,,,,,,,,,,,,,,,,,,,,,,,,,,,,,,,,,,,,,,,,,,,,,,,,,,,,,,,,,,,,,,,,,,,
  ,,,,,,,,,,,,,,,,,,,,,,,,,,,,,,,,,,,,,,,,,,,,,,,,,,,,,,,,,,,,,,,,,,,,,,,,,,,,,,,,,,,,,,,,,,,
  ,,,,,,,,,,,,,,,,,,,,,,,,,,,,,,,,,,,,,,,,,,,,,,,,,,,,,,,,,,,,,,,,,,,,,,,,,,,,,,,,,,,,,,,,,,,
  ,,,,,,,,,,,,,,,,,,,,,,,,,,,,,,,,,,,,,,,,,,,,,,,, [ 2934288271 ],,,,,,,,,,,,,,,,,,,,,,,,,,,,
  ,,,,,,,,,,,,,,,,,,,,,,,,,,,,,,,,,,,,,,,,,,,,,,,,,,,,,,,,,,,,,,,,,,,,,,,,,,,,,,,,,,,,,,,,,,,
  ,,,,,,,,,,,,,,,,,,,,,,,,,,,,,,,,,,,,,,,,,,,,,,,,,,,,,,,,,,,,,,,,,,,,,,,,,,,,,,,,,,,,,,,,,,,
  ,,,,,,,,,,,,,,,,,,,,,,,,,,,,,,,,,,,,,,,,,,,,,,,,,,,,,,,,,,,,,,,,,,,,,,,,,,,,,,,,,,,,,,,,,,,
  ,,,,,,,,,,,,,,,,,,,,,,,,,,,,,,,,,,,,,,,,,,,,,,,,,,,,,,,,,,,,,,,,,,,,,,,,,,,,,,,,,,,,,,,,,,,
  ,,,,,,,,,,,,,,,,,,,,,,,,,,,, [ 31742871751 ],,,,,,,,,,,,,,,,,,,,,,,,,,,,,,,,,,,,,,,,,,,,,,,
  ,,,,,,,,,,,,,,,,,,,,,,,,,,,,,,,,,,,,,,,,,,,,,,,,,,,,,,,,,,,,,,,,,,,,,,,,,,,,,,,,,,,,,,,,,,,
  ,,,,,,,,,,,,,,,,,,,,,,,,,,,,,,,,,,,,,,,,,,,,,,,,,,,,,,,,,,,,,,,,,,,,,,,,,,,,,,,,,,,,,,,,,,,
  ,,,,,,,,,,,,,,,,,,,,,,,,,,,,,,,,,,,,,,,,,,,,,,,,,,,,,,,,,,,,,,,,,,,,,,,,,,,,,,,,,,,,,,,,,,,
  ,,,,,,,,,,,,,,,,,,,,,,,,,,,,,,,,,,,,,,,,,,,,,,,,,,,,,,,,,,,,,,,,,,,,,,,,,,,,,,,,,,,,,,,,,,,
  ,,,,,,,,,,,,,,,,,,,,,,,,,,,,,,,,,,,,,,,,,,,,,,,,,,,,,,,,,,,,,,,,,,,,,,,,,,,,,,,,,,,,,,,,,,,
  ,,,,,,,,,,,,,,,,,,,,,,,,,,,,,,,,,,,,,,,,,,,,,,,,,,,,,,,,,,,,,,,,,,,,,,,,,,,,,,,,,,,,,,,,,,,
  ,,,,,,,,,,,,,,,,,,,,,,,,,,,,,,,,,,,,,,,,,,,,,,,,,,,,,,,,,,,,,,,,,,,,,,,,,,,,,,,,,,,,,,,,,,,
  ,,,,,,,,,,,,,,,,,,,,,,,,,,,,,,,,,,,,,,,,,,,,,,,,,,,,,,,,,,,,,,,,,,,,,,,,,,,,,,,,,,,,,,,,,,,
  ,,,,,,,,,,,,,,,,,,,,,,,,,,,,,,,,,,,,,,,,,,,,,,,,,,,,,,,,,,,,,,,,,,,,,,,,,,,,,,,,,,,,,,,,,,,
  ,,,,,,,,,,,,,,,,,,,,,,,,,,,,,,,,,,,,,,,,,,,,,,,,,,,,,,,,,,,,,,,,,,,,,,,,,,,,,,,,,,,,,,,,,,,
  ,,,,,,,,,,,,,,,,,,,,,,,,,,,,,,,,,,,,,,,,,,,,,,,,,,,,,,,,,,,,,,,,,,,,,,,,,,,,,,,,,,,,,,,,,,,
  ,,,,,,,,,,,,,,,,,,,,,,,,,,,,,,,,,,,,,,,,,,,,,,,,,,,,,,,,,,,,,,,,,,,,,,,,,,,,,,,,,,,,,,,,,,,
  ,,,,,,,,,,,,,,,,,,,,,,,,,,,,,,,,,,,,,,,,,,,,,,,,,,,,,,,,,,,,,,,,,,,,,,,,,,,,,,,,,,,,,,,,,,,
  ,,,,,,,,,,,,,,,,,,,,,,,,,,,,,,,,,,,,,,,,,,,,,,,,,,,,,,,,,,,,,,,,,,,,,,,,,,,,,,,,,,,,,,,,,,,
  ,,,,,,,,,,,,,,,,,,,,,,,,,,,,,,,,,,,,,,,,,,,,,,,,,,,,,,,,,,,,,,,,,,,,,,,,,,,,,,,,,,,,,,,,,,,
  ,,,,,,,,,,,,,,,,,,,,,,,,,,,,,,,,,,,,,,,,,,,,,,,,,,,,,,,,,,,,,,,,,,,,,,,,,,,,,,,,,,,,,,,,,,,
  ,,,,,,,,,,,,,,,,,,,,,,,,,,,,,,,,,,,,,,,,,,,,,,,,,,,,,,,,,,,,,,,,,,,,,,,,,,,,,,,,,,,,,,,,,,,
  ,,,,,,,,,,,,,,,,,,,,,,,,,,,,,,,,,,,,,,,,,,,,,,,,,,,,,,,,,,,,,,,,,,,,,,,,,,,,,,,,,,,,,,,,,,,
  ,,,,,,,,,,,,,,,,,,,,,,,,,,,,,,,,,,,,,,,,,,,,,,,,,,,,,,,,,,,,,,,,,,,,,,,,,,,,,,,,,,,,,,,,,,,
  ,,,,,,,,,,,,,,,,,,,,,,,,,,,,,,,,,,,,,,,,,,,,,,,,,,,,,,,,,,,,,,,,,,,,,,,,,,,,,,,,,,,,,,,,,,,
  ,,,,,,,,,,,,,,,,,,,,,,,,,,,,,,,,,,,,,,,,,,,,,,,,,,,,,,,,,,,,,,,,,,,,,,,,,,,,,,,,,,,,,,,,,,,
  ,,,,,,,,,,,,,,,,,,,,,,,,,,,,,,,,,,,,,,,,,,,,,,,,,,,,,,,,,,,,,,,,,,,,,,,,,,,,,,,,,,,,,,,,,,,
  ,,,,,,,,,,,,,,,,,,,,,,,,,,,,,,,,,,,,,,,,,,,,,,,,,,,,,,,,,,,,,,,,,,,,,,,,,,,,,,,,,,,,,,,,,,,
  ,,,,,,,,,,,,,,,,,,,,,,,,,,,,,,,,,,,,,,,,,,,,,,,,,,,,,,,,,,,,,,,,,,,,,,,,,,,,,,,,,,,,,,,,,,,
  ,,,,,,,,,,,,,,,,,,,,,,,,,,,,,,,,,,,,,,,,,,,,,,,,,,,,,,,,,,,,,,,,,,,,,,,,,,,,,,,,,,,,,,,,,,,
  ,,,,,,,,,,,,,,,,,,,,,,,,,,,,,,,,,,,,,,,,,,,,,,,,,,,,,,,,,,,,,,,,,,,,,,,,,,,,,,,,,,,,,,,,,,,
  ,,,,,,,,,,,,,,,,,,,,,,,,,,,,,,,,,,,,,,,,,,,,,,,,,,,,,,,,,,,,,,,,,,,,,,,,,,,,,,,,,,,,,,,,,,,
  ,,,,,,,,,,,,,,,,,,,,,,,,,,,,,,,,,,,,,,,,,,,,,,,,,,,,,,,,,,,,,,,,,,,,,,,,,,,,,,,,,,,,,,,,,,,
  ,,,,,,,,,,,,,,,,,,,,,,,,,,,,,,,,,,,,,,,,,,,,,,,,,,,,,,,,,,,,,,,,,,,,,,,,,,,,,,,,,,,,,,,,,,,
  ,,,,,,,,,,,,,,,,,,,,,,,,,,,,,,,,,,,,,,,,,,,,,,,,,,,,,,,,,,,,,,,,,,,,,,,,,,,,,,,,,,,,,,,,,,,
  ,,,,,,,,,,,,,,,,,,,,,,,,,,,,,,,,,,,,,,,,,,,,,,,,,,,,,,,,,,,,,,,,,,,,,,,,,,,,,,,,,,,,,,,,,,,
  ,,,,,,,,,,,,,,,,,,,,,,,,,,,,,,,,,,,,,,,,,,,,,,,,,,,,,,,,,,,,,,,,,,,,,,,,,,,,,,,,,,,,,,,,,,,
  ,,,,,,,,,,,,,,,,,,,,,,,,,,,,,,,,,,,,,,,,,,,,,,,,,,,,,,,,,,,,,,,,,,,,,,,,,,,,,,,,,,,,,,,,,,,
  ,,,,,,,,,,,,,,,,,,,,,,,,,,,,,,,,,,,,,,,,,,,,,,,,,,,,,,,,,,,,,,,,,,,,,,,,,,,,,,,,,,,,,,,,,,,
  ,,,,,,,,,,,,,,,,,,,,,,,,,,,,,,,,,,,,,,,,,,,,,,,,,,,,,,,,,,,,,,,,,,,,,,,,,,,,,,,,,,,,,,,,,,,
  ,,,,,,,,,,,,,,,,,,,,,,,,,,,,,,,,,,,,,,,,,,,,,,,,,,,,,,,,,,,,,,,,,,,,,,,,,,,,,,,,,,,,,,,,,,,
  ,,,,,,,,,,,,,,,,,,,,,,,,,,,,,,,,,,,,,,,,,,,,,,,,,,,,,,,,,,,,,,,,,,,,,,,,,,,,,,,,,,,,,,,,,,,
  ,,,,,,,,,,,,,,,,,,,,,,,,,,,,,,,,,,,,,,,,,,,,,,,,,,,,,,,,,,,,,,,,,, [ 7887775351 ] ]);
