BRENTFACTORS[905]:=MakeImmutable([ ,,,,,,,,,, [ 31828042621 ],,,,,, [ 3465917156159 ],, 
  [ 183636070749563231 ],, [ 7409794393 ],, [ 2127422973139 ], [ 2328638929 ], 
  [ 130348646551 ],, [ 335183092957 ], [ 5742274603801 ], [ 43254589005115559315915581 ],, 
  [ 2503703913844778779, 1296044042699860066683116506067 ],, [ 7778974501, 4051860570649 ],, 
  [ 206517581411, 734221976176921, 2300872208006611 ],, [ 1309603679, 3747880813 ],,, 
  [ 19098405570841 ], [ 1012685500171320197, 5103625453681629841177 ], [ 913271729203 ], 
  [ 85797130387 ],, [ 6904859671, 5823428077891 ], [ 14132186164123495697 ], 
  [ 341254258979141473514209841 ], [ 638456263729 ],, [ 35895156751 ], [ 3529284928698091 ], 
  [ 10498003980782488261573 ], 
  [ 30560268839, 328400987779254078762910280060695301808058973797483 ], 
  [ 720219260287, 19648214618534101 ], 
  [ 775217420011, 2318714619101, 134760876490241, 163770644089888220881 ],, [ 43693637509 ], 
  [ 1126222367, 765723565000583148727, 14117643904321771606299127 ], 
  [ 248339739508319351, 4392709555900058848143831180418974948721531 ],, 
  [ 34456031728093781267923268849912511682219810799 ], [ 1910660449 ], 
  [ 1698002079115635877433265162386284807 ],, [ 369007303099241 ], 
  [ 2245296979267, 28116127860197988799 ], [ 247217952215783104321 ], 
  [ 167676646827099833958690721 ], [ 4803617973373, 105353960799286112585593712809621 ],, 
  [ 97601217416784533522562742001312853689 ],, 
  [ 169917793745388084778543483913, 50692512295395652165135190823745357881533867 ], 
  [ 4006892637497, 26120725977332430117713091237057949 ],,, 
  [ 618933233786335948006267602709, 4867076604800872493837065492256641 ], 
  [ 3916702144557931 ],, [ 73735901223841, 133752530961601, 2465188927541281 ],, 
  [ 4737107119, 15983701178119, 178924519469909647821367 ], [ 36585419810581877284157 ], 
  [ 23197485361, 187912230589777, 649016527797877 ], 
  [ 99196095991, 109686754402066321, 98347207200372240217931575076363770005749081 ], 
  [ 4039690987, 2605382179074919288502443733927 ], [ 622213242740059, 121214250790800040957 ]
    , [ 92235871056175670303146761953, 738726180165271825638673521382601377 ], 
  [ 8514295466801 ],, [ 470762440474691, 15467387973784377575655470228849381 ], 
  [ 174143881266973, 438010605848009 ], 
  [ 2017952317, 29164156069, 6589797584742607916680270227704581, 
      14845532652834633575725301911204379927411432620548080325504973 ],,, 
  [ 230741636830979126169147258248833 ], [ 3058490728225258718441492258239663 ], 
  [ 296483230331, 670662159527261433407, 51068707767404905015155275191512157872876683 ], 
  [ 436086299805143632032058903, 24661218763493070340556163336373117, 
      805467799851351224533433742646840137217903 ], 
  [ 1735942373401, 1799026194523545148249444998144533706017702560901 ], 
  [ 112805190264764890632040144688039389 ], [ 3026690094110923172911326502648404661 ], 
  [ 46137496169, 4478073224758016857, 9600294513494193084047 ], [ 321352687610706474447089 ],
  [ 113158999061221, 9399527572712919239693770690991851 ], [ 3499942489501130124623 ],, 
  [ 160756014867114752493655964462831850703452973 ],, [ 20992365791, 288210576151532494241 ],
  [ 526411374480359737 ], [ 1680564929, 3873041010202007479992020456295152873015972861965793 
     ], [ 1600430459705343123403007507, 161724373239733742294565395273 ], 
  [ 1837150455646489, 354576925793751238717, 636455313366673620468811 ], 
  [ 34690366209101, 17175157690559569185930271923933611 ], 
  [ 22737050033, 3634578765235037, 1436696518833367151489 ], 
  [ 1340722657, 319497242221, 505385767539323298762345822537109 ], 
  [ 6637665673, 615345000757 ], [ 23338682029219070062273494911 ], 
  [ 8271100570962796497531252951680727533887635721 ],,,, 
  [ 83513895841, 368532310688559195842057, 6911459192742235760832953, 
      35522540343362102090305589 ],, [ 1365317479 ], [ 22892766968882028392882389573 ], 
  [ 542533434241, 30352873867406892161 ], [ 338786781481, 72347708293553330023 ], 
  [ 683102287141, 8876881962382544612820234230355582566846861 ],,, 
  [ 51945457062242949676716337 ], [ 5335639218751, 50365243782469862036840999946989 ], 
  [ 64882161493854841 ], [ 1178671796129617, 68228546040299187092440321 ], 
  [ 5977555604272222933, 122171195701214403409 ], 
  [ 577632903049542856702965650742397, 958065060506482598754874263805637506318801 ],, 
  [ 104420341169646427574002450732136985121136214785415816961 ], 
  [ 35088725060101, 1716183170560497673 ],, 
  [ 224409435908792018163137, 1485077239561047246641364500521 ],, 
  [ 2291264264575137858841031 ], [ 481801911896833049, 292664648296034616617 ], 
  [ 366994991791 ],, 
  [ 58430219930749, 96557678672232406249374437, 27510643760637016035021469856161 ],, 
  [ 2569279708154714909220613851617 ], 
  [ 3508304903273, 13857822645857, 11212428348520388622977 ], 
  [ 8477581897, 3959338907323, 594866058681709 ], [ 1286315324039739548118812711 ], 
  [ 151522976400017461 ], [ 251810480329441649251277773, 4888944994622846306594149693 ], 
  [ 9028228843133779, 11650588621311525923 ], 
  [ 1260968771, 566525415825057382077389, 489480240165092027749829124582404563 ], 
  [ 574605846751 ], [ 316255157609166656728481, 12396390348787435564994331444441555645601, 
      533602694814492088387811665620104386839361 ], [ 12402347957768503799 ], 
  [ 588737356446315614049649 ],, [ 362649750724661857 ], 
  [ 40103062561, 2553752959503901, 2149490970892291951, 77049858936479537801388660031 ], 
  [ 118164797747 ], [ 106470716754061553156029007653 ], 
  [ 35227036321, 1269662918792416278069769298511673 ],, 
  [ 27134842106921, 4724288743507081709942172911, 101402191277673418113142312256311, 
      1235487111070308601466977409302337265231947081 ], 
  [ 89776904257, 90585998623, 6607637814511, 4611916718222275279 ], 
  [ 42286744292689133477, 908616844993060925177353 ],, 
  [ 6371568348925122177597780070201, 640487781003717999614786432603004668379569955721 ],,,,,
  , [ 54506464561 ], [ 558775917334319 ], 
  [ 460662456619, 91092093492401, 221545053055481818421888985176231 ], 
  [ 158099811810943, 1238524250476133017, 1468700913825216199, 4217135017815205900453844947 ]
    , [ 191187952273, 613337613636037309163506268377 ], 
  [ 15529849182461, 961600348405754355321031 ], 
  [ 583131820358431, 6778869979931047, 7979642630110252860807721, 
      145631650165582960776655415978693398531 ], [ 280743642500216758351150531 ], 
  [ 8381237213, 10573469359668649445062005986176500375713700791913713 ],, 
  [ 736948545207022764013631, 1650170250151245634489211 ], 
  [ 10876077943697651, 47819022091716782540885547211 ], 
  [ 59595993217, 420756540237315638593, 7438954786133914192300674904912129 ], 
  [ 941685276919, 38533973983568815858943 ], [ 18088487251 ], [ 4089685471 ], 
  [ 29726786293, 121550643424189906707480084113, 44561672679741825179432305187009 ], 
  [ 428209332893, 2746017517626073, 12935393329832131 ],, [ 12471218352209740957 ], 
  [ 1125625201 ], [ 2191475270041, 29231413949492693163133 ], 
  [ 266864618539027236776563, 421935495150380246097053 ],, 
  [ 14776140649, 1250622243823763314813, 50772263443722358687281999911773, 
      5753524654373301605806445230702354573 ], [ 1938781421410931 ], 
  [ 12199366351, 150063137119243635468753137, 14360098248691127254112456089 ],,, 
  [ 11718371699432849683 ], [ 45512297102564014381, 3036114699455989696266535088190565770541 
     ], [ 3549123891337, 45382650861839330477 ],, 
  [ 477467139307, 50477146422319, 821437939491218624589958921 ], [ 853710014891 ], 
  [ 51494197997912221 ], [ 13194163441, 168649566697, 368987098838855473 ], [ 3020158261 ], 
  [ 15069824867, 18625630497520987 ], [ 1879241629 ], 
  [ 452474581563181, 9990035780888607467090569921 ], 
  [ 406968394551507829, 528976933089129237789471074629 ], 
  [ 3730958611826759869791265606786123 ],, [ 8657427844294183385537 ], 
  [ 2448723601, 180783060675759988651 ], [ 38719849234877 ], 
  [ 157703933398790213878230629353 ], 
  [ 31307797671961, 107738553237829, 5821656717335317057, 28928287689699453277, 
      197938730426371464110197, 342901265469759384153613, 
      3108577865835655515664946988144950912814736861 ],, [ 3258456001, 602109614156259991 ],
  , [ 108101974526504137 ], [ 588688713001, 1099916398735857029993, 118520181569870598326581 
     ], [ 368391934557739, 30008584859851650240707354551, 79948221454207658477079157537 ], 
  [ 3260625001 ], [ 32033687003917, 40558254842082072611053 ], 
  [ 2973845261883523, 4857214398773699545867 ], [ 1203427009, 426115282111 ], 
  [ 23450099154953870461523 ], [ 243339853992282558107042053490881 ], 
  [ 32318240043302947465681 ], [ 94117740971, 12871045851764609453627 ], 
  [ 1457860386594349 ], [ 107348252621 ], [ 82624181221, 51750765423945951511 ], 
  [ 3425155621118683849 ], [ 56952127259, 2789259942042771601 ], 
  [ 210421211779706050563329 ], [ 318020975543717556931 ], 
  [ 313658887715002001, 953307736884124560961139501 ], 
  [ 9836465907631219, 26162452337969580257 ],, [ 1079030833, 19252513418092585956139 ],, 
  [ 4023439572169792261 ], [ 353936107009, 9665978128945153 ],, 
  [ 396165222394107888245449529943380263 ], [ 1631510730407867, 8704586743195799 ],,,, 
  [ 2046503993, 6999628998666317341, 656934609197921071733 ], 
  [ 27379537522879379469058681, 4534542556134140802042912064417 ],, 
  [ 17168085525943465352387 ],, [ 2322416981, 4956834737, 4651348245321608192429 ], 
  [ 147502093481, 1796457834385567, 17276450711914129, 2495345465451065256301 ], 
  [ 394227652527914851 ], [ 6754963987862280318704216038823 ], [ 2903071809998641 ], 
  [ 1673094056319457956552225859 ],, [ 2657559301 ],, [ 1938626026813982762700527299 ], 
  [ 15667615741, 120409403265797143324769, 4719137757408936306618289, 
      328962282593451436790411347 ], [ 7473627127, 30534636858499 ],, 
  [ 4002803228227, 12475428212081, 2253474330417751421222546893 ],, 
  [ 1460366112950453, 7943764121635161730411541 ], 
  [ 56402096795069, 130653392023168873, 10532214692672032639426406772217 ],, 
  [ 15570657103, 155097018077, 89231102866965203 ], 
  [ 1208949617, 228367847681551895598615434254641397 ], 
  [ 2219759741008185697, 24171652944103839563354299777 ], [ 433175762705258767 ], 
  [ 186353202070576914026027471941 ], 
  [ 38796814439874703, 62457114711046057, 14685830433544986238597 ], 
  [ 60250542826131604015595873 ],,, 
  [ 649330119567691, 13307755356295935221, 2779619626645345539825058271, 
      4255738592902693427257572248191 ], [ 4477253377, 15409061961205496335490729 ],, 
  [ 19354284673 ],, [ 29851464301 ], [ 20791200557, 22013944429 ], 
  [ 138949351536063896614613925535733 ],, [ 2468139930228989057, 81223844135531788721 ], 
  [ 24616843411 ], [ 504552641764609 ],,, [ 3340890458391725857 ], 
  [ 6562298861, 29687320730512314101, 322420804173316400581, 53219156893814164467923201 ], 
  [ 4665407932481 ], [ 55670733621603313366609 ], [ 7052460287 ], [ 119941842891033767 ], 
  [ 14366030491 ], [ 2358709321, 33414129457, 70554466320337, 3658893937791102961 ],,,, 
  [ 86183712949441 ],,, [ 1315873980397, 2949613293101 ],,, [ 30910104662018887380525061 ], 
  [ 48455704862707, 5104252848659065039 ], [ 193251281081, 2733241092675882193 ], 
  [ 321885797437 ],, [ 6332039269 ], 
  [ 98959683553, 31114180064795303941, 11818809962772812612621 ],,,,, [ 2230600013507 ],, 
  [ 101877734311 ], [ 3632655541 ], [ 23734107409 ], 
  [ 932647530547, 920886730960699432825806223 ],, [ 286585993078877616004849 ], 
  [ 62242643011 ], [ 21681001831 ], [ 1187919107 ], 
  [ 3979731939401761, 532430081306756253332557 ],, 
  [ 9262131226833451, 2221469084691076140731651 ],, 
  [ 18860575009, 77936131681, 273576213157950577249 ], [ 197879604557 ], 
  [ 17304018079, 22434429631, 48786280660977768893707 ],, [ 141958806709 ],,, 
  [ 1659923316971 ],, [ 39437645717 ], [ 215524388658728561747 ],, [ 1202840549 ],, 
  [ 101441227474201 ], [ 12525388175899499, 13737565690522081 ], [ 11668641499540289281 ],, 
  [ 4465584391, 11560846930379161, 22485312077677283241080643511 ],,,, 
  [ 251597142443890233563 ], [ 33106701737251 ], [ 4094217377, 9495611529233 ], 
  [ 18232598703307 ],,,, [ 3621223650260979097 ],,, 
  [ 8353419649, 46019222017, 985208466631150849 ],, 
  [ 211682789971694891, 69930312024184158527, 67592926491248004733547 ], [ 37906404643 ], 
  [ 3254233831535304301 ],, [ 2090305621, 93457880678268952671910221746701 ], 
  [ 3387433193 ], [ 4254928439329, 68212463611489 ],, 
  [ 2119404407, 6037181415370697, 13389728657538283, 44539788875614542623, 
      11749814048342601354358783 ],, [ 24717610369 ],, [ 33593204329, 1001772065521 ],, 
  [ 64444205201, 1891554496614703241554298353913201 ],,, [ 23612919662281 ],, 
  [ 15025278871 ],, [ 144534320261, 2916685263404835781 ], 
  [ 6803380452735501553, 1545530680888948151235901985569 ], [ 949089723749 ], 
  [ 286752050041 ], [ 1290881953, 28482812929, 546576465607, 42139084520803 ], 
  [ 5662337596910544613988713 ],, 
  [ 27998127379, 760906626682421078407, 13638200754909210001868377 ], [ 1756191132544081 ],,
  , [ 2086848153384457, 35712831453817114047682507 ],, [ 106799262404941, 86620274019277321 ]
    , [ 33692768089 ],,, [ 17424807643589566553 ],, 
  [ 1853991915576763, 23795959222460502844171, 14992493394704795003877151 ],, 
  [ 41460524028433 ], [ 10405401642637, 954504920637841, 9260471185136887 ],,, 
  [ 475689419884035344881 ],, [ 733223235650427197818063307 ],, 
  [ 5982234716747273, 1083788119133644969459201 ],, 
  [ 61770400587673, 62777287591999, 93365983504639 ], [ 12428723917 ], [ 621174779343361 ], 
  [ 46772008417 ], [ 109445865803, 4385173730471, 79582446801418549 ],, 
  [ 65531528253708174666164447729509 ],, [ 181400400331 ], 
  [ 2379875383, 536535349813, 4674212617819 ], [ 441751793510273 ], [ 19450998436189 ], 
  [ 642771641026326794719951 ], [ 6834043591 ], [ 4696386238081, 1956597555474079157401 ], 
  [ 14128796389 ],, [ 14686882996241, 24862928815271 ], 
  [ 69726345828655773889, 30391022004624006791923080721 ],, [ 57352055635821770565779 ], 
  [ 15947929037019349, 22598313022628281 ], 
  [ 1859241627796453046701, 1144530224679760519501745161512170485621 ], [ 3869757501901 ],, 
  [ 37373117364851 ],, [ 502080422461 ], [ 5094931205423, 8809003030873147660769637649 ],,,, 
  [ 1464397331 ],, [ 2250413257832657 ], [ 3182859581353 ],, [ 1853139322623851 ], 
  [ 13667284361948115193, 51225100138817735622797675077 ],, [ 183338447287, 38732396877221 ],
  , [ 2676604293740357844224380160589601 ],, 
  [ 3039284741, 12334510275443, 127043436304627, 10737644239978469487174047 ], 
  [ 929967964380043 ],,,,,,, [ 1401857063671, 310639360810463285371 ],,, [ 124846523756687 ],
  [ 152872159129 ], [ 223997139193340973241 ], [ 4785216786184033612414068229457 ],, 
  [ 1080942094759455457 ],, [ 80236019644206865001 ],, [ 632705385223535586597812393 ], 
  [ 136432297517, 2912899115761 ], [ 81158656307153152393, 2413719360065197683073 ],, 
  [ 1749859280756029188738241827821 ],,,, [ 10325547721, 61808894031536581 ], 
  [ 156147754301701 ],, [ 1870472899 ], 
  [ 14931466687177, 65557673624803169, 36441837475013053417 ],, 
  [ 10835495673370116349, 1723286111873511739992621901 ],,,, 
  [ 1550668741176881, 31898473557650686018387681 ],,,,,, 
  [ 12667126257325545615019, 227016004017656870522159125331 ],, 
  [ 3146145553, 601013851161635337889, 2291243453915863743649, 
      214478277915368898608053454689 ],,,, [ 11715296678652538357 ],,,,, 
  [ 16784029513, 46443400392811 ], [ 20291017262861, 34152800374039916494591413871 ],,,,,,, 
  [ 748937762506651 ], [ 621833277157 ],, [ 24333070873, 2306177315418721584407314087681 ],, 
  [ 968959901532713201 ],, [ 279730692020593238233 ], [ 32638697057 ], 
  [ 36793274121189677720499883, 70024905354139971487898687 ],, [ 26572758704408197693 ], 
  [ 6265909737613 ],, [ 7040505729427 ], [ 2009161841, 2272133921, 5028947281 ], 
  [ 8572271199261529 ],,,,,, [ 715740292480123 ], [ 3709218819474008190489282449129 ], 
  [ 89381377334783 ], [ 638120574031, 4360518260206501, 70413021446587201 ],, 
  [ 87453459369407085414461 ],, [ 21473137080646763 ],, [ 23153779009 ],, 
  [ 51453405020672938884291318553 ], [ 1888715371 ], [ 84203353591261, 248173326535105561 ],
  , [ 1236394399, 6542264329, 57114052603, 11238795615155802659849502086371 ],,,,,,,,, 
  [ 311608019413, 1606893082567 ], [ 102622531984297528231073 ], [ 11058398742872527 ], 
  [ 8272569951732074962165831 ],, [ 17076444193, 72567261329077 ],, [ 398491531206689015239 ]
   ,, [ 6154548601, 747612287145983857201 ], [ 1702284421 ], [ 2327397992882458273 ], 
  [ 5024958193, 5540063707 ],, [ 4740018710351, 20418038615591 ], [ 2236878344947 ], 
  [ 2462617211 ],,, [ 1291453571, 18130292654493254681 ],, [ 2324907723349 ],,,, 
  [ 204832814580857 ],, [ 1660600464007 ], [ 3083633923, 1270472933129, 265425980578667 ], 
  [ 1157078523755123837801 ], [ 4843906813 ], [ 12650114089, 9507228332221 ], 
  [ 40676381467, 90004965751 ],, [ 12983954516251 ], 
  [ 402222745849, 2854909468883, 15927180954829 ],, [ 248885692500301 ], [ 91893440501 ], 
  [ 92570016421, 955616474111671 ],,, [ 308168404627 ], [ 179108242277 ], [ 10711616479951 ],
  [ 882005803440733 ],, [ 36751505759 ],,,, [ 76805617730929, 1193019144263789209 ], 
  [ 1650925649, 2987125811543 ],, [ 7049522341, 1086111263641, 16649556224281 ], 
  [ 121484601285703 ],,,,, [ 721634881423 ], [ 3717668244973 ],, [ 309017371441892761 ],,, 
  [ 7393185523, 92930744701, 212758340169421 ],, [ 4293440357 ], [ 144161785021 ], 
  [ 70042560941 ], [ 477115276943 ], [ 18736625311, 9060032012929, 2123405390465347 ],, 
  [ 5970631205351 ],,,, [ 2806130306763961 ],,, [ 78182956993 ], 
  [ 77418157931, 2044669751279593, 17329150302039940907 ],,,, 
  [ 26116929589, 254558992630097 ], [ 7065066398371 ],,,, [ 84223300151, 229566899149369 ],, 
  [ 2289705223789, 9845442019149054049 ],, [ 1154824063 ],, [ 5808173858897 ],, 
  [ 864733316791, 734743042235282341 ], [ 2095544567 ],,, [ 1217503633 ], [ 377204147101 ], 
  [ 12738258817 ],,,,,,, [ 1560095758141 ], [ 7605480716323073 ], [ 98537839282591 ],, 
  [ 15961705691 ], [ 12761320513 ], [ 3147197117 ],,,, [ 551584233742279 ],, 
  [ 589482562241 ], [ 59542728977 ],,, [ 1894117783 ], [ 272896372081 ], [ 4397052483608233 ]
   ,,,,, [ 23255616781 ], [ 7743226111, 21293005583 ], [ 334848929689 ],, 
  [ 2617704089212601 ], [ 132918258027617 ], [ 4357723140349, 428096638223814480442789 ],,, 
  [ 3731998492951 ], [ 77773577192161 ],,, [ 34810300879 ],,, [ 35727507019 ],,, 
  [ 129430348579421 ], [ 2299377151 ],,, [ 1008633361, 5326503626683 ],, [ 2713233829 ],,,, 
  [ 1258393231 ], [ 553180860541, 7571185392709 ], [ 459837488009 ], [ 3949680281 ],,, 
  [ 1015160303 ],,,,, [ 89509745342701, 1321972511700361 ], 
  [ 1492824373, 9712258687, 324268629023 ],,,,,,,,, [ 123944753897 ],, [ 109796976383 ],,, 
  [ 472317414020167 ],,, [ 218762423014801 ],, [ 8802231649, 1367415001999 ],,,,, 
  [ 103835106299 ], [ 3029898933073 ], [ 6163554437, 47325808609 ], [ 1695382661719 ], 
  [ 582938839591 ], [ 6346530373969 ], [ 426348195379, 470730472963 ],, [ 36624357457 ], 
  [ 1396910401 ], [ 105065441443 ], [ 2007374723, 37196486519 ],,,, [ 5060429604647 ],, 
  [ 489241834561 ],,, [ 95889671741, 95974330409 ],,, [ 150328744467240329 ],,,, 
  [ 336318554387 ],,,, [ 744019145161, 1287867331152169 ], [ 72893072143 ],, 
  [ 106168141201 ], [ 76465051247369 ],,,, [ 54058743281 ],, [ 134697604289 ], 
  [ 21822067048387747 ],, [ 102219189812321 ], [ 3735254689 ], 
  [ 4418471107, 712519913987083 ],, [ 3094839437, 17541583132547 ],,, 
  [ 89437290521, 218903977583 ], [ 928940014351, 2403641646223, 3385432854313 ], 
  [ 111698324807422289 ], [ 4487745991, 12305402071 ],,, [ 42876583330961 ], [ 17250949861 ],
  [ 88528806451 ],,, [ 3692691593 ],, [ 4159056871, 467333133301 ], [ 37407694769 ], 
  [ 1420126205417 ],,,,,,, [ 74728377459361 ],,,,, [ 10054783619 ], [ 5692024378591 ],,,,,, 
  [ 4490086921 ],, [ 127481068643, 294498945259 ],, [ 99456416401, 1714912204795900001 ],,,, 
  [ 5708581323121 ], [ 443777936536111 ], [ 453804776203 ], [ 3083267088023 ], 
  [ 27862519180633 ],,,,, [ 11164702139 ],, [ 213106681481 ],,, [ 3819249677 ],, 
  [ 38834564930964001 ],,,,,,,,, [ 5417686240831 ],, [ 955680485289269 ],,,, 
  [ 1492780411, 2174060131 ], [ 200901950528749 ],, [ 20454265939044277 ],,,, 
  [ 770901552041, 1919766402578251 ], [ 305945383043, 491608995165809 ], 
  [ 308645093889730753 ], [ 3334212451 ], [ 22380192265679 ],, [ 1241683489 ],, 
  [ 1108481913481 ],, [ 8976543089, 15124610534413 ],,, [ 4000575873691, 89589024978091 ],, 
  [ 3419271245889586663 ], [ 20023232741, 55319494567 ], [ 2541422281, 4944380668928731 ],,,
  , [ 8387629341893 ], [ 26297743080529 ], [ 10889426143581301 ], [ 10370988541 ], 
  [ 695581202963 ],,, [ 4271919188951, 44773070234251 ],,,,, [ 9404305761541 ],,, 
  [ 93844584049, 303738719699 ],,,,, [ 25349458493758933 ],,, [ 492403331869 ],,, 
  [ 658483818359413 ],,, [ 738262494662113 ],,,,, [ 1984897930013539 ],, [ 2995944990853 ],,,
  ,,, [ 3021239281, 11598338068870981 ],,,,,,,,,, [ 609124803341 ],,, [ 315467145313 ],,,,,, 
  [ 47905030697, 6668832995761, 440732684070853, 3931477860501687257 ],,,,,,,,, 
  [ 1805567149, 4740074173 ],, [ 2433612721 ], [ 550655144561 ], [ 78920767959751 ],,, 
  [ 2499995065081, 264764408764381 ],, [ 687556945768309 ],, [ 1096717313 ], 
  [ 14333093651, 22204300301 ],,,,,,, [ 1579850617, 453214074167593 ], [ 4051304107 ],,,,,,, 
  [ 9677830236881, 272436534267041 ],,,,,, [ 2836301066973281 ], [ 2581969009 ],,, 
  [ 94625659977451, 1935117120069029401 ],,,, [ 89653575173, 3343066024439 ],, 
  [ 467491316531713 ],,,,,, [ 5426425691083 ],,, [ 2426853841 ], [ 166495578653 ], 
  [ 20960412617 ],,,,, [ 416415634241 ],,,, [ 2043211021 ],, [ 277051683217 ], 
  [ 2638401013 ],,, [ 44884028213, 74827657601 ],, [ 756724969261 ],,,, 
  [ 2010124609, 15832402964691073 ],,,, [ 393105281956297 ],, [ 14747403347 ], 
  [ 4156814911 ],,, [ 2318593897, 506837751967 ],, [ 3301402501 ],,,,,,, [ 74615041297 ], 
  [ 2276701781 ],,,, [ 1387652569, 3771891769, 921525591169 ], [ 1836151717 ],, 
  [ 775896312181 ],, [ 26017503569 ], [ 10013500043 ], [ 14851886278279 ], [ 1356144161 ], 
  [ 35870538217 ],,,,, [ 2513356987 ],,,, [ 170591117597221 ],, [ 1148791996309 ],, 
  [ 2443154239 ],, [ 71948233346609 ],,,,,,,,,, [ 1516673507473 ],, 
  [ 7282610077, 12296859401 ],,,,,,,,,, [ 7090931941 ],,,,,, [ 180964928912529277 ], 
  [ 17573458811, 246101158951 ],,, [ 39590248849 ],,,, [ 1168869589, 1204335481 ],,,,,,,, 
  [ 648387199484221 ], [ 8198816147, 11520527453 ],, [ 6985822751363 ],,,,,, [ 42089372953 ],
  ,,,,,,,, [ 2027355871403 ], [ 4929846769 ],,,,,,, [ 27203129353, 91044848954737 ],,,, 
  [ 24354766442711 ],,,,,, [ 14797896769, 175910256051457 ],,, [ 1361761967, 3430558561 ],,, 
  [ 52695967507, 4081131407393 ],,,,,,,,,,,, [ 13296639991 ],,,, [ 202992157447 ], 
  [ 1915536127 ], [ 3818449801, 8227717441 ],, [ 21754923726817 ],,,,, [ 27219059599 ], 
  [ 693495038497 ],, [ 2262268751 ],, [ 4186951433321, 5670337156577 ],, [ 1320491729833 ],, 
  [ 16055721809 ],, [ 470278756421 ], [ 1095005179 ],,,,,,, [ 2482056301 ],,,,, 
  [ 166616960957 ], [ 20975458081 ],, [ 156145122145170887 ], [ 4433996101 ],,,, 
  [ 2752737983 ], [ 468787456001 ],,,, [ 11890719541, 328080983911753 ],,,,,,,,,, 
  [ 2275477003 ],, [ 7325004961 ],, [ 7274178913, 78156096283 ],, [ 180707299501 ],, 
  [ 26129128411 ],,,,,,, [ 20925600697 ], [ 9602345711141 ],,,,,, [ 1072975597 ],, 
  [ 9300379380679 ],, [ 2463961041961, 10392110642761 ],,,,,, [ 77050901810689 ],,,,,,,, 
  [ 164152175071 ],, [ 2351858329, 39227387513 ], [ 3505873379 ], 
  [ 9151673837437, 16541494853419 ],,,, [ 11532069979453 ],,,, [ 383501619682931 ],,,, 
  [ 903340923249151, 221173686419368051 ],,,, [ 5088350957 ],,,,,,,, [ 11801264197 ],,,,,,,,,
  ,,, [ 1087736467933 ],, [ 11643052759777 ],, [ 59649700948709 ],,,,,,,, [ 766250555464549 ]
   ,, [ 3480383629, 646920766673, 730228996355933 ],,,,,, [ 214382228441 ],,,,, 
  [ 810044890356463 ], [ 30481605001 ], [ 8393226189163 ], [ 238843805488019 ],,,,,, 
  [ 4402718849, 3867942559361, 5145279085057 ],,,,,, [ 1615243309 ],,,, [ 27011503271 ],, 
  [ 49229211781 ],, [ 187138918531 ],,,, [ 346527635483 ],, [ 170697238069 ], 
  [ 3511058717 ], [ 33802806181 ], [ 24929190128701 ], [ 824481132793 ],,,,,,,,,,,,,, 
  [ 1669746811, 61069045249 ],, [ 126395733435337 ],,,,,,,,,,,, [ 10722658472501 ],,,, 
  [ 45985612434121 ],,, [ 1382380507 ], [ 20114869237 ],, [ 1327928835031 ],, 
  [ 2400107777 ], [ 8245014391 ],,,,, [ 804653064469 ],,,, [ 1546798969 ],, 
  [ 4474607257, 4920029303953 ],, [ 436127825553336607 ],,,, [ 85888876091 ],,, 
  [ 4987360529 ],,, [ 1489229935777 ], [ 2235227587 ],,, 
  [ 509455354501, 4148520397023849001 ],,,,, [ 5587429891 ], 
  [ 350555780862643, 371048414008399 ],,,,,, 
  [ 141272446897, 873782365595329, 1323329079835729 ],,,, [ 75331472024213 ],,, 
  [ 193967836133 ], [ 1399983841 ], [ 8835139171 ], [ 7527824177 ], [ 77334211697 ], 
  [ 16338273649, 56092271108326633 ],,,, [ 13242020833, 125376353405244217 ], 
  [ 290331770587 ],,,,, [ 1494003442751 ],, [ 19292180190721 ], [ 247427375863 ],,,,,,,,, 
  [ 36459813343039 ],,, [ 15075100351 ],,, [ 2031201059089 ],,, [ 13218703571 ], 
  [ 3279853501 ],,,,,,,, [ 1874558789 ], [ 1055908631 ],,,,,,,, [ 3788177251 ], 
  [ 2042607896844401 ],, [ 23663592721 ],, [ 9519295601709367 ], [ 6748099667 ], 
  [ 243101511281 ],, [ 1114447811 ],,,,, [ 13833625081 ], [ 2871024601, 41932286537 ],,, 
  [ 136653516509 ], [ 2291701513, 145879689833, 191292262139857, 35989193562733393 ], 
  [ 2452031623 ], [ 811851685343 ],, [ 2682887173, 39151654753 ],,,,,, 
  [ 2339576821, 2059685432551 ],,,, [ 26552030513471 ],, [ 16340315332201980937 ], 
  [ 65649214469 ],,, [ 4398551561, 6176041093 ], [ 549542044739 ],,,,, [ 87196514957 ], 
  [ 23900960249 ],,, [ 269609099521 ],,, [ 201182367751 ], [ 61386185956393 ], 
  [ 9183891107 ],,, [ 9539501651 ],, [ 200903967073 ],,,, [ 39397901687093 ], 
  [ 7851395771 ], [ 130432295095831 ],, [ 1791883501241 ],, [ 14966637887 ], [ 5574699001 ],,
  , [ 2013913921 ], [ 145736435413 ],,, [ 434591883001 ],,,,, [ 8765141491 ], 
  [ 96400317313, 57174075664561 ], [ 19087745221, 58986479207 ],,, [ 28898620255083502181 ],,
  , [ 39238644649 ],,, [ 43558044811, 98911553063261 ],,,,, [ 272233020331 ], 
  [ 31198344550561 ],,,,, [ 241604142313 ],,, [ 121105442641 ],,,, 
  [ 230005699589, 1071718742621 ],, [ 6079476589, 70615717567 ],, [ 12243362777 ],,,,,,,, 
  [ 125671006817 ],, [ 2190786769, 33118806043903 ],,,,,,,,,,,,,,,, [ 5513807737 ],,,, 
  [ 2050646033 ],,,, [ 19208552847994189 ],, [ 45184195644113 ],,,, [ 11867535937 ],,,,,, 
  [ 885825285131881 ],,,, [ 21671902363 ],, [ 16166494550281 ],,,,,,,,,,,,,,,,,,,, 
  [ 1883676961 ],, [ 2271980947 ], [ 188869206247 ], [ 2827101797353, 50586230720089 ],, 
  [ 20894853007771 ],,,, [ 37534908511, 1637424320221 ], [ 11750581459 ],,, [ 17009143933 ],,
  ,,,,,, [ 56352224293399 ],, [ 12096874057, 39425606306520769 ],, [ 30670863697 ],,,,,,, 
  [ 2118565769 ],,, [ 65701588097 ],, [ 32377158271037, 227831840780693 ],,,,,,,,,,,, 
  [ 3818793002281 ],,,, [ 5702354351 ], [ 329485908841 ],,, [ 4426588207, 58027643929 ],,,,, 
  [ 3290762929 ],,, [ 10133774113 ],,, [ 6599313667 ],,, [ 33373534841 ], [ 18075817891 ],,,,
  ,,, [ 2501240801, 290812014721 ],,,,,,,,,, [ 6458723701, 64498523951, 831601460551 ],,,, 
  [ 569185058179 ], [ 75870588150421 ],,,,,,,, [ 1132562413 ],, [ 1571064811 ],,, 
  [ 551165999932729 ],,,,,,,, [ 34828320829 ],, [ 33910315459 ], [ 2153030188249 ], 
  [ 102925516201 ],, [ 29305903643 ], [ 2667854529271 ], [ 55018632019969 ], [ 138183770401 ]
   ,,, [ 1032092635681 ],,,,,,,,,,,,,,,, [ 3958010449 ],,,,,, [ 12143829661 ], 
  [ 2237639587 ],,,,, [ 1299042253 ],,,, [ 8340000001 ],,,,,,,,,, [ 1100638471 ], 
  [ 1763655679 ],,,,, [ 18848059649 ],, [ 648282680407 ],,,, [ 841676207569, 63943176140167 ]
   ,,,,,,,,,, [ 2239350017, 16120542079553, 1414860772624769 ],,, [ 1159429789781 ], 
  [ 20338810741, 46163528617 ],, [ 162560535739009 ],,,, [ 11806257353851, 2767623085929529 ]
   ,, [ 1705734001 ],,,,,,,, [ 786056524021 ],, [ 3941563461109, 29349966312451 ],, 
  [ 52968974137 ], [ 16438399141 ],,,,,, [ 7672080259 ],,,,, [ 3968857117 ],, 
  [ 54931384891, 235323710843731 ],, [ 246185055693217 ],,,,,,,,, [ 2785964287 ],, 
  [ 1116400093 ],,, [ 3197628193 ],, [ 914762249113 ],, [ 9374947531 ],,, [ 2875232317 ],, 
  [ 1572909001 ],,,,,,,, [ 4610575712443 ],,,,,,,,,,, [ 2071348309 ],,,,,, [ 3698626081 ],,, 
  [ 54009017677 ],,,,,,,, [ 85957155677 ],, [ 245081830943, 13672306808983 ],,,,,,,,,,,,,,,,,
  ,,,, [ 1281976733, 936997935779 ],,, [ 1775934697 ],, [ 143042651137 ], [ 101679809921 ],,,
  ,,,,,,,,,,,,,, [ 6547295341 ],,,,,,,,,,,,,,,,,,, [ 37293078049 ],,,,,,,, 
  [ 2915483113, 75520863289 ],, [ 8238628429 ], [ 2595982231 ],,,,,, [ 4353794281 ],,, 
  [ 8050658761 ],,,,,,,,,,,,,,,,,,,,,,, [ 2793193297 ],,,,, [ 1192080517 ],,,,,,,,,,,,,,,,,,,
  ,,,,,, [ 1360122017 ],,, [ 24045168113 ],,,,,,,,, [ 87923360207 ],,, [ 19318240729 ],,,,,,,
  ,,,,,,,,,,,,,,,,,,,,,,,,,,,,,,,,,,,,,,,, [ 1262581399 ],,, [ 70242398269 ],,,, 
  [ 469622107327 ],,,,,,,, [ 3242738638613 ], [ 5663455673 ],,,,,,,,,,, [ 23092860521 ],,, 
  [ 17219656771 ],,,,,, [ 18900545581 ], [ 28078562513 ],,,, [ 6687661777 ],,,,,,,,,,,,,,, 
  [ 3558150697, 13797165763 ],, [ 1388216981, 33676400179 ], [ 25760747856691 ], 
  [ 32120487317 ],,,,,,,,,, [ 29952101147 ],,,,,,,,,,, [ 357659166481 ], [ 17071083593 ],,,,,
  ,,,,, [ 3555645540151 ],,,,,,,,,,,,,,,,,, [ 33928519123 ],,,,,,,,,,,,,,, 
  [ 1638232993, 106927320457 ],,,,,,,,,,,,,,,,,,,,,, [ 18851423779 ],,,, [ 8152642613 ],,,, 
  [ 1443929623 ],, [ 18724658569 ], [ 8076827749 ],,,, [ 758549714801 ],,, [ 1443337729 ],, 
  [ 62327606017 ],,,,,,,,,,, [ 213344666417 ], [ 1745303761 ],,,,,,,, [ 16518698257 ],,,,,,, 
  [ 10281577081 ],,, [ 294579651601 ],, [ 6473269951 ],,,,,, [ 20771671577 ],,,,,,,, 
  [ 6103396993 ],,,,, [ 4480909093 ], [ 8145768541 ], [ 1008024683 ],,,,, [ 3671006737 ],, 
  [ 1008662467 ],,,,,,,,,,,,,,,,,,,,,,,, [ 26467542109 ],, [ 12245273641 ], [ 1028678251 ],,,
  ,,,,,,,,,,,,,,,, [ 8869245137 ],,,, [ 2655310081 ],, [ 1521127081 ],,,,,,,,,, 
  [ 15280119301 ],,,, [ 86670396289 ],,,, [ 10370510333 ],,,,, [ 5643074611 ],,,,,,,,, 
  [ 12476978431 ],,,,,,,, [ 269383460191 ],,,,,,,,,,,,,,,,,,,,,,,,, [ 203825634781 ],,,,,, 
  [ 1368807463 ],,,,,,,,,,,,,,,,,,,,,,,,,,,,,,,,,,,,,, [ 606054472843 ],,,,, [ 269126028377 ]
   ,,,,,, [ 2755083101 ],,,,,,,,,, [ 3784291561 ],,,,,,,,,,,,, [ 157770018649 ],,,,,,,,,,,,,,
  , [ 57411446401 ],, [ 1025124031, 1172689361, 352999494821 ],,,,,,,,,,,,,,, 
  [ 125996055459871 ],,,,,,, [ 1903265026969 ],,,,,,,,, [ 12662440159 ],,,,,,,,,,,, 
  [ 1360875600787 ],, [ 1303462711 ],, [ 58612460873 ],,, [ 146893597481 ],,,,,,,,,,,,,,,,, 
  [ 3506115499 ], [ 1414873307 ],,,, [ 1468732169 ],,, [ 2711889881 ],,,,, [ 9293150561 ],,,
  , [ 1210873193 ],,,,,,,,,,,,,, [ 18000518477 ],,,,,,, [ 50531235431 ],,, [ 5008691407 ],,,,
  ,, [ 1991742889 ],,,,,,, [ 7960549609 ],,,,,, [ 1208549341 ],,,,,,,,,,,, [ 11555695513 ], 
  [ 1189655591 ],,,,,, [ 6972036581 ],,,, [ 1498085801 ], [ 12984222301 ],,,,, 
  [ 10379404691, 9965209262461 ],, [ 169944545921 ],, [ 14395965601 ],,,,, [ 5045362143961 ],
  ,,,,,,,, [ 425892609281 ],,,, [ 1173863797 ],,,,,,, [ 5311390001 ],,,,,,,,,,,,, 
  [ 290665942577 ],,,,,,,,,,,,,, [ 1325534933 ],,,,, [ 1790590818799 ],,,,, [ 55087433857 ],,
  ,, [ 3544284277 ],,,,,,,,,,,, [ 15397215937 ],,,,,,,,,,,,,,,,,,,,,,,,,, [ 1408083181 ],,,,,
  ,,,,,,,,,,,,,,,,,,,,,,,,,,,,,,, [ 1425521371 ],,,,,,,,,,,, [ 1722901837, 4984415731 ],,,,,,
  ,,,,,, [ 546227437009 ],,,,,,,,,,,,, [ 12267989059, 59111528431 ],,,,,,,,,,,,, 
  [ 3161849281 ],,,, [ 336786689749 ], [ 2622370077601 ],,,,,,,,,,,,,,,,,,, [ 83849785553 ],
  , [ 4014335263 ],,,, [ 1697507381 ],,,, [ 297500189149, 3937037128943 ],,,,,,, 
  [ 1197184171, 6891691717 ],,, [ 947437314613 ],,,,,,,,,,,, [ 1154741256433 ],,,,,,,,,,,,,,
  , [ 4142974699 ],,,, [ 139796116321 ],, [ 2268022711 ],,,,,,,,, 
  [ 6138920077, 168457486027 ],,,,,,,, [ 55567838297 ],, [ 4665458561, 67694358050369 ],,,, 
  [ 4721652541 ],,,,, [ 2280458371 ],,,,,,, [ 1490111153 ], [ 7241911297 ],,,,, 
  [ 34647021179 ],,,,,,,,,,,,,,,,,, [ 26308843817 ],,,,,,,,,,,,,,,,,,,,,,,,,,,,,,,,,,,,,,,,,,
  ,,,, [ 1195117129 ],,,,,,,,,,,, [ 28986342001 ],,, [ 2813917627 ], [ 2327691347 ],,,,,,,,,,
  , [ 135899756821, 1228872609973 ],,, [ 24019265497 ],,, [ 84413368891321 ],,,,,,,,,,,,,,,,,
  ,, [ 64711061813 ],,,,,,,,,,,,,,,, [ 5607008821 ], [ 111548662207, 464615244649 ],,,,,,,,,,
  ,,,,,,,,,,,,,,,,,,,,,,,,,,,,,,, [ 1162561457 ],,,,,,,,,,,,,,,,,,,,,,,, [ 2606823341 ],,,, 
  [ 2266729921 ],, [ 8981885581 ],,,,,,,,,,,,,, [ 2975083121 ],,,,,,,,,,, [ 22127487769 ],,,,
  , [ 1832154881 ],,,,,,,,,,,,,,,,,,,,,,,,, [ 11211518701 ], [ 42752914807 ],,,,,,,,,,,,,,,,,
  ,,,,,,,,,,,, [ 10350920467 ],,, [ 3727882671901 ],, [ 237498535493 ],,,, [ 1695057409 ],,,,
  ,,,,,,,, [ 193866384661 ],,,,,,,,,,,,,,,,,, [ 1007548123 ],,,,,,,, [ 22725279979 ],,,,,,,,,
  ,,,,, [ 1400291869 ],,,,,,,,,,,,,,,,,,,,,, [ 25785852221 ],,,,,,,, [ 50758571531 ],,,,,, 
  [ 3931738409 ],,,,,, [ 58618956101 ],,,,,, [ 12178827053 ],,,,,,,,,,,,,,,,,,,,,,,,,,,,,,,,,
  ,, [ 1060336117 ],,, [ 11576101489 ],,,,,,,,,,,,,,,,,,,,,,,,,, [ 128687901281 ],,,,,,,,,,,,
  ,, [ 2005346587 ],,,,,, [ 2907318961 ],,,,,,,,,,,,,,,,,,,,,,,,,,,,,,,,,,,,,,,,,,,,,, 
  [ 1364822593 ],,,,,,,, [ 2190848603 ],,,, [ 1821808607 ],,,, [ 1160532577 ],,,,,,,,,,,,,,,
  , [ 47990177951 ],,,, [ 20224785979 ],,,,,,,, [ 1136758531 ],,,,,, [ 3358615433 ],,,,,,,,,,
  ,,,,,, [ 78446902297 ],,,, [ 23205322957 ],,, [ 13891234141 ],,,,,, [ 1671351271 ],,,,, 
  [ 19848066031 ],,,,,,,,,,,,,,,,,,,, [ 1994711111 ],,,,,,,,,,,,,,,,,,,,,,,,,,,,,,,, 
  [ 8924446441 ],,,,,, [ 28405306513 ],,,,,,,,,,,, [ 5748837121 ],,,,,,,,,,,, 
  [ 11864733949 ],,,,,,,,,,,,,,,, [ 2686225433 ],,,,,,,,,,,, [ 1213869641 ],,,,,,,,,,,, 
  [ 333141161557 ],,,,,,,,,,,, [ 2098542806738881 ],, [ 2122610239 ],, [ 2574039373 ],,,,,,,,
  ,,,,,,,,,,, [ 3167510347, 3260015700481 ],,,,,,,,,,,,,,,,,,,,,,,,,,,,,,, [ 18143214731 ],,,
  ,,,,,,,, [ 9057821599 ],,,,,,,,,,,,,,, [ 8968410289 ],,,,,,,, 
  [ 41019021553, 2647561070393 ],,,,,,,,,,,,,,,,,,, [ 2158623937 ],,,,,,,,, [ 2127552841 ],,,
  ,,,,, [ 2867086093 ],,,,,,,,,,,,,,,,,,,,,,,,,,,,,,,,,, [ 72241955089 ],,,,,,,,,,,, 
  [ 807366925891 ],,,,,,,,,,,,,,,,,,,,,,,,,,,,,,,,,,,,,,,,,,,,,,,,,,,,,,,,,,,,,,,,,,,,,,,, 
  [ 3500061493 ],,,,,,,,, [ 7191922741 ], [ 6187049669 ],,,,,,,, [ 33339773881 ],, 
  [ 196040678473 ],,,,,,,, [ 28759227313 ],,,,,, [ 3900830341 ],,,,,, [ 11221983683 ],, 
  [ 12673013641 ],,,,,,,,,, [ 4165243007 ],,,,,,,,,,,,,,,,,,,,,,,,,,,,,,,,,,,, 
  [ 2395127227 ],, [ 18125831293 ],, [ 367615367653 ],,,, [ 2994461737, 324743981143 ],,,,,,,
  ,,,,,,,,,,,,,,,,,,,,,,,,, [ 29285289863 ],, [ 29805913589 ],,,,,,,,,,,,,, [ 2703931231 ],,,
  ,,,,,,,,,,,,,,,,,,,,,,,,,,,,,,,,,,, [ 1697674160753 ],,,,,,, [ 1046798461 ],,,,,,, 
  [ 5100864367 ],,,,,,,, [ 3149691451, 96224766601 ],, [ 49054299137 ],, [ 122370149651 ],,,,
  ,,,, [ 154639251073 ],,,,,,,,,,,, [ 5541713659 ],,,, [ 3022251607 ],,,,,,,,,,,,,,,,,,,,,,,,
  ,,,,,,,,,,,,,,,, [ 3913782497 ],,,,,,,,,,,, [ 26958375161 ],,,,,,,,,,,,,,,,,,,, 
  [ 5825837651 ],,,,,, [ 11788628729 ],, [ 66819183259 ],,,,,,,,,,,,,,,,,,,,,,,,,,,,,,,,,,,,,
  ,,,,,,, [ 2115305219 ],,,,,,,,,,,,,,,,,,,,,,,,,,,,,,,,,,,, [ 19266119843 ],,,, 
  [ 5610155767, 25596595429 ],,,,,,,,,,,,,,,,,,,,,,,,,, [ 2942669057 ],,,,,,,,,,,,,, 
  [ 1809679229 ],, [ 124393408873 ],,,,,,,,,,,,,,,,,,,,,,,,,, [ 10523906231 ],, 
  [ 4279465577 ],,,, [ 380516890361 ],, [ 2747151223 ],,,,,,,,,, [ 1340440037 ],, 
  [ 3574957271 ],, [ 5091869593 ],,,, [ 16754725925321 ],,,,,,,,,,,,,,,,,,,,,,,,,,,, 
  [ 642867239257 ],,,,,,,,,,,,,,,,,,,,,, [ 3401829817 ],, [ 8291121793 ],,,,,,,,,,,,,,,,,,,,,
  ,,,,,,,,,,,,,,,,,,,,,,,,,,,,,,,,,,,,,,,,,,,,,,, [ 47429076833 ],,,,,,,,,,,,,,,,,,,,,,,,,,,
  , [ 1049284289, 81637988849 ],,,,,,,,,,,,,,,, [ 140655177601 ],,,,,,,,,,,,,,,,,,,,,,,,,,,,,
  ,,,,,,,,,,,,,,,,,,,,,,,,,,,,,,,,,,,,,,,,,,,,,,,,, [ 17003326847959 ],,,,,,,,,, 
  [ 360513125129 ],, [ 10504313944291 ],,,,,,,,,,,,,,,,,,,, [ 1276884781 ],,,,,,,,,, 
  [ 2086749121 ],, [ 1079734219 ],,,,,, [ 8151350593 ],, [ 167532014291 ],,,,,,,,,,,,,,,,,,,,
  ,,,,,,,,,,,,,,,,,,,,,,,,,,,,,,,,,,,,,,,,,,,,,,,, [ 121541683873 ],, [ 1212790001 ],,,,,,,,,
  , [ 22470426151 ],,,,,, [ 395328852073 ],,,,,,,,,,,,,,,,,,,,,, [ 1034029349, 201296872019 ]
   ,,,,,,,, [ 5560803013 ],,,,,,,, [ 138632635121 ],,,,,, [ 2549895955421 ],,,,,,,,,,,,,,,,,,
  ,,,,,,,,,, [ 2881415809 ],,,,,,,,,,,, [ 92001439801 ],,,, [ 39689898337 ],,,,,,,,,,,,,,,,,,
  ,,,,,,,, [ 19870675381 ],,,,,,,,,,,, [ 3874214191 ],,,,,,,,,,,,,,,,,,,,,,,, 
  [ 19293415917049 ],, [ 62912255233 ],,,,,,,,,,,,,,,,,,,,,,,, [ 4468800286897 ],,,, 
  [ 5826939889 ],,,, [ 24024015601 ],,,,,,,,,,,,,,,,,,,, 
  [ 12261038761, 53458385401, 276298274881 ],,,,,, [ 46045961989 ],,,,,,,,,,,, 
  [ 187185424663 ],, [ 2531988961 ],,,,,,,,,,,,,,,,,,,,,,,,,,,,,,,,,,,,,,,,,,,,,, 
  [ 165121224133 ],,,,,,,,,,,,,,,,,, [ 119244936409 ],,,,,,,,,,,,,,,,,,,,,,,,,,,,,, 
  [ 2081321467 ],,,,,,,,,,,,,,,,,,,,,,,, [ 22824956767 ],,,,,, [ 40050575594641 ],,,,,,,,,,,,
  ,,,,,,,,,,,,,,,,,, [ 40199745133 ],,,,,,,,,,,, [ 1089995563 ],,,,,,,,,,,, [ 3386006191 ],,,
  ,,,,,,,,,,,,,,,,,,,,,,,,,,,,,,,,,,,,,,,,,,,,,,,,,,,,,,,,,,,,,,,,,,,,,,,,,,, [ 3581193601 ],
  ,,,,, [ 12505858933, 59789733319 ],,,,,,,,,,,, [ 12005924443 ],,,,,,,,,,,,,,,,,,,,,,,,,,,,,
  ,,,,,,,,,,,,,,,,, [ 913997268881 ],,,,,,,,,,,,,,,,,,,, [ 3342526021 ],,,,,,,,,,,,,,,,,, 
  [ 38665492363 ],, [ 19184032001 ],,,,,,,,,,,,,,,,,,,,,,,,,,,,,, [ 8877299551 ],,,, 
  [ 4115620099, 27812674819 ],,,,,,,,,,,,,,,,,,,,,,,,,,,,,, [ 13933003873 ],,,,,,,,,,,,,,,,,,
  ,,,,,,,, [ 62443351631 ],,,,,,,,,,,,,,,,,,,,,, [ 2979670513 ],,,,,,,, [ 1809859481 ],,,,,,,
  ,,,,,,,,,,,,,,,,,,,,, [ 572814163717 ],,,,,,,,,,,,,,,,,,,,,,,,,,,,,, [ 4463765011 ],,,,,,,,
  ,,,,,,,,,,,,,,,,,,,,,,,,,,,,,,,,,, [ 1926518941, 2127582481 ],,,,,,,,,,,,,,,,,,,,,,,,,,,,,,
  ,,,,,,,,,, [ 1766174701 ],,,,,,,,,,,,,, [ 1722434541367 ],,,,,,,,,,,,,,,,,,,,,,,,,, 
  [ 191490689101 ],,,,,,,,,,,,,,,,,,,,,,,,,,,,,,,,,,,,,,,,,,,,,, [ 2750203381 ],,,,,,,,,,,, 
  [ 4496854123 ],,,,,,,,,,,, [ 1240025959771 ],,,,,,,,,,,,,,,,,,,,,,,,,,,,,, 
  [ 2465028001, 23277270001 ],,,,,, [ 9588284707 ],,,,,,,,,,,,,,,,,,,,,,,,,,,,,, 
  [ 45418105333 ],,,,,,,,,,,,,,,,,,,,,,,,,,,,,, [ 5474364823 ],,,,,,,,,,,,,,,,,,,,,,,,,,,,,,,
  ,,,,,,,,,,,,, [ 109221095231, 1542518654951 ],,,,,,,,,,,,,,,, [ 3550415191 ],,,,,,,,,,,, 
  [ 1631351503 ],,,,,,,,,,,, [ 24003628351 ],,,,,,,,,, [ 96988343761 ],,,,,,,,,,,,,, 
  [ 2693426023 ],,,,,,,,,,,,,,,,,,,,,,,,,,,,,,,,,,,,,,,,,,,,,,,,,,,,,,,,,,,,,,,,,, 
  [ 4750586881 ],,,,,, [ 3571038073 ],,,,,,,,,,,, [ 24458448043 ],,,,,, [ 2447263369 ],,,,,,,
  ,,,,,,,,,,,,,,,,,,,,,,,,,,,,, [ 901368543601 ],,,,,, [ 4531617721 ],,,,,,,,,,,,,,,,,,,,,,,,
  ,,,,, [ 4000717211 ],,,,,,,,,,,,,,,,,,,,,,,,, [ 19644577201 ],,,,,, [ 539579027929 ],,,,,,,
  ,,,,,,,,,,,,,,,,,,,,,,,,,,,,, [ 1284971029 ],,,,,,,,,,,,,,,,,,,,,,,,,,,,,,,,,,,,,, 
  [ 4317985803601 ],,,,,,,,,,,,,,,,,,,,,,,,,,,,,,,,,,,,,,,,,,,,,,,,,,,,,,,,,,,,,,,,,,,,,, 
  [ 10383834091 ],,,,,,,,,,,,,,,,,,,,,,,,,,,,,,,,,,,, [ 566554912249 ],,,,,,,,,,,,,,,,,,,,,,,
  ,,,,,,, [ 98750279521 ],,,,,,,,,,,, [ 10096564573, 182375347069 ],,,,,,,,,,,,,,,,,,,,,,,, 
  [ 2533381189 ],,,,,,,,,,,,,,,,,,,,,,,,,,,,,,,,,,,,,, [ 4844352101, 574792806943951 ],,,,,,,
  ,,,,,,,,,,,,,,,,,,,,, [ 137086958989 ],,,,,,,,,,,,,,,,,,,,,,,,,,,,,,,,,,,,,,,,,,,,,,,,,,,,,
  , [ 4353140089 ],,,,,, [ 12230662627 ],,,,,,,,,,,,,,,,,,,,,,,,,,,,,,,,,,,,,,,,,,,,,,,,,,,,,
  ,,,,,,, [ 8701609951 ],,,,,,,,,,,,,,,,,,,,,,,,,,,,,,,,,,,,,,,,,,,,,,,, [ 25077493603 ],,,,,
  ,,,,,,,,,,,,,,,,,,,,,,,,,,,,,,,,,,,,,,,,,,, [ 2467617679 ],,,,,,,,,,,,,,,,,,,,,,,,,,,,,,,,,
  ,,,,,,,,, [ 1485379081 ],,,,,, [ 721403879197 ],,,,,,,,,,,,,,,,,,,,,,,,,,,,,,,,,,,,,,,,,,,,
  ,,,,,,,,,,,,,,,,,,,,,,,,,,,, [ 2156159713 ],,,,,,,,,,,,,,,,,,,,,,,,,,,,,,,,,,,,,,,,,,,,,,,,
  ,,,,,,,,,,,,,,,,,, [ 603430000081 ],,,,,,,,,,,,,,,,,,,,,,,, [ 4882913089, 673444388161 ],,,
  ,,,,,,,,,,,,,,,,,,,,,,,,,,,,,,,,,,,,,,,,,,,,,,,,,,,,,,,,,,,,,,,,,,,,,,,,,,,,,,,,,,,,,,,,,,,
  ,,,,,,,,,,,,,,,,,,,,,,,,,,,,,,,,,,,,,,,,,,,, [ 3915459721 ],,,,,,,,,,,,,,,,,,,,,,,,,,,,,,,,
  ,,,,,,,,,,,,,,,,,,,,,,,,,,,,,,,,,,,,,,,,,,,,,,,,,,,, [ 59337565351021 ],,,,,,,,,,,,,,,,,,,,
  ,,,, [ 21718419451 ],,,,,,,,,,,,,,,,,,,,,,,,,,,,,,,,,,,,,,,,,,,,,,,,,,,,,,,,,,,, 
  [ 33785539321 ],,,,,,,,,,,,,,,,,,,,,,,,,,,,,,,,,,,,,,,,,,,,,,,, [ 12547055797 ],,,,,,,,,,,
  , [ 18040139641 ],,,,,,,,,,,,,,,,,,,,,,,,,,,,,,,,,,,,,,,,,,,,,,,, [ 39115384074103 ],,,,,,,
  ,,,,, [ 8805514231 ],,,,,,,,,,,,,,,,,, [ 4647182833 ],,,,,,,,,,,,,,,,,,,,,,,,,,,,,,,,,,,,,,
  ,,,,,,,,,,,,,,,,,,,,,,,,,,,,,,,,,,,,,,,,,,,,,,,,,,,,,,,,,, [ 5634988633 ],,,,,,,,,,,,,,,,,,
  ,,,,,,,,,,,,,,,,,,,,,,,,,,,,,,,,,,,,,,,,,,,,,,,,,,,,,,,,,,,,,,,,,,,,,,,,,,,,,,,,,,,,,,,,,,,
  ,,,,,,,,,,,,,,,,,,,,,,,,,,,,,,,,,,,,,,,,,,,,,,,,,,,,,,,,,,,,,,,,,,,,,,,,,,,,, 
  [ 99801054721 ],,,,,,,,,,,,,,,,,,,,,,,,,,,,,,,,,,,,,,,,,,,,,,,,,,,,,,,,,,,,,,,,,,,,,,,,,,,,
  ,,,,,,,,,,,,,,,,,,,,,,,,,,,,,,,,,,,,,,,,,,,, [ 1370762851 ],,,,,,,,,,,,,,,,,,,,,,,,,,,,,,,,
  ,,,,,,,,,,,,,,,,,,,,,,,,,,,,,,,,,,,,,,,,,,,,,,,,,,,,,,,,,,,,,,,,,,,,,,,,,,,,,,,,,,,,,,,,,,,
  ,,,,,,,,,,,,,,,,,,,,,,,,,,,,,,,,,,,,,,,,,,,,,,,,,,,,,,,,,,,,,,,,,,,,,,,,,,,,,,,,,,,,,,, 
  [ 10597522561 ],,,,,,,,,,,,,,,,,,,,,,,,,,,,,,,, [ 11888590849 ],,,,,,,,,,,,,,,,,,,,,,,,,,,,
  ,,,,,,,,,,,,,,,,,,,,,,,,,,,,,,,,,,,,,,,,,,,,,,,,,,,,,,,,,,,, [ 22366995841 ],,,,,,,,,,,,,,,
  ,,,,,,,,,,,,,,,,,,,,,,,,,,,,,,,,,,,,,,,,,,,,,,,,,,,,,,,,,,,,,,,,,,,,,,,,,,,,,,,,,,,,,,,,,,,
  ,,,,,,,,,,,,,,,,,,,,,,,,,,,,,,,,,,,,,,,,,,,,,,,,,,,,,,,,,,,,,,,,,,,,,,,,,,,,,,,,,,,,,,,,,,,
  ,,,,,,,,,,,,,,,,,,,,,,,,,,,,,,,,,,,,,,,,,,,,,,,,,,,,,,,,,,,,,,,,,,,,,,,,,,,,,,,,,,,,,,,,,,,
  ,,,,,,,,,,,,,,,,,,,,,,,,,,,,,,,,,,,,,,,,,,,,,,,,,,,,,,,,,,,,,,,,,,,,,,,,,,,,,,,,,,,,,,,,,,,
  ,,,,,,,,,,,,,,,,,,,,,,,,,,,,,,,,,,,,,,,,,,,,,,,,,,,,,,,,,,,,,,,,,,,,,,,,,,,,,,,,,,,,,,,,,,,
  ,,,,,,,,,,,,,,,,,,,,,,,,,,,, [ 1317446131 ],,,,,,,,,,,,,,,,,,,,,,,,,,,,,,,,,,,,,,,,,,,,,,,,
  ,,,,,,,,,,,,,,,,,,,,,,,,,,,,,,,,,,,,,,,,,,,,,,,,,,,,,,,,,,,,,,,,,,,,,,,,,,,,,,,,,,,,,,,,,,,
  ,,,,,,,,,,,,,,,,,,,,,,,,,,,,,,,,,,,,,,,,,,,,,,,,,,,,,,,,,,,,,,,,,,,,,,,,,,,,,,,,,,,,,,,,,,,
  ,,,,,,,,,,,,,,,,,,,,,, [ 4030585651 ],,,,,,,,,,,,,,,,,,,,,,,,,,,,,,,,,,,,,,,,,,,,,,,,,,,,,,
  ,,,,,,,,,,,,,,,,,,,,,,,,,,,,,,,,,,,,,,,,,,,,,,,,,,,,,,,,,,,,,,,,,,,,,,,,,,,,,,,,,,,,,,,,,,,
  ,,,,,,,,,,,,,,,,,,,,,,,,,,,,,,,,,,,,,,,,,,,,,,,,,,,,,,,,,,,,,,,,,,,,,,,,,,,,,,,,,,,,,,,,,,,
  ,,,,,,,,,,,,,,,,,,,,,,,,,,,,,,,,,,,,,,,,,,,,,,,,,,,,,,,,,,,,,,,,,,,,,,,,,,,,,,,,,,,,,,,,,,,
  ,,,,,,,,,,,,,,,,,,,,,,,,,,,,,,,,,,,,,,,,,,,,,,,,,,,,,,,,,,,,,,,,,,,,,,,,,,,,,,,,,,,,,,,,,,,
  ,,,,,,,,,,,,,,,,,,,,,,,,,,,,,,,,,,,,,,,,,,,,,,,,,,,,,,,,,,,,,,,,,,,,,,,,,,,,,,,,,,,,,,,,,,,
  ,,,,,,,,,,,,,,,,,,,,,,,,,,,,,,,,,,,,,,,,,,,,,,,,,,,,,,,,,,,,,,,,,,,,,,,,,,,,,,,,,,,,,,,,,,,
  ,,,,,,,,,,,,,,,,,,,,,,,,,,,,,,,,,,,,,,,,,,,,,,,,,,,,,,,,,,,,,,,,,,,,,,,,,,,,,,,,,,,,,,,,,,,
  ,,,,,,,,,,,,,,,,,,,,,,,,,,,,,,,,,,,,,,,,,,,,,,,,,,,,,,,,,,,,,,,,,,,,,,,,,,,,,,,,,,,,,,,,,,,
  ,,,,,,,,,,,,,,,,,,,,,,,,,,,,,,,,,,,,,,,,,,,,,,,,,,,,,,,,,, [ 1937649490771 ],,,,,,,,,,,,,,,
  ,,,,,,,,,,,,,,,,,,,,,,,,,,,,,,,,,,,,,,,,,,,,,,,,,,,,,,,,,,,,,,,,,,,,,,,,,,,,,,,,,,,,,,,,,,,
  ,,,,,,,,,,,,,,,,,,,,,,,,,,,,,,,,,,,,,,,,,,,,,,,,,,,,,,,,,,,,,,,,,,,,,,,,,,,,,,,,,,,,,,,,,,,
  ,,,,,,,,,,,,,,,,,,,,,,,,,,,,,,,,,,,,,,,,,,,,,,,,,,,,,,,,,,,,,,,,,,,,,,,,,,,,,,,,,,,,,,,,,,,
  ,,,,,,,,,,,,,,,,,,,,,,,,,,,,,,,,,,,,,,,,,,,,,,,,,,,,,,,,,,,,,,,,,,,,,,,,,,,,,,,,,,,,,,,,,,,
  ,,,,,,,,,,,,,,,,,,,,,,,,,,,,,,,,,,,,,,,,,,,,,,,,,,,,,,,,,,,,,,,,,,,,,,,,,,,,,,,,,,,,,,,,,,,
  ,,,,,,,,,,,,,,,,,,,,,,,,,,,,,,,,,,,,,,,,,,,,,,,,,,,,,,,,,,,,,,,,,,,,,,,,,,,,,,,,,,,,,,,,,,,
  ,,,,,,,,,,,,,,,,,,,,,,,,,,,,,,,,,,,,,,,,,,,,,,,,,,,,,,,,,,,,,,,,,,,,,,,,,,,,,,,,,,,,,,,,,,,
  ,,,,,,,,,,,,,,,,,,,,,,,,,,,,,,,,,,,,,,,,,,,,,,,,,,,,,,,,,,,,,,,,,,,,,,,,,,,,,,,,,,,,,,,,,,,
  ,,,,,,,,,,,,,,,,,,,,,,,,,,,,,,,,,,,,,,,,,,,,,,,,,,,,,,,,,,,,,,,,,,,,,,,,,,,,,,,,,,,,,,,,,,,
  ,,,,,,,,,,,,,,,,,,,,,,,,,,,,,,,,,,,,,,,,,,,,,,,,,,,,,,,,,,,,,,,,,,,,,,,,,,,,,,,,,,,,,,,,,,,
  ,,,,,,,,,,,,,,,,,,,,,,,,,,,,,,,,,,,,,,,,,,,,,,,,,,,,,,,,,,,,,,,,,,,,,,,,,,,,,,,,,,,,,,,,,,,
  ,,,,,,,,,,,,,,,,,,,,,,,,,,,,,,,,,,,,,,,,,,,,,,,,,,,,,,,,,,,,,,,,,,,,,,,,,,,,,,,,,,,,,,,,,,,
  ,,,,,,,,,,,,,,,,,,,,,,,,,,,,,,,,,,,,,,,,,,,,,,,,,,,,,,,,,,,,,,,,,,,,,,,,,,,,,,,,,,,,,,,,,,,
  ,,,,,,,,,,,,,,,,,,,,,,,,,,,,,,,,,,,,,,,,,,,,,,,,,,,,,,,,,,,,,,,,,,,,,,,,,,,,,,,,,,,,,,,,,,,
  ,,,,,,,,,,,,,,,,,,,,,,,,,,,,,,,,,,,,,,,,,,,,,,,,,,,,,,,,,,,,,,,,,,,,,,,,,,,,,,,,,,,,,,,,,,,
  ,,,,,,,,,,,,,,,,,,,,,,,,,,,,,,,,,,,,,,,,,,,,,,,,,,,,,,,,,,,,,,,,,,,,,,,,,,,,,,,,,,,,,,,,,,,
  ,,,,,,,,,,,,,,,,,,,,,,,,,,,,,,,,,,,,,,,,,,,,,,,,,,,,,,,,,,,,,,,,,,,,,,,,,,,,,,,,,,,,,,,,,,,
  ,,,,,,,,,,,,,,,,,,,,,,,,,,,,,,,,,,,,,,,,,,,,,,,,,,,,,,,,,,,,,,,,,,,,,,,,,,,,,,,,,,,,,,,,,,,
  ,,,,,,,,,,,,,,,,,,,,,,,,,,,,,,,,,,,,,,,,,,,,,,,,,,,,,,,,,,,,,,,,,,,,,,,,,,,,,,,,,,,,,,,,,,,
  ,,,,,,,,,,,,,,,,,,,,,,,,,,,,,,,,,,,,,,,,,,,,,,,,,,,,,,,,,,,,,,,,,,,,,,,,,,,,,,,,,,,,,,,,,,,
  ,,,,,,,,,,,,,,,,,,,,,,,,,,,,,,,,,,,,,,,,,,,,,,,,,,,,,,,,,,,,,,,,,,,,,,,,,,,,,,,,,,,,,,,,,,,
  ,,,,,,,,,,,,,,,,,,,,,,,,,,,,,,,,,,,,,,,,,,,,,,,,,,,,,,,,,,,,,,,,,,,,,,,,,,,,,,,,,,,,,,,,,,,
  ,,,,,,,,,,,,,,,,,,,,,,,,,,,,,,,,,,,,,,,,,,,,,,,,,,,,,,,,,,,,,,,,,,,,,,,,,,,,,,,,,,,,,,,,,,,
  ,,,,,,,,,,,,,,,,,,,,,,,,,,,,,,,,,,,,,,,,,,,,,,,,,,,,,,,,,,,,,,,,,,,,,,,,,,,,,,,,,,,,,,,,,,,
  ,,,,,,,,,,,,,,,,,,,,,,,,,,,,,,,,,,,,,,,,,,,,,,,,,,,,,,,,,,,,,,,,,,,,,,,,,,,,,,,,,,,,,,,,,,,
  ,,,,,,,,,,,,,,,,,,,,,,,,,,,,,,,,,,,,,,,,,,,,,,,,,,,,,,,,,,,,,,,,,,,,,,,,,,,,,,,,,,,,,,,,,,,
  ,,,,,,,,,,,,,,,,,,,,,,,,,,,,,,,,,,,,,,,,,,,,,,,,,,,,,,,,,,,,,,,,,,,,,,,,,,,,,,,,,,,,,,,,,,,
  ,,,,,,,,,,,,,,,,,,,,,,,,,,,,,,,,,,,,,,,,,,,,,,,,,,,,,,,,,,,,,,,,,,,,,,,,,,,,,,,,,,,,,,,,,,,
  ,,,,,,,,,,,,,,,,,,,,,,,,,,,,,,,,,,,,,,,,,,,,,,,,,,,,,,,,,,,,,,,,,,,,,,,,,,,,,,,,,,,,,,,,,,,
  ,,,,,,,,,,,,,,,,,,,,,,,,,,,,,,,,,,,,,,,,,,,,,,,,,,,,,,,,,,,,,,,,,,,,,,,,,,,,,,,,,,,,,,,,,,,
  ,,,,,,,,,,,,,,,,,,,,,,,,,,,,,,,,,,,,,,,,,,,,,,,,,,,,,,,,,,,,,,,,,,,,,,,,,,,,,,,,,,,,,,,,,,,
  ,,,,,,,,,,,,,,,,,,,,,,,,,,,,,,,,,,,,,,,,,,,,,,,,,,,,,,,,,,,,,,,,,,,,,,,,,,,,,,,,,,,,,,,,,,,
  ,,,,,,,,,,,,,,,,,,,,,,,,,,,,,,,,,,,,,,,,,,,,,,,,,,,,,,,,,,,,,,,,,,,,,,,,,,,,,,,,,,,,,,,,,,,
  ,,,,,,,,,,,,,,,,,,,,,,,,,,,,,,,,,,,,,,,,,,,,,,,,,,,,,,,,,,,,,,,,,,,,,,,,,,,,,,,,,,,,,,,,,,,
  ,,,,,,,,,,,,,,,,,,,,,,,,,,,,,,,,,,,,,,,,,,,,,,,,,,,,,,,,,,,,,,,,,,,,,,,,,,,,,,,,,,,,,,,,,,,
  ,,,,,,,,,,,,,,,,,,,,,,,,,,,,,,,,,,,,,,,,,,,,,,,,,,,,,,,,,,,,,,,,,,,,,,,,,,,,,,,,,,,,,,,,,,,
  ,,,,,,,,,,,,,,,,,,,,,,,,,,,,,,,,,,,,,,,,,,,,,,,,,,,,,,,,,,,,,,,,,,,,,,,,,,,,,,,,,,,,,,,,,,,
  ,,,,,,,,,,,,,,,,,,,,,,,,,,,,,,,,,,,,,,,,,,,,,,,,,,,,,,,,,,,,,,,,,,,,,,,,,,,,,,,,,,,,,,,,,,,
  ,,,,,,,,,,,,,,,,,,,,,,,,,,,,,,,,,,,,,,,,,,,,,,,,,,,,,,,,,,,,,,,,,,,,,,,,,,,,,,,,,,,,,,,,,,,
  ,,,,,,,,,,,,,,,,,,,,,,,,,,,,,,,,,,,,,,,,,,,,,,,,,,,,,,,,,,,,,,,,,,,,,,,,,,,,,,,,,,,,,,,,,,,
  ,,,,,,,,,,,,,,,,,,,,,,,,,,,,,,,,,,,,,,,,,,,,,,,,,,,,,,,,,,,,,,,,,,,,,,,,,,,,,,,,,,,,,,,,,,,
  ,,,,,,,,,,,,,,,,,,,,,,,,,,,,,,,,,,,,,,,,,,,,,,,,,,,,,,,,,,,,,,,,,,,,,,,,,,,,,,,,,,,,,,,,,,,
  ,,,,,,,,,,,,,,,,,,,,,,,,,,,,,,,,,,,,,,,,,,,,,,,,,,,,,,,,,,,,,,,,,,,,,,,,,,,,,,,,,,,,,,,,,,,
  ,,,,,,,,,,,,,,,,,,,,,,,,,,,,,,,,,,,,,,,,,,,,,,,,,,,,,,,,,,,,,,,,,,,,,,,,,,,,,,,,,,,,,,,,,,,
  ,,,,,,,,,,,,,,,,,,,,,,,,,,,,,,,,,,,,,,,,,,,,,,,,,,,,,,,,,,,,,,,,,,,,,,,,,,,,,,,,,,,,,,,,,,,
  ,,,,,,,,,,,,,,,,,,,,,,,,,,,,,,,,,,,,,,,,,,,,,,,,,,,,,,,,,,,,,,,,,,,,,,,,,,,,,,,,,,,,,,,,,,,
  ,,,,,,,,,,,,,,,,,,,,,,,,,,,,,,,,,,,,,,,,,,,,,,,,,,,,,,,,,,,,,,,,,,,,,,,,,,,,,,,,,,,,,,,,,,,
  ,,,,,,,,,,,,,,,,,,,,,,,,,,,,,,,,,,,,,,,,,,,,,,,,,,,,,,,,,,,,,,,,,,,,,,,,,,,,,,,,,,,,,,,,,,,
  ,,,,,,,,,,,,,,,,,,,,,,,,,,,,,,,,,,,,,,,,,,,,,,,,,,,,,,,,,,,,,,,,,,,,,,,,,,,,,,,,,,,,,,,,,,,
  ,,,,,,,,,,,,,,,,,,,,,,,,,,,,,,,,,,,,,,,,,,,,,,,,,,,,,,,,,,,,,,,,,,,,,,,,,,,,,,,,,,,,,,,,,,,
  ,,,,,,,,,,,,,,,,,,,,,,,,,,,,,,,,,,,,,,,,,,,,,,,,,,,,,,,,,,,,,,,,,,,,,,,,,,,,,,,,,,,,,,,,,,,
  ,,,,,,,,,,,,,,,,,,,,,,,,,,,,,,,,,,,,,,,,,,,,,,,,,,,,,,,,,,,,,,,,,,,,,,,,,,,,,,,,,,,,,,,,,,,
  ,,,,,,,,,,,,,,,,,,,,,,,,,,,,,,,,,,,,,,,,,,,,,,,,,,,,,,,,,,,,,,,,,,,,,,,,,,,,,,,,,,,,,,,,,,,
  ,,,,,,,,,,,,,,,,,,,,,,,,,,,,,,,,,,,,,,,,,,,,,,,,,,,,,,,,,,,,,,,,,,,,,,,,,,,,,,,,,,,,,,,,,,,
  ,,,,,,,,,,,,,,,,,,,,,,,,,,,,,,,,,,,,,,,,,,,,,,,,,,,,,,,,,,,,,,,,,,,,,,,,,,,,,,,,,,,,,,,,,,,
  ,,,,,,,,,,,,,,,,,,,,,,,,,,,,,,,,,,,,,,,,,,,,,,,,,,,,,,,,,,,,,,,,,,,,,,,,,,,,,,,,,,,,,,,,,,,
  ,,,,,,,,,,,,,,,,,,,,,,,,,,,,,,,,,,,,,,,,,,,,,,,,,,,,,,,,,,,,,,,,,,,,,,,,,,,,,,,,,,,,,,,,,,,
  ,,,,,,,,,,,,,,,,,,,,,,,,,,,,,,,,,,,,,,,,,,,,,,,,,,,,,,,,,,,,,,,,,,,,,,,,,,,,,,,,,,,,,,,,,,,
  ,,,,,,,,,,,,,,,,,,,,,,,,,,,,,,,,,,,,,,,,,,,,,,,,,,,,,,,,,,,,,,,,,,,,,,,,,,,,,,,,,,,,,,,,,,,
  ,,,,,,,,,,,,,,,,,,,,,,,,,,,,,,,,,,,,,,,,,,,,,,,,,,,,,,,,,,,,,,,,,,,,,,,,,,,,,,,,,,,,,,,,,,,
  ,,,,,,,,,,,,,,,,,,,,,,,,,,,,,,,,,,,,,,,,,,,,,,,,,,,,,,,,,,,,,,,,,,,,,,,,,,,,,,,,,,,,,,,,,,,
  ,,,,,,,,,,,,,,,,,,,,,,,,,,,,,,,,,,,,,,,,,,,,,,,,,,,,,,,,,,,,,,,,,,,,,,,,,,,,,,,,,,,,,,,,,,,
  ,,,,,,,,,,,,,,,,,,,,,,,,,,,,,,,,,,,,,,,,,,,,,,,,,,,,,,,,,,,,,,,,,,,,,,,,,,,,,,,,,,,,,,,,,,,
  ,,,,,,,,,,,,,,,,,,,,,,,,,,,,,,,,,,,,,,,,,,,,,,,,,,,,,,,,,,,,,,,,,,,,,,,,,,,,,,,,,,,,,,,,,,,
  ,,,,,,,,,,,,,,,,,,,,,,,,,,,,,,,,,,,,,,,,,,,,,,,,,,,,,,,,,,,,,,,,,,,,,,,,,,,,,,,,,,,,,,,,,,,
  ,,,,,,,,,,,,,,,,,,,,,,,,,,,,,,,,,,,,,,,,,,,,,,,,,,,,,,,,,,,,,,,,,,,,,,,,,,,,,,,,,,,,,,,,,,,
  ,,,,,,,,,,,,,,,,,,,,,,,,,,,,,,,,,,,,,,,,,,,,,,,,,,,,,,,,,,,,,,,,,,,,,,,,,,,,,,,,,,,,,,,,,,,
  ,,,,,,,,,,,,,,,,,,,,,,,,,,,,,,,,,,,,,,,,,,,,,,,,,,,,,,,,,,,,,,,,,,,,,,,,,,,,,,,,,,,,,,,,,,,
  ,,,,,,,,,,,,,,,,,,,,,,,,,,,,,,,,,,,,,,,,,,,,,,,,,,,,,,,,,,,,,,,,,,,,,,,,,,,,,,,,,,,,,,,,,,,
  ,,,,,,,,,,,,,,,,,,,,,,,,,,,,,,,,,,,,,,,,,,,,,,,,,,,,,,,,,,,,,,,,,,,,,,,,,,,,,,,,,,,,,,,,,,,
  ,,,,,,,,,,,,,,,,,,,,,,,,,,,,,,,,,,,,,,,,,,,,,,,,,,,,,,,,,,,,,,,,,,,,,,,,,,,,,,,,,,,,,,,,,,,
  ,,,,,,,,,,,,,,,,,,,,,,,,,,,,,,,,,,,,,, [ 28041035777 ] ]);
