BRENTFACTORS[5534]:=MakeImmutable([ ,,,,,,,,,, [ 19798939799 ],,,, [ 13271344150321 ],,,, 
  [ 3912209593, 4878329383 ], [ 15742249005761 ], [ 60761552153233 ], 
  [ 4662877099, 25830968263 ], [ 76020365426350708100901879554831915142677 ],, 
  [ 1034230501, 5633067968385001 ], [ 1074991607 ], [ 194577174433 ],, 
  [ 23460413311730115605481602304419 ],, [ 29902193784820911038858810737991116333 ], 
  [ 41120895092710529 ], [ 253422575772795282019267663 ], [ 228674811059 ],, 
  [ 151040096929, 503241588181 ], [ 32770083774007, 174084382077612730590941 ], 
  [ 98377533704855159 ], [ 1714827130397357150789009960338801 ], [ 1102579357721 ], 
  [ 2833593104213, 134033105844257741171393932327, 1429496977719221020019994063680679250081 ]
   ,, 
  [ 5881644167878573, 70949601886094847285311607821, 
      317202728708190136215436808808325249676689 ], [ 38374887127193 ], 
  [ 18605010267304940442511 ], 
  [ 1495710379, 2418220739267, 58975757078429, 232878419411296327 ], 
  [ 2570972856359836395343 ], [ 4630526372004706097147617 ],, [ 1053500678101014826227151 ], 
  [ 11566807484863, 314905643193577, 1589626648422367 ], [ 61867920997269411649 ], 
  [ 403393457959153, 75772275569876682687427 ], [ 266485333189861 ],, [ 9404848690609 ], 
  [ 654945645911026023958153 ],, [ 550387975912571 ], [ 23394659641 ], [ 240211040633 ], 
  [ 60338872475683667, 40160122818357957640694325911890204339 ],, [ 9045097729 ], 
  [ 431540944878400852897628851, 85570577602276293823399760411 ], 
  [ 29441638639506589, 388696886684141425224724957 ], [ 10494561692102788171 ], 
  [ 10179307261, 19163704201048984525513469040511789369 ], [ 3019223869736578770136357 ], 
  [ 56875931312942265076316681 ],,,, 
  [ 29625012014431, 10393568033184577210940830089198932623571437973862143123 ],, 
  [ 1890347463891977473, 29835379876159621310990056954743817 ],, 
  [ 34362445842309741611982585319 ],, 
  [ 20314928853761, 4382162650928907868983088209202156059281 ], [ 3894024146319991 ], 
  [ 4367700065819, 548565426716011937341927 ], [ 6878060340813743, 13876452750630010547 ], 
  [ 582197617124173 ], [ 32173095341, 46473489901, 2340804516781, 1301679016693323221 ], 
  [ 229979157935710692401 ],, [ 2736211633, 2775663881 ],, [ 536653959931 ],,,, 
  [ 158931823389529 ], [ 777394776451 ], [ 45337110289999243384086927522913 ],,, 
  [ 143401901209183 ], [ 1588930901 ], [ 173676459389120605271 ], 
  [ 6032695865121060098146968871, 476775267655829160643739536101331 ],, [ 2099355233 ],,, 
  [ 11816432476496719 ],,, [ 115012606626243481, 3805884400953085001 ], [ 490212537476839 ], 
  [ 9964581413720390689 ], [ 32834649344920458313 ], 
  [ 787240672738771, 3192418528743149689276828726561, 
      15667132833944011713136847793617526547725529 ], [ 1090467591025573409600261971 ], 
  [ 3494332381, 58342008420592081 ],, [ 9248157545501844271, 4761335270412428554349 ],, 
  [ 13248008653161045721 ], [ 1295466173 ],,, 
  [ 2579582311266377, 1132474025643368428826788484322173 ], [ 13318953003001 ],, 
  [ 789450412969, 84201972153251 ],,,, [ 576096994677371, 484527988749524633 ], 
  [ 4164049803751861 ], [ 32589522533 ], [ 86192812813313 ], 
  [ 5429795127751, 53503875005941, 763659136751105341 ],, 
  [ 25087376981, 711311871736602948552379 ], 
  [ 2747053778555389, 326907372062972023, 41869613570834653761579043, 
      9963838332747488829198179357864939783977 ], [ 3529196949654737, 879802668628785683909 ]
    , [ 5437164041 ],, [ 1607588107, 8091274453, 3669635593073714660411 ], [ 1406450232617 ],
  [ 300628647937, 1010601883729, 72859576239694028593 ],,, [ 1184261989, 657872103533761621 ]
    , [ 847399065535688302421 ], [ 8435811119, 58850705113624079 ], 
  [ 4076413751251, 12594501629401 ],, [ 11046368144185321350713 ], [ 3862758259 ],, 
  [ 776676785714251, 517054297865345411 ], [ 144912255074114546943942421 ], 
  [ 1269709521659, 179363676727812640879 ], [ 775131975688462709, 115154383445478790423 ], 
  [ 20430826477 ], [ 5708245795673444321 ],,,, [ 8340954583506737, 131084628417898741 ], 
  [ 3208263631, 4612005324253224151 ], [ 21716104141786771 ], [ 147930226114641809 ], 
  [ 136498967151168535369 ],, [ 5750796594747025675981 ],, 
  [ 4004230177, 17359974277, 138245606129 ], [ 206416644356119 ], [ 31417807489 ], 
  [ 21097029290401 ], [ 89048135441 ], [ 1182932328663925633, 23503210844240868883 ],, 
  [ 234650201522541941 ],,, [ 19502466378255407 ],, [ 4303368473234143751873 ], 
  [ 75870552926544401 ], [ 154542343591, 4315458705655633937360779 ],, 
  [ 15030183962938058597 ], [ 293205837630567351095535133 ], 
  [ 1805529811381862491, 2457590817395339770751, 36137507012689349961731 ],, 
  [ 4635102337, 451325938771969 ], [ 1288301977927, 5199929836650469 ], 
  [ 207842849243, 904641504920827 ],,, [ 299468918048429 ], [ 964884416690955223 ],, 
  [ 66186718253801 ], [ 2416736370153048583 ], [ 96986743993, 2268201904729877041099 ], 
  [ 112351780339, 24588864950651 ],, [ 5718711161, 155387146170811, 58682776479705941 ],, 
  [ 1378064196307, 1447362786189349608913 ],, [ 6264993858703284409 ], [ 383556749941 ], 
  [ 1246741846853, 65337243414096209, 638278197996698639, 4572268622122024741 ],, 
  [ 34849227205022473 ], [ 159688532117 ],, 
  [ 8442633055321, 88537630283896537, 192973235220355177604377, 
      5242267966930033809851092751833 ], [ 1112950371653 ], 
  [ 2424029912640356717, 4203467845941942191 ], [ 23958962858867074249 ],,, 
  [ 38326280911, 370914386941831 ],, [ 4430543041, 8952895717294369, 226905420281494753 ], 
  [ 1200070817373601 ], [ 2363116534553 ], [ 6517567616442469, 13049388628962321509 ],,, 
  [ 4012452121, 1832924743681 ], [ 1856016029407 ], [ 339010351249, 3374337461383009214833 ],
  [ 3105887671, 16036589879, 178717231154764103 ], [ 1860245393212529623 ], [ 19616670121 ], 
  [ 6311887733, 1297679297269984273 ],, [ 8966776147379, 6463441294225973 ],, 
  [ 94095203634614401 ], [ 854554598902591 ],, [ 4164222961, 12805596913699 ], 
  [ 9876643805209 ],, [ 1497596518351, 4443037145278607798464117, 8265866384699412996671467 ]
   ,,, [ 976446027511, 53104914538292282797 ],, [ 611383051049 ], [ 145373677029135515269 ], 
  [ 477996847813, 28339598856691 ],, 
  [ 56223128281, 580865188394769151, 130343956132803671971 ], [ 5900933377, 112590173441 ],,
  , [ 3563185951961483 ], [ 309797722075587461 ],, [ 40235419649, 246835084865027 ], 
  [ 52521050161501 ], [ 69747610766573521, 1537789950547711973641 ], [ 605840117972500981 ],
  , [ 1198979821177 ], 
  [ 248527855393, 421768093793, 16657324705737721673, 8644878848086152590768693 ],, 
  [ 3995476741, 817534835461 ],, [ 51336787656786397729, 76368397739956697267521 ],, 
  [ 148085443229, 1644565284469, 1349271473839036671539646707 ], 
  [ 17415330901, 1531304812837801, 15765932050490504172401 ],,, [ 320098725949 ], 
  [ 40216207807, 159528945947494789 ], [ 23614747890480357521 ], 
  [ 23516172381077, 68966694712309 ],, [ 65905702787 ],, 
  [ 1222982311, 12639229591, 32075192236741, 27638198099584321 ], 
  [ 57025364187793, 255134403752900387, 6398130501072118818439 ],, [ 543246455027233 ], 
  [ 2404053437 ],, [ 7027917139 ], [ 4770377725833127313093 ],, 
  [ 2379824749, 754783111677883 ], [ 6959970920707706651 ],,, 
  [ 1349985893, 256732547569, 262092887620981609, 1975884803237165507332021 ], 
  [ 8723539530009742621 ], [ 82372371901, 16106230238101, 15428439680908839901 ], 
  [ 23649497988193409039 ], [ 63694623406717231, 95077118136653461 ], [ 16198864921704193 ],
  , [ 10179772721 ], [ 704854552748167, 362967792538199740597, 1673407155940445482921261 ], 
  [ 496623648043 ],,, [ 37773426221, 221112250441 ],,, [ 117719991731, 3216189336397 ], 
  [ 239753914465533379 ], [ 4431840841, 3732082946754751 ], [ 91749521750489 ],, 
  [ 17851682436337, 191545322471527 ],, [ 7878234553289676161 ],, [ 16878151319 ], 
  [ 1040441141, 227822714017391 ], [ 352132265521, 4049095752274717 ], [ 238482314201 ],, 
  [ 201608738923, 109898383490113 ],,, [ 26183449051 ],,,, [ 7241771969, 294393222648320941 ]
   ,,, [ 797477022421 ],, [ 30261730768177 ],,, 
  [ 1601041879, 1286685448327, 3934685927673019 ],, [ 106340195057, 32652358099193017 ], 
  [ 1270987854271 ],,, [ 62247712477, 297883658353 ],, [ 47448608551, 152417891625315457051 ]
    , [ 355768453639, 647935631504929 ], [ 15490625423117857 ],, 
  [ 10061963251, 420787516534531 ], [ 12426937270171981 ],,, [ 2303650884149 ],, 
  [ 4780559262941281, 82498822693479721 ],,,,,, [ 1912999017528113072953 ], [ 29223977323 ],,
  , [ 701349772621, 26373656524531 ],,, [ 315385820963 ],, [ 42434574210751 ],,,,,, 
  [ 2188765753, 78727167667, 187551924871 ], [ 169706438717505392657 ], [ 7017808955341 ],, 
  [ 6741008441861 ],, [ 2906735329 ], [ 7281020597, 29376149689, 21043425527876341 ], 
  [ 5665850290459423 ],, [ 19370751233423659 ],, [ 1019526889, 252929624977, 330171823339 ],
  , [ 48560029907474971 ], [ 611805258351524343349 ],,,, 
  [ 933583309152401, 19472565987792973547201 ], [ 58434091327, 1267708584972727 ],,, 
  [ 207852685368689 ],, [ 1292599125524977975363 ],, 
  [ 1558664857, 2366209873, 3844313187439975441 ],,,,, [ 5744091525439 ], [ 53676230221 ],,, 
  [ 89038993423, 21298295394637, 41061516304681 ],, [ 4386352142017 ], 
  [ 229204535209790281, 377920760957576639147414875681 ], [ 147727939279 ], [ 3156527929 ],, 
  [ 39457813535521 ],,,, [ 139672306621, 33785933961121 ],, [ 8482028641, 73749326132583931 ]
   ,,,, [ 27053556223, 6516232059247247, 6690521274275287 ], [ 384859661791021 ], 
  [ 228831259369, 146996514404520658789 ],,,,, [ 221493013826113 ], [ 32580512333773 ],,, 
  [ 126779313631 ],, [ 681502853149 ], [ 68420468929 ], [ 12379997723, 14745641329 ], 
  [ 580354408801 ],, [ 3179254283581 ],, [ 12476581010213508667 ],, 
  [ 8798689584715605313, 14177090128786689193 ],,, [ 237204224456743 ], 
  [ 3737465041, 13157564461, 411234043921 ],, 
  [ 528877697503, 202394635310407, 4496593213800126511381 ], [ 297649687849 ], 
  [ 202775553599750274001 ],, [ 8228801282380999 ],, [ 40757504581 ], 
  [ 225177588511, 469382204257051 ], [ 2528251558451, 1777948991065321, 1136615719794192091 ]
   ,, [ 21826909562537, 3794248913596049 ],,,,, [ 60866108209, 2154358846891 ],,,,, 
  [ 1327579831 ],,,, [ 1323517982325337 ], [ 3034003183, 10780304230867 ],,,, 
  [ 16429489463, 114476719393368791 ],, [ 204139399967, 339760654213 ],, [ 747307684118161 ],
  ,, [ 291873373561015864731979 ], [ 13669900411, 92447220031, 147263981801 ],,, 
  [ 9656644624247 ],, [ 1000043851969 ],,,,,, 
  [ 191395879891, 278318130751, 2502325867044301 ],, 
  [ 6682734593, 15452576257, 325277746177, 3236998834177 ], [ 165752311987, 910838569141 ], 
  [ 1035539867 ],, [ 58887904027582621 ],,,, [ 31847338121 ], [ 2309779519 ],,, 
  [ 13645735595121689 ],,,, [ 54885933044393617 ],,,, [ 159058571897 ],,, [ 4854377071 ],,, 
  [ 50422036267, 18843314177059 ],, [ 55201987984704621121 ],,, [ 77899227433 ],,,,, 
  [ 3076383773, 101729397677, 165635738357, 487754442349 ],, 
  [ 445282393601, 642121371989351, 3321475928401951 ],, [ 266033060868097 ],, 
  [ 12415921739983 ],, [ 5429916664853 ],,,,, [ 28442422867 ], [ 2959012092736009 ], 
  [ 1013124131 ], [ 7462227037, 142582174276561, 193076746040401, 18914445162280849 ],, 
  [ 83083589514371, 324197499456359 ],, [ 285541864969 ],,,,,,, [ 272940620501 ], 
  [ 959276336257 ], [ 28692713263 ], 
  [ 3701207442553, 12508155966101879, 14941861257392479, 102748478638708313, 
      50920579172279496047 ],, [ 46149423305565361 ],, [ 399650324048723554189 ],, 
  [ 1779958417 ], [ 2157559935571, 2246204385361 ], [ 201090269803 ],, 
  [ 10637970169, 9851697188341 ],,,, [ 29447942355321793 ],,,,,, [ 6728721280097900591 ],, 
  [ 15061066289138659201 ], [ 3050361077 ], [ 4983649226418582917, 8668096299397361527 ],,, 
  [ 17857603501 ], [ 4214058553, 16325841799 ], [ 1440850469 ], [ 739798433921 ], 
  [ 2945317663, 838937469944029 ], [ 622973166461 ],,,,, [ 543347143351, 2672973436051 ],,,,,
  ,,,, [ 11263604977 ],,,, [ 10982260529 ],, [ 16545429181, 23438584675085581 ],,,,,, 
  [ 170125027753, 6222619752157 ], [ 7807658041 ],,,,,, [ 1990391069 ],,,,,,, 
  [ 25616503901, 151908901783601 ],,,,, [ 6473176361, 16937655481 ],, [ 1420152596389 ],,, 
  [ 417307732533620399461 ],, [ 345941466120269 ], [ 327083851147 ],,,,,,,,, 
  [ 49490505325197889, 269091159423232609 ], [ 13138592699 ], [ 4606442891, 388238776103 ],, 
  [ 1462166369 ], [ 2168150723 ],,, [ 9930206342281 ],, [ 22463973224883653 ],,,, 
  [ 36060687601 ],,,,,, [ 44022465761 ],, [ 3603166109 ],,,, [ 7621691085736064971 ],,, 
  [ 16974155603 ],,,,, [ 484101825017 ], [ 2548047590971 ],,,,, [ 13738571153, 21616547129 ],
  ,,,,, [ 55020111677 ],, [ 61373723457601 ],, [ 70010880839 ],,,,, [ 43314533503 ],,, 
  [ 569895196867291 ],,, [ 1329735301 ], [ 364985903267 ],, [ 260568950401 ],, 
  [ 515813318569 ],,,,, [ 19960200163 ], [ 20906118641521 ],,,, [ 28367240456237 ],, 
  [ 13726566081751 ], [ 1019194117 ], [ 1938170209, 4891528492289 ], [ 11187414373 ],,,,,,, 
  [ 137511275641 ],, [ 1709546239 ], [ 27165298063 ],,, [ 12081191141 ],, 
  [ 1548971521, 1158540337153 ],, [ 2402990860271 ],,,,,,,,,,,,,,,, [ 1298694054509029 ],, 
  [ 2547999577 ],,,,,,,, [ 1282308241 ],,,, [ 20478479201, 71818934401 ],, [ 466511060429 ],
  , [ 22606642057, 10285767768373 ],,,, [ 9884281777, 835691098142137 ],, [ 6191772031 ],, 
  [ 35581688095913 ], [ 2029434991 ],, [ 2652489221 ], [ 1925141508806497 ],,,, 
  [ 111639424759001 ],,,, [ 208155663929 ],,, [ 3099965096717 ],,, 
  [ 5227364600371, 23010799566201541 ],,,,,,,,,, [ 53364161224081 ], [ 10517756251 ],,,,,,, 
  [ 39074499736849, 101316561362993, 787400537378401 ],,,,,, [ 55233017057 ],, 
  [ 1813999249 ],, [ 1756574821 ],,,, [ 944301407603, 9348683040349 ],,, [ 105320393201 ], 
  [ 20827888616737 ],,,, [ 116536870955446832641 ], [ 1504366813 ], 
  [ 1464734153, 29437957873, 96935154497, 26329351080998929 ],,, [ 16207135001, 17345760251 ]
   ,,,,,,,,, [ 187847910536053 ],,,, [ 507589706641 ],, [ 164426618011 ],, [ 2157662369 ],, 
  [ 392243694680809 ],,,,,, [ 10784718001 ], [ 1204265789 ], [ 2021574127, 169048334333209 ],
  , [ 2881142244713, 3526521906433 ],,,,,,,,,, [ 3664442484557 ],,,,, [ 1927540009 ],,,,, 
  [ 35051390221 ], [ 15126241951 ], [ 1625642932699 ],,, [ 83339215081 ],,, 
  [ 1933299793, 132511218509, 200605790981 ],, [ 8388401546783, 2831052427736011 ],,,,,,,, 
  [ 28887501997 ],,,, [ 2756137907253149 ],,,,,,,, [ 2799878963941 ],,,, [ 706494058628087 ],
  ,,, [ 20349590579683 ],, [ 6390378173 ],,,,,,,,,,,,,,,,, [ 39853719487 ],,, 
  [ 240021137537809 ],, [ 50282941564069 ],,,,,, [ 13701454955521 ], [ 185454298591 ],,, 
  [ 4326992521, 1229710719733 ],,,,,,, [ 1471705913 ], [ 1248769177 ],,,, [ 52959164833 ],,,
  , [ 292376005153 ],,, [ 54847502221 ],,,,, 
  [ 3402521297881, 5655996877833361, 94070148043210621 ], [ 3298132217 ],,,, [ 3047177401 ], 
  [ 4293766909 ],,,,,,,,,,,,, [ 1224014731 ], [ 436941880961 ],, [ 178608089431 ],,,,,,,, 
  [ 262287758251 ],,,,,,,,,,,, [ 17386689765594448891 ],, [ 7391556929 ],,, [ 43001525513 ], 
  [ 126521794801 ], [ 23862639187 ], [ 1598448391 ], [ 370650983851 ],,, [ 5558940229 ],,,,,,
  ,,, [ 8656371349, 127213752427 ],, [ 85197075251 ],,,, [ 15809213377 ],,,,, [ 8766579739 ],
  ,,,,,, [ 26796019093 ],,,,,,,,,,,, [ 357511397923 ],, [ 25053019741 ],,,,,,,,,,,, 
  [ 3320507149 ],,,,,,,,, [ 11260461409 ],,,,,,,, [ 2852703569 ],,, [ 20380113931 ], 
  [ 12710752433 ],,,,,,,,,,, [ 2125337113 ],, [ 2339909587 ],,, [ 1280259157 ],,,,,,,,,,,,,,,
  , [ 1987201421 ],,, [ 1618776979 ],,, [ 984497451953 ],,,,,,,,,,,,,, [ 340252377601 ],,, 
  [ 8563849033 ],,,,, [ 11182716929 ],,, [ 2821002703 ],,,,,,,,,,,, [ 567584900023 ], 
  [ 59709215737 ],,,,, [ 1305367603 ],,,, [ 1446496417 ],,, [ 1418416297 ],,, 
  [ 120690657949 ],,, [ 1610036893 ],,,,,, [ 272648251201 ],,,,,,,,,,,,,,, [ 25045153597 ],,,
  ,,,, [ 9437209981 ],, [ 37164655439881 ], [ 75469616597 ],, [ 60323024401 ],,,, 
  [ 567554129419 ],,,, [ 151076906551 ],,,,, [ 1062677281 ],,,,,,,,,, [ 1156518001 ],,, 
  [ 44266251791 ],,,,,,, [ 3235345849 ],,,,, [ 3241224533 ],,, [ 1570000266437 ], 
  [ 1127444191 ],,, [ 83332110180001 ],,, [ 2468731231 ],,,,, [ 12497842529 ],,,,,,,,,, 
  [ 1125182476591 ],,,,,,,,,, [ 133943321737 ],,,,,,,,,,,,,, [ 60856792747 ],,,,, 
  [ 3000857539 ],,, [ 1673693381 ],,,,,, [ 8097385729, 10177970657 ],, [ 44879160119 ], 
  [ 7832118757 ],,,,,,, [ 2354463343, 7964783443 ],,,,, [ 227249130551 ],,,,, [ 4054048217 ],
  ,,,,,,,,,,,,,,,,,,,,, [ 2634455407, 15193521173 ], [ 1256640859 ],,,,, [ 9927952849 ],, 
  [ 62324363851 ],,,,,,,, [ 3646712191 ],,,,,,,,,,,,,,,,,,,,,,, [ 144972528643 ],,,,,,,,,,, 
  [ 103419228889 ],,,,,,,,,,,,,,,,, [ 1733404861 ],,,,,,,,,,,,,, [ 2634630409 ], 
  [ 1071850501 ],,,,,, [ 1438961306071 ],,,,,,,,,,,,,,,,,,,,,,, [ 84411882193 ],,,,,,,,,,,,,,
  ,,,,,,,,,,,,,,,,,, [ 2217153863, 8653369159 ], [ 206312377657 ],,,,,, [ 3769050209 ],,,, 
  [ 84434257256617 ], [ 1579154557553 ],,,,, [ 128102759569, 218534403271 ],,, 
  [ 1784850979 ],,,,,,, [ 1170564029 ],,,,,,,,,,,,,,,,,,,,,,,,,,,,, [ 83062880671 ],,,,,,,,,,
  ,,,,,,,,,,,,,,,,, [ 1478873353 ], [ 71484994981 ],, [ 2865658123 ],,,,,,,,,,,,,,,,,,,,,,,, 
  [ 665047008163 ], [ 1083541273 ],,,, [ 2353762669 ],,,,,,,,,,,,,, [ 503409483461 ], 
  [ 2226685127 ],,,,,,,,,,,,,,,,,,,,, [ 9152108897 ],,,,,,,,,,,,,,,,,,,,, [ 1245118909 ],, 
  [ 6250285451 ],,,,, [ 31337781061 ],,,,, [ 834705432391 ], [ 111167506999819 ],,,,,,,,, 
  [ 1633599631 ],,,,,,,,,, [ 8940226261 ],,,, [ 1109039171 ],,,, [ 20632830067 ],,, 
  [ 2190291073 ],,,,,,,,,,,, [ 6250946341 ],, [ 6509356481 ],,,,,,, [ 1533268687 ],,,,,,,,,,,
  ,,,, [ 4495273021 ],,,,,,,,,,,,,,,, [ 6287736869 ], [ 3548633117 ],,,,,,,,,,,,,,,, 
  [ 1198397611 ],,,,, [ 180403436351 ],,,,,,,,,,,,,,,, [ 30144599293 ],, [ 157255329061 ],,,,
  ,,,,,,,,,,, [ 44073232207019 ], [ 1246697437 ],,,,,,,,,, [ 25480010411 ],,,,,,,, 
  [ 68379569550199 ],,,,,,,,,,,,,,,,,, [ 4279428481, 820315587841 ],,,,,,,,,,,,,,,, 
  [ 899382791473 ],, [ 82053243631 ],,,,,, [ 1144827433 ],,,,,,,,,,,,,, [ 3401143901 ],,,,,,,
  ,,,,,,,,,,, [ 4223514257 ],, [ 20937901421 ],, [ 3913388821 ],, [ 1484773679 ],,,,,,,,, 
  [ 97269843089 ],,,,,,, [ 9519123349 ],,,,,,,,,,,,,,,,, [ 2202120961 ],,,,,,,,,,,,,,,, 
  [ 12362043019 ],,, [ 39118333447 ],,,,,,,,,, [ 49879533733 ],,,,,,,,,,, [ 1094739601 ], 
  [ 5858872177 ],,,,, [ 10527456097 ],,, [ 1702773169 ],,,,,,,,,,,,,, [ 8987399873 ],,,, 
  [ 4120315477 ],, [ 26677990477 ],,,,,,,,, [ 4819584780557 ],,,, [ 1983355183 ],,,,,,, 
  [ 4348503017 ],,,,, [ 881955539401 ],,,,,,,,,,,,, [ 5466274123 ],,,, [ 70213237733 ],,,,,,
  , [ 491456373409 ],,, [ 30524728009 ],,,,,,,,,,,,,,,,,,,,, [ 275237488117 ],,,,,,,,,,, 
  [ 31315251073 ],,,,,, [ 1173279539 ],,,,,,,,,,,,,,,,,, [ 2493866227441 ],,,, 
  [ 3178299349 ],,, [ 258005820097 ], [ 23151955201 ],,,,,,,,,,,,,,,, [ 2106303569 ], 
  [ 398370087337 ],,, [ 3256851001 ],,,,, [ 1955245451 ],,, [ 14713870189 ],,,,,,, 
  [ 24540121201, 107252428043191 ],,,,,,,,,,,,,,,,,, [ 2104671493 ],,,,,,, [ 74520051241 ],,,
  ,,, [ 3723393763 ],,,,,,,,, [ 2945952101 ],, [ 10138014613 ],,,,,,, [ 118116975841453 ],, 
  [ 8780098519 ],,,,,,,,,,,, [ 1946065897 ],,, [ 2769451387 ],,,,,,, [ 39232023317 ],, 
  [ 9264282721 ],,,,,,,,,,,,,,,,,,,,,,,,,,,, [ 11877797513 ],,,,,,,,,,,,,,,,, 
  [ 40861063351 ], [ 8981840057 ],,,,,,,,,,,, [ 2238818497 ],,,,, [ 17292539839 ],,,,,,,,,,, 
  [ 8639065297 ],,,,,,, [ 2691802147, 7018560529 ],,,,, [ 4035336013 ],,,,,,,,,,,,,,,,,,,,,,,
  ,, [ 35150615209 ],,,,,,,,,,,,,,, [ 21892539061 ],, [ 1588627619 ],,,,,,,,,, 
  [ 13105833121 ],,, [ 7269053251 ],,,,,,,,,,,, [ 10016715589 ],,,,,,, [ 208519240151 ],,,,,,
  ,,,,, [ 129955688047 ],,,,,,, [ 16021762121 ],,,,,, [ 513379824241 ],,,,,,,,,,, 
  [ 15208751791 ],,,,,,, [ 9672661431361 ],,,,,,,,,,,,,,,, [ 188572921633 ],,,,,,,,,, 
  [ 3058858513 ],, [ 120122396281 ], [ 77757064771 ],,,,, [ 9433571593 ], [ 4952458117 ],,,,,
  ,,,,,,,, [ 342604600321 ],,,,,,,,,,,,,,,,,,,,,, [ 38792964653 ],,, [ 45593196001 ],,,, 
  [ 2805725191 ],,,,,,, [ 1992513059021 ],, [ 33026399521 ],, [ 1586956801 ],,,,,,,,,,,,, 
  [ 26333014423 ],,,,,,,,,,,,,,,,,, [ 39020139997 ],,,,,,,,,,,,,,,,, [ 1815640921 ],,,,,,,,,,
  ,,,,,,,,,, [ 6373136977 ],,,, [ 191937921640033 ], [ 3127212199 ],,, [ 208034830369 ],,,,,,
  ,,, [ 160667258551 ],,,,,,,,, [ 2167091317, 1358179897951 ],,,,,,,,, [ 13007942516299 ],,, 
  [ 13706812747 ],,,,,,,,, [ 5086400461 ],,,,,,,,,,,, [ 2719446211 ], [ 147144416233 ],,,,,,,
  ,,,,,,,,, [ 1053646609 ],, [ 7308564127 ],,,,,, [ 13947458809601 ],,,, [ 4214014949 ],,,,,,
  ,,,,,,,,,,,,, [ 5619141901 ],,,,,,,,,,,,,,,,,,,,,,,,, [ 352444587601 ],,,,,,,,,,,,,,,,,,,,,
  ,,, [ 6625476769 ],,,,,,,, [ 5699498989729 ],,,,,,,,,,,,,,,,,,,,,,,,,,,,,,,,, 
  [ 82458441691 ],,,,,,, [ 6288887329 ],,,,, [ 2419039141 ],,,,,,,,,,, [ 6888067721 ],,,, 
  [ 13117383217, 47003256661 ],,,,,,,,,,,,,,,, [ 31383063301, 109333899317, 33854853415709 ],
  ,,,,,,,,,,, [ 4937209001 ],,,,, [ 13235601601 ],,,,,,,,,,,,,,,,,,,,,,,,,,,,,,,,,,,,,,,,, 
  [ 2951303471, 91558569217 ],,,,,,,, [ 82095197123 ],,,, [ 2950703653, 6148920797 ],,,,,,, 
  [ 147005739691 ],,,,, [ 32768576101 ],,,,,,,,,,,, [ 66454712627 ],,,,,, [ 21604358401 ],,,,
  ,,,,,,,, [ 19171627421 ],, [ 1309396337 ],,,,,, [ 976982840429 ],,,,,,,,,,,,,,,,,,,, 
  [ 4645929241, 10447513777 ],, [ 1579094801 ],,,,,, [ 2490502481 ],,,,,,,,,,,,,,,,,,,,,,,,,
  , [ 211296566567 ],,,,, [ 2961686323 ],,, [ 1670852611 ],, [ 8326023197 ],,,,,,,,,, 
  [ 35564907709 ],,,,,,,,,,,,,,,,,,,,,,,,,, [ 18672280073 ],,,,,,,,,,,, [ 1637007601 ],,,,,,,
  ,,,,,,,,,,,,,,, [ 3235563931 ],,,,,,,,,,,, [ 45671174797 ],,,, 
  [ 1292118736903, 5223130318729 ],,,,,, [ 9307507009 ],,,,,,,,,,,,,,,,,,,,,,,,,, 
  [ 113159266681 ],,,,,,,,,,,,,,, [ 33760319101 ],,,,,,,,,,,,,,,,,,, [ 2560396531897 ],,,,,,,
  ,,, [ 8001439026583 ],,,,,,,,,,,,,,,,,,,,,,,,,,,,,,, [ 2269606501 ], [ 8478323611 ],,,,,,,,
  ,,,,,,,,,,,,,,,,,, [ 400473033553 ],, [ 7282064297 ],,,,,,,,,,,,,,,,,,,, 
  [ 1333339949, 46929867431 ],,,,,,,, [ 24351061909 ],, [ 26441940977 ],, [ 68135859443 ],,,,
  ,,,,,,,,,,,, [ 4322062807, 11994099739 ],,,,,,,, [ 1355397151 ],,,,,,,,,,,, 
  [ 53752716613 ],,,,,, [ 1222038049 ],,,,,,,,,,,,,,,, [ 12057757729 ],,,,,,,,,,,,,,,,,, 
  [ 16042657669 ],,,,,,,, [ 18599329351 ],,,,, [ 15209712841 ],,,,,,,,,,,,,,,,,,,,,,,,, 
  [ 1139339941 ],, [ 119039426347 ],,,,,,,,,,,,,,,,,, [ 5303252041 ],,,, [ 6500959349 ],,,,,,
  ,, [ 5271317173 ],,,,,,,,,, [ 2601936973 ],,,, [ 2129726713 ],,,,,,,,,,,,,,,,,,,,,,,, 
  [ 46568144771 ],,,,,,,,,,,, [ 21939944951 ],, [ 2075898001 ],,,, 
  [ 22739085877, 187391058013 ],,,,,, [ 65718645287 ],,,,,,,,,,,,,,,,,,,,,,,,,,,,,,,,,,,,,,,
  , [ 1541710993 ],, [ 1891567921, 2479424021 ],,,,,,,,,,,,,,,,,, [ 1396727879 ],,,,,,,,,,,,,
  ,,,,,,,,,,,,,,,,,,,,,,,,,,,,,,,,,,,,,,,,,,, [ 1911471791, 415299214831 ],,,,,,,,,,,,,,,,,, 
  [ 1168727201 ],,,,,,,,,,,,,,,,,,,,,, [ 1164164611 ],,,,,,,,,,,,,,,,,,,,,, [ 1741608709 ],,,
  ,,, [ 23955511273 ],,,,,,,,,,,,,, [ 9252923513 ],,,,,,,, [ 4379497601 ],,,,,,,,,,,, 
  [ 140205805801 ],,,,,,,,,,,,,,,,,, [ 2172704671, 35915362711 ],,,,,,,,,,,,,, 
  [ 1986018949 ],, [ 300015485881 ],,,,,,,,,,,, [ 3698954761 ],,,,,,,,,,,,,,,,,,,,,,,,,,,,,, 
  [ 1210003601 ],,,,,,,,,, [ 383027232253 ],,,,,,,,,,,, [ 25927080481 ],,,,,,,,,,,,,,,,,,,,,,
  ,,,,,,,,,,,,,,,,,,,,,,,, [ 3478195117, 4189172329, 113000702981 ],,,,,,,,,,,,,,,,,,,,,,,,,
  , [ 1938947599 ],,,,,, [ 22128761089 ],,,,,,,,,,,,,,,,,,,,,,,,,,,,,,,,,,,,,,,,,,,,,,,,,,,,,
  , [ 21526529887 ],,,,,,,,,,,,,,,,,,,,,,,,,,,,,,,,,,,,,,,,,,,, [ 55944102691 ],,,,,,,,,,,,,,
  ,,,,,,,, [ 1308451861 ],,,,,,,,,,,,,,,,,,,,,, [ 35412876451 ],,,,,,,,,,,,,, 
  [ 189148188961 ],,,,,, [ 1317159142471 ],,,,,,,,,,,,,,,,,,,,,,,,,, 
  [ 1417820801, 2086827073, 8055856777, 144872242769 ],,,, [ 127996272361 ],,,,,,,,,, 
  [ 1326684451 ],,,,,,,,,, [ 26398490561 ],,,,,,,,,,,,,,,,,,,,,,,,,,,,,,,,,,,,,,,,,,,,,, 
  [ 2182859323 ],,,,,, [ 1316835469 ],,,,,,,,,,,, [ 138487823233 ],,,,,,,,,,,,,,,,,,,,,,,,,, 
  [ 8750983751 ],,,,,,,,,,,,,,,, [ 736911775009 ],,,, [ 6292630681 ],,,,,,,,,,,,,,,,,,,,,,,,,
  , [ 47592484201 ],,,,,,,,,,,,,,,,,,,,,,,,,,,,,,,,,,,, [ 2961758077 ],,,,,, [ 6690189403 ],,
  ,,,,,,,,,,,,,,,,,,,,,,,,,,,,,,,,,, [ 35351310979 ],,,,,,,,,,,,,,,,,,,,,,,,,,,,,,,,,,,,,,,,,
  , [ 16699735489 ],,,, [ 11899338361 ],,,,,,,, [ 1579554672193 ],, 
  [ 2120787191, 10636904011 ],,,,,,,,,,,,,,,,,,,,,,,,,,,,,,,,,,,,,,,,,,,,,, [ 87565890301 ],,
  ,, [ 35861360641 ],,,,,,,,,,,,,,,,,,,,,,,,,,,,,, [ 6732649771 ],,,,,,,,,,,,,, 
  [ 22423993177 ],,,,,,,,,,,,,,,,,, [ 20710828993747 ],,,,,,,,,,,,,,,,,,,,,,,,,,,,,,,,,,,,,,,
  ,,,,,,,,,,,,,,, [ 3816527593, 23115067249 ],,,,,,,,,,,,,, [ 31655219621, 73449733171 ],,,,,
  ,,,,,,,,,,, [ 43727690593 ],,,,,,,,,,,,,,,,,, [ 1306231813 ],,,,,,,,,,,,,,,,,,,,,,,,,,,,,,,
  ,,,,,,,,,,,,,,,,, [ 1381681393 ],,,,,, [ 16064947243, 17461286803 ],,,,,,,,,,,,,,,,,,,,,,,,
  ,,,,,,,, [ 148812866621 ],,,,,,,,,,,,,,,,,,,,,,,,,,,,,, [ 27601164641 ],,,,,,,,,,,,,,,,,,,,
  ,,,,,,,, [ 29700040609, 30436966477 ],,,,,,,,,,,,,,,,,, [ 61241865979123 ],,,,,,,,,,,,,,,,,
  ,,,,,,,,,,,,,,,,,,,,,,,,, [ 1215049393, 15543347329 ],,,,,,,,,,,,,,,,,,,,,,,,,,,,,,,,,,,,,,
  ,,,,,,,,,,,,,,,,,,,,,,,,,,,,,,,,,,,,,,,,,,,,,,,,,,,, [ 8910026978353 ],, [ 10130235701 ],,,
  , [ 3576397488337 ],,,,,,,,,,,,,,,,,,,,,,,,,,,,,, [ 2141581440451 ],,,,,,,,,,,,,,,,,,,,,,,,
  ,,,,,,,,,,,,,,,,,,,,,,,,,,,,,,,,,,,,,,,,,, [ 172620902161 ],,,,,,,,,,,,,,,,,,,,,,,,,,,,,,,,
  ,,,,,,,,,,,,,,,,,,,,,,,,,,,,,,,,,,,,,,,,,,,,,,,,,,,,,,,,,, [ 2004332041 ],,,,,,,,,,,, 
  [ 5786750239 ],,,,,,,,,,,,,,,,,,,,,,,,,,,,,,,,,,,,,,,,,,,,,,,,,,,,,,,,,,,,,,,,,,,,,,,,,,,,,
  , [ 3678580981, 4018860523441 ],,,,,,,,,,,,,,,,,,,,,,,, 
  [ 13228435741, 71571942157, 493153353313 ],,,,,,,,,,,,,,,,,, [ 25140209505277 ],,,,,,,,,,,,
  ,,,,,,,,,,,,,,,,,,,,,,,,,,,,,,,,,,,,,,,,,,,,,, [ 4730863201 ],, [ 554520899083 ],,,,,,,,,,,
  ,,,,,,,,,,,,,,,,,,,,,,,,,,,,,,,,,,,,,,,,,,, [ 1390499943169 ],,,,,,,,,,,,,,,,,,,,,,,,,,,,,,
  ,,,,,,,,,,,, [ 45802173691 ],,,,,,,,,,,,,,,,,,,,,,,,,,,,,,,,,,,,,,,,,,,,,,,,,,,,,,,,,,,,,,,
  ,,,,,,,,,,,,,,,,,,,,, [ 6512223177349 ],,,,,,,,,,,,,,,,,,,,,,,,,,,,,,,,,,,,,,,,,,,,,,,,,,,,
  ,,,,,,,,,,,,,,,,,,,,,,,,,,,,,,,,,,,,,,,,,,,,,,,,,,,,,,,,,,,,,,,,,,,,,,,,,,,,,,,,,,,,,, 
  [ 10588372441 ],,,,,,,,,,,,,,,,,,,,,,,,,,,,,,,,,,,,,,,,,,,,,,,,,,,,,,,,,,,, 
  [ 42207103501 ],,,,,,,,,,,,,,,,,,,,,,,,,,,,,,,,,,,,,,,,,,,,,,,,,,,,,, [ 12067939003 ],,,,,,
  ,,,,,,,,,,,,,,,,,,,,,,,,,,,,,,,,,,,,,,,,,,,,,,,,,,,,,,,,,,,,,,,,,,,,,,,,,,,,,,,,,,,,,,,,,,,
  ,,,,,,,,,,,,,,,,,,,,,,,,,,,,,,,,,,,,,,,,,,,,,,,,,,,,,,,,,,,,,,,,, [ 1043736217 ],,,,,, 
  [ 37437812119 ],,,,,,,,,,,,,,,,,,,,,,,,,,,,,,,,,,,,,,,,,,,,,,,,,,,,,,,,,,,,,,,,,,,,,,,,,,,,
  ,, [ 12206526552001 ],,,,,,,,,,,,,,,,,,,,,,,,,,,,,,,,,,,,,,,,,,,,,,,,,,,,,,,,,,,,,,,,,,,,,,
  ,, [ 28299709681 ],,,,,,,,,,,,,,,,,,,,,,,,,,,,,,,,,,,,,,,,,,,,,,,,,,,,,,,,,,,,,,,,,,,,,,,,,
  ,,,,,,,,,,,,,,,,,,,,,,,,,,,,,,,,,,,,,,,,,,,,,,,,,,,,,,,,,,,,,,,,,,,,,,,,,,,,,,,,,,,,,,,,,,,
  ,,,,,,,,,,,,,,,,,,,,,, [ 8075367007 ],,,,,,,,,,,,,,,,,,,,,,,,,,,,,,,,,,,,,,,,,,,,,,,,,,,,,,
  ,,,,,,,,,,,,,,,,,, [ 55502952871 ],,,,,,,,,,,, [ 1994679499 ],,,,,,,,,,,,,,,,,,,,,,,,,,,,,,
  ,,,,,,,,,,,, [ 1510997041 ],,,,,,,,,,,,,,,,,,,,,,,,,,,,,,,,,,,,,,,,,,,,,,,,,,,,,,,,,,,,,,,,
  ,,,,,,,,,,,,,,,,,,,,,,,,,,,,,,,,,,,,,,,,,,,,,,,,,,,,,,,,,,,,,,,,,,,,,,,,,,,,,,,,,,,,,,,,,,,
  ,,,,,,,,,,,,,,,,,,,,,,,,,,,,,,,,,,,,,,,,,,,,,,,,,,,,,,,,,,,,,,,,,,,,,,,,,,,,,,,,,,,,,,,,,,,
  ,,,,,,,,,,,,,,,,,,,,,,,,,,,,,, [ 28338479821 ],,,,,,,,,,,,,,,,,,,,,,,,,,,,,,,,,,,,,,,,,,,,,
  ,,,,,,,,,,,,,,,,,,,,,,,,,,,,,,,,,,,,,,,,,,,,,,,,,,,,,,,,,,,,,,,,,,,,,,,,,,,,,,,,,,,,,,,,,,,
  ,,,,,,,,,,,,,,,,,,,,,,,,,,,,,,,,,,,,,,,,,,,,,,,,,,,,,,,,,,,,,,,,,,,,,,,,,, [ 75626258431 ],
  ,,,,,,,,,,,,,,,,,,,,,,,,,,,,, [ 6562541701 ],,,,,,,,,,,,,,,,,,,,,,,,,,,,,,,,,,,,,,,,,,,,,,,
  ,,,,,,,,,,,,,,,,,,,,,,,,,,,,,,,,,,,,,,,,,,,,,,,,,,,,,,,,,,,,,,,,,,,,,,,,,,,,,,,,,,,,,,,,,,,
  ,,,,,,,,,,,,,,,,,,,,,,,,,,,,,,,,,,,,,,,,,,,,,,,,,,,,,,,,,,,,,,,,,,,,,,,,,,,,,,,,,,,,,,,,,,,
  ,,,,,,,,,,,,,,,,,,,,,,,,,,,,,,,,,,,,,,,,,,,,,,,,,,,,,,,,,,,,,,,,,,,,,,,,,,,,,,,,,,,,,,,,,,,
  ,,,,,,,,,,,,,,,,,,,,,,,,,,,,,,,,,,,,,,,,,,,,,,,,,,,,,,,,,,,,,,,,,,,,,,,,,,,,,,,,,,,,,,,,,,,
  ,,,,,,,,,,,,,,,,,,,,,,,,,,,,,,,,,,,,,,,,,,,,,,,,,,,,,,,,,,,,,,,,,,,,,,,,,,,,,,,,,,,,,,,,,,,
  ,,,,,,,,,,,,,,,,,,,,,,,,,,,,,,,,,,,,,,,,,,,,,,,,,,,,,,,,,,,,,,,,,,,,,,,,,,,,,,,,,,,,,,,,,,,
  ,,,,,,,,,,,,,,,,,,,,,,,,,,,,,,,,,,,,,,,,,,,,,,,,,,,,,,,,,,,,,,,,,,,,,,,,,,,,,,,,,,,,,,,,,,,
  ,,,,,,,,,,,,,,,,,,,,,,,,,,,,,,,,,,,,,,,,,,,,,,,,,,,,,,,,,,,,,,,,,,,,,,,,,,,,,,,,,,,,,,,,,,,
  ,,,,,,,,,,,,,,,,,,,,,,,,,,,,,,,,,,,,,,,,,,,,,,,,,,,,,,,,,,,,,,,,,,,,,,,,,,,,,,,,,,,,,,,,,,,
  ,,,,,,,,,,,,,,,,,,,,,,,,,,,,,,,,,,,,,,,,,,,,,,,,,,,,,,,,,,,,,,,,,,,,,,,,,,,,,,,,,,,,,,,,,,,
  ,,,,,,,,,,,,,,,,,,,,,,,,,,,,,,,,,,,,,,,,,,,,,,,,,,,,,,,,,,,,,,,,,,,,,,,,,,,,,,,,,,,,,,,,,,,
  ,,,,,,,,,,,,,,,,,,,,,,,,,,,,,,,,,,,,,,,,,,,,,,,,,,,,,,,,,,,,,,,,,,,,,,,,,,,,,,,,,,,,,,,,,,,
  ,,,,,,,,,,,,,,,,,,,,,,,,,,,,,,,,,,,,,,,,,,,,,,,,,,,,,,,,,,,,,,,,,,,,,,,,,,,,,,,,,,,,,,,,,,,
  ,,,,,,,,,,,,,,,,,,,,,,,,,,,,,,,,,,,,,,,,,,,,,,,,,,,,,,,,,,,,,, [ 92746620929 ] ]);
