BRENTFACTORS[8488]:=MakeImmutable([ ,,,,,,,,,,,, [ 278909859500030954417 ],,, 
  [ 71844635617 ], [ 36620517259, 2062996656107063 ],, [ 1139481073 ],, 
  [ 13960216009861171 ], [ 41718049099 ],,, [ 12352565101, 204182858418463158727576001 ],, 
  [ 92159735579407 ], [ 8660949104557 ], 
  [ 353386293193, 8451360688619, 336208830715449954008692406302333 ],, 
  [ 13964991787, 60475019256182511683, 3918097726817790209203532396657037592775491 ], 
  [ 10400964930755081846369 ], [ 4082936949103 ], [ 42567299318549 ], 
  [ 66492634951, 344921036174131383958588757651 ],, 
  [ 9758925935577036461, 88504185633777869094551 ],, [ 334672394453662522170343 ], 
  [ 261666466054215650081 ], [ 1053809544457, 190271593700468274457 ],, [ 880569146923 ], 
  [ 27519937323689235066465897596777 ], 
  [ 21416929329394801, 361678824344073453391, 1925155515323493602731 ], 
  [ 55499676848782599512243022901600041433181 ], 
  [ 53329547199755573, 77549168156515398349, 328440413081434548469, 
      56830460353866057250236892563370172846501 ], [ 3223744369 ], 
  [ 264072541951, 105513778549649501921 ], [ 963380390313245168738759508013399001 ], 
  [ 5261745670873461493, 30367002366813370398095287100581339622370529 ], 
  [ 2019562949, 10619530897, 2093990574393121 ],,, 
  [ 77947821208511, 428787994259154261149097090181, 622413953574625265317484819518481 ], 
  [ 1224753041, 2166151578235257593 ], 
  [ 238965193730083, 768107609484443329, 35552399125188471413137, 
      318946622538275604572980718741696395243 ], 
  [ 36931225676656772540323277052570589725358739197657 ],,, 
  [ 4548339517405081, 110653671330353282103041, 60281135308579281835761887 ], 
  [ 1542065729987, 13160534933151967 ], [ 11683418797 ], 
  [ 32471878273, 75809125630099366081, 1380231560401750061820840257, 
      3822581413191468047676749441 ], [ 561831108281, 567219416472593310927813131 ], 
  [ 830243717513437880644531 ], [ 20359183337 ], [ 387747622051887819198041 ], 
  [ 16509381739 ], [ 7467255271190821, 4092944827966694405861 ], [ 118062248812068507017 ], 
  [ 66509225626464904321, 233650461560145038569 ], 
  [ 11305380791, 6589825927973683, 52767391398240256052551 ], 
  [ 2033040043919, 70282058551409, 1825939564836662281 ], [ 7810812601 ], 
  [ 30452900198317, 523579259388377, 5200575119948941379521087949753 ], 
  [ 4768701995395477773481 ],,, [ 369944427150618721 ], [ 1360195979601889 ], 
  [ 1508885840997918213059160595451, 6292294667849141935816421622838523 ], 
  [ 176986963817419103 ], [ 24833884675791725003709121 ], [ 8766400448518089721 ], 
  [ 1280894579 ], [ 1511615779, 285027976159 ],, [ 3844000247 ], 
  [ 110048747308161801034931796209239322551 ],, [ 7771560437, 1609292847349157 ],, 
  [ 2448475811, 469750468433048002763846299 ], [ 824398857071, 1613073192925081 ],, 
  [ 1984113595464349, 37974144783430359563 ], [ 1591106606569621 ], [ 1678853287 ], 
  [ 1668666101, 463167582001, 95608775560456801, 260582366299154264032501, 
      25864934041059997528369201, 364336559791850284888323416501 ],, 
  [ 3403499280941870365789, 100404839843955743925077497343943093163 ], [ 4169927809 ], 
  [ 80975275875935860498744081 ],,, [ 35644463188759 ],, [ 62104212590373791 ], 
  [ 61350924911, 3658170968469931 ],, [ 16379574779681 ], 
  [ 6364967047, 152460302842726804633 ], [ 595031970358699 ], [ 165762652476287071 ], 
  [ 9994540366315523524217 ], 
  [ 132785401087, 662621405098537, 307190908908758863, 314554378855375013473, 
      322747960902553973359 ], [ 3841442093 ], [ 1355532763275035717 ], 
  [ 11340965510095463503544475608574841 ], [ 25837582897994473 ],, [ 6478756993087 ], 
  [ 3073085526450917 ], [ 86205012959501 ], 
  [ 9229197223, 12681505999, 54535172018269699, 39553672581618096479474107 ],, 
  [ 12956868481 ], [ 112295902231 ], [ 3057015059919991 ], 
  [ 6181668349, 1156310842385422765888817 ], [ 10769334422025894184969181598301 ], 
  [ 82057712773 ], [ 119958758250809, 12797377949669225041016221 ],,, 
  [ 12072162439, 1094809097394251 ], [ 6662761839295411 ], 
  [ 19745528797, 1810189652461, 14020200067633, 22755342061630697 ], [ 26961536503179181 ], 
  [ 2289336913, 4300694441674974451, 44395779326415006985645181491 ], 
  [ 3224879920760608886267 ], [ 13496592539, 7841326961859821 ], [ 1299967057 ], 
  [ 352333809011 ], [ 19482326714803, 40377836882536262476447 ], [ 1409491104001933 ], 
  [ 1634484473, 14904379517, 289278642231832321934361219001 ], [ 238992271456796719008391 ], 
  [ 126037158301, 996736730338625401, 2585147995068722640788688259898551, 
      693614586266707921720973261299834525951 ], [ 187078814644717 ], [ 185680864202002321 ],
  [ 21163659211, 97029321355442107, 11344182107351857471 ],,, [ 2866295797 ],, 
  [ 200871323670022161167937077 ], [ 13876426504582471 ],, [ 149590413692251162235207 ],,, 
  [ 11332938413 ], [ 1178165341, 1794670021 ], [ 34324438517, 318569894625497 ],,, 
  [ 14509892827, 68738572440127007081 ], [ 185501310143041 ], 
  [ 362855299576503024433, 310725694467967126923073 ],, 
  [ 5744817491999, 8138778013425794347 ], [ 555288834143107957 ], [ 56834068201 ], 
  [ 2210751110800849 ],, [ 15366461667097, 467315374708099, 168780900174397702421 ],,, 
  [ 62364927773, 93143630972890924267 ],, [ 70760141883149482321879 ],, [ 15900561622271 ], 
  [ 23507757578353 ],,, [ 2848717892161, 492825765128125717 ], [ 81508079101, 650228595161 ],
  ,, [ 16079868341 ], [ 2506698813956413081 ], [ 4188667979731 ], [ 2875069557473 ], 
  [ 28836474983989 ], 
  [ 46961320033, 286501820221, 61855506455293, 107886844710019, 599377853409193, 
      5205383439692740909903 ], [ 47955319118422428407 ], [ 19502659144891801 ],, 
  [ 4043947889 ], [ 15933488051167 ],,,, [ 3716050339 ], [ 146409707958937318342721 ], 
  [ 1009913012919908872039 ],, [ 387958265627 ],, [ 62663249280137749, 7440584474699104819 ],
  [ 160239122231, 5368460129924753 ],,, [ 36248512814753 ], [ 12969036257 ], 
  [ 11454013381117 ],, [ 104119042691 ], [ 116982162781477813 ],, [ 143181636641 ], 
  [ 5013442898458201 ],, [ 2396253071111 ], [ 617086031041, 2798762824077831649 ], 
  [ 346943081411 ], [ 4866321601 ], [ 85560295895767309 ], 
  [ 9850565519721361, 11151925445038801, 771885120711968108369 ],,, [ 2395166531 ], 
  [ 85762810820130541 ],,,, [ 2062222081, 10982239201, 945014179441 ],,,,,, 
  [ 1237490701, 36388591603681, 7303426769045938404493 ], 
  [ 1904593289, 3635637028739, 59142176970917 ], [ 1471535433384281 ], 
  [ 2295461889619418743 ],, [ 2530030183529, 9509481343906703, 19203674092474689733 ], 
  [ 25000375681, 188881509601, 66614847446701, 8376432504968053 ],,, 
  [ 33823346149581061, 186616042476504246061 ], [ 1120969662036827999560961 ], 
  [ 2658897096187 ], [ 89788961341 ], [ 2377013122079 ], [ 1163889481, 1403321921 ], 
  [ 1847999539, 17741617507 ],, [ 7349522903, 286615005975173 ],,, 
  [ 287029366883309, 27856425492543147508121 ],, 
  [ 525907381301, 1462865842111393, 1566231580069369 ], [ 901000675411, 3594733900498651879 ]
    , [ 3143342701, 49576436454118736251 ],, [ 1402995568796666081 ], 
  [ 430522953043, 4643492989591 ], [ 310865941843 ],,,,,, [ 28015540001, 3960756789147761 ],
  , [ 2841392803, 100339064653 ],,,, [ 91766955781185829 ], [ 14050501239837215273 ], 
  [ 889393700459809 ],, [ 36933300212411, 6369473015306942111 ],, [ 4349615357, 13814227709 ]
   ,,, [ 2432581583682598875431 ], [ 2025972340697, 32758723496698293663001 ],, 
  [ 1097317951 ], [ 40373825921326873 ], 
  [ 107424372301, 279586231801, 1346509393297789061401 ],, 
  [ 16638478591338943, 90203027659395750466957206650129 ], 
  [ 729114263898553452427, 16623575924723592173887 ], [ 350198222449 ], [ 185519732491 ],,, 
  [ 23206102613, 268263316998888223013 ], [ 197445171643 ], [ 1440824035081 ], 
  [ 8556510095579 ], [ 19163109062761 ],, [ 5719933641607834711 ],, [ 203407662977 ],, 
  [ 5722261177, 301550759328503491, 718871543091558427 ],,,,,, 
  [ 1631232619273, 41506690389596857 ], [ 120367092301 ],, [ 23600877073 ], 
  [ 66350942881313 ], [ 42614567899, 886578011369, 68856824827547 ], 
  [ 441638270312975125970911 ],, [ 36814788271361 ], [ 132888513799 ], [ 56721453809 ], 
  [ 4401485007269551 ],,, [ 6493418717353231, 327377569490016371 ], [ 1059732276847 ],,,, 
  [ 9815194289657, 16130637961117 ],,, [ 51101482890092087, 12811899559017460963 ], 
  [ 35055598661, 36671563087 ],,, [ 142193808401 ],,,,,,, [ 23163431080610017 ], 
  [ 15557547289, 2194445745403 ], [ 249051831054993257 ], 
  [ 227193914961001, 813003230610721, 170019142534939688267755321 ], [ 845627704777 ], 
  [ 43519851047, 22067508435187, 171574107277669 ],, [ 1424788457, 39505002629 ],,,,,, 
  [ 6420959382700742381 ],, [ 108654280429 ],,, [ 180011741251 ],, 
  [ 856294260121, 3232992122310801371 ], 
  [ 2184067747, 3667547269, 483463828125937, 79664219574338071 ], 
  [ 12346285051, 106403866453 ], [ 14187614261, 214680506897561 ],, 
  [ 38592329027117, 2797461464605544628557 ],, [ 11889489798280023059329 ], [ 34752126641 ],,
  ,, [ 1137681071 ], [ 4274031607171 ],, [ 1290363239929 ], [ 1007589907, 9417135521701 ], 
  [ 36382058614426328677 ],, [ 17009738461 ], [ 42427257403, 279883665287 ],,,, 
  [ 45939095737 ],,, [ 4967968588256665037 ],,,, [ 18373866697 ],, 
  [ 269736993871, 173923706104301 ],,,, [ 14744219599 ],, [ 5606658721, 156737803597220353 ],
  ,, [ 77122434406191481 ], [ 209351685008888941, 2293516714986325501 ],, [ 909522025001981 ]
   ,,,,, [ 13208587421, 6481298552219 ], [ 357136911995481361, 7665265237666526701 ], 
  [ 19388595998773 ], [ 2946945184392237911 ],,, [ 3137925294523 ], [ 34154186389 ],, 
  [ 504577668270409 ], [ 4381313550792377 ], [ 70825864507, 130688743835886951853 ], 
  [ 1055722127 ],, [ 25530765373, 37396870941907 ], [ 3136710461 ], [ 415754345543 ], 
  [ 21194360324989, 98590636876458229 ],, [ 6408529847, 100392259247632031 ], 
  [ 2009453458777 ],,,, [ 145427738083 ],, [ 2719160007973 ], 
  [ 1084708151, 1089790073615809 ], [ 33763764581, 326526342542401 ],, 
  [ 39883609277, 1142047537097 ], [ 8421207968829581 ],, [ 67635645521, 2349591237481 ],, 
  [ 3558007993, 141926854761847 ],,,, [ 778854597869, 1671273737712608479 ], [ 314536632661 ]
   ,,,,, [ 437077224097 ],,,, [ 6178123381277, 1489486259740081 ],, [ 2814077108782472497 ],,
  ,, [ 281029344707 ],,, [ 122736606481 ], [ 126556208893, 235057441964599 ],,,, 
  [ 1169987458748011 ],, [ 536404740888160933 ],, [ 4991666227224134719 ],, 
  [ 2627597201, 111689507682353 ],, [ 28211505781 ],, [ 16244569001 ], [ 2912427229 ], 
  [ 7210773126321667603 ], [ 95051191112401 ], [ 28686739454353 ],,,,, [ 277468900879 ], 
  [ 93153552896552581, 309754020025901491 ],, [ 7166773836289 ],,, [ 30641095081 ],,, 
  [ 616140461819 ],, [ 1845661481, 719061746563664208641 ],,,,,,,,,,,,,,,, [ 90715883873 ],,
  , [ 1830718891 ], [ 754480917702589776192721 ],,,, [ 8707688321 ], [ 2008698871 ], 
  [ 693268972579 ],, [ 65923413395597 ],, [ 4201363651, 48617294763715381986701 ],,,, 
  [ 3461027941119433693 ], [ 11301370651, 4340930085444751 ], [ 17684980254003869 ],,,, 
  [ 40006984081, 3078952453610649281 ],,,, [ 19362234500461 ],,, [ 42225203694241 ],,,,, 
  [ 110841520210773353 ],,, [ 6077523451 ], [ 1912761114049 ], [ 24799946989 ],,,,, 
  [ 882932800777 ],,,,, [ 4028672573 ],,, [ 115135688651 ],,,,,,,,,,,,,, 
  [ 10260368802866048081 ],,,, [ 79096401121, 24032148918755297 ],,,,,,, [ 1873443751 ], 
  [ 381804039233 ],, [ 177932645437, 5998465510897 ],,,, [ 17954094176717 ],,,, 
  [ 1679097934447 ], [ 67488140677 ],,, [ 32358614166271 ],,,,,, [ 119857718198089 ],,,,,, 
  [ 458567476865161 ],, [ 113948138977 ],,, [ 13508526795989 ], [ 360141099697 ],,,,, 
  [ 174931667191 ],,,,,,,,,,,,,,,,, [ 9022693129211 ],,,, [ 56783257479653 ],, 
  [ 1006849260509, 479349241826053 ],, [ 1749187313578693 ],, 
  [ 7846947041, 169561654321, 55112136432121 ],, [ 496582500107 ],, 
  [ 3155154517, 6497517097, 9891015517, 158752997181397 ],, [ 294502950799 ],,, 
  [ 4293076321 ],,,,, [ 581134981261 ],,,, [ 9626645614013 ],, [ 1242110801 ], 
  [ 3461396399 ], [ 2071332433, 201125063546551 ],,,, [ 41842612843 ], [ 77821497881 ], 
  [ 472208470592449 ],,,,, [ 1662389447 ], [ 4531685173, 1365966592579 ],,,,,, 
  [ 21901816801, 38215540081 ],,,,,,,, [ 1272115909449841 ],,,,,,,,,,, [ 5953131263 ],,,,,,,,
  ,,,, [ 2174780347 ],,, [ 45513349883 ],, [ 6409628821 ],, [ 2502301954813 ],, 
  [ 1648878257801 ],, [ 1440955030201 ],,,,,,,,,, [ 1639162897 ],,, [ 10895212227451 ], 
  [ 3578365996313 ],, [ 29179093837 ], [ 17761743743 ], [ 1465818121, 2048430541 ],,,,,,,, 
  [ 23351113629629 ],,,,,, [ 508155695264687 ],, [ 30789234629 ],, [ 28510146953611 ], 
  [ 3294938573, 303550423081 ],,,,, [ 149345580841 ],,,, [ 362793283913 ],,,,,,,, 
  [ 5494138609 ],,,, [ 1256347781702821 ],,,, [ 430513656721 ], [ 26637715501 ], 
  [ 80996934719 ],, [ 83220579289, 7233156150553 ], [ 2324389993 ],,, [ 2381269697 ],,, 
  [ 17454858371, 27795219481 ],,,,,,,,,,, [ 130609128804769 ], [ 5157406717 ], 
  [ 284766836634977 ],,,, [ 1773430229005129, 3653951461077601 ],,,,, [ 27448283953 ],,,,,,,
  , [ 91571207821 ], [ 5073404435479 ],, [ 342755764737457 ],,, [ 98505150829931 ], 
  [ 1856283953 ],, [ 185238151215973 ],, [ 1485288661 ],,,, [ 1015932721 ],,,,,,,,,,,,,, 
  [ 15535647709 ], [ 2280637211 ], [ 2822500011521 ], [ 1531241791 ],,, [ 253174977001 ], 
  [ 22218541069 ],, [ 2528438787463 ], [ 8669477521, 494808178249921 ],,,,, [ 67668490657 ], 
  [ 21848698691, 6180310743079393831 ],,,,,, [ 15306301591261, 33258092363021 ], 
  [ 4330987333 ],,, [ 446039014721 ], [ 1285804417 ], [ 5391799759, 112949569433 ],,,,,,,,,, 
  [ 5645688793 ],,,,,,,,,, [ 20534362213 ],, [ 3642042419153 ],,,,,,,, 
  [ 7303080457, 1253582895763409 ], [ 2054044492127 ],,,,, [ 11652320769599 ],,,,,, 
  [ 507855005381 ],, [ 1804112122639 ],,,, [ 2774647171 ],,,,,,, [ 52670845739 ],,, 
  [ 1417875761 ],, [ 360825010603, 45641648337667 ], [ 5417820229 ],,,, [ 1423694203 ],,,,,,
  , [ 334539943436609 ],,,,,, [ 370696494001 ], [ 28954976051 ],,,,,,, [ 381353698657 ],,, 
  [ 7046069467 ], [ 44238145997 ], [ 32634453451 ], [ 178746766069 ], [ 2590568261 ], 
  [ 10433001233 ],, [ 1106756400613 ],,,,,, [ 28280012801 ],,,,,,, [ 4599973523 ],,,,,,,,,, 
  [ 1222084033, 1567912561 ],,,,,, [ 97986043399 ],,,,,,, [ 57265974377 ],, 
  [ 422245957057, 3913557140261473 ],,,,,,, [ 3475837124311 ],,, [ 1247654929 ],,,,, 
  [ 2191897891 ],, [ 10592731111 ],,,,,,,,, [ 2008017799 ],,,, [ 1300683739 ], 
  [ 1292182865683 ],,,,, [ 7605829846884361 ],,,,,, [ 4772370259 ],,,,,,, 
  [ 1178774221, 35466775935631 ],,,,,,,,, [ 3015063590807 ],,, [ 11685828367 ],,,,, 
  [ 9861059846947 ],,,,,, [ 3067364761 ],,,,,,,,,,,,, [ 510339825689 ],,,,,,,,,,,,,,,,,,,,, 
  [ 50831556371 ],,,,,, [ 1702780481 ],,, [ 2649195457 ],,,,,,,,,,,, [ 1749174337 ],, 
  [ 2112975871 ],,,,,,,,,, [ 12546510541 ], [ 47548852937 ],,,,,,,,,, [ 10970831251 ],,,,,,,,
  ,,,, [ 7702853677 ],,,,,,,,,,,, [ 664684182121 ], [ 1471697431 ],,,,,,,, [ 1198127869 ],, 
  [ 586947430481 ], [ 23855064688801 ], [ 626939233757 ],,,,,,,,,,,,,,, [ 2253489367 ], 
  [ 2561186219 ], [ 1367367121, 61187718968461 ], [ 60588664189 ],,,,,, [ 8871120959 ], 
  [ 44066760889 ],,,,,,,, [ 1398295669 ],,,,,,, [ 1012920803 ], [ 1201027921 ],,,,,, 
  [ 10659427381 ],,,,,, [ 52418558019601 ],,,,,,,,,,,,,,,,, [ 3858545381419 ],,, 
  [ 5894940409 ],,,, [ 188121729841 ],,,,, [ 880420325251 ],,,,,, [ 1210552435423 ], 
  [ 63608473189 ], [ 22294750253 ],,,,,,,,,,,,,,, [ 275708143873 ],, [ 2760123601 ],,,, 
  [ 1081024123 ],, [ 70507432993 ],,,,, [ 1274549281 ],,,,, [ 2663232829 ], [ 10065888097 ],
  , [ 22928753999 ],,,,,,,,,,,,,,,,,,,,,,,,, [ 7025342230747 ],, [ 4024814581 ],,,,,,,,,,, 
  [ 10487887747 ],, [ 37878611971 ], [ 3677378701 ],,,,, [ 499900932371 ],,,,,,,, 
  [ 2151095027 ],,, [ 402606900781 ],,,,,,,,,, [ 24578591797 ], [ 746021538961 ], 
  [ 44737254187 ],,,, [ 3090479981 ], [ 277365211813 ],,,, [ 1183718351 ],,,,,, 
  [ 3642229289, 20679157027 ], [ 28922854589 ],,,,, [ 4518140743 ],,,,,,,, [ 15613903009 ], 
  [ 44886774697 ],,,,, [ 4787279461 ],, [ 1651855451, 84208337051 ],,,,,,,,,,,,, 
  [ 179063844241 ],,, [ 1572760477 ],,, [ 150947461297 ],,,,,,,,,, [ 5420211457 ],,,,,,,,,, 
  [ 124155229351 ],, [ 5050358437, 9878384861 ], [ 6635976937 ],, [ 1538540417, 1872352819 ],
  ,,,,,,,,,,, [ 63043260793 ],,, [ 59901427950443 ],, [ 6742060033 ], [ 26789980703 ], 
  [ 31858991743 ], [ 4512474199 ],,,,, [ 1802172241 ], [ 2403059011, 2488058731 ],, 
  [ 3421679073541 ],,,,,, [ 80945643043 ], [ 2422647151 ],,,,,,,,,,,,,,,,,, [ 2130390121 ],,,
  ,,,,,,,,,,,, [ 49324715413 ],, [ 1079757281 ],,,, [ 15888505537 ], [ 49506273473 ],,,,,,, 
  [ 6317126539 ],,,,, [ 4765242901 ],,,,,,,,,, [ 972619673761 ],,,,,,,,,,,,,,,,,, 
  [ 29480526381541 ],,, [ 57366157117 ],,,,,,,,,,,,,,,,,,,,, [ 33931200463 ], [ 1117515673 ],
  , [ 91341173837 ],,,, [ 7931184211 ],,, [ 227682712237 ],, [ 78611519429964091 ],,,,,,,,,,,
  ,,,,,, [ 2548321469 ],,,,, [ 3870312949 ],, [ 486922738303 ],,, [ 14233859021 ],,,,,,,,,, 
  [ 8162430181 ], [ 2761656661 ],, [ 1505952541 ],,,,,, [ 759978382021 ], [ 8767867369 ],,,,,
  ,,,,,,,, [ 4870315031 ],,,,,, [ 5905760897 ],,, [ 2816630477 ],,,,,, [ 125788977631 ],,,, 
  [ 142813010407 ],,,,, [ 6142064239 ],, [ 48395193181 ],,,,,,,,,,,, [ 3973173361 ], 
  [ 3719127911 ],,,,,,,,, [ 22900321739 ], [ 1023284359 ],,,,,,,,,, [ 25829213467 ],,,,,, 
  [ 16532876221 ],,,,,,,,,,,,,,,,,,,,,,,,, [ 3854749081 ],,,, [ 7616609953 ],, 
  [ 1789662601, 127753635857 ],,,,,,,,,,,,,,,,,,,,,,,, [ 43883444851 ],,,,,,,,, 
  [ 16008600037 ], [ 2411382121 ],,,, [ 2064014657 ],,,,,,,, [ 540191841117553 ],,,,,,,,, 
  [ 1677065743 ],, [ 165825310393 ],,,,,,,,,,,,, [ 249561546049 ],, [ 9249959941 ],,,, 
  [ 40272151063 ],,,,,, [ 31832947981 ],,,,,,,,,, [ 3826757159 ],,,,, [ 3720451272151 ],,, 
  [ 18816673321 ],,,,,,,,,,,,,,,,,,,,, [ 39607058819593 ],,,,, [ 7408121089 ],,,,,,,,,,,,,,,
  , [ 11459231041 ],, [ 53163302561 ],,,,, [ 28067791501 ],,, [ 3654216541 ],,,,,, 
  [ 1532993153 ],,,,,,,,,,,,,,,,,,,,,,, [ 1138362373 ],,,,, [ 52296761113, 170083960064849 ],
  ,, [ 6203862601 ],,,,, [ 202988004221 ],,,,,,,, [ 2449085809 ],,,, [ 2383282001 ],,,,, 
  [ 12225271423 ],,,,, [ 648653027207 ],,,,,,,,,,,,,,,,,,,,,, [ 3002965201 ],,,, 
  [ 12425981261 ],,,, [ 38074813847449 ],, [ 1781196829 ], [ 1819555051 ],,,,,,,,,,,,,,,,,,,
  , [ 3767681521 ],,,,,,,,,,,,,,,,,,,, [ 2766551131 ],,,,, [ 16404914041 ],,,,,,,,,,,,,, 
  [ 9518192707 ],,,, [ 85077361309 ],,,,,,,,,,,,, [ 49203535627 ],,, [ 6521601181 ],,, 
  [ 5889041401 ], [ 13829922809 ],,,,,,,,,,,,,,,,,,,,,,,,,,,,,, [ 1668610373 ],,,,,,,, 
  [ 19263366901 ],,,,,,,,,,,,,,,,,,,,,,,, [ 74522633881 ],, [ 1090348506129257 ],,,, 
  [ 1729724431 ],,,,,,,,,,,, [ 1220661151 ],,,,,,,,, [ 11722172071 ],,,,,,,, [ 8098778381 ],,
  , [ 70345867481 ],,,,,,,,,,,,,,,,,,,,,,,,,,,, [ 110289286153 ],,,,,,,,,,,,,,,, 
  [ 4811785427 ],,,,,,,, [ 1147790769511 ],, [ 1780665409 ],,,,,,,,,,,, [ 3073299433 ],,,, 
  [ 13640299081 ],,,,,,,, [ 8972706817 ],,,,,,,, [ 3989480969 ], [ 1263962583731 ], 
  [ 1022457181 ],,,,,,,,,,,,,,,,,,,,,,,,,,,,,,,,,,,,,,,,,,,,, [ 1130268739 ],,,,,, 
  [ 18736452523 ],,,,,,, [ 11818580861 ], [ 16767039511 ],,,, [ 205354149859 ],,,,,,,,,,,,,,,
  ,,,, [ 4020476641 ],,,,,,,,,,,,,,,,,,,,,,,, [ 231127079473 ],,,,,,,,,,,,,,,,, 
  [ 1001584417 ], [ 13764801181 ],,,,,,,,,,,,,,,,,,,, [ 235674518491 ],,,,,,,,,,,,,,, 
  [ 23360026801 ],,, [ 30017166037 ],,,,,,,, [ 2843948021 ],, [ 458578036619 ],,,,,,,, 
  [ 1254479803 ],,, [ 57255134761819 ],,,,,,,,,,,,,,, [ 4301883655633 ],, [ 26613893029 ], 
  [ 6714167077 ], [ 10106020289, 14033989061 ],, [ 14039325901 ],,,, [ 1113298817 ],,,,,,,, 
  [ 18580911725251 ],,,,,,,,, [ 1526263867 ],,,,,,,,,,,,, [ 8262965329 ],,,, [ 25775393041 ],
  ,,,,, [ 2555123723 ],,,,,,, [ 101796013261 ],,, [ 7548574153 ],,, [ 1509004597 ],,, 
  [ 5128185421 ],, [ 17045013473 ],,,,,, [ 9802197015073, 2251540021124087 ],,,,,,,,,,,,,,,,,
  ,,,,,,,,, [ 2750090501, 72178225501 ],,,,,,,,,,,,,,,,,,,,,,,, [ 9955999513 ],,,,,,,,,,,,,,,
  ,,,,, [ 1274703361 ],, [ 2528694151 ], [ 8706273031 ],,,,,,,,,,,,,,, [ 295273532599 ],,,,,,
  ,,,,,,,,,,,,,,,,,,,,,,,, [ 6850378003681 ],, [ 48098462429 ],,,, [ 5566273711 ],,,,,,,,,,,
  , [ 9436861909 ],,,,,,,, [ 1468342727, 78723380221, 3171110384293 ],, [ 590746342393 ],,,,,
  ,,,,,,,,,,, [ 590146706641 ],, [ 4557678269 ],,,, [ 18120843287 ],,,,,,,,,,,,,,,,,,,,,,,,,,
  ,,,,,,,,,,,,,, [ 29113822207 ],,,,,,,,,, [ 21329896321 ],,,,,,,,,,, [ 15683542213 ],,,,,,,,
  ,,,,,,,,,, [ 13142654611 ],,,,,,, [ 2281706353 ],, [ 2040620473 ],,,,,,,, [ 8367033929 ],,,
  ,,, [ 2335395641 ],,,,,,, [ 27623576154871 ],,,,,,,,,,,,,,,,, [ 13353421537 ],,,,,, 
  [ 1946119249 ],,,, [ 27876043633 ],,,,,,,,,,,,,,,,,,,,,,,, [ 26450743489 ],,,,,,,,,,,,,, 
  [ 1364329121 ],, [ 1254984370813 ],,,,,,,,,,,,,,,,,,,,,, [ 3010870114321 ],,,,,,,,,,,,,,,,,
  ,,,,, [ 7284310543, 2713718299393 ],,,,,,,, [ 5465171669 ],,,,,,,, 
  [ 7370914871, 107179279481 ],, [ 1934295553, 7072703569 ],,,,,,,,,,,,,, [ 2884979983579 ],
  , [ 5154289601 ],,,,,,,,,,,,,, [ 23096097943 ],, [ 5764358609 ],, [ 3434929081 ],,,,,,,,,, 
  [ 1333766981 ],,,,,,,,,,,,,, [ 6115998645157 ],,,, [ 4298893379003 ],,,,,,,,,,,,,,,,,,, 
  [ 1890622081 ], [ 21121761577223 ],,,,,,,,,,,,,,,,,,,,,,,,,,,,, [ 1204272631 ],,,,,,,,,,,,,
  ,,,,,,,, [ 6473612449 ],,,,,, [ 3301083733 ],, [ 1151480849 ],,,,,,,,,,,,,,,,,, 
  [ 29334982099 ],,,,,,,,,,,,, [ 82910531161 ],,, [ 7987746937 ],,,, [ 53096848003 ],, 
  [ 65170430137 ],,,, [ 3132438769 ],,,,,,,,,,,,,,,,,,,, [ 2906804317 ],,,, [ 19178410049 ],,
  ,,,,,,,,,,,, [ 238057637683 ],,,,,,,, [ 4100996677 ],,,, [ 600320549359 ],,,, 
  [ 1942775437 ],,,,,,,,,,,,,,,,,,,,,,,,,,,,,,,,,,,,,,,, [ 138830252560429 ],,,,,, 
  [ 24762235789 ],,,,,,,,,,,,,,,,,, [ 26762698913 ],,,, [ 1381227391 ],,,,,,,,,,,,,, 
  [ 265345744577 ],,,, [ 1524719377, 2183930533 ],,,,,, [ 1278202693 ],,,,,,,, 
  [ 1576791449 ],,,, [ 2245206151 ],,,,,,,,,,,,,,,,,,,,,,,,,,,,,, [ 179898929713 ],,,,,,,,,,,
  ,,,,,,,,,,,,,,,,,,,,,,,,, [ 1437639259057 ],,,,,,,, [ 1048952321 ],,,,,,,,,,,,,,,,,,,,,,,,,
  ,,,,,,,,,,,,,,, [ 2918881321 ],,,,,, [ 5512070173 ],,,, [ 1070243401 ],,,,,,,,,,,,,,,,,,,,,
  , [ 1701121489 ],,,,,, [ 19583428967 ],,,,,,,,,,,,,,,,,,,,,,,,,,,,,,,,,,,,,,,, 
  [ 5768411059, 119026617247 ],,,,,,,,,, [ 82322765633 ],,,,,,,,,,,,,,,, [ 698031577601 ],,,,
  ,,,,,,,,,, [ 37596203611 ],,,,,,,,,, [ 2473587073 ],,,,,,,,,, [ 1543301098921 ],, 
  [ 1273548581 ],,,,,,,,,,,,,,,,,,,,,,,,,,,,,,,,,,,,,, [ 7739724431 ],,,,,,,,,, 
  [ 41582102269 ],,,,,, [ 32301686759 ],,,,,,,,,,,,,,,,,,,,,, [ 20111480929, 56342456017 ],,,
  , [ 2220436601 ],,,,,,,,,,,,,, [ 8329339519 ],,,,,, [ 7920434281 ],,,,,,,,,, 
  [ 49258719431 ],,,,,,,, [ 11268799081 ],,,,,, [ 14357408833 ],,,,,, [ 87870675001 ],,,,,, 
  [ 1765226101 ],,,,,,,,,,,,,,,,,,,,,,,,,,,,,, [ 65088665911 ],,,, [ 79716172891 ],,,,,,,, 
  [ 29293157431 ],,,,,,,,,,,, [ 94145599111 ],,,,,,,,,, [ 5337598141 ],,,,,,,,,,,,,,,,,,,,,,,
  ,,,,,,,,,,,,,,,,,,,,,,,,,,,,,,,,, [ 27859738381 ],,,, [ 9263298241 ],,,,,,,,,,,,,,,,,,,,,,,
  ,,,,,,,,, [ 3449476417 ],,,,,,,,,,,,,,,,,,,,,,,,,,,,,,,,,,,,,,,,,,,,,,,, 
  [ 6471578521, 153137405521 ],,,,,,,,,,,, [ 4696941637 ],,,,,,,,,,,,,,,,,,,,,,,,,,,,,,,,,,,,
  ,,,,,,,,,,,,,,,,,,,,,,,,,,,,,,,,,,,,,,,,,,,,,,,,,,,,,,,,,,,,,,,,,,,,,,,,,,,,,,,,,,,,,,,,,,,
  ,,,,,,,,,,,,,,,,,,,,,,,,,,,,,,,,,,, [ 13518064249 ],,,,,,,,,,,,,,,,,,,,,,,, 
  [ 49912037407 ],, [ 42010662721 ],,,,,,,,,,,,,,,,,,,, [ 6008791801 ],,,,,,,,,, 
  [ 26488995641 ],,,, [ 718273218043 ],,,,,,,,,,,,,,,, [ 3663723031 ],,,,,,,,,,,,,,,,,,,,,,,,
  ,,,,,,,,,, [ 36111236857 ],,,,,,,,,,,, [ 5394654497 ],,,,,,,,,,,,,,,,,,,,,, [ 6254239213 ],
  ,,,,,,,,,,,,,,,,, [ 13472041201, 49060964401 ],,,,,, [ 4952001737539 ],,,,,,,,,, 
  [ 24598851817 ],, [ 12804857941 ],,,,,, [ 29347146721 ],,,,,,,,,,,,,,,,,,,,,,,,,,,,,,,,,,,,
  ,,,, [ 4089053457649361 ],,,,,,,,,,,,,,,,,,,,,,,,,,,,,,,,,,,,,,,,,,,,,,,,,,,,,,,,,,,,,,,,,,
  ,,,,,,,,,,,,,,,,,,,,,,,,,,,,,,,,,,,,,,,, [ 171284480137 ],,,,,,,,,,,,,,,,,,,,,,,,,,,,,,,,,,
  ,,,,,,,,,,,,,,,,,,,,,,,,,,,,,,,,,,,,,,,,,,,,,,,, [ 43481354113, 8624541585601 ],,,,,,,,,,,,
  ,,,,,, [ 6426521719 ],,,,,,,,,,,,,,,,,,,,,,,, [ 48023145811 ],,,,,, [ 3019930489 ],,,,,,,,,
  ,,,,,,,,,,,,,,,,,,,,,,,,,,,,,,,,,,,,,,,,,,,,,,,,,,,,,,,,,,,,,,,,,,,,,,,,,,,,,,,,,,,,,,, 
  [ 2916185917 ],,,,,,,,,,,,,,,,,,,,,,,,,,,,,,,,,,,,,,,,,,,,,,,,,,,,,,,,,,,,,,,,,,,,,,,,,,,,,
  ,,,,,,,,,,,,,,,,,,,,,,,,,,,,,,,,,,,,,,,,,,,,,,,,,,,,,,,,,,,,,,,,,,,,,,,,,,,,,,,,,,,,,,,,,,,
  ,,,,,, [ 2716546687 ],,,,,,,,,,,, [ 4379746447 ],,,,,,,,,,,,,,,,,, [ 7240459393 ],,,,,,,,,,
  ,, [ 3513175849 ],,,,,,,,,,,,,,,,,,,,,,,,,,,,,,,,,,,,,,,,,,,,,,,,,,,,,, [ 1378731397 ],,,,,
  ,,,,,,,,,,,,,,,,,,,,,,,,,,,,,,,,,,,,,,,,,,,,,,,,,,,,,,, [ 49732559659 ],,,,,,,,,,,,,,,,,,,,
  ,,,, [ 79808824702987 ],,,,,,,,,,,,,,,,,,,,,,,,,,,,,,,,,,,,,,,,,,,,,,,,,,,,,,,,,,,, 
  [ 1959718543, 2458033507 ],,,,,,,,,,,,,,,,,,,,,,,, [ 1012031011 ],,,,,,,,,,,,,,,,,,,,,,,,,,
  ,,,,,,,,,, [ 7129493281 ],,,,,,,,,,,,,,,,,,,,,,,,,,,,,,,,,,,,,,,,,,,,,,,,,,,,,,,,,,,,,,,,,,
  ,,,,,,,,,,,,,,,,,, [ 29384432547751 ],,,,,,,,,,,,,,,,,,,,,,,,,,,,,,,,,,,,,,,,,, 
  [ 1327397653 ],,,,,,,,,,,,,,,,,,,,,,,,,,,,,,,,,,,,,,,,,,,,,,,,,,,,,, [ 1712350531 ],,,,,,,,
  ,,,,,,,,,,,,,,,,,,,,,,,,,,,,,,,,,,,,,,,,,,,,,,,,,,,,,,,,,,,,,,,,,,,,,,,,,,,,,,,,,,,,,,,,,,,
  ,,,,,,,,,,,,,,,,,,,,,,,,,,,,,,,,, [ 2416570399 ],,,,,,,,,,,,,,,,,,,,,,,,,,,,,,,,,,,,,,,,,, 
  [ 3246593521 ],,,,,,,,,,,,,,,,,,,,,,,,,,,,,,,,,,,,,,,,,,,,,,,,,,,,,,,,,,,,,,,,,,,,,,,,,,,,,
  ,,,,,,,,,,,,,,,,,,,,,,,,,,,,,,,,,,,,,,,,,,,,,,,,,,,,,,,,,,,,,,,,,,,,,,,,, [ 1092574981 ],,,
  ,,,,,,,,,,,,,,,,,,,,, [ 6126766777 ],,,,,,,,,,,,,,,,,,,,,,,,,,,,,,,,,,,,,,,,,,,,,,,,,,,,,,,
  ,,,,,,,,,,,,,,,,,,,,,,,,,,,,,,,,,,,,,,,,,,,,,,,,,,,,,,,,,,,,,,,,,,,,,,,,,,,,,,,,,,,,,,,,, 
  [ 17300510179 ],,,,,,,,,,,,,,,,,,,,,,,,,,,,,,,,,,,,,,,,,,,,,,,,,,,,,,,,,,,,,,,,,,,,,,,,,,,,
  ,,,,,,,,,,,,,,,,,,,,,,,,,,,,,,,,,,,,,,,,,,,,,,,,,,,,,,,,,,,,,,,,,,,,,,,,,,,,,,,,,,,,,,,,,,,
  , [ 295761217753 ],,,,,,,,,,,,,,,,,,,,,,,,,,,,,,,,,,,,,,,,,,,,,,,,,,,,,,,,,,,,,,,,,,,,,,,,,
  ,,,,,,,,,,,,,,,,,,,,,,,,,,,,,,,,,,,,,,,,,,,,,,,,,,,,,,,,,,,,,,,,,,,,,,,,,,,,,,,,,,,,,,,,,,,
  ,,,,,,,,,,,,,,,,,,,,,,,,,,,,,,,,,,,,,,,,,,,,,,,,,,,,,,,,,,,,,,,,,,,,,,,,,,,,,,,,,,,,,,,,,,,
  ,,,,,,,,, [ 7213879531 ],,,,,,,,,,,,,,,,,,,,,,,,,,,,,,,,,,,,,,,,,,,,,,,,,,,,,,,,,,,,,,,,,,,
  ,,,,,,,,,,,,,,,,,,,,,,,,,,,,,,,,,,,,,,,,,,,,,,,,,,,,,,,,,,,,,,,,,,,,,,,,,,,,,,,,,,,,,,,,,,,
  ,,,,,,,,,,,,,,,,,,,,,,,,,,,,,,,,,,,,,,,,,,,,,,,,,,,,,,,,,,,,,,,,,,,,,,,,,,,,,,,,,,,,,,,,,,,
  ,,,,,,,,,,,,,,,,,,,,,,,,,,,,,,,,,,,,,,,,,,,,,,,,,,,,,,,,,,,,,,,,,,,,,,,,,,,,,,,,,,,,,,,,,,,
  ,,,,,,,,,,,,,,,,,,,,,,,,,,,,,,,,,,,,,,,,,,,,,,,,,,,,,,,,,,,,,,,,,,,,,,,,,,,,,,,,,,,,,,,,,,,
  ,,,,,,,,,,,,,,,,,,,,,,,,,,,,,,,,,,,,,,,,,,,,,,,,,,,,,,,,,,,,,,,,,,,,,,,,,,,,,,,,,,,,,,,,,,,
  ,,,,,,,,,,,,,,,,,,,,,,,,,,,,,,,,,,,,,,,,,,,,,,,,,,,,,,,,,,,,,,,,,,,,,,,,,,,,,,,,,,,,,,,,,,,
  ,,,,,,,,,,,,,,,,,,,,,,,,,,,,,,,,,,,,,,,,,,,,,,,,,,,,,,,,,,,,,,,,,,,,,,,,,,,,,,,,,,,,,,,,,,,
  ,,,,,,,,,,,,,,,,,,,,,,,,,,,,,,,,,,,,,,,,,,,,,, [ 5535803521 ],,,,,,,,,,,,,,,,,,,,,,,,,,,,,,
  ,,,,,,,,,,,,,,,,,,,,,,,,,,,,,,,,,,,,,,,,,,,,,,,,,,,,,,,,,,,,,,,,,,,,,,,,,,,,,,,,,,,,,,,,,,,
  ,,,,,,,,,,,,,,,,,,,,,,,,,,,,,,,,,,,,,,,,,,,,,,,,,,,,,,,,,,,,,,,,,,,,,,,,,,,,,,,,,,,,,,,,,,,
  ,,,,,,,,,,,,,,,,,,,,,,,,,,,,,,,,,,,,,,,,,,,,,,,,,,,,,,,,,,,,,,,,,,,,,,,,,,,,,,,,,,,,,,,,,,,
  ,,,,,,,,,,,,,,,,,,,,,,,,,,,,,,,,,,,,,,,,,,,,,,,,,,,,,,,,,,,,,,,,,,,,,,,,,,,,,,,,,,,,,,, 
  [ 21261668611 ],,,,,,,,,,,,,,,,,,,,,,,,,,,,,,,,,,,,,,,,,,,,,,,,,,,,,,,,,,,,,,,,,,,,,,,,,,,,
  ,,,,,,,,,,,,,,,,,,,,,,,,,,,,,,,,,,,,,,,,,,,,,,,,,,,,,,,,,,,,,,,,,,,,,,,,,,,,,,,,,,,,,,,,,,,
  ,,,,,,,,,,,,,,,,,,,,,,,,,,,,,,,,,,,,,,,,,,,,,,,,,,,,,,,,,,,,,,,,,,,,,,,,,,,,,,,,,,,,,,,,,,,
  ,,,,,,,,,,,,,,,,,,,,,,,,,,,,,,,,,,,,,,,,,,,,,,,,,,,,,,,,,,,,,,,,,,,,,,,,,,,,,,,,,,,,,,,,,,,
  ,,,,,,,,,,,,,,,,,,,,,,,,,,,,,,,,,,,,,,,,,,,,,,,,,,,,,,,,,,,,,,,,,,,,,,,,,,,,,,,,,,,,,,,,,,,
  ,,,,,,,,,,,,,,,,,,,,,,,,,,,,,,,,,,,,,,,,,,,,,,,,,,,,,,,,,,,,,,,,,,,,,,,,,,,,,,,,,,,,,,,,,,,
  ,,,,,,,,,,,,,,,,,,,,,,,,,,,,,,,,,,,,,,, [ 1074339421 ],,,,,,,,,,,,,,,,,,,,,,,,,,,,,,,,,,,,,
  ,,,,,,,,,,,,,,,,,,,,,,,,,,,,,,,,,,,,,,,,,,,,,,,,,,,,,,,,,,,,,,,,,,,,,,,,,,,,,,,,,,,,,,,,,,,
  ,,,,,,,,,,,,,,,,,,,,,,,,,,,,,,,,,,,,,,,,,,,,,,,,,,,,,,,,,,,,,,,,,,,,,,,,,,,,,,,,,, 
  [ 2911790701 ] ]);
