BRENTFACTORS[8439]:=MakeImmutable([ ,,,,,,,,,,,, [ 41600252227 ],,,, 
  [ 1959198630020161, 2937487623156413 ],,,,,,,,,, [ 258220641853 ], 
  [ 10256426797, 6901398223598537 ], [ 2434722551, 22791102196551752480773490287 ],, 
  [ 6098617972178437, 17050832474264741, 404326696946034335990733547508543856661 ],, 
  [ 62839014642559, 155905480771657, 7139863609806379 ], [ 30228277808041441 ], 
  [ 666232866336851226817394131 ],, 
  [ 546854031064281231547, 837706876963517268163, 1188357164689852208866591478652597019 ], 
  [ 3375453247 ], [ 261707881864963 ], [ 2572003601, 1100079982892641 ],, [ 56585718799 ], 
  [ 14438919039067 ], [ 42294088914353, 242832538967661061 ], [ 15517916448928964329771 ], 
  [ 11744755738229, 829755319306814080554990619 ], [ 4396250443270275840743 ], 
  [ 5286198580129, 47381808501649 ], [ 4079664443 ], 
  [ 1635453033149851, 9281410072376839914551 ], 
  [ 14256142711, 1342033175208642128912835501192567523 ],, [ 238086325438933879 ], 
  [ 1161250988757841, 1068295887691755031 ],, [ 113189821392243617561 ], 
  [ 148990664146627, 201503670321334999 ], [ 43809620097959, 135476766515495963 ], 
  [ 727362509895617 ], [ 114353798821, 6673043895241 ],, 
  [ 1773205765862166752573, 4337337611246882683377060924330330673 ], 
  [ 323220436687, 225943139048509, 46231362931243581301785638935927088497495842469 ], 
  [ 2897374423529915730881, 27976060187698852767361, 188655123161019378358277323201 ], 
  [ 58726256159595275895191861 ], 
  [ 3995486947, 206777133487, 568226545459, 213530784319432999 ], 
  [ 1905042387113083240633856017 ], [ 82491236269071228349 ], [ 289810679707166509 ], 
  [ 5540380664491, 83042098516651, 8986566266493623584937643281 ],, 
  [ 7377332266832909986009 ], [ 2914559749, 63750523366898413 ], 
  [ 176434311869216587319905658661912799470526680072323 ],, 
  [ 10843249501217260957, 138420595245467457211819211053157297745686053 ], 
  [ 30877466382567093281524841 ], [ 3770788011069379, 160469352288011209 ], 
  [ 178039229649108677 ], [ 10745413503841 ],,,,, [ 757131354477391 ], 
  [ 949310253902112109477662774945613 ], [ 384661331196630116827083811573 ],, 
  [ 225006968118724753320539 ], [ 14137733873270191036498828750696231 ], [ 956447021882353 ],
  , [ 10330715653, 473646937717561 ], [ 8392321787 ], 
  [ 12193806658961, 406629325231028445396609391 ],, 
  [ 4034134291078537, 542280518050711948918799953 ],, 
  [ 16405518889, 5939956678592450613463453 ], [ 3958651901, 43796733979993301 ],, 
  [ 84617210949613, 1072298894765387772981908242921454349599227 ], 
  [ 23378761193, 29574350055691747 ], [ 160245735312580565233 ], 
  [ 5634920341, 48228169646778661, 48401473211124642470611 ], 
  [ 20772604772831, 765754909978451, 467833546550712451, 19225262190630177047, 
      56716361022139656126011, 818927018262835102477267467484935719 ], [ 2882320083091 ],, 
  [ 4720675769, 23190907141342458062062099 ], 
  [ 13160858521361, 7540473930114841, 73863065381610939020030852981, 
      48938287148470121938740015277181 ],, 
  [ 1096996993, 209217078485297, 50372914481629153, 32121282962532930288299521 ],, 
  [ 900103243106086351777 ], 
  [ 19875289921, 58946755835781641, 3063673343161655797614785500381 ],, [ 1660677590521 ],,, 
  [ 1170490671001, 23117088417099103883096046361, 2017221783188278499997163073176801 ],,, 
  [ 13462484716330247941129 ], [ 344721628989547163006603381 ],,, [ 51748661807 ], 
  [ 344580441473 ], [ 18525100256867749 ], 
  [ 7235874017514796171051, 712790466754411647856151 ],, 
  [ 141110045231497, 4966035679675489 ], [ 2540613443082895940789 ], 
  [ 15441116249479, 20393801166513707, 3984787028427327299561, 354180380756027778779677 ], 
  [ 216135549077131 ],,, [ 14108090001957742490391619 ], [ 672937647660347658401 ], 
  [ 4525536121 ],, [ 11898438189846979, 21450462398160930581 ], [ 10978567349834636902351 ], 
  [ 17318089354307384498576619169 ], [ 397077657871, 112272274718653031 ], 
  [ 26036139431531113060103 ], [ 773339853810990006997 ],,,, [ 299419970465353081 ], 
  [ 1895529594342298177 ], [ 258457739311, 16948960854433813 ], 
  [ 1078681696109683667, 212473832306149973329 ], [ 7970174543834667071 ],,,, 
  [ 12980160639616879, 182502056215852543 ], [ 758244379176375521 ], 
  [ 2368213723, 10793618351360361234710623 ], 
  [ 9902188834681094911, 171363918554016502808341, 28713777340361484788884750249 ], 
  [ 13927734281775737557 ], [ 25010422388069 ], [ 9651471952321, 120680912511308213791 ], 
  [ 23099576119 ],, [ 192084111913 ], [ 76666520789 ], [ 19222549577003227691 ],, 
  [ 5323716997, 1312475031667409 ], [ 2967465159887861 ], 
  [ 13054083275227, 1135050914442094918273, 1253523927935853614179 ],,, [ 3899356729 ], 
  [ 1465687423, 155708331493171 ], [ 785514668327105099 ], [ 30019932172356942695064481 ], 
  [ 1670819582223601 ], [ 1046011699240691, 1056277197409402642129 ],, [ 3013378065721 ], 
  [ 1907617998401 ], [ 7687669304114446842049 ], [ 2897562394888031826979 ], 
  [ 23957331809, 416016279401, 1242993316672273, 1272693011124683794973 ], [ 2517298183 ], 
  [ 11421042676891, 8847827230456484403451, 297431814557465168819816371 ],, 
  [ 4455444173506992041976001 ], [ 786548989253 ], [ 2171436369931001720999 ], 
  [ 198317526951571, 8692694812326857456351269381 ], [ 7378710473 ],,,, 
  [ 103064103758401, 23115260051460022601 ],, [ 2524105784704501891 ],,,, 
  [ 1225689068071723 ], [ 3677407579 ], [ 2890528741777 ],, 
  [ 106451038261, 3131758970991111301 ], [ 1411963488441823 ], 
  [ 391736490833, 2277821326853 ],, 
  [ 539847421429, 2781314003295523, 3336624470959899495507907 ],, [ 38040935306396274361 ],,
  , [ 2058385650867523 ], [ 1260465581 ], [ 20123199643, 13423964496576349 ], 
  [ 80625026406826147, 96091435775799726853 ],, [ 117842661889, 14698357498268539201 ], 
  [ 2068977072377251 ], [ 2413044272592847 ],, 
  [ 499955476129, 3346761535802173, 43548792696940021 ], [ 2311096397, 24889491415303 ], 
  [ 359331009648461, 21280813577628580522441 ], [ 105194983289149909 ], [ 3430767495511529 ],
  ,, [ 43805832061 ],, [ 42993265330796659999 ],, [ 9091940489 ], [ 212512056481 ],, 
  [ 12229494720321355291 ],, [ 31576915310635481, 162894563618499281, 203862797894755343681 ]
    , [ 156083084431, 6151459516861 ],, [ 13505524498493, 1229588459772221771 ],, 
  [ 58306085121079, 2965221598155979, 52097644552219230884401 ], [ 4534565838251 ], 
  [ 450386148620493061 ],, [ 48261413711619769 ], [ 1448773583, 1814255331859 ], 
  [ 69344324131 ],, [ 131980539533532773 ], [ 252410279587, 4534616735881 ],,, 
  [ 2372791717, 23944941678727, 109181669902741 ],, [ 32529405197826443 ],,,,, 
  [ 1889381250829169552101 ],, [ 1502906401, 262465218701812290331 ], [ 199243391287 ],, 
  [ 10086021647534743, 55141421655130357, 56877709188360806929 ],, 
  [ 56249766101, 318149628829838851 ], [ 2185760836321, 86877230298973 ], [ 20103344251 ], 
  [ 78536846782913, 30340734005643888051909403 ], [ 1419011814151, 3547877386717 ],, 
  [ 2300629819648081387 ], [ 157004219493391 ], [ 1076882921 ], [ 656694308236128193 ], 
  [ 500831938856701 ], [ 1955822078503723, 106753854500244667 ], [ 2029655461440221959 ], 
  [ 12750516577 ],, [ 15206029651, 6130097090186289093491 ], [ 66683391469, 409335387305263 ]
    , [ 25231223309 ],,, [ 242053664911, 330094509982330061 ], 
  [ 81098771753, 4745075317653899875198897 ], [ 12631186063 ],, [ 123677333644962943 ], 
  [ 945837712296358201, 30560516440414997694901 ], [ 1301866282753 ], 
  [ 113446907323, 12250510766173, 7995634576943082388271 ], [ 1326475896987247 ], 
  [ 328539420817, 2437181381777, 752351862131594161 ],, [ 1024946389 ],, 
  [ 15740150581, 530199642281 ], [ 764126388986071 ], [ 7807049153675041 ], [ 10115819873 ], 
  [ 2966587417, 7811331841 ],, [ 2208434849 ], [ 29540478562561 ], [ 912558720780233 ], 
  [ 6785562766627, 127862660094583 ], [ 23921082223 ],,, [ 40628374853719183 ],,,,,,, 
  [ 5783520602045758665257 ], [ 662782803972269 ], [ 1552876711 ],, [ 10717249216489 ],, 
  [ 337102276332329, 8226632955367450007 ],, [ 625490546017 ],,,,, 
  [ 1376797552681, 93809189768933 ], [ 2610416233, 33772905613 ],,, 
  [ 56471663791, 5466623063960537221, 3411718079365391427091 ],,, [ 8881833981292957 ],,,, 
  [ 118356164609, 15114798904129, 798593656651272826081 ], [ 2361430919 ], 
  [ 833921357033773 ], [ 74957195808116291 ], [ 6244728121684057 ],,, [ 60584901128190809 ], 
  [ 38709361441, 108596516761 ], [ 5225931576917 ], [ 781196695440011 ], [ 58267733256679 ], 
  [ 4210789993229 ],, [ 80996132865434401, 289459077523776081133, 49500059410228249173733, 
      59719988220335135149057 ],, [ 312994133751812977 ],, [ 6937723608681191 ], 
  [ 31792548581386964911 ], [ 1300508805637, 71734911138361 ], [ 114524038589 ], 
  [ 4757047953571 ], [ 1045292251 ],,,,, [ 75796256031941, 420081329184701 ],,,, 
  [ 95064640513 ],, [ 1649767698653 ], [ 105909140488793923 ], 
  [ 305268763633, 122418321274571806721 ], [ 2310547969, 4217769617813617 ], 
  [ 10431000309991 ], [ 2350937549 ],,, [ 109211543761049 ], [ 7851240635941 ], 
  [ 185778248517181 ], [ 34342474280207 ], [ 9753670183, 1312329616811, 3145800327960553 ],,,
  , [ 2909098987693 ],, [ 3923629013 ],,, [ 4944420779 ],,,,,,,, [ 6447852511 ], 
  [ 1061033377, 27212925794497 ],, [ 12358581731, 92195565503449 ], 
  [ 16108476756157, 456304943544013 ], [ 4430446021, 101898802741 ],, 
  [ 56350876627, 119589311047, 47094080987243 ],, [ 11011317816137 ],,,, [ 559420593557953 ],
  [ 7089267901, 451284842581, 58031880155107 ], [ 15005687264611 ],, 
  [ 381191674753, 1899026030219041 ], [ 7454521939 ], [ 933028374733183 ], 
  [ 1060100221, 232116634231505971 ], [ 11791422493, 34598928409169 ],,, 
  [ 22552202641, 1036618148953 ],,, [ 287044505437 ], [ 4550842427 ], 
  [ 34771199281745520337 ], [ 466063310491, 12472512330221, 30330446242981 ],,,,,,,, 
  [ 309353265121 ], [ 79280864672004846667 ], [ 7543828111 ],, [ 2746463977 ],, 
  [ 16553857951 ], [ 190966318201, 1953641909341, 21669690537221 ],, 
  [ 3485590465666065373, 489368788501087065006880753 ],, [ 18497111761, 17895384905249 ],,,, 
  [ 505108253521 ],, [ 299793173521 ], [ 3436226659 ], 
  [ 1714988989057, 14800909417321, 2077147601607211873 ], [ 2564510506031 ],,,,, 
  [ 1495818307 ],, [ 131398150856543521 ], [ 1990526149, 2566905563 ], 
  [ 12330962621, 660420168542519161472419 ],, [ 17281087743613 ], [ 13162552411171 ],,,, 
  [ 1104711637 ], [ 7734540241 ], [ 478667915359 ],,,,, [ 205958716609, 5462695648337 ], 
  [ 26041009807 ], [ 3052601557 ], [ 769128983353 ],,,,,,,, [ 2416904841454429 ],,, 
  [ 2366985991, 2364267370741, 6397631840511661 ], [ 115951127531 ],, [ 85024243459 ],,,,,,,,
  , [ 6847041637 ],, [ 1274731101041557, 752769781763171329933 ],,,, 
  [ 7950787169639953, 100610864742089857 ],,,, [ 532872577889 ],,,,,, [ 126459078901 ],, 
  [ 6156683750288521, 1383967961949351061, 5523597478849275541 ],,, [ 71867608411 ], 
  [ 122708226341761 ],,,,,,,, [ 45272240809, 10216604658690481 ],, 
  [ 485596314894557, 11540636259201241 ], [ 19134150031 ], [ 1350914893235729 ],, 
  [ 189113590016974883791 ], [ 6173099609 ], [ 19167515921 ],,, [ 37060287973 ], 
  [ 6365259990517 ],, [ 3370623301139, 2556767782391093 ],, [ 32151711001, 94635141915961 ],
  , [ 1383093031 ],, [ 24899249233, 5966140963959749, 3791740238847020461 ],, 
  [ 254879023185264950053 ],,,, [ 3055546740011 ], [ 49639874833 ], [ 102660422455181 ],,,, 
  [ 1874499697659929, 2455344188098394737 ],, [ 21254408107 ],,,,,, 
  [ 68037088289, 51095372005921 ],,,, [ 7008642929, 17107684668233473 ],,,,,, 
  [ 2597339028719 ],,,,,,,,,,,,,, [ 1320755129, 12098916002713 ],,,, [ 2184158442763721 ],,,
  , [ 3689777521, 4221820513 ],, [ 7383959213 ],,,,,,,,,, [ 538530489269797 ],, 
  [ 20030193534737, 267341563310449 ],,,,,, [ 35338765841 ],, [ 1994865662287 ],,,,,,,, 
  [ 7812531303427 ],, [ 143890392817 ],,,, [ 5176337405325901, 12693698455266645301 ],, 
  [ 1215005292013, 33797024165820491 ],,,, [ 852317212973311 ],,,,,, [ 58765730689 ],, 
  [ 5500469482301 ],,, [ 10112821547 ],,,,,,,,, [ 4099434473 ],, 
  [ 196662930017, 84877966533953 ],,,,,, [ 613342997292083 ],,,,,, 
  [ 1149424501, 32842586701 ],, [ 404895092473, 5163619325671, 5230557267909949 ],, 
  [ 146934743297 ],,,, [ 9453308748001 ],,,,,,,, [ 150968079469 ],, [ 33267874990859 ],, 
  [ 275984336161 ],, [ 42505446821 ],, [ 727817809109 ],, [ 20651723401 ],,, [ 2304097813 ], 
  [ 4043753971, 65298672432571 ],,,, [ 302768054159, 1212096279487 ],,,, [ 3138883496461 ],,,
  ,,,,,,, [ 97427947717 ], [ 194197419907 ], [ 28497978353689501 ],,,, 
  [ 3950906467, 10949430032215224577 ],,,, [ 647222068777, 2978291939563, 9433548841253 ],, 
  [ 3766569881 ],, [ 1200473851 ],,,,,, [ 1691930881 ],, [ 3488764511 ],, 
  [ 1408128773, 11378938777, 104111273837 ],,,,,, [ 37142783527 ],,,, [ 3015472547 ], 
  [ 3812737069 ],,,,,, [ 66072870373 ],, [ 9551843897 ],,,,, [ 338543402473 ],,, 
  [ 2993550979 ],,, [ 484773980671, 24813875695667 ],,,,,,,,,, 
  [ 105912249202033, 277280053214977, 353480635710469 ], [ 1688654301907 ], 
  [ 9324523762986836779 ],, [ 852725394782578561 ],, [ 4469319689 ], [ 1149609007 ], 
  [ 45411261726221, 237225286759081 ],, [ 15453896743 ],,,,,,, [ 1438431061 ], 
  [ 9315767281, 14514186489421 ],, [ 3964183696513 ],, [ 49878412328197 ],, [ 451087528189 ],
  [ 4193150707 ],, [ 9874377259 ], [ 4081387994881 ],, [ 63326787163 ], [ 1937148247 ],,,,, 
  [ 129860868817, 45852532398161 ],, [ 35192363851, 4411073962151 ],,, [ 1725593411 ], 
  [ 1510938647 ],,, [ 1019684311, 2422248797, 5832544891 ], [ 5287986072799 ], 
  [ 1951809493 ],,,,,, [ 3338467629751 ],,, [ 82821939509, 178181555187917 ],,,,,,,, 
  [ 1273795981 ],, [ 3297135841, 1971796149977, 6085771541627 ],,, [ 5837768539 ],, 
  [ 2474044147 ], [ 298810938817, 3531083816989 ], [ 46672407841 ],,,,,,, [ 19086612817 ],, 
  [ 47310916273, 755792376452473 ],, [ 448970648449 ],, [ 487924639886701 ], [ 1796196607 ], 
  [ 5202602220601 ], [ 5961832307 ],,, [ 153030446225857 ],, [ 5923500481 ],,,,,,,,,,,, 
  [ 6030358801696837 ],,,,,,, [ 4086159751 ],,,,,,,, [ 1425553093 ], 
  [ 1204715907151, 3769289371151 ],,, [ 1572557731 ],,,,,, [ 43567735373 ], 
  [ 1860370472267729 ],,,,,, [ 727142958001 ],, [ 3557653513, 249617212797289 ],, 
  [ 159574738573 ],,,, [ 20119825949 ],,,,,,,,,, [ 9646304465953 ],,,,,,,,, [ 6613545527 ],,,
  ,,,,,, [ 1357713321229, 22578531550921 ],,, [ 1628877067 ], 
  [ 1231068289771, 4943254285094401 ],,, [ 1633782901 ],,,,,, [ 10576071343 ], 
  [ 316248301001 ],,,,,,, [ 1607383471 ],,, [ 2555167691 ], [ 228083138743 ],, 
  [ 29020306493 ],, [ 31929258971 ],,,,,,,,, [ 6714654721 ],, [ 1592092206541 ],, 
  [ 16417418029 ],,,,,,,,,,,,,,,,, [ 4813138331 ],,,,,,, [ 1098438437 ],,, [ 9910155161 ], 
  [ 43157964961 ],,,, [ 6831215581, 111227028541 ],,,,,,, [ 1606731281 ],,, [ 560849722331 ],
  ,,,,, [ 8483319577 ],, [ 1017147979 ],, [ 28058330238481 ],,,,,,,,,,,,,,,,,,,, 
  [ 1995325201, 7628886101 ],,,,,,,,,,,,,,,, [ 1529704549 ],,,,,, 
  [ 51872488009, 171237464869483 ],,,,,,,,, [ 1366051207, 5617854858799 ],,,,,,, 
  [ 1484810053 ],,, [ 56073141979 ],,, [ 6540156481 ], [ 542520197071 ],,,,,, [ 2485955123 ],
  ,, [ 8254777064057 ],,,,,,, [ 1045120591, 1583975521 ],,, [ 2957448133 ],,,,,, 
  [ 71846273071 ],,,, [ 437091889519 ],,,,,, [ 68729660501 ],,,,,,,,, [ 35658817181531 ],,,,,
  ,,,,,, [ 1250089201 ],,, [ 24003519151 ],,,,,,, [ 2329091625558721 ],,,,,,,,, 
  [ 1246281221 ], [ 17902819241 ],,,,,,, [ 2589912337 ],,,, [ 12421801883 ],,, 
  [ 3635060437 ],,,,,,, [ 301859023177 ],,,,,,,,,, [ 1485374851 ],,,,,,,,, [ 27840990785581 ]
   ,,,, [ 736995062497 ],, [ 208550462599 ],,,,, [ 8646132563 ],,,,,,,,,, [ 63237651289 ],,,,
  ,,,,, [ 330563765491 ],,, [ 5354315587 ],,,,,,, [ 94000974601 ], [ 1945008011 ],,,,,, 
  [ 5560780499 ],, [ 785958094291340741 ],,,, [ 4725132491 ],,,,,, 
  [ 12111735967, 315335247827 ],,,, [ 2062141579 ],,,,,,,,,, [ 4519083281, 8791886813 ],,,,, 
  [ 334257697567 ],,,, [ 458850398359 ],,,,,,, [ 16790568623 ], [ 260153506351 ],,,, 
  [ 12545978503 ], [ 7590712711 ],,,,,,, [ 2437401151 ],,,,,,,,,,,,,,,,,, [ 2493073909861 ],,
  ,, [ 71852544039193 ],,,, [ 1203652781 ], [ 1793537917 ],,,,,,,,,,,,,,,,,,,,,,,, 
  [ 14726458387 ],,,,, [ 3634467293 ],, [ 1568647021 ],,,,,,,, [ 6035227801 ],,, 
  [ 12161256193 ],,, [ 4332637411 ],,,, [ 13880817689993 ],,,,,,,,,,,,,,, [ 4261939601 ],,, 
  [ 18914082097 ],,,,,, [ 99102354217 ],,,,,,,, [ 18489742601254722211 ],,,,,,, 
  [ 1461600799 ],, [ 54715087351 ],,,,,, [ 3957456691 ],, [ 53954197963 ],, [ 4288513571 ],,,
  ,,, [ 3210817481, 36514771021 ],,,, [ 2355168841 ],,,,,, [ 3172242011 ], [ 1008301639 ],,,,
  ,, [ 4673818801 ],, [ 1026472319 ],,,,,, [ 48740064641 ], [ 4280699359 ],,,, 
  [ 4808623901, 16937391151 ],, [ 1457457367 ],,,,,,,, [ 7841219011 ],, [ 1079195329 ],,,,,,
  , [ 4538869009 ],,,,,,, [ 57665978371 ],,,,,, [ 25055851231 ], [ 21258721483 ], 
  [ 12280074629 ],,,,,,,,,,,,,,,,,,,,,,,,,,,,,,,,,,,,,,,, [ 1513986277207 ],,,,, 
  [ 13301886258181 ],,,,,, [ 103533883601 ],,,,,,, [ 2043579437593 ],, [ 13168657819 ], 
  [ 2045753821, 13701031741 ],,,,,,,,,,,,,,,,,,,,,,,,, [ 3016199238361 ],,,,,, 
  [ 132878981639 ], [ 8356736269729 ], [ 57190272499 ],,,, [ 20667247331 ],,,,,,,,,,,,, 
  [ 76222225171 ],,,,,,,,,,,,,,,,,,,,,,,,,,,, [ 168284652163 ],,,,,,,,,,,,,,,,, 
  [ 1156575421 ],,,,,,,,,, [ 3194344651 ],,,,,,,,,,,,,,,,,,,,,,,,, [ 175066594501 ],,, 
  [ 4471103633 ],, [ 580976825131 ],,,,,,,, [ 2700320107, 978264476381 ],,,,, 
  [ 666619827953 ],,,,,,,,,,,, [ 5945589821 ],,,,,,, [ 39607672007 ],,,,, [ 36412671233 ],,,,
  ,,, [ 10066214551 ],,,,,,,,,,,,,,,,,, [ 5158368517 ],,, [ 63962169181 ], [ 6505810219 ],,,,
  ,,,,,,,,,,,,,,,,,,,,,,,,,,,,,,,,,,,,,,,,,,,,, [ 1533252271 ],,,,,,,, [ 2074515799 ],, 
  [ 4395855481 ], [ 1132647913 ],,,,,,,,,,,,,,,,,,,,,,,, [ 5848494781 ],,, [ 358989169681 ],,
  ,,,,, [ 8612961451 ],, [ 25975748737 ],,,,,,,,,,, [ 3047288833 ],,,,,, [ 178210315651 ],,,,
  ,,,,,,,,,,,,,,,,,, [ 10065268909 ],,,,,,,,,,,,,, [ 4734912731 ], [ 2542999969 ],,,,,,,,,,,,
  ,, [ 8625815249011 ],,,,, [ 280891831261 ],,,,,,,,,,,, [ 1989649663, 3369956591 ],,,,,,,, 
  [ 15993668491 ],,,,,, [ 1443214081 ],,,,,,, [ 1010479222523 ],,,,,,,,,,,,,,,,,,,,,,,,,,,,,,
  ,,, [ 28263930689 ],, [ 1426348351 ],,,,,,,,,,,,,, [ 133651581449 ],,,,,,,, [ 2098957121 ],
  , [ 122396122567 ],,, [ 34328620111 ], [ 1747010399 ],,,, [ 4985628121 ],,,,,,,,,,,,,,,,,,,
  ,,,,,,, [ 86517338477 ],,,,,,,, [ 6875991217 ],,, [ 3348196983883 ], [ 2192874209 ],,,,,,,
  , [ 65838041209 ],,,,,,,,,,,,,,,,,,,, [ 2984147629 ],,,,,, [ 21386214293 ], [ 2374675507 ],
  ,,,,, [ 37997947513 ],,,,,,,,,,,,,,,,,,,,,,,, [ 1245746809 ],,,,,,,,,,,, [ 2173362661 ],,,,
  , [ 1948747061 ],,,,,, [ 48523603529 ],,,,,,,,,,,,, [ 1471541221 ], [ 18913794061 ],, 
  [ 1335546217 ],,,,,,,,,,,,,,,,,,,,,,,,,,,,,,,,,,,,,,,,,,,,,,,,,,,, [ 2724206741 ],, 
  [ 12842439391 ],,,,,,,,, [ 892827136441 ],,,,,,,,,,,,,,,,,,,,,,,,,,,,,, [ 95354704201 ], 
  [ 1686640751 ],, [ 1529610073 ],,,,,,,,,,,,,,,, [ 28532047001 ],,,,,,,,,,,,,,,,,, 
  [ 1303932653 ],,,,,,,,,,,, [ 7090207393 ],,,,,,,,,,,,,, [ 52986331429 ],,,,,,,,,,,,,,, 
  [ 1513467073 ], [ 3121238209 ],,,,, [ 1312591831 ],,,,,,,,,,,,, [ 7738684787 ],,,,,,,,,,,,,
  ,,,,,,, [ 15434560879 ],, [ 12590026489 ],,,,,,,,,,,, [ 5313438113 ],,,,,,,,,,,,,,,,,,,,,,,
  , [ 1102704721 ],,,,, [ 70576827931 ],,,,,,,,, [ 1482126839 ],,,, [ 29877353981 ],,,,,, 
  [ 217206818249 ],,,,,,,,,, [ 6836903449 ],,,,,,,,, [ 4252753663 ],,,,,,, [ 1744052971 ],,,,
  ,,,,,,, [ 24519293107 ],,,,,,,,,,,,,,, [ 4830616332109 ],,,, [ 1492247041 ],,,,,,,,,,, 
  [ 8556498823, 1045603147189 ],,,,,,,,, [ 331625385181 ],,,,,,,,,,,,,,,,,, [ 1219267381 ],,,
  ,,,,, [ 2070440941 ],,,,,,,,,,,,,,,,,,,,,, [ 12632919517 ],, [ 64147669871 ],,,,,,,,,,,, 
  [ 1695910369 ],,,,,,,,,,,, [ 4566708607 ], [ 26407534340791 ],,,,,,, [ 2559952231 ],,,,, 
  [ 257417527837 ],,,,,,, [ 12511223509 ],, [ 1197130009 ],,,,,,,,,,,,,, [ 12180960221 ],,,,,
  , [ 8567033369 ],, [ 277297545047 ],,,,, [ 3805932121 ],,,,, [ 1396431653 ], 
  [ 167794002559 ], [ 608776020581 ],,,,, [ 192592201111 ],,,,,,,,,,,,, [ 251014017409 ],,,,,
  ,,,,,, [ 7282119043 ],,,,,,, [ 55523757529 ],,,,,,,,,,,,,,,,,,,,,,, [ 809362999771 ],,,,, 
  [ 89637216257 ],,,, [ 245131000579 ],,,,,,,,,,,,,, [ 505216364641 ],,,,,,,,,,,,,,,, 
  [ 26227747729 ],,,, [ 2043539453 ],,,, [ 8459537153 ],,,,,, [ 5026094881 ],,,, 
  [ 9195332059, 290509781833 ],,,,,, [ 47562712177 ],,,,,,,,,,,,,,,,,,,,,,,,,,,,,,,,,,,, 
  [ 3162988141 ],,,,,,,,,,,,,, [ 2487840389, 5363413529 ],,,,,,,,,,,,, [ 303974438371 ],,,,,,
  ,,,,,,,,,,,,, [ 64175234723 ],,,,, [ 9635076067 ],,,,, [ 1603021597 ],,,,,,,,,,,, 
  [ 1128428113 ],,,,,,,,,,,,,, [ 7038617401, 236156913451 ],,,,,,,,,,,,,,,,,,,,,, 
  [ 14964444997 ],,,,,, [ 52031827439 ],,,,,,,,,,,,,, [ 15152493313 ],, 
  [ 2010929083, 38751042601 ],, [ 25794836771593 ],,,,,,,,,, 
  [ 4044978811, 49460892337, 9292873666033 ],,,,,,,,,,,,,,,,,,,,,,,,,,,,,, [ 2381538589 ],, 
  [ 5222841499 ],,,,,,,,,,,,,,,, [ 9715079401, 315069941281 ],,,,,, [ 9733018501 ],,,, 
  [ 1739843377 ],,,,,,,,,, [ 3309028819 ],,,,,,,,,,,,,,,,,,,, [ 286623203413 ],,,,,,,,,,,,,,,
  ,,,,, [ 475009130269 ],,,,,,,,,,,,,,,,,,,,,,,,,,,,,,,,,, [ 10905251233 ],,,,,,,,,, 
  [ 78898900403 ],,,,,,,,,,,,,,,,,,,, [ 1615329731, 2021129156999 ],,,,,,,,,,,,,,,,,,,,,,,,,,
  ,,,,,,,,,,,,,,,,,,,,,, [ 1979742674209 ],,,,,,,,,,,,,,,,,, [ 1790201401 ],,,,,,,,,,, 
  [ 315364040671 ],,,,,,, [ 4342765841 ],,,,,,,,,,,, [ 5929649443, 298149553613 ],,,,,, 
  [ 1425553601 ],,,,,,,,,,,,,,,,,,,,,,,,,,,,,,,,,,,,,,,,,, [ 3369338501 ],, [ 9418560649 ],,,
  ,,, [ 2565778321 ],,,,,,,,,,,,,, [ 1330708474129 ],, [ 22629516631 ],,,,,,,,,,,,,,,,,,,,,,,
  ,,, [ 27870122893, 2029551819541 ],,,,,,,,,, [ 12640478651 ],,,,,,,,,, [ 1118515393 ],,,,,,
  ,,,,,,,,,,,, [ 3785938861 ],,,,,, [ 1437268337 ],,,,,,,,,, [ 85232463103 ],,,,,,,,,,,,,,,,,
  ,,,,,,, [ 1523368201 ],,,,,,,,,,,,,, [ 3689305489 ], [ 94983349231 ],,,,,,,,,,, 
  [ 724536362441 ],,,,,,,,,,,,,,,, [ 23003099533, 273686093641 ],,,,,,,,,,,,,,,,,,,, 
  [ 9193292161 ],,,,,,,, [ 1626408961 ],,,, [ 83446357133 ],,,,,,,,,,,,,,,,,,,,,,,,,,,,,,,,,,
  ,,,,,,,,,,,,,, [ 1322890201 ],,,,,,,, [ 12933677221 ],,,,,,,,,,,,,,,,,,,, [ 8677119601 ],,,
  ,,,,,,,,,,,,,,,,, [ 6215120081, 378493205081 ],,,,,,,,,,,,,, [ 10436103031 ],,,,,,,,,,,,,,,
  ,,,,, [ 6796648279 ],,,, [ 9080041237 ],,,,,,,, [ 1923118693471 ],,,, [ 2498194691 ],,,,,,,
  , [ 182265143713 ],,,, [ 2246546527 ],,,,,,,,,,,,,,,,,,,,,,,,,, [ 5912228017 ],,,,,,,,,, 
  [ 31183553831 ],,,,,,,,,,,, [ 1644944921 ],,,,,,,,,,,,,,,,,,,,,,,,,,,,,,,, [ 1351396927 ],,
  ,,,,,,,,,,,,,,,, [ 6740832421, 87688118701 ],,,, [ 5692948537 ],,,,,, [ 19407089161 ],,,,,,
  ,,,,,,,,,,,,,,,,,,,,,,,,,,,,,,,, [ 4601780437 ],,,,,,,, [ 2715324109, 1490758088849 ],,,,,,
  ,,,,,,,,,,,,,,,,,, [ 2672374501, 164794003421 ],,,,,,,,,, [ 1801125091 ],,,,,,,,,,,,,,,,,,,
  , [ 70731702731 ],,,,,,,,,,,,,,,, [ 13323764413 ],,,,,,,,,,,,,,,,,, [ 5158251037 ],,,,,,,,,
  ,,,,,,,,,,,,,,,,,,,,,,,,,,,,,,,,, [ 1512255631 ],,,,,,,,,,,,,,,,,,,,,,,,,,,,,,,,,,,,,,,,,,,
  , [ 3474215881 ],,,,,,,,,,,,,,,, [ 3479691931 ],,,, [ 2314017941 ],,,,,,,,,,,,,,,, 
  [ 13860042337 ],,,,,,,,,, [ 2745802489 ],,,,,,,,,,,,,,,,,,,,,,,, [ 12780551041 ],,,,,,,,,,,
  ,,,,,,,,,,,,,,,,,,,,,,,,, [ 19076260561, 20667761353 ],,,,,,,,,,,,,, [ 146337819181 ],,,,,,
  ,,,,,,,,,,,,,,,,,,,,,,,,,,,,,,,,,,,,,,,,,,,, [ 1269641497301 ],,,,,,,,,,,,,,,,,,,,,,,,,,,,,
  ,,,,,,,,, [ 88495533883 ],,,,,,,,,,,,,,,,,,,,,, [ 1885650961 ],,,,,,,,,,,,,,,,,,,,,,,,,,,,,
  ,,,,,,,,,,,,,,,,,,,,,,,,,,,,,,,,, [ 56227905757 ],,,,,,,,,,,, [ 42712624963 ],,,,,, 
  [ 20612793601 ],,,,,,,,,,,,,,,,,,,,,,,, [ 3497089417 ],,,,,, [ 1027905001 ],,,,,,,,,,,,,,,,
  ,,,,,,,,,,,,,,,,,,,,,,,,,,,,,,,,,,,,,,,,,,,,,,,,,,,,,,,,,,,,,,,,,,,, [ 1741931857478641 ],,
  ,,,, [ 2147992081 ],,,,,,,,,,,,,,,,,,,,,,,, [ 97239972673 ],,,,,,,,,,,,,,,,,,,,,,,,,,,,,,,,
  ,,,, [ 98129223001 ],,,,,,,,,,,,,,,,,,,,,, [ 1055574983, 3135636197 ],,,,,,,,,,,,,, 
  [ 313718355721 ],,,,,,,,,,,,,,,,,,,,,,,, [ 1941752881 ],,,,,, [ 9235319449 ],,,,,,,,,,,,,,,
  ,,,,,,,,,,,,,,,,,,,,,,,,,,,,,,,,,,,,,,,,,,,,,,,,,,, [ 15520734217 ],,,,,,,,,,,,,,,,,,,,,,,,
  ,,,,,,,,,,,,,,,,,, [ 4047445627, 14930966803 ],,,,,,,,,,,,,,,,,,,,,,,,,,,,,,,,,,,,,,,,,, 
  [ 3007350757 ],,,,,, [ 4880824471 ],,,,,,,,,,,,,,,,,,,,,,,, [ 60081953779 ],,,,,,,,,,,,,,,,
  ,,,,,,,,,,,,,,,,,,,,,,,,,,,,,,,,,,,,,,,,,,,,,,,,,,,,,,,,,,,,,,,,,,,,,,,,,,,,,,,,,,,,,,,,,,,
  ,,,,,,,,,,,,, [ 1410094554499 ],,,,,, [ 904994028793 ],,,,,,,,,,,,,,,,,,,,,,,,,,,, 
  [ 6212180801 ],,,,,,,,,,,,,,,,,,,,,,,,,,,,,,,,,,,,,,,,,,,,,,,,,,,,,,,,,,,,,,,,,,,,,,,,,, 
  [ 3402151339 ],,,,,,,,,,,,,,,,,, [ 73288889857 ],,,,,, [ 2374806132427 ],,,,,,,,,,,,,,,,,,,
  ,,,,,,,,,,, [ 5766764041 ],,,,,,,,,,,,,,,,,,,,,,,,,,,,,,,,,,,,,,,,,,,,,,,,,,,,,, 
  [ 4357144177 ],,,,,,,,,,,, [ 5151893311 ],,,,,,,,,,,,,,,,,, [ 7181813017 ],,,,,, 
  [ 6969994363 ],,,,,,,,,,,,,,,,,, [ 1200370513 ],,,,,,,,,,,,,,,,,,,,,,,, [ 6182923561 ],,,,,
  ,,,,,,,,,,,,,,,,,,,,,,,,, [ 44999749681 ],,,,,,,,,,,,,,,,,, [ 104775070009 ],,,,,,,,,,,,,,,
  ,,,,,,,,,,,,,,,,,,,,,,,,,,,,,,,,,,,,,,,,,,,,,,,,,,, [ 426772354249 ],,,,,,,,,,,,,,,,,, 
  [ 109208537929 ],,,,,,,,,,,, [ 72807875401 ],,,,,,,,,,,,,,,,,,,,,,,,,,,,,,,,,,,,,,,,,, 
  [ 39657258829 ],,,,,,,,,,,, [ 85536874783 ],,,,,,,,,,,,,,,,,,,,,,,,,,,,,,,,,,,,,,,,,,,,,,,,
  ,,,,,,,,,,,, [ 740834548147 ],,,,,,,,,,,,,,,,,,,,,,,,,,,,,,,,,,,,,,,,,,,,,,,,,,,,,,,,,,,,,,
  ,,,,,,,,,,,,,,,,,,,,,,,,,,,,,,,,,,,,,,,,,,,,,,,,,,,,,,,,,, [ 2445519883 ],,,,,,,,,,,,,,,,,,
  ,,,,,,,,,,,,,,,,,,,,,,,,,,,,,,,,,,,,,,,,,,,,,,,,,,,,,, [ 4897653421 ],,,,,,,,,,,,,,,,,,,,,,
  ,,,,,,,,,,,,,,,,,,,,,,,,,,,,,,,,,,,,,,,,,,,,,,,,,,,,,,,,,,,,,,,,,,,,,,,,,,,,,,,,,,,,,,,,,,,
  ,,,,,,,,,,,,,,,,,,,,,,,,,,,,,,,,,,,,,,,,,,,,,,,,, [ 1189984381 ],,,,,,,,,,,,,,,,,,,,,,,,,,,
  ,,,,,,,,,,,,,,,,,,,,,,,,,,,,,,,,,,,,,,,,,,,,,,,,,,, [ 357335438851 ],,,,,,,,,,,,,,,,,,,,,,,
  ,,,,,,,,,,,,,,,,,,,,,,,,,,,,,,,,,,,,,,,,,,,,,,,,,,,,,,,,,,,,,,,,,,, [ 754628220721 ],,,,,,,
  ,,,,,,,,,,,,,,,,,,,,,,, [ 199414692121 ],,,,,,,,,,,,,,,,,,,,,,,,,,,,,,,,,,,,,,,,,,,,,,,,,,,
  ,,,,,,,,, [ 23374631701, 580125713581 ],,,,,,,,,,,,,,,,,,,,,,,,,,,,,,,,,,,,,,,,,,,,,,,,,,,,
  ,,,,,,,,,,,,,,,,,,,,,,,,,,,,,,,,,,,,,,,,,,,,,,,,,,,,,,,,,,,,,,,,,,,,,,,,,,,,,,,,,,,,,,,,,,,
  ,,,,,,,,,,,,,,,,,,,,,,,,,,,,,,,,,,,,,,,,,,,,,,,,,,,,,,,,,,,,,,,,,,,,,,,,,,,,,,,,,,,,,,,,,,,
  ,,,,,,,,,,,,,,,,,,,,,,,,,,,,,,,,,,,,,,,,,,,,,,,,,,,,,,,,,,,,,,,,,,,,,,,,,,,,,,,,,,,,,,,,,,,
  ,,,,,,,,,,,,,,,,,,,,,,,,,,,,,,,,,,,,,,,,,,,,,,,,,,,,,,,,,,,,,,,,,,,,,,, [ 7889020273 ],,,,,
  ,,,,,,,,,,,,,,,,,,,,,,,,,,,,,,,,,,,,,,,,,,,,,,,,,,,,,,,,,,,,,,,,,,,,,,,,,,,,,,,,,,,,,,,,,,,
  ,,,,,,,,,,,,,,,,,,,,,,,,,,,,,,,,,,,,,,,,,,,,,,,,,,,,,,,,,,,,,,,,,,,,,,,,,,,,,, 
  [ 15363803401 ],,,,,,,,,,,,,,,,,,,,,,,,,,,,,,,,,,,,,,,,,,,,,,,,,,,,,,,,,,,,,,,,,,,,,,,,,,,,
  ,,,,,,,,,,,,,,,,,,,,,,,,,,,,,,,,,,,,,,,,,,,,,,,,,,,,,,,,,,,,,,,,,,,,,,,,,,,,,,,,,,,,,,,,,,,
  ,,,,,,,,,,,,,,,,,,,,,,,,,,,,,,,,,,,,,,,,,,,,,,,,,,,,,,,,,,,,,,,,,,,,,,,,,,,,,,,,,,,,,,,,,,,
  ,,,,,,,,,,,,,,,,,,,,,,,,,,,,,,,,,,,,,,,,,,,,,,,,,,,,,,,,,,,,,,,,,,,,,,,,,,,,,,,,,,,,,,,,,,,
  ,,,,,,,,,,,,,,,,,,,,,,,,,,,,,,,,,,,,,,,,,,,,,,,,,,,,,,,,,,,,,,,,,,,,,,,,,,,,,,,,,,,,,,,,,,,
  ,,,,,,,,,,,,,,,,,,,,,,,,,,,,,,,,,,,,,,,,,,,,,,,,,,,,,,,,,,,,,,,,,,,,,,,,,,,,,,,,,,,,,,,,,,,
  ,,,,,,,,,,,,,,,,,,,,,,,,,,,,,,,,,,,,,,,,,,,,,,,,,,,,,,,,,,,,,,,,,,,,,,,,,,,,,,,,,,,,,,,,,,,
  ,,,,,,,,,,,,,,,,,,,,,,,,,,,,,,,,,,,,,,,,,,,,,,,,,,,,,,,,,,,,,,,,,,,,,,,,,,,,,,,,,,,,,,,,,,,
  ,,,,,,,,,,,,,,,,,,,,,,,,,,,,,,,,,,,,, [ 23389838851 ] ]);
