BRENTFACTORS[9946]:=MakeImmutable([ ,,,,,,,,,, [ 1543931489 ],, [ 475026534335237 ],,,, 
  [ 1745986633, 2304100543 ],, [ 57236557753, 3264297399929 ],,, [ 3171494120358521 ], 
  [ 9209680281028602901 ],, [ 8318894271162451 ], [ 7260739721 ], 
  [ 139064805307279, 1406074547171780118533095381 ], [ 73521455561, 6259279419588469 ], 
  [ 4221027953, 8174548769, 2053673303938548209909567 ], [ 135474982471 ], 
  [ 25571561862851, 325344600750678283, 965820436544082149016690412870170629251 ],, 
  [ 65883213139921, 494090959230067, 1306812783089454748801 ], [ 3948703391 ], 
  [ 151819900846181 ], [ 91165990497013 ], [ 2366969477, 423015780003108337 ], 
  [ 8339495623891, 21327317948278800193 ], [ 7342732981042210738981332578761 ],, 
  [ 242626202426517137, 2012931334836986835131374951 ], [ 683901578641 ], 
  [ 1077582300200241482213771, 3006547867195519774277035139 ], [ 2204688683341965905010653 ],
  [ 9620838541 ], [ 573849744449398691378374632962521 ], 
  [ 13695875278303, 1467448590552559179640116127 ], [ 151179825835193241040863457 ], 
  [ 28173362813 ],, [ 14724068629, 133271827459876792889886271487896875704712583 ], 
  [ 258165060726257427401569 ], [ 1215171281, 227086260473 ], 
  [ 178718482084268003277133597911427 ], [ 87067542101, 10558017275319691 ], 
  [ 36033389281, 2092033577783752450849 ], [ 11065387441834471, 63299725247335873 ], 
  [ 7794309021868177 ],, [ 181355660362441 ], [ 56514849674159, 104261615861292648541 ], 
  [ 38379926853467595502058683188367588606062461260943248627 ], [ 12854910011077 ], 
  [ 1049827350169537 ], [ 1225321241, 20761677691 ], 
  [ 3460334263, 707763875184095850258442657 ],,, [ 2409615379 ], 
  [ 29200197572771, 7663998028294087908618754271 ], 
  [ 3527386448190493157, 94238751978328079807 ],,, [ 8638831633, 4007677082172155570147 ],,, 
  [ 352978555062827 ], [ 13954372693717 ],, [ 887018626132331048596081 ], 
  [ 4992288877, 280516740910658893 ], 
  [ 2526905933, 48454014009239758001145482448101533251066808733 ], [ 1170185459171 ], 
  [ 36864802158774786589, 137375690171279325911660089 ],, [ 6248792348390881 ], 
  [ 25660073017 ],,, [ 370411664004938706381686973555310499700391 ], [ 342736928353 ], 
  [ 31221390113 ], [ 466272419593847707, 28339110172419874719211 ], [ 42987953804267083 ], 
  [ 1068127545181, 505324734293381 ], [ 10171218345278294425586497 ], [ 98385589960843 ], 
  [ 21046428201709 ],, [ 9362117741782901, 18816739356063301, 855011622027914501 ],, 
  [ 3034459321457827, 55248538534505059, 84280858777365663525863469055423 ], 
  [ 13135747591, 115877402579, 148783668098768300366771, 273697392453193689791719 ], 
  [ 1675780347097957571542067566649 ], [ 132910429261, 103628717691661 ], 
  [ 186486671825939, 195390077333723627118431611 ], [ 4645911967, 92765520634829501 ], 
  [ 4447109990960430012225220824721, 752919090605398225799928012838269798562177 ], 
  [ 25179223451, 725748893332281901, 1050071642841529852451 ], 
  [ 2148897853443285938621, 747225234815154003690193198252525951 ],, [ 71322046097 ],, 
  [ 116923154371 ], [ 7584417945311 ],, [ 73831306771 ], [ 9819460260521297 ], 
  [ 190134309653, 167515537203879902591 ], [ 32337978361959961 ], [ 294501014758919 ], 
  [ 1883463081048225676757 ], [ 2152409419678108544197 ], [ 29271847174372530766421 ], 
  [ 1902536501 ],,, [ 3193024498049 ],, [ 8423022401, 27796501591, 3473456588551 ], 
  [ 28499851812828578887 ],,,, 
  [ 140429132191, 1923660117815187511, 3106611829896468841, 29891918348391339677191591 ], 
  [ 16046092599152449 ], [ 670247485459881041 ],, [ 27356580827, 9380332540262443 ], 
  [ 55258194631781 ], [ 338638563489241 ],, [ 2514656717, 202522004543, 2002713354643 ],, 
  [ 1695383983746082097141 ], [ 77821121536143016223, 337072788873215324441 ], 
  [ 27947196061 ], [ 3262104474358343384737 ], [ 28219105218997559643977 ], 
  [ 352695150001, 194142779583906570301 ],, [ 368555791692268512769, 18280775622572453718073 
     ],,,, [ 3137063593, 909282388833878944385437, 12508809358043930904046153 ],, 
  [ 2322794667762469 ], [ 1167826241931459954982447 ], [ 2058714241, 1251455005471868161 ],, 
  [ 2149278089239, 740023062180020599870963, 426131001999189851814796681 ], 
  [ 3422121355021, 1856985394968289967 ], [ 101896616449 ],, [ 19909246753864165651 ], 
  [ 74306895850721, 1534319268424025729 ], [ 2849959561, 7695131787848153735606353 ], 
  [ 8251716019 ], [ 7547198111 ], [ 1414800991 ], [ 2503907201, 149743693273297 ],,,,, 
  [ 8351583223, 4935046876374072877 ], [ 4226218223 ], [ 4258755113, 236919138175787 ], 
  [ 1644801661, 13053815971561 ],, [ 906250399875070981459, 1773582419559624880571 ],, 
  [ 4673345437691262313 ], [ 273674439391 ], [ 84383001579418321441 ], [ 52858773881 ], 
  [ 1038362411155664521 ], [ 730686337512517 ],, [ 2570987207, 256500857821207129019 ], 
  [ 13767581424577 ],, [ 428670646553 ], [ 209466755290259523811 ],,,, [ 48581504611723 ],, 
  [ 7206903241 ],,, [ 57908418751526855329 ],, [ 268777902314279, 3428341324925016131 ],,, 
  [ 362316368261, 936270175874287 ], [ 7993720939051 ], [ 262969299157 ], 
  [ 6978133913, 979548318271552472057 ], [ 169568320627 ],,,,, 
  [ 10558712858318903, 774429780140133659513 ],,, [ 131537105936547403 ], 
  [ 1755212243982358195141, 3160182493593672206689, 442250756373394431254431 ],,,, 
  [ 2205113641 ],, [ 92408127769, 120887642721690711649 ],, 
  [ 13422027431, 3303893700207391, 1128869227294780210181 ], [ 19078430359930789 ], 
  [ 10129145050730839201, 828061107908062411217 ],, [ 306550495369 ], 
  [ 11534630021, 92612669376397709291 ], [ 9591536926857150869, 69660700250730261068609 ],, 
  [ 51109979257, 120569358085093, 898677305824621, 1886026403537439393541459 ],,, 
  [ 3142658317 ],,, [ 28234487009461661 ], [ 734413322046719701 ], 
  [ 3633683710246077559327 ], [ 796602092983919 ],, [ 24883644187 ], 
  [ 11850802501, 50846604007722105001 ], [ 4504643287 ],,,, [ 35913972723791154631 ], 
  [ 286308116023622921554433 ], 
  [ 20911392503, 82722274223801, 35390640878486251, 98785096496839901 ], 
  [ 11160217249, 38707396451329 ],, [ 11627835929977801 ], [ 17936901361 ], 
  [ 57047380470277, 71372387105841902347, 12586154017853253419317 ],,, 
  [ 2827842166741, 6094927129241 ], [ 25996462537753 ],, 
  [ 895369487334940120739869, 670843820908926590288058517 ], [ 6338274795481039 ],, 
  [ 41201587439 ],, [ 417986535259387459 ], [ 1323364594776197, 28030819226910910127 ],, 
  [ 386243159894723546247997 ], [ 2757425309, 182312949633701984527 ], [ 516156392564689 ],,,
  , [ 65710474777 ],, [ 1209928328749333 ], [ 43947004690753441 ], 
  [ 10306534811, 169277289366043 ],, [ 35427512539873, 206585727734036449 ], 
  [ 562183325359, 23266849544569 ],, [ 88833812525803 ],, [ 67731416177196113 ], 
  [ 9812125755307 ], [ 17880790259711, 599317798239481 ],,,,, 
  [ 3259007494624623901, 17703511589746343900701 ],, [ 12945915609763, 16153564510817 ],,, 
  [ 263668661881, 1541999390941, 1832693557481, 2138993287531 ], 
  [ 845063454457, 9050006588236363 ], [ 93128914799 ], [ 42027964133, 2223443748995393 ],,,, 
  [ 85048499636257 ],, [ 19307758843127471 ], [ 95768348761, 6085474759981 ], 
  [ 15727661281, 4249195336777 ], [ 91221938657 ],,, [ 2964473447740801 ], 
  [ 56507042401, 215124822949, 3095734714981 ], [ 118309520345437 ],,, [ 5839254851 ],, 
  [ 191423601253 ], [ 147665813201 ],,, [ 7343240297, 43424508909097 ], 
  [ 3069296560357862129 ],, [ 3890020369717, 47766484015008091 ], [ 176824876251161 ], 
  [ 766073246341201500577 ], [ 469861392134149 ], [ 474989612703659 ], [ 42766483303 ], 
  [ 81270874561 ],, [ 37138978369 ],,, [ 749197825501, 498090524597761 ], 
  [ 10912723399, 155350942399 ], [ 25644617844929, 203365875817331 ], 
  [ 7753525957, 75309480104108552353357 ], [ 4672691899, 274982467621 ], [ 32403548394001 ], 
  [ 4230664777 ], [ 1150407457, 14249659331777 ], [ 25979343024977, 243818450145223 ], 
  [ 127932911797987 ],,,, [ 1058715907, 100238329881671 ],, [ 9864350586477677548441 ], 
  [ 19647850259, 25069463779 ],,,,, [ 35327090110222873, 139082119098511339 ], 
  [ 1403854893811771 ], [ 2861034769, 1910400205190881, 4799856681809153 ],, 
  [ 1285768909961, 2233141647103362662441 ],,,, [ 1743417083 ], [ 410903783249251 ], 
  [ 1774488761, 79548925817057017 ], [ 19049854738591 ],, [ 11312981204784403 ],, 
  [ 1458472528567 ],, [ 1707584819 ], [ 2950140483043969 ],,,,,,,, [ 3968082329 ],,,, 
  [ 1303922603413, 8698485983337217 ], [ 64610944826833 ], [ 3829531723 ], 
  [ 18370205411508763 ], [ 71083621601, 66660099858775201 ], [ 8652379364297 ], 
  [ 1011253116920833 ],,, [ 2147899681, 93511326923821 ], 
  [ 3760757037867593, 86435799632606747 ],, [ 1230215473 ], 
  [ 458950854253, 1907406407352451 ], [ 4294324244521 ], [ 9867774177945811 ], 
  [ 688153812529, 40468708309217, 4997493602785315573 ],,,,,, [ 154112559318983 ],, 
  [ 49904610841, 266361509352454038847801 ], [ 6645268607, 64434465197779 ], 
  [ 2787043233967, 384781161309462011 ],,,,, [ 18689790001, 61907227747 ], [ 920087294333 ],
  , [ 29485180346546191 ], [ 24886617533 ], [ 1464067009 ],,,,, [ 279725768759 ],,, 
  [ 95308745834222801 ], [ 866808902621089 ],,,, [ 1621416241, 2830344825467161 ], 
  [ 32832297583 ],,, [ 92464031047 ],, [ 389142043985993 ],,,,, [ 8972083812552315817 ],, 
  [ 5505500753, 498193703592701 ], [ 3414737306053, 338982438278201059 ], [ 9347080861 ], 
  [ 73331492203 ],,,,,, [ 12983539058048047 ], [ 11503018801 ], 
  [ 327835740653, 15575151086531 ],,,,,,, [ 179998089097 ], [ 2813607397, 15675986916757 ],,,
  ,, [ 399500426544041 ], [ 796694150071 ], [ 763364852273 ],,,,,, [ 1056977531 ],, 
  [ 1395308557 ], [ 125638907423 ], [ 4003914622596643 ],,, [ 44390148545233 ], 
  [ 8610479247061 ], [ 881345260036432127 ],,, [ 184822417531957 ],, [ 157501728175681 ],,, 
  [ 6956550223507, 16884185425147 ], [ 856334431404929 ], [ 75798753001 ], [ 709383082201 ],,
  ,, [ 1178420205921905783 ],,,,,,,,,,, [ 19721358238051 ],,, 
  [ 2814800213809, 5554165104049 ],, [ 3476106761 ],, [ 123902114362657 ],, 
  [ 58957219138913131 ],,,,,,,, [ 1056871931447, 10260813882652969 ],,,, 
  [ 46664012993053, 47243827617169, 3856542736150651 ],, [ 2004879969657569 ],, 
  [ 1087138414451 ],,,,,,, [ 1501565057 ], [ 366926890177 ], [ 94630084693 ],,, 
  [ 887133454799 ],, [ 12685364156061944509 ],, [ 59652940127467 ],, 
  [ 11317694405797109713, 34350209813599169353 ],, [ 151137261221911, 24843665821025461 ],,,
  , [ 405686448045915149 ],, [ 2260307734487710273 ],, 
  [ 7162983491, 990653370527, 137299078543063, 802034110329469 ],, [ 1112178417460181 ],, 
  [ 15850854834649 ], [ 4000680366343 ], [ 3545844217873 ], [ 29537795431 ], 
  [ 122661945653407 ],, [ 7463118853 ],,, [ 113006357011 ],,, [ 281610615897358507 ], 
  [ 2660344961 ],,, [ 53323625307031, 409325358839594809 ],,, [ 10706978473 ],,, 
  [ 72785726681, 6932046574520886997 ],, [ 3094189339, 3353783900369670517 ],, 
  [ 17095954960730081 ],, [ 108687130031 ],, [ 4801229353 ],,, [ 5510145391 ],,,, 
  [ 4298702449 ],, [ 247681963783 ],,, [ 26690672737 ],,,,,, 
  [ 3943353961, 4267594801, 8943330406501, 862728162076619121781 ],, 
  [ 39102758297, 116874466297, 2523539009041 ],,,,,,,,,,,,,,,,,, [ 2625508601 ],,,,,, 
  [ 53690180273 ], [ 1816530103 ],, [ 102303654251 ], [ 2743172521, 927674339461 ],, 
  [ 121059466009 ],,,,,,,,,, [ 1112240437729 ], [ 3179047409 ], [ 8707348037, 1704107235437 ]
   ,, [ 1583797697 ],, [ 91322947737397 ], [ 2509700789 ], [ 15168923796361 ],,, 
  [ 2981331883 ],,, [ 2116224611899987 ],, [ 78902067693089 ], [ 27210500617 ], 
  [ 8923629141792991 ],,,,,,,,,,,, [ 765579221083 ],, [ 1309566721 ], [ 2132976091 ], 
  [ 16904406109 ],,,, [ 189579397370431 ],,,, [ 37373903029 ],,, [ 37770741187 ],,, 
  [ 549708498581041, 94828792305928818961 ], [ 1832717111 ],,, [ 84004578253 ],,, 
  [ 20931845901143 ],, [ 4627974853 ], [ 2687018311 ],, [ 95265717637 ], [ 45550464229 ],,, 
  [ 2698511617, 502279348513 ],, [ 7368077325871, 74353222951389927091 ],,,, 
  [ 2869321157748263 ],, [ 14097010087777 ],, [ 12446555687 ],,, [ 42449524069 ],,,,, 
  [ 2951148461 ], [ 727815889781 ],, [ 1197637589 ],,,,, [ 297565800601 ],, [ 64080797197 ],,
  ,, [ 197105517313 ],, [ 3971527039481 ],,,, [ 23514861493, 742025564641 ],,,,,,,,,,,,,,,,,,
  ,,, [ 1572638791 ], [ 6743199377, 109525862229169 ],, [ 109008779041, 1191198528031 ],,,, 
  [ 19088579867143763 ],,,,,, [ 310317894401, 883115566059841 ], [ 644961325493 ],,,,,,,,,,, 
  [ 143447341241 ],,,,,, [ 8456800283 ],,,,,, [ 7637672641 ],,,, [ 10381499231873221 ],, 
  [ 39270759605941 ],, [ 264823992721, 16161838190807401 ],, [ 39302768482692713 ],, 
  [ 73052056237 ],,,, [ 5501903713, 4036253334689 ],, [ 1704634201 ],,,,,,,, [ 1344492007 ],,
  ,, [ 2695602439 ],,,, [ 1560608209 ],,,,, [ 30199416521 ],,,,,,, [ 168438104833 ],, 
  [ 697207173521 ],,,, [ 33451503652321 ],, [ 42192485288708537 ],, 
  [ 1519475449, 94707846241 ],,,,,, [ 10351218337 ],,,,,,,,, [ 5633347441 ],,,,, 
  [ 613219190245157 ],, [ 223278748421, 188168566167401 ],,,, [ 303733436717, 428544796289 ],
  , [ 672723263389 ],, [ 961693586083 ],, [ 96928124113812161 ],,,, [ 3388112113 ], 
  [ 2277823601 ], [ 105506359135266361 ], [ 5470310431, 7600600117657 ], 
  [ 10108119361, 16326078497 ],, [ 85417720231 ],,,, [ 5224808143 ],, [ 2428302835297 ],, 
  [ 15593964764519 ],, [ 3511669452041 ],, [ 38192672713159 ],, [ 1974061283617 ],, 
  [ 9390823751 ], [ 13012774351 ], [ 38887475713, 1227023028373 ],,,,,, [ 1460110219556059 ],
  [ 6138629221 ],,,, [ 12264213697 ],,,, [ 39719449243 ], [ 558547530756469 ],, 
  [ 10867106839 ],,,,,, [ 1594439641, 1844188355557, 175469170380481 ],, [ 7261107581068771 ]
   ,,,, [ 47714546307481, 3537403868445823 ],,,,, [ 3622917989659 ], 
  [ 118072795153, 34015823959393 ],,,,,,,, [ 23364909313 ],, [ 137242804068259 ],,,, 
  [ 1015256402033 ],,,, [ 7324519801, 8629073701 ],,, [ 19547254021 ],,,, [ 7789368402583 ],
  , [ 5823823039 ],,, [ 4238046682039 ],,,, [ 1233255083, 2246543779, 7363355863 ],,,,,,,,,,,
  ,,,,,,,,,,,, [ 109715035327 ], [ 24691358520683 ],,,,,,,, [ 25545446851 ],, [ 2600132669 ],
  ,,,,,,,,,, [ 35602595533 ],,,,, [ 8171141977 ],, [ 59342549891 ],, [ 80640329537 ],,,, 
  [ 3619821097 ],,,, [ 7068869874721 ], [ 29918828353 ],,,,,, [ 61393092583 ], 
  [ 13002388801 ],,,,,,, [ 2612563747771 ], [ 1552216577 ],,,, [ 1110122201 ],,,, 
  [ 48555697441 ],,, [ 32964064453 ],, [ 5177991977, 39826188419 ], [ 109262630221 ],,,,,,,,,
  , [ 1515131521 ],,,,,,,,,,,,,,,,,, [ 3621441469, 71976689443 ],, 
  [ 358292119621, 16442697324907261 ],,, [ 17616126313 ],,, [ 43586283277 ],,,,,,,,,,,, 
  [ 472456063069 ],,,,,,,,,,,,,,, [ 1053487723, 4034092453 ], [ 129276933013 ],, 
  [ 14080324741057 ], [ 2770949897 ],,, [ 1376178541 ],,,,, [ 45634963831 ],, 
  [ 6110027899 ], [ 9218910889 ],,,,,,,,,,,, [ 5396318401 ], [ 177115507763, 11162074197913 ]
   ,,,,, [ 11376993961 ],, [ 12913760393 ],,,,,, [ 3634446493 ],, [ 3101770369 ],,,,,,,,,,,,,
  , [ 1859688661 ],,,,, [ 5974808971 ],,,, [ 1191878353 ],,,,,, [ 6647276611 ],,,, 
  [ 7653689647 ],,,,,,,,,, [ 18596119933 ], [ 2401208461, 1731101168161, 7341031168381 ],,, 
  [ 9358125247 ],,, [ 1853651881, 1969428847, 289950163291 ], [ 527134536587 ],,,,,,,,,,,, 
  [ 1195568273 ],, [ 1876395991 ], [ 45732574471 ],,,,,, [ 834010466353 ],,,,,, 
  [ 12499680269 ], [ 1533090931 ],,,,, [ 77204985001 ],, [ 20147623231 ],,,, [ 1226494639 ],
  , [ 1178769796201 ],,,,,,,,,,,,,,,, [ 25467153241 ],,, [ 27560431153 ],, [ 7950048763 ],,,,
  ,,,,,,,, [ 34373920051, 395796940291531 ],,, [ 235373186497 ],,, [ 23620800727 ],,,,,,,,,, 
  [ 4013419777 ],,,,,,,, [ 3345765151 ],,,,, [ 2016364631 ],,,,, [ 6025684501 ],,,, 
  [ 443740353883 ],,,,,,, [ 154282050847 ],,,,,,,,,,,,,,, [ 34661440501 ],,,,,, 
  [ 678161007763 ],,, [ 22018810981 ],,,,,,,,,,,,,,,,,,,, [ 3237509902771 ],,,,,,,,,, 
  [ 3777672961 ],,,,,,, [ 12459361667 ], [ 17038139609 ],,,,, [ 171814657849 ],,,,,,, 
  [ 741534026281 ],,,,,,, [ 2564307199 ],,,,,,,,,,,, [ 2196492481 ],,,,,,,,,,,,,,,,,, 
  [ 3104095369 ],, [ 28864821949 ], [ 1294120501 ],,,,,, [ 57848652721 ],,,,,,,,,,,,,,,, 
  [ 1667052689 ],,,, [ 6764286467 ],,, [ 1659566508601, 3722874365981 ],,,,,,,,,,,,, 
  [ 337857149821 ],, [ 1317152435089 ],,,, [ 1026003876697 ],,,,,,,,,,,, [ 797874729601 ],, 
  [ 62411557847 ], [ 3275128957 ],,,,,,, [ 64920757571 ],,,,,, [ 19732478209 ], 
  [ 30647550469 ],,,, [ 2748223843 ],,,,,,,,,,,, [ 1601764687 ],,,,, [ 19006230079 ],,,,,,,,,
  , [ 2069515297 ],,, [ 30172493119825603 ],,,,,,,, [ 35648246159 ],,,,,,,,,,,,,, 
  [ 1020069781 ], [ 8286192107 ],,,,,,,,,,,,,,,,,,,,,,,,,,,,, [ 318958963117 ], 
  [ 1262854529 ],,,,,,,,,,, [ 5343044219551 ],,, [ 2421496631 ],,, [ 43981485643 ],, 
  [ 5946412627 ],,,, [ 13774098577 ],,,,, [ 3878576677 ], [ 6996339431 ], [ 100623716887 ],,,
  ,,,,, [ 167937059947 ], [ 13723267871 ],,,,,,,,,,,,, [ 8461254517 ],,,,,, [ 23125538731 ],,
  , [ 60891972151 ],,,,,,,,,,,,,,,,,, [ 161608910233 ],,,,,,,,,, [ 1481733769 ], 
  [ 42234874007663 ],,,,,,,, [ 856590844849 ],,,,,,,,, [ 35280125941831 ],,,,,,,,,, 
  [ 3073432519 ],,,,,,,,,,,, [ 1507055947 ],, [ 49013146331 ],,,,, [ 6854168721601 ],,,,, 
  [ 4287470651 ],,,,,,,,,,,,,,,,,,,, [ 95930186951 ], [ 59264049769 ],,,,,,,,, 
  [ 10286998991 ],,,,,,, [ 6392994403 ],,,,,,,,,,,,,,,,,,,,,,,,,,,,,,,, [ 2889739859 ],,,, 
  [ 1428898837 ],,,, [ 3332553383 ],,, [ 6344536771 ],,,,,,,,,,,,, [ 5062129104631 ],,,,,,,,,
  ,,, [ 32090171671 ],,,, [ 1518887239, 2752490863 ],,,, [ 6538903141 ],,,,, [ 12641228947 ],
  ,,,,,,,,,,,,,,,,,, [ 40170213683 ],,,,,,,,,,,,,, [ 47563132681 ],,,,,, [ 69266381293 ],,,,,
  , [ 123231273457 ],, [ 3342483241 ],,,,,,,,,, [ 3707850961 ],,,,,,,, [ 1919394121 ],,,,,, 
  [ 129032487751 ],,,,,, [ 64784302001 ],,,,,,,,,, [ 17272750081 ],,,, [ 63057957341 ],,,,,,,
  ,,,,, [ 8825134441 ],,,,,,,,,,,,,,,,,,,,,,,,,,,,,,,, [ 14379476497 ],,,,,,,,,,,,,,, 
  [ 5367357703 ],, [ 17217926701 ],,,,,,,,,,,,,,,,,,, [ 9628576357 ],,,, [ 2693173229 ],,,, 
  [ 86546020157 ],,,,,,, [ 3988418479 ],,,,,, [ 54906009121 ], [ 4739085620609 ],,,,,,,, 
  [ 16129439353 ],,,,,,,,,,,,,,,,,,,,,,,,,, [ 2903826551 ],,,,,,, [ 18852758077 ],,,,,, 
  [ 1522868803 ],,,,,,,,,,, [ 7832267627 ],,,,,,,,,,, [ 15157423661 ], [ 2656881889 ], 
  [ 558880750999 ],,,,,,,,,,,,,,,,, [ 908008874593 ],, [ 2275568417 ],,,, [ 13245186371 ],,,,
  ,,,,,,,,,,,, [ 1728213881983 ],, [ 1810073989 ],,,,,,,,,, [ 1138889107, 486115053469 ],,, 
  [ 5589394633 ],,,,,,,,,,,,,,, [ 2746303249, 83544349921 ],,, [ 1106684101 ],,,,,, 
  [ 382979124091 ],,,,,,,,,,,,,,, [ 4860727441 ],,,, [ 3174620677 ],,,,,,,,,,,,,,,,,,,,,,,,,,
  ,, [ 6201574958321 ],,,,,,,,,,,,,,,,,,,,,,,,,,,,,, [ 1221214823 ],,,,,, [ 30288225581 ],, 
  [ 1607846501 ],,,,, [ 10802144791 ],,,,,,,,,,,,,,,,,,,,,,,,,,,,,,,,,,,,,,,,,,,,,,, 
  [ 1104153763 ],,,,,,,, [ 2915605951 ],,,, [ 13967150531 ],, [ 1408013393 ],,,,,,,, 
  [ 26310466873 ],, [ 22129756087 ], [ 19150340581 ],,,,,,, [ 49548670261 ],,,,,,,,,,,, 
  [ 8157955459 ],,,,,,,,,, [ 6879788953 ],, [ 2161218623 ],,,,, [ 42043547929, 818375212099 ]
   ,,,,,,, [ 20581736891 ],,,, [ 6955806863 ],,,,,,,,,,,,,,,, [ 1212485581 ],,,,,,,,,,,,,,,, 
  [ 1147209211 ],,,,,,,, [ 10018903417 ],,,,,,,,,,,,,,,, [ 130601881411 ],,,,,,,,,,,, 
  [ 63539003309 ],,,, [ 4402991297 ],,,, [ 88270937701 ],,,,,,,, [ 1616717393 ],,,,,,,,,, 
  [ 11445406513 ],,,,,,,, [ 22641924593 ], [ 16367248561 ],,, [ 8168073601 ],,, 
  [ 1112610811789 ],,,,,,,,, [ 5656210561 ],,,,,,,,,,,, [ 107222055674749 ],,,, 
  [ 167732148193 ],,,, [ 1327457608733 ], [ 19611878163151 ],,,,,,,,,,,,,,,,,,,,,,,,,,,,,,,,
  , [ 565048897057 ],,,,,,,,, [ 767207751391 ],,,,,,, [ 3526465867 ],,,,,,,,,, 
  [ 104705697409 ],,,,,,,,,,,,,,,,,,,,,,, [ 5014667351, 21783959891 ],,,,,,,,,,,,,,,,, 
  [ 2070519793 ],, [ 88958075293 ],,,, [ 25488278749 ],, [ 156820533761 ],,,,,, 
  [ 8482008973 ],, [ 3784022441 ],,,,,,,,,,,,,,,,,,,, [ 2160818353 ],,, 
  [ 2120217709, 491051315707 ],,,,,,,,,,,,,,,,,,,,,,,,,,,,,,,,,,,,,,, [ 317835474751 ],,,,,, 
  [ 2208968617, 22007987797717 ],,,,,,,,, [ 1029648181 ],,,,,,,,, [ 1232585467, 1243821769 ],
  ,,, [ 418746732067, 2742119234941 ],,,,,, [ 9457302073 ],,,,,,,,,,,,,,,, [ 5087672561 ],,,,
  ,,,,,,,,,,,, [ 6382274641 ],, [ 2323596871 ],,,,,, [ 3126600161, 4393888657 ],,,,,,,,,,,,,
  , [ 34997904611 ],, [ 7644787201, 62370699841 ],,,,,,,,,,,,,,,,,,,,,,,,,,,,,,,,,,,,,, 
  [ 2038929157 ], [ 1206457729 ],,,,, [ 1935761101, 11168820437569 ],,,, [ 2382560449 ],,,,,,
  ,,,,,,,, [ 44854539111223 ],,,,,, [ 6340475857 ],,,, [ 864804485449 ],,,,,,,,,, 
  [ 153649632821 ],,,,,,,,,,,,,,,,,,,,,,,,,,,,,,,,,,,,,, [ 1222878001 ],, [ 1368143527027 ], 
  [ 58244794609 ],,,,,,,,,,, [ 3429003689 ],,,, [ 6610548733 ],,,, [ 6403660309 ],,,,,,,, 
  [ 1071344371, 3891649377961 ],, [ 1048091921161 ],,,,,,,,,,,,,,,,,,,, [ 785036230469 ],, 
  [ 2775704251 ],,,,,,,,,,,,,,,,,,,,,,,,,,,,,,,,,,,,,,,,,,,,,,,, [ 1094809162591 ],,,,,,,,,,,
  ,,,,,,, [ 1277190721, 1652660071921 ],,,,,, [ 10715334061 ],,,,,,,,,,,,,,,,,,,,,,,, 
  [ 37103012101 ],,,,,,,,,,,,,,,,,,,, [ 22003639675181 ],,,, [ 1861620829 ],, [ 5711188009 ],
  ,,, [ 5924600761 ],,,,,,,,,,,,,,,,,,,, [ 24813340801 ],,,,,,,,,,,,,, 
  [ 11215056947, 24296952937, 953155908571 ],,,,,,,,,,,,,,,,,,,, [ 1271398591 ],,,,,,,,,, 
  [ 14404926853 ],, [ 120880779027426571 ],,,,,,,,,,,,,,,,,,,,,,,,,,,, [ 886742794367 ],,,,,,
  ,,,,,,,,,, [ 7309100191 ],,,,,,,,,,,,,,,,,, [ 2540722633 ],,,, [ 1302692401 ],,,, 
  [ 430840064189 ],,,,,,,,,,,,,,,,,,,,,,,,,,,,,,,,,,,,,, [ 35799143719 ],,,,,,,,,,,,,,,,,,,,,
  ,,, [ 1046690191 ],, [ 1971216001 ],, [ 2676311881 ],, [ 2758458710233 ],,,,,,,,,,,,,,,,,,,
  ,,,,,,,,, [ 1331799137 ],,,,,,,,,, [ 2829942671 ],,,,,,,,,,,,,,,,,,,, [ 23043721889 ],,,,,,
  ,,,,,, [ 604579283221 ],,,, [ 74353466461 ],,,,,,,,,,,,,,,,,,,,,,,,,,,,,, [ 1407899809 ],,,
  ,,,,,,,,,,, [ 1430969731, 3644797553 ],,,, [ 2888779219 ],,,,,,,, 
  [ 32672072119, 2056682160331 ],,,,,,,,,,,,,,,,,,,,,,,,,,,,,,,,,,,,,,,,,,,,,,,,,,,, 
  [ 139640284367, 2373212803693 ],,,,,,,,,,,,,,,,,,,,,,,,,,,, [ 2883060079 ],,,, 
  [ 1732037623 ],,,,,,,, [ 41551620673 ],,,,,, [ 578451867001 ],,,,,,,,,,,,,,,,,,,,,,,,,,,, 
  [ 174331575601 ],,,,,,,,,,,,,,,,,,,,,,,,,,,,,,,,,,,,,,,,,,,,,,,,,, [ 96884957341 ],,,,,,,,,
  ,,,,,,,,,,,,,,,,,,,,, [ 87938114161 ],,,, [ 28115008321 ],,,,,,,, [ 525775497817 ],,,,,, 
  [ 4486347601 ],,,,,,,,,,,,,,,,,, [ 6142014117901 ],,,,,,,,,,,,,, [ 4937940763471 ],,,,,,,,,
  ,,,,,,,,,,,,,,,,,,,,,,,,,,,,,,,,,,,,,,,,,,,,,,,,,,,,,,,,,,,,, [ 13810368001 ],,,,,,,,,,,,,,
  ,,,,,,,,,,,,,,,, [ 79967253511 ],,,,,,,,,,,,,,,,,,,,,, [ 5814974929 ],,,,,,,,,,,,,,,,,,,,,,
  ,,,,,,,,,,,,,,,,,,,,,,,,,,,,,,,,,,,,,,,,,,,,,, [ 13033500481 ],,,,,, [ 2843253163 ],,,,,,,,
  ,,,,,,,,,, [ 2657475409 ],,,,,,,,,,,,,,,,,,,,,,,,,,,,,,,,,, [ 6276132073 ],, 
  [ 5199480061 ],,,,,,,,,,,,,,,,,,,,,,,,,, [ 2642766281 ],,,,,,,,,,,,,,,,,,,,,,,,,,,,,,,,,,,,
  ,,,,,,,,,,,,,,,,,, [ 5102716501 ],,,,,,,,,,,,,,,,,,,, [ 1328032561 ],,,,,,,, 
  [ 2618559649 ],,,,,,,,,,,,,,,,,,,,,,,,,,,,,,,,,,,,,,,,,,,,,,,, [ 3307321009 ],,,,,, 
  [ 6445816969 ],,,,,,,,,,,,,,,,,,,,,,,,,,,,,,,,,,,,,,,,,,,,,,,,,,,,,,,,,,,, 
  [ 134914049722117 ],,,,,,,,,,,, [ 4638578617 ],,,,,,,,,,,,,,,,,,,,,,,,,,,,,,,,,,,,,,,,,,,,,
  ,,,,,,,,,,,,,,, [ 320679011431 ],,,,,, [ 33940045441 ],,,,,,,,,,,, [ 7592084530993 ],,,,,,,
  ,,,,,,,,,,,,,,,,,,,,,,, [ 35622770269 ],,,,,,,,,,,, [ 7551706627 ],,,,,,,,,,,,,,,,,,,,,,,,,
  ,,,,,,,,,,, [ 151940362771 ],,,,,,,,,,,,,,,,,,,,,,,,,,,,,,,,,,,,,,,,,,,,,,,,,,,,,,,,,,,,,,,
  ,,,,,,,,,,,,,,,,,,,,, [ 38134165063 ],,,,,,,,,,,,,,,,,,,,,,,,,,,,,,,,,,,,,,,,,, 
  [ 96833829457 ],,,,,,,,,,,,,, [ 1163348551 ],,,,,,,,,,,,,,,,,,,,,,,,,,,, [ 3918182017 ],,,,
  ,,,,,,,,,,,,,,,,,,,,,,,,,,,,,,,,,,,,,,,,,,,,,,,,,,,,,,,,,,,,,,,,,,,,,,,,,,,,,,,,,,,,,,,,,,,
  , [ 422076278089 ],,,,,,,,,,,,,,,,,, [ 5527940797 ],,,,,,,,,,,,,,,,,,,,,,,,,,,,,,,,,,,,,,,,
  ,,,,,,,,,,,,,,,,,,,,,,,,,,,,,,,,,,,,,,,,,,,,,,,,,,,,,,,,,,,,,, [ 3130587469 ],,,,,,,,,,,,,,
  ,,,,,,,,,,,,,,,,,,,,,,,,,,,,,,,,,,,,,,,,,,,,,,,,,,,,,,,,,,,,,,,,,,,,,,,,,,,,,,,,,,,,,,,,,,,
  ,,, [ 8803746901, 332525160181 ],,,,,,,,,,,,,,,,,,,,,,,, [ 153638644507 ],,,,,,,,,,,,,,,,,
  , [ 88867223329 ],,,,,,,,,,,,,,,,,,,,,,,,,,,,,,,,,,,,,,,,,,,,,,,,,,,,,,,,,,,,,,,,,, 
  [ 1993909861, 4544981821 ],,,,,,,,,,,,,,,,,,,,,,,,,,,,,,,,,,,,,,,,,,,,,,,,,,,,,,,,,,,,,,,,,
  ,,,,,,,,,,,,,,,,,,,,,,,,,,,,,,,,,,, [ 55470026011 ],,,,,,,, [ 116562127567 ],,,,,,,,,,,, 
  [ 2112354451 ],,,,,,,,,,,,,,,,,,,,,,,,,,,,,,,,,,,, [ 56757250873 ],,,,,,,,,,,,,,,,,,,,,,,,,
  ,,,,,,,,,,,,,,,,,,,,,,,,,,,,,,,,,,,,,,,,,,,,,,,,,,,,, [ 2284564333 ],,,,,,,,,,,,,,,,,,,,,,,
  ,,,,,,,,,,,,,,,,,,,,,,,,,,,,,,,,,,,,,,,,,,,,,,,,,,,,,,,,,,,,,,,,,,,,,,,,,,,,,,,,,,,,,,,,,,,
  ,,,,,,,,,,,,,,,,,,,,,,,,,,,,,,,,,,,,,,,,,,,,,,,,,,,,,,,,,,,, [ 4691446774309 ],,,,,,,,,,,,,
  ,,,,,,,,,,,,,,,,,,,,,,,,,,,,,,,,,,,,,,,,,,,,,,,,,,,,,,,,,,,,,,,,,,,,,,,,,,,,,,,,,,,,,,,,, 
  [ 29355023281 ],,,,,,,,,,,,,,,,,,,,,,,,,,,,,, [ 3121702951 ],,,,,,,,,,,,,,,,,,,,,,,,,,,,,,,
  ,,,,,,,,,,,,,,,,,,,,,,,,,,,,, [ 1284527311 ],,,,,,,,,,,,,,,,,, [ 193309080721 ],,,,,,,,,,,,
  ,,,,,,,,,,,,,,,,,,,,,,,,,,,,,,,,,,,,,,,,,,,,,,,,,,,,,,,,,,,,,,,,,,,,,,,,,,,,,,,,,,,,,,,,,,,
  ,,,,,,,,,,,,,,,,,,,,,,,,,,,,,,,,,,,,,,,,,,,,,,,,,,,,,,,,,,,,,,,,,,,,,,,,,,,,,,,,,,,,,,,,,,,
  ,,,,,,,,,,,,,,,,,,,,,,,,,,,,,,,,,,,,,,,,,,,,,,,,,,,,,,,,,,,,,,,,,,,,,,,,,,,,,,,,,,,,,,,,,,,
  ,,,,,,,,,,,,,,,,,,,,,,,,,,,,,,,,,,,,,,,,,,,,,,,,,,,,,,,,,,,,,,,,,,,,,,,,,,,,,,,,,,,,,,,,,,,
  ,,,,,,,,,,,,,,,,,,,,,,,,,,,,,,,,,,,,,,,,,,,,,,,,,,,,,,,,,,,,,,,,,,,,,,,,,,,,,,,,,,,,,,,,,,,
  ,,,,,,,,,,,,,,,,,,,,,,,,,,,,,,,,,,,,,,,,,,,,,,,,,,,,,,,,,,,,,,,,,,,,,,,,,,,,,,,,,,,,,,,,,,,
  ,,,,,,,,,,,,,,,,,,,,,,,,,,,,,,,,,,,,,,,,,,,,,,,,,,,,,,,,,,,,,,,,,,,,,,,,,,,,,,,,,,,,,,,,,,,
  ,,,,,,,,,,,,,,,,,,,,,,,,,,,,,,,,,,,,,,,,,,,,,,,,,,,,,,,,,,,,,,,,,,,,,,,,,,,,,,,,,,, 
  [ 1723833481 ],,,,,,,,,,,,,,,,,,,,,,,,,,,,,,,,,,,,,,,,,,,,,,,,,,,,,,,,,,,,,,,,,,,,,,,,,,,,,
  ,,,,,,,,,,,,,,,,,,,,,,,,,,,,,,, [ 21517121473 ],,,,,,,,,,,,,,,,,,,,,,,,,,,,,,,,,,,,,,,,,,,,
  ,,,,,,,,,,,,,,,,,,,,,,,,,,,,,,,,,,,,,,,,,,,,,,,,,,,,,,,,,,,,,,,,,,,,,,,,,,,,,,,,,,,,,,,,,,,
  ,,,,,,,,,,,,,,,,,,,,,,,,,,,,,,,,,,,,,,,,,,,,,,,,,,,,,,,,,,,,,,,,,,,,,,,,,,,,,,,,,,,,,,,,,,,
  ,,,,,,,,,,,,,,,,,,,,,,,,,,,,,,,,,,,,,,,,,,,,,,,,,,,,,,,,,,,,,,,,,,,,,,,,,,,,,,,,,,,,,,,,,,,
  ,,,,,,,,,,,,,,,,,,,,,,,,,,,,,,,,,,,,,,,,,,,,,,,,,,,,,,,,,,,,,,,,,,,,,,,,,,,,,,,,,,,,,,,,,,,
  ,,,,,,,,,,,,,,,,,,,,,,,,,,,,,,,,,,,,,,,,,,,,,,,,,,,,,,,,,,,,,,,,,,,,,,,,,,,,,,,,,,,,,,,,,,,
  ,,,,,,,,,,,,,,,,,,,,,,,,,,,,,,,,,,,,,,,,,,,,,,,,,,,,,,,,,,,,,,,,,,,,,,,,,,,,,,,,,,,,,,,,,,,
  ,,,,,,,,,,,,,,,,,,,,,,,,,,,,,,,,,,,,,,,,,,,,,,,,,,,,,,,,,,,,,,,,,,,,,,,,,,,,,,,,,,,,,,,,,,,
  ,,,,,,,,,,,,,,,,,,,,,,,,,,,,,,,,,,,,,,,,,,,,,,,,,,,,,,,,,,,,,,,,,,,,,,,,,,,,,,,,,,,,,,,,,,,
  ,,,,,,,,,,,,,,,,,,,,,,,,,,,,,,,,,,,,,,,,,,,,,,,,,,,,,,,,,,,,,,,,,,,,,,,,,,,,,,,,,,,,,,,,,,,
  ,,,,,,,,,,,,,,,,,,, [ 7230377015401 ] ]);
