BRENTFACTORS[8532]:=MakeImmutable([ ,,,,,,,,,,,,,,, [ 14115891841 ], [ 12503966243 ],,,,, 
  [ 18474846589, 22697010293 ], [ 7383839493193, 48322630554995163554158326611 ],, 
  [ 20700216607614601 ], [ 344572157203 ],, [ 1985562629 ], 
  [ 1067755177, 1190012863056429582342743 ],, [ 17375571859 ], [ 5365421103936322118920289 ],
  [ 6082259767, 91217089241247883 ],, 
  [ 2385702278051, 1020929401084268971, 275995027643900342832370331 ], 
  [ 95076809029, 119171060550690517 ], [ 19469610638931553 ],, 
  [ 883597507676543598198761235697 ], [ 1786226078881, 391265995059761 ], 
  [ 19335061564303, 140320999055760133513388501 ],, 
  [ 469520661961640453306741, 55384509628923594729572609, 8822893544338145686963783787069843 
     ], [ 9411277789 ], [ 32741451922005258389641, 14184588766722458010832417321 ], 
  [ 27119800632496633181286373 ], [ 5396099141, 60231891647534471 ],,, 
  [ 5705579051, 1991671146719201, 2549883114902537801951 ], 
  [ 1952343582694501, 2607793113228907, 769320740232107389 ], [ 59445459966464261 ], 
  [ 2043518563, 195610777787191983189527, 9299042362612359291194079914461 ], 
  [ 535417406414352155239291 ], [ 1237794390722116921 ], 
  [ 269693726112997093456759291046637205942252657 ], 
  [ 33509791224366976153, 25075869366512875119889 ], [ 53569107998511414703273531488243289 ],
  [ 710460754537, 19266649757599, 23087084267119, 3109416704353511 ], 
  [ 1110663999716905439161 ],, [ 39111550087, 146101855849018703078671 ], 
  [ 56155178205253, 8646849445867449139, 1506406020286252140490177 ], [ 2812705409 ],, 
  [ 4948824079, 11861703151 ], 
  [ 12085235968349, 896713224117580367, 5509928223789171966345479 ], 
  [ 46141927409, 7030325382323101000733, 1598526150763682727986071951831062801097349 ], 
  [ 1052221443794740717 ], [ 397772347030562281, 1472442448233350198074243621468725931 ], 
  [ 60804284385270209681, 4594950510112828034156851 ], 
  [ 50471254777753, 262401158613099798578437858468383681673 ], [ 472827727143690463 ], 
  [ 9777221658175716157446437477849 ], [ 148575913951 ], 
  [ 18128411122147189166138984356001624431522204838641891153 ], 
  [ 87095317079, 16353866626021 ], [ 15395238456781, 91813725393492352147 ], 
  [ 620335315965091 ], 
  [ 135643540561, 118233673839121, 31531636227956881, 12149014720144077387847864753681 ], 
  [ 91166352751544350879 ], [ 254563088940473359823545599683117 ],, 
  [ 1367097759469781337842089 ],, [ 1417647500073307456909 ],, 
  [ 16817378242675121, 582346034677868321671009, 
      3170885668704985851533452869587678528165589775124233 ],, [ 5159175705907740271 ], 
  [ 7194975868918682573 ], [ 492794505013, 14449169721245621 ],, 
  [ 173122833757, 57047316606099063073 ], [ 2502453271865891 ], 
  [ 3823854721, 195540766081, 253810329601, 760506287581057 ], [ 3533596123, 628308100507 ], 
  [ 57610735019701476524339 ],,, [ 64067559271, 1473126778853 ],,, [ 156812922707288329 ],,, 
  [ 6165253117 ], [ 1430468749 ],, [ 2012628496675501, 84438912371497861763395973461 ],, 
  [ 1485793009, 333331105633 ],, [ 6722027101, 169261398997, 116982950276661649 ], 
  [ 924640538734181 ],,, [ 97558184333 ],, 
  [ 25061475841, 1700166096900121, 102050636522255608522539005881 ],,, 
  [ 7390084033, 1248726817513218568321 ], [ 8998889187215319299396161 ], 
  [ 13279445495501, 277903810308251, 843095397016001 ],, [ 8937590203 ], [ 1847436673 ],,, 
  [ 10169621701, 8002238068967 ],, 
  [ 3834106885561, 1014128828303389, 327892151602268132018371 ],,,, [ 543429083503 ],, 
  [ 2679769319855931841, 6697025137151398416347 ], [ 13036470819235880101 ], 
  [ 13549195063, 236219054251262469711949 ], [ 3279000811 ], 
  [ 190612541263, 6473049913044287 ], [ 968445564337, 61343248000411297 ], 
  [ 867388064251, 298609484295491 ], [ 21145733341 ],,,,,, [ 896774026563356004977 ],, 
  [ 1642643168783 ],,, [ 1865395501, 3993713800291573669 ], 
  [ 67554839202731, 11861392899887149953491 ],, [ 367861936298561 ],, 
  [ 632559730591, 69254864251939, 25960105211895343 ], [ 965184851814067 ],, [ 24764793241 ],
  [ 134278822787, 1697104915609, 845057917544977386979 ],, [ 5875918441 ], [ 1790298121 ], 
  [ 1238037128476960061, 146573803362824919061 ], [ 1339497960424487072060491 ],,, 
  [ 106615434469, 9387007791633529, 83741408857168729, 130490655289406149 ],, 
  [ 2285531953 ], [ 604817471532229 ], 
  [ 21878000293, 60950292929, 684877970849784421, 769480266652861243 ], [ 2050380343411 ], 
  [ 5462569261 ], [ 71800457395170671 ],,,, [ 5325917377301 ], [ 8107384997797 ],, 
  [ 72316566733 ], [ 9162523677652841917, 260580678635202741901, 23495504601177680371903 ], 
  [ 79972023151, 215009831843603761 ],, 
  [ 9148251457, 242067585092929, 306170010700033, 45253653022899649, 301250301620071009537, 
      79355670060903291718192513 ],, [ 75475743741255661 ],,,, [ 337345961619151 ], 
  [ 870425108879 ],, [ 1627852839354016057 ],, [ 165161608189691 ], 
  [ 57745442581, 185688400837, 178749609562247972917 ], [ 8328154931, 2878606148051 ], 
  [ 1385344487647 ], [ 1287229128305833 ], 
  [ 20067554209, 846510711772753, 7613075115448849597409 ], 
  [ 632496620999, 94542185475825031561 ], 
  [ 108809847970340800512811, 75763939319075315571698710630379221 ], 
  [ 11770124803, 370261981321, 213529709388221, 20692375577197399 ], [ 21622587961612857809 ]
   ,,, [ 89267251374731 ], [ 2274365004237692857 ], [ 175041097592775863 ], 
  [ 210463670023, 30409268795729 ],, [ 207962941098611531912641 ], [ 8814793215711722773 ], 
  [ 6635954043136003 ], [ 4515724579, 80684205467111 ], [ 130862442593 ], [ 1310476424401 ], 
  [ 2571825761 ], [ 237519518170981, 78944826187443439, 1301295091552090223 ], 
  [ 2435110422315313 ], [ 46973074943 ],, [ 3393854955424565479 ],, 
  [ 2544017491, 30594828804730750723 ], [ 1221788922716017657 ],, 
  [ 54634408124357057, 650238148169285521 ], [ 5284523746351, 2222412702480007339 ],, 
  [ 632290042649 ],, [ 137352764805541567361 ], [ 12149306291 ], 
  [ 2844452799469, 1773844034729293 ],,,, [ 5556511507 ], 
  [ 58267062089, 83785274057, 7747487869405667233, 32016929071115301113 ], 
  [ 59112410411918409037 ], [ 65718186435751, 2328045753803683751 ],, [ 65043888589 ], 
  [ 19813968668443357 ], [ 380463515447860253, 2362969263650402586677887 ],, 
  [ 5280275730744393831169 ], [ 3790888781, 31084057481, 5239892880251, 2864910970489103051 ]
    , [ 212621288128481173, 214256853219013063 ],,, [ 2565123082979113 ], 
  [ 140007967972253, 357483582950023601 ], [ 1545864031, 230359950738083 ], 
  [ 4435896961925881 ], [ 1338548010301111 ],,,,, [ 19551113371, 14172165715535911 ], 
  [ 697606107392876417 ], [ 1233783723313 ], [ 11980889467 ], [ 103600527244198779697361 ],, 
  [ 9505794488585233 ], [ 336770637445919, 1644742537283459 ], 
  [ 96124990991977, 557037776728571 ],, [ 27837918382430801 ],,,, [ 207882141357469 ],,,, 
  [ 11162102330881 ],, [ 3275209306986161, 517034627353240291 ],, 
  [ 70097808497, 60839076741389, 104031663896794873 ],,, 
  [ 13709072441, 26837380151, 250459657379761 ],,, [ 2370682547543759330891 ],, 
  [ 27442130001437554461901 ], [ 5897952987599, 7439967915983, 3062624291524283669 ],, 
  [ 86134344493 ], [ 28330117201, 361388215065569, 20359742278973569 ], [ 911128452001 ], 
  [ 10980789499 ], [ 2635314403, 50509026413 ], [ 9669243277, 30011206112166973 ], 
  [ 4183300711 ], [ 19759347301 ],, [ 71583437643557703760417 ],,,, 
  [ 220580151149, 102077150298241 ], [ 24495778751 ], [ 2114209327 ],,, [ 20147419154293 ], 
  [ 9195365593, 40857918718583 ], [ 3034121173 ], 
  [ 315078262241077, 61236657671784913, 22996105669468815667309 ], 
  [ 7630642501, 22241520601, 4578882638851 ], [ 56139213072821 ],, [ 8676980194707583457 ], 
  [ 1362617327 ],, [ 37040153167 ], [ 10484644993 ],, [ 2185478567 ], [ 56184482906581 ],,, 
  [ 8245761003871 ],,, [ 1272704115013 ],,,,, [ 17603743287113 ],, [ 2283840656260609 ], 
  [ 58651536323 ],,, [ 56964091873921 ], [ 1631796863, 182627905619 ], 
  [ 13860999909682171617162470786017 ],, [ 7473598199009 ], [ 6510787501, 60762579529 ], 
  [ 18707628733873 ], [ 679042343869 ], [ 2979911285641 ],, [ 561068544159547131527 ],,, 
  [ 9041307702938404661 ], [ 1893039981277, 283504738544899050968495737 ], [ 20119265897 ],,,
  , [ 3828984095609 ], [ 14580811049617 ], [ 32654701258303 ],,,,, 
  [ 18301517893, 2964548001170872760869, 429860809706265189176401 ],, [ 2383638197621 ],,,,,
  , [ 124547432779087, 349381589960729 ], [ 28771392845773 ], 
  [ 5637515453, 61738477357, 20506260600437641, 6367658230814620109 ], [ 2297692297 ],,, 
  [ 20512582273, 87230331435290233 ], [ 4521451639 ], [ 1149972529 ],, 
  [ 9061852537, 21209348905273, 13167623364011821, 228698885179403893 ], [ 1014697637269 ],, 
  [ 31319329441, 2559758089393 ], [ 273191610073201 ],, 
  [ 10909841419, 455820167539963, 736473958971523 ], [ 1243598357 ],, [ 128172024616969171 ],
  [ 2439901548757, 30314325882989 ], [ 2073013801, 18600439392217, 36256620933413 ], 
  [ 1935471217, 98205952503740387617 ],, [ 929023610041 ], [ 6151293151 ],,, [ 13156283683 ],
  , [ 40731163755361 ], [ 56375070673 ], [ 11114682701 ], [ 29147623789859 ], 
  [ 2456437201, 1444976017050880441, 41117485388704392361, 171873501786019885741 ],, 
  [ 10995349203404805209 ], [ 5201883109 ], [ 4002034644073, 1088474043594835609 ],, 
  [ 8752612608889 ],, [ 23084736691286957 ],, [ 380407578841, 7725074464361 ], 
  [ 9186997741 ],, [ 2851330981, 13748838563 ],,,,, [ 12138142223839669 ], 
  [ 15048708403, 1265817183161 ],, [ 203180015179 ],,, [ 279053449688641 ], 
  [ 3314873531, 3722440835348141 ], [ 981796354183, 32928313026590063 ],, [ 10623668609 ], 
  [ 115327972229 ],,,, [ 2077598431 ], [ 2923891629583 ], [ 4686081401 ], 
  [ 103921977163838497 ],, [ 509564952540419 ], [ 2155777957, 48006783379, 27988989220099 ], 
  [ 48700005472044320878541801 ],, [ 1437774742277413, 10518054162542851 ],, 
  [ 1028813281, 1061072417, 1009988755921 ], 
  [ 29193174301, 60093228751, 88123740301, 2612168185665271 ], [ 265225883806271 ], 
  [ 2031755419 ], [ 886861818649 ],, [ 1031699821, 24277963170361 ], [ 483880215631 ],,, 
  [ 1146723553, 2612882341 ], [ 234992067451, 1310900885551 ],,,,, [ 21578014855681 ], 
  [ 26212828643327, 42325335533209 ],,, [ 187583402777 ], [ 6474723300751 ], 
  [ 572923159364251 ],, [ 203395170526488569 ],, [ 75006092022897946051 ], 
  [ 28231732661273 ], [ 3170565956017 ],,,,, [ 128624269957 ], [ 254802611341 ],,,, 
  [ 1077219211, 5062733964106510733 ],,,,,,, [ 2038591829 ], [ 648724793491 ], 
  [ 113242627219 ],, [ 1861693417, 879599664991 ], [ 27002703328685336321 ],, 
  [ 27602323710529 ], [ 2666038717, 6236712659 ],,, [ 5518296689881 ],, [ 69119316268507 ],, 
  [ 5851755224773 ], [ 22938981451 ], [ 148759512107388811 ], [ 20262828470977 ], 
  [ 11338654273 ],,,,,, [ 6866724691 ],, [ 2327005409, 3076203182513 ],,,, 
  [ 528669940010288941 ],,,, [ 4334127497314337 ],,,,,,,, [ 7866744649, 90551592594817 ], 
  [ 48771169189 ],,, [ 1531953423561591385021 ],, [ 3755669304259 ],, 
  [ 42217885921, 9174016500437945521 ],, [ 2074721351 ], [ 4031435715787 ],,, 
  [ 28816192879940957 ], [ 145217131596181 ],, [ 36830813519 ],,,, [ 4233484441 ], 
  [ 89707346051, 143812413895921 ],,,, [ 4267583237, 54668059027, 325830390519095142871 ],,, 
  [ 47950011341 ],,,, [ 8700105961 ], [ 1440720925384728101 ],, [ 5397022093 ],, 
  [ 4756289672801, 671652103301341 ],, [ 662700244097 ],,,,, [ 250981269193 ],,,,,,,,,, 
  [ 1208127883 ], [ 30178925083894325537 ],,,, [ 11502269497 ],,,, 
  [ 93014833297, 48929502674977 ],,,, [ 47776837921 ],,,,, [ 2011828751 ], 
  [ 246866348406649 ],,,, [ 988138796632140167281 ],,,,,, [ 236573244997 ],, [ 2610391037 ], 
  [ 1423616599, 5658039559 ],,, [ 14375390285869 ],,,, [ 298724725697, 2288505339551 ],,, 
  [ 5005655227 ],,, [ 2121126173 ],,,, [ 45273975793 ],,,,,,, [ 16182932299 ],,,,, 
  [ 5091035749 ],,,, [ 2090442817, 7728324577 ],, [ 11307050455223203 ], [ 34121360701 ], 
  [ 1780800997 ],,,,,, [ 5672448556501 ],,,,,, [ 3699677284002961 ],,,, [ 21674052727359413 ]
   ,,,,,,,,, [ 2132660713 ], [ 161268876991 ],,,,,, [ 9464061853 ],,,,, [ 3095120167 ],,, 
  [ 8082455021 ],, [ 1555548437, 896133870017 ],, [ 44385095188801 ],,,,,, [ 46835029561 ], 
  [ 8097227129 ], [ 2646747377, 6088847509811249 ],, [ 14796892542031 ],,,, 
  [ 3220048459, 8029334240779 ], [ 455110112521, 17223485739340861 ], [ 147678543521 ],, 
  [ 81213524389, 1909126427256991, 57387957081672619 ],,, [ 1579411861 ], [ 79758739747 ],,,,
  ,,,, [ 2665863751 ],,,,, [ 134271261151 ],,, 
  [ 27005009797, 1758876109499, 668119767902813 ], [ 35736415969, 748289250061 ],,, 
  [ 9416624614009 ], [ 12082457507 ], [ 11395506526847137 ], [ 5042834101 ],,, 
  [ 7368646849537 ],,,, [ 23992017987194017 ],,,,, [ 18476822239 ], [ 2004482935271 ], 
  [ 1025710859 ], [ 29108255836921 ],,,,,,,,,,,,,,,,,, [ 32771270491 ],,,,,,,,,,,,,,,, 
  [ 8641389098123, 155196677707523 ],,,,,, [ 11848536701, 6008757660901, 715238298380261 ],,,
  , [ 11702714977 ],,,,,, [ 106814413225411 ],, [ 5613944129 ],,,,,, [ 6674853444067 ], 
  [ 2201198723 ],,,,,,,,,,, [ 2260189489187801 ],, [ 4470562429 ],,, [ 168586783021 ],,, 
  [ 2501744850933901 ],, [ 33571753522861, 63399004187461 ], [ 5853551551 ],,,,,,, 
  [ 1347358497913 ], [ 19137027118243 ],,,,,,, [ 902869986205861 ],,,,,, 
  [ 584174332835852347 ],,,, 
  [ 2085520847, 10191541049, 19457829201203, 27121044174813021737351 ], [ 824256304063 ],,, 
  [ 6604139009011 ],,,,,, [ 2501513452033 ],,,,,, [ 337840071658079 ], [ 27968407699 ], 
  [ 92102039773441 ],, [ 15934703456461 ],, [ 3228024845791817 ],,,,,,,,,, 
  [ 4723906438772317 ],,,,,,,,, [ 3370106647 ],, [ 46945098894767 ],, [ 1470212857 ],,,,, 
  [ 19507944583297 ],, [ 724013665103 ],,, [ 95084146733 ], 
  [ 19703981677, 230731471657, 14212320525607 ],,,, [ 1867386973, 2019412957 ],,, 
  [ 8712839227 ],,, [ 616696652153 ],, [ 2747254238497 ],,,,,, [ 170115288927361 ], 
  [ 89948802371 ],,,, [ 33242711791 ], [ 215538233191 ],,,, [ 18607751531, 32379200431 ],, 
  [ 1482087359449 ],, [ 207358718989 ],, [ 73409203649 ],, [ 4037310163 ],, 
  [ 2894779363078261 ],, [ 34215825728969 ],, [ 218999278129 ],,, [ 7136195557 ],,,,,,, 
  [ 16737680723 ],,,, [ 302714603509, 1560153189804543701 ],, [ 10023112941001 ], 
  [ 144618716243 ], [ 19905758053, 5544729344041, 90007667075657101 ],,,,,,,, 
  [ 28001326861, 1049850712511 ],,,,,,,,,,,, [ 1200731449 ],, [ 331326139393 ],, 
  [ 25008209243623 ],, [ 4660632293 ], [ 57746103199 ],,, [ 57131267216761 ],,, 
  [ 2651231161 ],,,,,,,,,, [ 2003196031, 30125084441 ],, [ 5177429659 ], [ 232669806353 ], 
  [ 16773354749 ], [ 69768022801, 16554057780751 ],,,,,,, [ 15847700359 ],,,,,,,,,,,,,, 
  [ 14938663573 ],, [ 517165737469 ],,,,,,, [ 27530067640681 ], [ 16889535353 ], 
  [ 40808328973 ],,,,,,,,,,,,,,,,,,, [ 4019233531, 15536724067 ],, [ 2892621913 ],,, 
  [ 157913487733 ],,,,,,,,,,,,, [ 2921568007 ], [ 5367237121 ],, [ 30760415401 ], 
  [ 1536365071 ],,,, [ 2036561129 ],,,,,,,,,,,,,, [ 13529473679 ],,, [ 11755061033 ], 
  [ 5483050051 ],, [ 323024480617 ],,,,, [ 5281502977 ],,,,,, [ 1449085303 ],,,,,,,,, 
  [ 11016451993 ],,,,,,, [ 27935962787 ],,, [ 3324010427 ],, [ 1517033449 ],,,,,,,,, 
  [ 350939482741 ],,,,,,,, [ 146509234561 ],,,,,,,,,,,,,,,,,,,,,,,,,,,,,,,, 
  [ 3132033649, 273200389237 ],,, [ 17751524711 ],,,,,, [ 6620948489 ], 
  [ 1015514069, 220937075153 ], [ 665178785419 ], [ 1658889361 ],,,,,,,,, 
  [ 1385415781, 2045150071, 20467477909 ],, [ 12976212673 ],,,, [ 2648818061 ],,,,, 
  [ 6063249478861 ], [ 55928679041 ],,,,,,,,,,,,,,,,,,,,,,,,,,,,,, [ 1469026319 ],,,,,,,,,,,,
  ,,,, [ 29778209639 ],,,,,,,,,,, [ 386899225547 ],,,,, [ 6678734203 ], [ 2542234909 ],,,,,, 
  [ 2328393761 ],, [ 55210955113 ],,,,,,,,, [ 1621024939, 1502538801769 ],,,,,,,,,,,,,,, 
  [ 181524202537 ],, [ 2607782339, 174838345879 ],,, [ 5249025863 ], [ 3328433809 ],,,,,,, 
  [ 41026955903 ],,,,,,, [ 1749209729 ], [ 630655763383 ],,,,,,,,,,,,, [ 110921562151 ],,,,,,
  ,,,, [ 4777491601 ],, [ 29522221039 ],,,,,,,,,,,, [ 4923583351 ],,,,,,,,,,,,,,,, 
  [ 14269122890881 ],, [ 214191901201 ],,,,, [ 5493602143 ],,,,,,,,, [ 97051398901 ],,, 
  [ 17122467853 ],,,, [ 1242158077 ],,,,,,,,,, [ 6220749151 ],,,,, [ 3448868501153 ],,,,,,,,,
  ,,,,,,,,,,,, [ 39862820083 ], [ 10531702931 ],,, [ 215357656603 ],,,,,,,,,,,,,,,,, 
  [ 2689085011 ],,,, [ 1941841261, 13599200687 ],, [ 2046231613, 3697746853 ], 
  [ 73522369813 ],,,,,,,,,,,, [ 3496275619 ], [ 21025492561 ],,,,,,,,,,,, [ 3469939471 ],,,,
  , [ 423465056197 ],,, [ 1123398151 ],,,,,,,, [ 7630213180254937999 ],,,,, [ 1199246137 ],,,
  ,,, [ 23864822629, 68472625447 ],,,,, [ 1837139747 ], [ 1372829851 ],,,, [ 25168284179 ],,,
  ,,,,,, [ 38061039493 ], [ 9889348295639 ],,,, [ 242243776009 ],,,,,,,, [ 691235521957 ],, 
  [ 1076177257, 3801954299081 ],,,,, [ 3691664089 ], [ 27366673283 ],,,,, [ 1926751237 ],,, 
  [ 3475363123 ],,,,,,,, [ 24799547501 ],,,, [ 2310356646523 ],,,,,, [ 1672997401 ],,,,, 
  [ 1730859281 ],,,,,,,,,,,,, [ 234633944431 ],,,,,, [ 3656585311, 12643942417 ],,,,, 
  [ 4979443457 ],,,,,,,,,,,,,,,,,,,,,,,,,,,,, [ 22755673949 ],,,, [ 3926925881 ],,,,,, 
  [ 3089680454381 ],,,,,,, [ 13298757211 ], [ 12415943363 ],,,,,,, 
  [ 59279012753, 225366796757 ],,,,,, [ 758224458340309 ], [ 12671791351 ],,,,,,,,, 
  [ 2831113939 ],,,,,,,,,,,,,, [ 1238737681, 2720576713 ],,,,,,,,,,,,,,,,,,, [ 162417264787 ]
   ,,,, [ 3470366593 ],,,,,,,,,,, [ 5129396119, 5653168687 ],,,,,,,, [ 2739994171 ],, 
  [ 6334324133487617 ], [ 1956880201 ],,,,,,,,,,,,,,,,, [ 1716327071 ],, [ 1038582229 ],,,,,,
  ,,,,,, [ 14018027329, 83482634113 ],,,,,,,,,,,,,,,,,,,,,,,,,,,,,, [ 33442507621 ],, 
  [ 1609263361 ], [ 2644419997, 16667499787 ],,,,,,,, [ 2479144501 ], [ 8131716379 ],,,,,,,,,
  ,,, [ 12249228709 ],,,,,,,,,,,,,,,,,,,,,,,,,, [ 138813812257, 183381147713 ],,,, 
  [ 1296192169 ],,,,,,, [ 3322226261 ], [ 3257334121 ],, [ 2230376989 ],,,,, [ 10590434059 ],
  ,,,,,, [ 6885491161 ],,,,, [ 3293776351 ],,,,,,,,, [ 9668548692433 ],,,,,,,,,,,,,, 
  [ 1018504609 ], [ 2059301834353 ],,,,, [ 101160472717 ],,,,,,,,,,,,,,,,,,,,,,,,,, 
  [ 4269224611 ],,,, [ 36053314601 ], [ 2585228731 ],,,,,, [ 13445459371 ],,,, 
  [ 42663969941 ], [ 1959460801 ],,,,,,,,,,,,,, [ 4570942861 ],,,,,,,,,,,,,,,,,,,,,,,, 
  [ 9985894549 ],,,,,,,,,,,,,,,,,,,,,,, [ 1176883657 ],,,,, [ 54735135113 ],,,,,,,, 
  [ 1134812641 ],,,,,,,,,,,,,,,,,,,,,,,, [ 3335256593 ],,,, [ 6624339409 ],,,,,,,, 
  [ 51525626261 ],,,,,, [ 1283579285551 ],,,,, [ 1779797029 ],,,,,,,,,,,,,,,,,,,,,,,, 
  [ 1192862863 ],,,,,, [ 32846597557 ],,, [ 3788197201 ],,,,,,,,,,,, [ 1110619621 ],, 
  [ 3292799099 ],,,,,,,,,, [ 699145279561 ], [ 35930795501, 296537384251 ],,,,,,,,, 
  [ 121030434709 ],,,,,,,,,,,,,,,,, [ 138851215669 ], [ 1251947761 ],,,, [ 15123646001 ],, 
  [ 4901748949 ],, [ 1149886741 ],,, [ 11882255113 ],,,,,,,,,, [ 117727770469 ],,,,,,,,,,,,,,
  , [ 1321462073 ],,,, [ 9428214193, 78753068309, 104292865189, 879683637821 ],,,,,,,,,,,,,, 
  [ 29454152333 ],, [ 57143067409 ],,,, [ 1338048961 ],,,,,,,,,,, [ 2320053091, 2882040937 ],
  ,,,,,,,,,,,,,, [ 5321085643 ],,,,,,,,,,,,,,,,,,,,,,,, [ 16608320947 ],, [ 2427424973 ],,,,,
  , [ 2158446761 ],,,,,,,,,,,,, [ 4840944047347, 4970552556223 ], [ 1499920913 ],,,,,,,,,,,, 
  [ 2782099093 ],,,,,,,,,,,,,,,,,, [ 40667139907 ],, [ 20263492657 ],,,,,,,,,,,, 
  [ 38210973061 ],,, [ 4919257747 ],,,,,,,,, [ 29823609601 ],,,,,,,,,,,,,,,, [ 2483469217 ],
  , [ 21655233211 ],,,,,,,,,,,,,,,,,,,,,,,,,,,,,,,,, [ 130660550179 ],,,,,,,,,,, 
  [ 8542718999 ],,,, [ 2857948507 ],,,, [ 1966527551 ],,,,,,,,,,,,,,,, [ 1656561017 ],,,,,,,,
  ,,,,,,,,,,,,,,,,,,,, [ 1668365821 ],,,,,,,,,,,,,,, [ 7987443979303 ],,,,,, 
  [ 53821780044631 ],,,,, [ 15193050641 ],, [ 32225007719 ],, [ 17143949857 ],,,,,,,,,,,,,,, 
  [ 1522712479 ],,, [ 1345303639 ],,,,,,,,,,,,,,,, [ 7452508181 ],,,, [ 5280161599 ],, 
  [ 5570039393 ],,,,,, [ 3288567031 ],, [ 3330548929 ],,,,,,,,,,,, [ 2201523157 ],,,,,,,,,,,,
  ,,,,,, [ 1253896805541643 ],,,,,,,,,,,,,,, [ 12783558943 ], [ 1218013722199 ],,,,,, 
  [ 2420497393, 3011045369 ],,,,,,,,,,,,,,,,,,,,,, [ 166612168543 ],,,,,,,, [ 1458113483 ],,,
  ,,,,,,,,,,,,,,,,,,,, [ 6707109967 ],,,,,,,,,,,,, [ 2849632904471 ],,,,,,,,,,,,,,,,,,,,,,,,,
  ,,,,,,,,,, [ 21578708521 ], [ 159119938005863 ],,,,, [ 6614757493 ],,,,,,, [ 7259582779 ],,
  ,,,,,,,,,,,, [ 19937673757 ],, [ 2830886419, 633270545833 ],,,,,,,,,,,,,,,, 
  [ 402915113011 ],,, [ 2405314843 ],,,,,,, [ 4071480001 ],,,,,,,,,,,,,, [ 7417858771 ],,,,,,
  ,,,,,,,,,,,,,, [ 25998180781 ],,,, [ 12642989173 ],,,,,,,,,,,,,,,,,,,,,,,,,,,,,,,,,,,,,, 
  [ 3623492533 ],,,,,,,, [ 1226931469, 427382033597 ],,,,,,,,,,,,,,,,,,,,,,,,,, 
  [ 33411866311 ],, [ 2053964641 ],,,,,,,,,,,,,,,,,,,,,,,,,,,,,, [ 326728261247 ],,,,,,,,,,,,
  , [ 1444191241 ], [ 3163262897 ],,,,,,,,,,,,,,,, [ 2408086777 ],,,, [ 319914184897 ],,,,,, 
  [ 258766428607 ],, [ 1179762505681 ],, [ 160356578717 ],,,,,, [ 6300595489 ],,,, 
  [ 124987172941 ],,,,,,,,,,,, [ 3632561898881 ],,,,,,,,,,,,,,,,,,,,,,,,,,,,,,,,,,,,, 
  [ 1834113121 ],,,,,,,,,,,,,,,,,,, [ 4384237769 ],,,,,, [ 16916811341 ],,,,,, 
  [ 1218797329 ],,,, [ 77935418114401 ],,,,,,,,,,,,,,,,,,,, [ 1266274347601 ],,,,,, 
  [ 5241583103 ],,,,,,,,,,,,,,,, [ 7533304829 ],, [ 1745825533 ],,,,,,,,,,,,,, 
  [ 2472835003 ],,,,,,,,,,,, [ 3063926251 ],, [ 402722989793 ],,,,,,,,,,,,, [ 1052947037521 ]
   ,,,,,,,,,,,,,,,,, [ 8300721119, 72119027671 ],,,,,, [ 1680346981 ],,,,,,, [ 2968813171 ],,
  , [ 4067884783 ],,,,,,,,,,,,,,,,,,,,,,,, [ 988374272779 ],,,,,,,,,,,,,,,, [ 3630092659 ],, 
  [ 4006736281 ],,,,,,,,,,,,,,, [ 106521535051 ],,,,,,,,,,,,, [ 5178394369 ],,,,,,,,,,,, 
  [ 647841501841 ],,,, [ 7145915456353 ],,,, [ 4378267921 ],,,,,,,,,,,, [ 24927200101 ],,,,,,
  ,,,,,,,,, [ 6901312861 ],,,,,,, [ 2898959911 ],,,,,, [ 3329349993217 ],, [ 3515863951 ],,,,
  ,,,,,,,, [ 1670529232513, 3080157217567 ],,,,,,,,,, [ 150873407533697 ],, [ 1098883188313 ]
   ,,,,,,,,,,,,,,,,,,,,,,,, [ 2118070183 ],,,,,,,,,,,,,,,,,,,,,,,,,,,,,, [ 5371440817 ],,,,,,
  ,,,,,,,,,,,,,,,,,,,,,, [ 1076612189 ],,,,,,,, [ 227996998237 ],,,,,,,,,,,,,,,,,,,,,, 
  [ 4112194109, 5360075419 ],,,, [ 2478305231 ],,,,,,,,,,,,,,,,,,,,,,,,,,,,,,,,,,,,,,,, 
  [ 5372742961 ],, [ 1073175889, 19104798857 ],, [ 1632964170349 ],,,,,,,,,,,,,,,,,,,,,,,,,,,
  , [ 2349164203 ],,,,,,,,,,,, [ 68844299437 ],,,,,,,,,,,,,,,,,,,,,,,, [ 2635926913 ],,,,,,,,
  ,,,,,,,, [ 2737934359 ],,,,,, [ 4971178801 ],,,, [ 4841909129 ],,,,,,,,,, [ 2901102361 ],,,
  ,,, [ 102373299541 ],,,,,,,,,,,,,, [ 24276533627 ],,,,,, [ 1230191824681 ],,,,,,,,,,,,,,,,,
  ,,,,,,,,,,,,, [ 1888758161 ],,,,,,,,,,,,,,,,,,,,,,,,,,,,,,,,,,,,,,,,,,,, [ 4244095507 ],,,
  , [ 1296990839 ],,,,,,,,,,,,,, [ 2755003453 ],,,,,,,,,,,,,,,,,,,,,,,, [ 1224350833 ],,,,,,,
  ,,,,,,,,,,,,,,,,,,,,, [ 19127927017 ],,,,,,,,,,,,,,,,,,,,,,,,,,,,,,,,,,,,,, 
  [ 17574037573 ],,,,,,,,,,,, [ 88650656659 ],, [ 87989385457 ],,,,,,,,,,,,,,,,,,,,,,,,,,,,,,
  ,,,,,,,,,,,,,,,,,,,,,,,, [ 90430619941 ],,,,,,,,,, [ 9880053301 ],,,,,,,,,,,,,,,,,,,,,,,,,,
  ,,,,,,,,,, [ 1262460193, 30781153441 ],,,,,,,,,,,,,,,, [ 6695349703121 ],,,,,,,,,,,,,,,,,,,
  , [ 45609181129, 653926124869 ],,,,,,,,,,,,,,,,,,,,,,,,,,,, [ 1679472001 ],, 
  [ 2617071883 ],,,,,, [ 22882257169 ],,,,,, [ 13081497553 ],,,,,,,,,,,,,,,, [ 154543137191 ]
   ,, [ 8587446337 ],,,,,,,, [ 353972344681 ],,,,,,,,,,,,,,,,,,,,,, [ 1912836421 ],,,,,,,,,,,
  ,,,,,,, [ 1141412641 ],,,,,,,,,,,,,,,,,,,,,,,,,,,,,,,,,,,,,,,,,,,,,,,, [ 26115853921 ],,,,,
  ,,,,,,,,,,,,,,,,,,,,,,,,,,, [ 15170708801 ],,,,,,,,,,,,,,,,,,,,,,,,,,,,,,,,,,,,,,,, 
  [ 1049496001 ],,,,,,,,,,,,,,,,,,,,,,,,,,,,,,,,,,,, [ 2492212477 ],,,,,, [ 207533677891 ],,,
  ,,,,,,,,,,,,,,,,,,,,,,,,,,,,,,,,,,,,,,,,,,,,,,,,,,, [ 3028134409 ],,,,,, [ 21560754997 ],,,
  ,,, [ 2157317161 ],, [ 10451241421 ],,,,,,,,,,,,,,,,,,,, [ 45071480941 ],,,,,,,, 
  [ 4895419987 ],,,,,,,,,,,,,,,,,,,,,,,,,,,,,,,,,,,,,,,,,,,,,,,,,,,,,,,,,,,,,,,,,,,,,,,,,,,,,
  ,,,,,,,,,,,,, [ 3790173169, 26226052129 ],,,,,,,,,,,,,,,,,,,,,,,,,,,,,,,,,,,,,,,,,,,,,,,,,,
  ,,,,,,,,,,,,,,,,,,,,,,,,,,,, [ 1884377659 ],,,,,,,,,,,,,,,,,,,,,,,,,,,,,,,,,,,,,,,,,,,,,,,,
  ,,,,,, [ 62495470321 ],,,,,,,,,,,,,,,,,,,,,,,,,,,,,,,,,,,,,,,,,,,,,,,,,,,,,,,,,,,,,,,,,,,,,
  ,,, [ 1003990633 ],,,,,,,,,,,,,,,,,,,,,,,,,,,,,,,,,,,,,,,,,,,,,,,,,,,,,,,,,,,,,,,,,, 
  [ 1931540419 ],,,,,,,,,,,,,,,,,,,,,,,,,,,,,,,,,,,,,,,,,,,,,,,,,,,,,,,,,,,,,, 
  [ 640364575481 ],,,,,,,,,,,,,,,,,,,,,,,,,,,, [ 1108498609 ],,,,,,,,,,,,,,,,,,,,,,,,,,,,,,,,
  ,,,,,,,,,,,,,,,,,,,,,,,,,,,,,,,,,, [ 3820753291 ],,,,,,,,,,,,,,,,,,,,,,,,,,,,,, 
  [ 2117360521 ],,,,,,,,,,,,,,,, [ 1103088001 ],, [ 1789568239 ],,,,,,,,,,,,,,,,,, 
  [ 5675087161 ],,,,,,,,,,,, [ 3459590857 ],,,,,,,,,,,,,,,,,,,,,,,,,,,,,,,,,,,,,,,,,,,,,,,,,,
  ,,,,,,,,,,,,,,,,,,,,,,,,,,,,,,,,,,,,,,,,,,,,,,,,,,,,,,,,,,,,,,,,,,,,,,,,,,,,,,,,,, 
  [ 288645812353 ],,,,,,,,,,,,,,,,,, [ 177145489753 ],,,,,,,,,,,,,,,,,,,,,,,, 
  [ 23444541103 ],,,, [ 3027015811 ],,,,,,,,,,,,,,,,,,,,,,,,,, [ 97300996129 ],,,,,,,,,,,,,,,
  ,,,,,,,,,,,,,,,,,,,,, [ 2129007253 ],,,,,,,,,,,,,,,,,,,,,,,,,,,,,,,,,,,,,,,,,,,,,,,,,,,,,,,
  ,,,,,,,,,,,,,,,,,,,,,,, [ 5906885251 ],,,,,,,,,,,,,,,,,,,,,,,, [ 3661179157 ],,,,,,,,,,,,,,
  ,,,,,,,,,,,,,,,,,,,,,, [ 7631675371 ],,,,,,,,,,,,,,,,,,,,,,,,,,,,,, [ 9867201283018921 ],,,
  ,,, [ 4159305613 ],,,,,,,,,,,, [ 9958271641 ],,,,,,,,,,,,,,,,,,,,,,,, [ 1283391721 ],,,,,,,
  ,,,,,,,,,,, [ 107705829601 ],,,,,,,,,,,,,,,,,,,,,,,,,,,,,,,,,,,,,,,,,,,,,,,,,,, 
  [ 400232196229 ],,,,,,,,,,,,,,,,,,,,,,,,,,,,,,,,,,,,,,,,,,,,,,,,,,,,,,,,,,,,,,,,,,,,,,,,,,,
  ,,,,,,,,,,,, [ 135478397809 ],,,,,,,,,,,,,,,,,,,,,,,,,,,,,,,,,,,,,,,,,,,,,,,,,,,,,,,,,,,,,,
  ,,,,,,,,,,,,,,,,,,,,,,,,,,,,,,,,,,,,,,,, [ 1194614041 ],,,,,,,,,,,,,,,,,,,,,,,,,,,,,,,,,,,,
  ,,,,,,,,,,,,,,,,,,,,,,,,,,,,,,,,,,,,,,,,,,,,,,,,,,,,,, [ 86423017231 ],,,,,,,,,,,,,,,,,,,,,
  ,,,,,,,,,,,,,,,,,,,,,,,,,,,,,,,,,,,,,,,,,,,,,,,,,,,,,,,,,,,,,,,,,,,,,,,,,,,,,,,,,,,,,,,,,,,
  ,,,,,,,,,,,,,,,,,,,,,,,,,,,,,,,,,,,,,,,,,,,,,,,,,,,,,,,,,,,,,,,,,,,,,,,,,,,,,,,,,,, 
  [ 1836240451, 24644847901 ],,, [ 2223082993 ],,,,,,,,,,,,,,,,,,,,,,,,,,,,,,,,,,,,,,,,,,,,,,
  ,,,,,,,,,,,,,,,,,,,,,,,,,,,,,,,,,,,,,,,,,,,,,,,,,,,,,,,,,,,,,,,,,,,,,,,,,,,,,,,,,,,,,,,,,,,
  ,,,,,,,,,,,,,,,,,,,,,,,,,,,,,,,,,,,,,,,,,,,,,,,,,,,,,,,,,,,,,,,,,,,,,,,,,,,,,,,,,,,,,,,,,,,
  ,,,,,,,,,,,,,,,,,,,,,,,,,,,,,,,,,,,,,,,,,,,,,,,,,,,,,,,,,,,,,,,,,,,,,,,,,,,,,,,,,,,,,,,,,,,
  ,,,,,,,,,,,,,,,,,,,,,,, [ 41811444841 ],,,,,,,,,,,,,,,,,,,,,,,,,,,,,,,,,,,,,,,,,,,,,,,,,,,,
  ,,,,,,,,,,,,,,,,,,,,,,,,,,,,,,,,,,,,,,,,,,,,,,,,,,,,,,,,,,,,,,,,,,,,,,,,,,,,,,,,,,,,,,,,,,,
  ,,,,,,, [ 65998550161 ],,,,,,,,,,,,,,,,,,,,,,,,,,,,,,,,,,,,,,,,,,,,,,,, [ 41678850220393 ],
  ,,,,,,,,,,,,,,,,,,,,,,,,,,,,,,,,,,,,,,,,,,,,,,,,,,,,,,,,,,,,,,,,,,,,,,, [ 278816373421 ],,,
  ,,,,,,,,, [ 17442052993 ],,,,,,,,,,,,,,,,,,,,,,,,,,,,,,,,,,,,,,,,,,,,,,,,,,,,,,,,,,,,,,,,,,
  ,,,,,,,,,,,,,,,,,,,,,,,,,,,,,,,,,,,,,,,,,, [ 31776544981 ],,,,,,,,,,,,,,,,,,,,,,,,,,,,,,,,,
  ,,,,,,,,,,,,,,,,,,,,,,,,,,,,,,,,,,,,,,,,,,,,,,,,,,,,,,,,,,,,,,,,,,,,,,,,,,,,,,,,,,,,,,,,,,,
  ,,,,,,,,,,,,,,,,,,,,,,,,,,,,,,,,,,,,,,,,,,,,,,,,,,,,,,,,,,,,,,,,,,,,,,,,,,,,,,,,,,,,,,,,,,,
  ,,,,,,,,,,,,,,,,,,,,,,,,,,,,,,,,,,,,,,,,,,,,,,,,,,,,,,,,,,,,,,,,,,,,,,,,,,,,,,,,,,,,,,,,,,,
  ,,,,,,,,,,,,,,,,,,,,,,,,,,,,,,,,,,,,,,,,,,,,,,,,,,,,,,,,,,,,,,,,,,,,,,,,,,,,,,,,,,,,,,,,,,,
  ,,,,,,,,,,,,,,,,,,,,,,,,,,,,,,,,,,,,,,,,,,,,,,,,,,,,,,,,,,,,,,,,,,,,,,,,,,,,,,,,,,, 
  [ 15365779801, 65118592141 ],,,,,,,,,,,,,,,,,,,,,,,,,,,,,,,,,,,,,,,,,,,,,,,,,,,,,,,,,,,,,,,
  ,,,,,,,,,,,,,,,,,,,,,,,,,,,,,,,,,,,,,,,,,,,,,,,,,,,,,,,,,,,,,,,,,,,,,,,,,,,,,,,,,,,,,,,,,,,
  ,,,,,,,,,,,,,,,,,,,,,,,,,,,,,,,,,,,,,,,,,,,,,,,,,,,,,,,, [ 125125569451 ],,,,,,,,,,,,,,,,,,
  ,,,,,,,,,,,,,,,,,,,,,,,,,,,,,,,,,,,,,,,,,,,,,,,,,,,,,,,,,,,,,,,,,,,,,,,,,,,,,,,,,,,,,,,,,,,
  ,,,,,,,,,,,,,,,,,,,,,,,,,,,,,,,,,,,,,,,,,,,,,,,,,,,,,,,,,,,,,,,,,,,,,,,,,,,,,,,,,,,,,,,,,,,
  ,,,,,,,,,,,,,,,,,,,,,,,,,,,,,,,,,,,,,,,,,,,,,,,,,,,,,,,,,,,,,,,,,,,,,,,,,,,,,,,,,,,,,,,,,,,
  ,,,,,,,,,,,,,,,,,,,,,,,,,,,,,,,,,,,,,,,,,,,,,,,,,,,,,,,,,,,,,,,,,,,,,,,,,,,,,,,,,,,,,,,,,,,
  ,,,,,,,,,,,,,,,,,,,,,,,,,,,,,,,,,,,,,,,,,,,,,,,,,,,,,,,,,,,,,,,,,,,,,,,,,,,,,,,,,,,,,,,,,,,
  ,,,,,,,,,,,,,,,,,,,,,,,,,,,,,,,,,,,,,,,,,,,,,,,,,,,,,,,,,,,,,,,,,,,,,,,,,,,,,,,,,,,,,,,,,,,
  ,,,,,,,,,,,,,,,,,,,,,,,,,,,,,,,,,,,,,,,,,,,,,,,,,,,,,,,,,,,,,,,,,, [ 131350440901 ] ]);
