BRENTFACTORS[2997]:=MakeImmutable([ ,,,,,,,,,,,, [ 7676220898631273 ],,,,,,,,,, 
  [ 187634539811 ],, [ 71659165696889290058051 ], [ 1952472713659729 ], 
  [ 449437768939, 1333185186510642547 ], [ 7887056307929 ], [ 282156651011 ],, 
  [ 22578876150916046992871, 1102366930170012921156304869107 ], [ 11040661729 ],,, 
  [ 322883548357427611, 6540320898128444281 ],, [ 3465944036551, 149537167052973663164441 ],
  , [ 558744326654827 ],, [ 106217686416877851760391 ], [ 70527510733 ], 
  [ 17880068489748461 ], [ 935640292753 ], [ 6836316481, 3223538054641 ], 
  [ 6052051441414541757920528182537 ], [ 5949807820303646647 ], [ 805914692612353 ], 
  [ 17599187999031941, 739036864588808559677480484039581, 
      940530070990278509310232174692319133 ], [ 253164262755931124651 ], 
  [ 33304133323, 325716238017046734769174212824452243423 ], 
  [ 10566887609981, 212243130291921399581 ], 
  [ 5186494388147, 1310653116042629, 208437837773881591, 3444913201480773287, 
      5968017218335029246890598211782364386484877 ], [ 4058494962967 ], [ 108958357825901 ], 
  [ 5285423417, 55408329050878721 ],, [ 56264625622272230470440118049 ], 
  [ 338406413542238437923658531 ], [ 2288085061 ], [ 3358558727999890169 ], 
  [ 36861919271, 44558743894673, 56638287444355481, 4330343593950935293 ], 
  [ 25238421038940797944021665313, 1025267553805737119068473584879431 ], 
  [ 4668951233, 156864029588172706213711247233 ], [ 16028304371 ], [ 250204890277 ], 
  [ 2089404048549708222801503 ],, [ 2861893267, 66313983405584500987 ],, 
  [ 9164066782762631364123179 ], [ 165253879133713, 18648708348807243073 ],, 
  [ 24718129250129043077, 116310116896882756921 ], [ 610401565651 ], 
  [ 40242836129307041441, 409730761678009550756927497 ], 
  [ 2654009359, 1358035750632802983743 ], [ 22209717424765902318952058239 ], 
  [ 2725248623, 2064794795742163 ], [ 3536254843337591243055185195853084462881 ], 
  [ 166812606093379737009076849 ], [ 208211933933, 23757769699938444474045649 ], 
  [ 619349239037153 ],,, 
  [ 6266761951, 1028259010166426350215523, 6550662347303499005141070071143 ], 
  [ 174310330219, 6403864332871, 1656152554958257 ], [ 1943765787355885268513 ], 
  [ 2889884996839 ], [ 91396256311 ], [ 120742052047008490099 ], 
  [ 9256026637757, 158439874986019673, 132832119589159565316661, 
      12188749464733724158883133893824881042562153 ],, [ 84310173091 ],, 
  [ 2834847916897, 21976493131777 ],,, [ 1509978144313, 577749314171784584660160133 ],, 
  [ 339341805786877 ], [ 14296537682923389891644549850044696981959976718333181 ], 
  [ 2749967749, 11129775623 ], [ 51603174815379490572403804109129 ], 
  [ 3438979899527343253873897261 ],, [ 134240962099776853 ], 
  [ 51941596061652491017, 761136427187348495407713106901112866602584273697 ], 
  [ 13749496981852585913, 6269833775699184173141, 1125884889352698121932743 ],, 
  [ 73439696569, 30527297640061, 59827119990767736275815746412471 ],,, 
  [ 3517181667311119, 2480815585569943219484331939391507995007633124557 ], 
  [ 2105550871, 12604516913338541 ],,, [ 160429008068939 ], 
  [ 2730334811, 371552974339, 4471747252684013, 1404418192137695050541, 
      86382159036205065468317 ], [ 1887732001, 2170875248257632171961 ],, [ 76170426223583 ],
  [ 41351832191279149 ], [ 6198505801 ], [ 781987649301251 ], 
  [ 3658125707461, 552218071925741000321964723921523 ], [ 57613888641736381213309 ],,, 
  [ 42139691884476551, 433176155067714811741, 1275037019446077745223404481 ],, 
  [ 16433346935948910402601, 27656456010753127092217 ], [ 1012835167, 1298626547736798239 ], 
  [ 79810395043, 185665070986489065415907 ], [ 55744969525381 ],,,,, [ 3041107081983370541 ],
  [ 100358856132511, 374621975395039 ], [ 4402475843, 118744079931065765807 ], 
  [ 32437595638990495097 ], [ 1742595754177 ], [ 236483150939585941 ], 
  [ 877993564264231467301 ], [ 17523781431619 ], [ 2306689817 ],, [ 1168724422651 ],, 
  [ 9092897943697, 155698030876408623121, 306919795727206679682130369 ], 
  [ 10324267111, 58162365847 ], [ 10477401822420616931 ], 
  [ 289949410181, 402282919781, 42490150271670298931 ],,, [ 6220679534207 ], [ 5596392961 ], 
  [ 17403633970827300429513121 ],, [ 116529871899849611272903297542972887399683 ], 
  [ 284234678942879267 ], [ 68480818589 ], [ 89666434408323301 ], 
  [ 3667012211, 16903436167796557 ],, [ 12744310683889, 572410570090744411153 ],,, 
  [ 1628373288853, 1457864668198665091 ],,,, [ 56771081501, 67157763943294151 ],,, 
  [ 60344980254313400161037 ], [ 141954462704498537 ],,, [ 1624222630213, 1240221267768757 ],
  [ 24510231637, 5047365075169106887189, 17833865955748676979091 ],, 
  [ 5351004551585120681205311 ], [ 2507711770357 ],, [ 96872398464865073 ],,, 
  [ 1978156291403, 336412107689686098779 ], [ 74747694612844993 ], 
  [ 7837258732987, 21473827811063 ], [ 2919198511, 9819536399 ], 
  [ 171689283481, 502181443117381 ], 
  [ 4760472697, 60317373593, 27432383869829, 50908279392849847277 ], [ 4639136034264653 ], 
  [ 222627274771684392523, 1896080057148364235554429 ], [ 10172481267953029 ], 
  [ 645350926601, 5216145248801, 64730521077222601 ],, [ 1653891482096879 ], 
  [ 8424603937, 5317592523052111 ], 
  [ 2086119913, 30113425895758789, 31238770620586254966940784677 ], [ 374833448021 ], 
  [ 9127421937499, 1924076051201183941 ], [ 33573067993477 ], [ 2362913019377 ],, 
  [ 2667551461, 262155637115401, 146370125712388030111 ], [ 1315054972707662357 ], 
  [ 30709648597, 4075209831248468669553509 ], [ 203572622131 ],, 
  [ 3519921521, 44084431379021981 ], 
  [ 19658993044177, 492613631792722665753193, 551599080745268407654504297 ],,, 
  [ 10700458387897, 11501246696874327277 ],,, [ 426165382693, 332032563139489 ],, 
  [ 20763303661092989473 ], [ 2273276470951, 64682479413021811770794251 ], 
  [ 2790932298321551 ], [ 12131973315083 ], [ 64567507507201 ], [ 798337122056752405627 ],, 
  [ 290956322581, 331294256833, 327749014535713 ],,,, [ 201626823271 ], 
  [ 18262155664292461393 ],, [ 2029490346813260087 ],, [ 20927344714000045921 ], 
  [ 11186323963, 11392180861 ], [ 4380249127, 427662974022307 ],, [ 4966952227370009 ], 
  [ 12965132461 ],,, [ 649993047833 ], [ 647488626571, 12596605218523 ], 
  [ 2232695784001, 37745579549416001 ], [ 372598698467, 445414911401 ], 
  [ 70296674662061569 ], [ 28617967575539, 167206914982999, 4193241562527733 ], 
  [ 440682839228699, 911406506769067, 19618092295404959 ], [ 1240117531 ],, 
  [ 326486072722769 ],, [ 351613868334838327 ], [ 7852530661, 8524417981 ], 
  [ 22094374537, 4709931241991374459 ],, [ 2294623136464429741 ],, [ 8756893496349382667011 ]
   ,, [ 166595289733 ],, [ 1242029991536991359 ], [ 98321043477061 ],,,, 
  [ 328038006001, 3526910472898866155171 ], [ 1417171801 ], 
  [ 2034638329, 18448698921074146117 ], [ 2312385340702061, 5833262900399753729 ], 
  [ 2535375963065801 ],, [ 4701040681, 279392026327681 ], [ 80965438506721 ],,,,, 
  [ 1159911832223, 1505860845347, 335217362613277 ],, [ 233191958113 ], 
  [ 515314666103860780589 ], [ 257753630074709414761 ],, [ 1018401977, 3231121423193 ], 
  [ 2699888345071 ], [ 1386068463688238989, 7144241156525531635249 ],,, 
  [ 142152569786929529323 ], [ 6068198217627389 ],, 
  [ 22098792601, 2932458836087701, 2835118222668092401 ],, 
  [ 19836034973323, 154852025289959 ], [ 15564916760704430367421 ], 
  [ 867362815255889, 733136792645970932497 ], [ 26615022241, 16165943343041 ],,, 
  [ 14751124991431753 ],,,, [ 7238844088009, 161475410657434849 ],, 
  [ 10455596807, 15282782863, 62533289971, 1105629663756703 ], [ 5500461834001 ], 
  [ 1222925057 ],,,, [ 715486349116801 ], [ 18703799923723 ], 
  [ 42457357979, 2970385393303049, 71048297253563827, 195903836594169817, 
      93264567815739602101 ], [ 6502988717 ], [ 112350546829, 153005545048357 ],, 
  [ 30665844891067864559 ], [ 16871690334750603739 ],,, [ 487527385420681 ],, 
  [ 1899153877 ], [ 1059661279, 8983126549, 6274781101289881 ],,, 
  [ 1349722753, 5181655249, 60916318166257 ], [ 11822900231, 219589960277393 ], 
  [ 748186458553, 636999727259221, 1203640701213735487, 1646695716867061823 ],, 
  [ 3452598243907497281 ], [ 108787623209 ], [ 14731086150069474331 ],, 
  [ 370839329907281, 646113596156033 ],, [ 34498110613 ],, [ 134444685997165875375702709 ], 
  [ 8120474988757 ], [ 2565223869251, 133376901104651 ],,,, 
  [ 14708993175474633407683, 3379460063614152798780967 ],,,, [ 3456282873731 ],, 
  [ 744739500455635881241 ], [ 3445783651549, 25764872005381 ],, [ 30941423624431 ], 
  [ 3124145753, 18108890801, 127806631681, 3898527727780603773857 ],,,, 
  [ 89637140081, 508467844433 ],, [ 68868023041 ],, [ 2968709917, 1263823456441420116901 ], 
  [ 432349365341 ], [ 53317466929 ],, [ 11113375092401 ], [ 2472067417 ], 
  [ 1467820117, 827264440131014971 ], [ 55891006447 ], [ 195415809781 ],, 
  [ 136214516147, 53203232019696017443 ],, [ 23345442124192771264960129 ], 
  [ 6610521611, 1543705250011 ],,, [ 399562637069, 410142284819053 ], [ 4618025171 ], 
  [ 8279913331 ], [ 168291630799 ],,, [ 2186829965193760387 ],, [ 86396606181121897 ], 
  [ 1053331518383 ], [ 571626362119, 1021280029153, 100343853115151806291 ],, 
  [ 71357639102401, 1358204779348801 ], [ 3004989379690273 ], [ 73181448007, 35803584748507 ]
   ,, [ 3030745762352873 ],,, [ 522886116919, 61238730009697153 ], [ 319500881569 ],,, 
  [ 1065832768237 ], [ 16602503257, 19059886733 ],, 
  [ 3846161017, 15783118651, 86205370663, 59858068848141430441 ],,,, 
  [ 31013898800813271311 ], [ 1839931237 ], [ 30514332241, 93216504124728168112741 ],, 
  [ 2855189580384211643 ],, [ 107764856753 ], [ 11175997184701 ],,,,, [ 3685145024849791 ],, 
  [ 17606291205842497 ], [ 241785580173847 ], [ 669237484777051 ], [ 145593130621 ], 
  [ 245826807509, 1473403577356397 ], [ 13509278161 ],,, [ 50586199841, 15015143374001 ], 
  [ 540575033398849 ],,, [ 56785749292561 ],,,, [ 12237962533441 ],, [ 29146409204485258351 ]
   ,,,, [ 24888852949, 318547874201 ],, [ 4326047974153445017 ],,, 
  [ 2516530843, 8185047878881 ],,, [ 1293165934822147, 479983542413247643 ],, 
  [ 593613366641681 ],,, [ 109321930691 ], [ 66409639453, 1005113579764961629 ], 
  [ 6731462858569 ],,,,, [ 2923509425497 ], [ 886459764592201 ],, [ 348652658094031 ],, 
  [ 20120622735215857 ], 
  [ 8455688641, 1513375610881, 3513225585110073121, 3828746408697254734561 ], 
  [ 89920732591 ],,,,, [ 80951047955857, 449821443952514244223 ], [ 755926988813 ], 
  [ 1112217707737, 153059408011692257 ], [ 60011383866667, 2541010398780157 ],,, 
  [ 1971552706909, 84983746398145953997 ],, [ 450571493243 ],, 
  [ 1967159809, 45289327570534897 ], [ 34346276413 ],, [ 216374665542176460523 ],, 
  [ 2624247019, 24405234043 ],,,, [ 5630436901 ],, [ 4178420221 ], [ 60932712781 ],, 
  [ 74214391894676370391, 143481408001086854491416528871 ],,,, [ 89295577674635011 ],,,, 
  [ 15859496437048181 ], [ 26589081086053, 32201040009559 ], [ 2589085100929272401 ], 
  [ 3299669099 ],,,,, [ 1128045006131, 664749597513333727 ],,,,,, [ 47085490453 ],,,,,,,,,, 
  [ 45598832897, 234313097029270793 ],,,, [ 351578697127514221 ],,,, 
  [ 16213891651, 6178574150277458051 ], [ 191388460379 ], [ 3157530539041 ],, 
  [ 474300147301, 1270408410151 ], [ 4681022514001, 69017360062223105941 ],,, 
  [ 10915395158010961, 14901522643404253 ],, [ 15431172242081 ],,,,, [ 31967767815821 ],, 
  [ 381870874603 ], [ 1192774441 ],,,, [ 162682884580539181, 301549263962292061 ],,,,,, 
  [ 103656234589 ],, [ 5587662581 ], [ 2924967809, 4796381591 ], 
  [ 77912922583, 141994382444306107 ],,,,,, [ 333103946877409 ],,,,,, 
  [ 3726502624549, 6821863356296143 ],, [ 41253831432253022017 ],,,, 
  [ 227579662801, 4471127557201 ],, [ 3487765261, 52933498801 ], [ 15462921961 ], 
  [ 7863552709, 102974312893 ],, [ 63832389936889924698757 ],, [ 82659986401 ],, 
  [ 1628099761, 9726917261 ],,,,,,,,,,,,,,,,, [ 12455574930283 ],, 
  [ 3377043133, 6796416707, 31448576102509 ], [ 10414108350024751 ], [ 5042869529563 ], 
  [ 1321354192162129 ], [ 1011920131 ],, [ 4501191151 ], [ 4118294617 ],, [ 1802661983 ],,,, 
  [ 1091527117 ],,,,,,,,,,,, [ 6052157857 ], [ 15353899764011 ],,,,, 
  [ 186173172328187584321 ], [ 2062667687 ], [ 681928691107, 15705864160447, 48773134616309 ]
    , [ 289656816931 ], [ 1817334137 ],, [ 144770661803953 ],,,,,,,,, [ 124283770201 ],,, 
  [ 136426766083 ],, [ 3604911881 ], [ 13563058867 ],, [ 317629830269 ], [ 12361270573 ],,, 
  [ 9997371019 ],,, [ 1574397566430181 ],,, [ 32896747423, 2414763988561 ], [ 13485103591 ],
  , [ 34161643901113 ],,,, [ 66067395100599901 ],,, 
  [ 19130994893, 32322053149, 212113736531 ],,, [ 282926532683 ], [ 1665803707 ],,, 
  [ 7325152715711 ],,,, [ 843893484673 ], [ 8333732551 ],,,, [ 2258962829 ],,, 
  [ 54806167319 ],, [ 1569012257, 72065626393 ],,,, [ 7813247030681, 88042023906929 ],, 
  [ 45757711081 ],,,, [ 189962058256123409 ], [ 6139435891 ], [ 7642605601, 23956658059457 ],
  , [ 776679242383783 ],,,, [ 31368904043 ],, [ 3145497337, 4248744609817 ],, 
  [ 26702134517, 3374344714849 ],,,, [ 147134011383001 ], [ 2615678929 ], 
  [ 18686683949974529 ],,, [ 3262734011 ],,, [ 216450012349 ],, [ 397281567041 ],,,, 
  [ 161103455309 ],,,,, [ 28070717797 ],,,,,,, [ 24187574681, 47324496577 ],, 
  [ 8770273411 ], [ 28602652061 ], [ 132691217228701, 133332209535785521 ],,,,, 
  [ 4659222625111 ],,, [ 809678251937 ],,,,,, [ 8070336689 ],, [ 147855119849 ],,,,,,,, 
  [ 17583406033, 907803072385549, 81763237625679877 ],, [ 5411256709, 1195310743667 ],,,, 
  [ 855942287131, 774422359938977624011 ],, [ 2821725564197 ],, 
  [ 22835288521, 234292722973, 87990051580069, 324948370151021 ],, [ 2942296897 ],, 
  [ 32032486543, 73028501747 ],, [ 1387393261 ],,, [ 213576474871 ],,,,,,,,,,, 
  [ 5599445143, 29697465649 ],,,,,, [ 3202550920801 ],,,,,, [ 260106856398001 ],,,,,,,,,,,,,
  , [ 5248890461 ],,,,, [ 2367800489191 ], [ 3998575678247 ],,,,,, [ 51852117162006697 ],, 
  [ 522272301779699 ],,,, [ 160140754603 ],, [ 3350525201 ],,,,,,,,,,, [ 81094188583 ],, 
  [ 1978630817 ],, [ 53240575021 ],,,,,,, [ 2559466493, 16304945273 ],,,, 
  [ 1987543843, 282967783903801 ],,,,, [ 1754247109, 2495739161 ],,,,, [ 229424242433993 ],,,
  ,, [ 1386263413 ],,,, [ 21914856460451 ],, [ 2350738513 ], [ 37334211980929 ],,,, 
  [ 1636393072057, 19814047381613 ],, [ 3886560821483 ],,,,, [ 9140937763 ], 
  [ 76321799360325161 ], [ 2869332959 ], [ 44797656243817, 1698324118885843 ],,,,,,,,,, 
  [ 2874580139257 ],,,, [ 2436353573 ],,,,,,,, [ 2462299164181, 16941587598217 ],,,,,, 
  [ 4158784531981 ], [ 31002895873 ],, [ 612088420147 ],,,,,,,,,,, [ 465480837635113 ],,,, 
  [ 6560492465281, 82541796729913 ],,, [ 23477549107 ], [ 87043223521 ],, 
  [ 1058252161, 4541662801411 ],, [ 457642796478577 ],, [ 280462958983, 11910024125183 ],,, 
  [ 1483141661 ], [ 65020610659, 9688164107911 ],,,,,, [ 6649089553 ],,,,,,,,, 
  [ 1332426619 ],, [ 2589140417 ],,,,,,, [ 261617382253 ],,,,,, 
  [ 372323154001, 2103905152057 ], [ 25909381639 ],,,,,,,,,,, [ 7223129609144437 ],,,,,,,,,,,
  , [ 1136741907841 ],,,,,,,,, [ 598126560961 ],,, [ 22714235749, 45321117310801 ],,, 
  [ 3030792913 ],, [ 3899067401, 82808584007, 88761472123, 10690903594727 ],,,,,,,,, 
  [ 7330762073 ],,,,,,,, [ 3934141361 ],, [ 119847943489 ],, [ 126561202759 ],,,,,,,,,,, 
  [ 7520442151, 8718553871 ],, [ 4401272593 ],,, [ 176021915221 ],,,,,, [ 10164497869 ], 
  [ 1266899167 ],,,,, [ 35878480111 ],, [ 24554521841 ],,,,,,,,,,,,,,,, [ 2943658184961721 ],
  ,,,,,,,, [ 7965123079 ],, [ 2431519729 ],,,,,, [ 1926560039 ],,,, [ 1916483599 ],,, 
  [ 114971035189 ], [ 1984486631 ],, [ 8599809721 ],,,, [ 10911146143 ], [ 53608328941 ],,,, 
  [ 48470967372241 ],,,,,, [ 57880989217 ],, [ 2075696449 ], [ 2514373291 ],,, 
  [ 26018472349, 93792291662917 ],,,,,,,,,,,, [ 287278421438401 ],,,,,,,,,,,,, 
  [ 8832806481077 ],,, [ 1447916737 ], [ 175081141999 ],,,, [ 399607898317, 65983400133751 ],
  ,,, [ 181621334651 ],, [ 1673210821 ],,, [ 271477424191 ],,, [ 1257832621 ],,, 
  [ 1964469973 ],,,,,,,, [ 2012234689 ], [ 11670430801 ],,,, [ 59718461981 ],,,,, 
  [ 1419943027603 ],,,,,, [ 77547729421 ],,,,,,,,,,,,,,,,,,, [ 11961737507 ], [ 3779677441 ],
  ,,,, [ 1700576711 ], [ 8409683833, 3339224927693 ],,,,,,,,,,,,,,,, 
  [ 1826268529, 18716910610063 ], [ 12772422961 ],,,,,,,, [ 139827250963 ],,,,,,,,,,,,,,,,,, 
  [ 1274117617 ],,,,,,,,,,,, [ 12245966006383 ],,,, [ 2824048081 ],, [ 4732762627 ],,, 
  [ 74761911949951, 127379236351501 ], [ 6111597059 ],,,, [ 4779789601 ],, [ 2907586907 ],,,,
  ,,,,,,,,,,,,,,,,,,, [ 363528337610761 ],,,,,,,,,, [ 50998232641 ],,,, [ 1182291827 ],,, 
  [ 1644366791 ],,,,,,,,,,,,,, [ 4434377921 ],,,,,,,,,,,,,,,,,, [ 1088800829, 1874136359 ], 
  [ 15781571521 ],,,,,, [ 30025642793 ],,, [ 4484856473 ],,,, [ 751768593109 ],,,,, 
  [ 9791613473 ], [ 33515607637 ],, [ 25393147147 ], [ 93995176441 ],,, [ 138981457411 ],,,,,
  ,,, [ 37540038691 ],,,,,,,, [ 55506431569 ],,,,,,,,,,,,,,,,,,,, [ 12730754401 ],,,,,,,,,,, 
  [ 2115167181119 ],,,,, [ 37771478141 ], [ 2224263809 ],,, [ 5466945576349 ],, 
  [ 1206762749, 3166621247 ],,,, [ 3996272543 ], [ 6739452457 ],,,,, [ 113669321267 ],, 
  [ 14551626251 ], [ 134398401523 ],, [ 600386649601 ],,,,,,,,,,,,,,,,,,,,, [ 2876427943 ],, 
  [ 5628668959 ],,,,,,,,,,, [ 228812895499 ],,, [ 4717633031 ], [ 3057486589 ],,,,,,,,, 
  [ 57682853551 ],,, [ 2983559317 ],,,,,,, [ 2411203441 ],,,,, [ 1421537911, 6642142321 ],,, 
  [ 34844536477 ], [ 1038983533249 ],,,,,,, [ 8708290483 ], [ 76065484753 ],, [ 1123335737 ],
  , [ 31015161937 ],,,, [ 1387108381 ],,, [ 64707720941, 497465604211 ],, [ 36531237935551 ],
  [ 21307229873 ],,,,,,,,,,,,,,,, [ 1395381217 ],,, [ 2006275801 ],,, [ 302888674999 ],, 
  [ 1320852721, 1460096921 ],,, [ 8222429647 ],,,, [ 8883651187 ], [ 14489659313 ],,,, 
  [ 22062222113 ],,,,,,,,,,,,,,,,,,,, [ 48711247546721 ],,,,,,,,,,,,, [ 1328019271 ],, 
  [ 3039764813, 15840400283 ],,,, [ 2057679823 ],,,,,,,,,,, [ 349051119629 ], [ 7622331679 ],
  ,, [ 10118845324043 ],,,,,,,,,,,,,,,,,,,,, [ 75838452163 ],,,, [ 1648379352691 ],,,,,,,,,,,
  ,,,,, [ 1761332389 ],,,,,,,,,,, [ 4100069131 ],,,,, [ 283056388187 ],,,,, [ 10306538321 ],,
  ,,,,, [ 13513241851 ],, [ 1138328431 ],, [ 34183947541 ],,,,,,, [ 44945440121 ],,,,,,,,,,,,
  , [ 333141070027291 ],, [ 2868776881 ],,,,,,, [ 2854562609 ],,,, [ 233158826389 ],,,,,, 
  [ 12738984157 ], [ 2906583739 ],,,,,,,,,,,,,,,,,,, [ 12657523013 ], [ 45517942297 ],,,,,,, 
  [ 1760670497 ],,,,,,,,,,,,,,, [ 6209889017 ],,,, [ 3238000105391, 8466532944497081 ],,,,,,,
  ,,,,,,,,,, [ 2653926767 ],,,,,,,,,,,,,,, [ 12859212871 ],,, [ 38941476601 ],,,,,,,,, 
  [ 2943070939 ], [ 146469824521 ], [ 1107405391 ],,,,,, [ 1867092823 ],,,,, 
  [ 203936506567 ], [ 1443980701 ],, [ 1609134451 ],,,,,,,,,,,,,,,,,,,,,,,,,,,,,,,,,,,,,,,,,,
  ,, [ 3614245207 ],, [ 279531907842169 ],,,,,,,,,,,,,,,,, [ 3237372517 ],, [ 2918537981 ],,,
  ,,,,,,,,,,,,,,,,,,,,,,,,,,,,,, [ 388869253151 ],,,,,,,, [ 8403355927 ], [ 1332445393 ],,,,,
  ,,,,,, [ 2071160713 ],,,,,,,,,,,,,,,,,,, [ 6110059649497 ],,,,,, [ 4457679469 ],,, 
  [ 394114133129 ],, [ 149330453869 ], [ 550787965633 ],,,,,,,,,,,, [ 27009711569 ],,,,,,,,,,
  ,,,,, [ 20700287389 ],,, [ 68854167961 ],,,,, [ 1125442543 ],,,,,, [ 4764003661 ],,,,,,,, 
  [ 1566956579 ],,,,, [ 1298124689 ],,,,,, [ 1818641749, 11198086043 ],,,,,,,,,, 
  [ 3624674859457 ],,,,,,,,,,,,, [ 156088414621 ],,,,,,, [ 17014467313 ],,,,,,,, 
  [ 101711076289 ],,,, [ 133628825857 ],,,,,,, [ 8489250401 ],,,, [ 73318182103 ],,,,, 
  [ 3280141681 ], [ 3719635021 ],,,,,,,,,,,,,,,,,,,,,,,,,, 
  [ 6285969887, 14739467849, 134227061473 ],,,,,,,,,,,,,,,,,,,,,,,,,,,,,,,,,, 
  [ 113826615733 ],,,,,,,,,,,,,,,,,, [ 18779866447 ], [ 39650355553 ],,, [ 15367820651 ],,,,,
  ,,,,,,,,,,,,,,,,,,,, [ 2644905706901 ],,,,,,, [ 5240687323 ],,,,, [ 173835783287273 ],,, 
  [ 7102948273741 ], [ 5623544449, 34241858509 ], [ 1257032743 ],,,,,,,, [ 3007782751 ],,, 
  [ 47705923081 ],,, [ 40596388309 ],,,,,,,,,,,, [ 3967743979 ],,,,,,,,,,,,,,,,,,,,, 
  [ 828337666417 ], [ 19931884171 ],, [ 1721983033 ],,,,,,,,, [ 14472158977 ],,, 
  [ 169600427803 ],,,,,, [ 1387101691, 311512327704811 ],,,,,,,,,,,,,,,,,, [ 12912837697 ],, 
  [ 9094594081 ],,,,,,,,,,, [ 47044436561 ],,,, [ 1377897181, 3686030261 ], [ 2539474057 ],,,
  ,,,, [ 76866874421 ],,, [ 1397042219 ],,,, [ 10199182561 ],,,,,,, [ 1244036763289 ],,,,,,,
  , [ 71749656301 ],,,,,, [ 40459161601 ],,,,,, [ 69169136629 ],,,,,,,,,,,,,,,,,,,,,,,,,,,,,,
  ,,,,,, [ 1215819067 ], [ 4354757401 ],,,,,,,,,,,,,,,,,, [ 316333051303 ],,, 
  [ 153849207961 ],,,,,, [ 5098011091 ],,,,,, [ 45632714269 ],, [ 2177524483 ],,,,,,,,,,,,,,,
  ,,,, [ 8187598651 ], [ 1036576657 ],,,, [ 21344248729 ],,,, [ 255825550891 ],,,,,,,,,,,,,,,
  ,,,,,,, [ 253611822161 ],, [ 1894095013 ],,,,,,,,,,,, [ 3543716167 ],,, [ 1742269447 ],,, 
  [ 1191978397 ],,,, [ 1549921361 ],,,,,,,,,,,,,,,,,,,,,,,,,,,,, [ 13680951139 ],,,,,,,,,,, 
  [ 3786404329 ],,,,,, [ 174595685711 ],,,, [ 1738403767 ],,,,,, [ 3742605649 ],,,, 
  [ 5030225857 ],,,,,,,,,,, [ 5961991267, 153010795669 ],,, [ 3743001883 ],,,,,,,,,,,,,,, 
  [ 48321420811 ], [ 3044250529 ],,,,, [ 12912948954643 ],,,,, [ 2786882109197 ], 
  [ 1014141241 ],,,,,,,,, [ 98031307652263 ],,,,,,,,,,,,,, [ 8358237089 ], [ 5673751729 ],,,,
  , [ 1666954637, 22141318889 ],, [ 2995565281 ],, [ 4415985517 ],,,,,, [ 60538099249 ],,,,,
  , [ 167231312749 ],, [ 79217543497 ],,,,,,,,, [ 242940711296431 ], [ 2345808643 ],,,,,,,,,,
  ,,,,,,,,,,,, [ 4949625617 ],,,,,, [ 3475280579 ],,,,,,,,,,,,,, [ 12736231561 ],, 
  [ 219812930021 ],,,,,, [ 7332590849 ], [ 16264563607 ],,,,,,,,, [ 1091378593, 10509854437 ]
   ,,,,,, [ 12593048737, 1960160335153 ],,,, [ 37605592553 ],, [ 4522852104871 ],,,,,,,,,,,,,
  ,, [ 71120936323 ], [ 390312805973 ],,,, [ 19295590732567 ],,,,,, [ 4089402497 ],,,,,,, 
  [ 6235260769, 344847540907 ],,,,,,,,,,,,, [ 6850949786801 ],, [ 1198982929 ],,,,,,,,,,,,,,,
  ,,, [ 36771929041 ],, [ 105656769371 ],, [ 57519254189, 101540689049 ],,,,, [ 1525258453 ],
  ,,,,,,,,,,,,,,,, [ 21332307431 ],,,,,,,,,,,,,,,,,,,,,,,,, [ 2902844251 ],,,,,,, 
  [ 1264036463 ],,,, [ 1798410373 ], [ 1339772587 ], [ 6487169473 ],,,,,,,,,,,,,,,,,, 
  [ 2769428407, 4921904423 ],,,, [ 11080817411 ],, [ 16722718849 ],, [ 5578040563 ],, 
  [ 135131856637 ],, [ 67019258689 ],,,,,, [ 657528668509 ],,,,,,,,,, [ 2485681969 ], 
  [ 104366944531 ],,,,,, [ 7198698607 ],,,,,,,,, [ 479860187971 ],,,,,,,,,,,,,,, 
  [ 18179325991 ],,,,,,,,,,,,,,, [ 4625125741 ],,,,,,,,,,,,,,,,,,,,, [ 1740832783 ], 
  [ 14821378067 ],, [ 7517117389 ],,, [ 2863667899 ],,,,,,,,,,,,,,,,,,, [ 11762790514477 ],, 
  [ 4807616017 ],,,,,,,,,, [ 28314791851 ],,,,,,,,,,,,,,,, [ 10382802703103 ], 
  [ 5158930921 ],,,,,,,,, [ 108318810913 ],,,,,,,,,, [ 7797993757 ],,,,, [ 3873218311 ],,,,,
  , [ 12908750011 ],,,,,,,,,,,,,,, [ 1169350270981 ],,,, [ 19364186929 ],,,,,,,,,, 
  [ 182785695409 ],,,,,,,,,,,, [ 14856738653 ],,,, [ 1081696171 ],,,,,,,,, [ 1486334623 ], 
  [ 1368844541 ],,,, [ 18741827729 ], [ 279401815951 ],,,,,,,,,,, [ 37342016161 ], 
  [ 261431604877 ], [ 381573849863 ],,,,,,,,,,,, [ 12276891251 ],,,,,,,,,,,,,,,,,,,,,,,,,,,,,
  ,,,,,,,,,,,,,,, [ 5066445403 ],,,,,,,,,,,,,,,,,, [ 6133492801, 42379765777 ],,, 
  [ 211033397251 ],,, [ 16388199241 ],,,,,,,,,,,,,, [ 12903971455957 ],,,,,,,,,,,,,,,,,,,,,,,
  ,,,,,,,,,,,, [ 2954522299 ],,,,,,, [ 1669674511 ],,,, [ 46273218847 ],, [ 9462380981 ],, 
  [ 1105112467 ],,,,,,,,,,,, [ 297347348953 ],,,,,,,,,,,,,,,,,,,,,,,,,,,,,,,,,, 
  [ 6745316737 ],,,,,,,,,,,,,, [ 33799686203, 154864219421 ],,,,,,,, [ 468917403601 ],, 
  [ 102131842013 ],, [ 29893098929 ],,,,,,,,,,, [ 2441425141, 3100468141 ],,,,, 
  [ 3859243781 ],,,,,, [ 48167607616217 ],,,,,,,,,,,,,,,,,,,,,,,,,,,,,,,,,, [ 5112708121 ],,,
  , [ 31213734007 ],,,,,,,,,,,,,, [ 2584753921 ],, [ 11266192681 ],,,,,,,,,,,,,,,,,,, 
  [ 6667406929, 14610643867 ],,,,,,,,,,,,,,,,,,,,,,,,,,,,,,, [ 9174537601 ],,,,,,,, 
  [ 4421653861, 17553330331993 ],,, [ 7911698383 ],,,,,,,,, [ 38111950801 ],,,,,,,,,, 
  [ 11801136931, 106644364768021 ],,,,,,,,,,,,,,,,,,,,,,,,,,,,,,,, [ 9507380874223 ],,,,,,,,,
  ,,,,,,,,,,,,,,,,, [ 7998719569 ],,,,,,,,,,,, [ 1605355841 ],,,,,,,,,,,,,,,,,,,,,,,,,,,,,,,,
  ,, [ 190447104811 ],,,,,,,,,,,,,,,,,,,, [ 114817800319 ],,, [ 9626377469 ], 
  [ 71688941437, 113380477729 ],,,,,,,,,,,,,,,,,,,,,,,,,,,,,,,,,,,,,,,, 
  [ 1521306151, 3737344943, 7122153371 ],,,,,,,,,,,,,,,,,, [ 29159611729 ],,,,,,,,,, 
  [ 1207358351 ],,,, [ 1148535931, 2411691901 ],,,,,,,,,,,,,,,,,,,,,,,,,,,,,, 
  [ 19910887681, 25298725059841 ],, [ 2958678097 ],,,, [ 1005144409 ],,,,,,,,,,,,,,,,,, 
  [ 14614478761 ],, [ 49600424329 ],,,,,,,,,,,,,,,,,,, [ 1659128101, 1567837585231 ],,, 
  [ 35050214149201 ],,,,,,,,,,,,,,,,,,,,,,,,,,,,,,,,,,,,,, [ 191411815921 ],,,,,,,,,,,,,, 
  [ 17565694121 ],,,,,, [ 2385858143 ],,,,,,,,,, [ 663277664453 ],,,, [ 1035896401 ],,,,,,,,,
  ,,,,, [ 79216074739 ],,,,,,,, [ 6646276561, 21333218567 ],,,,,,,,,,,,,,,,,, 
  [ 13187145304001 ],, [ 1320757112533 ],,,,,,,,,,,,,,,,,,,,,,,, [ 1334228479 ],, 
  [ 127783414037 ],,,,,,,,,, [ 12042644503 ],,,,,, [ 4663124269 ],,,,,,,,,,,,,,,,,,,,,,,,,,,,
  ,,,,,,,,,,,,,,,,,,,,,,, [ 11541454471 ],,,,,,,,, [ 97856424433 ],,,,,,,,,,,,,,,,,,,,,,,,,,,
  ,,,,,,,,,,,,,,,,,,,,,,,,,,,,, [ 17293407041 ],,,,,,,,,,,,,,,,,,,,,,,,,,,,,, [ 1522490971 ],
  ,,, [ 1704729903949 ],,,,,,,, [ 29202013303 ],,,,,,,,,,,,,,,,,,,,,,,,,,,,,,,,,,,,,,,,,,,,,,
  ,,,,,,,,,,,,,,,,,,,,,,,,,,,,,,,,,,,, [ 116491937437 ],,,,,,,,,,,,,,,,,, [ 4171920427 ],,,,,
  ,,, [ 52791884071 ],, [ 2937248161 ],,,,,,,,,,,,,,,,, [ 1181349469 ],,,,,,,,,,,,,,,,,,,,,,,
  ,,,,,,,,,, [ 20159968813 ],,,,,,,,,,,,,,,,,,,,,,,,,,,,,,,,,,,,,,,,, 
  [ 1438962043, 5846197729 ],,,,,,,,,,,,,,,,,,,,, [ 2567786929 ],,,, [ 7095276649 ],,,,,,,,,,
  ,,,,,,,,,,,,,,,,,,,,,,,,,,,,,,,, [ 28499589091 ],,,,,,,,,,,, [ 4364526781 ],,,,,,,,,,,,,,,,
  ,,,,,,,,,,,, [ 14984222441 ],,,,,,,,,,,,,,,,,,,,,,,,,,,,,,,,,,,,,,,,,,,,,,,,,,,,,, 
  [ 9204501769 ],,,,,,,,,,,,,,,, [ 3500466521 ],,,,,,,,,,,,,,,,,, [ 4627656456281 ],,,,,,,,,,
  ,,,,,, [ 2868081686521 ],,,,,,,,,,,,,,,,,,,,,,,,,,,,,,,,,,,,,,,,,,,,,,,,,,,,,,,,,,,,,,,,,,,
  ,,,,,,,,,,,,,,,,,,,,,,,,,,,,,,,,,,,,,,,,,,,,,,, [ 20250213121 ],,,,,,,,,,,,,,,,,,,,,,,,,,,,
  ,,,, [ 7433963321 ],,,,,,,,,,,,,,,, [ 24575562313 ],,,,,,,,,,,, [ 47145745837 ],,,,,,,,,,,,
  ,,,,,,,,,,,,,,,,,,,, [ 27991026941 ],,,, [ 2795844589777 ],,,,,,,,,,,,,,,, [ 1402399681 ],,
  ,,,,,,,,,,,,,,,,,, [ 40062617821 ],,,,,, [ 8273635471 ],,,,,,,,,,,,,,,,,,,,,,,, 
  [ 80754834091 ],,,,,,,,,, [ 1087050301, 481385417801 ],,,,,,,,,,,,,,,,,,,,,,,,,,,,,, 
  [ 3606564631561 ],,,,,,,,,, [ 39863201561 ],,,,,,,,,,,,,,,,,,,,,,,,,,,,,,,,,,,,,,,,,,,,,, 
  [ 2198028241 ],,,,,,,,,,,,,,,,,,,,,,,,,,,,,,,,,,,,,,,,,,,,,,,,,,,,,,,,,,,,,,,,,,,,,,,,,,,,,
  ,,,,,,,,,,,,,,,,,,,,,,,,,,,,,,,,,,,,, [ 325543653901 ],,,,,,,,,,,,,,,,,, [ 9586085653 ],,,,
  ,,,,,,,,,,,,,, [ 1642035697, 4484380273 ],,,,,,,,,,,,,,,,,, [ 984841050133 ],,,,,,,,,,,,,,,
  , [ 5006291951 ],,,,,,,,,,,,,,,,,,,,,,,,,,,,,,,, [ 98663285629 ],,,,,,,,,,,,,,, 
  [ 12266512987 ],,,,,,,,,,,,,,,,,,,,,,,,,,, [ 50468990161 ],,,,,,,,,,,,,,,,,, 
  [ 44249447191 ],,,,,,,, [ 3505488061 ],,,,,,,,,,,,,,,,,,,,,,,,,,,,,,,,,,,,,,,,,,,,,,,,,,,,,
  ,,,,,,,,,,,,,,,,,,,,,,,,,,,,,,,,,,,,,,,,,,,,,,,,,,,,,,,,,,, [ 119965533481, 410422515049 ],
  ,,,,,,,,,,,,,,,,,,,,,,,,,,,,,,,,,,,,,,,,,,,,,,,,,,,,,,,,,,,,,,,,, [ 846487200409 ],,,,,,,,,
  ,,, [ 355902597961 ],,,,,,,,,,,,,,,,,,,,,,,,,,,,,,,,,,,,,,,,,,,,,,,,,,,,,,,,,,,,,,,,,,,,,,,
  ,,,,,,,,,,,,,,,,,,,,,,,,,,,,,,,,,,,,,,,,,,, [ 1630294669 ],,,,,,,,,,,, [ 1255079239 ],,,,,
  , [ 2751761689, 71891820073 ],,,,,,,,,,,, [ 2077217869 ],,,,,,,,,,,,,,,,,,,,,,,,,,,,,,,,,,,
  ,,,,,,,,,,,,,,,,,,,,,,,,,,,,,,,,,,,,,,,,,,,,,,,,,,,,,,,,,,,,,,,,,,,,,,,,, [ 8430232273 ],,,
  ,,,,,,,,,,,,,,,,,,,,,,,,,,,,,,,,,,,,,,,,,,,,,,,,,,,,,,,,,,,,,,,,,,,,,,,,,,,,,,,,,,,,,,, 
  [ 104229559039 ],,,,,,,,,,,,,,,,,,,,,,,,,,,,,,,,,,,,,,,,,,,,,,,,,,,,,,,,,,,,,,,,,,,,,,,, 
  [ 15961537681 ],,,,,,,,,,,,,,,,,,,,,,,,,,,,,,,,,,,,,,,,,,,,,,,,,,,,,, [ 1512404713 ],,,,,,,
  ,,,,,,,,,,,,,,,,,,,,,,,,,,,,,,,,,,,,,,,,,,,,,,,,,,,,,,,,,,, [ 3267257473 ],,,,,,,,,,,,,,,,,
  ,,,,,,,,,,,,,,,,,,,,,,,,,,,,,,,,,,,,, [ 9672330529, 1627454378593 ],,,,,,,,,,,,,,,,,,,,,,,
  , [ 483505484617 ],,,,,,,,,,,, [ 472400819281 ],,,,,,,,,,,,,,,,,,,,,,,,,,,,,,,,,,,, 
  [ 5805578881 ],,,,,,,,,,,,,,,,,,,,,,,,,,,,,,,,,,,,,,,,,,,,,,,,,,,,,,,,,,,,,,,,,,,,,,,,,,,,,
  ,,,,,,,,,,,,,,,,,,,,,,,,,,,,,,,,,,,,,,,,,,,,,,,,,,,,,,,,,,,,, [ 38849038201 ],,,,,,,,,,,, 
  [ 2020785875461 ],,,,,,,,,,,,,,,,,,,,,,,,,,,,,,,,,,,,,,,,,,,,,,,,,,,,,,,,,,,,,,,,,,,,,,,,,,
  ,,,,,,,,,,,,,,,,,,,,,,,,,,,,,,,,,,,,,,,,,,,,,,,,,,,,,,,,,,,,,,,,,,,,,,,,,,,,,,,,,,,,,,,,,,,
  ,,,,,,,,,,,,,,, [ 3678131851 ],,,,,,,,,,,,,,,,,,,,,,,,,,,,,,,,,,,,,,,,,,,,,,,,,,,,,,,,,,,,,
  ,,,,,,,,,,,,,,,,,,,,,,,,,,,,,,,,,,,,,,,,,,,,,,,,,,,,,,,,,,,,,,,,,,,,,,,,,,,,,,,,,,, 
  [ 60986244313 ],,,,,,,,,,,,,,,,,,,,,,,,,,,,,,,,,,,,,,,,,,,,,,,,,,,,,,,,,,,,,,,,,,,,,,,,,,,,
  ,,,,,,,,,,,,,,,,,,,, [ 1908931291 ],,,,,,,,,,,,,,,,,,,,,,,,,,,,,,,,,,,,,,,,,,,,,,,,,,,,,,,,
  ,,,,,,,,,,,,,,,,,,,,,,,,,,,,,,,,,,,,,,,,,,,,,,,,,,,,,,,,,,,,,,,,,,,,,,,,,,,,,,,,,,,,,,,,,,,
  ,,,,,,,,,,,,,,,,,,,,,,,,,,,,,,,,,,,,,,,,,,,,,,,,,,,,,,,,,,,,,,,,,,,,,,,,,,,,,,,,,,,,,,,,,,,
  ,,,,,,,,,,,,,,,,,,,,,,,,,,,,,,,, [ 25950394801 ],,,,,,,,,,,, [ 1029304249 ],,,,,,,,,,,,,,,,
  ,, [ 7146631990647931 ],,,,,,,,,,,,,,,,,,,,,,,,,,,,,, [ 78773399641 ],,,,,,,,,,,,,,,,,,,,,,
  ,,,,,,,,,,,,,,,,,,,,,,,,,,,,,,,,,,,,,,,,,,,,,,,,,,,,,,,, [ 10118582293 ],,,,,,,,,,,,,,,,,,,
  ,,,,,,,,,,,,,,,,,,,,,,, [ 5214406261 ],,,,,,,,,,,,,,,,,,,,,,,,,,,,,,,,,,,,,,,,,, 
  [ 8806999321 ],,,,,,,,,,,,,,,,,,,,,,,,,,,,,,,,,,,,,,,,,,,,,,,,,,,,,,,,,,,,,,,,,,,,,,,,,,,,,
  , [ 1134872462461 ],,,,,,,,,,,,,,,,,,,,,,,,,,,,,,,,,,,,,,,,,,,,,,,,,,,,,,,,,,,,,,,,,,,,,,,,
  ,,,,,,,,,,,,,,,,,,,,,,,,,,,,,,,,,,,,,,,,,,,,,,,,,,,,,,,,,,,,,,,,,,,,,,,,,,,,,,,,,,,,,,,,,,,
  ,,,,,,,,,,,,,,,,,,,,,,,,,,,,,,,,,,,,,,,,,,,,,,,,,,,,,,,,,,,,,,,,,,,,,,,,,,,,,,,,,,,,,,,,,,,
  ,,,,,,,,,,,,,,,,,,,,,,,,,,,,,,,,,,,,,,,,,,,,,,,,,,,,,,,,,,,,,,,,,,,,,,,,,,,,,,,,,,,,,,,,,,,
  ,,,,,,,,,,,,,,,,,,,,,,,,,,,,,,,,,,,,,,,,,,,,,,,,,,,,,,,,,,,,,,,,,,,,,,,,,,,,,,,,,,,,,,,,,,,
  ,,,,,,,,,,,,,,,,,,,,,,,,,,,,,,,,,,,,,,,,,,,,,,,,,,,,,,,,,,,,,,,,,,,,,,,,,,,,,,,,,,,,,,,,,,,
  ,,,,,,,,,,,,, [ 102864356401 ],,,,,,,,,,,,,,,,,,,,,,,,,,,,,,,,,,,,,,,,,,,,,,,,,,,,,,,,,,,,,
  ,,,,,,,,,,,,,,,,,,,,,,,,,,,,,,,,,,,,,,,,,,,,,,,,,,,,,,,,,,, [ 169928708401 ] ]);
