BRENTFACTORS[143]:=[ ,,,,,,,,,,,,,,,, [ 2205863564999 ],, 
  [ 18405686461, 85137777161 ],,,, [ 111224168201 ],, [ 11490866351 ],, 
  [ 3588552127, 30166390981 ], [ 1261049192761 ], [ 17867038167083266691 ],, 
  [ 1108682017, 6652052851 ], [ 1607005601 ],,,,, 
  [ 326867396003, 3196275771347 ],, [ 1813972428451, 5622246470959 ],,,, 
  [ 15326882356249421 ], [ 4290019229, 5273349203189 ], 
  [ 18149357791, 105208682329221841 ], [ 5912214907, 33027286771 ], 
  [ 50859190548116601029867 ],,,, [ 22243824322133214294847 ], 
  [ 373673488670249 ], [ 36248880209 ],,, [ 228093990693241 ], 
  [ 353301719917 ], [ 177079283743, 4087991220791 ], 
  [ 1528368097, 6651780361, 984054385763438492324516043382325039805377233 ], 
  [ 8255475938341 ], 
  [ 655030749977, 24524826732803, 1118430328044576997, 1973538992103441317, 
      70550477745719848161659357 ], [ 4398689077799, 1447872211001663 ], 
  [ 5051852947, 78185395044658445918837401 ], 
  [ 227905918061257033166045452933249 ], [ 1756168232527243471 ], 
  [ 1211865997, 92358251569 ],, [ 2927854380072521, 2500106888866957681 ],, 
  [ 25479049681, 344011156052905181 ], 
  [ 702041936033, 93536016110486933, 7532694481314266777363405280937534171651\
5604333 ], [ 9598624993 ], [ 9438760998803, 99805975803790199 ], 
  [ 2043227161611973537 ], [ 140938492767894574841088547720116451 ],,,, 
  [ 7456043701, 46525197293 ],,, [ 250747713110769346926743 ], 
  [ 11278328530577, 195652972573733 ], [ 973093891799989, 30140751672413341 ]
    , [ 11544292681, 6078546429731, 1553846519554485167651 ], 
  [ 4072515553, 1202667142933 ],, 
  [ 2210331312312734888201, 19227044942313060161850113 ], 
  [ 117890623727964313 ],, [ 683129512157 ], 
  [ 38280627577, 1213158129581173, 3958538253984701 ], 
  [ 120648717663190207, 6410815293419367501328969, 
      6529491861392091772240741038199 ],, [ 2973431209118131 ], 
  [ 85521681006241, 882800366422753168129 ], [ 751955230154437 ], 
  [ 1456992506501207248909118373796507 ],, 
  [ 1848947546275107701, 5327946889125423075772201 ],, [ 52401197733290641 ],
  [ 151263996883 ], [ 493670824921 ],,,, [ 3230601240067808797842733176229 ],
  [ 103577655481 ], [ 1005597193212742043886040164772831 ],, [ 56795781281 ],
  ,, [ 43779332981 ], [ 5574602670691115104469 ],, 
  [ 421684526713, 16035197186081078339, 
      11752925632651026098318504981833581797 ], [ 1343416229 ], 
  [ 2076160321, 451712131408921 ],, [ 763055664251 ], [ 39573771250213 ], 
  [ 12928553101, 41458900667763726319717 ],, 
  [ 10544104410841, 42610554461287, 567165215101591, 1204895662025833 ],, 
  [ 10667322619424648115714718930817 ], [ 48948172027 ], 
  [ 6633284321, 121105613201 ],, [ 117988236829, 5242554080566618934977 ], 
  [ 337675706157637 ], [ 1576043279 ], [ 3848554378571507326621 ], 
  [ 7215435257, 27385448524921 ],, [ 578458609695433 ],, 
  [ 2064735401, 20976105866049871714125761 ], [ 54163115653 ], 
  [ 1006594253129617 ], [ 561735407377, 2027954953244221 ], 
  [ 36076777035471649 ], [ 137335694409943811 ], [ 12652828644399622163 ],, 
  [ 20563064416529 ],, [ 27799941712472890805476750478685843927901 ],, 
  [ 47050769837257, 384708542696102368451401 ], [ 20855357942230153 ], 
  [ 204136805520821715069529 ], [ 6710401051, 6963016069291 ],,,,, 
  [ 108209573012334952217441281, 1323858192244954812616311758081, 
      136148072187742510131511868704150241 ],, [ 3904208261955623785987 ],,,
  , [ 3133752430908444637 ],, 
  [ 5086584546610057, 2171336173245173593, 99186847344584357480978531593 ],, 
  [ 63582647696621, 22019053222956135901, 1926437228935225613035591 ],,,, 
  [ 13257829093573, 2062926410680519, 36139748810951232043477, 
      260646706316846831613690649 ], 
  [ 9425477251, 514393605601, 9230027326801 ], [ 43784087396017 ],, 
  [ 855634440503, 19319766319163, 69196028850827 ],, 
  [ 4210855444239013621, 11669559698985267490428908155715339041 ],, 
  [ 64213283058184173801141766513 ],,,, [ 416871089191 ],,, 
  [ 63684940854527119 ],,, [ 19629020323459201 ],,,, [ 18934582641101 ],,,, 
  [ 10067846401, 60039940801, 18038812963989320201 ],, [ 87413298339179 ],,,,
  ,, [ 699283813489 ],, [ 427838914861, 39986499708505929395525543311 ],,,,,
  , [ 32937619249, 19624104809867521, 131717917120076713 ],,,, 
  [ 12337310825457641 ],, 
  [ 13541655178501, 132336117203767, 225466228261696789 ],, 
  [ 9414747965057, 26526200983293954881 ],,,, [ 613264363897 ],, 
  [ 22026161596091, 22059696198691 ], [ 5871406003, 111638945289103 ], 
  [ 700388536366858849 ],, [ 40770964780897807 ],, [ 44664393581 ],, 
  [ 68693688673 ],, [ 106999509815761441 ],, [ 22039181668219 ],,,, 
  [ 59625497959, 243600564709 ],, [ 457812736057 ],,,, [ 104283726121 ],, 
  [ 203679719641, 2473278428339 ],,,, [ 6888707406610717126774081 ],, 
  [ 247813119061, 30379259951377481 ],,,,,, [ 11086409447, 4772453333411 ],,,
  ,,,,,,, [ 3645187477, 4239415753 ],,,, [ 5936618521 ],,,,,, 
  [ 110289395659873 ],,,,,,,, [ 111183179779897 ],,,,,,,,,,,,,,,,,,,,,,,, 
  [ 23359308266731 ],,,,,,,,,,,, [ 268813903381 ],,,,,,,,,,,,,,,,,, 
  [ 3589474637413337329 ],,,,,, [ 14422973966063203 ],,,,,,,,,,,,,,,,,,,,,,,
  , [ 3817531899920273473 ],,,,,, [ 50675174476417 ],,,,,, 
  [ 3597912631, 2069198438022301 ],,,,,,,,,,,,,,,,,,,,,,,,,,,,,, 
  [ 9610118701 ],,,,,,,,,,,,,,,,,,,,,,,,,,,,,, [ 31722897601 ],,,,,,,,,,,, 
  [ 6938100753739 ],,,,,,,,,,,,,,,,,, [ 497974981921, 99493337818047435841 ] 
 ];
