BRENTFACTORS[5999]:=MakeImmutable([ ,,,,,,,,,,,,,,,, [ 107650331938627 ],, 
  [ 40185538921511, 207347943952909 ],,,,, [ 4031008633 ],, [ 3036403241 ], 
  [ 1675981804959023797 ],, [ 52284854245642809571662776551 ],,, [ 29991849409 ], 
  [ 16047121986721684428473580997 ],,,, [ 18791515576062953974727364316803732768298410268787 
     ], [ 109217213221 ], [ 11696877427, 46719909098851 ], [ 792652305655833725881 ], 
  [ 1726586354787463431150869993 ],, [ 1285897027, 10966851156881, 3213525531182491303 ], 
  [ 18754653255977 ],, [ 501406491829795015501 ], [ 5690350666003 ], 
  [ 40262339457605421186049 ], [ 510675835181, 43476502685580136481 ], 
  [ 200416950710062301 ], [ 63753720189612463, 1645851645330532267 ], 
  [ 1634257182065526415021, 1039004781354210464100737 ], [ 6154000343, 8793678572824283 ], 
  [ 2545577659, 4329811153, 627055232707 ], 
  [ 899036475302495311, 19993351031286895342870013401 ], 
  [ 254822477000449, 959045048120471033, 61907215900965388951537 ], 
  [ 14324850732394663, 106558303001992100848857337421403465491079639843363439 ], 
  [ 75870010477190417929369, 11825691670130495618340364754011 ], 
  [ 23995143533, 53499518472567788820782083331 ],, [ 1432965397 ], [ 2155042092186725411057 ]
   ,, [ 14443316660284253820479600058943852200997992050348642369 ], [ 1221182850031 ], 
  [ 58041728578574847137606952102133 ], [ 241468011435267887371 ], 
  [ 1117282054961080490304821, 5908521234530248028672821125615800780838001 ], 
  [ 85071759258676702987, 122039685086743985932951 ], [ 23321142323059594139262159161637871 ]
    , [ 144377469397836187 ], [ 6441148478377, 92817900999497234132734494510361 ], 
  [ 5241505273223284739 ], 
  [ 26649285045903489803199007209957979, 38688217405069262822602901515910120424059 ], 
  [ 2998879487039510461098545551 ], [ 716909158678300846402468937 ], [ 2285349563729 ], 
  [ 179701474668613 ],, [ 213433480631521 ],, [ 149927346630766721 ], [ 1311255083 ], 
  [ 161242930129, 19028081741488429, 1468802941040875015147127351293 ], [ 130769312161 ], 
  [ 2056113114565897, 416454402802760731, 28440807836409442127879742547, 
      1960054194373004795766270771006165945759983821 ],,, 
  [ 14688842884543, 250806492764962023209, 209116937637307558416502643 ], [ 6949448711281 ],
  , 
  [ 12069330592230208834573, 3558184636941310679048377, 
      1201667496740722900861643271144075419481094157 ], [ 7420114514609851 ], 
  [ 6720253829, 436700200035943566887 ], [ 670351047772321 ], [ 734719464620394431617 ], 
  [ 254977808163709 ],, [ 599905666214360604494781889681 ], 
  [ 366526817201, 243821253677023537564601 ], [ 321408180221657232870029 ], 
  [ 2810125399, 6394771527624977996929 ],,, 
  [ 10950833839664637871, 4911532653212169215753969581 ], 
  [ 186306494384082879167472257, 8150362342400731314289625801 ],, [ 120766837759187761 ], 
  [ 35625353012707, 328906962104095320871 ], [ 91221815044730085539580571 ], 
  [ 92103885445960957 ],, [ 29432364653, 10920351908309155127 ], 
  [ 7762582890804954284185021 ],, [ 4659978101, 28473430314097 ], [ 18519633289 ], 
  [ 4493067947, 16366346537 ], [ 1208441431, 21183524629, 61663339671014159737 ], 
  [ 376281539041 ], [ 64389563059683109337, 82745566303840697496713 ],,, [ 16117900173337 ], 
  [ 507034018501 ], 
  [ 10595303736163248993661, 30223735434265512796710365669906707406233497682129 ], 
  [ 319072902367, 1712414175820883, 38079985862061588091 ],, [ 8094429461059 ], 
  [ 4344029724061 ],, [ 2875497477997 ], [ 6033325876273207 ],,,, [ 27858090737 ],, 
  [ 4988331643, 1919337383340993221, 2539630661402948821667 ],,, 
  [ 23414353873, 281830854539508983 ],, [ 1991056602529 ], 
  [ 9120514211, 634070480861, 2441344121591095151 ],, 
  [ 574312116463, 4534710488170235538999541, 556474883285196921357914911 ],,, 
  [ 2211857251, 669465045687132929154598344151 ],, [ 3307081122953, 32026429316421641 ], 
  [ 34885892611, 19556087071197898501073718409 ],, [ 97272493249448947771721 ],,, 
  [ 7810135625647, 41861828678914565663 ], [ 105074062084010379949 ],, 
  [ 1834949201, 6372828146193310064663 ], [ 1823867660053 ], 
  [ 31078436234165674933, 83354681087167692263329 ], [ 3288165889 ], [ 55633215185625661 ], 
  [ 813978795023, 43571137553072219 ], [ 5637108551677, 203227530115019 ], 
  [ 6820090780557601 ], [ 1351463257 ], [ 116189980145818811 ], 
  [ 637736736943, 1154044977499 ],, [ 47415437603 ], [ 40559794633 ], [ 435785741633166751 ],
  [ 172348821569, 88616850735064609, 341261353903579159530481 ],, 
  [ 158172360244237553272903723 ], [ 52892783033 ], [ 1003828391941861 ],, 
  [ 59373457935124639271057 ], [ 2012781499, 1697008477244449 ], 
  [ 33745663349729, 38069492744561 ], [ 52076362135771751 ], 
  [ 1084439309265657771342680940763 ],, [ 4386043573, 823845726373 ], 
  [ 2251109474017208226199 ], [ 822647515685716321, 366439312997468981911 ],,, 
  [ 75298546927524931528459 ], [ 5687852687291 ],, [ 1734946333 ], [ 22770199297 ], 
  [ 1771954912169443, 530860129619069595907 ],, 
  [ 318747380002215696601, 603188725617952449874601 ],, [ 6833201461 ], [ 1782764677 ], 
  [ 863717988906709 ],,, [ 7710933403 ], [ 836315144123220529 ], [ 546914466671 ], 
  [ 1871697661, 41170684613731, 96162137539236968631194801641 ],, 
  [ 103575692657, 417677460901381 ], [ 22783533863836873 ], [ 535783837919639 ], 
  [ 14131086097855351 ], [ 2322025349877702669571561 ],, [ 2039016390324097501411 ],, 
  [ 812539931506304321 ], [ 9789934168802737 ], [ 51848829493 ], [ 26112524618743 ], 
  [ 5330169062763553 ], [ 84205880506250026141951 ], [ 4440821316067 ], 
  [ 8457420721, 7551036853247803 ],,, [ 18584308055561 ],,,, 
  [ 62564200664941, 2526231220440767659, 740475261400511574455779 ], 
  [ 841277813450153279171 ], [ 1528959932789, 47716475440399605662213 ], [ 12289396540081 ], 
  [ 48020333825429029, 297419443048966548493, 77778499601103466480309 ], [ 124405766261653 ],
  , [ 361834404928880447 ],,, [ 9818722261 ],, [ 11008430167243 ], 
  [ 230567822603, 133923657244971647, 9229209628042829101 ], [ 10155670434947965392916249 ],
  , [ 483669149501 ], [ 13688179079 ], [ 1295304697, 33224690293957 ], [ 2610447929 ],, 
  [ 127072360296044071 ],, [ 184300073357 ], [ 96342919608386971348821781 ], 
  [ 2539905142559 ], [ 29608948981 ], [ 7716363941323 ], [ 327229940407764419108753401 ],, 
  [ 5631203284873, 272132414154536410729, 785374903621422822577 ], [ 39445679831 ], 
  [ 7794140747 ], [ 233559480594457 ], [ 1991583053062321, 59236726204015973293 ],, 
  [ 5619683691132404152771 ],, [ 96217429601, 425615213748301253846161 ], 
  [ 32235597406741, 753756533357647 ], 
  [ 34514590809011865056083, 8129987686573050175449938833 ], [ 54713065722151 ],, 
  [ 854433362353 ], [ 724929730757, 921035261474676053 ], [ 1156317733 ], 
  [ 377750929008601, 688115481096401, 3696871692748846921 ], 
  [ 260755725359, 361591773745108306703 ],, [ 19923464937809 ],, 
  [ 6275012011, 12313394442695581 ], [ 29650127615585204443, 144540400449971268601 ],,, 
  [ 593928091657, 16257547685421579059 ], [ 10629457028633441, 2553904466290114595101 ],, 
  [ 1910612941, 4197660166789093 ],,, [ 76985782396961 ], [ 5670040729 ],,, 
  [ 4231323335041661 ], [ 37576485601 ],,,, [ 230805906817091063489 ], 
  [ 7401226991, 146903445811 ], [ 3504203575563151, 6333257673897499 ], [ 6951169523 ], 
  [ 17471895910314172995361 ],, [ 10435242011 ],,,,, [ 101362826881 ], 
  [ 61268100821, 101130325007069 ], [ 20119732597 ], [ 71017138956121 ],,,, 
  [ 563594967894379 ], [ 2983105907 ], [ 124558679265373 ], [ 11855914201, 3087646264951 ],,
  , [ 1198876925428529, 226581856281269633 ], [ 121063548649 ],,,,,, [ 66477674080921 ],,, 
  [ 773940166248523 ],, [ 61772329354178581 ], [ 105126719501 ], [ 5033149021 ],,,, 
  [ 1453824877, 32971937701439498239 ], [ 270685090877 ], [ 25986179649049 ], 
  [ 67791442879 ],, [ 30125957582683 ], [ 1202110643704862723393 ],,,,, [ 37066221947539 ], 
  [ 303570996159793 ], [ 11018044589 ], [ 3270975444361, 72328115224392121 ],, 
  [ 8901623441, 103119053207, 1245762236507377 ],, [ 745468513105385161 ], 
  [ 8539041147006551 ], [ 1944896782697067709 ], [ 2258209721 ], [ 37135774241 ], 
  [ 1023488659 ], [ 164242191771631 ],, [ 55333587889, 74368303185721 ],,, 
  [ 5773647751, 107930017107001 ], [ 117730970109271206908137 ], 
  [ 57985845971, 89395497180048931 ], [ 22057359157 ],, [ 14217927545110361 ],, 
  [ 1325752887073 ],,,, [ 18110242817324823961, 794710675411960441859 ], 
  [ 254808577927, 3954695563009, 10499977118341 ],,, 
  [ 7780405231, 11477781901, 25494559750894261 ], 
  [ 700811934209, 1366770035359, 1425710240684011 ], [ 2309409296558125609 ],,,, 
  [ 612943942249 ],,,, [ 126015727270001 ],,,, [ 3604035521, 495011054753 ], [ 714709464841 ]
   ,,,,,,,,, [ 14948001665011, 54771766744680957421 ], [ 2279111941 ],,,,, 
  [ 82677132434544245641, 33805871726536179900841 ],,,,, [ 98296039151 ], 
  [ 9236778218351527 ],, [ 9122402273, 4673900394701 ],,,, [ 21556345537, 609782506129 ],, 
  [ 4747551933671 ],,,,, [ 12675788099987 ],,,,, [ 17989112437 ], 
  [ 556349528701, 4603341518491 ], [ 33844860256063, 868019345389277377 ],, 
  [ 3955776833, 4722097298689 ],, [ 6007440601, 30586083301 ], [ 3097635464419 ], 
  [ 145435796189199053 ], [ 17253101149 ],, [ 148942755081150941 ],, [ 106616621149 ], 
  [ 3305844001, 10253672857 ],, [ 1273878370301 ], [ 89127925249529 ],, [ 93218062630871 ], 
  [ 7029122081, 835806637777, 1193540278177290248993 ],, [ 31850465569427 ],,,,,,, 
  [ 39247436332501 ], [ 1400057119, 2940036667 ],,, [ 22752965827 ], [ 111156331607539171 ],,
  , [ 4042087349 ], [ 226575334314293 ],, [ 51593311001 ], [ 2159717611 ],,, 
  [ 7627159898737, 919587584748000593 ], [ 16557597703, 17915783467 ],, [ 230051936069 ], 
  [ 22489329349, 69468170605322953 ], [ 226022669177 ],,,, [ 87893818811 ],,, 
  [ 2292725793626501 ],, [ 3441756374636381, 2487202178744760087133 ],, [ 3264059737 ],, 
  [ 10109055727, 11496445081435699858463 ],, [ 18083056037 ], [ 3897297967 ], 
  [ 38134963891 ],,,, [ 673404848297, 4424484188207357 ],, [ 2467858526351653 ],, 
  [ 1380653534605274329 ],,,,,, [ 3979964449 ], [ 1805912851 ], 
  [ 63569637234641, 80333928804921360211 ],,,,, [ 165963899295829 ], [ 1641565801 ],,,,,, 
  [ 1661782649277203 ],,,, [ 10932938696615123 ],, [ 212753509398113 ],,,, 
  [ 889774231543837 ],,,,, [ 3955739509 ],,, [ 1350267377089 ],, [ 3367153612629397 ],, 
  [ 22076832462721 ], [ 5545506319 ],,, 
  [ 1997955431881, 2230388439701017, 61643148902044946449 ],, [ 241204603675685789 ],, 
  [ 63418371217, 159947018034705289033 ],, [ 2330104141 ],,,, [ 2547928729450777 ], 
  [ 1030728901 ], [ 32278789572025537 ], [ 1675575689, 14185758491 ],, [ 22482918559 ], 
  [ 36651717534041, 3437919204480925061 ],,, [ 73844203687 ], 
  [ 21786493709777, 110204187330233 ],,,,,, [ 10359124421 ],, 
  [ 2094268081, 6136885121, 265817908897 ],,,, [ 14871551729 ],, 
  [ 135723805932053, 40416602322128449 ],, [ 31138201201 ],,, [ 273551639833 ],,,, 
  [ 143289842809 ], [ 4883268737, 26823402978633761 ],,, [ 85621017379 ],,,, [ 9317189731 ],,
  ,,,,,,,,,,, [ 107220576457 ], [ 11445273937 ],,,,,,,,, [ 303403235081, 4429994975297 ],,, 
  [ 17630479369 ], [ 12848625913, 29087746579727293 ], [ 2700484261 ],,,,, [ 165554083657 ],
  , [ 2146077701 ],, [ 306513861659609 ],, [ 53623193101 ],,, [ 1086115609, 13684995210277 ],
  ,, [ 96185299981 ], [ 30087696773 ], [ 629775658950259 ],, [ 127903652713 ],, 
  [ 2330172829, 54533449130833 ],, [ 280764982481 ], [ 8763545431 ],,, [ 100631082322112161 ]
   ,, [ 2423128591924681 ],,,,,, [ 65288875361 ],,, [ 2047390853 ],,, [ 499197456311 ],, 
  [ 5287289633 ],, [ 2434238581 ],,,, [ 2326279145126999 ],,,,,,,,,,,,, [ 1381050973 ],, 
  [ 6599910841 ],,, [ 56894968769 ],,,,,, [ 155486129250953 ],, [ 653810636161 ],, 
  [ 6844043703577 ], [ 31340715031111 ],, [ 1280017951, 3914343151 ],,,,, 
  [ 15779404061, 1214264901197591 ],,,, [ 29402328313 ], [ 200097453735691 ], 
  [ 9413445889, 280473721537 ],, [ 14911918245379 ],, [ 7604732228761 ],,,,,, 
  [ 48530666699 ],,,,,,, [ 1745071477 ], [ 1498175381 ], [ 109986154631 ],, [ 1950657283 ], 
  [ 236087861695471 ],, [ 9676794241 ],,, [ 8943333589 ],, [ 114434093251 ], 
  [ 2164497691, 1310611124281 ], [ 31769676901 ],,, [ 1579282915981 ],, [ 98342191949 ],, 
  [ 163012158577, 4634941900447 ],,,, [ 35216675701 ], [ 20868119977 ],,, [ 2297426071 ],, 
  [ 6688648117201 ],,,,,,,,,,,,, [ 1095662999 ],,,,,,,,, [ 1333464821131 ],,,, 
  [ 98697291481, 309209805811 ], [ 9053643917 ],,,,, [ 1087530834673201 ],,,,,, 
  [ 42709503127 ],, [ 900085550393 ],, [ 750521125243, 5995329292009 ],, [ 119004622921 ],,,,
  , [ 4684742021 ], [ 35395126801, 902795185489 ],, [ 900050705137 ], [ 3167500951 ],,, 
  [ 274145076241 ],, [ 1361914793 ],,, [ 238068491438051 ],,,,,,,,, [ 220159889111 ],,,, 
  [ 1561237393, 12691214629237 ],,,,, [ 2246187059 ],,, [ 64625770641799 ],, [ 80536907809 ],
  , [ 93113240421361 ], [ 29292564419 ],,, [ 280106432467, 164701343013071 ],,,,,, 
  [ 32865550933601 ],, [ 1031557213 ], [ 1494491629, 34889696441 ], [ 3151025734117 ],, 
  [ 67816619561 ],,,,,,,, [ 2465832750709 ],,,,, [ 12671240355343 ], [ 93284229601 ],,,,,, 
  [ 2512646041 ],, [ 1162814617813, 29631241811393 ], [ 1405357633 ],,, [ 112812711889 ],,,, 
  [ 2511369943905209 ],,,,,, [ 443323264793 ],, [ 243727622997013 ],, [ 9493938780000683 ],,,
  , [ 263205611692381 ],, [ 6771288493 ], [ 832814754829 ],,, [ 2578725631873 ],,,, 
  [ 6534876011581 ],,,,,,,, [ 3097706977513 ],,,, 
  [ 2253903793, 23576374249, 1638227775625561 ],, [ 23497772707 ],,,,,,, [ 1080548401 ], 
  [ 4138362101173 ],, [ 1715025409 ],, [ 2582547871, 15944178139639 ],,,,,, [ 275975951473 ],
  , [ 312944948411 ],, [ 45519054001, 27470935340129201 ], [ 3183226229 ],,,,, 
  [ 335192584409 ],, [ 1992823369 ],,,,, [ 696214549033 ],,, [ 4487607617 ], [ 1499600797 ],,
  ,, [ 8509185631 ], [ 698143244546591 ], [ 15431714839 ],,, [ 4926691258087 ],,, 
  [ 1990046731 ],, [ 2904425653 ],,,,,,, [ 521428640111653 ],,,, [ 1282577183 ],,,,,,,, 
  [ 115208511949 ],,,,, [ 31915708171 ],,, [ 4054861484389 ],,,,,, [ 4493514481 ],,,,, 
  [ 3157707851 ],,,,,,,,,,,,,,, [ 11323986361 ],,,, [ 4244970577, 1253538038257 ], 
  [ 2272352161 ],,,, [ 44437158377, 1050271474909, 21880865005381 ],, [ 7895486971 ],,,,,,,,
  , [ 137714016241 ],,,,,,,,,,,,,, [ 4814122933 ],,,,,,, [ 1301194831 ],,,,,,,,,,,,,,,,, 
  [ 15176231747 ],,, [ 44039446819 ],,,, [ 8340057001 ],,,,,,,,,,,,,,, [ 4813967802361 ],,,, 
  [ 38603873881 ],,,,, [ 1140678943, 2355427021, 1067796146203 ],,,,,,,,,,,,,,,,,,,,,,,,, 
  [ 68284086359 ],, [ 1120431649 ],,, [ 5950731331 ], [ 62043094921 ],,,,,,,,,,,,,,, 
  [ 51792903691 ],,, [ 7143064219 ],,,,,, [ 4587857653 ],,, [ 31315885369 ],,,,,,, 
  [ 88462197539 ],,,,,,, [ 2032679287, 248597573137, 35564456826229 ],, [ 1946289539 ],,,,,, 
  [ 12875655371 ],,,,,,, [ 3411081901 ],,,, [ 59789208961 ],,,,, [ 93317613341011 ],,,,,, 
  [ 4632360427 ],, [ 1039168033 ],,, [ 4100137897 ],,, [ 2736738661 ],, [ 1163779423 ],,,,, 
  [ 1531330813, 21680975419 ], [ 2034338279 ],,,, [ 1098535469 ],,, [ 1579558709 ],, 
  [ 1396224721, 509738372309 ], [ 4175698057 ],,,,,,,,, [ 2848195507 ],,,,,,,,,,,,,,, 
  [ 10225024759 ],,,, [ 68158001971 ],,,,,,,,,,,,, [ 11869632539 ],, 
  [ 2852129281, 37330979401, 205916313241 ],, [ 6545474503 ],,,, [ 55667608231 ],,,,,,,,, 
  [ 1320096061 ],,,,,,, [ 2265326867 ],, [ 8482182913 ],,,, [ 75836458001 ],,, 
  [ 50830140187 ], [ 3568828433, 4394339353 ],,,,,, [ 1813398511, 12033172817 ],,, 
  [ 685190444243 ],,,,, [ 13324840973 ],,,,,,, [ 19444545780521 ],,,,,,,,,,,,,,,,,, 
  [ 138551345089 ],,,,,,,,,,,,,,, [ 22595651657 ],,,,,,,,,,, [ 4195524451 ], 
  [ 174873718854311 ],, [ 27311230621 ],,,,,,,,,,,,,, [ 2873520901 ],,,,,,, [ 52416720841 ],,
  ,,,,,, [ 7391598229 ],, [ 7662716491 ],,,,,,,,,,,,,, [ 155363337901 ],,,,,, [ 6247272277 ],
  ,,,, [ 146062170361 ],,,,,,, [ 5230045679 ],,,,,,,,,,, [ 105053078089 ],,,, [ 5702325749 ],
  ,,, [ 13691592149 ],,,,,,,,,,,,,,,,,,,,,,,, [ 8383847053 ],,, [ 294456605873 ],,,, 
  [ 1310209111, 126243092683 ],,,,,, [ 77754404521 ],,,,,,,,,,,,,,, [ 238681315321 ],,,,,,,,
  , [ 9596854387, 29717475301, 1898013019873 ],, [ 16759835401 ], [ 27678851119 ], 
  [ 56846538503 ],,,,,,,,,,,,,,,,,,,,,,,,,,,,, [ 7851354421 ],,,,, [ 1923393371 ],,,,,,,,,,,,
  , [ 6176784457 ], [ 2540269031 ], [ 52950098401 ],,,,,,,,,,, [ 6178818853 ],,,, 
  [ 2081348459 ],,,,,,,,,,, [ 3119657147 ],,,,,,,,,, [ 1228683184009 ],,,,,,,,,,,,,,,,,,,, 
  [ 26905347481 ],,,,,,,,,,,,, [ 4153919291 ],,,,,, [ 7801827577 ],,, [ 2099236987 ],,,,,,,,,
  ,,, [ 1185281033 ], [ 12367358389 ],,,,, [ 36413894177 ],,,,,,,,,,,,,,,,,,,,,,,,,,, 
  [ 11187585217 ],,,,,,,,,, [ 23961072631 ],, [ 1203903553 ],,,,,,,,,,, [ 17104494736453 ],,,
  , [ 281155814549 ],, [ 5633335969 ],,,,,, [ 9835993629961 ],, [ 1149400561 ],,, 
  [ 1468365253 ],,,, [ 78585407627 ],,,,, [ 3157287949 ],,,,, [ 4173953389 ],,,,,,, 
  [ 70517066401 ],,, [ 2130994549 ],,, [ 22747148277589 ],,,,,,,,,, [ 1440505681 ],,,, 
  [ 877074944201 ],,,, [ 6954080836033 ],,,, [ 222752040390193 ],,,,,, [ 605695913831 ], 
  [ 8105121601 ],,,,,,,,,,,,,, [ 1138288777 ],, [ 19772896579 ], [ 150744616013 ],,,, 
  [ 1700747910721 ],,, [ 62302131893 ],,,,,,,,,, [ 29991207541 ],,,,,,,,, [ 2114062723 ],,,,,
  ,, [ 1845686441, 52403629591 ],,,,, [ 2208676681 ],,,,,,,, [ 6092830537, 6282691273 ],,,,,,
  ,,,,,,, [ 2816504419 ],,,, [ 1475254721 ],,,,,,,,,,,,,,, [ 45873755051 ],,,,,,,,,, 
  [ 1270731041 ],, [ 4252076971 ],,,,,,,,,,,, [ 1288203811 ], [ 5793188941, 875259626971 ],,,
  ,,,,,, [ 3025251329 ],,, [ 31095075593 ],,,, [ 5285705599 ],,,, 
  [ 62475613451, 2687032932901 ],, [ 2705710339 ],,, [ 1504443601 ],, [ 3294093911 ], 
  [ 24512795011 ],,,,,,, [ 1609173701 ], [ 203929879297 ],,,, [ 10076972431 ],,,,, 
  [ 6336258001 ],, [ 200696718223 ],,,,, [ 1519250833, 504367063777 ],,, [ 37994927491 ],,,,
  , [ 1518032491 ], [ 3336939649 ],, [ 742947459167 ],,,,,,,,,, [ 10520414269, 63846122653 ],
  , [ 1223217101 ],,,,,,,,,,,,,,,, [ 1106777563 ],,,, [ 102643538951 ],, [ 183508456263157 ],
  ,,, [ 1564636561 ], [ 156124193633 ],,,,,,, [ 1229120257 ],,,, 
  [ 20095122037, 262935740057 ],,,,,,,,,,,,,,,,,,,,,,, [ 1381649161 ],,,,,,,,,,,,,,,, 
  [ 5107869467 ],,,,,,,,, [ 2196460901 ],, [ 84045770707 ],,,,,,,, [ 37955176109 ],,,, 
  [ 1760714195791 ],,,,,,,,,,,,,,,, [ 68489452657 ],,,,,,,, [ 841953064441 ],,,,,,,,,, 
  [ 4892613569 ], [ 496560117631 ],,,, [ 21062143909 ],,,,,,,,,,,,,,,,,,,,,,,,,,,,,, 
  [ 1812270667 ],,,,,,,,, [ 13627102561 ],,,, [ 8928684913 ],,,, [ 2379379033 ],,,,,,,, 
  [ 1567913329, 291612990577 ],,,,,, [ 1211264641 ],,,,, [ 142271767921 ],,, [ 9769713727 ],,
  ,,,, [ 112551686413 ],,,,,,,,,,,,,,,,,,,,,, [ 59731911823 ],,,,, [ 2464852561 ],,,, 
  [ 2995861051 ], [ 1045070921 ],,,, [ 7054107961, 191437329481 ],,,,,, [ 1155156949 ],,,, 
  [ 6673663142491 ],,,, [ 23520299417 ],,,,,,, [ 1148454176299 ],,,,, [ 22956405257 ], 
  [ 61315505983 ],,, [ 14718238921 ],,, [ 4413907153, 37101727387 ],,, [ 2554038481 ],,,,,, 
  [ 2296875961 ],,,,,,,,,,,, [ 25408199413 ],,,,,,,,,,,,,,, [ 1396475803 ], [ 1159556977351 ]
   ,,,,,, [ 31563994037 ],,,,,,,,,,,, [ 5325300481 ],,,,,,,,,,,,,,,,,, [ 411654683131 ],,,,,,
  ,,,, [ 90465779189 ],,,,,,,,,,,,,, [ 121268999671 ],,,,,,,,,,,,,,,,,, [ 1502218169 ],,,,, 
  [ 333202182013 ],,,,, [ 5890256761 ], [ 6665172373 ], [ 29649843001 ],,,,,,,,,,,,,,,,,,,,,,
  ,,,,,,, [ 29445081667 ],,, [ 3644909617 ],,,, [ 16015654409 ],,,, [ 1322256641 ], 
  [ 51271299019 ],,,,,,,,,,,,,,,,,,,,,,,,,,,,,,,,,,,,,,,,,, [ 2009776387 ],,,,,,,,, 
  [ 75882865153 ],,,,,,,, [ 5585769881, 8257273301 ],,,,,,,,,,,, [ 1332937673 ],,,,,,,,,,,,,,
  ,,,,,, [ 27921189617 ],,,,,, [ 14931685771 ],,,,,,,,,, [ 20686813093, 421532948281 ],,,, 
  [ 1640399041 ],,,,,,,,,,,,,,,,,,,,,, [ 28797810641 ],,,,,,,, [ 2647787371 ],,,, 
  [ 9908987791 ],,,,,, [ 9501662129 ],,,,,,,, [ 249024547201 ],, [ 59367544487 ], 
  [ 67252948099 ], [ 27289578013 ],,,,,,,,,,,,,,,, [ 6704237401 ],,,,,,, [ 7014113989 ],,,,, 
  [ 59775934577 ],,,, [ 1614824173 ],,,, [ 4432719892801 ],,,,,,,,,,,, [ 9928120055713 ],,,,,
  ,,,,,, [ 2788171531 ],,,,, [ 988726578097 ],, [ 2631878831 ],,,,,, [ 2414554682653 ],,,, 
  [ 25190964481 ],,,,,,, [ 1510114429, 2431878022423 ],,,,,,,,,,,,,,,,,,,,,,,,,,,,,,, 
  [ 1332050567 ],, [ 4412941921 ],,,,,,,,,,,, [ 17017917841 ],,,,,,,,,,,, [ 1827219937 ],,,,,
  ,,,,,,,,,,,,,,,,,,, [ 106355709721 ],,,,,,,, [ 3292869889 ],,,,,,,,,,,,, 
  [ 1088536963, 20121437899 ],,,,,,,,,,, [ 1459092601 ],,,, [ 3380372713, 19197346969 ],,,,,,
  ,,,,,,,, [ 3169693481 ],,,,,,,,,,,, [ 1605168041 ],,,,,,,,,,,,,,,,,,,,,,,,,,,,,,,,,,,,, 
  [ 1356098059 ],,, [ 3920384011 ],,,,,,,,,, [ 64604851081 ],, [ 239399105619841 ],,,,,,,,,,,
  ,,, [ 255559340550193 ],,,,,,,,,,,,,,,,,,,,,,,, [ 349916405921 ],,,,,,,,,, [ 4251941101 ],,
  ,, [ 3141775237, 6751565879 ],, [ 3202690849 ],,,,,, [ 19563318559 ],,,,,,,,,,,,,, 
  [ 9700233089 ],,,,,,,, [ 1311336121 ],,,,,,,,,, [ 5185360951 ],,,,,,,,,, [ 27705606769 ],,,
  ,,, [ 1151487871 ],,,,,, [ 2348169913 ],,,,,,,, [ 155004336749 ],,,,,,,,,,,,,,,,,,,,,,,,,,,
  ,,,, [ 6765633451 ],,,,,,,,,,,,, [ 4440395777 ],,,,,, [ 2160035879 ],,,,,,,,,,,,,,,,,,,, 
  [ 1054749460717 ],,,,,,,,,,,,,,,,,,,,, [ 1498774531, 2648723881 ],,,,,,,,,,,,,,,,,,,,, 
  [ 1432704073 ],,,,,,,,,,,, [ 21522447937 ],,,,,, [ 54608066941, 493120692439 ],,,,,,,,,,,,,
  ,,,,,,,,,,, [ 7496482782517 ],,,,,, [ 3148224769 ],,,,,,,,, [ 97455417949 ], 
  [ 65514458833 ],,,,,,,,,,,,,,,, [ 72080883491 ],,,,,,,,,,,,,,,,,,,,,,,,,,,,,,,,,,,,,,,,,,,,
  ,,,,,,,,,,, [ 46361375821, 160117765651 ],,,,,,,,,,,,,,,,,,,,,,,,, [ 1087239011 ],,,,,,,,,,
  ,,,,,, [ 4031221759 ],,,,,,,,,,,,,,,,,,,,,,,,,,,,,,,,,, [ 4240246081 ],,,,,, 
  [ 2715093019 ],,,,,,,,, [ 3207519001 ],,,,,,,,,,,,,,,,, [ 5942438017, 751471637633 ],,,,,, 
  [ 59362604669 ],,,, [ 3848250547 ],,,,,,,, [ 50498100071 ],,,,,,,,,,,,,,,,,,,,,,,,, 
  [ 74048143861 ],,,,,,,,,,,,,,,,,,, [ 381605311561 ],,,,,,,, [ 1375947667 ],,,,,,,,,,,,,,,,,
  ,,,,,,,,,,, [ 22887440941 ],, [ 2562918481 ],,,,,,,,,,,, [ 2937063313 ],,,,,,,, 
  [ 13552790441 ],,,, [ 3960461077 ],,,,,,,,,,,,,,,,,,,,,,,,,,,,,, [ 107980664401 ],,,, 
  [ 1003063151 ],,,,,, [ 3999842141 ],,,,,,,,,,,,,,,, [ 4618956773, 142244576921 ],,,,,, 
  [ 42077172661 ],,,,,,,,,,,,,, [ 2872217081 ],,,,,,,,,,,,,,,,,,,,,,,,,,,,,,,,,,,,,,,,,,,,,,,
  ,,,,,,,,,,,,,,,,, [ 7845180073 ],,,,,,,,,,,, [ 3059629189 ],,,,,,,,,,,,,,,,,,,,,,,,,,,,,,,,
  ,,,,,,,,,,,, [ 234813818497 ],,,,,,,,,,,,,,,,,,,,,,,,,, [ 98030362039 ],, [ 6994573274921 ]
   ,,,,,,,,,,,,,,,,,,,,,,,,,,,,,,,,,,,,,,,,,,,,,, [ 185549334739 ],,,,,,,,,,,,,,,,,,,,,,,,,,,
  ,,,,,,,,,,,,,,,,,,,,,,,,,,,,,,,,,,,,, [ 2198491741601 ],,,,,,,,,,,,,,,,,,,,,,,,,,,,,,,,,,,,
  ,,,,,,,,,,,,,, [ 21372588901 ],,,,,,,,,,,,,,,, [ 5129317777 ],,,, [ 7888639361 ],,,,,,,,,,,
  ,,,,, [ 4700910433, 6750657217 ],,,,,, [ 1958456557 ],,,,,,,,,, [ 10324090037873 ],, 
  [ 3968776099 ],,,,,,,,,,,, [ 1524391591 ],,,,,,,,,,,,,,,,,,,,,,,,,,,,,,,,,,,,,,,,,, 
  [ 1441693633 ],,,,,,,,,, [ 2899931231 ],,,,,,,,,,,, [ 69566839291 ],,,,,,,,,,,,,,,,,,,,,,,,
  ,,,,,,,,,,,,,, [ 11199045349 ],,,,,,,,,,,,,,,,,,,, [ 173771105593 ],,,,,,,,,,,, 
  [ 6605296801 ],,,,,,,,,,,,,,,, [ 20053736473, 25681934293 ],,,,,,,,,,,, [ 2709086689 ],,,,,
  ,,,,,,,,,,, [ 10990832833, 62787977617 ],,,,,, [ 1988115601 ],, [ 253695275641 ],,,,,,,,,,,
  , [ 8819454276169 ],,,,,, [ 3462455251 ],,,,,,,,,,,,,,,,,,,,,,,,,,,,,,,,,,,,,,,,,,,,,,,,,,,
  ,,,,,,,,, [ 2191220371 ],,,,,, [ 2178651049 ],,,,,,,,,,,,,,,,,, 
  [ 216650102749, 754993641097 ],,,,,,,,,,,,,,,,,, [ 5790885497377 ],,,,,,,,,,,,,,,,,,,,,,,,,
  ,,,,,,,,,,,,,,,,,,,,,,,,,,,,,,,,,,,,,,,,,,,,,,,,,,,,,,,,,,,,,,,,,,,,,,,,,,,,, 
  [ 2659256407 ],,,,,,,,,,,,,,,,,,,,,,,, [ 10459090507 ],,,,,,,,,,,,,,,,,,,,,, 
  [ 4802458181 ],,,,,,,,,,,,,,,,,,,,,,,,,,,,,,,,,,,,,,,,,,,,,, [ 30250540321 ],,,, 
  [ 2127161251 ],,,,,,,,,,,,,,,,,, [ 9860961793 ],,,,,,,,,,,,,,,,,,,,,,,,,,,,,,,,,,,,,,,,,,,,
  ,,,,,,,,,,,,,,,,,,,,,,,,,,,,,,,,,,,,,,,,,,,,,,,,,,,,,,,,,,,,,,,,,,,,,, [ 30962486101 ],,,,,
  , [ 1403159041 ],,,,,,,,,,,,,,,,,,,,,,,, [ 7994016769 ],,,,,,,,,,,,,,,,,,,,,,,,,,,,,,,,,,,,
  ,,,,,,,,,,,,,,,,,,,,,,,,,,,,,,,,,,,, [ 1189232353 ],,,,,,,,,,,,,,,,,,,,,,,,,,,,,,,,,,,,,,,,
  ,,,,,, [ 3537182501 ],,,,,,,,,,,,,,,,,,,,,,,,,,,,,,,,,,,,,,,,,,,,,,,,,, [ 1421913601 ],,,,,
  ,,,,,,,,,,,,,,,,,,,,,,,,,,,,,,,,,,, [ 1343404921 ],,,,,,,,,,,,,,,,,,,,,,,,,,,,,,,,,,,,,,,,,
  ,,,,,,,,,,,,,,,,,,,,,,,,,,,,,,,,,,,,,,,,,,,,,,,,,,,,,,,,, [ 1178858617 ],,,,,, 
  [ 30714347857 ],,,,,,,,,,,,,,,,,, [ 1818736747 ],,,,,,,,,,,,,,,,,,,,,,,,,,,,,, 
  [ 1414787713, 174187673089 ],,,,,,,,,,,,,,,,,,,,,,,,,,,,,,,,,,,,,,,,,,,,,,,,,,,,,, 
  [ 1396344259 ],,,,,,,,,,,,,,,,,,,,,,,,,,,,,,,,,,,, [ 308688552019 ],,,,,,,,,,,,,,,,,,,,,,,,
  ,,,,,,,,,,,,,,,,,,,,,,,,,,,,,,,,,,,, [ 4128368903821 ],,,,,,,,,,,, [ 19630550047 ],,,,,,,,,
  ,,,,,,,,,,,,,,,,,,,,,,,,,,,,,,,,, [ 475586507797 ],,,,,,,,,,,,,,,,,, [ 181586690143 ],,,,,
  , [ 15088691881 ],,,,,,,,,,,,,,,,,,,,,,,,,,,,,,,,,,,,,,,,,,,,,,,,,,,,,, [ 1366598881 ],,,,,
  ,,,,,,,,,,,,,,,,,,,,,,,,,,,,,,,,,,,,,,,,,,,,,,,,,,,,,,,,,,,,, [ 6631190641 ],,,,,,,,,,,,,,,
  ,,,,,,,,,,,,,,,,,,,,,,,,,,, [ 7774953833323 ],,,,,,,, [ 4350985871 ],,,, [ 2052001663 ],,,,
  ,,,,,,,,,,,,,,,,,,,,,,,,,,,,,,,,,,,,,,,,,,,, [ 23384181487 ],,,,,,,,,,,, 
  [ 5180918221, 11339956801 ],,,,,, [ 3695906761, 7989035521741 ],,,,,, [ 2234336821 ],,,,,,,
  ,,,,,,,,,,,,,,,,,,,,,,,,,,,,,,,,,,,,,,,,,,,,,,,,,,,,,,,,,,,,,,,,,,,,,,,,,,,,,,,,,,,,,,,,,,,
  ,,,,,,,,,,,,,,,,,,,,,,,,,,,,,,,,,,,,,,,,,,,,,,,,,,,,,,,,,,,,,,,, [ 86530725121 ],,,,,,,,,,,
  ,,,,,,,,,,,,,,,,,,, [ 2321081341 ],,,,,,,,,,,, [ 1425795211 ],,,,,,,,,,,,,,,,,,,,,,,,,,,,,,
  ,,,,,,,,,,,,,,,,,,,,,,,,,,,,,,,,,,,,,,,,,,,,,,,,,,,,,,,,,,,, [ 1508275048321 ],,,,,,,,,,,,,
  ,,,,,,,,,,,,,,,,,,,,,,,,,,,,,,,,,,,,,,,,,,,,,,,,,,,,,,,,,,,,,,,,,,,,,,,,,,,,,,,,,,,,,,,,,,,
  ,,,,,,,,,,,,,,,,,,,,,,,,,,,,,,,,,,,,,,,,,,,,,,,,,,,,,,,,,,,,,,,,,,,,,,,,,,,,,,,,,,,,,,,,,,,
  ,,,,,,,,,,,,,,,,,,,,,,,,,,,,,,,,,,,,,,,,,,,,,,,,,,,,,,,,,,,,,,,,,,,,,,,,,,,,,,,,,,,,,,,,,,,
  ,,,,,,,,,,,,,,,,,,,,,,,,,,,,,,,,,,,,,,,,,,,,,,,,,,,,,,,,,,,,,,,,,,,,,,,,,,,,,,,,,,,,,,,,,,,
  ,,,,,,,,,,,,,,,,,,,,,,,,,,,,,,,,,,,,,,,,,,,,,,,,,,,,,,,,,,,,,,,,,,,,,,,,,,,,,,,,,,,,,,,,,,,
  ,,,,,,,,,,,,,,,,,,,,,,,,,,,,,,,,,,,,,,,,,,,,,,,,,,,,,,,,,,,,,,,,,,,,,,,,,,,,,,,,,,,,,,,,,,,
  ,,,,,,,,,,,,,,,,,,,,,,,,,,,,,,,,,,,,,,,,,,,,,,,,,,,,,,,,,,,,,,,,,,,,,,,,,,,,,,,,,,,,,,,,,,,
  ,,,,,,,,,,,,,,,,,,,,,,,,,,,,,,,,,,,,,,,,,,,,,,,,,,,,,,,,,,,,,,,,,,,,,,,,,,,,,,,,,,,,,,,,,,,
  ,,,,,,,,,,,,,,,,,,,,,,,,,,,,,,,,,,,,,,,,,,,,,,,,,,,,,,,,,,,,,,,,,,,,,,,,,,,,,,,,,,,,,,,,,,,
  ,,,,,,,,,,,,,,,,,,,,,,,,,,,,,,,,,,,,,,,,,,,,,,,,,,,,,,,,,,,,,,,,,,,,,,,,,,,,,,,,,,,,,,,,,,,
  ,,,,,,,,,,,,,,,,,,,,,,,,,,,,,,,,,,,,, [ 7362458881 ],,,,,,,,,,,,,,,,,,,,,,,,,,,,,, 
  [ 4550775751 ] ]);
