BRENTFACTORS[9058]:=MakeImmutable([ ,,,,,,,, [ 238639172221 ],, [ 2024965416658207 ],, 
  [ 7596588383807749 ],, [ 937504949671 ],,,,, [ 1009936181 ], [ 802074202861 ], 
  [ 22822186945669 ], [ 234763576788090907 ],,,, [ 1371216709, 21384341116921 ], 
  [ 17990417509, 182837450629 ], [ 12019633575625614863513774282098018950953201443466059 ],,
  , [ 14451069748638241 ], [ 55904139905857396099 ],, 
  [ 50950823396981341, 1118348903115826070200471 ],, 
  [ 25157014356880752259, 206740344719151941078906294689698869122581898127 ], 
  [ 43378559353054965181 ], [ 893084915659, 7168437600091, 262763983182336129885613 ],, 
  [ 5422653113, 23231387447, 359961868528430823456998549224297 ], [ 2373733540073953 ], 
  [ 49315087383901, 9529279460283967, 59597605819864920923943187 ], [ 7051368215236793713 ], 
  [ 2244982922875798286088061044811, 31212454437437631037582069925911 ],, 
  [ 7813104952730555466399881 ], [ 998749689521163101147723233 ], 
  [ 636261523178933, 11436341192528668610531, 1669130846613358425035864398522397 ],, 
  [ 2641009273149858978367328611, 462423740665506107773510645955962879 ],, 
  [ 520288564572583, 3623007406398978569789 ], [ 144587865014186253949 ], [ 3644808365221 ],
  , [ 161142230709555440197278620281 ], [ 16953624478793, 274954303175423 ], 
  [ 15421576424357179031, 18062387881060728776537871661 ], [ 1628214446295960301 ],, 
  [ 174703023782851, 200283151531360463671037683308697592731181 ],, 
  [ 38147474486815925368716372875635734042622793169848641 ], [ 17845283821 ], 
  [ 93019843719641291179 ], [ 6466238743 ], 
  [ 219802997330908921, 254313241835799649256010631583772282429744521 ], 
  [ 237788743921, 37976684356427977, 149535956968368856183 ], [ 19412725921 ], 
  [ 16307612858788086132527 ], [ 3875483331721, 3093509665160281 ],, [ 36082064323899151 ], 
  [ 585711761851 ], [ 1580854552877, 630918324444337536109 ],, 
  [ 2669874368616989197, 37981229262126450461383 ],,, 
  [ 65985359509, 1916756335696753, 17367500544629801329 ], 
  [ 2299433026843, 60052858348481873681 ],, 
  [ 2367974423640673, 5015218966354564213, 259708911725743844298265549 ],, 
  [ 40745483003288094655513 ], [ 16012598647, 632379441880493321419, 4786435766249282849239 ]
    , [ 161830020529, 648724331413841, 50184263405892989033 ],, [ 22798144346491 ], 
  [ 408558219191851, 43695484238770547 ], [ 140711192621 ], [ 3265694029525471 ], 
  [ 12201329887258315375180069, 32484732162738727980871283 ], 
  [ 7322213351, 7990702055358493251961 ], [ 689448768896329249 ], [ 1329031231776930377 ], 
  [ 16710251951, 87540662797165974067028173116973 ], 
  [ 146350412011, 21447566977399389091189, 3465193957322327797213407421 ],,,, 
  [ 168675960186314762011 ], [ 3849427921, 81729514777 ], 
  [ 1661923411, 89475452977013213588024266651 ], [ 37118423119, 14788463753266163 ], 
  [ 26877072118347487, 77171217539263123 ], 
  [ 1328618199929024447026021, 7462712833513949210340150421579117 ],, [ 9383622161 ], 
  [ 41363383879, 12293512056483912841 ], [ 444601513741505570718101950144272628049 ], 
  [ 1355701911045451, 4160124733039338769 ],,, 
  [ 20940250517, 47156336009, 2216629617022897861 ], [ 8037582229 ], 
  [ 1368278847556788043571, 116358870903022626406837 ], [ 33044940307, 349022703863 ],, 
  [ 1615937570966359067565821 ], [ 859138774567 ],, [ 7599461893 ],, 
  [ 1163083069, 2326151576197 ], [ 1714541911, 78547276231 ], [ 3175046065537 ], 
  [ 5176283330952047921107 ],, [ 1554198662879257, 69274966543010323 ], 
  [ 11620111790629, 2993210139429313, 76056669191941039652213461, 
      118769599379791884594430198370932357 ], [ 181130979421890373, 6503645627083596869431 ],
  [ 2746170550401724987427 ], [ 3664772412121 ], [ 3079528649, 6401272481, 16510373753 ], 
  [ 6076821725521 ], [ 6549570667 ], [ 13518463076239711 ], 
  [ 1027242602859761, 867789807489358912471761354901, 2811074357815590012654569657687561, 
      354347585828118837280345559767641961 ], [ 6312021409130310331, 44523248462621634841 ], 
  [ 2238028151461 ],, [ 1317228236353, 131566424872321, 10967888830000457979073 ], 
  [ 2072868920851, 13009513559362865714171 ], [ 15752353297969 ], 
  [ 1160539423, 48355276843939213 ], [ 62869480181, 106747132829, 13570383776485503385549 ],
  , [ 40619591851, 14022705014139216001, 15248991927364232101 ], [ 485944490233 ],,,,, 
  [ 129078152138041862688900235937293 ],, 
  [ 33905781194039, 2490717402996283, 19408116934880017 ], [ 23925719842417 ], 
  [ 263669678372289601 ],, [ 375227920294490583433, 105386081753770777812221611939 ],, 
  [ 18098542589 ], [ 36588139171, 130433185118611, 10000421299013328481 ],,,, 
  [ 25655477393599, 2376048588899467, 7884898823183525573 ], 
  [ 207817257691, 18075484467565069682265241 ], [ 221282484248464417, 302551136177278627 ], 
  [ 352786635867850369, 4739279156522884117871213 ],, [ 2339865951763297 ], [ 735035913151 ],
  [ 1057739233, 1533990833 ],, [ 11089583570333 ], [ 15170658121, 135725247123877 ], 
  [ 150679204711698241, 1219305517787583901 ], 
  [ 105254093731, 112608579851, 5375876663542633 ],,, [ 923545241576596609 ],, 
  [ 1078559689, 219844199347, 11205923685511, 21529510587679 ], 
  [ 290383014703, 56054852503760837 ], [ 122604365670113 ], [ 1035551791 ], [ 2335439473951 ]
   ,, [ 6829707800449 ], [ 13553662391, 20703776577611, 394447901173762746462643 ], 
  [ 48850652995787 ],,, [ 2590945183, 19739395625813 ], [ 354084575180689 ],, 
  [ 2993993976601, 3068985868735201 ],,, [ 11708768387 ], [ 7016275281937 ],,, 
  [ 1770184513, 28114606693 ],, [ 185236781648759699 ], [ 243092898487531 ],, 
  [ 87954235429 ],,,, [ 1093275577, 9796057347065989897 ], [ 86193137801, 4514428961701 ],, 
  [ 493477054999724311 ], [ 7875261461, 5699598577222661 ], [ 37581370441603 ],, 
  [ 1906898869 ], [ 40896804767617 ], 
  [ 4806877722050251, 8868976532712110978551, 217720314786272577753834001 ], 
  [ 1683556170437 ], [ 354037365606945883 ], [ 163803422821, 681055046558893 ], 
  [ 3153416135603 ], [ 1377670331 ],, [ 401774830082401 ], [ 806708814578113 ], 
  [ 94364493913, 125746150946833 ],,,, [ 11768610118651 ], [ 4172305217 ], 
  [ 869824144914721 ], [ 1875938699, 124220021053, 6304305741593153629 ], [ 1933054861 ], 
  [ 7715682178417 ], [ 7867508709299407145633 ],, 
  [ 98894343195171259, 1840250467699552714237 ], [ 18283509089 ],,,,, 
  [ 178451593283881, 19168999696674835561 ],,,, [ 19822285610753, 188677567793044397569 ],, 
  [ 989288080100049284383 ],, [ 4134098536621 ],,,,,, [ 535769570080739, 962319024107396887 ]
   ,,,,,, [ 104829916633463393 ],, [ 4456649618209, 637063396889344874950693 ], 
  [ 144739374149701 ], [ 2422999887308286028597 ], [ 3772349431, 174146744417 ], 
  [ 41748411994252049, 15221693374636453854325133759 ],,, [ 52390184579 ],,,, 
  [ 16702956811, 151115169757180381 ], [ 288042027578449 ],,, [ 3458971600697 ],,, 
  [ 6823809029 ], [ 2072985927143, 17206099159314951898203239 ],,,,, 
  [ 16873347061, 7290676207499, 651354506579633 ],,, [ 7660717336763, 678486801404139681661 ]
    , [ 8598506547636213251 ], [ 267760216313833, 829712389734806161 ],,, 
  [ 2133464098024531, 226258161562468459, 1146071887388094727, 30927231665252625818490013 ], 
  [ 21612123373, 2037956163196559 ], [ 1430087186209383241 ],, [ 16349313308093146081 ], 
  [ 9884659171, 146814511916003 ], [ 596380115449 ],,, [ 189566776627201 ], 
  [ 101731938109, 4781932956049, 193739661459473 ],, [ 1110857952319, 328390147680352828771 ]
   ,, [ 132765684487587841 ],,,, [ 17946426939697, 15816963796806061 ], [ 59646199601 ],,,,, 
  [ 572829194609101 ], [ 1249750081, 22583477269 ], [ 8893187244508937 ],, 
  [ 1932722859259, 937915279378883797 ], [ 5075419511 ], [ 79154634427639009 ], 
  [ 69185337707 ], [ 313848116473233641053 ],, [ 12938227741 ], [ 3014658564365339 ], 
  [ 18252318191792511943 ],,,,,, [ 19571753517260629 ],,,,,,, [ 3007255411 ],, 
  [ 7352043007, 13295978767, 3822082933178749 ], [ 73041062576890147 ], 
  [ 4684476682913, 730795224505430129 ], [ 72724578841, 117452968201 ],, 
  [ 391170293757461557 ], [ 16640165389, 3911569728067, 18552492462307 ],, 
  [ 10533993561911 ], [ 340172055271, 1022968331270966863 ], 
  [ 21256946813, 8820188543431, 3951674150006311 ],,,, [ 5416491019493 ], [ 5133519649 ], 
  [ 74307772005637 ], [ 24457336927, 52182576691873, 522006035232133 ], 
  [ 370710078751, 80574431161501 ], [ 2999170393, 3896162846089601081 ], [ 1236292331 ], 
  [ 102989616583862737 ],, [ 182439038434190141 ],, [ 895929319736083 ],,,,,, 
  [ 2471996596613 ],,,, [ 460315398593 ], [ 1608722707, 540154967161 ],,,,,,,,, 
  [ 70592816443 ], [ 8118429359, 10026221687 ],,, [ 7425484074653 ],, 
  [ 31697704620409, 3299393299891283202409 ], [ 14143000777, 370509346199 ],, 
  [ 113943030151 ], [ 284911334017853, 96207912992831789 ], [ 209987781841146373 ], 
  [ 657274369197781, 3431985360069997 ], [ 291938749978471 ], [ 164695934360257 ],, 
  [ 15525593843 ],, [ 25604757760989541, 10116961471147143061 ], 
  [ 823824785029, 336007952223403 ], [ 25256465791 ], [ 12729933746461, 15393009059821 ],, 
  [ 10945927217201, 696616076128451 ],, [ 78863712698298109 ], [ 1971112992626213 ], 
  [ 3722112997543935853 ], [ 121194253861, 2430662287421, 153628795175965261 ],, 
  [ 355315224241 ],, [ 5098462307 ],,, [ 1205773897 ], [ 4312727143 ],, [ 122089813561 ], 
  [ 7102967383, 338225258987533 ],,,,,, [ 4416145629993550501 ],,, 
  [ 10305022501, 208706335153201, 14920895244968989201, 678672051871275183618451 ], 
  [ 21492387436111681 ],, [ 11677106029, 39263147420143 ], [ 38097002309, 46172881429 ],, 
  [ 3901578224335513 ],, [ 311022032805250967 ], [ 12593991511, 6893727075255151 ], 
  [ 2068103881, 27091860119510173261 ],, [ 8566318069, 2619383368141 ], [ 192785543833 ], 
  [ 202720448353 ], [ 14908056890071 ],,,, [ 1603606489339 ],,, 
  [ 26929458737, 3145133237372881 ],, [ 2581388517177162727 ],,,,,, [ 14469537601 ],,,,,, 
  [ 11184581899, 214534206737868331 ],, [ 5235776431481199600473 ],,,, 
  [ 141990869358781, 28734910024337677 ],, [ 309881952559513462831 ], [ 231509592271 ], 
  [ 2586587509102193 ], [ 26601464779 ],,,, [ 15608866423, 22694731867, 202397267563 ], 
  [ 1332054491, 22174714979 ],, [ 20005947012241, 205527171957032521 ],,, [ 6287491236703 ], 
  [ 2075179493, 588171780014261 ],, 
  [ 55822760431, 346757719981, 843020522671, 124846029161817571, 1221590884617435121 ],, 
  [ 167693353256449 ],,,,,,,, [ 26366263573867565921 ],,,,, [ 58215684451 ],,,,, 
  [ 71322079281241 ],,,, [ 6002522153461 ], [ 137272416610871 ],, [ 1499293261 ], 
  [ 4388636555852381280303797 ],, [ 230735813221, 104888774251981, 764448207902461 ], 
  [ 1172329396943 ],,, [ 369143066195297, 62940481494334337 ],,, [ 54235580591 ],,, 
  [ 216784365601 ], [ 1527216619 ], [ 185707938792097 ],,, [ 4551062161 ], 
  [ 1477564076377, 1619165719783216637 ],,,, [ 4245984685919201 ], [ 4642581921567259363 ], 
  [ 9114831697148839 ], [ 7412700091 ],,, [ 129770103659127439 ], [ 20821584555451 ],,,,, 
  [ 810260345753 ],, [ 1304115544201, 3789698710498457, 51972327641912357 ],,,, 
  [ 3200715024223259 ], [ 117491767363 ], [ 5886271468063901 ], [ 15614178623 ], 
  [ 1157702650084206337 ],,, [ 651828215611 ], [ 3423250167099041 ],, [ 53444621833 ],, 
  [ 6767626226421421 ],, [ 27213349253063761 ],,,,,,,,,, [ 19077791834054730533 ], 
  [ 8665249899619 ], [ 1578619213277, 605150813903329 ], [ 6105718081 ], [ 293214291397 ],, 
  [ 65625659827406017 ],, [ 1139745961 ],,,,,,, [ 724545429793 ], [ 1701520261344019 ],,,, 
  [ 3923942359 ],, [ 1719843473713, 4867625874570577 ],,,, [ 4915726670093 ],, 
  [ 21174684839281 ],, [ 779556967249 ],, [ 10032247991, 13275475119971 ],, [ 2619773677 ],,,
  ,,,,,, [ 202027628851 ],,,,,,, [ 10745399449, 54863482572929 ],, 
  [ 45944931020544433, 194385735153675061 ], [ 13037594221 ],,,,, 
  [ 11376015421, 33070044032967481 ],,,,,,,,,, [ 29832162721 ], [ 1463128921 ],,,,,,,,,,,,, 
  [ 4671629713 ],, [ 55274121407 ], [ 1778056303 ], [ 12816714645041, 29693882932033 ],, 
  [ 156645784441, 3987935459133601 ],, [ 279030013597 ],, [ 23690254160929 ], [ 3054472181 ],
  ,,,, [ 1440739301 ],,,,,,,,,,,,,, [ 12463186303 ],,, [ 2246996263, 7464871987 ], 
  [ 2088636871, 85262679224675968429 ],,,,,,,,,,, [ 2570484619 ],,,,,, [ 1444373084281 ], 
  [ 39855743201 ],,,,,,,,,,,, [ 1043344015121 ],, [ 43308983646001, 322684618782751 ],,,, 
  [ 72287497348093 ],, [ 837165306853 ],, [ 38884281193 ],, [ 7296329081 ],,,,,,,, 
  [ 6752457435649 ],, [ 9472580041, 14146480811 ],,,, [ 2308757893291 ], [ 3258947851 ],,, 
  [ 7002110477 ],,,, [ 9899749333, 2548990554349 ], [ 18328012993 ], [ 27050083539587137 ],,,
  , [ 119763984577 ],,,, [ 101448844871617 ],, [ 259214337372002503 ],, [ 44971200198157 ],, 
  [ 474778578751 ],, [ 10010753976001, 675617689852801 ],,,,,,, [ 56197874071 ],,, 
  [ 2648994841 ],, [ 1101413041 ],,, [ 16540475531 ],,, [ 47692887953 ],, [ 693699934601 ],,,
  ,,,,,,,,,,, [ 14127362857 ],, [ 42475679082013 ],, [ 12501713057 ], [ 279943990463869 ],,,
  , [ 129583641751 ],,, [ 3853473065047 ], [ 5346162361 ], [ 55807622308673 ],, 
  [ 9401940101, 22125095401 ],, [ 384608944549, 781726044013 ],, [ 4476038684839 ],, 
  [ 13022439281, 21451866345401 ],, [ 599894669947 ],,,, [ 90486029835871 ],,,,,,,,,,,,,,,,,
  , [ 226089194321 ],,, [ 16957290941 ], [ 84128901828089 ],, [ 16788282466451 ], 
  [ 109049718983 ], [ 151769181121, 16265020037129977 ],, [ 1642500341 ],,,,,, 
  [ 26099179009 ],, [ 45936712040399 ], [ 1221732011, 3782084011 ],,, 
  [ 7164102529, 56490382939 ],,,,, [ 35344275311 ], [ 1346414057412737 ],,,,,,,,,,, 
  [ 3028448707 ],,,,,,, [ 8187842939 ],,,,,,,, [ 2215989281021 ],,,, [ 1127260261 ],, 
  [ 4000964507741 ], [ 11260870306619 ],,,,,,,,, [ 440378582851 ], 
  [ 1477669507, 1520287621 ], [ 16269934288721 ],,,,,,,,,,, [ 2386179181 ],,,,, 
  [ 1590004104833 ], [ 4151875317451 ],,,,, [ 45177848473, 16409821065181 ],,,,,, 
  [ 2362567853521 ],,,, [ 8272466353 ],,,,,,,,,, [ 9876835277, 554924233739 ],,,, 
  [ 7734465348443 ],, [ 202903330060001 ],,,, [ 27638536693 ],,,, [ 722314164097 ],,,,, 
  [ 4088609821 ],,,,,,, [ 14370806446444741 ],,,, [ 16246035457 ],,,, 
  [ 49913639473, 7384442393189 ],,,,,,,,,,,,, [ 434328603763 ],, [ 1420603549 ],,,,,,,,,,,,,,
  ,, [ 2140469160943 ],,,, [ 70490529787 ],, [ 4357277101 ],,,,,,,,,,,,, [ 234197219411 ],, 
  [ 246683815201 ],,,,,,, [ 5494661083 ],,, [ 1203969311 ], [ 2142833101 ],,,,,,,,, 
  [ 29595009401 ],,,, [ 56046630001 ],,,,,,,,, [ 3122169793 ],,,,,,,,,,,, [ 3853359001 ],,,, 
  [ 1090794641 ],,, [ 4649172677 ],, [ 108624843937 ],,, [ 26756973247 ],,,,,,,,,,, 
  [ 2305554638689 ],,,,,,,,,,,,,,,,,,, [ 4438072993 ], [ 1024293463777 ],,,,,,,,, 
  [ 12371251619 ], [ 43906974373 ],, [ 5425766261 ],,,,,,,, [ 44621186315509 ],,,,,,, 
  [ 77551279261 ],,,,, [ 163427053201 ],,,,,,,,,,,,, [ 18437095393 ],,, [ 2408647937 ],,,,,,
  , [ 5972508271 ],,,,,,,,,, [ 77897253331 ],,,,,,,,,,,,,,,,,,,,, [ 10105327651 ],,, 
  [ 1677567061 ],, [ 1395503299 ],,,,,,,,,,,,,,,,,,,,, [ 6869009921 ],,,,,,,,, 
  [ 463333702763 ],,,,,,,,,,, [ 1447864601 ], [ 13120800967 ],,,,, [ 3471023649677 ],, 
  [ 1416398037037 ], [ 30327215689 ],,,,,,, [ 1621775990017 ],,, [ 32311242269 ], 
  [ 369304989316561 ],,,,,,,, [ 4965955073, 1889493040000817 ],,,,,,,,,,,,,,,, 
  [ 2862093697 ], [ 22174775591 ], [ 1168038611 ],,,,, [ 92601790247 ],, [ 1055586247 ],,,,,,
  ,,,,, [ 1465961729 ],,, [ 21082612181 ],, [ 45545455399 ],,,,,,,,,,,,,,,,,,,,,,,,,,,, 
  [ 250558241129659 ],,,,,,,,,,, [ 5225890561 ],,, [ 98336569021 ], [ 98337346357 ],,, 
  [ 264372226841 ],,, [ 1679086877687 ],,,,,,,, [ 116942481101 ],,,,, [ 1280948203 ],,,, 
  [ 9904272421 ], [ 311848779169 ],, [ 2027956757 ],,,,,,,,,,,,,, [ 348804149066869 ],,,,,,,,
  , [ 34011156649 ],,,,,, [ 11417373469 ],,,,,,,,,, [ 1104086720969 ],,,,,,,,,, 
  [ 2384770303 ], [ 1675360033 ],,,,,, [ 2979766567 ],,,,,,,,,,,, [ 127360004377 ], 
  [ 23288888657 ], [ 1433789813 ],,,,,, [ 46133675377 ],,,,,,,,,,,,,,,,,,,, [ 376538935033 ],
  [ 71160190051 ],, [ 209463242239 ],,,,,,,, [ 3639930391, 5142195691 ],,,, [ 10533203099 ],,
  ,, [ 24556890151 ],,,,,,, [ 8652685081 ],,,, [ 2914928461 ],,,, [ 3537622817 ],,,,,, 
  [ 1305245797 ],,,,,,,,,,,,,,,, [ 138748279711 ],, [ 1513608329 ],,,, [ 2467157449 ],,,,, 
  [ 563583475661 ],,,,,,, [ 32643665497 ], [ 74004819047 ],,,,,,,,, [ 1454216333 ],,,,,,,,,,,
  ,, [ 6136647287 ], [ 1198759489 ],,,,, [ 1010497183 ], [ 1233579439 ],,,,,,,,,, 
  [ 19878545153 ],, [ 3380995201 ],,,,,, [ 512037054721 ],,, [ 53932669897 ],,,,, 
  [ 2509271005697 ], [ 12623330701 ],, [ 6959771677 ], [ 12878459533 ],,,,,,,,,,,,,,,,,,,, 
  [ 5972476537 ],,,, [ 696766109293 ],, [ 1075961041 ],,,,,, [ 117054812401 ],, 
  [ 916631363237 ],,,,,,,, [ 350750114461 ],,,,,, [ 136990931221 ],,,,,,,,,,,,,,,,, 
  [ 12735283237 ], [ 9114675631 ],,,,,,,, [ 7992226321 ],,, [ 1200573961 ],,,,,,,,,,, 
  [ 171640864453 ],,,,,,,,,,, [ 85291323001 ],,,,,,,,,, [ 39246296009 ],,,,,,, 
  [ 1230514001 ],,,,,,,,,,,, [ 26255885641 ],,,,,,,,,,,,,,,,,,,,,,, 
  [ 13055905243, 124877318609, 1054355108207, 20669607528767 ],,,,,,,,,, [ 11897904719 ],,,,,
  ,,,, [ 8792275181 ], [ 6280773481 ],,,,,,,,, [ 4187264929 ],,,,,,,,, [ 1048358209 ],,,,, 
  [ 388832058763 ],, [ 68037869593, 530323098401 ],,,,,,,, [ 1677016856737 ],,,,,,,,,,,,,,,,,
  ,,,,,,, [ 2799246817 ], [ 2024138491747 ],,,,,,,, [ 4731132271 ],,,,, [ 1941709152663191 ],
  ,,,, [ 1012196231 ],,,,,,,,,,,,,,,,,,,,,,,,, [ 33826701361 ],,,,, [ 4736113901 ],,, 
  [ 9416016433 ],,,,,,,,,,, [ 8041761923359 ], [ 2596409326561 ],,,,,,,,,,,,,, 
  [ 1054145611 ],,,,,,,,, [ 7335910201 ],,,,,,, [ 8315063425681 ],,,,,,,,,, [ 82858636001 ],,
  ,,, [ 6070867321 ],, [ 686400623101 ],, [ 12092938439 ],,,,,,,,,,,,,,,,,,,,,, 
  [ 33356270671, 92916048397 ],,,,,,,,,,,, [ 31902854671 ], [ 6096636757 ],,,,,, 
  [ 14120192769601 ],,,,,,,,,,,,,,,,, [ 1382264911, 11756339479 ],,,,,,,, [ 26930126051 ],,,,
  ,,,,,,,,, [ 3539736289 ],,,,,, [ 3109922947 ], [ 1272494621 ], [ 65724106417 ],,,,,,,,, 
  [ 1264136701 ],,,, [ 20977805419 ],,,,,,,,,,,,,,, [ 8435332189 ],,,, 
  [ 957450635681, 11645709494161 ],,,,,,,, [ 35479220593 ],,, [ 2721406921 ],,,,,,, 
  [ 10553171747 ],,,, [ 1562073901 ],,,,,,,,,,,, [ 79485164653 ],,,, [ 14086180291 ],,,, 
  [ 48147291641 ],,,,, [ 1685761289851 ], [ 13113180929 ],,,,,,,,,,,,,,,,,,,,,, 
  [ 21374668603 ],,,,,,, [ 12388929211 ],,,,,,,,,,, [ 9008505361 ],, [ 5064545713 ],, 
  [ 2950253461 ],,, [ 4807975537 ], [ 116903890577 ],, [ 106830717337 ],,,,,,,,,, 
  [ 9040586257 ],,,,, [ 4401301591, 4819064329 ],,,,,,,,,,,,,, [ 32715255871 ],,, 
  [ 2018866511 ],, [ 8655517501 ],,,,,,,,,, [ 9597346621 ],, [ 1384630181057 ],,,,,,,,,,,,,, 
  [ 2193159870721 ],,,, [ 732026687611 ],,,,,, [ 29013312161 ],,,,,,,,,,,,,,,,,, 
  [ 58462152503 ],,,,,,,,,, [ 1635928673 ],,,,,, [ 108049008451 ], [ 124846396121502343 ],,,,
  ,,,,,,,,,,,,,,,,,,,,, [ 3256757701 ],, [ 2292928633 ],,,,,,,,,,,,,, [ 1894642117 ],,,,,,,,,
  ,,,,,,,,, [ 16531608491 ],,,, [ 6451655239 ],,,,,, [ 32129035201 ],,,,,,,,,,,, 
  [ 454703373037 ],,,,,,,, [ 2897691061 ],,,,,,,, [ 35483025089 ],,,,,,,, [ 10756926743137 ],
  ,,,,,,,,,,,,, [ 2263814701, 3279038351 ],,,,,,, [ 1409664439 ],,,,, [ 9662350429 ], 
  [ 1679061583, 207483962347 ], [ 3640473761 ],,,, [ 3759598366633 ], [ 17654806711 ],,,,,,,,
  ,,,,,,,, [ 1809964661 ],, [ 16951033873 ],,,,,,,,,,,,,,, [ 8335808317 ],,,,,,,,,,,,,,,, 
  [ 1468976021 ],,,, [ 11762837503 ],,,, [ 104940664357 ],,,,,,,,,,,,,,,,,,,,,,,,,,,,, 
  [ 1489875488711 ],,,,,,,,,,,,, [ 1182475234513 ],,,,,, [ 8242442209 ],,, [ 10757860885591 ]
   ,,, [ 8303709361 ],,, [ 1592925769, 2025366463 ],,,,,,,,,,,,,,,,, [ 2944796401 ],, 
  [ 15821567683 ],,,, [ 3773170069 ],, [ 35499056805889 ],, [ 5414398021 ],,, [ 3140287723 ],
  ,,,, [ 867896939449 ],,,,,,,,,, [ 10781766829 ],,,,,,,,,,,, [ 7088951451121 ],,,,,,,,,,,,,,
  ,,,,,, [ 88174419481 ],,,,,,,,,,,, [ 336937992257 ],,,,,,,,,,,,,,,,,,,,,,,,,,,,,,,,,,,,,,,,
  ,,, [ 2907173131 ],,,,,,,,,,,,,,,,,,,,,,,,,,,,,,, [ 686104548541 ],,,,,, [ 2156973569 ],,,,
  ,,,,,,,, [ 147774932713 ],,,,,,,,,,,,,,,,,,,,,,,,,,,,,,,,,,,,,,,,,, [ 28087574563 ],,,,,,,,
  ,, [ 32873337620993 ],,,,,,,, [ 2863408921 ],,,,,, [ 1078272451 ],,,,, [ 2025029161 ],,,,,,
  ,,,,,,,,,,,,,,, [ 11341827169 ],,,,,,,,,,,,,, [ 314155719011 ], [ 2316724741 ], 
  [ 48357078857 ],,,,, [ 33394075513 ], [ 2864700763 ],,,, [ 1641128963 ],,,, [ 5001683311 ],
  ,,,,,,,,,,,,, [ 4687252601 ],, [ 7593158453 ],,,, [ 47021291467 ], [ 4853759761 ],,, 
  [ 4270366801 ],,,,,,,,, [ 2112083317 ], [ 57562520641 ],,,,,,,,,,,,,,,,,,,,,,,,,,,,,,,,,,,,
  ,,,,,,,, [ 21764053273 ],,,,,,,,,,,, [ 10050803137 ],,,,,,,,,,,,,,,,,,,,,,,,,,,,,, 
  [ 1257743467 ],,,,,,,,,,,,,,,,,,,,,, [ 31495275689 ],,,, [ 327262334033 ],,,,,,,,,,,,, 
  [ 506827369651 ],,,,,,,,,,,,, [ 5525888567 ],,,,,,,,,,,,,,,, [ 199367952653 ], 
  [ 10278593401 ],,,,,,, [ 11453032529 ],,,,,,,,,,,,,,,,,,,,,,,,,,,,,, [ 201670412268937 ],,,
  ,,,,,,,,,,,,,,,,, [ 992634265621 ],, [ 2573944799 ],,,, [ 2344255453 ],,,,,,,,,,,,,, 
  [ 23715304246033 ],,,, [ 5955094273 ],,,,,,,,,,,,,,,,,,,,,,,,,,,,,, [ 1131307183 ],,,,,,,,,
  ,,,,,,,,,,,,, [ 2825340137 ],, [ 126667209901 ],,,,,,,, [ 16770639181 ],,,, [ 8451641089 ],
  , [ 4647595889 ],,,,,,,,,, [ 170195685661 ],,,,,,,,,,,,,,,, [ 3414986251 ],,,,,,,,,,,,,,,, 
  [ 164365868899 ],,,,,,,,,, [ 5508846253 ],,,, [ 145873132481 ],,,,,,,,,,,, [ 1800082061 ],,
  ,,,,,,,,,, [ 18432444409 ],, [ 201903172441, 2604395000293 ],,,,,,,,,,,, [ 34653676429 ],,,
  , [ 40459352231 ],,,,,,,,,,,,,,,,,,,,,,,,,,,,,,,,,,,,,,,,,, [ 16450347243497 ],,,,,,,,,,,,,
  ,,,,,,,,,,,,,,,,,,,,,,,,,,, [ 1775080477, 11112575857 ],,,, [ 4918648605889 ],,,,,, 
  [ 13937890567 ],,,,,,,,,,,,,,,,,,,,,, [ 91108752661 ],,,,,,,,,,,, [ 1113324721 ],,,,,,,,,, 
  [ 2125898867 ],,,,,, [ 2618240153 ],,,,,,,,,,,,,, [ 2778817661 ],,,,,,,,,, [ 2096479841 ],,
  ,,,,,,,,,, [ 4623045001 ],,,,,,,, [ 2822042173 ],,,,,,,,,,,,,,,,,,,,,, [ 26714355181 ],,,,,
  ,,,,,,,,,,,,,,,,,,,,,,,,,,,,,,,,,,,,,,,,,,,,,,, [ 1767677599 ],, [ 21542599681 ],,,,,,,,,, 
  [ 9684097693 ],,,,,,,,,,,,,,,,,,,,,,,,,,,,,, [ 44248779073 ],,,,,,,,,,,,,,,, 
  [ 1996370496121 ],,,,,,,,,,,,,,,,,,,, [ 21818617861 ],,,,,,,,,, [ 1848384491 ],,,,,,,,,, 
  [ 16744356961 ],,,,,,,,,, [ 3662592133861 ],,,,,,,,,,,,,,,,,,,,,,,,,,,,,, [ 58276132441 ],,
  ,,,,,,,,,,,,,,,, [ 3938400530863 ],,,,,,,,,,,, [ 12498048751 ],, [ 11782218001 ],,,,,,,,,,,
  ,,, [ 385736376257 ],,,,,,,,,,,,,,,,,,,,,,,, [ 1386109121 ],,,,,,,,,,,,,,,,,,,,,,,,,,,,,,,,
  ,,,,,,,,,,,,,,,,,,,,,,,,,,,, [ 141045798732301 ],,,,,,,, [ 2870120521, 53322015991 ],,,,,,,
  ,,,,,,,,,,,,,,,,,,,,,,,,,,,,,,,,,,,,,,,,, [ 13556503423 ],,,,,,,,,,,, [ 18097982503 ],,,,,,
  ,,,,,,,,,,,,,,,,,,,,,,,,,, [ 3192461101 ],,,, [ 70456812343 ],,,,,,,,,,,,,,,,,,,,,,,, 
  [ 24172197661 ],,,,,,,,,,,,,,,,,, [ 1883258857 ],,,,,,,,,,,,,, [ 3757025141 ],,,,,,,,,,,,,,
  ,,,,,, [ 1718799031 ],,,,,,,,,,,,,,,, [ 3545655457 ],,,,,,,,,,,,,,,,,,,,,,,, 
  [ 7773602321, 16522767361 ],,,,,,,,,,,,,,,,,,,, [ 19255057421 ],, [ 2224202509 ],,,,,,,,,,,
  ,,,,,,,,,,,,,,,,, [ 8428918481 ],,,,,,,,,,,,,,,,,,,,,,,,,,,,,,,,,,,,,,,,,,,, 
  [ 1187647753 ],,,,,,,,,,,,,,,, [ 8103021961 ],,,,,,,,,,,,,,,,,,,,,,,,,,,,,,,,,,,,,,,,,,,, 
  [ 7832770177 ],,,,,, [ 578300482261 ],,,,,,,,,,,, [ 22306336417 ],,,,,,,,,,,,,,,,,,,,,,,, 
  [ 9307221787 ],,,, [ 30350835481 ],,,,,,,, [ 1171530301 ],,,,,,,,,,,,,,,,,,,,,,,,,,,,,,,,,
  , [ 61221500033 ],,,,,,,, [ 1929061573921 ],,,,,,,,,,,,,,,,,,,,,,,, [ 2384213089 ],,,,,,,,,
  ,,,,,,,,,,,,,,,,,,,,,,,,,,,,,,,,, [ 154751154667 ],,,,,,,,,,,,,,,,,,,,,,,,,,,,,,,,,,,,,,,,,
  ,,,,,,, [ 13833964717 ],,,,,,,,,,,,,,,,,,,,,,,,,,,,,,,,,,,,,,,,,,,,,,,,,,,,,,,,,,,, 
  [ 6059138863 ],,,,,,,,,,,,,,,, [ 163925560811 ],,,,,,,,,,,,,,,,,,,,,,,,,,,,,,,,,,,,,,,,,,,,
  ,,,,,,,,,,,,,,,,,,,,,,,,,,,,,,,,,,,,,,,,,,,,,,,,,,,,,,,,,,,,,,,,,,,,,,,, 
  [ 2665422559, 5153354749 ],,,,,, [ 388605827329 ],,,,,,,,,,,,,,,,,,,,,,,,,,,,,, 
  [ 45859478617 ],,,,,,,,,,,, [ 4802413477, 41100323557, 539807074693 ],,,,,,,,,,,, 
  [ 1954558717 ],,,,,,,,,,,,,,,,,,,,,,,,,,,,,,,,,,,,,,,,,,,,,,,,,,,,,, [ 14610462241 ],,,,,,,
  ,,,,,,,,,,,,,,,,,,,,,,,,,,,,,,,,,,, [ 586203664939 ],,,,,,,,,,,,,,,,,,,,,,,,,,,,,,,,,,,,,,,
  ,,,,,,,,,,,,,,,,,,,,,,,,,,,,,,,,,,,,,,,,,,,,,,,,,,,,,,,,,,,,,,,,,,,,,,,,,,, 
  [ 27619804801 ],,,, [ 3497575901 ],,,,,,,,,,,,,,,,,,,,,,,,,, [ 30233472781 ],,,,,,,,,,,,,,,
  ,,, [ 29040264961 ],,,,,,,,,,,,,,,,,,,,,,,, [ 1884367369 ],,,,,,,,,,,,,,,,,,,,,,,,,,,,,, 
  [ 479790781891 ],,,,,,,,,,,,,,,,,, [ 22398611929 ],,,,,, [ 49332833569 ],,,,,, 
  [ 161956249333 ],,,,,,,,,,,,,,,,,,,,,,,,,,,,,,,,,,,, [ 14662457521 ],,,,,,,,,,,, 
  [ 5563935577, 7230168109 ],,,,,,,,,,,,,,,,,,,,,,,,,,,,,,,,,,,,,,,,,,,,,,,,,,,,,,,,,,,, 
  [ 58598488369 ],,,,,,,,,,,,,,,,,,,,,,,,,,,,,,,,,,,,,,,,,,,,,,,, [ 1232418241 ],,,,,, 
  [ 101351321671, 361675929631 ],,,,,,,,,,,,,,,,,,,,,,,,,,,,,, [ 14114697301 ],,,,,, 
  [ 2171836759 ],,,,,, [ 9093754897 ],,,,,,,,,,,, [ 51605669113, 55377253549 ],,,,,,,,,,,,,,,
  ,,,,,,,,,,,,,,,,,,,,,,,,,,,,,,,,,,,,,,,,,,,,, [ 3089977801 ],,,,,, [ 8808063391 ],,,,,,,,,,
  ,,,,,,,,,,,,,,,,,,,,,,,,,,,,,,,,,,,,,,,,,,,,,,,,,,,,,,,,,,,,,,,,,,,,,,,,,,,,,,,,,,,,,, 
  [ 1075945369 ],,,,,,,,,,,,,,,,,,,,,,,,,,,,,,,,,,,,,,,,,,,,,,,,,,,,,,,,,,,,,,,,,, 
  [ 7178142241 ],,,,,,,,,,,,,,,,,,,,,,,,,,,,,,,,,,,,,,,,,,,,,,,, 
  [ 20330816881, 82135691310961 ],,,,,,,,,,,,,,,,,,,,,,,,,,,,,, [ 9586642651 ],,,,,,,,,,,,,,,
  ,,,,,,,,,,,,,,,,,,,,,,,,,,,,,,,,,,,,,,,,,,,,,,,,,,, [ 1017793297 ],,,,,,,,,,,,,,,,,,,,,,,,,
  ,,,,,,,,,,,,,,,,,,,,,,,,,,,,,,,,,,,,,,,,,,,,,,,,,,,,,,,,,,, [ 11899781701, 171838002601 ],,
  ,,,,,,,,,,,,,,,,,,,,,,,,,,,,,,,,,,,,,,,,,,,,,,,,,,,, [ 5741254891 ],,,,,,,,,,,,,,,,,,,,,,,,
  ,,,,,,,,,,,,,,,,,,,,,,,,,,,,,,,,,,,,,,,,,,,,,,,,,,,,,,,,,,,,,,,,,,,,,,,,,,,,,,,,,,,,,,,,,,,
  ,,,,,,,,,,,,,,,,,,,,,,,,,,,,,,,,,,,,,,,,,,,,,,,,,,,,, [ 678679445683 ],,,,,,,,,,,,,,,,,,,,,
  ,,,,,,,,,,,,,,,,,,,,,,,,,,, [ 1504398211 ],,,,,,,,,,,,,,,,,,,,,,,,,,,,,,,,,,,, 
  [ 3344513712541 ],,,,,,,,,,,,,,,,,,,,,,,,,,,,,,,,,,,,,,,,,,,,,,,,,,,,,,,,,,,,,,,,,,,,,,,,,,
  ,,,,,,,,,,,,,,,,,,,,,,,,,,,,,,,,,,,,,,,,,,,,,,,,,,,,,,,,,,,,,,,,,,,,,,,,,,,,,,,,,,,,,,,,,,,
  ,,,,,,,,,,,,,,,,,,,,,,,,,,,,,,,,,,,,,,,,,,,,,,,,,,,,,,,,,,,,,,,,,,,,,,,,,,,,,,,,,,,,,,,,,,,
  ,,,,,,,, [ 1362201391 ],,,,,,,,,,,,,,,,,,,,,,,,,,,,,,,,,,,,,,,,,,,,,,,,,,,,,,,,,,,, 
  [ 307821459560491 ],,,,,,,,,,,,,,,,,,,,,,,,,,,,,, [ 3524495761 ],,,,,,,,,,,,,,,,,,,,,,,,,,,
  ,,,,,,,,,,,,,,,,,,,,,,,,,,,,,,,,,,,,,,,,,,,,,,,,,,,,,,,,,,,,,,, [ 3024276001 ],,,,,,,,,,,,,
  ,,,,,,,,,,,,,,,,, [ 4439906550721 ],,,,,,,,,,,,,,,,,,,,,,,,,,,,,,,,,,,,,,,,,,,,,,,,,,,,,,,,
  ,,,, [ 1762176841 ],,,,,,,,,,,,,,,,,,,,,,,,,,,,,,,,,,,,,,,,,,,,,,,,,,,,,,,,,,,,,,,,,,,,,,,,
  ,,,,,,,,,,,,,,,,,, [ 13820215111 ],,,,,,,,,,,,,,,,,,,,,,,,,,,,,,,,,,,,,,,,,,,,,,,,,,,,,,,,,
  ,,,,,,,,,,,,,,,,,,,,,,,,,,,,,,,,,,,,,,,,,,,,,,,,,,,,,,,,,,,,,,,,,,,,,,,,,,,,,,,,,,,,,,,,,,,
  ,,,,,,,,,,,,,,,,,,,,,,,,,,,,,,,,,,,,,,,,,,,,,,,,,,,,,,,,,,,,,,,,,,,,,,,,,,,,,,,,,,,,,,,,,,,
  ,,,,,,,,,,,,,,,,,,,,,,,,,,,,,,,,,,,,,,,,,,,,,,,,,,,,,,,,,,,,, [ 1104267781 ],,,,,,,,,,,,,,,
  ,,,,,,,,,,,,,,,,,,,,,,,,,,,,,,,,,,,,,,,,,,,,,,,,,,,,,,,,,,,,,,,,,,,,,,,,,,,,,,,,,,,,,,,,,,,
  ,,,,,,,,,,,,,,,,,,,,,,,,,,,,,,,,,,,,,,,,,,,,,,,,,,,,,,,,,,,,,,,,,,,,,,,,,,,,,,,,,,,,,,,,,,,
  ,,,,,,,,,,,,,,,,,,,,,,,,,,,,,,,,,,,,,,,,,,,,,,,,,,,,,,,,,,,,,,,,,,,,,,,,,,,,,,,,,,,,,,,,,,,
  ,,,,,,,,,,,,,,,,,,,,,,,,,,,,,,,,,,,,,,,,,,,,,,,,,,,,,,,,,,,,,,,,,,,,,,,,,,,,,,,,,,,,,,,,,,,
  ,,,,,,,,,,,,,,,,,,,,,,,,,,,,,,,,,,,,,,,,,,,,,,,,,,,,,,,,,,,,,,,,,,,,,,,,,,,,,,,,,,,,,,,,,,,
  ,,,,,,,,,,,,,,,,,,,,,,,,,,,,,,,,,,,,,,,,,,,,,,,,,,,,,,,,,,,,,,,,,,,,,,,,,,,,,,,,,,,,,,,,,,,
  ,,,,,,,,,,,,,,,,,,,,,,,,,,,,,,,,,,,,,,,,,,,,,,,,,,,,,,,,,,,,,,,,,,,,,,,,,,,,,,,,,,,,,,,,,,,
  ,,,,,,,,,,,,,,,,,,,,,,,,,,,,,,,,,,,,,,,,,,,,,,,,,,,,,,,,,,,,,,,,,,,,,,,,,,,,,,,,,,,,,,,,,,,
  ,,,,,,,,,,,,,,,,,,,,,,,,,,,,,,,,,,,,,,,,,,,,,,,,,,,,,,,,,,,,,,,,,,,,,,,,,,,,,,,,,,,,,,,,,,,
  ,,,,,,,,,,,,,,,,,,,,,,,,,,,,,,,,,,,,,,,,,,,,,,,,,,,,,,,,,,,,,,,,,,,,,,,,,,,,,,,,,,,,,,,,,,,
  ,,,,,,,,,,,,,,,,,,,,,,,,,,,,,,,,,,,,,,,,,,,,,,,,,,,,,,,,,,,,,,,,,,,,,,,,,,,,,,,,,,,,,,,,,,,
  ,,,,,,,,,,,,,,,,,,,,,,,,,,,,,,,,,,,,,,,,,,,,,,,,,,,,,,,,,,,,,,,,,,,,,,,,,,,,,,,,,,,,,,,,,,,
  ,,,,,,,,,,,,,,,,,,,,,,,,,,,,,,,,,,,,,,,,,,,,,,,,,,,,,,,,,,,,,,,,,,,,,,,,,,,,,,,,,,,,,,,,,,,
  ,,,,,,,,,,,,,,,,,,,,,,,,,,,,,,,,,,,,,,,,,,,,,,,,,,,,,,,,,,,,,,,, [ 13248307201 ],,,,,,,,,,,
  ,,,,,,,,,,,,,,,,,,,,,,,,,,,,,,,,,,,,,,,,,,,,,,,,,,,,,,,,,,,,,,,,,,,,,,,,,,,,,,,,,,,,,,,,,,,
  ,,,,,,,,,,,,,,,,,,,,,,,,,,,,,,,,,,,,,,,,,,,,,,,,,,,,,,,,,,,,,,,,,,,,,,,,,,,,,,,,,,,,,,,,,,,
  ,,,,,,,,,,,,,,,,,,,,,,,,,,,,,,,,,,,,,,,,,,,,,,,,,,,,,,,,,,,,,,,,,,,,,,,,,,,,,,,,,,,,,,,,,,,
  ,,,,,,,,,,,,,,,,,,,,,,,,,,,,,,,,,,,,,,,,,,,,,,,,,,,,,,,,,,,,,,,,,,,,,,,,,,,,,,,,,,,,,,,,,,,
  ,,,,,,,,,,,,,,,,,,,,,,,,,,,,,,,,,,,,,,,,,,,,,,,,,,,,,,,,,,,,,,,,,,,,,,,,,,,,,,,,,,,,,,,,,,,
  ,,,,,,,,,,,,,,,,,,,,,,,,,,,,,,,,,,,,,,,,,,,,,,,,,,,,,,,,,,,,,,,,,,,,,,,,,,,,,,,,,,,,,,,,,,,
  ,,,,,,,,,,,,,,,,,,,,,,,,,,,,,,,,,,,,,,,,,,,,,,,,,,,,,,,,,,,,,,,,,,,,,,,,,,,,,,,,,,,,,,,,,,,
  ,,,,,,,,,,,,,,,,,,,,,,,,,,,,,,,,,,,,,,,,,,,,,,,,,,,,,,,,,,,,,,,,,,,,,,,,,,,,,,,,,,,,,,,,,,,
  ,,,,,,,,,,,,,,,,,,,,,,,,,,,,,,,,,,,,,,,,,,,,,,,,,,,,,,,,,,,,,,,,,,,,,,,,,,,,,,,,,,,,,,,,,,,
  ,,,,,,,,,,,,,,,,,,,,,,,,,,,,,,,,,,,,,,,,,,,,,,,,,,,,,,,,,,,,,,,,,,,,,,,,,,,,,,,,,,,,,,,,,,,
  ,,,,,,,,,,,,,,,,,,,,,,,,,,,,,,,,,,,,,,,,,,,,,,,,,,,,,,,,,,,,,,,,,,,,,,,,,,,,,,,,,,,,,,,,,,,
  ,,,,,,,,,,,,,,,,,,,,,,,,,,,,,,,,,,,,,,,,,,,,,,,,,,,,,,,,,,,,,,,,,,,,,,,,,,,,,,,,,,,,,,,,,,,
  ,,,,,,,,,,,,,,,,,,,,,,,,,,,,,,,,,,,,,,,,,,,,,,,,,,,,,,,,,,,,,,,,,,,,,,,,,,,,,,,,,,,,,,,,,,,
  ,,,,,,,,,,,,,,,,,,,,,,,,,,,,,,,,,,,,,,,,,,,,,,,,,,,,,,,,,,,,,,,,,,,,,,,,,,,,,,,,,,,,,,,,,,,
  ,,,,,,,,,,,,,,,,,,,,,,,,,,,,,,,,,,,,,,,,,,,,,,,,,,,,,,,,,,,,,,,,,,,,,,,,,,,,,,,,,,,,,,,,,,,
  ,,,,,,,,,,,,,,,,,,,,,,,,,,,,,,,,,,,,,,,,,,,,,,,,,,,,,,,,,,,,,,,,,,,,,,,,,,,,,,,,,,,,,,,,,,,
  ,,,,,,,,,,,,,,,,,,,,,,,,,,,,,,,,,,,,,,,,,,,,,,,,,,,,,,,,,,,,,,,,,,,,,,,,,,,,,,,,,,,,,,,,,,,
  ,,,,,,,,,,,,,,,,,,,,,,,,,,,,,,,,,,,,,,,,,,,,,,,,,,,,,,,,,,,,,,,,,,,,,,,,,,,,,,,,,,,,,,,,,,,
  ,,,,,,,,,,,,,,,,,,,,,,,,,,,,,,,,,,,,,,,,,,,,,,,,,,,,,,,,,,,,,,,,,,,,,,,,,,,,,,,,,,,,,,,,,,,
  ,,,,,,,,,,,,,,,,,,,,,,,,,,,,,,,,,,,,,,,,,,,,,,,,,,,,,,,,,,,,,,,,,,,,,,,,,,,,,,,,,,,,,,,,,,,
  ,,,,,,,,,,,,,,,,,,,,,,,,,,,,,,,,,,,,,,,,,,,,,,,,,,,,,,,,,,,,,,,,,,,,,,,,,,,,,,,,,,,,,,,,,,,
  ,,,,,,,,,,,,,,,,,,,,,,,,,,,,,,,,,,,,,,,,,,,,,,,,,,,,,,,,,,,,,,,,,,,,,,,,,,,,,,,,,,,,,,,,,,,
  ,,,,,,,,,,,,,,,,,,,,,,,,,,,,,,,,,,,,,,,,,,,,,,,,,,,,,,,,,,,,,,,,,,,,,,,,,,,,,,,,,,,,,,,,,,,
  ,,,,,,,,,,,,,,,,,,,,,,,,,,,,,,,,,,,,,,,,,,,,,,,,,,,,,,,,,,,,,,,,,,,,,,,,,,,,,,,,,,,,,,,,,,,
  ,,,,,,,,,,,,,,,,,,,,,,,,,,,,,,,,,,,,,,,,,,,,,,,,,,,,,,,,,,,,,,,,,,,,,,,,,,,,,,,,,,,,,,,,,,,
  ,,,,,,,,,,,,,,,,,,,,,,,,,,,,,,,,,,,,,,,,,,,,,,,,,,,,,,,,,,,,,,,,,,,,,,,,,,,,,,,,,,,,,,,,,,,
  ,,,,,,,,,,,,,,,,,,,,,,,,,,,,,,,,,,,,,,,,,,,,,,,,,,,,,,,,,,,,,,,,,,,,,,,,,,,,,,,,,,,,,,,,,,,
  ,,,,,,,,,,,,,,,,,,,,,,,,,,,,,,,,,,,,,,,,,,,,,,,,,,,,,,,,,,,,,,,,,,,,,,,,,,,,,,,,,,,,,,,,,,,
  ,,,,,,,,,,,,,,,,,,,,,,,,,,,,,,,,,,,,,,,,,,,,,,,,,,,,,,,,,,,,,,,,,,,,,,,,,,,,,,,,,,,,,,,,,,,
  ,,,,,,,,,,,,,,,,,,,,,,,,,,,,,,,,,,,,,,,,,,,,,,,,,,,,,,,,,,,,,,,,,,,,,,,,,,,,,,,,,,,,,,,,,,,
  ,,,,,,,,,,,,,,,,,,,,,,,,,,,,,,,,,,,,,,,,,,,,,,,,,,,,,,,,,,,,,,,,,,,,,,,,,,,,,,,,,,,,,,,,,,,
  ,,,,,,,,,,,,,,,,,,,,,,,,,,,,,,,,,,,,,,,,,,,,,,,,,,,,,,,,,,,,,,,,,,,,,,,,,,,,,,,,,,,,,,,,,,,
  ,,,,,,,,,,,,,,,,,,,,,,,,,,,,,,,,,,,,,,,,,,,,,,,,,,,,,,,,,,,,,,,,,,,,,,,,,,,,,,,,,,,,,,,,,,,
  ,,,,,,,,,,,,,,,,,,,,,,,,,,,,,,,,,,,,,,,,,,,,,,,,,,,,,,,,,,,,,,,,,,,,,,,,,,,,,,,,,,,,,,,,,,,
  ,,,,,,,,,,,,,,,,,,,,,,,,,,,,,,,,,,,,,,,,,,,,,,,,,,,,,,,,,,,,,,,,,,,,,,,,,,,,,,,,,,,,,,,,,,,
  ,,,,,,,,,,,,,,,,,,,,,,,,,,,,,,,,,,,,,,,,,,,,,,,,,,,,,,,,,,,,,,,,,,,,,,,,,,,,,,,,,,,,,,,,,,,
  ,,,,,,,,,,,,,,,,,,,,,,,,,,,,,,,,,,,,,,,,,,,,,,,,,,,,,,,,,,,,,,,,,,,,,,,,,,,,,,,,,,,,,,,,,,,
  ,,,,,,,,,,,,,,,,,,,,,,,,,,,,,,,,,,,,,,,,,,,,,,,,,,,,,,,,,,,,,,,,,,,,,,,,,,,,,,,,,,,,,,,,,,,
  ,,,,,,,,,,,,,,,,,,,,,,,,,,,,,,,,,,,,,,,,,,,,,,,,,,,,,,,,,,,,,,,,,,,,,,,,,,,,,,,,,,,,,,,,,,,
  ,,,,,,,,,,,,,,,,,,,,,,,,,,,,,,,,,,,,,,,,,,,,,,,,,,,,,,,,,,,,,,,,,,,,,,,,,,,,,,,,,,,,,,,,,,,
  ,,,,,,,,,,,,,,,,,,,,,,,,,,,,,,,,,,,,,,,,,,,,,,,,,,,,,,,,,,,,,,,,,,,,,,,,,,,,,,,,,,,,,,,,,,,
  ,,,,,,,,,,,,,,,,,,,,,,,,,,,,,,,,,,,,,,,,,,,,,,,,,,,,,,,,,,,,,,,,,,,,,,,,,,,,,,,,,,,,,,,,,,,
  ,,,,,,,,,,,,,,,,,,,,,,,,,,,,,,,,,,,,,,,,,,,,,,,,,,,,,,,,,,,,,,,,,,,,,,,,,,,,,,,,,,,,,,,,,,,
  ,,,,,,,,,,,,,,,,,,,,,,,,,,,,,,,,,,,,,,,,,,,,,,,,,,,,,,,,,,,,,,,,,,,,,,,,,,,,,,,,,,,,,,,,,,,
  ,,,,,,,,,,,,,,,,,,,,,,,,,,,,,,,,,,,,,,,,,,,,,,,,,,,,,,,,,,,,,,,,,,,,,,,,,,,,,,,,,,,,,,,,,,,
  ,,,,,,,,,,,,,,,,,,,,,,,,,,,,,,,,,,,,,,,,,,,,,,,,,,,,,,,,,,,,,,,,,,,,,,,,,,,,,,,,,,,,,,,,,,,
  ,,,,,,,,,,,,,,,,,,,,,,,,,,,,,,,,,,,,,,,,,,,,,,,,,,,,,,,,,,,,,,,,,,,,,,,,,,,,,,,,,,,,,,,,,,,
  ,,,,,,,,,,,,,,,,,,,,,,,,,,,,,,,,,,,,,,,,,,,,,,,,,,,,,,,,,,,,,,,,,,,,,,,,,,,,,,,,,,,,,,,,,,,
  ,,,,,,,,,,,,,,,,,,,,,,,,,,,,,,,,,,,,,,,,,,,,,,,,,,,,,,,,,,,,,,,,,,,,,,,,,,,,,,,,,,,,,,,,,,,
  ,,,,,,,,,,,,,,,,,,,,,,,,,,,,,,,,,,,,,,,,,,,,,,,,,,,,,,,,,,,,,,,,,,,,,,,,,,,,,,,,,,,,,,,,,,,
  ,,,,,,,,,,,,,,,,,,,,,,,,,,,,,,,,,,,,,,,,,,,,,,,,,,,,,,,,,,,,,,,,,,,,,,,,,,,,,,,,,,,,,,,,,,,
  ,,,,,,,,,,,,,,,,,,,,,,,,,,,,,,,,,,,,,,,,,,,,,,,,,,,,,,,,,,,,,,,,,,,,,,,,,,,,,,,,,,,,,,,,,,,
  ,,,,,,,,,,,,,,,,,,,,,,,,,,,,,,,,,,,,,,,,,,,,,,,,,,,,,,,,,,,,,,,,,,,,,,,,,,,,,,,,,,,,,,,,,,,
  ,,,,,,,,,,,,,,,,,,,,,,,,,,,,,,,,,,,,,,,,,,,,,,,,,,,,,,,,,,,,,,,,,,,,,,,,,,,,,,,,,,,,,,,,,,,
  ,,,,,,,,,,,,,,,,,,,,,,,,,,,,,,,,,,,,,,,,,,,,,,,,,,,,,,,,,,,,,,,,,,,,,,,,,,,,,,,,,,,,,,,,,,,
  ,,,,,,,,,,,,,,,,,,,,,,,,,,,,,,,,,,,,,,,,,,,,,,,,,,,,,,,,,,,,,,,,,,,,,,,,,,,,,,,,,,,,,,,,,,,
  ,,,,,,,,,,,,,,,,,,,,,,,,,,,,,,,,,,,,,,,,,,,,,,,,,,,,,,,,,,,,,,,,,,,,,,,,,,,,,,,,,,,,,,,,,,,
  ,,,,,,,,,,,,,,,,,,,,,,,,,,,,,,,,,,,,,,,,,,,,,,,,,,,,,,,,,,,,,,,,,,,,,,,,,,,,,,,,,,,,,,,,,,,
  ,,,,,,,,,,,,,,,,,,,,,,,,,,,,,,,,,,,,,,,,,,,,,,,,,,,,,,,,,,,,,,,,,,,,,,,,,,,,,,,,,,,,,,,,,,,
  ,,,,,,,,,,,,,,,,,,,,,,,,,,,,,,,,,,,,,,,,,,,,,,,,,,,,,,,,,,,,,,,,,,,,,,,,,,,,,,,,,,,,,,,,,,,
  ,,,,,,,,,,,,,,,,,,,,,,,,,,,,,,,,,,,,,,,,,,,,,,,,,,,,,,,,,,,,,,,,,,,,,,,,,,,,,,,,,,,,,,,,,,,
  ,,,,,,,,,,,,,,,,,,,,,,,,,,,,,,,,,,,,,,,,,,,,,,,,,,,,,,,,,,,,,,,,,,,,,,,,,,,,,,,,,,,,,,,,,,,
  ,,,,,,,,,,,,,,,,,,,,,,,,,,,,,,,,,,,,,,,,,,,,,,,,,,,,,,,,,,,,,,,,,,,,,,,,,,,,,,,,,,,,,,,,,,,
  ,,,,,,,,,,,,,,,,,,,,,,,,,,,,,,,,,,,,,,,,,,,,,,,,,,,,,,,,,,,,,,,,,,,,,,,,,,,,,,,,,,,,,,,,,,,
  ,,,,,,,,,,,,,,,,,,,,,,,,,,,,,,,,,,,,,,,,,,,,,,,,,,,,,,,,,,,,,,,,,,,,,,,,,,,,,,,,,,,,,,,,,,,
  ,,,,,,,,,,,,,,,,,,,,,,,,,,,,,,,,,,,,,,,,,,,,,,,,,,,,,,,,,,,,,,,,,,,,,,,,,,,,,,,,,,,,,,,,,,,
  ,,,,,,,,,,,,,,,,,,,,,,,,,,,,,,,,,,,,,,,,,,,,,,,,,,,,,,,,,,,,,,,,,,,,,,,,,,,,,,,,,,,,,,,,,,,
  ,,,,,,,,,,,,,,,,,,,,,,,,,,,,,,,,,,,,,,,,,,,,,,,,,,,,,,,,,,,,,,,,,,,,,,,,,,,,,,,,,,,,,,,,,,,
  ,,,,,,,,,,,,,,,,,,,,,,,,,,,,,,,,,,,,,,,,,,,,,,,,,,,,,,,,,,,,,,,,,,,,,,,,,,,,,,,,,,,,,,,,,,,
  ,,,,,,,,,,,,,,,,,,,,,,,,,,,,,,,,,,,,,,,,,,,,,,,,,,,,,,,,,,,,,,,,,,,,,,,,,,,,,,,,,,,,,,,,,,,
  ,,,,,,,,,,,,,,,,,,,,,,,,,,,,,,,,,,,,,,,,,,,,,,,,,,,,,,,,,,,,,,,,,,,,,,,,,,,,,,,,,,,,,,,,,,,
  ,,,,,,,,,,,,,,,,,,,,,,,,,,,,,,,,,,,,,,,,,,,,,,,,,,,,,,,,,,,,,,,,,,,,,,,,,,,,,,,,,,,,,,,,,,,
  ,,,,,,,,,,,,,,,,,,,,,,,,,,,,,,,,,,,,,,,,,,,,,,,,,,,,,,,,,,,,,,,,,,,,,,,,,,,,,,,,,,,,,,,,,,,
  ,,,,,,,,,,,,,,,,,,,,,,,,,,,,,,,,,,,,,,,,,,,,,,,,,,,,,,,,,,,,,,,,,,,,,,,,,,,,,,,,,,,,,,,,,,,
  ,,,,,,,,,,,,,,,,,,,,,,,,,,,,,,,,,,,,,,,,,,,,,,,,,,,,,,,,,,,,,,,,,,,,,,,,,,,,,,,,,,,,,,,,,,,
  ,,,,,,,,,,,,,,,,,,,,,,,,,,,,,,,,,,,,,,,,,,,,,,,,,,,,,,,,,,,,,,,,,,,,,,,,,,,,,,,,,,,,,,,,,,,
  ,,,,,,,,,,,,,,,,,,,,,,,,,,,,,,,,,,,,,,,,,,,,,,,,,,,,,,,,,,,,,,,,,,,,,,,,,,,,,,,,,,,,,,,,,,,
  ,,,,,,,,,,,,,,,,,,,,,,,,,,,,,,,,,,,,,,,,,,,,,,,,,,,,,,,,,,,,,,,,,,,,,,,,,,,,,,,,,,,,,,,,,,,
  ,,,,,,,,,,,,,,,,,,,,,,,,,,,,,,,,,,,,,,,,,,,,,,,,,,,,,,,,,,,,,,,,,,,,,,,,,,,,,,,,,,,,,,,,,,,
  ,,,,,,,,,,,,,,,,,,,,,,,,,,,,,,,,,,,,,,,,,,,,,,,,,,,,,,,,,,,,,,,,,,,,,,,,,,,,,,,,,,,,,,,,,,,
  ,,,,,,,,,,,,,,,,,,,,,,,,,,,,,,,,,,,,,,,,,,,,,,,,,,,,,,,,,,,,,,,,,,,,,,,,,,,,,,,,,,,,,,,,,,,
  ,,,,,,,,,,,,,,,,,,,,,,,,,,,,,,,,,,,,,,,,,,,,,,,,,,,,,,,,,,,,,,,,,,,,,,,,,,,,,,,,,,,,,,,,,,,
  ,,,,,,,,,,,,,,,,,,,,,,,,,,,,,,,,,,,,,,,,,,,,,,,,,,,,,,,,,,,,,,,,,,,,,,,,,,,,,,,,,,,,,,,,,,,
  ,,,,,,,,,,,,,,,,,,,,,,,,,,,,,,,,,,,,,,,,,,,,,,,,,,,,,,,,,,,,,,,,,,,,,,,,,,,,,,,,,,,,,,,,,,,
  ,,,,,,,,,,,,,,,,,,,,,,,,,,,,,,,,,,,,,,,,,,,,,,,,,,,,,,,,,,,,,,,,,,,,,,,,,,,,,,,,,,,,,,,,,,,
  ,,,,,,,,,,,,,,,,,,,,,,,,,,,,,,,,,,,,,,,,,,,,,,,,,,,,,,,,,,,,,,,,,,,,,,,,,,,,,,,,,,,,,,,,,,,
  ,,,,,,,,,,,,,,,,,,,,,,,,,,,,,,,,,,,,,,,,,,,,,,,,,,,,,,,,,,,,,,,,,,,,,,,,,,,,,,,,,,,,,,,,,,,
  ,,,,,,,,,,,,,,,,,,,,,,,,,,,,,,,,,,,,,,,,,,,,,,,,,,,,,,,,,,,,,,,,,,,,,,,,,,,,,,,,,,,,,,,,,,,
  ,,,,,,,,,,,,,,,,,,,,,,,,,,,,,,,,,,,,,,,,,,,,,,,,,,,,,,,,,,,,,,,,,,,,,,,,,,,,,,,,,,,,,,,,,,,
  ,,,,,,,,,,,,,,,,,,,,,,,,,,,,,,,,,,,,,,,,,,,,,,,,,,,,,,,,,,,,,,,,,,,,,,,,,,,,,,,,,, 
  [ 26111229953 ] ]);
