BRENTFACTORS[5781]:=MakeImmutable([ ,,,,,,,,,, [ 29108715373 ],, [ 2290689389 ],,,, 
  [ 1914799421 ],,,, [ 12512024953 ],,,, [ 283722957858451, 95152638883735620601 ],, 
  [ 2648233870013827 ],, [ 7867582733435515788217689798792852720719 ],, 
  [ 3709956559, 10838207167, 2553273479047331, 2690062615842988184083 ], 
  [ 20553721805720449 ], [ 9217732517863 ], [ 2245433339599, 3371602559190577 ],, 
  [ 39706600882971133 ], [ 40494022641691 ], [ 2631315974741, 5931622886941 ], 
  [ 3549499687154383 ], [ 88855287824921800450496155601 ], 
  [ 4802260797577, 267794623601727263 ],, [ 28615881574855571861 ], 
  [ 110975801975666181512597 ], [ 3238575481, 31061463753961, 15205950870810061591 ], 
  [ 4010241407, 217642264451 ],, [ 431301980901614929 ], [ 2905817797, 9376975734086647 ], 
  [ 992855987668564001, 240259407050507136822749101 ], [ 5206425728010216277 ],, 
  [ 6317884450664299, 1920472212300482326362517, 30246443685400735953555497, 
      4626981533820721623373706339 ], [ 6231095898728797, 71135093325327996079 ],,,, 
  [ 8387148957202533449, 106893396542987732987 ],, [ 2638717261, 11401538471598885316921 ], 
  [ 25574637369943434127027 ], [ 11686639001711696912537, 4677317723531923498199547272993 ], 
  [ 1290373805953, 1862044719571 ], 
  [ 216794315861377, 46109048638762498572974990757185012467393 ],,,,,, [ 76336920031 ],, 
  [ 82708756315084456929464140743913 ],, 
  [ 188383603669935278758849, 1124985956711770162086033771551771 ],, [ 13621288253 ], 
  [ 2364238182461 ], [ 8561960643690199476901 ], [ 1451208285587 ], 
  [ 162963566348332483841, 2977351672525058481830169888361866822166950517121 ], 
  [ 20815445526247, 1051100292708199 ], [ 27271164433, 300070805387090390550867479 ],, 
  [ 2678150077 ], [ 82381052361210601 ],,, [ 875216835753967433 ],, [ 17634013485376348981 ],
  [ 8922956953 ],,, [ 6008350093, 1139005990668705661 ], [ 317392475172729658415257741 ], 
  [ 307663329459553, 277825536564879564972395800929375938776513 ],, [ 2729725223 ], 
  [ 9739116091, 36741542735701 ],, [ 7169786229269 ], 
  [ 19449675177020479, 3077540039040763532663932582736915871007 ],, 
  [ 3283046399366449, 3377794639855902511658921 ], [ 9262693087201, 48328259977538519581 ], 
  [ 17074772287767197 ],, 
  [ 247102718342397168457, 177660586566864319715893, 3016469879363539375743658357 ],, 
  [ 228930807495720331, 909704670600876463721, 15581573109773041830984911 ], 
  [ 12216272759518999 ], [ 397060160367747136961 ],, [ 6621616518893202604303 ], 
  [ 2468935230066241 ], [ 31008915493, 86241159089, 164962233140454961, 1029385978042967569, 
      18479770129104633468194915829701 ], [ 17944104907, 14497781695382701 ], 
  [ 20142666199, 26391838937 ],, [ 1900206966337838161 ], [ 25951397561, 189162009689053369 ]
    , 
  [ 675951694844887, 1334605444440722483, 51237200564131058803, 2173641655849120154652491573 
     ], [ 14930673060821916202729 ], [ 20083304055304921877 ], [ 153091914751 ],, 
  [ 4985318707, 548070236725055215074791119 ],,, [ 62978089691401, 316896515443546091054951 ]
    , [ 656704811896181623, 2107578619376044583 ], 
  [ 387702663808179217989316359073, 874249348033600980791512021339351636381 ], 
  [ 52621305563, 154780272851, 2360435340868171934137, 7871223022071814790519 ], 
  [ 6309942089358293, 16065177185790051901, 466540422945035807332639 ], 
  [ 23336645362741, 6131687543356411 ], [ 286599233617 ], [ 7974966995424971 ], 
  [ 20004495457 ], [ 1680076043, 2509146547 ], [ 287235406919294793859201 ], 
  [ 3824128117, 207259230816791203, 16993040086037372173 ],, [ 1019050304986070411627 ], 
  [ 100503436670260392420721 ], [ 20584209571, 480104614721980541 ], 
  [ 55818065449110443990934469 ], 
  [ 470231988409, 660870844999, 417202961997774709, 1486997212349336890819891 ], 
  [ 68018612117, 1341794808022152769 ], 
  [ 25688568799, 24684005728127, 4429043705432746709, 13811696473449140626967, 
      12533472456560401544564117 ],,, 
  [ 7498853841697, 1426804708988249, 29556974756330352817, 109034676648408565324129 ], 
  [ 12097373856247 ], [ 786923516588441, 2103912457849916099 ], [ 2573154691 ], 
  [ 590524018726669 ], [ 134513912774706119, 964625132034280907 ],,,, [ 19582629641 ], 
  [ 46183915639, 102324512421832228974271746073 ],,, [ 2717828851 ],, [ 7217973716501 ],,, 
  [ 844413578402111 ],,, [ 237232199526386237 ], [ 12385694879352736096627 ], 
  [ 6763119798361151 ],,, [ 1914609782996031046467739 ], [ 23228518317079237549 ], 
  [ 3070360635054417298261 ], [ 21226710203 ], [ 6562831549, 727910784511 ], 
  [ 3016661671, 12667384465987, 108815766920020507 ], 
  [ 536433178766169353, 1787889742126730273 ], [ 14121011521, 18121775641 ],,, 
  [ 148013752575401 ], [ 2079306532437751, 28723912871594599 ], [ 1302505481 ],, 
  [ 16442812417, 254475607149697, 752681927527994708161 ], [ 6058770847247901977 ],, 
  [ 1704852270807271 ], [ 16920178252092221, 26984943717660347077 ], [ 8308607514494377 ], 
  [ 2594281537, 153291794232519361, 589154221616758678109882809333 ], 
  [ 34886137665949, 1798606021588442286063313 ], [ 9214834973766001 ], [ 305995925791 ], 
  [ 12890799767128742099063, 410512163918641603113629, 14044972505642782270142413 ],, 
  [ 31547356165609678453, 847501227121443428269081, 51479780595409760810063629513 ], 
  [ 34868199491 ], [ 40815292599676750395209 ], [ 322965187160221 ], 
  [ 26663219857, 9660488622721 ], [ 29689268863 ], 
  [ 16450188857327821, 117722276725637011, 9817856331996388831 ], [ 18338004530379645151 ], 
  [ 5759623168781 ], [ 14364066403111, 114782418216559 ], [ 3506527417214639 ], 
  [ 37572051737581 ], [ 3735739009, 39807653989041577, 208766602481390929 ], [ 11863184719 ],
  , [ 1309173088640779, 6231859601201041 ],,, [ 5118271493560599841, 45159116369189664901 ],
  , [ 724673492370689, 28454855113847681 ], [ 5797359703388485175851 ], 
  [ 18573420318686311861 ], [ 622709834702951 ], [ 7501887686989, 8748117908302752277 ], 
  [ 9757169270489 ],, [ 63770739187, 159957834249734071639512733 ],, [ 155990131753 ], 
  [ 152756611957, 770099766398119 ], [ 3607138141 ],, [ 14138655913 ], 
  [ 7614311335490861, 119525720135896999 ], [ 1919191213993243 ], 
  [ 1134658561, 8860681707028561, 480131885694764805841 ],, [ 1091810347 ], 
  [ 10753712160125729779 ], [ 1047185537, 304176702215489, 3633629290005518513 ], 
  [ 68678425481, 6856347802151 ], [ 36227719425983671 ],, [ 1674116905911633680713 ], 
  [ 2096199189361 ],, [ 5774595859, 215463378595127851, 1971450256606453993 ], 
  [ 444834145729, 4880896831441, 10628135899839144793 ], [ 6214035719, 2297205075881 ], 
  [ 309352218481 ], [ 11524327201, 1123534060876021, 1337898259469014291 ],,, 
  [ 181663440588700717 ],, [ 586698334778921 ], [ 3945613213 ], [ 1108262276843929 ],,, 
  [ 2601941191, 12052209832020461 ], 
  [ 1134256610790396017, 32668648996022889809, 2046152594739533031347 ],, 
  [ 707017428713, 64328368057172474861, 84955070465738109843373 ], [ 128374560113 ], 
  [ 147756931571868328159142851 ], [ 447585241110087923 ], 
  [ 6744138766490833, 2686317651099689489 ],, [ 431347639527073 ], 
  [ 1113720851, 23579337927415051, 126820656318685451 ],,, 
  [ 17621369697931, 6251528163935237 ],, [ 1208972888807396161 ], 
  [ 1441624417, 344811250741171, 176029590311441591 ],, [ 16773518107 ],, 
  [ 112667302737961, 792401884556521, 19929227949544261 ], [ 404570478313, 3828101306549521 ]
    , [ 1109811032346009401717 ], [ 96991315705441 ],, [ 23502539891 ],, 
  [ 167903123184663952417, 38186732480622535417092713 ],, [ 2442084518595480993826243 ], 
  [ 8445127841, 408086760251 ], [ 4481769662928660049 ], [ 215218018819 ], 
  [ 744006560977, 1916908660307, 184449716241533 ], [ 193803745396873, 10844903751657306241 ]
    , [ 4008233045657157601 ],,, [ 967111161033758413 ], [ 1212486762593 ],, 
  [ 9246118951, 26090317657 ],,, [ 15517074126949, 182697531192487 ],,,,, 
  [ 3528141701392507 ],,,,,,, [ 541323245893 ],,,, [ 2938985817301 ], [ 1960309663794667 ],, 
  [ 2964531755617 ],,, [ 2430640907, 18357156067 ], [ 13834297573 ], [ 1270333063 ],, 
  [ 10545694141 ],, [ 502679088929, 1079470540852657 ], 
  [ 53029656011567, 10196390963719251409 ],, [ 62203761255241 ], [ 1030079161 ],, 
  [ 1860236491 ], [ 4232453889421817, 34395755458232449 ], [ 385381591568191 ], 
  [ 644330241673 ],,,, [ 399413633851, 25105842172301801 ],, [ 16019565731519681 ],,, 
  [ 38743225331, 183544449391 ], [ 5982078397, 11600492794453 ], [ 162224000863 ],,, 
  [ 77069136601, 13727970250731855721 ],,,, [ 287243719800857, 28553481922799300377 ],,,,,,,,
  , [ 258376119011 ],, [ 41973478526412001 ], [ 61593734249 ],,, [ 12486996474713617 ], 
  [ 24090661212150549721 ], [ 26698780741 ],, [ 1639736369 ],,,,, [ 7854422468177260597 ], 
  [ 462853003721 ], [ 4805064220504117831 ], [ 640599733979437 ], [ 15481980047339064169 ],, 
  [ 80605712828417837 ],,, [ 735620232931 ], [ 224838224102677, 3284941094698897 ], 
  [ 13214718875821 ], [ 93061070682401 ],, [ 320518649643481 ],,, [ 397131873031 ], 
  [ 282857172053, 24898608551083 ], [ 1703353133967101 ],,,,, [ 12776949663353 ],, 
  [ 1403162372917 ],, [ 28163431297 ],,,, 
  [ 179975138395081, 360883808477221, 1071462938014981, 95216606980604177881 ],, 
  [ 5719776607 ], [ 10695209069328463 ], [ 4258523459297 ],, 
  [ 626848633291, 6434158490105872951, 9836831343287602117 ], [ 53515106387, 67817117863307 ]
   ,,, [ 3972711091 ],, [ 16918413281857 ],,,, [ 448687317236396501 ],,,, [ 498636519231401 ]
   ,,,, [ 460784977777 ], [ 84898782692741 ],, [ 1520762839 ],,, [ 17984634563685046501 ],, 
  [ 1796264273, 6359522980015089901 ],,,, [ 425687066705982097, 2431564390806510763897 ],, 
  [ 6469592827479334859417 ],, [ 12638213738924441, 140130524699260961 ], 
  [ 3846368648461, 1103572677149353 ], [ 583553594320199841293341 ],,,,,,,, 
  [ 2920039659859691 ], [ 2460940147, 6736049833 ],, [ 1189142813 ],, [ 316653355901 ], 
  [ 106092362777759653 ],, [ 6036203599, 8525177924759, 88671310344647 ],,, [ 23517932231 ], 
  [ 105208173783685897 ],, [ 64105624469657, 81983218587538841 ],,,, [ 19326692469857 ], 
  [ 42749598589 ], [ 2085565931, 10084495961 ], [ 3286940581 ], 
  [ 1284212989, 1434393984577, 6125539024441 ],,, [ 226973983501 ], [ 62622845245096529 ], 
  [ 9331318752281 ],, [ 5378836769 ],,, [ 30516033036324508633 ],,,,,, [ 8565271163557 ], 
  [ 225924766469 ],,,, [ 4224418129549, 5212346637615643 ], [ 1132261303, 398581054309 ],,,,,
  ,,, [ 557262299557 ],, [ 2980229041, 172914512277953, 378110945375309, 612087342995173 ],, 
  [ 8732091896181386441 ],,,, [ 9404046690503651 ], [ 11976200176177 ], [ 115228785253 ],, 
  [ 1804047388402591 ],,,, [ 2539191882809634901 ], [ 2516640589 ],,,,, [ 161834083457 ], 
  [ 9446876311 ], [ 220289050801, 3989688555217 ],,,, 
  [ 1745813535546851, 410079761828798051 ], [ 3285833401 ],,, [ 38829571320019 ], 
  [ 7482884591701 ], [ 1603971822467141 ],, 
  [ 16374794476771, 10382747162276161, 237315130142651263 ],,, [ 13185888739 ], 
  [ 6907444213 ],,,, [ 36649249363228367 ], [ 134070281547207517 ], [ 2839304201 ],, 
  [ 4203057507718690771 ],,,,,, [ 2029977793 ],, [ 566374606667767 ],, 
  [ 159432140340194089721 ],,,,,,,, [ 364152371964571933 ],,,, [ 20876260352417 ], 
  [ 2521007030917 ], [ 1206589231, 1737241507 ], [ 6991263091 ], [ 12256194719462921 ],, 
  [ 434802989532596933 ],,,,, [ 4290763694257 ], [ 4148804022529, 160683443634983393 ],,,, 
  [ 19854975073 ], [ 74202171735588541 ],,, [ 1634597533 ],, [ 14646704753 ],,,, 
  [ 9581783473 ],,,,,, [ 34680933457 ], [ 13790852501, 18160653751 ],,, [ 1802469901 ],, 
  [ 7901242310154691 ], [ 20626646683 ], [ 1492726489 ],,,, [ 2895887989 ],,,,,, 
  [ 6382264748063779 ],,, [ 14744870281, 23083496071 ],,, [ 892678717134577 ], 
  [ 1871242231 ],, [ 801615307921 ],,, [ 1702263247 ],,,, 
  [ 4400774407, 3481993354813, 268429891409310373 ],,,,,,,,, [ 128789778709 ],, 
  [ 50522627119 ],,, [ 3466299649, 2314143236833 ], [ 25447302367 ], [ 120341286623 ],, 
  [ 75206593333 ],,,, [ 48070647041 ],, [ 9047473381 ],,,,,, [ 143350334273, 25819704732113 ]
   ,, [ 2510397126424875031 ], [ 300243230460241 ],,, [ 2923858783 ],, [ 154529751493921 ],, 
  [ 16806804169 ],, [ 26417053601 ],, [ 551169933913 ],,,,, [ 60736828741 ], [ 1558696693 ],
  , [ 5760625647345931 ],,,,, [ 172072818061 ],,, [ 30497446337 ],,,, [ 11207479870211 ],,,, 
  [ 853873262947, 205252423217689, 647812960568401, 20512500769703053 ],,,,,, 
  [ 3364952029, 19106319890461 ],, [ 68163562300663 ], [ 1404444459196171 ], [ 243343287713 ]
   ,, [ 1489176253 ],,,, [ 73818890251 ],,,, [ 1294385347 ], [ 2392116607 ],,, 
  [ 2950518557251 ], [ 8459082259 ], [ 4544053249, 6442427617 ],, 
  [ 1373029953283, 336570557793083563 ],,,,,, [ 13309844281 ],,,,,,,,, [ 1143702941 ],, 
  [ 466168682983 ],,, [ 2121385353301 ],,,, [ 3398974637 ], [ 1931497783 ], [ 3832059237241 ]
   ,, [ 3267465791 ],,,,,,,, [ 29505054301 ],, [ 6348984841 ], [ 5392788571 ], 
  [ 3758337237917 ],,,,,, [ 178890080801 ],,,, [ 327122325457 ],,,, [ 3929474448409 ],,,, 
  [ 6367358089, 13578457873121 ], [ 4725931603 ],,, [ 793332598753 ], [ 1483908931 ], 
  [ 3993835921 ],,, [ 5218202111 ],,,,,,, [ 5670380487423241 ], [ 2320460533 ],, 
  [ 33538993801 ], [ 59277469057 ],, [ 12445204039 ],,,,,,,,,,,,,,,,, [ 1389931493 ], 
  [ 4391688529, 6694047277 ],,,, [ 46569829993 ],, [ 2381884363 ], [ 8530581253 ], 
  [ 9127137750781 ],, [ 174585225169 ], [ 2236593563377 ],,, [ 38213570125560793 ],, 
  [ 35652724157 ],,,, [ 1859436233 ],,,,,,,, [ 66343379521, 3103180798961 ],, 
  [ 766572634423 ],,,, [ 121693156999 ],,,,,,,,,,,, [ 418122960482977 ],,,,,,,,,, 
  [ 31165921748329 ],,,,,, [ 4556770987931 ],, [ 188603110273 ],,,, 
  [ 167961980401, 5842102887281, 19803798208561 ],,,,,, [ 1913340565886983 ],,,, 
  [ 15400725996476671 ], [ 13985162739619 ],,,,,,,,,, [ 5938713107 ],,, [ 4323317041 ],, 
  [ 1142980502819 ],, [ 7056946129 ],,,, [ 1583413105665497 ],, [ 87470896405966147 ],,,,,,, 
  [ 1848110633 ], [ 71275792121 ],,,, [ 1807904440376161 ],, [ 15218713434233 ],, 
  [ 85389534204011 ],,,,,, [ 1550219410561, 8587670026477169 ],,,, [ 3300851353661 ], 
  [ 921865594681 ],,,,,,, [ 9329626697 ],,,, [ 11279568737 ],,,, 
  [ 1680072130369, 62612277116821, 535738550363773 ],, [ 1181246985234677 ],, 
  [ 4956332383056001 ],,, [ 1258760989 ],, [ 2502387691 ],,, [ 17416887233761 ], 
  [ 20643532583 ], [ 65999047353391 ],,,, [ 11588301913022017 ],,,,,,, [ 13210118653 ],,,,,,,
  ,,,,,,, [ 6853697551 ], [ 2395948913, 81042572710261 ],,,,,,, [ 5312891809 ], 
  [ 21752269309 ],,,,,, [ 8684849679915151 ],,,,, [ 3070758961 ],,, [ 1298536301 ], 
  [ 8875097761 ],,, [ 2955793447, 47055605761 ],,,,,,,, [ 1735589221 ],,,,,, [ 7065394753 ],,
  ,, [ 14232998311201 ],,,,,,,,, [ 20321164711 ],,, [ 20975573235709 ],,, [ 3851560995691 ],,
  ,,,,,,,,,,,,,, [ 1825617421 ],,, [ 1671666173 ],,,,,,,, [ 34384896151 ],,, [ 27837537751 ],
  ,,,,, [ 8316073351 ],, [ 1174660411, 1667905163 ],,,,,,, [ 9853419920171521 ],,,,,,,,,, 
  [ 501331261051 ],, [ 7894167553 ],, [ 392421477043 ],,,,,,,, [ 170056579351 ],,,,, 
  [ 2615818831 ],,, [ 330785010271, 479147670607321 ],, [ 3604837689073 ], [ 3373719259 ], 
  [ 3094376371 ], [ 5549473301 ],,,,,,,,,,,,,,,, [ 49164194161 ],,, [ 3689906557 ],,,, 
  [ 16031216701 ],, [ 1415821201 ],, [ 2577669769 ],,,,,,,, [ 5772724871 ], [ 1128315343 ], 
  [ 14536829809, 17450349337, 22036024057 ],,, [ 2509818211 ],,, [ 323228201943697 ],, 
  [ 733804189681 ],,,,,, [ 4837510343 ],,, [ 2202948089 ],,,, [ 89296994287 ],,,,,,,,,,,,, 
  [ 3505022921 ], [ 163914715763 ],,,, [ 128092879891 ],,, [ 4150714921, 310205533837 ],,,,,
  , [ 30330426421, 47518541154001 ],,,,,,,,, [ 5884672789 ],,,, [ 10759688791 ],,,,,, 
  [ 5950066597 ],,, [ 3492596189 ],,,,,,,,,,,,,, [ 12975010273 ],,,,,,,,,,, 
  [ 6193925281, 9188097599 ],,,, [ 22524561067 ],,,,,,, [ 1643353573 ],, [ 4455861961 ],,, 
  [ 50848676803 ],,,,,,, [ 783721026901 ], [ 133469429699 ], [ 8977135213 ], [ 86165826491 ],
  , [ 45914302561 ],,,,,,,,,,,, [ 2015219761 ], [ 43627492933 ],,,, [ 5987153537 ], 
  [ 2655741463, 103442129407 ],,, [ 8626038061 ],,,,, [ 2928648797 ],, [ 3775324633 ], 
  [ 68622106169 ],,,,,, [ 26420710301 ],,,,,,, [ 2571415309 ],,,,,,, [ 47136802073 ], 
  [ 749106415331 ],,,, [ 70528839079 ],,,,,,,,,,,,,,,, [ 6013211731 ],,, [ 3578424961 ],,,,,,
  , [ 2899292551 ],, [ 1184478803 ],, [ 20785486459 ],, [ 63400018081 ],, [ 4353756727 ],,,,,
  ,,,,,,,,,,,,,,,, [ 1773834149 ],,,, [ 53996471689 ],, [ 2650663801 ], [ 4695406981 ],,,,,,,
  , [ 1046673504017 ],, [ 18079129891 ],,,,, [ 2599291301 ],,,,, [ 2012395667, 10310550853 ],
  ,,,,,,,,,,,,,, [ 25818890389 ],,,, [ 3495551921 ],, [ 475164802949 ],,,, [ 2274428641 ],,,
  , [ 9173278501 ],,,,,, [ 2350938560587, 34226034382219 ],,,,,,, [ 1111924883 ],, 
  [ 2951990841091 ],,,,,,, [ 132425254098727 ],,,,,,,,, [ 19617676717 ],,,,,,,,,,,, 
  [ 8338196099 ],,,,,,,,,,,,,, [ 125229176803 ], [ 1141316017, 37695333253 ],,,,,,,, 
  [ 1123429609 ], [ 2425216891697 ],, [ 67237887339841 ],, [ 965608388417 ],,,,, 
  [ 85484094953 ],, [ 23616559453 ],,,,,,,,,,,,,,,,,,,,,,,, [ 2240214373 ],,,,,,,, 
  [ 8531299841 ],,,,,,,,, [ 3641035546999 ],,,,,, [ 2901145001 ],,,, [ 3138975487 ],,,, 
  [ 2598479654717 ], [ 2613373849 ],,,, [ 6826340431 ],,,,,,,,,,,,, [ 450742322841721 ],,,,,,
  ,,,,, [ 2782666657 ],,,, [ 156351264469 ],,,,,,,,,, [ 5074200617 ],,, 
  [ 3023936087, 4036148101, 15758358599 ],,,,,,,,,,,,, [ 1045376821 ],,,,,,, [ 9333021557 ],
  , [ 2616100579 ], [ 3694686283 ],,,, [ 314020361143 ],,,,,, [ 1622308321 ],,,,,,,,,,,,,,,,,
  ,,,,,,,,,,,,, [ 203318594363 ], [ 1442768251 ],,, [ 5302170739 ],,,, [ 1428147001 ],,,,,,, 
  [ 1340341507 ], [ 1004343643 ],, [ 3085672481 ],,,,,,,,,,, [ 2152314011 ],, [ 1416545443 ],
  , [ 8968890401 ],,,,,,, [ 22014455563 ],,,, [ 1975362437 ],,,, [ 8148878341 ],,,,,,,,,,,, 
  [ 4776661131691 ],,,,,, [ 3236799121 ],,,,,,,,,,,,, [ 521370415309 ],,,, [ 55322739751 ],,,
  ,,, [ 12329005543 ],,,,,,,,,,,, [ 451687607773 ],,,,, [ 176816689897 ],,,,,,,,, 
  [ 4595330097877 ],, [ 1696077241 ], [ 42945809701 ],,,,,,,,,,,,,,, 
  [ 23604570001, 74035492501 ],,,,,,, [ 12651575621 ],,,,,,,,,,,, [ 238020491413 ],,, 
  [ 2857268989 ],,,,,,,,,,,,,, [ 3876387061 ],,,,, [ 180268636133 ],,, [ 56662927081 ],, 
  [ 3438201959 ],,,,, [ 6654258739 ],,,,,,,,,, [ 5008958593 ],, [ 7346863039 ],,, 
  [ 1092892204543 ], [ 3121495063 ],,,,, [ 9680561881 ],,,,,,,,,,,,,,,,,, [ 3284418901 ], 
  [ 185646234401 ],,, [ 114598068289 ],,, [ 17367944329 ],,,,,, [ 32559246799 ],,,,,,,,,,,,, 
  [ 1607039633 ], [ 1016475769 ],,,,,, [ 16145168671, 25748235991 ],, [ 1588440001 ],,,,, 
  [ 2593752211 ],,, [ 1180703489969 ], [ 14847996661 ],,,,,,,,,,,,,,,,,,,,,,,,,,,,,,,,,,,,,,,
  ,,, [ 17418306193 ], [ 7383385333, 31951544257 ],,,, [ 18265436153 ],,,, [ 255204476081 ],,
  ,,,,,,,,,,,,, [ 2980832951 ],,,,,,,,,,,,,,,,,,,,, [ 2791127921 ],,,,,,,,,, [ 4057804999 ], 
  [ 39585439489 ],,,,,,,, [ 2469689731 ],,,,,,,,,,,, [ 127214379708943 ],,,,, [ 1800452681 ],
  ,,,,,, [ 44317115347 ], [ 3774330841 ],,,,,,,, [ 2605867681 ],,,,,,,,,,,,,,,,,,,,,,,,,,,,,
  , [ 93890563471 ],, [ 3922866401 ],,,,,,,, [ 67940172197 ],,,,,,,,,,,,,,,,,,,,,,,,,,,,,,,, 
  [ 1994241541, 22668519901 ],,,,,,,,,,,,, [ 5801869921 ],,,,,,,,,,,, [ 115150894711 ],,,,, 
  [ 29573449526251 ],,, [ 1696531531 ], [ 1990079141, 277535209337 ],, [ 1462887409 ],, 
  [ 1071888360841 ], [ 28271547649 ], [ 27703360241 ],,,,,,,,,,, [ 18778467511 ],,,, 
  [ 1964821951 ],,,,,,,,,,,,, [ 16576605761 ],,,, [ 755965166329 ],,,,,,,,, [ 201704385247 ],
  ,,,,,,,,,,,,,,,,,,,,,,,,,,,,,,,, [ 2174653153 ],, [ 1740441473 ],,,,,, [ 6750524593 ],,,,,,
  ,, [ 1824697451 ],, [ 27326824897 ],,,,,,,, [ 1281423361 ],,,,,,, [ 2465883793 ],,,,, 
  [ 11866568069 ],,,,,,,,,,,,,, [ 6796241839 ],,,,, [ 1829062399 ],,, [ 1099621657 ],,,,,, 
  [ 26450500801 ],,,, [ 1246399477 ],,,,,,,, [ 202394932376473 ],, [ 8610455563 ],,,,,,,, 
  [ 407767602719 ],,,,,,,, [ 1428878881 ],,,,,,,,,,,,,,, [ 11912705041 ],,,,,,,,,,,,,,,,,,,,,
  ,,,,,,,, [ 7325877679 ],,,,,,,,,, [ 20156708629 ],,,,,,,,,,,,,,,,,,,,,,,, [ 2234182789873 ]
   ,,,,,,,,,,,,,, [ 1177958107 ], [ 14591785639 ],,,,,,,,,,,,,,, [ 1530477451 ],,,,,,,,, 
  [ 1757654137 ],,,,,,,,,,,,, [ 25467402241 ],,,,,,,, [ 1369822561 ],, [ 1113005321 ],, 
  [ 30057469669 ],,,,,,,,,,,,,,,, [ 383672151661 ],,,,,,,, [ 96795689101 ],, [ 43920920269 ],
  ,,,,,,,,,,,,,,,,,,,,,,,,, [ 15558795457 ],,,,,,, [ 4389334912777 ],,,,,,,,,,,,,,,,,,,,,,,,,
  ,,,,,,,,,,,,,,,,,,,, [ 7729818673 ],,,,,,,,,,,,,,,,,, [ 141393687511 ],,,,,,,,, 
  [ 12462413959 ],,,,,,,,,,,,,,,,,,,,,,,,, [ 21896581169 ],,,,, [ 21799883821 ],,,,,,,,,,,,, 
  [ 15504327901 ],, [ 688605837769 ],,,,,,,,,,,,,,,,,,,,,,,,,,,,,,,,,,,,,, [ 144344596271 ],,
  ,,,, [ 5280799969 ],,,, [ 497761263589 ],,,, [ 296241212401 ],,,,,, 
  [ 58133537899, 29855609770507 ],,,,,,,,,,,,,,,,,,,,,,,,,,,,,, [ 17154334409 ],, 
  [ 2806294899871 ],,,,,,,,,,,,,,,, [ 3091218773 ],,,, [ 24696009439 ],,,,,,,,,,,,, 
  [ 15582094111 ],,,,,,,,,,,,,,,,,,,,, [ 2028691729 ],,,,,,,,,,,,,,, [ 695874811141 ],,,,,,,,
  ,,,,,,,,,,, [ 66249393652751 ],, [ 2649044977729 ],,,,,,,,,,,,,, 
  [ 3099099859, 18354361313 ],,,,,,,,,,,,,,,, [ 3006108913 ],, [ 39448819841 ],,,,,,,,,,,,,,,
  , [ 1601677249 ],, [ 7792723193 ],,,,,,, [ 8867623081 ],,,,,,,,, [ 1927647979 ],,,,,,,,,,,
  , [ 4955915249407 ],,,,,, [ 2926230289 ],,,,,,,, [ 1823334061 ],,,,,,,,,,,,,,,,,,,,,,,,,,,,
  ,,,,,,,, [ 1662414715889 ],,,,,,,, [ 45348974057 ],, [ 4271554267 ],,,,,, [ 302722624513 ],
  ,,,,,,,,, [ 1790999513 ],,,,,,,,,,,,,,,,,,,,,,,, [ 2258145863 ],,,,,,,,,,,,,, 
  [ 17385576001 ],,,,,,,, [ 817646863169 ],,,,,, [ 77723682637 ],,,, 
  [ 6689054941, 7371221623, 97693138573 ],,,, [ 2328240853 ],,,, [ 1949632829 ],,,,,, 
  [ 1520931409 ],,,,,,,,,,,,,, [ 126540897869 ],,,,,,,,,,,,,,,,,,,,,,,,,, [ 4773495553 ],,,,,
  , [ 47091877171 ],,,, [ 3736631537 ],,,,,,,,,,,,,,,, [ 531714899423 ],,,,,,,,,,,,,,,,,, 
  [ 6986533709 ],,,,,,,,,,,,,, [ 109586821501 ],,,,,,,,,,,, [ 2089226189 ],,,,,,,,,,,, 
  [ 1596019343 ],,,,,,,,,,,,,,,,,,,,,, [ 169986473537 ],,,,,,,,,,,,,,,,,,,,,, 
  [ 211707750577 ],,,,,,,,,,,, [ 82869397651 ],, [ 16348624601 ],,,,,,,,,,,,,,,,,,,,,,,,,, 
  [ 1274340853 ],,,,,,,, [ 10841919661 ],, [ 1994799041 ],,,, [ 7239852601 ],,, 
  [ 4514649751 ],,,,,,,,,,,,,,, [ 56060457121 ],, [ 1002505601 ],,,,,,,,,, [ 9971020459 ],,,,
  ,, [ 14368986817 ],, [ 4503511981 ],,,,,,,, [ 1082443003 ],,,,,, [ 27360081473 ],,,,,,,, 
  [ 8184285451057 ],,,,,,,,,,,,,, [ 10297526731 ],,,,,,,,,,,,,,,,,,,,,,,,,,,,,,,,,,,,,,,, 
  [ 3345399163, 371382038371 ],,,,,,,,,,,, [ 3927806257 ],,,,,, [ 1157683057, 1997525281 ],,,
  ,,,,, [ 18309639913 ],, [ 97653227183 ],,,,,,,,,,,,,,,,,,,, [ 2862730837 ],,,,,,,, 
  [ 2767191043 ],, [ 1526181073 ],,,,,,,,,,,,,,,,,, [ 577424296931 ],,,, [ 1816538231 ],, 
  [ 20727389729 ],,,,,,,,,,,,,,,,,,,,,,,,,,,,,,,, [ 93113614801, 14721621222614401 ],, 
  [ 4600330321 ],,,,,,,,,, [ 4076073373 ],,,, [ 2396218337 ],,,,,,,,,,,,,,,,,,,,,,,,,,,,,, 
  [ 3490097041 ],,,,,,,,,,,,,,,, [ 4828918273 ],,,,,,,,,, [ 4934007649 ],, [ 106788748529 ],,
  ,,,, [ 2296548161 ],,,,,, [ 2450463859 ],,,, [ 7895718091 ],,,,,,,,,,,, [ 2540242063 ],,,,,
  ,,,,,,,,,,,,, [ 103742790841 ],,,,,,,,,,,,,,,,,,,,,,,,,,,,,,,, [ 36997121281 ],,,,,,,,,,,,,
  ,,,,,,,,,,,,,,,,,,,,,,,,,,,,, [ 10457185943 ],,,,,,,,,, [ 5362118401 ],,,,,,,,,,,,,,,,,,,,,
  ,,,,,,,,,,,,,,,,,,,,,,,,,,,,,,,,,,,,,,,,,,,,, [ 2580431663278504351 ],,,,,,,,,,,,,,,,,,,, 
  [ 2183246941, 22394002571 ],,,,,,,,,,,,,,,, [ 4697617303 ],,,,,,,,,, [ 1612745861 ],,,,,,,,
  ,,,,,, [ 29722762921 ],,,,,,,,,,,,,,,,,,,,,,,,,,,,,,,,,,,, [ 16834797481 ],,,,,,,,,,,,,,,,,
  ,,,,,,, [ 2138225041 ],,,,,,,,,,,, [ 43830716407 ],,,,,,,,,,,,,,,, [ 5200867057 ],,,,,,,,,,
  ,,,,,,,,,,,,,,,,,,,,,,,,,,,, [ 1530531601 ],,,, [ 3302221301 ],,,,,,,,,,,,,, 
  [ 5554259383, 5723239287361 ],,,,,,,,,,,,,,,,,,,,,,,,,,,,,,,,,,,, [ 1483627801 ],,,,,,,,,,,
  ,,,,,,,,,,,,,,,,,,,,,,,,, [ 92163656257 ],,,, [ 4999438601 ],,,,,,,,,,,,,,,,,,,, 
  [ 1424872321 ],,,,,,,,,,,, [ 1655457247 ],,,,,, [ 3306128653 ],,,,,, [ 10943257411 ],,,,,, 
  [ 1259147401 ],,,,,,,,,,,,,,,,,, [ 3265297213 ],,,,,, [ 1813485697 ],,,,,,,,,,,,,,,,,,,,,,,
  ,,,,,,,,,,,,,,,,,,,,,,,,,,,,,,, [ 53878565131 ],,,,,,,,,,,,,,,,,,,,,,,, [ 157403055889 ],,,
  ,,,,,,,,,,,,,,,,,,,,,,,,,,,,,,,,,,,,,,,,,,,,,,,,,,,,,,,,, [ 1433976967 ],,,,,,,,,,,,,,,,,,,
  ,,,,,,,,,,, [ 3514579417 ],,,,,,,,,,,,,,,,,,,,,,,, [ 8689208641 ],,,,,,,,,,,,,, 
  [ 1405785191 ],,,,,,,,,, [ 1017412681 ],,,,,, [ 22061265409 ],,,, [ 1625566968601 ],,,,,,,,
  ,,,,,,,,,,,,,,,,,,,,,,,,,,,,,,,,,,,,,,,,,, [ 208828485001 ],,,,,, 
  [ 4648209361, 7190517091 ],,,,,,,,,,,,,,,,,,,,,,,,,,,,,,,,,,,, [ 7007061493 ],,,,,,,,,,,,,,
  ,,,,,,,,,,,,,,,,,,,,,,,,,,,,,,,,,,,,,,,,,,,,,,,,,,,, [ 10916582401 ],,,,,,,,,,,,,,,,,,,,,,,
  ,,,,,,,,, [ 1103424481 ],,,,,,,,,,,,,,,,,,,,,,,,,,,,,,,,,,,,,,,,,,,,,,,,,,,,,,,,,, 
  [ 19197634717 ],,,,,, [ 2137398817 ],,,,,,,,,,,, [ 10678651021, 290951228989 ],,,,,,,,,,,,,
  ,,,,,,,,,,,,,,,,,,,,,,,,,,,,,,,,,,,,,,,,,,,,,,,,,,,,, [ 14370354727 ],,,,,,,,,,,,,,,,,,,,,,
  ,,,,,,,, [ 7433050151869, 467353849440637 ],,,,,, [ 4158263354322067 ],,,,,,,,,,,,,,,,,,,,,
  ,,, [ 6614981698609 ],,,,,,,,,,,,,,,,,,,,,,,,,,,,,,,,,,,, [ 4462150501, 9726351517 ],,,,,,,
  ,,,,,,,,,,,,,,,,,,,,,,,,,,,,,,,,,,, [ 23298340201 ],,,,,,,,,,,, [ 24347059669 ],,,,,, 
  [ 1000167211 ],,,,,,,,,,,, [ 3268757251 ],,,,,,,,,,,,,,,,,,,,,,,,,,,,,,,,,,,, 
  [ 1146421009 ],,,,,,,,,,,,,,,,,,,,,,,, [ 8003610271, 86001930541 ],,,,,,,,,,,,,,,,,,,,,,,,,
  ,,,,,,,,,,,,,,,,,,,,,,,,,,,,,,,,,,, [ 9625952701 ],,,,,,,,,,,,,,,,,,,,,,,,,,,,,,,,,,,,,,,,,
  ,,,,,,,,,,,,, [ 15754147921 ],,,,,,,,,,,,,,,,,,,,,,,,,,,,,,,,,,,,,,,,,,,,,,,,,,,,,,,,,,,, 
  [ 1043580673 ],,,,,,,,,,,,,,,,,, [ 16118521849 ],,,,,,,,,,,,,,,,,, [ 24560496721 ],,,,,,,,,
  ,,,,,,,,,,,,,,,,,,,,,,,,,,, [ 4162515481 ],,,,,,,,,,,,,,,,,, [ 2170406440603 ],,,,,, 
  [ 6279060481 ],,,,,,,,,,,,,,,,,,,,,,,,,,,,,,,,,,,,,,,,,,,,,,,,,,,,,,,,,,,,,,,,,,,,,,,,,,,,,
  , [ 14776270969 ],,,,,, [ 1073835253 ],,,,,, [ 23334078421 ],,,,,,,,,,,,,,,,,,,, 
  [ 65931407081 ],,,,,,,,,, [ 198090549001 ],,,,,,,,,,,,,,,,,,,,,,,,,,,,,,,,,,,,,,,,,,,,,,,,,
  ,,,,,,,,,,,,,,,,,,,,,,,,,,,,,,,,,,,,,,,,, [ 21070016101 ],,,,,,,,,,,,,,,,,,,,,,,,,,,,,,,,,,
  ,,,,,,,,,,,,,, [ 16505992387 ],,,,,, [ 6690770857 ],,,,,, [ 2530899901 ],,,,,,,,,,,,,,,,,,,
  ,,,,,,,,,,,,,,,,,,,,,,,,,,,,,,,,,,,,,,,,,,,,,,,,,,,,,,,,,,,,,,,,,,,,,,,,,,,,,,,,,,,,,,,,,,,
  ,,,,,,,,,,,,,,,,,,,,,,,,,,,,,,,,,,,,,,,,,,,,,,,,,,,,,,,,,,,,,,,,,,,,,,,,,,,,,,,,,, 
  [ 843894987409 ],,,,,,,,,,,,,,,,,,,,,,,,,,,,,,,,,,,,,,,,,,,,,,,,,,,,,,,,,,,,,,,,,,,,,,,,,,,
  ,,,,,,,,,,,,,,,,,,,,,,,,,,,,,,,,,,,,,,,,,,,,,,,,,,,,,,,,, [ 91886582569 ],,,,,,,,,,,,,,,,,,
  ,,,,,,,,,,,,,,,,,,,,,,,,,,,,,,,,,,,,,,,,,,,,,,,,,,,,,,,,,,,,,,,,,,,,,,,,,,,,,,,,,,,,,,,,,,,
  ,,,,,,,,,,,,,,,,,,,,,,,,,,,,,,,,,,,,,,,,,,,,,,,,,,,,,,,,,,,,,,,,,,,,,,,,,,,,,,,,,,,,,,,,,,,
  ,,,,,,,,,,,,,,,,,,,,,,,,,,,,,,,,,,,,,,,,,,,,,,,,,,,,,,,,,,,,,,,,,,,,,,,,,,,,,,,,,,,,,,,,,,,
  ,,,,,,,,, [ 2067968953, 2720523709 ],,,,,,,,,,,,,,,,,,,,,,,,,,,,,,,,,,,, [ 4618389421 ],,,,
  ,,,,,,,,,,,,,,,,,,,,,,,,,,,,,,,,,,,,,,,,,,,, [ 1253364757 ],,,,,,,,,,,,,,,,,,,,,,,,,,,,,,,,
  ,,,,,,,,,, [ 116135447401 ],,,,,,,,,,,,,,,,,,,,,,,,,,,,,,,,,,,,,,,,,,,,,,,,,,,,,,,,,,,,,,,,
  ,,,,,,,,,,,,,,,,,,,,,,,,,,,,,,,,,,,,,,,,,,,,,,,,,,,,,,,,,,,,,,,,,,,,,,,,,,,,,,,,,,,,,,,,,,,
  ,,,,,,,,,,,,,,,,,,,,,,,,, [ 76002034321 ],,,,,,,,,,,,,,,,,,,,,,,,,,,,,,,,,,,,,,,,,,,,,,,,,,
  ,,,,,,,,,,,,,,,,,,,,,,,,,,,,,,,,,,,,,,,,,,,,,,,,,,,,,,,,,,,,,,,,,,,,,,,,,,,,,,,,,,,,,,,,,,,
  ,,,,,,,,,,,,,,,,,,,,,,,,,,,,,,,,,,,,,,,,,,,,,,,,,,,,,,,,,,,,,,,,,,,,, [ 15123768571 ],,,,,,
  ,,,,,,,,,,,,,,,,,,,,,,,, [ 5142903361 ],,,,,,,,,,,,,,,,,,,,,,,,,,,,,,,,,,,,,,,,,,,,,,,,,,,,
  ,,,,,,,,,,,,,,,,,,,,,,,,,,,,,,,,,,,,,,,,,,,,,,,,,,,,,,,,,,,,,,,,,,,,,,,,,,,,,,,,,,,,,,,,,,,
  ,,,,,,,,,,,,,,,,,,,,,,,,,,,,,,,,,,,,,,,,,,,,,,,,,,,,,,,,,,,,,,,,,,,,,,,,,,,,,,,,,,,,,,,,,,,
  ,,,,,,,,,,,,,,,,,,,,,,,,,,,,,,,,,,,,,,,,,,,,,,,,,,,,,,,,,,,,,,,,,, [ 5454954181 ],,,,,,,,,,
  ,,,,,,,,,,,,,,,,,,,,,,,,,,,,,,,,,,,,,,,,,,,,,,,,,,,,,,,,,,,,,,,,,,,,,,,,,,,,,,,,,,,,,,,,,,,
  ,,,,,,,,,,,,,,,,,,,,,,,,,,,,,,,,,,,,,,,,,,,,,,,,,,,,,,,,,,,,,,,,,,,,,,,,,,,,,,,,,,,,,,,,,,,
  ,,,,,,,,,,,,,,,,,,,,,,,,,,,,,,,,,,,,,,,,,,,,,,,, [ 6392502601 ],,,,,,,,,,,,,,,,,,,,,,,,,,,,
  ,,,,,,,,,,,,,,,,,,,,,,,,,,,,,,,,,,,,,,,,,,,,,,,,,,,,,,,,,,,,,,,,,,,,,,,,,,,,,,,,,,,,,,,,,,,
  ,,,,,,,,,,,,,,,,,,,,,,,,,,,,,,,,,,,,,,,,,,,,,,,,,,,,,,,,,,,,,,,,,,,,,,,,,,,,,,,,,,,,,,,,,,,
  ,,,,,,,,,,,,,,,,,,,,,,,,,,,,,,,,,,,,,,,,,,,,,,,,,,,,,,,,,,,,,,,,,,,,,,,,,,,,,,,,,,,,,,,,,,,
  ,,,,,,,,,,,,,,,,,,,,,,,,,,,,,,,,,,,,,,,,,,,,,,,,,,,,,,,,,,,,,,,,,,,,,,,,,,,,,,,,,,,,,,,,,,,
  ,,,,,,,,,,,,,,,,,,,,,,,,,,,,,,,,,,,,,,,,,,,,,,,,,,,,,,,,,,,,,,,,,,,,,,,,,,,,,,,,,,,,,,,,,,,
  ,,,,,,,,,,,,,,,,,,,,,,,,,,, [ 6658074151 ] ]);
