BRENTFACTORS[8733]:=MakeImmutable([ ,,,,,,,,,, [ 268000610782103 ],, [ 383955974811493267 ],,
  , [ 27112591553 ], [ 85008219732901 ], [ 1465847947 ], [ 7455551706979, 373203861295219 ],
  , [ 210964504600715245927 ],, [ 105162717013, 208284996431 ], [ 726567853007617 ], 
  [ 13059074866192320866572578868151 ],, [ 19521453727327948457800580137 ], 
  [ 2651131802805266257 ], [ 1309826441752662466873 ],, [ 4399352750933913042997477178447 ], 
  [ 72747937101793 ], [ 12954407347058306813778733 ], [ 165412782146119, 9482079121350617 ], 
  [ 594080163391035372521, 4826759325969976163371, 1287836686009236346210991 ],,, 
  [ 5390578178659, 56231389303247 ], [ 1641668885367280381 ],, 
  [ 20226892604045921, 12220960532192413181, 
      45869846908566847235921814047437630828916657158046348597 ],, 
  [ 28893092513, 23833085146043, 27902885472589, 5169869053417741, 150254227103555899 ], 
  [ 2782151426395786369 ], [ 1320512053231621, 674485761676506815615004788131 ],, 
  [ 1955569193935547 ], [ 2262297388250515249 ],, [ 107260853801, 7204165668101 ],, 
  [ 1456475446942309, 56129955154681337852338417 ], [ 42328103705873728625968568521957 ], 
  [ 531961100934188118031 ],, [ 40355719084633, 1593176504659489, 980856508895978201989321 ],
  [ 8418789267779105203, 17785752120825239798597153143, 913218270738969568660890883086907 ], 
  [ 568552129993236229 ], [ 1950563011 ],,,, [ 1278358819815799 ], 
  [ 275593784912609393281, 1166550737752735073794319993000645089217 ], 
  [ 127208167364378560281641, 8960200456501771580501191 ], 
  [ 10176564370538941, 22769478410410183, 4552039189555625527 ],,,, 
  [ 3463812871, 793292259912181, 4857725681581145801, 40250802115762070561 ], 
  [ 176676574933472167279469 ], [ 1447119433, 152810464753, 53891392889760866518025866949857 
     ],, [ 209615131503530473995023 ], [ 390355297519400640751 ], 
  [ 5844714641, 3205105861421, 5232055313321, 18260053175929, 906285115263337637, 
      1021536541226695957 ], [ 9279724609 ], [ 2143081981, 1300984100284693559842427585929 ],
  [ 114310576439, 62487166478915665584050183 ], 
  [ 34320733893336290833659361, 25766852839376705557771759131171481565441 ], 
  [ 1379664150602581 ], 
  [ 256055242867, 54235523153983, 6567357136378607079487, 1217753289493799079575886911 ], 
  [ 19342218997051997, 960723754190381944967 ], 
  [ 4210555861, 269431979678351197, 10670659908163885892641 ],, [ 6634911045583 ], 
  [ 750544082458633, 11937921590670184573 ], 
  [ 221370976471657, 92224325463622660761310248337 ], 
  [ 126088780583971, 994337723436107055791, 17381484920634436555543 ], [ 8840740591 ],,, 
  [ 84617168747320441 ], [ 55154612186861584427981 ], 
  [ 23399698995344851, 338970251923103231 ],,,, [ 4883199076999 ], 
  [ 9444026400245401, 105092775812208944947434711001 ],, 
  [ 97326898561, 22519906664341, 31259091958137181 ], [ 401143120597554945251 ],, 
  [ 1709037173752021, 711647079874344391 ],,,, [ 193189982441, 146871992676029 ], 
  [ 146088329971, 14925991528780795495657152221, 
      2257208596921225024591017572923611426445341721 ], [ 1646281849 ], 
  [ 843126321917713, 872423613167039176405204001 ],, 
  [ 898213848630298928331146797, 8769267539172620589819734661121549, 
      2715663960113054399070347206586631957787 ],, [ 8985905961541 ], [ 307997051762791 ], 
  [ 855462775957, 57663132882388242306583 ],, [ 1327805881, 17205562775879631961 ], 
  [ 1942561531531137991211 ], [ 918036700412431022051 ], 
  [ 1806323279697271, 942931505462034313 ], [ 87605854549, 5564035157178061 ],, 
  [ 10740058309, 312518328319 ],, [ 9415126657 ],,, [ 7128050512493 ], 
  [ 1162442689, 158822186105132872140061 ],,, [ 4287004203286223371, 12979290539349487261 ],,
  ,,, [ 3940684012220450612321, 1422497968720947003884461 ],,, [ 5911260042689 ], 
  [ 1792570264273, 917982795738504998087397649 ],, [ 96401587698307440893 ],, 
  [ 693269486222231209, 11040946778645448634061101 ], [ 82130956031 ],, 
  [ 171404045933, 561234019487 ], [ 10935087216495753361 ], [ 9592237387, 404659531621 ],,,, 
  [ 171006314964325943 ], 
  [ 1191895983162217, 876128340701519513, 108962458484025178544507227 ], 
  [ 2153178637, 68913208389699259, 132522931342443151 ],,,, [ 9827117529257537 ],, 
  [ 9043316041 ], [ 189913441544914160947 ], [ 11063378772092467 ],, 
  [ 33602974393, 247762678719869 ], [ 32031954881 ],, [ 4401771713 ], [ 81489168397349 ],, 
  [ 108776283701 ], [ 7809993811064369 ], [ 204560064307 ], [ 1374709309 ],,, 
  [ 23885348251 ], [ 17361529118026586221 ], [ 62542882639 ],, [ 34703983946397971 ], 
  [ 2145807141697, 9262854780349 ], [ 1167236423 ],, [ 1317738997 ], 
  [ 2845193951, 611155200956371, 50873895478142165111 ],,,,,, [ 3757382917 ], 
  [ 857709639487, 1266525463403 ], [ 7963549135156285903 ], [ 1182927772933 ],,, 
  [ 855909376563010671237013 ],, [ 57866163457 ],, [ 7353770360796489006939701 ], 
  [ 19458074107 ],, [ 1472524479031, 3871103875009575359 ], [ 358368175201 ],, 
  [ 29311202257, 822450022713776417187701861 ],,, [ 451206176164651 ], 
  [ 118883985553, 5481826853511150577 ],, [ 65603398404029198341865287 ], 
  [ 200659724989, 666133183447 ], [ 76951932711563160241 ],, [ 26612868151504529183347 ],, 
  [ 73031582884270529 ],, [ 13900516687 ],, [ 65358379453 ], [ 46867847334743 ],,, 
  [ 910623360313 ],, [ 27253929865501, 1273042995023546331360283 ], [ 5621889565518979601 ],,
  , [ 579940963883 ],,, [ 22067482894416259081, 25421120718303902237 ], [ 2316494133867299 ],
  [ 2542979275046563462961707 ], [ 2964716016646215929 ], [ 816051819731 ], 
  [ 307721452959127 ],, [ 123789220895737, 172949563242721, 16372269604429217 ],, 
  [ 38419473251 ], [ 2171517094878899 ], 
  [ 3024288508249, 166679644360321, 877455875319224172049815661 ], [ 7241607869 ], 
  [ 238704763161581934514433 ], [ 2413526732154061261 ], [ 327017702657, 285889269997604353 ]
   ,,,,, [ 43289951203, 21788739621435527047 ], 
  [ 3079179107145752519, 1484416511975661522629887 ], [ 34405938781 ], 
  [ 16531946377, 768625309618652641, 102912317772041247097, 269463124908472980673 ],,,, 
  [ 118729210232489, 2791994110229893957 ], [ 10375612451, 625964722139 ], [ 329338027981 ], 
  [ 3592793341, 30940122538229 ], [ 41408175409 ],, [ 5731938343 ],, 
  [ 1489859597894380962094513 ], [ 169135639836219269 ], [ 3862554845315062348747 ], 
  [ 47329222901041 ],, [ 312544803167, 31230123245786453 ],, [ 11546725695079 ], 
  [ 7623916638749, 2565593598941098093 ], [ 158505258001, 603493992893371 ], 
  [ 21390245613469591 ], [ 14140144673344159 ], [ 231071183189569, 19515487139832542113 ], 
  [ 73496680160021, 122195621269037, 2284041982685741 ], [ 1189635971, 3166909539148001 ], 
  [ 2079718219, 98780954717800591 ], [ 534097195909183661 ], [ 1094438688138564143 ], 
  [ 168030802128770252359423 ], [ 177584558122021 ],, 
  [ 4518396433, 5208398119, 1174241464309 ], [ 1593951918121, 33685411999699 ], 
  [ 1501289860877 ],,,,,,, [ 139028348143, 240132343819087 ],, [ 429563130001301297 ],,,, 
  [ 10473127081, 22129646761, 1090544723113 ], [ 1102107431 ], [ 5940160313 ],, 
  [ 153977841401 ],,,, [ 12442676161 ], [ 6077284351, 569456840997019 ], 
  [ 6485777851043219685496429 ],, [ 271977721248781078798933, 45863961406369262213552353 ],,,
  ,,, [ 131815496671, 359281280234581 ],,,, 
  [ 668690337253, 6790047039103, 1406578576567635610669 ],, [ 23159591631793 ],, 
  [ 20010219931184003 ],, [ 18651445443128261 ],, 
  [ 11344490761699, 223009894759732706614393 ],,,, [ 639879934313 ], [ 1750145857 ],,, 
  [ 7439405423101, 36986610663972522701, 426196085465135410356401 ],, 
  [ 44022760673, 122063708801, 41541150225944634497 ],, [ 1188435349, 368947577791789 ], 
  [ 67854330091 ],,,,, [ 8970309721, 18731722118041, 1555415239912947001 ], 
  [ 844916850858937 ],,,,,, [ 189805102743757 ], [ 258745959361, 3485689459182253009 ], 
  [ 1817079247 ],,, [ 104903988097 ], [ 3029752927, 60524619709 ], [ 2081394899 ],, 
  [ 30865645609 ],,,,,,,, [ 93216725377, 3583356956161 ], [ 471903551980631 ], 
  [ 316071911111017, 24085379271906973, 746690673646715389897 ], [ 1269379007893 ], 
  [ 179353917875712953 ], [ 1099416697, 5853342907, 179020404951727 ],,,, [ 1044524887807 ],,
  , [ 15748708933 ], [ 141256191141313 ], [ 259657182439 ],, 
  [ 12005348668952801, 37414447261650430801 ], [ 398201449873 ], 
  [ 208278102667, 354058503779833 ],, [ 11290185892464877 ], [ 48898932429421 ], 
  [ 2641993439 ], [ 6925873113193 ],,, [ 130903952582827271 ], [ 198321765168019 ],, 
  [ 11077254473027 ],,, [ 1465486049 ], [ 62928335165359, 1071680613134306193947413 ], 
  [ 1141452707891, 93436333517054581967 ], [ 7340727460537 ], [ 24611320803121501 ],, 
  [ 161193862086799 ],, [ 11069916233 ],, [ 19559347387 ],, 
  [ 149174261336129, 436942586153069 ], [ 13117375987 ],,, [ 13838021721781921 ],, 
  [ 2498289319, 13197731681, 117325677025196053 ],,,,, [ 171219610589 ], [ 249897403361 ], 
  [ 20205151471 ], [ 5270534505349517, 1207501040764085731 ],,,,, 
  [ 14547551527, 1879024406047 ], [ 734292109930649537 ], [ 25722706223 ],,,,, 
  [ 1981352099543 ], [ 182340109337863569821 ], [ 48925953649 ],, 
  [ 4544797465519, 154256604054573341 ], [ 1056107726029 ], [ 22507621902294308641 ],,,, 
  [ 297328824324641 ],,,,, [ 5229466313, 1886370664949, 83797880885629, 280198367348369 ], 
  [ 25368703019105861 ], [ 2096777024265361 ],,,, [ 667719391151 ], [ 39193787641 ],,, 
  [ 57565093393, 80655226123, 16670960253151 ], [ 118477936154401 ],, [ 9036152329 ], 
  [ 1155007561, 7914522616771 ],,, [ 1018581313951, 3721555131157, 25673306805981397 ], 
  [ 12625657139 ], [ 13218537623094721 ], [ 80598794191, 2704170182887 ], [ 1072671230401 ],,
  ,, [ 213928651301, 1403981986097235765091 ], [ 32072461769145601 ],,,,, 
  [ 25521182128979501 ],, [ 153159050923 ],,,, [ 7007457277283 ], [ 36579048169 ],,, 
  [ 2128936062361 ],, [ 34683935233, 14216165222401, 9770883356965931521 ], [ 68544587341 ], 
  [ 47167433591 ],, [ 579473269393 ], [ 3329044687 ], [ 31011464564263 ], [ 6019299721 ],, 
  [ 2489643307 ], [ 1044579058777, 6837559524793, 233901367252955551 ],, 
  [ 10724029714762577 ],,,, [ 101087340725479681 ],,,,,, [ 1113190568089 ],, 
  [ 170090588233, 639710561209, 30721359382393 ],, [ 17676013762839942089 ],, 
  [ 187987319202639421 ],, [ 89460760127 ],, [ 3592880186436193 ],, [ 7503982669 ],,, 
  [ 5138565337 ], [ 268706610701 ],,,, [ 10578872099 ],, [ 9774097192333 ],,,,,, 
  [ 4057861991, 220881780961, 374663773117 ],, [ 2906685050072450557 ],,,,,, [ 198890199751 ]
   ,, [ 67792815565333 ],, [ 1943094680381, 9653590038293167 ], [ 84508875851 ], 
  [ 71888234689 ],,,,,, [ 151727016941569 ],,, [ 3887557831 ],,,,,,, 
  [ 3132569391793, 58100419813313 ], [ 1721414957 ], [ 944704676323 ],, 
  [ 4637884261, 1659849419213, 5127948058984073, 51366381047782973 ], [ 1997707669 ],,, 
  [ 24250185775788601 ],, 
  [ 1225472137, 6559189127, 3200731445689, 1153317210780869, 36199773681303541 ],, 
  [ 18043341529 ],,,,, [ 82881619907731 ], [ 15327512207731, 449000772246281 ], 
  [ 2496024252437 ], [ 102899565914995657, 1059195049539503113 ],,,,,, 
  [ 44095460739961, 4720588823544259 ], [ 5867985059 ], [ 2075523781 ],,,, 
  [ 3609608262035569 ], [ 2582610001, 4082694232501 ], [ 68157230288429 ],,, 
  [ 1871164297, 9074243341 ],,, [ 152104659761 ],, [ 21001328617, 965206728784211 ],, 
  [ 1951549009261 ],, [ 1820878159 ],,, [ 8874415523, 20346664307 ],,,,,,,,, 
  [ 126184433436101 ],,, [ 1363742179 ],,,,,,,, [ 4377460603 ],, [ 203325611191 ], 
  [ 557668755004433 ],,, [ 335155650079 ],,,,,,, 
  [ 4765752227, 6124666344397, 15239487182119, 273493268806237 ],,,,,, 
  [ 4201178219719633721 ],,,, [ 2089163773, 369992371035673 ],, [ 10696180386752099 ],, 
  [ 3977616961 ],, [ 109283669701 ],,,,,,,,,,,,,,,, [ 10543462544330587 ],, 
  [ 170666766593101, 41648039823512389 ],,, [ 2754742483 ], [ 3735122640089041 ],,, 
  [ 74400074321 ],,, [ 744128012925547 ],, [ 353656097984164321 ],,,,,,,,,,, [ 2972532553 ], 
  [ 4751493650941 ],,,,,, [ 110640609033769 ], [ 3647145317, 21658205551 ],, [ 56582462119 ],
  ,,,,,,,, [ 31004435251 ],, [ 2404681681 ],,,,,,,,,,,,, [ 136610861851 ], 
  [ 126601816619, 6615297315251, 102910202963467 ],,, [ 74930993957 ],,, 
  [ 53141391836846293 ],, [ 3516674554987939 ],,,, [ 502890122297 ], [ 1015237516159 ], 
  [ 21701118316021 ],,,,,,,,,, [ 50369675077831 ],, [ 1160165953 ], [ 4190032783 ], 
  [ 648558348957551 ],,,,,, [ 6576145601 ], [ 8948440387, 13006654021 ],,, [ 1251696147217 ],
  , [ 187976313799, 152569364835551, 68874188445570379 ],,,,,,,, [ 116106854420503 ],,,,,,,,,
  , [ 2671583513 ],, [ 1246285321 ],,,,,,, [ 103153513751 ], 
  [ 2270333325643, 1573668298435279 ],,,, [ 1967122039 ],,,, [ 323418102643973 ],,,,, 
  [ 2822088809 ], [ 11944634668321 ],,,,,,,,,, [ 5745174007 ],, [ 1844073061 ],,,,,,,,,,,, 
  [ 5281070478049 ],,,,, [ 1419613933 ],, [ 7941415159 ], [ 10367818561 ],, [ 5094656879131 ]
   ,,,, [ 900783832871777 ],, [ 3305348093473 ],,,,,, [ 163603044390919387753 ],,,, 
  [ 2417910762979, 2815327095353, 1715005755682777 ],, [ 2707536557701 ],, 
  [ 21130331377, 58321266710653 ],, [ 113172383761 ],,,,,,, [ 1039417129021 ],, 
  [ 150775445789 ], [ 7305259368821 ],,, [ 1374808583 ],,, [ 58773130961 ],, [ 1715924981 ],
  , [ 18235615760209 ],, [ 7671655351, 64043635674527, 64206117492403 ],, [ 9624277036609 ], 
  [ 2133727201 ],,,,,,,,,, [ 15040595887, 30633318139 ], [ 56715444957481 ],, 
  [ 2690366131, 1289462315263 ],,,,,, [ 60956543149 ], [ 1177450873 ],,,, 
  [ 2453227849, 10020016004459 ],,, [ 41119512217009 ],,,, [ 307937402506561 ],,,, 
  [ 106781733413 ],, [ 1013173351303 ], [ 55712351155519 ],,, [ 1385840915184491 ],,,,,,,, 
  [ 129389470417 ], [ 1561506959 ],, [ 5813039107, 575898235669 ], [ 2939899817 ],,,,,,,,,, 
  [ 66216353797793 ],, [ 425369918737 ],,,,, [ 11731117141 ],,, [ 15296952449221 ],,,,,,,,,,,
  ,,,,,,, [ 83547539295001, 2588926118973781 ],,,, [ 140348978177, 292006377473 ], 
  [ 1014358451, 1459198201 ], [ 12672330626467 ], [ 304055546653 ],,,,,, [ 19818706207 ],,,,,
  ,,,,, [ 6730009651 ], [ 9139981969 ],, [ 2458665237481 ],,,, [ 36733187401 ],,,,,,,,,,,,,,,
  ,,,,, [ 1022111081 ],,, [ 198959095747 ],,,,,,,,,,,,,,,,,,, [ 162676514362909 ],,, 
  [ 68191611181 ], [ 4465844897 ], [ 92860102193 ],,,,,,,, [ 1324972351 ],,,,, 
  [ 280862474440831 ],,,, [ 2519581703, 116905219787 ],, [ 7867403821, 62471241615889 ], 
  [ 2565610493 ],,,,,,, [ 1022089169 ], [ 3101483251, 32910644251 ],,, [ 3057880537 ], 
  [ 460407128039 ],, [ 18656365261 ], [ 205164518813 ],,,,,,,, [ 2100671161, 391911640741 ],,
  ,,,,,,, [ 5398335211 ],,,, [ 5616011647 ],,, [ 1636963049 ],,,,,,,,,,,,,,,,,, 
  [ 4078085059 ],,,,,,,,,,, [ 3834444331 ],,,,,,, [ 12126893057 ],,,,,,,,,,,,,,,,,,,,, 
  [ 4075730947 ], [ 2070680371709 ],,,,, [ 6091967129 ],,, [ 2279137229279 ],,,,,,,, 
  [ 50496006721 ],,,,,,,,,,,,, [ 47543907247 ], [ 1118169401 ],,, [ 451011086819 ], 
  [ 1405211809, 19940459137 ],,,,, [ 11987175341 ],,,,,,,,,,,,,,,, [ 4846605409 ],,,,, 
  [ 1571975861 ],,,,,,,,,,,,,,,,,,, [ 6220553179 ], [ 8219777857 ],, [ 1205800993 ],,,, 
  [ 2769741001 ], [ 11621793971 ], [ 3634963963 ],,,, [ 1147836871 ],,,, [ 1694646131 ],,,,,,
  ,,,,,,,,,,,,,,,, [ 11184689449 ],,,,,, [ 1676028307 ],, [ 1560990121 ],,,,,,,, 
  [ 101996757001 ],,,, [ 1515690697 ],,,,,,,,,,,,, [ 842888349031 ], [ 54353544337 ],,, 
  [ 14063449511, 75736883083 ], [ 1244079191 ],,,,,,,,,, [ 11816920681 ], [ 4201091005451 ],,
  ,,,,,,, [ 1778829784621 ],,,,,,,,,,,,, [ 3148003699 ],, [ 20226104621 ],,,,,,,,,,,,,,,,,,,,
  ,,,,,,, [ 2256647273 ],,,,, [ 733532730031 ], [ 105371155469 ],, [ 2546184961 ],,,,,,,,,,,,
  ,,,,,,, [ 2219375359, 141465594187 ],,,,,,,,,, [ 12424702109 ], 
  [ 2531955931, 72749612041, 1836510920791, 133439943863521 ],,, [ 5816773891, 18962845207 ],
  , [ 10668294451, 11593892351 ],,,,,,, [ 7922342221 ],,,,,, [ 10158324529 ],,,,,,,,,,,, 
  [ 1778898001 ],, [ 90853453637 ], [ 2977539193 ],,,,,,,,,,, [ 1054382909 ],,,,,,,,,,, 
  [ 3542971501, 37054678751 ],,,,,,, [ 1791268021 ],,,, [ 1070479873 ],, [ 1989721367 ], 
  [ 10018496017 ],,,,,,,,,, [ 102575173447 ],,, [ 3029370529 ], [ 25592399491 ],,,,,,,,,, 
  [ 3865699129 ],, [ 88055732861 ],,,,, [ 24916545271 ],,,,, [ 4607356951, 324018881551 ],,,,
  ,,,,,,, [ 105218811673 ],, [ 4044864673, 18441436061 ],,,,, [ 23269247299 ], 
  [ 3570387349079 ],, [ 4560579577 ],,,,,,,,,,,, [ 5604783697 ],,,,,, [ 6545455951 ],,, 
  [ 1094188327 ],,,,,,,,,,,,,,,, [ 5339005319 ],,,, [ 2943221233 ],,,,, [ 1772745893 ],,, 
  [ 105375150091 ],,,,,, [ 7048168531 ],,,,, [ 10480696489 ],,,, [ 9042469861 ], 
  [ 15237917663 ],, [ 3932269933 ],,,,,,,,,,,,,,,,,,,,,,, [ 5385999499 ],,,,,, 
  [ 4884572074177 ], [ 207179784709 ],,,,,,,, [ 5156533873 ],,,, [ 17469228811 ],,, 
  [ 4478186413 ],, [ 2045802961 ],,, [ 3994445347 ],, [ 1934242171 ], [ 5035363477 ],, 
  [ 3345116083 ],,,,, [ 16064390501, 588386418839 ],,,, 
  [ 3515871503, 390366862667, 581901345059 ],,,,,,,,,,,,, [ 1442856721 ],,,,,,,,,,, 
  [ 134082754961 ], [ 70660985977 ],,, [ 2100256667731 ],,,,,,,,,,,,,,,,, [ 7597597951369 ],,
  ,,,, [ 326025932149 ],, [ 325754414441 ], [ 5439099199, 8375166749 ],,,,,, [ 1543045909 ],
  , [ 7679488918399 ],,,,,,, [ 2506544728837 ],,, [ 25273578919 ],,,,,,,,,,, 
  [ 15673309471, 18902389291 ],, [ 2138632933 ],,,,,, [ 13320338743 ], [ 62290781881 ],,,,, 
  [ 1945838698369, 17500327505377 ],,,,,,,,,,,,,,,,,,,,,,,,,,,,,,,,,,,, 
  [ 1038679801, 25641271801 ],,,,,,,,,,,,,,,,,,,,,,,,,,, [ 4011528013 ],,,,, [ 18309831893 ],
  ,,,,,,,,,, [ 7203033883, 607962713821 ], [ 1397907281 ],,,,,, [ 49906581001 ],,,,,,,,,,,,, 
  [ 3284360929 ],,,,,,,,,,,,,,,,,,,,,, [ 142010969641 ],,,,,,,,,,,,,, [ 10585127389 ],,, 
  [ 56774900197 ],,,,,,,,,, [ 2610696542417 ],,,,, [ 19169996317 ],,,,,,,, [ 2793764431 ], 
  [ 2084753851 ],,, [ 2091660247 ],,,,,,,,,,,,,,,,,,,,,,, [ 12805879013 ], [ 3252432283 ],,,,
  ,,,,,,, [ 4297961977 ],,,, [ 1076208901 ],,,,,,,, [ 1614073613, 48891935957 ], 
  [ 134318565949 ],,,,,,, [ 20111085653 ],,,,,,,, [ 1717417297 ],,,,,,,,, [ 199902082483 ],,,
  ,, [ 1792633079 ],,,,,,,,,,,,,, [ 22702276481 ],,,,,,,,,, [ 442221812561 ],, 
  [ 1461425177 ],, [ 4003259781601 ],,,, [ 1102142341 ],,,,,,,, [ 1052254477 ],,,,,,,,,,,,,, 
  [ 233873456161, 6101533263361 ],,,, [ 295703511517 ], [ 5314850251 ], [ 20514460699 ],,,, 
  [ 1922022541 ],, [ 8778497209 ],,,,,,,,,,,,,,,,,,,,,,,,,,,, [ 1328873041 ],,,,,,,,,,,,,,,,,
  ,,, [ 2174168501 ],,,,,, [ 519947331289 ],,,, [ 4563841741 ],,, [ 6184260001 ],,,,,, 
  [ 191428495879 ],,,,,,,,,,,,,,,,,,,,,,,,,,,,, [ 20888412098641 ], [ 57212674723 ],,,, 
  [ 1103548601 ],,,,,,,,,,,,,, [ 3832020319 ],,,,,,,, [ 2727210872761 ],,, [ 1315129199 ],, 
  [ 1463329661 ],,,,,,,,,,,,,,,,, [ 9614017711 ],,, [ 3254745601 ],, [ 2064258407 ],,,,,,,,,,
  ,,,,,,,,,,,,,,,,,, [ 1239289591 ],,,,,,,,,,,,,,,,,, [ 19930219849 ],,, [ 1121467950793 ], 
  [ 22154324149 ],,,,, [ 2782163617939 ],,,,,,,,, [ 2142219403 ],, 
  [ 6611308213, 46330033949 ],,,,,,,,,,,,,,,,,, [ 1366081081 ],,,,,, [ 8050508701 ],,,,,,,,,,
  ,,,,,,,,,, [ 1183941929 ],,,,,,,, [ 262271882401 ],,,,,, [ 1245540487 ],,,,,,,, 
  [ 306308233087 ],,,,,,,,,,,,,,,,,,,,,,,,,, [ 40833326801 ],,,,,, [ 89358491362799 ],,,,, 
  [ 3636489877 ],,,,, [ 6852952241 ],,,,,,,,,,,,,,,,,,,,,,,,,,,,,,,,,,,, [ 480505867549 ],,,,
  ,,, [ 59992223509 ],,,,,, [ 18459154621 ],,,,,,,,,,,,,,,,,,,,,,,,,,,,,,,,,,,, 
  [ 18114072439 ],,,,,,, [ 1205209097 ],,,,, [ 9034004953 ],,,,,,,,,,,,, [ 17236430143 ],,,,,
  ,,,,,,,,,,,,,,,,,,,,,,,, [ 1372983361 ], [ 9690444853 ],,,,,,,,,,,,,,,,,,,,,,,,,,,,,,,, 
  [ 134270062453 ],, [ 38604686441 ],,,,,,,,,,,,,,,,,,,, [ 8395192051 ],,,,,,,, 
  [ 161616013987 ],, [ 40361164415461 ],,,, [ 248164813441 ],,,,,,,,,,,,,,,,,,,,,,,,,,,,,,,,,
  ,,,,,,,,,,,,,,,,,,,,,,,,,,,,, [ 1118061826031 ],,,,,, [ 105883080377 ],,,,,,,,,, 
  [ 5094825199 ],,,,,, [ 2460078301, 28019022949 ],,,, [ 79190398913 ],,,,,,,,,, 
  [ 28837241021, 276612888619 ],,,,,,,, [ 6873059731 ],,,,,,,,,,,,,, 
  [ 3127857409, 114708322369 ],,,,,,,,,, [ 3547801643 ],,,, [ 377718069329 ],,,,,,,,,,,,,,,,,
  ,,,,,,,,,,,,,,,,,,,,,,,,,,,,,,,,,,,,,,,,,,, [ 1225833911311 ],,,, [ 11755421731 ],,,,,,,,, 
  [ 6017070511 ],,,,,,,,,,,,,,,,,,, [ 4464957521 ],,,, [ 3551377889, 10057341667 ],,,,,,,,,,,
  ,, [ 1186683913 ],,,,,,,,,,,,,,, [ 2259000394423 ],,, [ 416824820101 ],,, [ 2545330897 ],,,
  ,,, [ 1160200423 ],,,,,, [ 9795636061 ],, [ 18604387183 ],,,,,,,,,,,,,,,,,, 
  [ 322493163281 ],, [ 1539755176879 ],,,,,,,, [ 11299662001 ],,,,,,,,,, [ 65738844701 ],,,,,
  ,,, [ 29893177081 ],,,,,,,, [ 4178485249 ],,,,,,,,,,,,,,,,,, [ 2348505787 ],,,,,,,,,,,,,,,,
  ,,,,,,,,,,,,,,,,,,,,,,,, [ 3097647769 ],,,,,, [ 3660066001 ],,,,,,,,,,,,,, 
  [ 4218410239, 7463758073 ],,,,,,,, [ 56513626187 ],,,,,,,,,, [ 2616082453 ],,,,,,,, 
  [ 6748107901 ],,,,,,,,,,,,,,,,,,,,,,,,,,,,,,,,,,, [ 10383884941 ],,,,, [ 363003813401 ],, 
  [ 14618048173 ],,,,,,,,,,,, [ 46732307053, 469341375047 ],,,,,,,,,, 
  [ 2624487377, 2230229040341 ],,,,,, [ 88669658171 ],,,, [ 1355088517 ],,,, [ 58030979161 ],
  , [ 2415775459198441 ],,,,,,,,,,,,,,, [ 3909791791 ],,, [ 43923055723 ],,,,,,,, 
  [ 15848287127 ],, [ 1047553153, 9951870433 ],, [ 4023343381 ],, [ 138370326161 ],, 
  [ 766938268793 ],,,,,,,,,,,,,,,,,,,,,,,,,,,,,, [ 12586697293 ],, 
  [ 20514281791, 439495373803 ],, [ 1904760868193 ],,,,,, [ 34375408939 ],,,,,,,,,,,,,,,,,,,,
  ,,,,,, [ 28949565361 ],,,,,,,,,,,,,,,,,,,,,,,,,,,,,,,,,,,,,,,,,,,,,,,,,,,,,,,,,,,,,,,,,,,,,
  , [ 7510261151 ],,,,,, [ 18899162981 ],, [ 156371149859 ],,,,,,,, [ 1908592687 ],,,, 
  [ 7678882869461 ],,,,,,,,,, [ 1426430981, 4896981181 ],,,,,, [ 1929410521 ],,,,,,,,,,,,,,,,
  ,,,,,,,, [ 1351573961 ],, [ 1035661421 ],,,, [ 7167092521 ],,,,,,,,,,,,,,,,,, 
  [ 2218752043 ],,,,,,,,,,,,,,,,,,,,,,,,,, [ 13116240661 ],,,,,,,,,, [ 423863560541 ],,,, 
  [ 1061305169203 ],,,, [ 77313905371 ],,,, [ 3662388493 ],,,,,,,,,,,,,, [ 19168854673 ],, 
  [ 11121810547 ],,,,,, [ 15186165067873 ],,,,,,,,,,,,,,,,,,,,,,,,,,,,,,,,,,,,,, 
  [ 13753908323, 1194945519461 ],,,,,,,,,,,,,,,,,,,,,,,,,,,,,,,,,,,,,,,, [ 1048827511 ],,,,,,
  ,,,, [ 1719185081 ],,,, [ 47691007849, 101646316021 ],,,,,,,,,,,,,,,, [ 142097203333 ],, 
  [ 1112324299789 ],,,,,,,,,,,,,,,,,,,,,,,,,, [ 1643758481 ],,,,,,,,,,,,,,,,,,,,,,,,,,,,,,,,,
  ,,,,,,, [ 14910730721, 154942425601 ],,,,,,,,,,,,,,,,,,,,,,,,,,,,,,,,,,,,,, [ 1393450631 ],
  ,,,,,,,,,,,,,,,,,,,,,,,,, [ 1546972129, 4615404769, 5202209377 ],,,,,,,,,,,,,,,,,,,,,,,,,,,
  ,,,,,,,,,,,,,,, [ 6693916807 ],,,,,,,,,,,, [ 2575621297, 8004178657 ],,,,,, 
  [ 12299823169 ],, [ 236254485127 ],,,,,,,,,,,,,,,,,,,,,,,,,,,,,,,,,, [ 16374547201 ],,,,,,,
  ,,,,,,,,,,,,,,,,,,,,,,,,,,,,,,,,,,,,,,,,,,,,, [ 2117827909 ],,,,,,,,,,,,,,,,,,,,,,,,,, 
  [ 1704670867 ],,,,,,,,,,,,,,,,,,,,,,,,,,,,,,,, [ 4140816601 ],,,,,,,,,,,,,,,,,,,,,,,,,,,,,,
  ,,,,,,,,,,,,,,,,,,,, [ 1695012001 ],,,,,,,,,,,,,,,,,,,,,,,,,, [ 1400629297 ],,,,,,,,,,,,,,,
  ,,,,,,,,, [ 5660879401 ],,,,,, [ 7684688233 ],,,,,,,,,,,,,,,,,,,,,,,,,,,,,,,,,,,,,,,,,,,,,,
  ,,,,,,,,,,,,,,,,,,,,,,,,,, [ 19859564449 ],,,,,,,,,,,,,,,,,,,,,,,,,,,,,,,,,,,, 
  [ 189286071001 ],,,,,,,,,,,, [ 1585408724209 ],,,,,,,,,, [ 4330588627 ],,,,,,,,,,,,,,,,,,,,
  ,,,,,,,,,,,, [ 4901775763 ],, [ 1771425181, 33695206121 ],,,,,,,,,,,,,,,, [ 1144834069 ],,,
  ,,, [ 95125993117 ],,,,,,,,,,,,,,,,,,,,,,,,,,,,,,,,,,,,,,,,,,,,,,,,,,,,,,,,,,,,,,,,,,,, 
  [ 8359684621 ],,,,,,,,,,,,,,,,,,,,,,,,,,,,,,,,,,,,,,,,,,,,,,,,,,,,,,,,,,,,,,,,,,,,,,,,,,,,,
  ,,,,, [ 221334883921 ],,,,,,,,,,,, [ 7142953297 ],,,,,,,,,,,,,,,,,,,,,,,,,,,,,, 
  [ 260562733009 ],,,,,,,,,,,,,,,,,,,,,,,,,,,,,,,,,,,,,,,,,,,,,,,,,,,,,,,,,,,, 
  [ 4370972257 ],,,,,,,,,,,,,,,,,, [ 2313879937 ],,,,,,,,,,,, [ 2245410493 ],,,,,,,,,,,,,,,,,
  ,,,,,,,,,,,,,,,,,,, [ 11486147521 ],,,,,,,,,,,,,,,,,,,,,,,,,,,,,,,,,,,,,,,,,,,,,,,,,,,,,,,,
  ,,,,,,,,,,,,,,,,,,,,,,,,,,,, [ 19819091989 ],,,,,,,,,,,,,,,,,,,,,,,,,,,,,,,,,,,,,,,,,, 
  [ 3772914157 ],,,,,,,,,,,,,,,,,,,,,,,, [ 2016774901 ],,,,,,,,,,,,,,,,,,,,,,,, 
  [ 32680591453 ],,,,,,,,,,,,,,,,,,,,,,,,,, [ 1595133121 ],,,,,,,,,,,,,,,,,,,,,,,,,,,,,,,,,,,
  ,,,,,,,,,,, [ 472214351827 ],,,,,,,,,,,,,,,,,,,,,,,, [ 523002103471 ],,,,,,,,,,,,,,,,,,,,,,
  ,,,,,,,, [ 1599513481 ],,,,,,,,,,,,,,,,,,,,,,,, [ 1473322093 ],,,,,,,,,,,,,,,,,,,,,,,,,,,,,
  ,,,,,,,,,,,,,,,,,,,,,,,,,,, [ 4833602028061 ],,,,,,,,,,,,,,,,,,,,,,,,,,,,,,,,,,,,,,,,,,,,,,
  ,,,,,,,,,,,,,,,,,,,,,,,,,,,,,,,,,,,,,,,,,,,,,,,,,,,,,, [ 64816794001, 37384284157921 ],,,,,
  ,,,,,,,,,,,,,,,,,,,,,,,,,,,,,,, [ 36571168873 ],,,,,,,,,,,,,,,,,,,,,,,,,,,,,,,,,, 
  [ 1503883092251 ],,,,,,,,,,,,,,,,,,,,,,,,,,,,,,,, [ 1122472891 ],,,,,, [ 1918077877 ],,,,,,
  ,,,,,,,,,,,,,,,,,,,,,,,,,,,,,, [ 114538084993 ],,,,,, [ 9841028881 ],,,,,,,,,,,,,,,,,,,,,,,
  ,,,,,,,,,,,,,,,,,,, [ 29132927041 ],,,,,,,,,,,,,,,,,,,,,,,,,,,,,,,,,,,,,,,,,,,,,,,,,,,,,,,,
  ,,,, [ 43524022249 ],,,,,,,,,,,,,,,,,, [ 1884789811, 12196353151 ],,,,,,,,,, 
  [ 8443318801 ],,,,,,,,,,,,,,,,,,,, [ 12301037101 ],,,,,, [ 44368341139 ],,,,,,,,,,,,,,,,,,,
  ,,,,,,,,,,,,,,,,,,,,,,,,, [ 87459530621 ],,,, [ 4812931351 ],,,,,,,,,,,,,,,,,,,,,,,,,,,,,,,
  ,,,,,,,,,,,,,,,,,,,,,,,,,,,,,,,,,,,,,,,,,,,,,,,,,,,,, [ 5220720602593 ],,,,,,,,,,,,,,,,,,,,
  ,,,,,,,,,, [ 14154100381 ],,,,,,,,,,,,,,,,,,,,,,,,,,,,,,,,,,,,,,,,,,,,,,,,,,,,,,,,,,,,,,,,,
  ,,,,,,,,,,,,,,,,,,,,,,,,,,,,,,,,,,,,,,,,,,,,,,,,,,,,,,, [ 2184761461 ],,,,,,,,,,,,,,,,,,,,,
  ,,,,,,,,,,,,,,,,,,,,,,,,,,,,,,,,,,,,,,,,,,,,,,,,,,,,,,,,,,,,,,, [ 1292419969 ],,,,,,,,,,,,,
  ,,,,,,,,,,,,,,,,,,,,,,,,,,,,,,,,,,,,,,,,,,,,,,,,,,,,,,,,,,,,,,,,, [ 13110158041 ],,,,,, 
  [ 171561385549 ],,,,,,,,,,,,,,,,,, [ 1999597393, 16914739969 ],,,,,,,,,,,,,,,,,,,,,,,,,,,,,
  ,,,,,,,,,,,,,,,,,,,,,,,,,,,,,,,,,,,,,,,,,,,,,,,,,,,,,,,,,,,,,,,,,,, [ 17297961271 ],,,,,,,,
  ,,,, [ 1880282377 ],,,,,,,,,,,,,,,,,,,,,,,,,,,,,,,,,,,,,,,,,,,,,,,,,,,,,,,,,,,,,,,,,,,,,,,,
  ,,,,,,,,,,,,,,,,,,,,,,,,,,,,,,,,,,,,,,,,,,,,,,,,,,,,,,,,,,,,,,,,,,,,,,,,,,,,,,,,,,,,,,,,,,,
  ,,,,, [ 2713034101 ],,,,,,,,,,,,,,,,,,,,,,,,,,,,,,,,,,,,,,,,,,,,,,,,,,,,,,,,,,,,,,,,,,,,,,,
  ,,,,,,,,,,,,,,,,,,,,,,,,,,,,,,,,,,,,,,,,,,,,,,,,,,,,,,, [ 255972101449, 3251195381281 ],,,,
  ,,,,,,,,,,,,,,,,,,,,,,,,,,,,,,,,,,,,,,,,,,,,,,,,,,,,,,,,,,,,,,,,,,,,,,,,,,,,,,,,,,,,,,,,,,,
  ,,,,,,,,,,,,,,,,,,, [ 25124889833971 ],,,,,,,,,,,,,,,,,,,,,,,,,,,,,,,,,,,,,,,,,,,,,,,,,,,,,
  , [ 696798425233 ],,,,,, [ 70517145331 ],,,,,,,,,,,,,,,,,,,,,,,,,,,,,,,,,,,,,,,,,,,,,,,,,,,
  ,,,,,,,,,,,,,,,,,,,,,,,,,,,,,,,,,,,,,,,,,,,,,,,,,,,,,,,,,,,,,,,,,,,,, [ 3983026321 ],,,,,,,
  ,,,,,,,,,,,,,,,,,,,,,,,,,,,,,,,,,,,,,,,,,,,,,,,,,,,,,,,,,,,,,,,,,,,,,,,,,,,,,,,,,,,,,,,,,,,
  ,,,,,,,,,,,,,,,,,,,,,,,,,,,,,,,,,,,,,,,,,,,,,,,,,,,,,,,,,,,,,,,,,,,,,,,,,,,,,,,,,,,,,,,,,,,
  ,,,,,,,,,,,,,,,,,,,,,,,,,,,,,,,,,,,,,,,,,,,,,,,,,,,,,,,,,,,,,,,,,,,,,,,,,,,,,,,,,,,,,,,,,,,
  ,,,,,,,,,,,,,,,,,,,,,,,,,,,,,,,,,,,,,,,,,,,,,,,,,,,,,,,,,,,,,,,,,,,,,,,,,,,,,,,,,,,,,,,,,,,
  ,,,,,,,,,,,,,,,,,,,,,,,,,,,,,,,,,,,,,,,,,,,,,,,,, [ 40453514641 ] ]);
