BRENTFACTORS[3557]:=MakeImmutable([ ,,,,,,,,,,,, [ 159094926251 ],,, [ 6864451889 ],,, 
  [ 1983373787, 1667537318609 ],, [ 2498529727, 13516323460753 ],, 
  [ 113031692449625452716701 ],, [ 3273690001, 15112192824875351 ], [ 171733308709 ],,, 
  [ 40970166060313701446311 ],, [ 40876568071, 130707165707687597830073 ],, [ 2518300475923 ]
   ,, [ 5002754821 ], [ 1962322770383461 ], [ 31460485061 ], [ 236946325716636623992401461 ],
  [ 35514849397, 20388970620410341, 755942661892422379147335889 ], [ 84453259419343171001 ], 
  [ 10548075530081, 342747543096186875297871529691354237 ],, 
  [ 11953084513657421, 149952556937143957, 6404819509472949167, 
      30905255562414736058993997363929 ], [ 65541277855408008457 ], 
  [ 209729808091, 25324584115933261 ], [ 37214658377531, 11003832801199791899 ], 
  [ 194681960241832791346327, 377060469163434232490584566637783869523927 ], 
  [ 38291024703393601 ],, [ 28037321251, 10938278138354251 ], 
  [ 1657116991, 16110091995049259659, 164434614597181546144642258825597 ],,,, 
  [ 82042802146804873991 ], [ 12852424994491673369237198041988172761 ], [ 5242886963053 ], 
  [ 608234712737, 721045469927, 613310002322709502838115971 ],, 
  [ 820385086503045999410151601 ],, [ 763743083833, 1628343075193395098843349895170287173 ],
  , [ 240214784392190081, 1282324499797140057383918362141314341057 ],,, 
  [ 5233539109, 66552888774819515409318005713 ],, 
  [ 2064818940559, 47155982751350095707965986867, 
      11968608916649345789042984546546459398686074567011 ], [ 78758086331 ],, 
  [ 15873544279441, 406521810574575121, 6683251161684581929 ], 
  [ 31266002485011439553131271633 ], 
  [ 11088091618056361102709, 20323503538321504437308377, 264659253293892251817302485003 ],, 
  [ 7176410526497, 78449312236993, 5400995591701972829045685929 ], [ 21839547800164711 ],, 
  [ 517562404477589921, 2225000360289321664123 ], [ 5018531041, 122009785713971455441 ], 
  [ 29115862777 ], [ 46256547360334275881259498129456697 ], [ 1057039363 ], 
  [ 775701021868779555379327268773 ],, [ 6375737332636099124899 ],, 
  [ 1015546489, 15486412398761921761, 17742891767002979001759401 ], 
  [ 590336970265203033343 ], [ 22967716600529132412236246595361 ], 
  [ 40723306052339, 51237471958254401, 2055325560495843125491 ], 
  [ 11654154467773, 449752602850961, 21210037486099415961961 ], 
  [ 535813939317688441, 7820102651520168891853 ],,, [ 4095028129, 617423819329862401 ], 
  [ 37241898151951 ], [ 3575611468625502937 ], [ 1431863108083 ], 
  [ 84709404577962256501, 1469486666768022827363033801, 8116212664008607175503171001 ],, 
  [ 16028758381, 97364961844207, 56372846888603629 ], 
  [ 7964706751, 538735274276292943, 3209862149888876983121100659 ],,,,, 
  [ 3957367154835277, 49087808440127767477 ], [ 2263574444617 ], [ 2264470231, 43999838191 ],
  [ 33483500761, 4428903987400963867 ], 
  [ 5807713189937, 150772230412025581481249, 4765387855539699585326205553 ], 
  [ 671192811827834619940009 ],,,, [ 8897195456452562923, 567136793069404860013687 ], 
  [ 2643227261659, 114986741631692621925673 ], [ 5389743480619 ], 
  [ 831597325242978641162599961585043805895251681 ], [ 2063524322097709349105459 ], 
  [ 337491315178247899 ], [ 124021304179 ], [ 7155858961 ],, 
  [ 11066353957, 5903396340234071869 ], [ 206713071938620916519, 19523829580290414084107 ], 
  [ 638486424681857 ],, [ 7112667740881 ], [ 10626076490273 ], 
  [ 9241753582861273, 625267251540996169117, 147511319725126206010874989 ], [ 14893111507 ], 
  [ 2281463536749079396427533, 5431686485024092277557984273 ], [ 56007283736436326598961 ],, 
  [ 25280584170583619 ], [ 8129146681, 109216012579 ], [ 41192510686172473 ], 
  [ 518011525509906130830961 ],,, 
  [ 19405163858653, 898826583745949, 26391019754141225899, 321099932205090050439857, 
      2132740273953446410613901971 ], 
  [ 320521130179303834602222913, 20110347039220379758811410417, 
      95613845545705662522627401633843624650417 ],, 
  [ 403466422438673812579, 3892077208848448636537, 90908000112184182116126429 ],,, 
  [ 1251547167296914532567, 17771328807331963715578644241 ], 
  [ 213812945551, 151193188628429011501, 3133007272625758435774676701 ],,, [ 2076248080477 ],
  [ 16133236599019 ], [ 165380425479421 ], [ 10469814577, 2829102081937, 4289911847423437 ], 
  [ 306579288724431733709 ],, [ 507534585463 ],, [ 84038921359 ], 
  [ 2462687399193949384164541 ],, [ 1274543515771049 ], [ 582590647568206201 ], 
  [ 3144637872100493034650647 ], 
  [ 407856160487, 459782082255538199800939213, 911718566458180184333750543 ], 
  [ 73024135633, 127408654022835697 ],, [ 212502438991, 462575852608706461 ], 
  [ 202840741667467 ], [ 12480647667569, 12881332469513, 2533262610278625850721 ],, 
  [ 23953451433920179 ],, [ 1274669803793, 274346898407297 ], [ 2763127531 ], 
  [ 250086429671762711 ], [ 12311548519931, 50673245876753, 4699999975959814609 ], 
  [ 16323928653945052714406364361 ], [ 3084178099 ], 
  [ 128125166443, 2244759810749, 47241516157291 ],,,, 
  [ 2169904273, 1223129114129899, 3631777556352549133, 112425288258385217101117 ], 
  [ 9078636612863093, 1146179842661920441 ],,,, 
  [ 52410111973, 7907588913374279, 271871181912830287, 552118758503807648350399 ], 
  [ 45800836993, 197959327106908949761 ], [ 1973265301379 ], 
  [ 554080856580073, 1995115849592392211881771 ],,,, 
  [ 15708652084034317, 220710007490191989187213583371 ], [ 3483002191252823363231 ], 
  [ 2298829801, 24860433069001, 57006017825179201, 338453822552139601, 767907401500546802801,
      5750654078177876247983152801 ],, [ 7415852826209 ], [ 39118119660631201 ], 
  [ 15644257382353, 8141499521134369972921 ], [ 3581177843712971 ], [ 9315128833 ], 
  [ 55210973761, 32093275327159841765317 ], [ 4648135526842081 ],, [ 23580041311 ], 
  [ 6575243914952655959 ],, [ 642272416997467 ], [ 2418859549, 107860695681684707 ],, 
  [ 190969170697, 365902044337 ],, [ 10599628716133 ], [ 7062975542868967 ], 
  [ 90212330755361, 185282703683221, 5570971532106325912381 ], [ 2675908223 ], 
  [ 6122131645388195178948162667 ], [ 24637542197 ],, [ 5413776035401 ], 
  [ 3870270793, 1473677955017 ],,,, 
  [ 97942663411, 421242134854185551, 16491768221480960171, 563095912611155029391 ],, 
  [ 2338786897 ], [ 174201946369103, 35649931157478991 ], [ 6896053243, 5786602247989603 ], 
  [ 1996739071, 42974085651492701 ],,, [ 318447519039203, 14543306063590879 ], 
  [ 3543973461239, 21696950061339887, 78506581404421928585747 ], [ 427336043470081 ], 
  [ 31116030087442381 ], [ 4249467344731640659 ], 
  [ 52618907017, 491228816653, 25969106289043783, 58685003429273659 ], 
  [ 26751042945553, 24449348407799801 ],, [ 21651960886099 ],,, 
  [ 46888622281, 932186535570142387 ], [ 20614914166501, 1998336602413298501 ], 
  [ 124896142101667212919, 128275325803676879329, 487503576991821959610163009 ],, 
  [ 120945551981, 5467902161378779 ], [ 7740092502767 ],,, [ 93960510208689783121650949 ], 
  [ 34057554490249, 84090748536397 ], [ 905510384900003 ], [ 7054009074246252949741 ],, 
  [ 29413326511 ], [ 22215049811, 31585219830610007143301 ],, [ 115026920343281 ],, 
  [ 4518704153451165487 ],, [ 19333049369 ], [ 24522338990410477088311 ], 
  [ 28193864333804607241204160369 ],,,,, [ 208532318986813, 765000174458281 ],, 
  [ 15435946447845271 ], [ 4319034949 ], [ 243556334583241 ], [ 29257885229 ], 
  [ 7606464101029 ],, [ 436994327281, 14030815845749, 86128881303834345797 ], 
  [ 1646600611 ], [ 6352613983 ],, [ 8787898369, 3740847476589109625296609 ],, 
  [ 2295623471, 23424906389182471, 124710300073609451, 10274684701151314696381 ], 
  [ 66270672571 ], [ 11914277662022990153, 30308357328263974793, 336235829290875534515081 ], 
  [ 3702293966285603536049 ], [ 2166772432502352109 ],, 
  [ 609401452416132433, 1815595838347153249 ], [ 712886538974941 ], [ 61360491762433125683 ],
  [ 474047980849 ],, [ 16687316698361 ], [ 660457489661 ],,,,, [ 121455396208631 ], 
  [ 315986529732413 ], [ 38566790901361, 61909931888844567079 ], [ 1411923521, 2433719791 ], 
  [ 2185419521377, 8190435889717542733 ],, [ 46263541939129, 43639231916490311 ],, 
  [ 46172241634664881 ], [ 123113049461957 ],, [ 1787220228322957 ], [ 866458651784353 ], 
  [ 136693077991330604801 ], [ 1017319179589, 202952473092122656153 ],,,,,, 
  [ 56456899237, 771771779143, 3167657449027 ], [ 7519351129 ], [ 6144119087 ], 
  [ 669056902887781, 13052502899438216690521 ],, [ 571038015637, 394769758196706577 ],,, 
  [ 70197809501, 318461511234701 ], [ 12787553521, 4070283042337, 324304605847478597713 ],, 
  [ 110415523349 ],,,, [ 101572561024057 ],,, [ 24075951961 ], [ 3439271141 ],, 
  [ 2241144418813, 2549658605077 ],, 
  [ 282783449551, 43034253793301, 1393728847332336807601, 4354853594569919279297551 ], 
  [ 19042156780921 ], [ 1818854471510952934081 ],, [ 5478204163, 12872049723583 ],, 
  [ 526429708961393 ],, [ 305932088052293 ],,,,, [ 72175831066021 ],,,,, [ 14710141539809 ],,
  , [ 73261593343 ],,,, [ 1399272533619711557251 ], [ 3467441921, 355797318089 ], 
  [ 338060777627, 201510317829906307 ], [ 640198036870687 ], [ 245137924649, 588600033811 ],,
  , [ 509280490001, 1391543453239 ],, [ 239226529921 ],,,, 
  [ 142990110257, 101175582593893, 424910291897297 ],, [ 201965455381 ], [ 14564607677 ], 
  [ 646817010841 ],,,,,, [ 1411543219 ],,,,, [ 1407058381, 883831402950809 ],,,,, 
  [ 2140447384699498873 ],,,,,, [ 15673123973875141 ], [ 21711413071, 5877709899361 ],, 
  [ 93130640791, 461420664757807 ], [ 6957558004241813 ],, 
  [ 20238012901, 3009918849001, 27041794441913790841 ],,,,, [ 3263746530001 ], 
  [ 7574637114663083533, 13778373567714432133 ],, [ 3141085747173377 ], 
  [ 858942641584171, 32374629527282920217135797 ], [ 63344719504634451131 ],,,, 
  [ 62970301241 ], [ 11032047181 ],,,,, [ 10422701521 ],, [ 6951304387, 7042053617 ], 
  [ 9030553188131 ],, [ 6376776557377111 ], [ 86569619111, 9330330943057 ], [ 33260307163 ],
  , [ 103802311888937 ],,, [ 731643445150021 ],,,, 
  [ 15664412593, 117422977408489849, 6029514574267192121329 ],, [ 2015151643906123 ], 
  [ 155599027219 ],,, [ 57253336791020833, 20179996970082459049 ],, [ 3649174388401 ],,,,, 
  [ 1345389777327107 ],, [ 2259790177 ], [ 193784231737, 44234205154369 ],,,, 
  [ 41179175878969742461 ], [ 3988669289149 ],,, [ 979060157746081 ],, 
  [ 124503192168527, 912502525501781293 ], [ 976613497131553 ], [ 13386357293 ], 
  [ 14881670161, 1814510586871 ], [ 37424419204720627 ], [ 170905343053 ], 
  [ 21008598989386369 ], [ 12680188262239 ],,, [ 62310611329 ], [ 8854759123037 ], 
  [ 4016326669879421 ], [ 293619526642522081 ],,, [ 14392444021 ], 
  [ 461192540453, 612453974297059 ], [ 7324696501 ], [ 21890483581 ],,, [ 411944674681 ],, 
  [ 14848054387, 226748766553, 1027011075173821 ], [ 20302383037, 37589737878811 ], 
  [ 1217414520209, 235012575639137, 7946781512475293 ], [ 30407616227 ],,, 
  [ 428252714674509313, 68952298575612825601, 149680390009296758493697 ],, 
  [ 21900110491402153 ], [ 1104691481 ],,,,, [ 11423790041, 15870656881 ], [ 1445096659 ], 
  [ 401228088049 ],,,, [ 280747356247, 472088007143 ],,,,, [ 98391885013 ], 
  [ 1297526967924769, 1423991982471963353, 34289248904827099009 ],, 
  [ 19064581243, 87171161585631283 ],,,,, [ 1965480749 ], 
  [ 25482452581, 5618700173881, 77714944701449221 ], [ 1840988377 ], [ 14838234995029 ],, 
  [ 1347091635744929, 634972840100286593 ],, [ 8829267231331, 64833449960201287 ],, 
  [ 5084011913, 241074275977, 2494688003309 ], [ 491539158040578337 ], 
  [ 71110222183408651, 67322129600471754251 ], [ 30654408937 ], 
  [ 1397323416553, 67624362648097 ],, [ 205184371694717297, 29642775388742778547 ],,, 
  [ 124687103549 ], [ 1158784784414947 ],, [ 4149390001, 4903265384081 ], [ 7951752716227 ], 
  [ 207480122158613 ],, [ 1650385968526693, 165888312329139997 ],,,,,,,, 
  [ 318108130913, 1270120537397141 ], [ 4832037949 ], [ 1412064109, 65540599121117 ],, 
  [ 110745777601 ],, [ 813810680165713 ],, [ 1151034361 ],, 
  [ 11491906532923, 12527996815031109301 ],,,, [ 6373687420430849 ], [ 21000967513 ], 
  [ 1117607927353, 15190225275541 ],, [ 1055639801 ],, [ 28228893970657 ],,,, 
  [ 206716291937, 1171361672069 ],, [ 100340829103399 ],,,, [ 897319526478184704833 ], 
  [ 4632183289 ],,,,, [ 115284913153, 6000586546337 ],, [ 53219421331 ],,,,,, 
  [ 363671873489 ],, [ 4103364883 ],,,,,,,,, [ 173228503009 ],,,, [ 1531705807 ],, 
  [ 69284904859 ], [ 1005650801, 5010887473, 7591611577879911103 ],, 
  [ 75979815757105657, 1470658241362584070261 ],, [ 54269638745411 ],,,,,,, 
  [ 25983826291, 1548295428061 ], [ 229995138783601 ],, [ 6023768473 ],,, [ 2282218513 ], 
  [ 87799993033, 5143632423649829 ],,, [ 19753935401 ], [ 1478299937 ],,,,,, [ 13454977219 ],
  ,, [ 3146048501 ],,, [ 1007035635031729, 15581109596007041 ],, [ 1407150751 ],, 
  [ 46303065197089 ],, [ 7600361365309 ], [ 225012645901, 109257788842651 ],,,,, 
  [ 17672962001 ],,,,,, [ 47839102079203 ],, [ 2397966209, 53790364677233 ],,, 
  [ 2387950891, 71329001543, 94210975933 ], [ 3437214125021, 5452703782157 ], 
  [ 816550936220251 ],,, [ 26911901722249 ],,,, [ 4759276901 ],,, [ 449004339689 ],,, 
  [ 212656756646863 ],, [ 2162210761, 53903478049 ],,,,,, [ 419116831897 ],, 
  [ 11506840346309741, 267612734776348309 ],,,,, [ 1975120379, 3849078689 ],,, 
  [ 4566539501, 18994670693, 152677152581 ], [ 132593434224451 ],,,,,,,,,,,,,, 
  [ 9967262647801 ], [ 4453048983881 ],, [ 2427622919 ],, [ 980691287215897 ],, 
  [ 1854175541, 8322257387 ],,,,,, [ 64195303441 ], [ 9474932737, 728951195029 ], 
  [ 14071234844213, 1036022350279142773 ],,,, [ 65640599527 ],, 
  [ 1277787659521, 31319323028641 ],, [ 129831223082527 ],, [ 13856778781 ], [ 2772829711 ], 
  [ 2160122410603 ],,,, [ 170612637581 ],, [ 48824777933 ],,,,,,,, [ 245935686819421 ],,,,,, 
  [ 786113016583 ],,,, [ 19501439141 ],,, [ 1153267831 ],, [ 1694679241, 1855192921 ],,,,, 
  [ 182316887201 ],,,, [ 88684236709, 4118669258993449143397 ],,,, [ 4639561049 ],,,,, 
  [ 196325321281 ],,, [ 1696143313 ],, [ 73655014108813 ],,,,,,, [ 1617037951 ], 
  [ 6245685013 ],, [ 46923261769, 2900465201089 ],, [ 13621398856921 ],,,, [ 5204527057579 ],
  [ 2116665419411 ],,,, [ 12032343989 ],,,, [ 111747727627 ],, [ 4468302541 ],,,,, 
  [ 18364920429001 ], [ 2846094613 ],, [ 8797058683277 ], [ 23314091543 ], [ 9560766401731 ],
  ,,, [ 10412335859 ], [ 761074452841 ],, [ 30017825107 ],, [ 64830036961 ],,, 
  [ 19229999311 ],,,,,,, [ 612058270552811 ], [ 221929727251 ],,,,,,,,, [ 1498954601 ], 
  [ 11007812311 ],,,,, [ 3481376696895551 ],, [ 1897801361, 33938144616577 ],,,,,, 
  [ 4216927779864001 ],,,, [ 3245522281, 2061595587283 ],,,, [ 31214113287739 ],,,, 
  [ 738038801501 ],, [ 4107588721 ],,,,, [ 1797877537, 44380199389 ], [ 3556672579 ],, 
  [ 618980197961 ],,,, [ 624292130475553 ],,,,,, [ 12999432412951 ],, [ 46662367673861 ],, 
  [ 4524753661 ],,,,,,,, [ 1744259953, 1980158234311 ],, [ 18743392817 ],,,,,, 
  [ 597189171001 ],,, [ 119495204287 ], [ 86406345307, 15716456987689 ],,, [ 1321741411 ],,,,
  , [ 1177520408455327 ],,,, [ 24323773741 ], [ 1550768231 ],,, [ 13673564795441 ],,,, 
  [ 1833318846925831 ], [ 4815786301 ],,, [ 1646305004101 ],, [ 24803432642101 ],, 
  [ 3295204111 ],, [ 3405837508321 ],, [ 218349821279 ],, [ 20882481852167777453 ],, 
  [ 28768664288431 ], [ 18416652829 ],,, [ 80085032004041 ],,,,,,,,, 
  [ 3914955739, 10372363811377 ], [ 2305967474213209 ],, [ 1852943353 ],,,,,,,,,,,,,,,,, 
  [ 52422877981 ],,,,, [ 353063797673 ],,,, [ 20771618328481 ], [ 5691710173 ], 
  [ 70523720807 ],,,,,,,,,,, [ 7082596181 ],,, [ 7136021689 ],,,,, [ 7067251621 ],,, 
  [ 519471263686967329 ],,,,,,,,,, [ 204257104273 ],, [ 1201735599733 ],,, [ 30290321881 ],,
  , [ 1656587631272923 ], [ 2192314151 ],,,,,, [ 23634841309 ],, [ 2923396051 ],,,,,,,,, 
  [ 5744275993 ], [ 1543956499 ],,,,, [ 29354803813 ],,,, [ 1671753696047 ], [ 2945369579 ],,
  ,,,,, [ 7634160915061 ],,, [ 11500969693753 ],,,,,,,,, 
  [ 1507356511, 1492473981109, 210266334294332779 ],,, [ 6968385001 ],,,,, [ 1295338211 ], 
  [ 254263365019 ],, [ 8024599397 ],,,,,,,, [ 1736095397 ],,,,, [ 4815849553 ],,,,,,,,,,,,,, 
  [ 3646900801 ],,,, [ 28328471701 ], [ 1114395133091 ],,,,,,,, [ 8985921337 ],,,,,,,, 
  [ 4090599716773 ],,,,,,, [ 5809465584649, 759718876407481 ],,, [ 80627365201 ],,,,,,,,,,,,,
  ,,,,,,,,,,,,,, [ 20728483063 ],,,,, [ 2791887827789 ],, [ 1102277051, 8392962551 ],,,,,,,,,
  , [ 5033289431 ], [ 1094234509 ],,,, [ 216537792481 ], [ 7773909431 ],,,, [ 63790448461 ],,
  , [ 134417748193 ],,,, [ 13794140369 ],, [ 4625839219 ],,,,,, [ 82707437059381 ],,,,,, 
  [ 1314330817 ],, [ 4909248397 ],,,,,,, [ 3059433901, 2718072835801 ], 
  [ 4403394337, 69110788561 ], [ 1149368959 ],,,,,,, [ 7717552621 ],,,,,,, [ 1551225297563 ],
  ,,,, [ 5582937313 ],, [ 40007376553 ],,, [ 5316432421 ], 
  [ 130138263067, 139854272713, 4978623120270829 ], [ 31264163759 ],,,,, [ 1356378997 ],,,,,
  , [ 46404564373 ],,,, [ 3307975711 ],,,,, [ 16160328577 ],,, [ 29657647501 ],,,,,, 
  [ 69278624029 ],,,,,,,, [ 1290889001 ],,,,,,,, [ 186366644077 ],, [ 200611525501 ],,,,, 
  [ 1239329071 ],,,,,,,, [ 3014072777 ], [ 1922953561 ],, [ 128740183529 ],, [ 7869057481 ],,
  ,,,,,,,,, [ 1380740299, 160175993671 ], [ 254019087230581, 1773221904991321 ],,,,,,,,,,,, 
  [ 34179328081 ],,,,, [ 14646731947 ],,,, [ 1994822257, 116208531247 ],,, [ 101972470861 ],,
  ,, [ 1139926657 ],,,,,,,, [ 1287670092408793 ],,,,, [ 1859622913 ],, [ 11739089729 ], 
  [ 2123440321 ],,, [ 6893601764759 ],,,,,,,,,,,,,, [ 3904813295219 ], [ 8101069481 ],,,, 
  [ 251051223121 ], [ 416547814757 ],,,, [ 332287212661 ],, [ 480877318589 ],,, 
  [ 48065971409 ],,,,,,, [ 19451846107 ],,,, [ 79176387079 ],,,,, [ 6036666113 ],,,,,,,,,,,,
  , [ 59722509331 ],,,,,,,,,,, [ 2474615881 ],,,,,,, [ 3678132583 ],,,,,,,,,,,,,,,,,, 
  [ 37770989959 ],, [ 30140544659 ],,,,,, [ 3006387077 ],,,,,,,,,,,,,,,,,,, 
  [ 6775540273, 233547899329 ], [ 15503169599 ],, [ 1386943955233 ],,,, [ 651590505521 ], 
  [ 248425692941 ], [ 24416101729 ],,,,,,, [ 9577283813 ],,,,,,,, [ 272123487169 ],,, 
  [ 31203688951 ],,,,,,,,,, [ 1809125341 ],, [ 273130911139 ],,,,,, [ 6163877737 ],,,,,,,,, 
  [ 1397807479, 6835855753 ], [ 3147403939 ],,,,,, [ 1666203169 ],,,, [ 7779311893 ],,,,,,, 
  [ 143816969341 ],,,,,,,,,,,,,,,,,,,, [ 1673213281, 1280761248841 ],,,, [ 809050825213 ],,,
  , [ 11927340673 ],, [ 2655891151 ],, [ 2751006217 ],,,,,, [ 3688464727 ],,,,,,,,,,, 
  [ 164786949199 ],,,,,,,,,,,,,, [ 1281273857821 ],,,, [ 1020185842999 ],,,,,, 
  [ 3587578739 ],,,,,,,,,,, [ 1643348238073 ], [ 6300035016001 ],,, [ 1149381521 ],,,,,,,,, 
  [ 7225657969 ],,,,,,, [ 6435476501 ],,,,,,,,,,, [ 6736703111 ],,,,,,,,, [ 207645477857 ],,,
  ,,,,,,,,,, [ 8610645863 ],,,,,, [ 585993379861 ],,, [ 1137033803 ],,,, [ 5452771741 ],,,,, 
  [ 6217526801 ],, [ 6366703127 ], [ 3073774397 ], [ 6280628371109047 ],,, [ 113616454843 ],,
  , [ 47051682511 ],,,,,,,,,,,,,,,,,,,,,,,,,,,,,,,,,,,, [ 1367465383 ],,,,,,,,,,,,,,,, 
  [ 27083276771, 155442428329 ],,,,, [ 60257078911, 254322287521 ],,,,,,,,,, [ 457711304717 ]
   ,,,,,,,,,,,, [ 9416905633 ],, [ 2106480751 ], [ 152370847423 ],,,,,,,,,,,,,,,, 
  [ 260697196103 ],,,, [ 8167207729 ],,,,,, [ 1534586953 ],,,,, [ 17699749314157 ],,,,,,, 
  [ 171539218771 ],, [ 502680367663 ],,,,,,,,,,,,,,,,, [ 280092212453 ],,,,, [ 29131966333 ],
  ,,,,,,,, [ 2472831799 ],,,,,,,,, [ 2038263679 ],,,,,, [ 34174511911 ],, [ 8126766871 ],,,, 
  [ 7267580479 ], [ 44699315081 ],,,,,,,,,,,,,,, [ 5718573001 ],,,,,, 
  [ 1536800371, 2059720979 ], [ 2158443587 ],,,,,,, [ 1445430169 ], [ 5435804401 ], 
  [ 25230429841 ],,,,, [ 5447728709 ],,,,,,,,,,,,,,,,,,,,,,,,,,,,,, [ 23576970332197 ],,,,,,,
  ,,,,,,,, [ 29273691539 ], [ 6048481597 ],,,,,,,,,,,,,,,, [ 578835911809 ],, [ 4878057341 ],
  ,,,,, [ 16871920823 ],,,, [ 29126920321 ],,,,,,,,, [ 3087190261 ],,,,,,,,, [ 11264847697 ],
  ,,, [ 6879903917 ],,,,,,,,,, [ 23127929743 ],,,,,,,,,,,,,,,,,,,,, [ 1607739409 ],, 
  [ 6625048751 ],,,,,,,,,,, [ 1442002738441 ],, [ 1236471679 ],,,,,,,,,, [ 1325689753 ],,, 
  [ 4628414251 ], [ 3102342569 ],, [ 3744670843 ],,,,,,,,,,,,,,,, [ 1517990951 ],,,,,,,,,,,,,
  , [ 622412536201 ],,,,,,,,,,,,,,,,,,,,,,,,,, [ 1359799741 ],,,, 
  [ 205104355579, 11565229078657 ],,,,, [ 2825914253 ],,, [ 3573266815361 ], [ 6941766547 ], 
  [ 14875706609 ],,,,,,,,,,,,,,,,,, [ 16043180291 ],,,, [ 9874179641 ],, [ 83712100793 ],,,,,
  ,,,,,,,, [ 1936740947 ],,,,,,, [ 1194537457, 3589688341, 6450931369 ],,,,,,, 
  [ 4111689401 ],,,,, [ 1818851761 ],,,,,, [ 41109702643 ],,,,,, [ 1441436509 ],,, 
  [ 51356312011 ],,, [ 13020950581 ],,,, [ 52931437549 ],,,,,,,,,,, [ 1754262469 ],,,,, 
  [ 3289107557 ],,,, [ 17626571353, 1276681192471 ],,,,,,,,,,,, [ 9275974189 ],,,,,, 
  [ 30646743661 ],,,,,,,,,,,,,, [ 1962021337 ],,,,,,,,,,,,,,,, [ 30810431341 ],, 
  [ 75964587997 ], [ 463413393241 ],,,,,,,,,,,,,,,,,,,,,,,,,,,,,,,,,,, [ 14465539873 ],,,,,,
  , [ 12809068231 ],,,,,,,,,,,,,,,,, [ 32222839937 ],,,,,,,,,,,,,,,,,,,, [ 43421070361 ],,,,,
  ,,,,,,,,,,,,,,,,, [ 3347017699, 645049426699 ],,,,,,,,,, [ 1848458748457 ],,,,,,,, 
  [ 78636071753 ],,,,,,,,,,,,,,,,,,,,,,,,,,,,,,,,,,,,,,,,,,,, [ 66753748417 ],,,, 
  [ 1999503241 ],,,,,,,,,,,,, [ 16203651019 ],,,,, [ 1670952109 ],,,,,,,,,,,,,,,,,,, 
  [ 3748803133 ], [ 13634423281 ],,,,,,,,,,,,,,,,,,,, [ 168112303693 ],,,, [ 1706834850701 ],
  ,,, [ 90513051361 ],,,, [ 3727431859321 ],,,,,,,,,, [ 1933039678481 ],,,,,,,,,,,,,,,,,,,,,,
  , [ 8760683383 ],,,,,,,,,,,,,,,,, [ 3395782601 ],, [ 129585254921 ],,,,,,,,,,, 
  [ 155777238343 ],,, [ 20609567233 ],,,,,,,,,,,,,,, [ 1631623267 ],,,, [ 89600088271 ],,,,, 
  [ 321941906101 ],,, [ 1096634131 ],,,,,,,,,,,, [ 1789641121 ],,,,, [ 3073047841 ], 
  [ 109976126341 ],,,,,,,,,,,,,,,,, [ 285555134803 ], [ 6119786047 ],,,,,,,,, [ 1308740497 ],
  ,,,,,,, [ 39974239397 ],, [ 7063938533 ],,,,,,,,,,,,,,,,,,,,,,, [ 26242033267 ],,, 
  [ 7102707841 ],,,,,, [ 4421544571 ],,,,,,,,,,,,,, [ 11407014089 ],,,, [ 1286097697 ],,,,,,,
  ,,,,,,,,,,,,,,,,,,,,,,,,,,,,, [ 72999265861, 653044712041 ],, 
  [ 2231286769, 2471366791, 68024585413 ],,,, [ 442266006751 ],,,,,,,,,,,,,,,,,, 
  [ 20654335069 ],,,,,,,,, [ 330283685341 ],,,,,,,,,,,,,,,,,,,,, [ 2737108837 ],,,,,,,, 
  [ 5745693799 ],,,,,,,,,,,,,,,,,, [ 1634890273 ],,,,,,,,,,,,,,,,,,,,,,,,,,,,,,,, 
  [ 64697371933 ],,,, [ 1280306561 ],,,, [ 2871535057 ],,,,,,,,,,,, [ 428431337569 ],,,,,,,,,
  ,,,,,,,,,,,,,,,,, [ 1485617753 ],,,,,,,,,,,, [ 3024473651 ], [ 36094319731 ], 
  [ 3584702993 ],,,,, [ 179887759087 ],,,,,,,,,,,,,,,,,,,,,,,,,,,,,,,,, [ 99869480071 ],,,,,
  , [ 2490448321 ],,,,,,,,,,,,,,, [ 1605703501 ],,,,,,, [ 1734420157 ],, [ 137509740493 ],,,
  , [ 10475406961 ],,,,,,,,,,,,,,,,,,,,,,,,,,,,,,,,,,,,,,,,,,,,,,,,,,,,,, [ 3214495367 ],,,,,
  , [ 21719626001 ],,,,,,,,,,,,,,,,,,,, [ 67857020353, 154644443713 ],,,,,,,,,,,,,,,,,,,,,, 
  [ 1006240841 ],,,,,,,,,,,,,,,,,,,, [ 33558344731 ],,,,,,,,,,,,,, [ 62245461721 ],, 
  [ 437853430921 ],, [ 1081144357, 11331713233 ],,,,,,,,,,,,,, [ 50655942011 ],,,, 
  [ 3879197221 ],,,,,,,, [ 71817433033 ],,,,,,,, [ 9417550577 ],, [ 4421551489 ],,,, 
  [ 1059273181 ],,,,,,,,,,,,,,,,,,,,,,,,,,,,,,,,,,,,,,,,,,,,,,, [ 5569863001 ],,,,,,,,,,,,,,,
  ,,,,,, [ 64651413121 ],,,,,,,,,,,,,,,,,,,, [ 2785590749 ],,,, [ 230726563851841 ],,,,,,,,,,
  ,,,,,,,,,,,, [ 83483925961 ],,,, [ 1589591561 ],, [ 1981942733 ],, [ 40658378581 ],,,,,,,,,
  ,,, [ 5612867947 ],,,, [ 11856704939 ],,,,,,,,,,,,,,,,, [ 59548698721 ],,,,,,,,,,, 
  [ 446284305491 ],,,,,,,,,,,,,,,,,,,,,,,,,,,,,,,, [ 1124075791 ],, [ 157346177161 ],,,,,,,,,
  , [ 1826944709 ],,,,,,,,,,,, [ 3467014861 ],,,,,,,, [ 84622636561 ],,,,,,,,,,,, 
  [ 343064763991 ],,,,,,,,,, [ 5865904001 ],, [ 2111755981 ],,,,,,,,,,,,,,,,,, 
  [ 28714164841 ],,,,,,,,,,,,,,,,,,,, [ 8620636121 ],, [ 265957531451 ],,,,,,,,,,,,,,,,,,,,,,
  ,,,,,,,,,,,,,,,,,,,, [ 10927255921 ],,,,,,,,,,,, [ 4001903137 ],,,,,,,,,,,,,, 
  [ 5110557211 ],,,,,,,,,, [ 96690200881 ],, [ 10426186489 ],, [ 417507903793 ],, 
  [ 7188562981 ],, [ 2352135553 ],,,, [ 31599054169 ],, [ 143896251997 ],,,,,,,,,, 
  [ 3423524353 ],,,,,,,,,,,,,,,,,,,,,,,,,,,,,, [ 5073816127 ],,,,,,,,,, [ 2542921937 ],, 
  [ 6198533303, 113151480821 ],,,,,,,,,,,,,,,,,,,,,,,,,,,, [ 296546233231 ],,,, 
  [ 7883012131 ],,,,,,,,,,,,,,,,,, [ 1558781317 ],, [ 1415428153 ],,,,,,,,,,,,,,,,,,,, 
  [ 7917562157 ],,,, [ 43312012391 ],, [ 11530264241 ],,,,,, [ 1538383741, 520529640271 ],, 
  [ 1263115201 ],, [ 22052279747 ],, [ 5551175501 ],,,,,,,,,, [ 3551123599 ],,,,,,,,,,,,,,,, 
  [ 2076821293 ],,,,,,,, [ 2990778061 ],,,,,,,,,,,, [ 1730878631 ],,,,,,,,,,,, 
  [ 26466955747 ],, [ 3784367089 ],,,,,, [ 7455467417 ],,,,,,,,,,,,,, [ 15270397357 ],,,,,, 
  [ 5215777561 ],, [ 212055515971669 ], [ 1423440691 ],,,,,,,,, [ 78244961257 ],,,,,, 
  [ 4475581501 ],,,,,,,,,,,,,,,,,,,,,, [ 5773493839 ],,,,,,,,,,,,,,,,,, [ 35988795281 ],, 
  [ 225379076239 ],,,,,,,,,, [ 4406736881 ],,,,,,,,,,,,,,,, [ 1116638849 ],,,,,,,, 
  [ 1918372289 ],,,,,,,, [ 10397698177 ],,,,,,,,,,,,,,,,,,,,,,,,,,,,,,,,,,,,,,,,,,,, 
  [ 23776526737 ],,,,,,,,,,,, [ 6663547721 ],,,,,, [ 3376107827 ],,,,,,,,,, [ 9850689577 ],,,
  ,,,,,,,,,,,,,,,,,,,,,,,,,,,,,,,,,,,,,,,,,,, [ 36145015019 ],,,,,,,,,,,,,, [ 11450148109 ],,
  ,,,,,,,,,,,, [ 42621005281 ],,,,,,,,,,,,,,,,,,,, [ 4548893851 ],,,,,,,,,,,,,, 
  [ 4090359661 ],,,,,,,,,,,, [ 501724342369 ],,,,,,,,,, [ 1264490137, 58129349461 ],,,,,,,,,,
  ,,,,,,,,,, [ 6970785276283 ],,,,,,,,,,,,,,,,,,,,,,,,,,,,,, [ 159371803189 ],,,,,,,,,,,,,, 
  [ 3058491251 ],,,,,,,,,, [ 25357424221 ],,,,,,,,,,,,,,,,,,,,,,,,,,,,,,,,,,,,,, 
  [ 1661185597 ],,,,,,, [ 178216289161 ],,,,, [ 12308584201, 51184866091 ],,,,,,,,,,,,,,,,,,,
  , [ 1120244611 ],,,,,,,, [ 4337761411 ],,,,,,,,,,,, [ 5923786501 ],,,,,,,,,,,,,,,,,, 
  [ 1447559569, 3627174097 ],,,,,, [ 3578137579 ],,,,,,,,,,,,,,,,,,,,,,,,,,,,,,,,,,,,,,,,,, 
  [ 1819643713 ],,,,,,,,,,,,,,,,,,,,,,,,,,,,,,,,,,,,,,,,,,,,,,,, [ 10896530257 ],,,,,,,,,,,,,
  ,,,,,,,,,,,,,,,,,,,,,,,,,,,,,,, [ 39195500233 ],,,,,,,,,,,,,,,, 
  [ 2866582837, 402560403961 ],,,,,,,,,,,,,,,,,,,,,,,,,,,,,,,,,,,,,,,, [ 12142809533 ],,,,,,,
  ,,,,,,,,,,,,,,,,,,,,, [ 35766628801 ],,,,,,,,,,,,,,,,,,,,,,,,,,,,,,,,,,,,,, 
  [ 24474693931 ],, [ 53260496161 ],,,,,,,,,,,,,,,,,, [ 5851178701 ],,,,,,,,,, 
  [ 1481474581 ],,,,,,,,,,,,,,,,,,,,,,,,,,,,,,,,,,,,,,,,,,,,,,,,,,,,,,,,,,,,,,,,,,,,,,,,,,,,,
  ,,,,,,,,,,,,,,,,,,,,,,,,,,,,,,,,,,,,,,, [ 6003790201 ],,,,,,,,,,,,,,,,,,,,,,,,,,,,,,,,,,,,,
  ,,,,,,,,,,,,,,,,,,,,,,,,,,,,,,,,,,,,,,,,,,,,,,,,, [ 13069143517 ],,,, [ 100544795521 ],,,,,
  ,,,,,,,,,,,,,,,,,,,,,,,,,,,,,,,,,,,,,,,,,,,,,,,,, [ 174089181601 ],,,,,,,, [ 822693655169 ]
   ,,,,,,,,,, [ 9228514627 ],,,,,, [ 14545658353 ],,,,,,,,,,,,,,,,,, [ 14532239173 ],,,,,,,,,
  ,,,,,,,,,,,,,,,,,,,,,,,,,,,,,,,,,,,,,,, [ 26839526911 ],,,,,,,,,,,,,,,,,,,,,,,,,,,,,,,,,,,,
  ,,,,,,,,,,,, [ 769551721507 ],,,,,,,,,,,,,,,,,, [ 6194938213 ],,,,,,,,,,,,,,,,,, 
  [ 33526746811 ],,,,,,,,,,,,,,,,,,,,,,,,,,,,,,,,,,,,,,,,,,,,,,,, [ 47169509677 ],,,,,,,,,,,
  , [ 1177085983 ],,,,,,,,,,,,,,,,,,,,,,,,,,,,,,,,,,,,,,,,,,,,,,,,,,,,,, [ 3382653289 ],,,,,,
  ,,,,,, [ 29961448021, 275932979281 ],,,,,, [ 1980554707 ],,,,,,,,,,,,,,,,,,,,,,,,,,,,,,,,,,
  ,,,,,,,,,,,,,,,,,,,,,,,,,,,,,,,,,,,,,,,,,,,,,,,,,, [ 4566440561941 ],,,,,,,,,,,, 
  [ 12295060027 ],,,,,, [ 1311492529 ],,,,,,,,,,,,,,,,,,,,,,,,,,,,,, [ 218285412937 ],,,,,,,,
  ,,,,,,,,,, [ 5151138049 ],,,,,,,,,,,,,,,,,,,,,,,,,,,,,,,,,,,,,,,,,,,,,,,,,,,,,,,,,,,,,,,,,,
  ,,,,,,,,,,,, [ 214106788999 ],,,,,,,,,,,,,,,,,,,,,,,,,,,,,,,,,,,,,,,,,,,,,,,, 
  [ 2033214583 ],,,,,, [ 6348697057 ],,,,,,,,,,,,,,,,,,,,,, [ 9207367051 ],, [ 44232516661 ],
  ,,,,,,,,,,,,,,,,,,,,,,,,,,,,,,,,,,,,,,,,, [ 1691079139 ],,,,,, [ 2842200901 ],,,,,, 
  [ 6527006389 ],,,,,,,,,,,,,,,,,,,,,,,,,,,,,,,,,,,,,,,,,,,,,,,,,,,,,,,,,,,,,,,,,, 
  [ 134159969701 ],,,,,, [ 14738207353 ],,,,,,,,,,,,,,,,,,,,,,,,,,,,,,,,,,,,,,,,,,,,,,,,,,,,,
  ,,,,,,,,,,,,,,,,,,,,,,,,,,,,,,,,,,,,,,,,,,,,,,,,,,,,,,,,,,,,,,,,,,,,,,,,,,,,,,,,,,,,,,,,,,,
  ,,,,,,,,,,,,,,,,,,,,,,,,,,,,,,,,,,,,,,,,,,,,,,,,,,,,,,,,,,,,,,,,,,,,,,,,,,,,,,,,,,,,,,,,,,,
  ,,,,,,,,,,,,,,,,,,,,,,,,,,,,,,,,,,,,,,,,,,,,,,, [ 1420135201 ],,,,,,,,,, [ 9865730701 ],,,,
  ,,,,,,,,,,,,,,,,,,,,,,,,,,,,,,,,,,,,,,,,,,,,,,,,,,,,,,,,,,,,,,,,,,,,,,,,,,,,,,,,,,,,,,,,,,,
  ,,,,,,,,,,,,,,,,,,,,,,,,,,,,,,,,,,,,,,,,,,,,,,,,,,,,,,,,,,,,,,,,,,,,,,,,,,,,,,,,,,,,,,,,,,,
  ,,,,,,,,,,,,,,,,,,,,,,,,,,,,,,,,,,,,,,,,,,,,,,,,,,,,,,,,,,,,,,,,,,,,,,,,,,,,,,,,,,,,,,,,,,,
  ,,,,,,,,,,,,,,,,,,,,,,,,,,,,,,,,,,,,,,,,,,,,,,,,,,,,,,,,,,,,,,,,,,,,,,,,,,,,,,,,,,,,,,,,,,,
  ,,,,,,,,,,,,,,,,,,,,,,,,,,,,,,,,,,,,,,,,,, [ 26332848601 ],,,,,,,,,,,,,,,,,,,,,,,,,,,,,,,,,
  ,,,,,,,,,,,,,,,,,,,,,,,,,,,,,,,,,,,,,,,,,,,,,,,,,,,,,,,,,,,,,,,,,,,,,,,,,,,,,,,,,,,,,,,,,,,
  ,,,,,,,,,,,,,,,,,,,,,,,,,,,,,,,,,,,,,,,,,,,,,,,,,,,,,,,,,,,,,,,,,,,,,,,,,,,,,,,,,,,,,, 
  [ 12407497561 ],,,,,,,,,,,,,,,,,,,,,,,, [ 7853256181 ],,,,,,,,,,,,,,,,,,,,,,,,,,,,,,,,,,,,,
  ,,,,,,,,,,,,,,,,,,,,,,,,,,,,,,,,,,,,,,,,,,,,,,,,,,,,,,,,,,,,,,,,,,,,,,,,,,,,,,,,,,,,,,,,,,,
  ,,,,,,,,,,,,,,,,,,,,,,,,,,,,,,,,,,,,,,,,,,,,,,,,,,,,,,,,,,,,,,,,,,,,,,,,,,,,,,,,,,,,,,,,,,,
  ,,,,,,,,,,,,,,,,,,,,,,,,,,,,,,,,,,,,,,,,,,,,,,,,,,,,,,,,,,,,,,,,,,,,,,,,,,,,,,,,,,,,,,,,,,,
  ,,,,,,,,,,,,,,,,,,,,,,,,,,,,,,,,,,,,,,,,,,,,,,,,,,,,,,,,,,,,,,,,,,,,,,,,,,,,,,,,,,,,,,,,,,,
  ,,,,,,,,,,,,,,,,,,,,,,,,,,,,,,,,,,,,,,,,,,,,,,,,,,,,,,,,,,,,,,,,,,,,,,,,,,,,,,,,,,,,, 
  [ 59675401321 ],,,,,,,,,,,,,,,,,,,,,,,,,,,,,,,,,,,,,,,,,,,,,,,,,,,,,,,,,,,, 
  [ 1193036881, 96145569241 ],,,,,,,,,,,,,,,,,,,,,,,,,,,,,,,,,,,,,,,,,,,,,,,,,,,,,,,,,,,,,,,,
  ,,,,,,,,,,,,,,,,,,,,,,,,,,,,,,,,,,,,,,,,,,,,,,,,,,,,,,,,,,,,,,,,,,,,,,,,,,,,,,,,,,,,,,,,,,,
  ,,,,,,,,,,,,,,,,,,,,,,,,,,,,,,,,,,,,,,,,,,,,,,,,,,,,,,,,,,,,,,,,,,,,,,,,,,,,,,,,,,,,,,,,,,,
  ,,,,,,,,,,,,,,,,,,,,,,,,,,,,,,,,,,,,,,,,,,,,,,,,,,,,,,,,,,,,,,,,,,,,,,,,,,,,,,,,,,,,,,,,,,,
  ,,,,,,,,,,,,,,,,,,,,,,,,,,,,,,,,,,,,,,,,,,,,,,,,,,,,,,,,,,,,,,,,,,,,,,,,,,,,,,,,,,,,,,,,,,,
  ,,,,,,,,,,,,,,,,,,,,,, [ 14866426741 ],,,,,,,,,,,,,,,,,,,,,,,,,,,,,,,,,,,,,,,,,,,,,,,,,,,,,
  ,,,,,,,,,,,,,,,,,,,,,,,,,,,,,,,,,,,,,,,,,,,,,,,,,,,,,,,,,,,,,,,,,,,,,,,,,,,,,,,,,,,,,,,,,,,
  ,,,,,,,,,,,,,,,,,,,,,,,,,,,,,,,,,,,,,,,,,,,,,,,,,,,,,,,,,,,,,,,,,,,,,,,,,,,,,,,,,,,,,,,,,,,
  ,,,,,,,,,,,,,,,,,,,,,,,,,,,,,,,,,,,,,,,,,,,,,,,,,,,,,,,,,,,,,,,,,,,,,,,,,,,,,,,,,,,,,,,,,,,
  ,,,,,,,,,,,,,,,,,,,,,,,,,,,,,,,,,,,,,,,,,,,,,,,,,,,,,,,,,,,,,,,,,,,,,,,,,,,,,,,,,,,,,,,,,,,
  ,,,,,,,,,,,,,,,,,,,,,,,,,,,,,,,,,,,,,,,,,,,,,,,,,,,,,,,,,,,,,,,,,,,,,,,,,,,,,,,,,,,,,,,,,,,
  ,,,,,,,,,,,,,,,,,,,,,,,,,,,,,,,,,,,,,,,,,,,,,,,,,,,,,,,,,,,,,,,,,,,,,,,,,,,,,,,,,,,,,,,,,,,
  ,,, [ 2981306369 ],,,,,,,,,,,,,,,,,,,,,,,,,,,,,,,,,,,,,,,,,,,,,,,,,,,,,,,,,,,,,,,,,,,,,,,,,
  ,,,,,,,,,,,,,,,,,,,,,,,,,,,,,,,,,,,,,,,,,,,,,,,,,,,,,,,,,,,,,,,,,,,,,,,,,,,,,,,,,,,,,,,,,,,
  ,,,,,,,,,,,,,,,,,,,,,,,,,,,,,,,,,,,,,,,,,,,,,,,,,,,,,,,,,,,,,,,,,,,,,,,,,,,,,,,,,,,,,,,,,,,
  ,,,,,,,,,,,,,,,,,,,,,,,,,,,,,,,,,,,,,,,,,,,,,,,,,,,,,,,,,,,,,,,,,,,,,,,,,,,,,,,,,,,,,,,,,,,
  ,,,,,,,,,,,,,,,,,,,,,,,,,,,,,,,,,,,,,,,,,,,,,,,,,,,,,,,,,,,,,,,,,,,,,,,, [ 125541764251 ] 
 ]);
